 -5.0000000e-001 -2.4313700e-001 -2.4312300e-001 -2.4331400e-001 -2.4327300e-001 -2.4314800e-001
 -4.9333333e-001 -2.4311300e-001 -2.4315300e-001 -2.4330200e-001 -2.4325700e-001 -2.4314800e-001
 -4.8666667e-001 -2.4312400e-001 -2.4316100e-001 -2.4329400e-001 -2.4320100e-001 -2.4313700e-001
 -4.8000000e-001 -2.4313400e-001 -2.4313500e-001 -2.4327300e-001 -2.4319500e-001 -2.4313000e-001
 -4.7333333e-001 -2.4316100e-001 -2.4316500e-001 -2.4325800e-001 -2.4322900e-001 -2.4315500e-001
 -4.6666667e-001 -2.4312400e-001 -2.4314700e-001 -2.4326800e-001 -2.4322100e-001 -2.4318100e-001
 -4.6000000e-001 -2.4315300e-001 -2.4318400e-001 -2.4327700e-001 -2.4318400e-001 -2.4314000e-001
 -4.5333333e-001 -2.4314000e-001 -2.4313500e-001 -2.4329300e-001 -2.4318700e-001 -2.4316600e-001
 -4.4666667e-001 -2.4317600e-001 -2.4312200e-001 -2.4330500e-001 -2.4321200e-001 -2.4317800e-001
 -4.4000000e-001 -2.4316800e-001 -2.4313500e-001 -2.4326500e-001 -2.4321900e-001 -2.4310100e-001
 -4.3333333e-001 -2.4318700e-001 -2.4315000e-001 -2.4329700e-001 -2.4321100e-001 -2.4316300e-001
 -4.2666667e-001 -2.4313100e-001 -2.4316000e-001 -2.4333500e-001 -2.4319300e-001 -2.4316700e-001
 -4.2000000e-001 -2.4316700e-001 -2.4316900e-001 -2.4328700e-001 -2.4322800e-001 -2.4320500e-001
 -4.1333333e-001 -2.4315100e-001 -2.4313800e-001 -2.4330600e-001 -2.4320800e-001 -2.4318900e-001
 -4.0666667e-001 -2.4317400e-001 -2.4313600e-001 -2.4332300e-001 -2.4317300e-001 -2.4314600e-001
 -4.0000000e-001 -2.4316100e-001 -2.4313800e-001 -2.4329700e-001 -2.4320400e-001 -2.4314400e-001
 -3.9333333e-001 -2.4314700e-001 -2.4314000e-001 -2.4327700e-001 -2.4319400e-001 -2.4316000e-001
 -3.8666667e-001 -2.4318200e-001 -2.4316000e-001 -2.4327100e-001 -2.4315600e-001 -2.4317100e-001
 -3.8000000e-001 -2.4318400e-001 -2.4315900e-001 -2.4327200e-001 -2.4315800e-001 -2.4316400e-001
 -3.7333333e-001 -2.4317400e-001 -2.4316600e-001 -2.4327400e-001 -2.4315800e-001 -2.4319600e-001
 -3.6666667e-001 -2.4312400e-001 -2.4316100e-001 -2.4326100e-001 -2.4318900e-001 -2.4313200e-001
 -3.6000000e-001 -2.4315800e-001 -2.4312400e-001 -2.4326800e-001 -2.4313300e-001 -2.4315200e-001
 -3.5333333e-001 -2.4314500e-001 -2.4316400e-001 -2.4329400e-001 -2.4312500e-001 -2.4315500e-001
 -3.4666667e-001 -2.4311500e-001 -2.4312800e-001 -2.4326900e-001 -2.4313000e-001 -2.4317700e-001
 -3.4000000e-001 -2.4312200e-001 -2.4314500e-001 -2.4324900e-001 -2.4313200e-001 -2.4315000e-001
 -3.3333333e-001 -2.4316000e-001 -2.4314000e-001 -2.4327600e-001 -2.4311400e-001 -2.4309200e-001
 -3.2666667e-001 -2.4313100e-001 -2.4313700e-001 -2.4329200e-001 -2.4310200e-001 -2.4311700e-001
 -3.2000000e-001 -2.4314500e-001 -2.4317500e-001 -2.4332100e-001 -2.4313100e-001 -2.4314300e-001
 -3.1333333e-001 -2.4312100e-001 -2.4315300e-001 -2.4332700e-001 -2.4316600e-001 -2.4314800e-001
 -3.0666667e-001 -2.4315900e-001 -2.4316300e-001 -2.4328400e-001 -2.4320800e-001 -2.4314200e-001
 -3.0000000e-001 -2.4315800e-001 -2.4318600e-001 -2.4328600e-001 -2.4318600e-001 -2.4316600e-001
 -2.9333333e-001 -2.4312200e-001 -2.4318000e-001 -2.4327100e-001 -2.4321100e-001 -2.4317600e-001
 -2.8666667e-001 -2.4315000e-001 -2.4319800e-001 -2.4329000e-001 -2.4319800e-001 -2.4313400e-001
 -2.8000000e-001 -2.4314400e-001 -2.4317400e-001 -2.4326600e-001 -2.4318900e-001 -2.4314000e-001
 -2.7333333e-001 -2.4311900e-001 -2.4313200e-001 -2.4328500e-001 -2.4321600e-001 -2.4317400e-001
 -2.6666667e-001 -2.4310900e-001 -2.4314700e-001 -2.4326800e-001 -2.4320200e-001 -2.4316700e-001
 -2.6000000e-001 -2.4308600e-001 -2.4314000e-001 -2.4328100e-001 -2.4316500e-001 -2.4317800e-001
 -2.5333333e-001 -2.4314500e-001 -2.4314500e-001 -2.4328600e-001 -2.4317300e-001 -2.4315300e-001
 -2.4666667e-001 -2.4316300e-001 -2.4318100e-001 -2.4330900e-001 -2.4322700e-001 -2.4314800e-001
 -2.4000000e-001 -2.4315000e-001 -2.4314400e-001 -2.4327200e-001 -2.4324100e-001 -2.4317000e-001
 -2.3333333e-001 -2.4315700e-001 -2.4317500e-001 -2.4325600e-001 -2.4321500e-001 -2.4312500e-001
 -2.2666667e-001 -2.4312400e-001 -2.4316300e-001 -2.4326800e-001 -2.4318900e-001 -2.4316000e-001
 -2.2000000e-001 -2.4313100e-001 -2.4317300e-001 -2.4329300e-001 -2.4320100e-001 -2.4311800e-001
 -2.1333333e-001 -2.4314500e-001 -2.4314800e-001 -2.4330300e-001 -2.4324700e-001 -2.4314300e-001
 -2.0666667e-001 -2.4313000e-001 -2.4313800e-001 -2.4328300e-001 -2.4319300e-001 -2.4315100e-001
 -2.0000000e-001 -2.4312900e-001 -2.4314000e-001 -2.4329500e-001 -2.4315800e-001 -2.4313800e-001
 -1.9333333e-001 -2.4311600e-001 -2.4312800e-001 -2.4326900e-001 -2.4320100e-001 -2.4313300e-001
 -1.8666667e-001 -2.4312300e-001 -2.4315900e-001 -2.4325400e-001 -2.4320400e-001 -2.4311800e-001
 -1.8000000e-001 -2.4315800e-001 -2.4313000e-001 -2.4326800e-001 -2.4322100e-001 -2.4314800e-001
 -1.7333333e-001 -2.4314600e-001 -2.4316300e-001 -2.4326600e-001 -2.4323200e-001 -2.4313600e-001
 -1.6666667e-001 -2.4310500e-001 -2.4315600e-001 -2.4327000e-001 -2.4323300e-001 -2.4316200e-001
 -1.6000000e-001 -2.4310300e-001 -2.4314000e-001 -2.4324800e-001 -2.4320500e-001 -2.4319100e-001
 -1.5333333e-001 -2.4311400e-001 -2.4315700e-001 -2.4321600e-001 -2.4321300e-001 -2.4318300e-001
 -1.4666667e-001 -2.4313200e-001 -2.4314200e-001 -2.4323600e-001 -2.4316400e-001 -2.4317900e-001
 -1.4000000e-001 -2.4312300e-001 -2.4315200e-001 -2.4323100e-001 -2.4319500e-001 -2.4316300e-001
 -1.3333333e-001 -2.4311100e-001 -2.4313200e-001 -2.4323900e-001 -2.4320600e-001 -2.4316600e-001
 -1.2666667e-001 -2.4309100e-001 -2.4314400e-001 -2.4331400e-001 -2.4320700e-001 -2.4312600e-001
 -1.2000000e-001 -2.4308000e-001 -2.4313700e-001 -2.4324000e-001 -2.4317500e-001 -2.4313300e-001
 -1.1333333e-001 -2.4313700e-001 -2.4314800e-001 -2.4322600e-001 -2.4318800e-001 -2.4317300e-001
 -1.0666667e-001 -2.4311700e-001 -2.4313500e-001 -2.4324900e-001 -2.4318200e-001 -2.4313500e-001
 -1.0000000e-001 -2.4311900e-001 -2.4317000e-001 -2.4327700e-001 -2.4319000e-001 -2.4314800e-001
 -9.3333333e-002 -2.4314300e-001 -2.4315500e-001 -2.4321500e-001 -2.4314700e-001 -2.4316800e-001
 -8.6666667e-002 -2.4313500e-001 -2.4314400e-001 -2.4319500e-001 -2.4321600e-001 -2.4316900e-001
 -8.0000000e-002 -2.4313100e-001 -2.4315400e-001 -2.4321500e-001 -2.4319300e-001 -2.4317000e-001
 -7.3333333e-002 -2.4316100e-001 -2.4315400e-001 -2.4325500e-001 -2.4316700e-001 -2.4315600e-001
 -6.6666667e-002 -2.4311600e-001 -2.4315000e-001 -2.4324500e-001 -2.4320800e-001 -2.4316400e-001
 -6.0000000e-002 -2.4314800e-001 -2.4313000e-001 -2.4328400e-001 -2.4317500e-001 -2.4317700e-001
 -5.3333333e-002 -2.4310600e-001 -2.4315800e-001 -2.4326100e-001 -2.4318600e-001 -2.4314200e-001
 -4.6666667e-002 -2.4316000e-001 -2.4317000e-001 -2.4325400e-001 -2.4321400e-001 -2.4317200e-001
 -4.0000000e-002 -2.4318300e-001 -2.4315600e-001 -2.4324500e-001 -2.4318100e-001 -2.4319500e-001
 -3.3333333e-002 -2.4316900e-001 -2.4314300e-001 -2.4320500e-001 -2.4319400e-001 -2.4317200e-001
 -2.6666667e-002 -2.4311100e-001 -2.4317600e-001 -2.4318900e-001 -2.4311300e-001 -2.4313000e-001
 -2.0000000e-002 -2.4308000e-001 -2.4313500e-001 -2.4314900e-001 -2.4302900e-001 -2.4309200e-001
 -1.3333333e-002 -2.4303500e-001 -2.4306000e-001 -2.4309200e-001 -2.4288400e-001 -2.4301500e-001
 -6.6666667e-003 -2.4291500e-001 -2.4293000e-001 -2.4291700e-001 -2.4273400e-001 -2.4290600e-001
  0.0000000e+000 -2.4273200e-001 -2.4280200e-001 -2.4267900e-001 -2.4244400e-001 -2.4268800e-001
  6.6666667e-003 -2.4244000e-001 -2.4253700e-001 -2.4238800e-001 -2.4211900e-001 -2.4243500e-001
  1.3333333e-002 -2.4206700e-001 -2.4224200e-001 -2.4200100e-001 -2.4174200e-001 -2.4213000e-001
  2.0000000e-002 -2.4171600e-001 -2.4189600e-001 -2.4162700e-001 -2.4136400e-001 -2.4173100e-001
  2.6666667e-002 -2.4132900e-001 -2.4151600e-001 -2.4125100e-001 -2.4094300e-001 -2.4131000e-001
  3.3333333e-002 -2.4092600e-001 -2.4108300e-001 -2.4084400e-001 -2.4048900e-001 -2.4090200e-001
  4.0000000e-002 -2.4050700e-001 -2.4071400e-001 -2.4041000e-001 -2.4005100e-001 -2.4048100e-001
  4.6666667e-002 -2.4009000e-001 -2.4028700e-001 -2.3997800e-001 -2.3959600e-001 -2.4003300e-001
  5.3333333e-002 -2.3963000e-001 -2.3981800e-001 -2.3953700e-001 -2.3910400e-001 -2.3960000e-001
  6.0000000e-002 -2.3911500e-001 -2.3935400e-001 -2.3895400e-001 -2.3859800e-001 -2.3910400e-001
  6.6666667e-002 -2.3859300e-001 -2.3881800e-001 -2.3843400e-001 -2.3798800e-001 -2.3858500e-001
  7.3333333e-002 -2.3804400e-001 -2.3827300e-001 -2.3781100e-001 -2.3735800e-001 -2.3799800e-001
  8.0000000e-002 -2.3733500e-001 -2.3762500e-001 -2.3714900e-001 -2.3670800e-001 -2.3733100e-001
  8.6666667e-002 -2.3666400e-001 -2.3692100e-001 -2.3643600e-001 -2.3594000e-001 -2.3667100e-001
  9.3333333e-002 -2.3589000e-001 -2.3619000e-001 -2.3570400e-001 -2.3515400e-001 -2.3595300e-001
  1.0000000e-001 -2.3510100e-001 -2.3547400e-001 -2.3486500e-001 -2.3434400e-001 -2.3517200e-001
  1.0666667e-001 -2.3428400e-001 -2.3467300e-001 -2.3406300e-001 -2.3353700e-001 -2.3438600e-001
  1.1333333e-001 -2.3344300e-001 -2.3387200e-001 -2.3325000e-001 -2.3272800e-001 -2.3356400e-001
  1.2000000e-001 -2.3264000e-001 -2.3305000e-001 -2.3246400e-001 -2.3186000e-001 -2.3273500e-001
  1.2666667e-001 -2.3181100e-001 -2.3225300e-001 -2.3159600e-001 -2.3095000e-001 -2.3188000e-001
  1.3333333e-001 -2.3098100e-001 -2.3139100e-001 -2.3065500e-001 -2.3006900e-001 -2.3096000e-001
  1.4000000e-001 -2.2998400e-001 -2.3046300e-001 -2.2974000e-001 -2.2903300e-001 -2.3002300e-001
  1.4666667e-001 -2.2897900e-001 -2.2946100e-001 -2.2874000e-001 -2.2798500e-001 -2.2900400e-001
  1.5333333e-001 -2.2796200e-001 -2.2840900e-001 -2.2767400e-001 -2.2692100e-001 -2.2800300e-001
  1.6000000e-001 -2.2690300e-001 -2.2740000e-001 -2.2655500e-001 -2.2582700e-001 -2.2694600e-001
  1.6666667e-001 -2.2577600e-001 -2.2626500e-001 -2.2544300e-001 -2.2468500e-001 -2.2580600e-001
  1.7333333e-001 -2.2457500e-001 -2.2511000e-001 -2.2420700e-001 -2.2349700e-001 -2.2463700e-001
  1.8000000e-001 -2.2340500e-001 -2.2396100e-001 -2.2302600e-001 -2.2225800e-001 -2.2346700e-001
  1.8666667e-001 -2.2217500e-001 -2.2273900e-001 -2.2181900e-001 -2.2104200e-001 -2.2225500e-001
  1.9333333e-001 -2.2098400e-001 -2.2156300e-001 -2.2059400e-001 -2.1982000e-001 -2.2099900e-001
  2.0000000e-001 -2.1973500e-001 -2.2035700e-001 -2.1930400e-001 -2.1849300e-001 -2.1978300e-001
  2.0666667e-001 -2.1847100e-001 -2.1906700e-001 -2.1804500e-001 -2.1717700e-001 -2.1848000e-001
  2.1333333e-001 -2.1716100e-001 -2.1773700e-001 -2.1669900e-001 -2.1582000e-001 -2.1716200e-001
  2.2000000e-001 -2.1577600e-001 -2.1641200e-001 -2.1529300e-001 -2.1438400e-001 -2.1581400e-001
  2.2666667e-001 -2.1440500e-001 -2.1499200e-001 -2.1388000e-001 -2.1289500e-001 -2.1441500e-001
  2.3333333e-001 -2.1296700e-001 -2.1352200e-001 -2.1240100e-001 -2.1138100e-001 -2.1292500e-001
  2.4000000e-001 -2.1146300e-001 -2.1209700e-001 -2.1086000e-001 -2.0984500e-001 -2.1142700e-001
  2.4666667e-001 -2.0996100e-001 -2.1052000e-001 -2.0931500e-001 -2.0821700e-001 -2.0987700e-001
  2.5333333e-001 -2.0837700e-001 -2.0892000e-001 -2.0771900e-001 -2.0660500e-001 -2.0827300e-001
  2.6000000e-001 -2.0675900e-001 -2.0732600e-001 -2.0608900e-001 -2.0494700e-001 -2.0666400e-001
  2.6666667e-001 -2.0513700e-001 -2.0564000e-001 -2.0442900e-001 -2.0329500e-001 -2.0502400e-001
  2.7333333e-001 -2.0348500e-001 -2.0396500e-001 -2.0269400e-001 -2.0158300e-001 -2.0331300e-001
  2.8000000e-001 -2.0185500e-001 -2.0233800e-001 -2.0102800e-001 -1.9984700e-001 -2.0158900e-001
  2.8666667e-001 -2.0014600e-001 -2.0064200e-001 -1.9932100e-001 -1.9808700e-001 -1.9991900e-001
  2.9333333e-001 -1.9842300e-001 -1.9892400e-001 -1.9760100e-001 -1.9636900e-001 -1.9819000e-001
  3.0000000e-001 -1.9669900e-001 -1.9723600e-001 -1.9588000e-001 -1.9469700e-001 -1.9645400e-001
  3.0666667e-001 -1.9495900e-001 -1.9553600e-001 -1.9423400e-001 -1.9310600e-001 -1.9483700e-001
  3.1333333e-001 -1.9318500e-001 -1.9387300e-001 -1.9262400e-001 -1.9154000e-001 -1.9329200e-001
  3.2000000e-001 -1.9143700e-001 -1.9225500e-001 -1.9096400e-001 -1.8994100e-001 -1.9166400e-001
  3.2666667e-001 -1.8978600e-001 -1.9063100e-001 -1.8935200e-001 -1.8828800e-001 -1.9001300e-001
  3.3333333e-001 -1.8815200e-001 -1.8901700e-001 -1.8771200e-001 -1.8664300e-001 -1.8840700e-001
  3.4000000e-001 -1.8651700e-001 -1.8736700e-001 -1.8603000e-001 -1.8496400e-001 -1.8669000e-001
  3.4666667e-001 -1.8496400e-001 -1.8566300e-001 -1.8437600e-001 -1.8327900e-001 -1.8501700e-001
  3.5333333e-001 -1.8338700e-001 -1.8398600e-001 -1.8269900e-001 -1.8157300e-001 -1.8334400e-001
  3.6000000e-001 -1.8177400e-001 -1.8230700e-001 -1.8101800e-001 -1.7981700e-001 -1.8162900e-001
  3.6666667e-001 -1.8013000e-001 -1.8063500e-001 -1.7929400e-001 -1.7811200e-001 -1.7992400e-001
  3.7333333e-001 -1.7846400e-001 -1.7895400e-001 -1.7753700e-001 -1.7641700e-001 -1.7821000e-001
  3.8000000e-001 -1.7675200e-001 -1.7725300e-001 -1.7592500e-001 -1.7481300e-001 -1.7653200e-001
  3.8666667e-001 -1.7501900e-001 -1.7556000e-001 -1.7421600e-001 -1.7318100e-001 -1.7487100e-001
  3.9333333e-001 -1.7329900e-001 -1.7396600e-001 -1.7261900e-001 -1.7158400e-001 -1.7326500e-001
  4.0000000e-001 -1.7157300e-001 -1.7234500e-001 -1.7099800e-001 -1.6994900e-001 -1.7165400e-001
  4.0666667e-001 -1.6990000e-001 -1.7071400e-001 -1.6935100e-001 -1.6827500e-001 -1.7002400e-001
  4.1333333e-001 -1.6820800e-001 -1.6902800e-001 -1.6767400e-001 -1.6656700e-001 -1.6837900e-001
  4.2000000e-001 -1.6654600e-001 -1.6732500e-001 -1.6598700e-001 -1.6491000e-001 -1.6666300e-001
  4.2666667e-001 -1.6497000e-001 -1.6566000e-001 -1.6432100e-001 -1.6322100e-001 -1.6502100e-001
  4.3333333e-001 -1.6336300e-001 -1.6397400e-001 -1.6259200e-001 -1.6150400e-001 -1.6330200e-001
  4.4000000e-001 -1.6175200e-001 -1.6229200e-001 -1.6090500e-001 -1.5985300e-001 -1.6159600e-001
  4.4666667e-001 -1.6010900e-001 -1.6057300e-001 -1.5921100e-001 -1.5816500e-001 -1.5987800e-001
  4.5333333e-001 -1.5841600e-001 -1.5886300e-001 -1.5753900e-001 -1.5649800e-001 -1.5818100e-001
  4.6000000e-001 -1.5671500e-001 -1.5721400e-001 -1.5585500e-001 -1.5483000e-001 -1.5654100e-001
  4.6666667e-001 -1.5501700e-001 -1.5558000e-001 -1.5422500e-001 -1.5322700e-001 -1.5489900e-001
  4.7333333e-001 -1.5327700e-001 -1.5394000e-001 -1.5259400e-001 -1.5164400e-001 -1.5325500e-001
  4.8000000e-001 -1.5158800e-001 -1.5229100e-001 -1.5093700e-001 -1.4994000e-001 -1.5160900e-001
  4.8666667e-001 -1.4991700e-001 -1.5068500e-001 -1.4931200e-001 -1.4828900e-001 -1.4998000e-001
  4.9333333e-001 -1.4831000e-001 -1.4899400e-001 -1.4767000e-001 -1.4659900e-001 -1.4834200e-001
  5.0000000e-001 -1.4668100e-001 -1.4733000e-001 -1.4598100e-001 -1.4488400e-001 -1.4663700e-001
  5.0666667e-001 -1.4500800e-001 -1.4560200e-001 -1.4423900e-001 -1.4317900e-001 -1.4494300e-001
  5.1333333e-001 -1.4337400e-001 -1.4393600e-001 -1.4257300e-001 -1.4150500e-001 -1.4326100e-001
  5.2000000e-001 -1.4172300e-001 -1.4224500e-001 -1.4089100e-001 -1.3982400e-001 -1.4156200e-001
  5.2666667e-001 -1.4004300e-001 -1.4053400e-001 -1.3925300e-001 -1.3815300e-001 -1.3988000e-001
  5.3333333e-001 -1.3832200e-001 -1.3886000e-001 -1.3754200e-001 -1.3647400e-001 -1.3816600e-001
  5.4000000e-001 -1.3659900e-001 -1.3718600e-001 -1.3590000e-001 -1.3484900e-001 -1.3653400e-001
  5.4666667e-001 -1.3486700e-001 -1.3553400e-001 -1.3423000e-001 -1.3321200e-001 -1.3493700e-001
  5.5333333e-001 -1.3321400e-001 -1.3388300e-001 -1.3258000e-001 -1.3155200e-001 -1.3322000e-001
  5.6000000e-001 -1.3153000e-001 -1.3220000e-001 -1.3089800e-001 -1.2984800e-001 -1.3162700e-001
  5.6666667e-001 -1.2982900e-001 -1.3051200e-001 -1.2924000e-001 -1.2812700e-001 -1.2993500e-001
  5.7333333e-001 -1.2818100e-001 -1.2885900e-001 -1.2751900e-001 -1.2641000e-001 -1.2821700e-001
  5.8000000e-001 -1.2652500e-001 -1.2713000e-001 -1.2580700e-001 -1.2471100e-001 -1.2648500e-001
  5.8666667e-001 -1.2489300e-001 -1.2544400e-001 -1.2415500e-001 -1.2303800e-001 -1.2479600e-001
  5.9333333e-001 -1.2327400e-001 -1.2375900e-001 -1.2248700e-001 -1.2134200e-001 -1.2311200e-001
  6.0000000e-001 -1.2159600e-001 -1.2210800e-001 -1.2080800e-001 -1.1966100e-001 -1.2146800e-001
  6.0666667e-001 -1.1991800e-001 -1.2043300e-001 -1.1912100e-001 -1.1804100e-001 -1.1984200e-001
  6.1333333e-001 -1.1818700e-001 -1.1884200e-001 -1.1748500e-001 -1.1638100e-001 -1.1816400e-001
  6.2000000e-001 -1.1646400e-001 -1.1715300e-001 -1.1582700e-001 -1.1471700e-001 -1.1648300e-001
  6.2666667e-001 -1.1477900e-001 -1.1547300e-001 -1.1417100e-001 -1.1312000e-001 -1.1484600e-001
  6.3333333e-001 -1.1313200e-001 -1.1384300e-001 -1.1251400e-001 -1.1144900e-001 -1.1319900e-001
  6.4000000e-001 -1.1146900e-001 -1.1224600e-001 -1.1084700e-001 -1.0976600e-001 -1.1155800e-001
  6.4666667e-001 -1.0984100e-001 -1.1057400e-001 -1.0916600e-001 -1.0812400e-001 -1.0987900e-001
  6.5333333e-001 -1.0822800e-001 -1.0885800e-001 -1.0747700e-001 -1.0640800e-001 -1.0823900e-001
  6.6000000e-001 -1.0656200e-001 -1.0717100e-001 -1.0581500e-001 -1.0471000e-001 -1.0650200e-001
  6.6666667e-001 -1.0490200e-001 -1.0546100e-001 -1.0414800e-001 -1.0300900e-001 -1.0483800e-001
  6.7333333e-001 -1.0321000e-001 -1.0379500e-001 -1.0246700e-001 -1.0135300e-001 -1.0314500e-001
  6.8000000e-001 -1.0154800e-001 -1.0208800e-001 -1.0081700e-001 -9.9717000e-002 -1.0150400e-001
  6.8666667e-001 -9.9847000e-002 -1.0043500e-001 -9.9187000e-002 -9.8067000e-002 -9.9826000e-002
  6.9333333e-001 -9.8166000e-002 -9.8795000e-002 -9.7523000e-002 -9.6368000e-002 -9.8206000e-002
  7.0000000e-001 -9.6459000e-002 -9.7117000e-002 -9.5861000e-002 -9.4660000e-002 -9.6540000e-002
  7.0666667e-001 -9.4749000e-002 -9.5451000e-002 -9.4169000e-002 -9.3033000e-002 -9.4875000e-002
  7.1333333e-001 -9.3120000e-002 -9.3808000e-002 -9.2505000e-002 -9.1320000e-002 -9.3190000e-002
  7.2000000e-001 -9.1503000e-002 -9.2113000e-002 -9.0839000e-002 -8.9679000e-002 -9.1523000e-002
  7.2666667e-001 -8.9837000e-002 -9.0471000e-002 -8.9172000e-002 -8.8004000e-002 -8.9828000e-002
  7.3333333e-001 -8.8186000e-002 -8.8769000e-002 -8.7500000e-002 -8.6277000e-002 -8.8191000e-002
  7.4000000e-001 -8.6551000e-002 -8.7079000e-002 -8.5807000e-002 -8.4595000e-002 -8.6481000e-002
  7.4666667e-001 -8.4831000e-002 -8.5459000e-002 -8.4134000e-002 -8.2985000e-002 -8.4816000e-002
  7.5333333e-001 -8.3125000e-002 -8.3759000e-002 -8.2496000e-002 -8.1348000e-002 -8.3130000e-002
  7.6000000e-001 -8.1431000e-002 -8.2035000e-002 -8.0822000e-002 -7.9654000e-002 -8.1488000e-002
  7.6666667e-001 -7.9762000e-002 -8.0407000e-002 -7.9137000e-002 -7.8049000e-002 -7.9854000e-002
  7.7333333e-001 -7.8090000e-002 -7.8790000e-002 -7.7495000e-002 -7.6393000e-002 -7.8224000e-002
  7.8000000e-001 -7.6395000e-002 -7.7142000e-002 -7.5828000e-002 -7.4752000e-002 -7.6543000e-002
  7.8666667e-001 -7.4785000e-002 -7.5458000e-002 -7.4165000e-002 -7.3086000e-002 -7.4853000e-002
  7.9333333e-001 -7.3125000e-002 -7.3836000e-002 -7.2489000e-002 -7.1400000e-002 -7.3232000e-002
  8.0000000e-001 -7.1517000e-002 -7.2175000e-002 -7.0790000e-002 -6.9748000e-002 -7.1504000e-002
  8.0666667e-001 -6.9805000e-002 -7.0472000e-002 -6.9155000e-002 -6.8061000e-002 -6.9850000e-002
  8.1333333e-001 -6.8160000e-002 -6.8752000e-002 -6.7415000e-002 -6.6388000e-002 -6.8119000e-002
  8.2000000e-001 -6.6482000e-002 -6.7068000e-002 -6.5754000e-002 -6.4747000e-002 -6.6427000e-002
  8.2666667e-001 -6.4822000e-002 -6.5418000e-002 -6.4079000e-002 -6.3110000e-002 -6.4783000e-002
  8.3333333e-001 -6.3165000e-002 -6.3753000e-002 -6.2431000e-002 -6.1426000e-002 -6.3133000e-002
  8.4000000e-001 -6.1485000e-002 -6.2092000e-002 -6.0750000e-002 -5.9737000e-002 -6.1479000e-002
  8.4666667e-001 -5.9821000e-002 -6.0461000e-002 -5.9090000e-002 -5.8083000e-002 -5.9838000e-002
  8.5333333e-001 -5.8135000e-002 -5.8779000e-002 -5.7431000e-002 -5.6414000e-002 -5.8134000e-002
  8.6000000e-001 -5.6464000e-002 -5.7120000e-002 -5.5744000e-002 -5.4717000e-002 -5.6491000e-002
  8.6666667e-001 -5.4801000e-002 -5.5445000e-002 -5.4077000e-002 -5.3029000e-002 -5.4806000e-002
  8.7333333e-001 -5.3154000e-002 -5.3800000e-002 -5.2405000e-002 -5.1374000e-002 -5.3113000e-002
  8.8000000e-001 -5.1527000e-002 -5.2136000e-002 -5.0743000e-002 -4.9754000e-002 -5.1459000e-002
  8.8666667e-001 -4.9883000e-002 -5.0428000e-002 -4.9067000e-002 -4.8092000e-002 -4.9826000e-002
  8.9333333e-001 -4.8247000e-002 -4.8790000e-002 -4.7403000e-002 -4.6400000e-002 -4.8162000e-002
  9.0000000e-001 -4.6571000e-002 -4.7122000e-002 -4.5728000e-002 -4.4685000e-002 -4.6473000e-002
  9.0666667e-001 -4.4862000e-002 -4.5410000e-002 -4.4053000e-002 -4.3049000e-002 -4.4786000e-002
  9.1333333e-001 -4.3174000e-002 -4.3780000e-002 -4.2377000e-002 -4.1395000e-002 -4.3140000e-002
  9.2000000e-001 -4.1511000e-002 -4.2146000e-002 -4.0748000e-002 -3.9729000e-002 -4.1474000e-002
  9.2666667e-001 -3.9883000e-002 -4.0521000e-002 -3.9119000e-002 -3.8089000e-002 -3.9826000e-002
  9.3333333e-001 -3.8217000e-002 -3.8843000e-002 -3.7449000e-002 -3.6422000e-002 -3.8224000e-002
  9.4000000e-001 -3.6543000e-002 -3.7207000e-002 -3.5795000e-002 -3.4737000e-002 -3.6534000e-002
  9.4666667e-001 -3.4880000e-002 -3.5544000e-002 -3.4144000e-002 -3.3075000e-002 -3.4863000e-002
  9.5333333e-001 -3.3208000e-002 -3.3847000e-002 -3.2455000e-002 -3.1432000e-002 -3.3174000e-002
  9.6000000e-001 -3.1561000e-002 -3.2185000e-002 -3.0769000e-002 -2.9783000e-002 -3.1520000e-002
  9.6666667e-001 -2.9942000e-002 -3.0515000e-002 -2.9122000e-002 -2.8113000e-002 -2.9873000e-002
  9.7333333e-001 -2.8272000e-002 -2.8862000e-002 -2.7466000e-002 -2.6424000e-002 -2.8186000e-002
  9.8000000e-001 -2.6593000e-002 -2.7188000e-002 -2.5829000e-002 -2.4814000e-002 -2.6496000e-002
  9.8666667e-001 -2.4912000e-002 -2.5520000e-002 -2.4145000e-002 -2.3140000e-002 -2.4855000e-002
  9.9333333e-001 -2.3225000e-002 -2.3902000e-002 -2.2474000e-002 -2.1449000e-002 -2.3197000e-002
  1.0000000e+000 -2.1564000e-002 -2.2210000e-002 -2.0799000e-002 -1.9761000e-002 -2.1544000e-002
  1.0066667e+000 -1.9909000e-002 -2.0550000e-002 -1.9115000e-002 -1.8109000e-002 -1.9845000e-002
  1.0133333e+000 -1.8226000e-002 -1.8892000e-002 -1.7471000e-002 -1.6416000e-002 -1.8191000e-002
  1.0200000e+000 -1.6560000e-002 -1.7209000e-002 -1.5804000e-002 -1.4719000e-002 -1.6502000e-002
  1.0266667e+000 -1.4889000e-002 -1.5550000e-002 -1.4102000e-002 -1.3063000e-002 -1.4841000e-002
  1.0333333e+000 -1.3252000e-002 -1.3858000e-002 -1.2420000e-002 -1.1428000e-002 -1.3128000e-002
  1.0400000e+000 -1.1572000e-002 -1.2202000e-002 -1.0745000e-002 -9.7550000e-003 -1.1499000e-002
  1.0466667e+000 -9.9060000e-003 -1.0534000e-002 -9.1040000e-003 -8.0890000e-003 -9.7910000e-003
  1.0533333e+000 -8.2590000e-003 -8.8660000e-003 -7.4230000e-003 -6.4120000e-003 -8.1240000e-003
  1.0600000e+000 -6.5440000e-003 -7.2140000e-003 -5.7620000e-003 -4.7050000e-003 -6.4780000e-003
  1.0666667e+000 -4.8940000e-003 -5.5660000e-003 -4.0910000e-003 -3.0670000e-003 -4.8080000e-003
  1.0733333e+000 -3.2250000e-003 -3.8920000e-003 -2.4470000e-003 -1.3920000e-003 -3.1670000e-003
  1.0800000e+000 -1.5730000e-003 -2.2320000e-003 -7.7600000e-004  3.3000000e-004 -1.5050000e-003
  1.0866667e+000  6.2000000e-005 -5.5500000e-004  9.1400000e-004  1.9750000e-003  1.5000000e-004
  1.0933333e+000  1.7650000e-003  1.1080000e-003  2.5770000e-003  3.6170000e-003  1.8410000e-003
  1.1000000e+000  3.4470000e-003  2.7780000e-003  4.2510000e-003  5.2430000e-003  3.4800000e-003
  1.1066667e+000  5.1020000e-003  4.4330000e-003  5.8780000e-003  6.8760000e-003  5.1890000e-003
  1.1133333e+000  6.7620000e-003  6.1250000e-003  7.5200000e-003  8.5460000e-003  6.8350000e-003
  1.1200000e+000  8.3940000e-003  7.7620000e-003  9.1920000e-003  1.0192000e-002  8.4550000e-003
  1.1266667e+000  1.0052000e-002  9.4230000e-003  1.0853000e-002  1.1880000e-002  1.0133000e-002
  1.1333333e+000  1.1710000e-002  1.1063000e-002  1.2493000e-002  1.3572000e-002  1.1781000e-002
  1.1400000e+000  1.3402000e-002  1.2715000e-002  1.4184000e-002  1.5237000e-002  1.3458000e-002
  1.1466667e+000  1.5076000e-002  1.4437000e-002  1.5870000e-002  1.6922000e-002  1.5146000e-002
  1.1533333e+000  1.6779000e-002  1.6106000e-002  1.7567000e-002  1.8592000e-002  1.6802000e-002
  1.1600000e+000  1.8438000e-002  1.7762000e-002  1.9215000e-002  2.0226000e-002  1.8478000e-002
  1.1666667e+000  2.0093000e-002  1.9472000e-002  2.0877000e-002  2.1876000e-002  2.0146000e-002
  1.1733333e+000  2.1749000e-002  2.1143000e-002  2.2544000e-002  2.3550000e-002  2.1808000e-002
  1.1800000e+000  2.3413000e-002  2.2810000e-002  2.4192000e-002  2.5228000e-002  2.3463000e-002
  1.1866667e+000  2.5086000e-002  2.4491000e-002  2.5895000e-002  2.6899000e-002  2.5151000e-002
  1.1933333e+000  2.6778000e-002  2.6164000e-002  2.7578000e-002  2.8575000e-002  2.6822000e-002
  1.2000000e+000  2.8456000e-002  2.7816000e-002  2.9253000e-002  3.0216000e-002  2.8516000e-002
  1.2066667e+000  3.0093000e-002  2.9474000e-002  3.0888000e-002  3.1867000e-002  3.0130000e-002
  1.2133333e+000  3.1744000e-002  3.1082000e-002  3.2554000e-002  3.3563000e-002  3.1786000e-002
  1.2200000e+000  3.3429000e-002  3.2757000e-002  3.4217000e-002  3.5226000e-002  3.3472000e-002
  1.2266667e+000  3.5106000e-002  3.4431000e-002  3.5903000e-002  3.6879000e-002  3.5133000e-002
  1.2333333e+000  3.6789000e-002  3.6127000e-002  3.7568000e-002  3.8555000e-002  3.6802000e-002
  1.2400000e+000  3.8447000e-002  3.7809000e-002  3.9236000e-002  4.0224000e-002  3.8462000e-002
  1.2466667e+000  4.0105000e-002  3.9441000e-002  4.0887000e-002  4.1886000e-002  4.0105000e-002
  1.2533333e+000  4.1781000e-002  4.1129000e-002  4.2559000e-002  4.3532000e-002  4.1807000e-002
  1.2600000e+000  4.3424000e-002  4.2817000e-002  4.4159000e-002  4.5222000e-002  4.3441000e-002
  1.2666667e+000  4.5080000e-002  4.4468000e-002  4.5822000e-002  4.6866000e-002  4.5103000e-002
  1.2733333e+000  4.6729000e-002  4.6095000e-002  4.7524000e-002  4.8519000e-002  4.6759000e-002
  1.2800000e+000  4.8422000e-002  4.7744000e-002  4.9213000e-002  5.0208000e-002  4.8398000e-002
  1.2866667e+000  5.0100000e-002  4.9439000e-002  5.0876000e-002  5.1887000e-002  5.0121000e-002
  1.2933333e+000  5.1777000e-002  5.1091000e-002  5.2556000e-002  5.3541000e-002  5.1803000e-002
  1.3000000e+000  5.3462000e-002  5.2772000e-002  5.4216000e-002  5.5239000e-002  5.3444000e-002
  1.3066667e+000  5.5123000e-002  5.4460000e-002  5.5882000e-002  5.6922000e-002  5.5132000e-002
  1.3133333e+000  5.6811000e-002  5.6123000e-002  5.7579000e-002  5.8597000e-002  5.6826000e-002
  1.3200000e+000  5.8483000e-002  5.7809000e-002  5.9234000e-002  6.0296000e-002  5.8485000e-002
  1.3266667e+000  6.0144000e-002  5.9495000e-002  6.0920000e-002  6.1958000e-002  6.0135000e-002
  1.3333333e+000  6.1839000e-002  6.1181000e-002  6.2575000e-002  6.3615000e-002  6.1830000e-002
  1.3400000e+000  6.3523000e-002  6.2827000e-002  6.4260000e-002  6.5291000e-002  6.3511000e-002
  1.3466667e+000  6.5154000e-002  6.4495000e-002  6.5953000e-002  6.6951000e-002  6.5154000e-002
  1.3533333e+000  6.6825000e-002  6.6146000e-002  6.7618000e-002  6.8598000e-002  6.6850000e-002
  1.3600000e+000  6.8489000e-002  6.7817000e-002  6.9263000e-002  7.0254000e-002  6.8526000e-002
  1.3666667e+000  7.0171000e-002  6.9470000e-002  7.0928000e-002  7.1934000e-002  7.0170000e-002
  1.3733333e+000  7.1823000e-002  7.1145000e-002  7.2596000e-002  7.3593000e-002  7.1855000e-002
  1.3800000e+000  7.3515000e-002  7.2830000e-002  7.4269000e-002  7.5273000e-002  7.3527000e-002
  1.3866667e+000  7.5186000e-002  7.4498000e-002  7.5950000e-002  7.6931000e-002  7.5178000e-002
  1.3933333e+000  7.6871000e-002  7.6163000e-002  7.7613000e-002  7.8578000e-002  7.6860000e-002
  1.4000000e+000  7.8517000e-002  7.7843000e-002  7.9280000e-002  8.0230000e-002  7.8503000e-002
  1.4066667e+000  8.0132000e-002  7.9526000e-002  8.0926000e-002  8.1874000e-002  8.0147000e-002
  1.4133333e+000  8.1797000e-002  8.1154000e-002  8.2587000e-002  8.3554000e-002  8.1805000e-002
  1.4200000e+000  8.3454000e-002  8.2811000e-002  8.4255000e-002  8.5213000e-002  8.3443000e-002
  1.4266667e+000  8.5139000e-002  8.4487000e-002  8.5925000e-002  8.6881000e-002  8.5148000e-002
  1.4333333e+000  8.6810000e-002  8.6132000e-002  8.7592000e-002  8.8529000e-002  8.6809000e-002
  1.4400000e+000  8.8458000e-002  8.7805000e-002  8.9261000e-002  9.0202000e-002  8.8489000e-002
  1.4466667e+000  9.0081000e-002  8.9492000e-002  9.0933000e-002  9.1888000e-002  9.0143000e-002
  1.4533333e+000  9.1771000e-002  9.1120000e-002  9.2573000e-002  9.3500000e-002  9.1790000e-002
  1.4600000e+000  9.3433000e-002  9.2796000e-002  9.4251000e-002  9.5133000e-002  9.3447000e-002
  1.4666667e+000  9.5080000e-002  9.4469000e-002  9.5912000e-002  9.6833000e-002  9.5101000e-002
  1.4733333e+000  9.6759000e-002  9.6139000e-002  9.7560000e-002  9.8486000e-002  9.6785000e-002
  1.4800000e+000  9.8408000e-002  9.7776000e-002  9.9247000e-002  1.0013700e-001  9.8450000e-002
  1.4866667e+000  1.0008900e-001  9.9432000e-002  1.0093000e-001  1.0181500e-001  1.0013700e-001
  1.4933333e+000  1.0174500e-001  1.0110100e-001  1.0256300e-001  1.0346400e-001  1.0179200e-001
  1.5000000e+000  1.0341200e-001  1.0273500e-001  1.0425000e-001  1.0512000e-001  1.0344100e-001
  1.5066667e+000  1.0511000e-001  1.0442400e-001  1.0588400e-001  1.0681100e-001  1.0509100e-001
  1.5133333e+000  1.0675100e-001  1.0611100e-001  1.0762200e-001  1.0849200e-001  1.0677800e-001
  1.5200000e+000  1.0842400e-001  1.0778000e-001  1.0931900e-001  1.1017800e-001  1.0850500e-001
  1.5266667e+000  1.1012000e-001  1.0947700e-001  1.1098900e-001  1.1186000e-001  1.1017300e-001
  1.5333333e+000  1.1181800e-001  1.1114600e-001  1.1262100e-001  1.1352200e-001  1.1184200e-001
  1.5400000e+000  1.1349800e-001  1.1284400e-001  1.1429600e-001  1.1516400e-001  1.1350000e-001
  1.5466667e+000  1.1514500e-001  1.1448300e-001  1.1592800e-001  1.1681300e-001  1.1517800e-001
  1.5533333e+000  1.1681700e-001  1.1617400e-001  1.1759000e-001  1.1848800e-001  1.1682500e-001
  1.5600000e+000  1.1848300e-001  1.1784100e-001  1.1925900e-001  1.2017800e-001  1.1847700e-001
  1.5666667e+000  1.2015100e-001  1.1947800e-001  1.2092200e-001  1.2183400e-001  1.2014700e-001
  1.5733333e+000  1.2184000e-001  1.2114900e-001  1.2258700e-001  1.2345800e-001  1.2184600e-001
  1.5800000e+000  1.2348000e-001  1.2281500e-001  1.2424200e-001  1.2513200e-001  1.2347600e-001
  1.5866667e+000  1.2513800e-001  1.2447400e-001  1.2589400e-001  1.2680700e-001  1.2514100e-001
  1.5933333e+000  1.2679100e-001  1.2612900e-001  1.2759100e-001  1.2843600e-001  1.2678100e-001
  1.6000000e+000  1.2848600e-001  1.2779500e-001  1.2924700e-001  1.3012700e-001  1.2848600e-001
  1.6066667e+000  1.3012900e-001  1.2947800e-001  1.3088300e-001  1.3180500e-001  1.3012600e-001
  1.6133333e+000  1.3180800e-001  1.3113300e-001  1.3252900e-001  1.3346200e-001  1.3181600e-001
  1.6200000e+000  1.3348900e-001  1.3280600e-001  1.3423600e-001  1.3513000e-001  1.3349300e-001
  1.6266667e+000  1.3514800e-001  1.3447600e-001  1.3592800e-001  1.3682100e-001  1.3515300e-001
  1.6333333e+000  1.3679000e-001  1.3612900e-001  1.3758200e-001  1.3849300e-001  1.3683400e-001
  1.6400000e+000  1.3849600e-001  1.3781400e-001  1.3925400e-001  1.4015000e-001  1.3847500e-001
  1.6466667e+000  1.4014200e-001  1.3947800e-001  1.4090800e-001  1.4182900e-001  1.4015800e-001
  1.6533333e+000  1.4178900e-001  1.4111400e-001  1.4258900e-001  1.4351500e-001  1.4180100e-001
  1.6600000e+000  1.4346500e-001  1.4276700e-001  1.4423700e-001  1.4518600e-001  1.4349000e-001
  1.6666667e+000  1.4518900e-001  1.4445800e-001  1.4594100e-001  1.4685800e-001  1.4517600e-001
  1.6733333e+000  1.4684100e-001  1.4615700e-001  1.4763200e-001  1.4856500e-001  1.4683500e-001
  1.6800000e+000  1.4851400e-001  1.4785800e-001  1.4928700e-001  1.5024600e-001  1.4851100e-001
  1.6866667e+000  1.5019700e-001  1.4952700e-001  1.5094400e-001  1.5185500e-001  1.5016300e-001
  1.6933333e+000  1.5184100e-001  1.5117500e-001  1.5260000e-001  1.5350100e-001  1.5184500e-001
  1.7000000e+000  1.5351500e-001  1.5282400e-001  1.5430000e-001  1.5521200e-001  1.5351400e-001
  1.7066667e+000  1.5518000e-001  1.5450200e-001  1.5595400e-001  1.5688400e-001  1.5519500e-001
  1.7133333e+000  1.5683900e-001  1.5618200e-001  1.5761000e-001  1.5854700e-001  1.5684300e-001
  1.7200000e+000  1.5849900e-001  1.5784200e-001  1.5923600e-001  1.6023900e-001  1.5849900e-001
  1.7266667e+000  1.6017100e-001  1.5949000e-001  1.6093700e-001  1.6191200e-001  1.6017600e-001
  1.7333333e+000  1.6184100e-001  1.6117600e-001  1.6261300e-001  1.6356900e-001  1.6183500e-001
  1.7400000e+000  1.6351900e-001  1.6284400e-001  1.6427700e-001  1.6525500e-001  1.6353700e-001
  1.7466667e+000  1.6518200e-001  1.6450800e-001  1.6596800e-001  1.6692800e-001  1.6520300e-001
  1.7533333e+000  1.6686200e-001  1.6619900e-001  1.6763500e-001  1.6859300e-001  1.6684500e-001
  1.7600000e+000  1.6851900e-001  1.6787400e-001  1.6932000e-001  1.7028500e-001  1.6851900e-001
  1.7666667e+000  1.7022900e-001  1.6951500e-001  1.7096400e-001  1.7193200e-001  1.7019500e-001
  1.7733333e+000  1.7187800e-001  1.7120800e-001  1.7265400e-001  1.7359700e-001  1.7185000e-001
  1.7800000e+000  1.7352100e-001  1.7286500e-001  1.7429700e-001  1.7524700e-001  1.7349500e-001
  1.7866667e+000  1.7518600e-001  1.7451400e-001  1.7595400e-001  1.7692300e-001  1.7518200e-001
  1.7933333e+000  1.7684700e-001  1.7618700e-001  1.7762900e-001  1.7862700e-001  1.7683700e-001
  1.8000000e+000  1.7848400e-001  1.7785900e-001  1.7927500e-001  1.8026700e-001  1.7847600e-001
  1.8066667e+000  1.8014300e-001  1.7952500e-001  1.8095000e-001  1.8197600e-001  1.8017400e-001
  1.8133333e+000  1.8179400e-001  1.8119600e-001  1.8264100e-001  1.8363500e-001  1.8185700e-001
  1.8200000e+000  1.8348000e-001  1.8286100e-001  1.8428900e-001  1.8529500e-001  1.8350000e-001
  1.8266667e+000  1.8516900e-001  1.8450900e-001  1.8596600e-001  1.8697000e-001  1.8516800e-001
  1.8333333e+000  1.8682800e-001  1.8617100e-001  1.8763900e-001  1.8861900e-001  1.8683500e-001
  1.8400000e+000  1.8847800e-001  1.8786200e-001  1.8928400e-001  1.9024800e-001  1.8850000e-001
  1.8466667e+000  1.9012500e-001  1.8949300e-001  1.9093800e-001  1.9190500e-001  1.9014600e-001
  1.8533333e+000  1.9181000e-001  1.9115400e-001  1.9256900e-001  1.9359100e-001  1.9182800e-001
  1.8600000e+000  1.9345200e-001  1.9282300e-001  1.9428400e-001  1.9528300e-001  1.9350100e-001
  1.8666667e+000  1.9513700e-001  1.9449900e-001  1.9598700e-001  1.9695800e-001  1.9516400e-001
  1.8733333e+000  1.9683000e-001  1.9618100e-001  1.9765200e-001  1.9861800e-001  1.9684400e-001
  1.8800000e+000  1.9850900e-001  1.9786700e-001  1.9930600e-001  2.0032400e-001  1.9854600e-001
  1.8866667e+000  2.0014000e-001  1.9953500e-001  2.0094400e-001  2.0196100e-001  2.0020800e-001
  1.8933333e+000  2.0179500e-001  2.0118500e-001  2.0261500e-001  2.0361500e-001  2.0186200e-001
  1.9000000e+000  2.0347400e-001  2.0283600e-001  2.0429600e-001  2.0531300e-001  2.0350400e-001
  1.9066667e+000  2.0513600e-001  2.0453200e-001  2.0598900e-001  2.0699100e-001  2.0518500e-001
  1.9133333e+000  2.0680300e-001  2.0620800e-001  2.0765200e-001  2.0864000e-001  2.0690400e-001
  1.9200000e+000  2.0848100e-001  2.0788900e-001  2.0933300e-001  2.1031900e-001  2.0857000e-001
  1.9266667e+000  2.1012200e-001  2.0955900e-001  2.1101600e-001  2.1198400e-001  2.1022800e-001
  1.9333333e+000  2.1178800e-001  2.1121500e-001  2.1261500e-001  2.1364200e-001  2.1186200e-001
  1.9400000e+000  2.1346900e-001  2.1286500e-001  2.1432700e-001  2.1534200e-001  2.1350000e-001
  1.9466667e+000  2.1515400e-001  2.1450500e-001  2.1601200e-001  2.1701500e-001  2.1519300e-001
  1.9533333e+000  2.1683500e-001  2.1619700e-001  2.1768100e-001  2.1866900e-001  2.1685300e-001
  1.9600000e+000  2.1846900e-001  2.1787500e-001  2.1935400e-001  2.2036700e-001  2.1855200e-001
  1.9666667e+000  2.2014800e-001  2.1953400e-001  2.2100700e-001  2.2200400e-001  2.2021200e-001
  1.9733333e+000  2.2182400e-001  2.2118400e-001  2.2267000e-001  2.2363000e-001  2.2185400e-001
  1.9800000e+000  2.2345500e-001  2.2284600e-001  2.2432600e-001  2.2531300e-001  2.2351600e-001
  1.9866667e+000  2.2509500e-001  2.2450300e-001  2.2598500e-001  2.2701500e-001  2.2520100e-001
  1.9933333e+000  2.2680000e-001  2.2620600e-001  2.2765400e-001  2.2868900e-001  2.2685200e-001
  2.0000000e+000  2.2845900e-001  2.2785800e-001  2.2931000e-001  2.3037100e-001  2.2851200e-001
