 -5.0000000e-001  1.1826201e+002  1.2544752e+002  1.1798716e+002  1.1879982e+002  1.1781461e+002
 -4.9333333e-001  1.1824600e+002  1.2547009e+002  1.1796483e+002  1.1879298e+002  1.1784155e+002
 -4.8666667e-001  1.1823467e+002  1.2546977e+002  1.1796661e+002  1.1878543e+002  1.1784971e+002
 -4.8000000e-001  1.1825536e+002  1.2545573e+002  1.1799229e+002  1.1876733e+002  1.1784117e+002
 -4.7333333e-001  1.1827106e+002  1.2547066e+002  1.1798820e+002  1.1873639e+002  1.1783614e+002
 -4.6666667e-001  1.1825451e+002  1.2548054e+002  1.1796324e+002  1.1870094e+002  1.1783279e+002
 -4.6000000e-001  1.1826849e+002  1.2548301e+002  1.1794558e+002  1.1870625e+002  1.1784169e+002
 -4.5333333e-001  1.1827736e+002  1.2548500e+002  1.1794838e+002  1.1871194e+002  1.1788206e+002
 -4.4666667e-001  1.1824698e+002  1.2550433e+002  1.1795422e+002  1.1869809e+002  1.1787806e+002
 -4.4000000e-001  1.1821124e+002  1.2549231e+002  1.1792655e+002  1.1863439e+002  1.1787228e+002
 -4.3333333e-001  1.1820127e+002  1.2551811e+002  1.1792942e+002  1.1865510e+002  1.1789098e+002
 -4.2666667e-001  1.1820167e+002  1.2551514e+002  1.1794950e+002  1.1867130e+002  1.1791810e+002
 -4.2000000e-001  1.1819312e+002  1.2549252e+002  1.1794738e+002  1.1867338e+002  1.1789557e+002
 -4.1333333e-001  1.1818767e+002  1.2545818e+002  1.1796230e+002  1.1868292e+002  1.1787976e+002
 -4.0666667e-001  1.1821358e+002  1.2544022e+002  1.1796562e+002  1.1868840e+002  1.1789524e+002
 -4.0000000e-001  1.1822807e+002  1.2546483e+002  1.1794558e+002  1.1865598e+002  1.1793072e+002
 -3.9333333e-001  1.1821092e+002  1.2544503e+002  1.1795588e+002  1.1867796e+002  1.1794281e+002
 -3.8666667e-001  1.1818622e+002  1.2542538e+002  1.1794525e+002  1.1868370e+002  1.1795889e+002
 -3.8000000e-001  1.1823165e+002  1.2542172e+002  1.1795011e+002  1.1869869e+002  1.1801199e+002
 -3.7333333e-001  1.1824411e+002  1.2539409e+002  1.1796243e+002  1.1872128e+002  1.1800879e+002
 -3.6666667e-001  1.1826002e+002  1.2537864e+002  1.1794517e+002  1.1873706e+002  1.1802958e+002
 -3.6000000e-001  1.1824867e+002  1.2538738e+002  1.1791494e+002  1.1877139e+002  1.1806139e+002
 -3.5333333e-001  1.1822350e+002  1.2537055e+002  1.1794428e+002  1.1876820e+002  1.1811476e+002
 -3.4666667e-001  1.1825449e+002  1.2534629e+002  1.1796784e+002  1.1874885e+002  1.1816657e+002
 -3.4000000e-001  1.1826939e+002  1.2532562e+002  1.1794002e+002  1.1874571e+002  1.1815241e+002
 -3.3333333e-001  1.1827467e+002  1.2529830e+002  1.1790075e+002  1.1876057e+002  1.1816710e+002
 -3.2666667e-001  1.1827345e+002  1.2533004e+002  1.1790833e+002  1.1877997e+002  1.1815492e+002
 -3.2000000e-001  1.1826325e+002  1.2532700e+002  1.1791086e+002  1.1882941e+002  1.1815708e+002
 -3.1333333e-001  1.1828278e+002  1.2532130e+002  1.1790518e+002  1.1885082e+002  1.1814305e+002
 -3.0666667e-001  1.1827329e+002  1.2527407e+002  1.1794789e+002  1.1887268e+002  1.1812978e+002
 -3.0000000e-001  1.1826686e+002  1.2524220e+002  1.1794157e+002  1.1887227e+002  1.1811502e+002
 -2.9333333e-001  1.1827625e+002  1.2524021e+002  1.1793217e+002  1.1888282e+002  1.1814775e+002
 -2.8666667e-001  1.1825530e+002  1.2528097e+002  1.1792474e+002  1.1888566e+002  1.1818055e+002
 -2.8000000e-001  1.1824030e+002  1.2526018e+002  1.1792234e+002  1.1890521e+002  1.1813265e+002
 -2.7333333e-001  1.1825462e+002  1.2524145e+002  1.1793044e+002  1.1894083e+002  1.1809703e+002
 -2.6666667e-001  1.1827195e+002  1.2519711e+002  1.1792346e+002  1.1895402e+002  1.1810152e+002
 -2.6000000e-001  1.1827892e+002  1.2519370e+002  1.1793148e+002  1.1900920e+002  1.1806300e+002
 -2.5333333e-001  1.1828328e+002  1.2520319e+002  1.1793248e+002  1.1898352e+002  1.1804211e+002
 -2.4666667e-001  1.1826395e+002  1.2517965e+002  1.1789246e+002  1.1898072e+002  1.1803684e+002
 -2.4000000e-001  1.1827705e+002  1.2514363e+002  1.1787315e+002  1.1899370e+002  1.1799419e+002
 -2.3333333e-001  1.1826350e+002  1.2509827e+002  1.1790618e+002  1.1902824e+002  1.1797966e+002
 -2.2666667e-001  1.1825722e+002  1.2504440e+002  1.1790957e+002  1.1903118e+002  1.1793006e+002
 -2.2000000e-001  1.1829203e+002  1.2497236e+002  1.1787597e+002  1.1903462e+002  1.1788923e+002
 -2.1333333e-001  1.1830611e+002  1.2493956e+002  1.1786265e+002  1.1906737e+002  1.1790492e+002
 -2.0666667e-001  1.1832735e+002  1.2488355e+002  1.1787225e+002  1.1909349e+002  1.1788797e+002
 -2.0000000e-001  1.1832187e+002  1.2480737e+002  1.1786391e+002  1.1911670e+002  1.1784686e+002
 -1.9333333e-001  1.1829581e+002  1.2478774e+002  1.1783512e+002  1.1911679e+002  1.1785731e+002
 -1.8666667e-001  1.1829341e+002  1.2477189e+002  1.1787013e+002  1.1914455e+002  1.1787032e+002
 -1.8000000e-001  1.1832317e+002  1.2470966e+002  1.1788509e+002  1.1914869e+002  1.1786662e+002
 -1.7333333e-001  1.1830566e+002  1.2466821e+002  1.1786538e+002  1.1912939e+002  1.1788766e+002
 -1.6666667e-001  1.1833236e+002  1.2466811e+002  1.1790779e+002  1.1915503e+002  1.1791457e+002
 -1.6000000e-001  1.1838166e+002  1.2462640e+002  1.1793625e+002  1.1918309e+002  1.1792709e+002
 -1.5333333e-001  1.1837231e+002  1.2460411e+002  1.1791789e+002  1.1919698e+002  1.1792168e+002
 -1.4666667e-001  1.1836398e+002  1.2463947e+002  1.1791017e+002  1.1922019e+002  1.1787213e+002
 -1.4000000e-001  1.1838449e+002  1.2461999e+002  1.1792942e+002  1.1925370e+002  1.1786414e+002
 -1.3333333e-001  1.1840555e+002  1.2458720e+002  1.1794767e+002  1.1924699e+002  1.1786325e+002
 -1.2666667e-001  1.1840380e+002  1.2459219e+002  1.1794282e+002  1.1923498e+002  1.1786106e+002
 -1.2000000e-001  1.1841297e+002  1.2458921e+002  1.1791849e+002  1.1924721e+002  1.1787829e+002
 -1.1333333e-001  1.1841003e+002  1.2457430e+002  1.1791579e+002  1.1924811e+002  1.1790732e+002
 -1.0666667e-001  1.1841807e+002  1.2455073e+002  1.1792265e+002  1.1926819e+002  1.1791549e+002
 -1.0000000e-001  1.1842680e+002  1.2453680e+002  1.1793044e+002  1.1926250e+002  1.1792151e+002
 -9.3333333e-002  1.1840559e+002  1.2453065e+002  1.1795126e+002  1.1929674e+002  1.1789835e+002
 -8.6666667e-002  1.1842263e+002  1.2453547e+002  1.1796950e+002  1.1930446e+002  1.1787058e+002
 -8.0000000e-002  1.1841168e+002  1.2455272e+002  1.1793726e+002  1.1931032e+002  1.1784884e+002
 -7.3333333e-002  1.1841853e+002  1.2453056e+002  1.1792260e+002  1.1928671e+002  1.1786398e+002
 -6.6666667e-002  1.1843900e+002  1.2453674e+002  1.1792113e+002  1.1926845e+002  1.1787872e+002
 -6.0000000e-002  1.1844504e+002  1.2453297e+002  1.1795190e+002  1.1928637e+002  1.1786880e+002
 -5.3333333e-002  1.1843791e+002  1.2455491e+002  1.1793934e+002  1.1927522e+002  1.1783993e+002
 -4.6666667e-002  1.1847532e+002  1.2458462e+002  1.1795989e+002  1.1926290e+002  1.1783652e+002
 -4.0000000e-002  1.1850672e+002  1.2456367e+002  1.1795344e+002  1.1926796e+002  1.1783552e+002
 -3.3333333e-002  1.1848406e+002  1.2460236e+002  1.1795174e+002  1.1926495e+002  1.1781637e+002
 -2.6666667e-002  1.1850515e+002  1.2465530e+002  1.1794812e+002  1.1930826e+002  1.1783833e+002
 -2.0000000e-002  1.1856439e+002  1.2464094e+002  1.1795420e+002  1.1934944e+002  1.1784927e+002
 -1.3333333e-002  1.1858331e+002  1.2462457e+002  1.1798502e+002  1.1933607e+002  1.1785082e+002
 -6.6666667e-003  1.1858203e+002  1.2462586e+002  1.1797298e+002  1.1934502e+002  1.1786300e+002
  0.0000000e+000  1.1861625e+002  1.2463176e+002  1.1796661e+002  1.1935421e+002  1.1782563e+002
  6.6666667e-003  1.1861530e+002  1.2462557e+002  1.1797559e+002  1.1933306e+002  1.1782320e+002
  1.3333333e-002  1.1862437e+002  1.2462353e+002  1.1797553e+002  1.1935053e+002  1.1781805e+002
  2.0000000e-002  1.1864720e+002  1.2463373e+002  1.1800283e+002  1.1932304e+002  1.1782643e+002
  2.6666667e-002  1.1862763e+002  1.2462350e+002  1.1801759e+002  1.1929102e+002  1.1781145e+002
  3.3333333e-002  1.1865156e+002  1.2462998e+002  1.1804246e+002  1.1930141e+002  1.1777580e+002
  4.0000000e-002  1.1867834e+002  1.2468229e+002  1.1807059e+002  1.1934044e+002  1.1777555e+002
  4.6666667e-002  1.1869101e+002  1.2470098e+002  1.1810712e+002  1.1929692e+002  1.1780044e+002
  5.3333333e-002  1.1868701e+002  1.2469971e+002  1.1812515e+002  1.1930130e+002  1.1776230e+002
  6.0000000e-002  1.1871104e+002  1.2470644e+002  1.1815445e+002  1.1933394e+002  1.1771198e+002
  6.6666667e-002  1.1873408e+002  1.2473360e+002  1.1819462e+002  1.1933695e+002  1.1772549e+002
  7.3333333e-002  1.1878405e+002  1.2478641e+002  1.1824228e+002  1.1939273e+002  1.1773151e+002
  8.0000000e-002  1.1885111e+002  1.2482783e+002  1.1828451e+002  1.1942247e+002  1.1773413e+002
  8.6666667e-002  1.1889932e+002  1.2488513e+002  1.1836524e+002  1.1946493e+002  1.1773671e+002
  9.3333333e-002  1.1896922e+002  1.2493056e+002  1.1841434e+002  1.1950075e+002  1.1774081e+002
  1.0000000e-001  1.1905498e+002  1.2499540e+002  1.1843668e+002  1.1954836e+002  1.1774479e+002
  1.0666667e-001  1.1915102e+002  1.2508716e+002  1.1854598e+002  1.1962592e+002  1.1777197e+002
  1.1333333e-001  1.1927924e+002  1.2511830e+002  1.1867529e+002  1.1972062e+002  1.1781658e+002
  1.2000000e-001  1.1938634e+002  1.2521867e+002  1.1876668e+002  1.1983225e+002  1.1786690e+002
  1.2666667e-001  1.1956908e+002  1.2530862e+002  1.1888305e+002  1.1994364e+002  1.1795135e+002
  1.3333333e-001  1.1980369e+002  1.2533930e+002  1.1901855e+002  1.2011854e+002  1.1805600e+002
  1.4000000e-001  1.2009103e+002  1.2534348e+002  1.1918683e+002  1.2029709e+002  1.1810811e+002
  1.4666667e-001  1.2039816e+002  1.2534786e+002  1.1932955e+002  1.2048752e+002  1.1819916e+002
  1.5333333e-001  1.2065762e+002  1.2526652e+002  1.1947311e+002  1.2062762e+002  1.1832230e+002
  1.6000000e-001  1.2094292e+002  1.2513632e+002  1.1961615e+002  1.2078356e+002  1.1844648e+002
  1.6666667e-001  1.2120796e+002  1.2503678e+002  1.1983942e+002  1.2097799e+002  1.1856904e+002
  1.7333333e-001  1.2148337e+002  1.2494159e+002  1.2011556e+002  1.2114711e+002  1.1871217e+002
  1.8000000e-001  1.2176069e+002  1.2487934e+002  1.2040009e+002  1.2130736e+002  1.1888146e+002
  1.8666667e-001  1.2202775e+002  1.2483762e+002  1.2069282e+002  1.2149799e+002  1.1903462e+002
  1.9333333e-001  1.2231156e+002  1.2481712e+002  1.2097720e+002  1.2164799e+002  1.1925360e+002
  2.0000000e-001  1.2259134e+002  1.2482546e+002  1.2125653e+002  1.2180802e+002  1.1949225e+002
  2.0666667e-001  1.2284321e+002  1.2481186e+002  1.2153462e+002  1.2195577e+002  1.1972289e+002
  2.1333333e-001  1.2309567e+002  1.2482133e+002  1.2185876e+002  1.2206708e+002  1.1996244e+002
  2.2000000e-001  1.2330039e+002  1.2484345e+002  1.2222144e+002  1.2220950e+002  1.2016039e+002
  2.2666667e-001  1.2348500e+002  1.2483123e+002  1.2260126e+002  1.2227305e+002  1.2035893e+002
  2.3333333e-001  1.2366988e+002  1.2481435e+002  1.2302547e+002  1.2232622e+002  1.2053362e+002
  2.4000000e-001  1.2377661e+002  1.2475100e+002  1.2343670e+002  1.2237775e+002  1.2077216e+002
  2.4666667e-001  1.2379680e+002  1.2463743e+002  1.2384092e+002  1.2238245e+002  1.2109795e+002
  2.5333333e-001  1.2359439e+002  1.2448014e+002  1.2411372e+002  1.2237064e+002  1.2139022e+002
  2.6000000e-001  1.2330754e+002  1.2429860e+002  1.2428474e+002  1.2229847e+002  1.2161382e+002
  2.6666667e-001  1.2288512e+002  1.2407054e+002  1.2437993e+002  1.2218938e+002  1.2176316e+002
  2.7333333e-001  1.2243266e+002  1.2380985e+002  1.2435592e+002  1.2200153e+002  1.2185722e+002
  2.8000000e-001  1.2197082e+002  1.2345213e+002  1.2427289e+002  1.2180927e+002  1.2187821e+002
  2.8666667e-001  1.2150403e+002  1.2306166e+002  1.2402468e+002  1.2160111e+002  1.2186546e+002
  2.9333333e-001  1.2107945e+002  1.2263052e+002  1.2369070e+002  1.2133302e+002  1.2181055e+002
  3.0000000e-001  1.2066145e+002  1.2216501e+002  1.2338880e+002  1.2106747e+002  1.2170680e+002
  3.0666667e-001  1.2030189e+002  1.2171531e+002  1.2314954e+002  1.2076662e+002  1.2158824e+002
  3.1333333e-001  1.1999132e+002  1.2136838e+002  1.2292860e+002  1.2045550e+002  1.2147638e+002
  3.2000000e-001  1.1974577e+002  1.2104816e+002  1.2271919e+002  1.2010976e+002  1.2134345e+002
  3.2666667e-001  1.1961018e+002  1.2069112e+002  1.2250528e+002  1.1985063e+002  1.2114455e+002
  3.3333333e-001  1.1958316e+002  1.2039851e+002  1.2233540e+002  1.1958951e+002  1.2099000e+002
  3.4000000e-001  1.1965112e+002  1.2010548e+002  1.2207917e+002  1.1933764e+002  1.2088135e+002
  3.4666667e-001  1.1971130e+002  1.1986926e+002  1.2180866e+002  1.1905351e+002  1.2074397e+002
  3.5333333e-001  1.1975736e+002  1.1963032e+002  1.2155540e+002  1.1873706e+002  1.2056276e+002
  3.6000000e-001  1.1978725e+002  1.1932611e+002  1.2125367e+002  1.1841763e+002  1.2040694e+002
  3.6666667e-001  1.1977467e+002  1.1906408e+002  1.2095716e+002  1.1805164e+002  1.2023585e+002
  3.7333333e-001  1.1967271e+002  1.1882211e+002  1.2054166e+002  1.1771111e+002  1.2005759e+002
  3.8000000e-001  1.1944188e+002  1.1854486e+002  1.2008764e+002  1.1729717e+002  1.1983749e+002
  3.8666667e-001  1.1909940e+002  1.1829635e+002  1.1966763e+002  1.1686623e+002  1.1950990e+002
  3.9333333e-001  1.1872470e+002  1.1804172e+002  1.1923793e+002  1.1643299e+002  1.1915145e+002
  4.0000000e-001  1.1825112e+002  1.1771417e+002  1.1870929e+002  1.1593839e+002  1.1873113e+002
  4.0666667e-001  1.1780367e+002  1.1733474e+002  1.1813804e+002  1.1544315e+002  1.1829828e+002
  4.1333333e-001  1.1744049e+002  1.1693553e+002  1.1757280e+002  1.1489669e+002  1.1776410e+002
  4.2000000e-001  1.1715791e+002  1.1649461e+002  1.1696947e+002  1.1438656e+002  1.1722997e+002
  4.2666667e-001  1.1705615e+002  1.1606344e+002  1.1639179e+002  1.1383627e+002  1.1673858e+002
  4.3333333e-001  1.1712222e+002  1.1561087e+002  1.1582356e+002  1.1335653e+002  1.1623000e+002
  4.4000000e-001  1.1728070e+002  1.1509718e+002  1.1528129e+002  1.1284387e+002  1.1578157e+002
  4.4666667e-001  1.1756470e+002  1.1462928e+002  1.1476193e+002  1.1235831e+002  1.1544131e+002
  4.5333333e-001  1.1788055e+002  1.1413194e+002  1.1417976e+002  1.1183033e+002  1.1508361e+002
  4.6000000e-001  1.1812501e+002  1.1358274e+002  1.1358229e+002  1.1137027e+002  1.1479865e+002
  4.6666667e-001  1.1824462e+002  1.1307175e+002  1.1291470e+002  1.1089201e+002  1.1450223e+002
  4.7333333e-001  1.1828626e+002  1.1249143e+002  1.1224995e+002  1.1039951e+002  1.1423387e+002
  4.8000000e-001  1.1826241e+002  1.1183250e+002  1.1149159e+002  1.0993858e+002  1.1395260e+002
  4.8666667e-001  1.1817213e+002  1.1115452e+002  1.1065852e+002  1.0945631e+002  1.1359887e+002
  4.9333333e-001  1.1810897e+002  1.1050995e+002  1.0982105e+002  1.0899609e+002  1.1317623e+002
  5.0000000e-001  1.1816544e+002  1.0990038e+002  1.0899094e+002  1.0852690e+002  1.1272577e+002
  5.0666667e-001  1.1840620e+002  1.0930360e+002  1.0820750e+002  1.0807231e+002  1.1215351e+002
  5.1333333e-001  1.1877371e+002  1.0875594e+002  1.0755017e+002  1.0766650e+002  1.1159710e+002
  5.2000000e-001  1.1928017e+002  1.0825016e+002  1.0694601e+002  1.0737275e+002  1.1102305e+002
  5.2666667e-001  1.1992463e+002  1.0775840e+002  1.0642134e+002  1.0702274e+002  1.1042888e+002
  5.3333333e-001  1.2073745e+002  1.0735104e+002  1.0603005e+002  1.0670525e+002  1.0988435e+002
  5.4000000e-001  1.2167516e+002  1.0692680e+002  1.0565493e+002  1.0650500e+002  1.0932707e+002
  5.4666667e-001  1.2266068e+002  1.0647849e+002  1.0533863e+002  1.0627282e+002  1.0880346e+002
  5.5333333e-001  1.2352039e+002  1.0602236e+002  1.0508737e+002  1.0606803e+002  1.0829987e+002
  5.6000000e-001  1.2398718e+002  1.0543921e+002  1.0486236e+002  1.0584952e+002  1.0785286e+002
  5.6666667e-001  1.2404250e+002  1.0482884e+002  1.0465227e+002  1.0559550e+002  1.0747488e+002
  5.7333333e-001  1.2367246e+002  1.0424969e+002  1.0446171e+002  1.0532961e+002  1.0711019e+002
  5.8000000e-001  1.2294308e+002  1.0370493e+002  1.0426692e+002  1.0500858e+002  1.0672053e+002
  5.8666667e-001  1.2210970e+002  1.0321095e+002  1.0400520e+002  1.0475571e+002  1.0635757e+002
  5.9333333e-001  1.2109128e+002  1.0273002e+002  1.0364552e+002  1.0450865e+002  1.0604324e+002
  6.0000000e-001  1.1995088e+002  1.0225540e+002  1.0328057e+002  1.0434834e+002  1.0569919e+002
  6.0666667e-001  1.1863873e+002  1.0192802e+002  1.0289408e+002  1.0418800e+002  1.0537499e+002
  6.1333333e-001  1.1713245e+002  1.0164732e+002  1.0246880e+002  1.0404433e+002  1.0507947e+002
  6.2000000e-001  1.1552431e+002  1.0138420e+002  1.0205771e+002  1.0391476e+002  1.0471210e+002
  6.2666667e-001  1.1405121e+002  1.0116563e+002  1.0164282e+002  1.0378332e+002  1.0433839e+002
  6.3333333e-001  1.1293767e+002  1.0101920e+002  1.0128617e+002  1.0367068e+002  1.0397938e+002
  6.4000000e-001  1.1225014e+002  1.0089342e+002  1.0094037e+002  1.0349051e+002  1.0355945e+002
  6.4666667e-001  1.1204089e+002  1.0082394e+002  1.0058011e+002  1.0337205e+002  1.0314239e+002
  6.5333333e-001  1.1227772e+002  1.0085085e+002  1.0015416e+002  1.0328307e+002  1.0278239e+002
  6.6000000e-001  1.1277433e+002  1.0091065e+002  9.9843765e+001  1.0317202e+002  1.0243364e+002
  6.6666667e-001  1.1337524e+002  1.0103985e+002  9.9629700e+001  1.0308518e+002  1.0210084e+002
  6.7333333e-001  1.1392328e+002  1.0122247e+002  9.9377312e+001  1.0305735e+002  1.0181689e+002
  6.8000000e-001  1.1441702e+002  1.0140942e+002  9.9119423e+001  1.0307343e+002  1.0159934e+002
  6.8666667e-001  1.1488741e+002  1.0155393e+002  9.8912468e+001  1.0312384e+002  1.0139167e+002
  6.9333333e-001  1.1527766e+002  1.0161917e+002  9.8743660e+001  1.0322958e+002  1.0123174e+002
  7.0000000e-001  1.1560987e+002  1.0167349e+002  9.8572372e+001  1.0327110e+002  1.0104466e+002
  7.0666667e-001  1.1587222e+002  1.0163258e+002  9.8396156e+001  1.0334384e+002  1.0089774e+002
  7.1333333e-001  1.1614349e+002  1.0151157e+002  9.8218956e+001  1.0342716e+002  1.0079366e+002
  7.2000000e-001  1.1648765e+002  1.0138696e+002  9.8066895e+001  1.0346036e+002  1.0071249e+002
  7.2666667e-001  1.1679730e+002  1.0126205e+002  9.7937706e+001  1.0353278e+002  1.0069466e+002
  7.3333333e-001  1.1698650e+002  1.0110304e+002  9.7836693e+001  1.0361462e+002  1.0071541e+002
  7.4000000e-001  1.1694836e+002  1.0110641e+002  9.7728218e+001  1.0375975e+002  1.0077167e+002
  7.4666667e-001  1.1649416e+002  1.0117170e+002  9.7618263e+001  1.0396069e+002  1.0081390e+002
  7.5333333e-001  1.1563766e+002  1.0125888e+002  9.7553284e+001  1.0414973e+002  1.0082555e+002
  7.6000000e-001  1.1458522e+002  1.0133468e+002  9.7495018e+001  1.0432309e+002  1.0088709e+002
  7.6666667e-001  1.1349094e+002  1.0143977e+002  9.7456009e+001  1.0447539e+002  1.0094530e+002
  7.7333333e-001  1.1236905e+002  1.0154665e+002  9.7395866e+001  1.0461113e+002  1.0097858e+002
  7.8000000e-001  1.1150021e+002  1.0164297e+002  9.7307800e+001  1.0473695e+002  1.0103275e+002
  7.8666667e-001  1.1091832e+002  1.0182642e+002  9.7182556e+001  1.0483263e+002  1.0111989e+002
  7.9333333e-001  1.1058741e+002  1.0200780e+002  9.7000282e+001  1.0491502e+002  1.0116848e+002
  8.0000000e-001  1.1042452e+002  1.0224292e+002  9.6848679e+001  1.0505039e+002  1.0121454e+002
  8.0666667e-001  1.1031039e+002  1.0251030e+002  9.6717644e+001  1.0517183e+002  1.0125171e+002
  8.1333333e-001  1.1027229e+002  1.0285669e+002  9.6544456e+001  1.0522154e+002  1.0127631e+002
  8.2000000e-001  1.1028950e+002  1.0326215e+002  9.6351776e+001  1.0528999e+002  1.0128788e+002
  8.2666667e-001  1.1025548e+002  1.0363366e+002  9.6209900e+001  1.0547467e+002  1.0128330e+002
  8.3333333e-001  1.1020413e+002  1.0400582e+002  9.6120964e+001  1.0565669e+002  1.0127579e+002
  8.4000000e-001  1.1011198e+002  1.0426792e+002  9.6054855e+001  1.0584126e+002  1.0127535e+002
  8.4666667e-001  1.0986864e+002  1.0449254e+002  9.6032799e+001  1.0603637e+002  1.0130218e+002
  8.5333333e-001  1.0947535e+002  1.0471571e+002  9.6027634e+001  1.0620557e+002  1.0133279e+002
  8.6000000e-001  1.0887946e+002  1.0485764e+002  9.6109291e+001  1.0644063e+002  1.0142401e+002
  8.6666667e-001  1.0820616e+002  1.0497172e+002  9.6172379e+001  1.0665224e+002  1.0146939e+002
  8.7333333e-001  1.0745792e+002  1.0512573e+002  9.6235054e+001  1.0684943e+002  1.0155903e+002
  8.8000000e-001  1.0678275e+002  1.0526533e+002  9.6252823e+001  1.0703355e+002  1.0168593e+002
  8.8666667e-001  1.0609948e+002  1.0545313e+002  9.6262970e+001  1.0718984e+002  1.0177284e+002
  8.9333333e-001  1.0553431e+002  1.0568931e+002  9.6255013e+001  1.0741596e+002  1.0191729e+002
  9.0000000e-001  1.0519102e+002  1.0602616e+002  9.6211548e+001  1.0763694e+002  1.0210286e+002
  9.0666667e-001  1.0496523e+002  1.0632489e+002  9.6161987e+001  1.0789253e+002  1.0230865e+002
  9.1333333e-001  1.0485961e+002  1.0664339e+002  9.6115395e+001  1.0810333e+002  1.0248901e+002
  9.2000000e-001  1.0475885e+002  1.0701760e+002  9.6016663e+001  1.0832514e+002  1.0266441e+002
  9.2666667e-001  1.0457960e+002  1.0730460e+002  9.5928040e+001  1.0851473e+002  1.0282150e+002
  9.3333333e-001  1.0430360e+002  1.0765536e+002  9.5818100e+001  1.0876503e+002  1.0295624e+002
  9.4000000e-001  1.0394831e+002  1.0806556e+002  9.5683510e+001  1.0890175e+002  1.0303783e+002
  9.4666667e-001  1.0359103e+002  1.0841222e+002  9.5590614e+001  1.0904784e+002  1.0315204e+002
  9.5333333e-001  1.0320335e+002  1.0882964e+002  9.5503563e+001  1.0914531e+002  1.0323715e+002
  9.6000000e-001  1.0276190e+002  1.0922582e+002  9.5447693e+001  1.0927335e+002  1.0331265e+002
  9.6666667e-001  1.0242548e+002  1.0958051e+002  9.5424332e+001  1.0945850e+002  1.0337241e+002
  9.7333333e-001  1.0220547e+002  1.0994423e+002  9.5417107e+001  1.0959722e+002  1.0348516e+002
  9.8000000e-001  1.0209985e+002  1.1023600e+002  9.5411133e+001  1.0974178e+002  1.0355177e+002
  9.8666667e-001  1.0202403e+002  1.1053423e+002  9.5521904e+001  1.0989317e+002  1.0364565e+002
  9.9333333e-001  1.0201520e+002  1.1077643e+002  9.5607910e+001  1.1009464e+002  1.0376618e+002
  1.0000000e+000  1.0200234e+002  1.1097292e+002  9.5634964e+001  1.1024303e+002  1.0390672e+002
  1.0066667e+000  1.0202152e+002  1.1119202e+002  9.5634720e+001  1.1034753e+002  1.0407594e+002
  1.0133333e+000  1.0208681e+002  1.1143686e+002  9.5609131e+001  1.1051363e+002  1.0432748e+002
  1.0200000e+000  1.0219788e+002  1.1162651e+002  9.5535126e+001  1.1066346e+002  1.0454837e+002
  1.0266667e+000  1.0226634e+002  1.1185054e+002  9.5439743e+001  1.1083698e+002  1.0478557e+002
  1.0333333e+000  1.0238390e+002  1.1209363e+002  9.5264107e+001  1.1107928e+002  1.0504209e+002
  1.0400000e+000  1.0255413e+002  1.1235167e+002  9.5066826e+001  1.1122968e+002  1.0531438e+002
  1.0466667e+000  1.0271051e+002  1.1264617e+002  9.4988060e+001  1.1141824e+002  1.0557845e+002
  1.0533333e+000  1.0281002e+002  1.1290794e+002  9.4905724e+001  1.1162257e+002  1.0584768e+002
  1.0600000e+000  1.0280192e+002  1.1316026e+002  9.4821381e+001  1.1181700e+002  1.0612186e+002
  1.0666667e+000  1.0269571e+002  1.1344416e+002  9.4768723e+001  1.1201420e+002  1.0639895e+002
  1.0733333e+000  1.0247035e+002  1.1365728e+002  9.4765671e+001  1.1220622e+002  1.0661461e+002
  1.0800000e+000  1.0212090e+002  1.1389667e+002  9.4707489e+001  1.1246641e+002  1.0687917e+002
  1.0866667e+000  1.0175633e+002  1.1413660e+002  9.4640137e+001  1.1271157e+002  1.0713541e+002
  1.0933333e+000  1.0138951e+002  1.1437457e+002  9.4580650e+001  1.1291325e+002  1.0738194e+002
  1.1000000e+000  1.0106709e+002  1.1456481e+002  9.4513924e+001  1.1318532e+002  1.0765914e+002
  1.1066667e+000  1.0087451e+002  1.1473665e+002  9.4468399e+001  1.1347468e+002  1.0789528e+002
  1.1133333e+000  1.0072987e+002  1.1490341e+002  9.4394943e+001  1.1373247e+002  1.0813836e+002
  1.1200000e+000  1.0069344e+002  1.1507693e+002  9.4280891e+001  1.1398296e+002  1.0840861e+002
  1.1266667e+000  1.0074942e+002  1.1531773e+002  9.4153030e+001  1.1422789e+002  1.0866988e+002
  1.1333333e+000  1.0083122e+002  1.1552357e+002  9.4040359e+001  1.1457418e+002  1.0893489e+002
  1.1400000e+000  1.0089217e+002  1.1570310e+002  9.3912811e+001  1.1484913e+002  1.0922994e+002
  1.1466667e+000  1.0098776e+002  1.1590860e+002  9.3756973e+001  1.1512415e+002  1.0957262e+002
  1.1533333e+000  1.0118184e+002  1.1614224e+002  9.3677696e+001  1.1545363e+002  1.0993478e+002
  1.1600000e+000  1.0133768e+002  1.1636323e+002  9.3614174e+001  1.1573837e+002  1.1027573e+002
  1.1666667e+000  1.0156901e+002  1.1663435e+002  9.3535347e+001  1.1601272e+002  1.1056239e+002
  1.1733333e+000  1.0188043e+002  1.1696699e+002  9.3479080e+001  1.1635510e+002  1.1086638e+002
  1.1800000e+000  1.0222128e+002  1.1726188e+002  9.3474968e+001  1.1663130e+002  1.1122571e+002
  1.1866667e+000  1.0252316e+002  1.1756670e+002  9.3486275e+001  1.1690586e+002  1.1154215e+002
  1.1933333e+000  1.0278335e+002  1.1790550e+002  9.3499107e+001  1.1722229e+002  1.1189754e+002
  1.2000000e+000  1.0297570e+002  1.1828845e+002  9.3512627e+001  1.1747765e+002  1.1231186e+002
  1.2066667e+000  1.0312058e+002  1.1857976e+002  9.3566612e+001  1.1769952e+002  1.1276033e+002
  1.2133333e+000  1.0317854e+002  1.1889682e+002  9.3597221e+001  1.1798578e+002  1.1319691e+002
  1.2200000e+000  1.0317429e+002  1.1924052e+002  9.3577522e+001  1.1821452e+002  1.1359139e+002
  1.2266667e+000  1.0311327e+002  1.1960864e+002  9.3567490e+001  1.1836182e+002  1.1401446e+002
  1.2333333e+000  1.0304329e+002  1.1991715e+002  9.3570015e+001  1.1860149e+002  1.1446872e+002
  1.2400000e+000  1.0308467e+002  1.2022957e+002  9.3552864e+001  1.1885445e+002  1.1491332e+002
  1.2466667e+000  1.0324634e+002  1.2051887e+002  9.3566452e+001  1.1905133e+002  1.1537228e+002
  1.2533333e+000  1.0341589e+002  1.2086506e+002  9.3576157e+001  1.1925527e+002  1.1582262e+002
  1.2600000e+000  1.0368391e+002  1.2114476e+002  9.3593033e+001  1.1947497e+002  1.1624924e+002
  1.2666667e+000  1.0398338e+002  1.2147046e+002  9.3624718e+001  1.1965437e+002  1.1669643e+002
  1.2733333e+000  1.0429413e+002  1.2181897e+002  9.3649857e+001  1.1976568e+002  1.1717088e+002
  1.2800000e+000  1.0461153e+002  1.2218304e+002  9.3646103e+001  1.1992389e+002  1.1768127e+002
  1.2866667e+000  1.0496764e+002  1.2250074e+002  9.3664841e+001  1.2009492e+002  1.1816299e+002
  1.2933333e+000  1.0537168e+002  1.2281471e+002  9.3702217e+001  1.2026697e+002  1.1864140e+002
  1.3000000e+000  1.0581937e+002  1.2311359e+002  9.3708611e+001  1.2051177e+002  1.1911131e+002
  1.3066667e+000  1.0623819e+002  1.2347218e+002  9.3730141e+001  1.2067757e+002  1.1955502e+002
  1.3133333e+000  1.0664159e+002  1.2387875e+002  9.3732193e+001  1.2091076e+002  1.1999180e+002
  1.3200000e+000  1.0702700e+002  1.2421194e+002  9.3720001e+001  1.2118167e+002  1.2041942e+002
  1.3266667e+000  1.0740499e+002  1.2452605e+002  9.3758591e+001  1.2136535e+002  1.2084328e+002
  1.3333333e+000  1.0769330e+002  1.2489987e+002  9.3771645e+001  1.2155045e+002  1.2124355e+002
  1.3400000e+000  1.0800928e+002  1.2528840e+002  9.3821976e+001  1.2176688e+002  1.2160854e+002
  1.3466667e+000  1.0828169e+002  1.2567834e+002  9.3835228e+001  1.2199304e+002  1.2206647e+002
  1.3533333e+000  1.0855333e+002  1.2606344e+002  9.3866348e+001  1.2223097e+002  1.2251054e+002
  1.3600000e+000  1.0883823e+002  1.2642867e+002  9.3871407e+001  1.2248339e+002  1.2291019e+002
  1.3666667e+000  1.0907216e+002  1.2674487e+002  9.3882164e+001  1.2268278e+002  1.2335632e+002
  1.3733333e+000  1.0935724e+002  1.2712504e+002  9.3977837e+001  1.2284627e+002  1.2372256e+002
  1.3800000e+000  1.0968658e+002  1.2750174e+002  9.4069870e+001  1.2304142e+002  1.2409435e+002
  1.3866667e+000  1.1001007e+002  1.2786002e+002  9.4195587e+001  1.2323246e+002  1.2445083e+002
  1.3933333e+000  1.1039136e+002  1.2822063e+002  9.4385307e+001  1.2355459e+002  1.2477586e+002
  1.4000000e+000  1.1074880e+002  1.2859459e+002  9.4586975e+001  1.2377412e+002  1.2517752e+002
  1.4066667e+000  1.1109438e+002  1.2893370e+002  9.4679062e+001  1.2398193e+002  1.2552425e+002
  1.4133333e+000  1.1153281e+002  1.2929927e+002  9.4747139e+001  1.2422116e+002  1.2584777e+002
  1.4200000e+000  1.1193259e+002  1.2961879e+002  9.4801712e+001  1.2443075e+002  1.2610191e+002
  1.4266667e+000  1.1234035e+002  1.2987819e+002  9.4875443e+001  1.2461183e+002  1.2640071e+002
  1.4333333e+000  1.1273619e+002  1.3010791e+002  9.4949341e+001  1.2478164e+002  1.2664947e+002
  1.4400000e+000  1.1313361e+002  1.3035249e+002  9.4982201e+001  1.2495753e+002  1.2685425e+002
  1.4466667e+000  1.1358662e+002  1.3056792e+002  9.4974251e+001  1.2514801e+002  1.2707990e+002
  1.4533333e+000  1.1399046e+002  1.3071838e+002  9.5075706e+001  1.2531458e+002  1.2727499e+002
  1.4600000e+000  1.1432867e+002  1.3088737e+002  9.5164787e+001  1.2552122e+002  1.2747874e+002
  1.4666667e+000  1.1467772e+002  1.3105019e+002  9.5269539e+001  1.2565805e+002  1.2776332e+002
  1.4733333e+000  1.1503155e+002  1.3119658e+002  9.5390778e+001  1.2580578e+002  1.2794510e+002
  1.4800000e+000  1.1540336e+002  1.3130617e+002  9.5514984e+001  1.2594726e+002  1.2805821e+002
  1.4866667e+000  1.1586408e+002  1.3139966e+002  9.5644623e+001  1.2607084e+002  1.2822350e+002
  1.4933333e+000  1.1636326e+002  1.3149976e+002  9.5786827e+001  1.2625059e+002  1.2840428e+002
  1.5000000e+000  1.1684552e+002  1.3168291e+002  9.5938881e+001  1.2635834e+002  1.2854790e+002
  1.5066667e+000  1.1741513e+002  1.3189580e+002  9.6039749e+001  1.2648067e+002  1.2868404e+002
  1.5133333e+000  1.1803030e+002  1.3207150e+002  9.6163071e+001  1.2664194e+002  1.2881273e+002
  1.5200000e+000  1.1862359e+002  1.3224425e+002  9.6281693e+001  1.2675465e+002  1.2896205e+002
  1.5266667e+000  1.1920160e+002  1.3245157e+002  9.6450050e+001  1.2689090e+002  1.2910173e+002
  1.5333333e+000  1.1975105e+002  1.3259106e+002  9.6631966e+001  1.2700411e+002  1.2919290e+002
  1.5400000e+000  1.2028603e+002  1.3281880e+002  9.6785210e+001  1.2709666e+002  1.2929213e+002
  1.5466667e+000  1.2087326e+002  1.3304863e+002  9.6909698e+001  1.2721799e+002  1.2933142e+002
  1.5533333e+000  1.2140582e+002  1.3325284e+002  9.7011429e+001  1.2729993e+002  1.2942101e+002
  1.5600000e+000  1.2191889e+002  1.3343344e+002  9.7067307e+001  1.2744373e+002  1.2956595e+002
  1.5666667e+000  1.2237974e+002  1.3370792e+002  9.7168396e+001  1.2753706e+002  1.2967094e+002
  1.5733333e+000  1.2277085e+002  1.3393027e+002  9.7237358e+001  1.2762563e+002  1.2975291e+002
  1.5800000e+000  1.2309457e+002  1.3415715e+002  9.7319519e+001  1.2770738e+002  1.2988043e+002
  1.5866667e+000  1.2344688e+002  1.3441975e+002  9.7380760e+001  1.2783058e+002  1.3006555e+002
  1.5933333e+000  1.2375246e+002  1.3459773e+002  9.7474197e+001  1.2790624e+002  1.3015898e+002
  1.6000000e+000  1.2409070e+002  1.3471214e+002  9.7593834e+001  1.2796839e+002  1.3025687e+002
  1.6066667e+000  1.2429283e+002  1.3491699e+002  9.7689011e+001  1.2805722e+002  1.3035457e+002
  1.6133333e+000  1.2454591e+002  1.3513419e+002  9.7844849e+001  1.2813882e+002  1.3045575e+002
  1.6200000e+000  1.2480186e+002  1.3520856e+002  9.8067162e+001  1.2826506e+002  1.3058351e+002
  1.6266667e+000  1.2508047e+002  1.3529277e+002  9.8324539e+001  1.2841324e+002  1.3064511e+002
  1.6333333e+000  1.2534177e+002  1.3544005e+002  9.8565254e+001  1.2856294e+002  1.3062825e+002
  1.6400000e+000  1.2556446e+002  1.3551886e+002  9.8761856e+001  1.2865393e+002  1.3068901e+002
  1.6466667e+000  1.2584233e+002  1.3560419e+002  9.8945717e+001  1.2878941e+002  1.3081526e+002
  1.6533333e+000  1.2608506e+002  1.3574760e+002  9.9130089e+001  1.2889806e+002  1.3088661e+002
  1.6600000e+000  1.2634154e+002  1.3586342e+002  9.9294601e+001  1.2899780e+002  1.3097357e+002
  1.6666667e+000  1.2658701e+002  1.3593231e+002  9.9483902e+001  1.2907745e+002  1.3102383e+002
  1.6733333e+000  1.2678707e+002  1.3597498e+002  9.9609627e+001  1.2919070e+002  1.3111421e+002
  1.6800000e+000  1.2706108e+002  1.3604068e+002  9.9761391e+001  1.2932303e+002  1.3119855e+002
  1.6866667e+000  1.2735526e+002  1.3614038e+002  9.9888412e+001  1.2940987e+002  1.3127379e+002
  1.6933333e+000  1.2763138e+002  1.3625266e+002  1.0002664e+002  1.2950447e+002  1.3135802e+002
  1.7000000e+000  1.2790745e+002  1.3634476e+002  1.0018713e+002  1.2957539e+002  1.3135565e+002
  1.7066667e+000  1.2819775e+002  1.3643886e+002  1.0033186e+002  1.2969600e+002  1.3138487e+002
  1.7133333e+000  1.2846362e+002  1.3654471e+002  1.0046970e+002  1.2979366e+002  1.3143483e+002
  1.7200000e+000  1.2874911e+002  1.3670802e+002  1.0065244e+002  1.2978571e+002  1.3143861e+002
  1.7266667e+000  1.2901108e+002  1.3684766e+002  1.0086358e+002  1.2980602e+002  1.3145383e+002
  1.7333333e+000  1.2923129e+002  1.3691519e+002  1.0100469e+002  1.2989319e+002  1.3143315e+002
  1.7400000e+000  1.2940356e+002  1.3704379e+002  1.0114462e+002  1.2991600e+002  1.3143492e+002
  1.7466667e+000  1.2955226e+002  1.3723640e+002  1.0134838e+002  1.2997174e+002  1.3142113e+002
  1.7533333e+000  1.2974249e+002  1.3736700e+002  1.0150472e+002  1.3004091e+002  1.3143599e+002
  1.7600000e+000  1.2994360e+002  1.3745718e+002  1.0163180e+002  1.3010275e+002  1.3142885e+002
  1.7666667e+000  1.3014023e+002  1.3760519e+002  1.0176897e+002  1.3013403e+002  1.3138513e+002
  1.7733333e+000  1.3032779e+002  1.3774490e+002  1.0193580e+002  1.3012392e+002  1.3138234e+002
  1.7800000e+000  1.3055814e+002  1.3790324e+002  1.0208585e+002  1.3022391e+002  1.3140961e+002
  1.7866667e+000  1.3073662e+002  1.3808546e+002  1.0221519e+002  1.3031461e+002  1.3140111e+002
  1.7933333e+000  1.3086874e+002  1.3818187e+002  1.0234435e+002  1.3027730e+002  1.3141487e+002
  1.8000000e+000  1.3103000e+002  1.3834055e+002  1.0246665e+002  1.3029800e+002  1.3143652e+002
  1.8066667e+000  1.3119801e+002  1.3846384e+002  1.0254758e+002  1.3034679e+002  1.3144678e+002
  1.8133333e+000  1.3132344e+002  1.3856473e+002  1.0261282e+002  1.3032913e+002  1.3148555e+002
  1.8200000e+000  1.3146228e+002  1.3869691e+002  1.0264748e+002  1.3031868e+002  1.3147311e+002
  1.8266667e+000  1.3156635e+002  1.3872452e+002  1.0262230e+002  1.3036012e+002  1.3146161e+002
  1.8333333e+000  1.3165390e+002  1.3886379e+002  1.0261942e+002  1.3037611e+002  1.3148306e+002
  1.8400000e+000  1.3173578e+002  1.3897902e+002  1.0258588e+002  1.3037089e+002  1.3151515e+002
  1.8466667e+000  1.3177733e+002  1.3902074e+002  1.0253156e+002  1.3040681e+002  1.3156508e+002
  1.8533333e+000  1.3185933e+002  1.3909175e+002  1.0244038e+002  1.3046262e+002  1.3152339e+002
  1.8600000e+000  1.3196600e+002  1.3918739e+002  1.0234402e+002  1.3055643e+002  1.3149573e+002
  1.8666667e+000  1.3199568e+002  1.3927348e+002  1.0224374e+002  1.3056171e+002  1.3152176e+002
  1.8733333e+000  1.3203848e+002  1.3931999e+002  1.0211035e+002  1.3054016e+002  1.3152618e+002
  1.8800000e+000  1.3212495e+002  1.3943187e+002  1.0196394e+002  1.3052077e+002  1.3150619e+002
  1.8866667e+000  1.3223389e+002  1.3948804e+002  1.0190445e+002  1.3050473e+002  1.3151344e+002
  1.8933333e+000  1.3229405e+002  1.3949846e+002  1.0190296e+002  1.3055428e+002  1.3148119e+002
  1.9000000e+000  1.3234584e+002  1.3954405e+002  1.0186070e+002  1.3055270e+002  1.3145386e+002
  1.9066667e+000  1.3244544e+002  1.3965041e+002  1.0189713e+002  1.3054244e+002  1.3145714e+002
  1.9133333e+000  1.3252136e+002  1.3974255e+002  1.0191450e+002  1.3057651e+002  1.3143543e+002
  1.9200000e+000  1.3258212e+002  1.3987747e+002  1.0195669e+002  1.3061021e+002  1.3138188e+002
  1.9266667e+000  1.3266422e+002  1.3997954e+002  1.0200173e+002  1.3059309e+002  1.3130510e+002
  1.9333333e+000  1.3275461e+002  1.4002460e+002  1.0206409e+002  1.3054843e+002  1.3129317e+002
  1.9400000e+000  1.3286586e+002  1.3995644e+002  1.0212522e+002  1.3049202e+002  1.3126306e+002
  1.9466667e+000  1.3295448e+002  1.4000635e+002  1.0216251e+002  1.3047339e+002  1.3122101e+002
  1.9533333e+000  1.3303005e+002  1.4009225e+002  1.0222604e+002  1.3051358e+002  1.3123334e+002
  1.9600000e+000  1.3313611e+002  1.4006058e+002  1.0226106e+002  1.3049489e+002  1.3120172e+002
  1.9666667e+000  1.3326997e+002  1.4004852e+002  1.0229413e+002  1.3045978e+002  1.3111606e+002
  1.9733333e+000  1.3331813e+002  1.4005765e+002  1.0235217e+002  1.3044501e+002  1.3108063e+002
  1.9800000e+000  1.3333939e+002  1.4010634e+002  1.0239127e+002  1.3040195e+002  1.3102376e+002
  1.9866667e+000  1.3340956e+002  1.4013617e+002  1.0238295e+002  1.3041963e+002  1.3101523e+002
  1.9933333e+000  1.3349829e+002  1.4020020e+002  1.0239573e+002  1.3045435e+002  1.3097954e+002
  2.0000000e+000  1.3356575e+002  1.4028026e+002  1.0247709e+002  1.3043813e+002  1.3091594e+002
