 -5.0000000e-001 -4.4073944e+001 -4.3195457e+001 -4.1401310e+001 -4.2000256e+001 -4.2057999e+001
 -4.9333333e-001 -4.4075375e+001 -4.3189869e+001 -4.1414955e+001 -4.2011166e+001 -4.2066132e+001
 -4.8666667e-001 -4.4072784e+001 -4.3188213e+001 -4.1417511e+001 -4.2021648e+001 -4.2060814e+001
 -4.8000000e-001 -4.4079655e+001 -4.3181271e+001 -4.1406898e+001 -4.2011742e+001 -4.2050240e+001
 -4.7333333e-001 -4.4080868e+001 -4.3179626e+001 -4.1405415e+001 -4.2015125e+001 -4.2051849e+001
 -4.6666667e-001 -4.4080006e+001 -4.3183945e+001 -4.1404785e+001 -4.2027851e+001 -4.2050987e+001
 -4.6000000e-001 -4.4089321e+001 -4.3182262e+001 -4.1404125e+001 -4.2017727e+001 -4.2041740e+001
 -4.5333333e-001 -4.4099834e+001 -4.3179573e+001 -4.1411369e+001 -4.2003788e+001 -4.2031147e+001
 -4.4666667e-001 -4.4108227e+001 -4.3182648e+001 -4.1417454e+001 -4.2014671e+001 -4.2021473e+001
 -4.4000000e-001 -4.4112160e+001 -4.3178848e+001 -4.1417717e+001 -4.2033325e+001 -4.2019524e+001
 -4.3333333e-001 -4.4107616e+001 -4.3175259e+001 -4.1424042e+001 -4.2025635e+001 -4.2014786e+001
 -4.2666667e-001 -4.4105930e+001 -4.3186489e+001 -4.1439743e+001 -4.2015987e+001 -4.2014755e+001
 -4.2000000e-001 -4.4124660e+001 -4.3186390e+001 -4.1442360e+001 -4.2001774e+001 -4.2009796e+001
 -4.1333333e-001 -4.4147381e+001 -4.3170288e+001 -4.1439034e+001 -4.1994541e+001 -4.1998661e+001
 -4.0666667e-001 -4.4145496e+001 -4.3169552e+001 -4.1438736e+001 -4.2002411e+001 -4.2004192e+001
 -4.0000000e-001 -4.4151131e+001 -4.3181820e+001 -4.1427399e+001 -4.2000584e+001 -4.2006771e+001
 -3.9333333e-001 -4.4166691e+001 -4.3185707e+001 -4.1424873e+001 -4.1984943e+001 -4.2002724e+001
 -3.8666667e-001 -4.4170837e+001 -4.3164978e+001 -4.1423264e+001 -4.1972958e+001 -4.2008812e+001
 -3.8000000e-001 -4.4184879e+001 -4.3169888e+001 -4.1417130e+001 -4.1966591e+001 -4.2017704e+001
 -3.7333333e-001 -4.4186844e+001 -4.3171532e+001 -4.1403404e+001 -4.1966164e+001 -4.2033005e+001
 -3.6666667e-001 -4.4184410e+001 -4.3169888e+001 -4.1394264e+001 -4.1979965e+001 -4.2048847e+001
 -3.6000000e-001 -4.4184483e+001 -4.3169807e+001 -4.1384186e+001 -4.1993469e+001 -4.2044735e+001
 -3.5333333e-001 -4.4177185e+001 -4.3156059e+001 -4.1391022e+001 -4.1978828e+001 -4.2047108e+001
 -3.4666667e-001 -4.4185581e+001 -4.3159008e+001 -4.1398323e+001 -4.1964096e+001 -4.2064674e+001
 -3.4000000e-001 -4.4189491e+001 -4.3161396e+001 -4.1379105e+001 -4.1977257e+001 -4.2062004e+001
 -3.3333333e-001 -4.4190037e+001 -4.3172958e+001 -4.1364956e+001 -4.1973991e+001 -4.2060570e+001
 -3.2666667e-001 -4.4197483e+001 -4.3197174e+001 -4.1355843e+001 -4.1964127e+001 -4.2065235e+001
 -3.2000000e-001 -4.4203003e+001 -4.3201660e+001 -4.1353069e+001 -4.1976246e+001 -4.2060040e+001
 -3.1333333e-001 -4.4203114e+001 -4.3198772e+001 -4.1362518e+001 -4.1996895e+001 -4.2051022e+001
 -3.0666667e-001 -4.4219177e+001 -4.3209682e+001 -4.1363518e+001 -4.2007526e+001 -4.2038708e+001
 -3.0000000e-001 -4.4232533e+001 -4.3224972e+001 -4.1354496e+001 -4.2001369e+001 -4.2030735e+001
 -2.9333333e-001 -4.4235149e+001 -4.3232948e+001 -4.1356140e+001 -4.1996807e+001 -4.2031384e+001
 -2.8666667e-001 -4.4234947e+001 -4.3247013e+001 -4.1355762e+001 -4.1997089e+001 -4.2030270e+001
 -2.8000000e-001 -4.4243095e+001 -4.3255436e+001 -4.1356361e+001 -4.1986847e+001 -4.2023613e+001
 -2.7333333e-001 -4.4247936e+001 -4.3245701e+001 -4.1345371e+001 -4.1974255e+001 -4.2024319e+001
 -2.6666667e-001 -4.4247173e+001 -4.3252571e+001 -4.1344059e+001 -4.1959694e+001 -4.2033775e+001
 -2.6000000e-001 -4.4244114e+001 -4.3255714e+001 -4.1353321e+001 -4.1952499e+001 -4.2021149e+001
 -2.5333333e-001 -4.4245243e+001 -4.3245712e+001 -4.1362438e+001 -4.1944622e+001 -4.2006756e+001
 -2.4666667e-001 -4.4248722e+001 -4.3255169e+001 -4.1359180e+001 -4.1934185e+001 -4.2018120e+001
 -2.4000000e-001 -4.4266472e+001 -4.3259403e+001 -4.1346207e+001 -4.1937462e+001 -4.2022884e+001
 -2.3333333e-001 -4.4272209e+001 -4.3252705e+001 -4.1349361e+001 -4.1945499e+001 -4.2022991e+001
 -2.2666667e-001 -4.4279465e+001 -4.3254173e+001 -4.1360367e+001 -4.1936981e+001 -4.2031883e+001
 -2.2000000e-001 -4.4303688e+001 -4.3251083e+001 -4.1375141e+001 -4.1939423e+001 -4.2028690e+001
 -2.1333333e-001 -4.4314346e+001 -4.3255096e+001 -4.1384743e+001 -4.1932125e+001 -4.2029884e+001
 -2.0666667e-001 -4.4328449e+001 -4.3259647e+001 -4.1381588e+001 -4.1922779e+001 -4.2037979e+001
 -2.0000000e-001 -4.4356136e+001 -4.3256290e+001 -4.1371311e+001 -4.1925991e+001 -4.2028011e+001
 -1.9333333e-001 -4.4368774e+001 -4.3257568e+001 -4.1369610e+001 -4.1928276e+001 -4.2014664e+001
 -1.8666667e-001 -4.4369843e+001 -4.3263733e+001 -4.1364601e+001 -4.1930630e+001 -4.2021660e+001
 -1.8000000e-001 -4.4380627e+001 -4.3274960e+001 -4.1358997e+001 -4.1926411e+001 -4.2010399e+001
 -1.7333333e-001 -4.4382198e+001 -4.3287971e+001 -4.1362839e+001 -4.1922932e+001 -4.2013241e+001
 -1.6666667e-001 -4.4355934e+001 -4.3287632e+001 -4.1360767e+001 -4.1922829e+001 -4.2038071e+001
 -1.6000000e-001 -4.4354366e+001 -4.3293293e+001 -4.1374676e+001 -4.1929176e+001 -4.2037666e+001
 -1.5333333e-001 -4.4364777e+001 -4.3281429e+001 -4.1371365e+001 -4.1918610e+001 -4.2031395e+001
 -1.4666667e-001 -4.4356037e+001 -4.3283596e+001 -4.1356247e+001 -4.1921497e+001 -4.2036095e+001
 -1.4000000e-001 -4.4349331e+001 -4.3306328e+001 -4.1355923e+001 -4.1928410e+001 -4.2050041e+001
 -1.3333333e-001 -4.4345158e+001 -4.3308983e+001 -4.1360935e+001 -4.1925983e+001 -4.2062893e+001
 -1.2666667e-001 -4.4341774e+001 -4.3305534e+001 -4.1367825e+001 -4.1935699e+001 -4.2054890e+001
 -1.2000000e-001 -4.4357708e+001 -4.3306999e+001 -4.1371269e+001 -4.1954880e+001 -4.2037655e+001
 -1.1333333e-001 -4.4343933e+001 -4.3311916e+001 -4.1368435e+001 -4.1951260e+001 -4.2047401e+001
 -1.0666667e-001 -4.4331177e+001 -4.3304680e+001 -4.1351376e+001 -4.1943504e+001 -4.2054806e+001
 -1.0000000e-001 -4.4332108e+001 -4.3309570e+001 -4.1345428e+001 -4.1931568e+001 -4.2059841e+001
 -9.3333333e-002 -4.4326305e+001 -4.3319809e+001 -4.1352734e+001 -4.1932838e+001 -4.2058899e+001
 -8.6666667e-002 -4.4301136e+001 -4.3323471e+001 -4.1348206e+001 -4.1950546e+001 -4.2059830e+001
 -8.0000000e-002 -4.4281998e+001 -4.3321339e+001 -4.1333099e+001 -4.1962509e+001 -4.2071301e+001
 -7.3333333e-002 -4.4264862e+001 -4.3331226e+001 -4.1336098e+001 -4.1971409e+001 -4.2087849e+001
 -6.6666667e-002 -4.4248722e+001 -4.3339245e+001 -4.1334972e+001 -4.1992199e+001 -4.2097496e+001
 -6.0000000e-002 -4.4231823e+001 -4.3343388e+001 -4.1329788e+001 -4.2004959e+001 -4.2110302e+001
 -5.3333333e-002 -4.4224030e+001 -4.3351036e+001 -4.1340317e+001 -4.2014042e+001 -4.2138401e+001
 -4.6666667e-002 -4.4204197e+001 -4.3348301e+001 -4.1336807e+001 -4.2004368e+001 -4.2150829e+001
 -4.0000000e-002 -4.4200409e+001 -4.3353230e+001 -4.1331608e+001 -4.1991993e+001 -4.2156639e+001
 -3.3333333e-002 -4.4204655e+001 -4.3356960e+001 -4.1328819e+001 -4.2001797e+001 -4.2171551e+001
 -2.6666667e-002 -4.4205162e+001 -4.3356354e+001 -4.1323456e+001 -4.2021751e+001 -4.2188141e+001
 -2.0000000e-002 -4.4206985e+001 -4.3350266e+001 -4.1315651e+001 -4.2021568e+001 -4.2191669e+001
 -1.3333333e-002 -4.4195980e+001 -4.3350586e+001 -4.1322399e+001 -4.2002899e+001 -4.2183716e+001
 -6.6666667e-003 -4.4197308e+001 -4.3349899e+001 -4.1319016e+001 -4.2009735e+001 -4.2178909e+001
  0.0000000e+000 -4.4209843e+001 -4.3352516e+001 -4.1308365e+001 -4.2017410e+001 -4.2176174e+001
  6.6666667e-003 -4.4215939e+001 -4.3349388e+001 -4.1299072e+001 -4.2022697e+001 -4.2183655e+001
  1.3333333e-002 -4.4220284e+001 -4.3348358e+001 -4.1302383e+001 -4.2035755e+001 -4.2181206e+001
  2.0000000e-002 -4.4226528e+001 -4.3355034e+001 -4.1312485e+001 -4.2031631e+001 -4.2174873e+001
  2.6666667e-002 -4.4220810e+001 -4.3354404e+001 -4.1315372e+001 -4.2046371e+001 -4.2189529e+001
  3.3333333e-002 -4.4221943e+001 -4.3354156e+001 -4.1314358e+001 -4.2072048e+001 -4.2191498e+001
  4.0000000e-002 -4.4238369e+001 -4.3360577e+001 -4.1310261e+001 -4.2077393e+001 -4.2189381e+001
  4.6666667e-002 -4.4244892e+001 -4.3374699e+001 -4.1317295e+001 -4.2086750e+001 -4.2205029e+001
  5.3333333e-002 -4.4262695e+001 -4.3380173e+001 -4.1336300e+001 -4.2098461e+001 -4.2210155e+001
  6.0000000e-002 -4.4279785e+001 -4.3371788e+001 -4.1352062e+001 -4.2111507e+001 -4.2216969e+001
  6.6666667e-002 -4.4290085e+001 -4.3353603e+001 -4.1348366e+001 -4.2129131e+001 -4.2211742e+001
  7.3333333e-002 -4.4307487e+001 -4.3344532e+001 -4.1352882e+001 -4.2132847e+001 -4.2210148e+001
  8.0000000e-002 -4.4312675e+001 -4.3342278e+001 -4.1359333e+001 -4.2132378e+001 -4.2209209e+001
  8.6666667e-002 -4.4320251e+001 -4.3333237e+001 -4.1344360e+001 -4.2124504e+001 -4.2193314e+001
  9.3333333e-002 -4.4327965e+001 -4.3318661e+001 -4.1332645e+001 -4.2115452e+001 -4.2175152e+001
  1.0000000e-001 -4.4334270e+001 -4.3313881e+001 -4.1329830e+001 -4.2114498e+001 -4.2158268e+001
  1.0666667e-001 -4.4344608e+001 -4.3305836e+001 -4.1340233e+001 -4.2115215e+001 -4.2147366e+001
  1.1333333e-001 -4.4361698e+001 -4.3308796e+001 -4.1359974e+001 -4.2109776e+001 -4.2140491e+001
  1.2000000e-001 -4.4389545e+001 -4.3318180e+001 -4.1360142e+001 -4.2106964e+001 -4.2120354e+001
  1.2666667e-001 -4.4413822e+001 -4.3321159e+001 -4.1345181e+001 -4.2104126e+001 -4.2104786e+001
  1.3333333e-001 -4.4424553e+001 -4.3311378e+001 -4.1338531e+001 -4.2082298e+001 -4.2085827e+001
  1.4000000e-001 -4.4421757e+001 -4.3306328e+001 -4.1336746e+001 -4.2061344e+001 -4.2074734e+001
  1.4666667e-001 -4.4421879e+001 -4.3315788e+001 -4.1340076e+001 -4.2059921e+001 -4.2069080e+001
  1.5333333e-001 -4.4437153e+001 -4.3306007e+001 -4.1330898e+001 -4.2060085e+001 -4.2050629e+001
  1.6000000e-001 -4.4463768e+001 -4.3294407e+001 -4.1323654e+001 -4.2042683e+001 -4.2046070e+001
  1.6666667e-001 -4.4496490e+001 -4.3277840e+001 -4.1312374e+001 -4.2035324e+001 -4.2040924e+001
  1.7333333e-001 -4.4552513e+001 -4.3243423e+001 -4.1304226e+001 -4.2030773e+001 -4.2022854e+001
  1.8000000e-001 -4.4631191e+001 -4.3218819e+001 -4.1318802e+001 -4.2027466e+001 -4.2012257e+001
  1.8666667e-001 -4.4748444e+001 -4.3214043e+001 -4.1331676e+001 -4.2023441e+001 -4.2013302e+001
  1.9333333e-001 -4.4896980e+001 -4.3209671e+001 -4.1339401e+001 -4.2047241e+001 -4.2011078e+001
  2.0000000e-001 -4.5057365e+001 -4.3214279e+001 -4.1348843e+001 -4.2078766e+001 -4.2016285e+001
  2.0666667e-001 -4.5242912e+001 -4.3227547e+001 -4.1362469e+001 -4.2104233e+001 -4.2011181e+001
  2.1333333e-001 -4.5427174e+001 -4.3237789e+001 -4.1385601e+001 -4.2145435e+001 -4.2015450e+001
  2.2000000e-001 -4.5619030e+001 -4.3251740e+001 -4.1410656e+001 -4.2229271e+001 -4.2033943e+001
  2.2666667e-001 -4.5840012e+001 -4.3278294e+001 -4.1442585e+001 -4.2345119e+001 -4.2059467e+001
  2.3333333e-001 -4.6059608e+001 -4.3332916e+001 -4.1495640e+001 -4.2493805e+001 -4.2095867e+001
  2.4000000e-001 -4.6300095e+001 -4.3391312e+001 -4.1552006e+001 -4.2671223e+001 -4.2145973e+001
  2.4666667e-001 -4.6536316e+001 -4.3463848e+001 -4.1607807e+001 -4.2851963e+001 -4.2207020e+001
  2.5333333e-001 -4.6763962e+001 -4.3549091e+001 -4.1684250e+001 -4.3046402e+001 -4.2266254e+001
  2.6000000e-001 -4.6993275e+001 -4.3632210e+001 -4.1780319e+001 -4.3261616e+001 -4.2347610e+001
  2.6666667e-001 -4.7233910e+001 -4.3709122e+001 -4.1891708e+001 -4.3502098e+001 -4.2445744e+001
  2.7333333e-001 -4.7504288e+001 -4.3754925e+001 -4.2001598e+001 -4.3763233e+001 -4.2540630e+001
  2.8000000e-001 -4.7802723e+001 -4.3813610e+001 -4.2109104e+001 -4.4044220e+001 -4.2641331e+001
  2.8666667e-001 -4.8126926e+001 -4.3891811e+001 -4.2225628e+001 -4.4354973e+001 -4.2755753e+001
  2.9333333e-001 -4.8428150e+001 -4.3950794e+001 -4.2327869e+001 -4.4723885e+001 -4.2866806e+001
  3.0000000e-001 -4.8736137e+001 -4.4008011e+001 -4.2431774e+001 -4.5144196e+001 -4.2955078e+001
  3.0666667e-001 -4.9061821e+001 -4.4105350e+001 -4.2547764e+001 -4.5537132e+001 -4.3040672e+001
  3.1333333e-001 -4.9363800e+001 -4.4236404e+001 -4.2673401e+001 -4.5900330e+001 -4.3140297e+001
  3.2000000e-001 -4.9680035e+001 -4.4379597e+001 -4.2824635e+001 -4.6241203e+001 -4.3261086e+001
  3.2666667e-001 -5.0050392e+001 -4.4540771e+001 -4.3007420e+001 -4.6578743e+001 -4.3408669e+001
  3.3333333e-001 -5.0442261e+001 -4.4694668e+001 -4.3233139e+001 -4.6924812e+001 -4.3579662e+001
  3.4000000e-001 -5.0880379e+001 -4.4836929e+001 -4.3477196e+001 -4.7296547e+001 -4.3748482e+001
  3.4666667e-001 -5.1383591e+001 -4.5020912e+001 -4.3742413e+001 -4.7712975e+001 -4.3910358e+001
  3.5333333e-001 -5.1889122e+001 -4.5232082e+001 -4.4013561e+001 -4.8146229e+001 -4.4091599e+001
  3.6000000e-001 -5.2421562e+001 -4.5450962e+001 -4.4262455e+001 -4.8628506e+001 -4.4312214e+001
  3.6666667e-001 -5.2998745e+001 -4.5672997e+001 -4.4547989e+001 -4.9147587e+001 -4.4536930e+001
  3.7333333e-001 -5.3576462e+001 -4.5930946e+001 -4.4863102e+001 -4.9666794e+001 -4.4751286e+001
  3.8000000e-001 -5.4156300e+001 -4.6212036e+001 -4.5205845e+001 -5.0172394e+001 -4.4999641e+001
  3.8666667e-001 -5.4786510e+001 -4.6465126e+001 -4.5581429e+001 -5.0660511e+001 -4.5267464e+001
  3.9333333e-001 -5.5404999e+001 -4.6724174e+001 -4.5980568e+001 -5.1146099e+001 -4.5509193e+001
  4.0000000e-001 -5.6014835e+001 -4.7013714e+001 -4.6357979e+001 -5.1625187e+001 -4.5765102e+001
  4.0666667e-001 -5.6637280e+001 -4.7299084e+001 -4.6741241e+001 -5.2100250e+001 -4.6054371e+001
  4.1333333e-001 -5.7297127e+001 -4.7602512e+001 -4.7149052e+001 -5.2545452e+001 -4.6314106e+001
  4.2000000e-001 -5.7986652e+001 -4.7905930e+001 -4.7561394e+001 -5.2990738e+001 -4.6545212e+001
  4.2666667e-001 -5.8679817e+001 -4.8188843e+001 -4.7990227e+001 -5.3420631e+001 -4.6784920e+001
  4.3333333e-001 -5.9442165e+001 -4.8491695e+001 -4.8424961e+001 -5.3811798e+001 -4.7026226e+001
  4.4000000e-001 -6.0278584e+001 -4.8876095e+001 -4.8891399e+001 -5.4229069e+001 -4.7284088e+001
  4.4666667e-001 -6.1150173e+001 -4.9302776e+001 -4.9342773e+001 -5.4665241e+001 -4.7554752e+001
  4.5333333e-001 -6.2083176e+001 -4.9742485e+001 -4.9822353e+001 -5.5100292e+001 -4.7803432e+001
  4.6000000e-001 -6.3059708e+001 -5.0199158e+001 -5.0339390e+001 -5.5557583e+001 -4.8053490e+001
  4.6666667e-001 -6.4072517e+001 -5.0704983e+001 -5.0869678e+001 -5.6070087e+001 -4.8345860e+001
  4.7333333e-001 -6.5095627e+001 -5.1247055e+001 -5.1442238e+001 -5.6629356e+001 -4.8670963e+001
  4.8000000e-001 -6.6104248e+001 -5.1834641e+001 -5.2049137e+001 -5.7202545e+001 -4.8971329e+001
  4.8666667e-001 -6.7101425e+001 -5.2419643e+001 -5.2686066e+001 -5.7803467e+001 -4.9279503e+001
  4.9333333e-001 -6.8038826e+001 -5.3058815e+001 -5.3349190e+001 -5.8441723e+001 -4.9617451e+001
  5.0000000e-001 -6.8909462e+001 -5.3714298e+001 -5.3990253e+001 -5.9097050e+001 -4.9990906e+001
  5.0666667e-001 -6.9704552e+001 -5.4348045e+001 -5.4592892e+001 -5.9776306e+001 -5.0413113e+001
  5.1333333e-001 -7.0454041e+001 -5.4974319e+001 -5.5184841e+001 -6.0469204e+001 -5.0831619e+001
  5.2000000e-001 -7.1149208e+001 -5.5619873e+001 -5.5704967e+001 -6.1163376e+001 -5.1267586e+001
  5.2666667e-001 -7.1780518e+001 -5.6268368e+001 -5.6136986e+001 -6.1858765e+001 -5.1704517e+001
  5.3333333e-001 -7.2323090e+001 -5.6893368e+001 -5.6503620e+001 -6.2577045e+001 -5.2197201e+001
  5.4000000e-001 -7.2798111e+001 -5.7508781e+001 -5.6795345e+001 -6.3281593e+001 -5.2686909e+001
  5.4666667e-001 -7.3256287e+001 -5.8098015e+001 -5.7035049e+001 -6.3982288e+001 -5.3120800e+001
  5.5333333e-001 -7.3678833e+001 -5.8649757e+001 -5.7221355e+001 -6.4677673e+001 -5.3553883e+001
  5.6000000e-001 -7.4038712e+001 -5.9178986e+001 -5.7372066e+001 -6.5336723e+001 -5.3952919e+001
  5.6666667e-001 -7.4330467e+001 -5.9685642e+001 -5.7512032e+001 -6.5945038e+001 -5.4298630e+001
  5.7333333e-001 -7.4590065e+001 -6.0178360e+001 -5.7696011e+001 -6.6527916e+001 -5.4608540e+001
  5.8000000e-001 -7.4803459e+001 -6.0670311e+001 -5.7909550e+001 -6.7043747e+001 -5.4856659e+001
  5.8666667e-001 -7.4970192e+001 -6.1118008e+001 -5.8078594e+001 -6.7529610e+001 -5.5052837e+001
  5.9333333e-001 -7.5097382e+001 -6.1516846e+001 -5.8240238e+001 -6.7969032e+001 -5.5223442e+001
  6.0000000e-001 -7.5167137e+001 -6.1862423e+001 -5.8381138e+001 -6.8358688e+001 -5.5372135e+001
  6.0666667e-001 -7.5221771e+001 -6.2146915e+001 -5.8489773e+001 -6.8741714e+001 -5.5510231e+001
  6.1333333e-001 -7.5270111e+001 -6.2362823e+001 -5.8527081e+001 -6.9097023e+001 -5.5646820e+001
  6.2000000e-001 -7.5277557e+001 -6.2519188e+001 -5.8499866e+001 -6.9428711e+001 -5.5778313e+001
  6.2666667e-001 -7.5229836e+001 -6.2606560e+001 -5.8458652e+001 -6.9745178e+001 -5.5895821e+001
  6.3333333e-001 -7.5152863e+001 -6.2611881e+001 -5.8371761e+001 -7.0055115e+001 -5.5997219e+001
  6.4000000e-001 -7.5043999e+001 -6.2559532e+001 -5.8238941e+001 -7.0359169e+001 -5.6084049e+001
  6.4666667e-001 -7.4922699e+001 -6.2461727e+001 -5.8092514e+001 -7.0627098e+001 -5.6131542e+001
  6.5333333e-001 -7.4820061e+001 -6.2261780e+001 -5.7955189e+001 -7.0895073e+001 -5.6124359e+001
  6.6000000e-001 -7.4684052e+001 -6.1998421e+001 -5.7784916e+001 -7.1149376e+001 -5.6084541e+001
  6.6666667e-001 -7.4581711e+001 -6.1707733e+001 -5.7608009e+001 -7.1362984e+001 -5.6001167e+001
  6.7333333e-001 -7.4523346e+001 -6.1389549e+001 -5.7446774e+001 -7.1527603e+001 -5.5927792e+001
  6.8000000e-001 -7.4450081e+001 -6.1053089e+001 -5.7290581e+001 -7.1621773e+001 -5.5824497e+001
  6.8666667e-001 -7.4359650e+001 -6.0718506e+001 -5.7125359e+001 -7.1673912e+001 -5.5671669e+001
  6.9333333e-001 -7.4259361e+001 -6.0421829e+001 -5.6935127e+001 -7.1691132e+001 -5.5547268e+001
  7.0000000e-001 -7.4154709e+001 -6.0165489e+001 -5.6747639e+001 -7.1687843e+001 -5.5415909e+001
  7.0666667e-001 -7.4070450e+001 -5.9943672e+001 -5.6562122e+001 -7.1679390e+001 -5.5252048e+001
  7.1333333e-001 -7.3979660e+001 -5.9751629e+001 -5.6371685e+001 -7.1666611e+001 -5.5083893e+001
  7.2000000e-001 -7.3851448e+001 -5.9579674e+001 -5.6160156e+001 -7.1639587e+001 -5.4896755e+001
  7.2666667e-001 -7.3711922e+001 -5.9400631e+001 -5.5934624e+001 -7.1596085e+001 -5.4705399e+001
  7.3333333e-001 -7.3567726e+001 -5.9214783e+001 -5.5710690e+001 -7.1524483e+001 -5.4536278e+001
  7.4000000e-001 -7.3435867e+001 -5.9025436e+001 -5.5464737e+001 -7.1426605e+001 -5.4370197e+001
  7.4666667e-001 -7.3280182e+001 -5.8828651e+001 -5.5217419e+001 -7.1306641e+001 -5.4179420e+001
  7.5333333e-001 -7.3121025e+001 -5.8636547e+001 -5.4967594e+001 -7.1164032e+001 -5.3970589e+001
  7.6000000e-001 -7.2954025e+001 -5.8454842e+001 -5.4754669e+001 -7.0973969e+001 -5.3794823e+001
  7.6666667e-001 -7.2815865e+001 -5.8257389e+001 -5.4564701e+001 -7.0741386e+001 -5.3632687e+001
  7.7333333e-001 -7.2675781e+001 -5.8036594e+001 -5.4362675e+001 -7.0519241e+001 -5.3485661e+001
  7.8000000e-001 -7.2508072e+001 -5.7833145e+001 -5.4184708e+001 -7.0304863e+001 -5.3347652e+001
  7.8666667e-001 -7.2318573e+001 -5.7637878e+001 -5.4003956e+001 -7.0081749e+001 -5.3200626e+001
  7.9333333e-001 -7.2104950e+001 -5.7450039e+001 -5.3811008e+001 -6.9860092e+001 -5.3067680e+001
  8.0000000e-001 -7.1888214e+001 -5.7280888e+001 -5.3621246e+001 -6.9624458e+001 -5.2944798e+001
  8.0666667e-001 -7.1629173e+001 -5.7114887e+001 -5.3430214e+001 -6.9367477e+001 -5.2807705e+001
  8.1333333e-001 -7.1326691e+001 -5.6959690e+001 -5.3266582e+001 -6.9097740e+001 -5.2690697e+001
  8.2000000e-001 -7.0998940e+001 -5.6799454e+001 -5.3082096e+001 -6.8835556e+001 -5.2588825e+001
  8.2666667e-001 -7.0647240e+001 -5.6619946e+001 -5.2874611e+001 -6.8557526e+001 -5.2452423e+001
  8.3333333e-001 -7.0286507e+001 -5.6424152e+001 -5.2674728e+001 -6.8297218e+001 -5.2310902e+001
  8.4000000e-001 -6.9932701e+001 -5.6222027e+001 -5.2492817e+001 -6.8039589e+001 -5.2164543e+001
  8.4666667e-001 -6.9597870e+001 -5.6034904e+001 -5.2329575e+001 -6.7794380e+001 -5.2051556e+001
  8.5333333e-001 -6.9261215e+001 -5.5872993e+001 -5.2150269e+001 -6.7586456e+001 -5.1919571e+001
  8.6000000e-001 -6.8927711e+001 -5.5714386e+001 -5.1983551e+001 -6.7397881e+001 -5.1787453e+001
  8.6666667e-001 -6.8623901e+001 -5.5562836e+001 -5.1838295e+001 -6.7197311e+001 -5.1677917e+001
  8.7333333e-001 -6.8348259e+001 -5.5417801e+001 -5.1693108e+001 -6.7012848e+001 -5.1564861e+001
  8.8000000e-001 -6.8117249e+001 -5.5267426e+001 -5.1572006e+001 -6.6870895e+001 -5.1438385e+001
  8.8666667e-001 -6.7905914e+001 -5.5107826e+001 -5.1469265e+001 -6.6756828e+001 -5.1323765e+001
  8.9333333e-001 -6.7700150e+001 -5.4956486e+001 -5.1378014e+001 -6.6660034e+001 -5.1243793e+001
  9.0000000e-001 -6.7517426e+001 -5.4821632e+001 -5.1341030e+001 -6.6579514e+001 -5.1166985e+001
  9.0666667e-001 -6.7375603e+001 -5.4702175e+001 -5.1310501e+001 -6.6542465e+001 -5.1067562e+001
  9.1333333e-001 -6.7253227e+001 -5.4592838e+001 -5.1263466e+001 -6.6500908e+001 -5.1011959e+001
  9.2000000e-001 -6.7146927e+001 -5.4490978e+001 -5.1260307e+001 -6.6471062e+001 -5.0973328e+001
  9.2666667e-001 -6.7064018e+001 -5.4385277e+001 -5.1272106e+001 -6.6459908e+001 -5.0918652e+001
  9.3333333e-001 -6.7005341e+001 -5.4293449e+001 -5.1283142e+001 -6.6449875e+001 -5.0855434e+001
  9.4000000e-001 -6.6954613e+001 -5.4221642e+001 -5.1317650e+001 -6.6461197e+001 -5.0793312e+001
  9.4666667e-001 -6.6913910e+001 -5.4163868e+001 -5.1361412e+001 -6.6493629e+001 -5.0787117e+001
  9.5333333e-001 -6.6886383e+001 -5.4126263e+001 -5.1407681e+001 -6.6526176e+001 -5.0812840e+001
  9.6000000e-001 -6.6844849e+001 -5.4116230e+001 -5.1467945e+001 -6.6560928e+001 -5.0850693e+001
  9.6666667e-001 -6.6801292e+001 -5.4120094e+001 -5.1552444e+001 -6.6629768e+001 -5.0883076e+001
  9.7333333e-001 -6.6758804e+001 -5.4113903e+001 -5.1662716e+001 -6.6717766e+001 -5.0877907e+001
  9.8000000e-001 -6.6724075e+001 -5.4107330e+001 -5.1768314e+001 -6.6801643e+001 -5.0887230e+001
  9.8666667e-001 -6.6705421e+001 -5.4133438e+001 -5.1859085e+001 -6.6905991e+001 -5.0935989e+001
  9.9333333e-001 -6.6673752e+001 -5.4177395e+001 -5.1953590e+001 -6.7016548e+001 -5.0997734e+001
  1.0000000e+000 -6.6650818e+001 -5.4246262e+001 -5.2066292e+001 -6.7124779e+001 -5.1078156e+001
  1.0066667e+000 -6.6648415e+001 -5.4328785e+001 -5.2178497e+001 -6.7246475e+001 -5.1139851e+001
  1.0133333e+000 -6.6638519e+001 -5.4416458e+001 -5.2301235e+001 -6.7376320e+001 -5.1204430e+001
  1.0200000e+000 -6.6632751e+001 -5.4487061e+001 -5.2424038e+001 -6.7488976e+001 -5.1292698e+001
  1.0266667e+000 -6.6648628e+001 -5.4564335e+001 -5.2553024e+001 -6.7579788e+001 -5.1379040e+001
  1.0333333e+000 -6.6692757e+001 -5.4686947e+001 -5.2714073e+001 -6.7690086e+001 -5.1466385e+001
  1.0400000e+000 -6.6747643e+001 -5.4840595e+001 -5.2857357e+001 -6.7813644e+001 -5.1555988e+001
  1.0466667e+000 -6.6827827e+001 -5.4988701e+001 -5.3002602e+001 -6.7922073e+001 -5.1682545e+001
  1.0533333e+000 -6.6926125e+001 -5.5119080e+001 -5.3171230e+001 -6.8036400e+001 -5.1827019e+001
  1.0600000e+000 -6.7012573e+001 -5.5270279e+001 -5.3323002e+001 -6.8160591e+001 -5.1957169e+001
  1.0666667e+000 -6.7126678e+001 -5.5439217e+001 -5.3484676e+001 -6.8287346e+001 -5.2088543e+001
  1.0733333e+000 -6.7244751e+001 -5.5615856e+001 -5.3650787e+001 -6.8387375e+001 -5.2217255e+001
  1.0800000e+000 -6.7371140e+001 -5.5812641e+001 -5.3809471e+001 -6.8488983e+001 -5.2365150e+001
  1.0866667e+000 -6.7512779e+001 -5.6009644e+001 -5.3998032e+001 -6.8607475e+001 -5.2522339e+001
  1.0933333e+000 -6.7655174e+001 -5.6187241e+001 -5.4193794e+001 -6.8705521e+001 -5.2672684e+001
  1.1000000e+000 -6.7814972e+001 -5.6387928e+001 -5.4383785e+001 -6.8784477e+001 -5.2824841e+001
  1.1066667e+000 -6.7982613e+001 -5.6611984e+001 -5.4595795e+001 -6.8847313e+001 -5.2983326e+001
  1.1133333e+000 -6.8151756e+001 -5.6828049e+001 -5.4808189e+001 -6.8904716e+001 -5.3152679e+001
  1.1200000e+000 -6.8334587e+001 -5.7055199e+001 -5.5028019e+001 -6.8985268e+001 -5.3310596e+001
  1.1266667e+000 -6.8530304e+001 -5.7273857e+001 -5.5251091e+001 -6.9040550e+001 -5.3437954e+001
  1.1333333e+000 -6.8729927e+001 -5.7494759e+001 -5.5466507e+001 -6.9074921e+001 -5.3567532e+001
  1.1400000e+000 -6.8925400e+001 -5.7740124e+001 -5.5712391e+001 -6.9124626e+001 -5.3738571e+001
  1.1466667e+000 -6.9111488e+001 -5.7983616e+001 -5.5967907e+001 -6.9180336e+001 -5.3890358e+001
  1.1533333e+000 -6.9284447e+001 -5.8211086e+001 -5.6211647e+001 -6.9228363e+001 -5.4011383e+001
  1.1600000e+000 -6.9472992e+001 -5.8439262e+001 -5.6458141e+001 -6.9262840e+001 -5.4166706e+001
  1.1666667e+000 -6.9665550e+001 -5.8678955e+001 -5.6711811e+001 -6.9305763e+001 -5.4328350e+001
  1.1733333e+000 -6.9847855e+001 -5.8913242e+001 -5.6957355e+001 -6.9321762e+001 -5.4480492e+001
  1.1800000e+000 -7.0019745e+001 -5.9135029e+001 -5.7196316e+001 -6.9325584e+001 -5.4649158e+001
  1.1866667e+000 -7.0168968e+001 -5.9339798e+001 -5.7442383e+001 -6.9352531e+001 -5.4811913e+001
  1.1933333e+000 -7.0322121e+001 -5.9521057e+001 -5.7694344e+001 -6.9362724e+001 -5.4942223e+001
  1.2000000e+000 -7.0465706e+001 -5.9715061e+001 -5.7941341e+001 -6.9371124e+001 -5.5038166e+001
  1.2066667e+000 -7.0606590e+001 -5.9927486e+001 -5.8167580e+001 -6.9395180e+001 -5.5119530e+001
  1.2133333e+000 -7.0720261e+001 -6.0126820e+001 -5.8417824e+001 -6.9410103e+001 -5.5218071e+001
  1.2200000e+000 -7.0812187e+001 -6.0309151e+001 -5.8678333e+001 -6.9387436e+001 -5.5321018e+001
  1.2266667e+000 -7.0920601e+001 -6.0468014e+001 -5.8907009e+001 -6.9345512e+001 -5.5432865e+001
  1.2333333e+000 -7.1013672e+001 -6.0597698e+001 -5.9107632e+001 -6.9343056e+001 -5.5558937e+001
  1.2400000e+000 -7.1067444e+001 -6.0720463e+001 -5.9275318e+001 -6.9350494e+001 -5.5679520e+001
  1.2466667e+000 -7.1090660e+001 -6.0856781e+001 -5.9425373e+001 -6.9339363e+001 -5.5799011e+001
  1.2533333e+000 -7.1100746e+001 -6.0981091e+001 -5.9591045e+001 -6.9322777e+001 -5.5924904e+001
  1.2600000e+000 -7.1104866e+001 -6.1089554e+001 -5.9783192e+001 -6.9297417e+001 -5.6031815e+001
  1.2666667e+000 -7.1092857e+001 -6.1172295e+001 -5.9955265e+001 -6.9278458e+001 -5.6091202e+001
  1.2733333e+000 -7.1050484e+001 -6.1249744e+001 -6.0109901e+001 -6.9258553e+001 -5.6151802e+001
  1.2800000e+000 -7.0997681e+001 -6.1354313e+001 -6.0251305e+001 -6.9207764e+001 -5.6212318e+001
  1.2866667e+000 -7.0938499e+001 -6.1454456e+001 -6.0388607e+001 -6.9164223e+001 -5.6238216e+001
  1.2933333e+000 -7.0878235e+001 -6.1508266e+001 -6.0527718e+001 -6.9127213e+001 -5.6248253e+001
  1.3000000e+000 -7.0801346e+001 -6.1552505e+001 -6.0641083e+001 -6.9052803e+001 -5.6264046e+001
  1.3066667e+000 -7.0717484e+001 -6.1599442e+001 -6.0707191e+001 -6.8984581e+001 -5.6277203e+001
  1.3133333e+000 -7.0623680e+001 -6.1620747e+001 -6.0734158e+001 -6.8944183e+001 -5.6260014e+001
  1.3200000e+000 -7.0514450e+001 -6.1625111e+001 -6.0743183e+001 -6.8902641e+001 -5.6219311e+001
  1.3266667e+000 -7.0418823e+001 -6.1631672e+001 -6.0727425e+001 -6.8824654e+001 -5.6156296e+001
  1.3333333e+000 -7.0309479e+001 -6.1634228e+001 -6.0679245e+001 -6.8743843e+001 -5.6038647e+001
  1.3400000e+000 -7.0174850e+001 -6.1644630e+001 -6.0620110e+001 -6.8693375e+001 -5.5921314e+001
  1.3466667e+000 -7.0039307e+001 -6.1645737e+001 -6.0533360e+001 -6.8616692e+001 -5.5803219e+001
  1.3533333e+000 -6.9907997e+001 -6.1615459e+001 -6.0424744e+001 -6.8531479e+001 -5.5657452e+001
  1.3600000e+000 -6.9760727e+001 -6.1595589e+001 -6.0286892e+001 -6.8446068e+001 -5.5461117e+001
  1.3666667e+000 -6.9617638e+001 -6.1564743e+001 -6.0145676e+001 -6.8340141e+001 -5.5291481e+001
  1.3733333e+000 -6.9474457e+001 -6.1502480e+001 -5.9992638e+001 -6.8234940e+001 -5.5157608e+001
  1.3800000e+000 -6.9330933e+001 -6.1419540e+001 -5.9816727e+001 -6.8130905e+001 -5.5015663e+001
  1.3866667e+000 -6.9203621e+001 -6.1361649e+001 -5.9639484e+001 -6.7997391e+001 -5.4853977e+001
  1.3933333e+000 -6.9055840e+001 -6.1314724e+001 -5.9445274e+001 -6.7873947e+001 -5.4681427e+001
  1.4000000e+000 -6.8902870e+001 -6.1241753e+001 -5.9237663e+001 -6.7745575e+001 -5.4507378e+001
  1.4066667e+000 -6.8777374e+001 -6.1167328e+001 -5.9044956e+001 -6.7606926e+001 -5.4346172e+001
  1.4133333e+000 -6.8641487e+001 -6.1067528e+001 -5.8871670e+001 -6.7487198e+001 -5.4170246e+001
  1.4200000e+000 -6.8498619e+001 -6.0953728e+001 -5.8702839e+001 -6.7369392e+001 -5.3972889e+001
  1.4266667e+000 -6.8377510e+001 -6.0845497e+001 -5.8545929e+001 -6.7221710e+001 -5.3789146e+001
  1.4333333e+000 -6.8267799e+001 -6.0729393e+001 -5.8381725e+001 -6.7102631e+001 -5.3632759e+001
  1.4400000e+000 -6.8159172e+001 -6.0625561e+001 -5.8214600e+001 -6.6974930e+001 -5.3458565e+001
  1.4466667e+000 -6.8072105e+001 -6.0512791e+001 -5.8067474e+001 -6.6834564e+001 -5.3285480e+001
  1.4533333e+000 -6.8000061e+001 -6.0398872e+001 -5.7923992e+001 -6.6700371e+001 -5.3122379e+001
  1.4600000e+000 -6.7922165e+001 -6.0261913e+001 -5.7781673e+001 -6.6571869e+001 -5.2955845e+001
  1.4666667e+000 -6.7874046e+001 -6.0109879e+001 -5.7623924e+001 -6.6437698e+001 -5.2786625e+001
  1.4733333e+000 -6.7850159e+001 -5.9969429e+001 -5.7467724e+001 -6.6301910e+001 -5.2648930e+001
  1.4800000e+000 -6.7808273e+001 -5.9823811e+001 -5.7314651e+001 -6.6154213e+001 -5.2513577e+001
  1.4866667e+000 -6.7769493e+001 -5.9672413e+001 -5.7172539e+001 -6.5988541e+001 -5.2355579e+001
  1.4933333e+000 -6.7741066e+001 -5.9532543e+001 -5.7054638e+001 -6.5830688e+001 -5.2200657e+001
  1.5000000e+000 -6.7719284e+001 -5.9398262e+001 -5.6926281e+001 -6.5666977e+001 -5.2046307e+001
  1.5066667e+000 -6.7690254e+001 -5.9236469e+001 -5.6772663e+001 -6.5493698e+001 -5.1909634e+001
  1.5133333e+000 -6.7657661e+001 -5.9076069e+001 -5.6616909e+001 -6.5336632e+001 -5.1779224e+001
  1.5200000e+000 -6.7634079e+001 -5.8917034e+001 -5.6485348e+001 -6.5171951e+001 -5.1634655e+001
  1.5266667e+000 -6.7593262e+001 -5.8763840e+001 -5.6368870e+001 -6.4999626e+001 -5.1508934e+001
  1.5333333e+000 -6.7550858e+001 -5.8620907e+001 -5.6245480e+001 -6.4816528e+001 -5.1373516e+001
  1.5400000e+000 -6.7523705e+001 -5.8474358e+001 -5.6107727e+001 -6.4639603e+001 -5.1246910e+001
  1.5466667e+000 -6.7504059e+001 -5.8338421e+001 -5.5965603e+001 -6.4455940e+001 -5.1133266e+001
  1.5533333e+000 -6.7494980e+001 -5.8216328e+001 -5.5843204e+001 -6.4270363e+001 -5.1021091e+001
  1.5600000e+000 -6.7491531e+001 -5.8076401e+001 -5.5724136e+001 -6.4082359e+001 -5.0906731e+001
  1.5666667e+000 -6.7482414e+001 -5.7935024e+001 -5.5607170e+001 -6.3876881e+001 -5.0798649e+001
  1.5733333e+000 -6.7475891e+001 -5.7793926e+001 -5.5507374e+001 -6.3680927e+001 -5.0694256e+001
  1.5800000e+000 -6.7459641e+001 -5.7679146e+001 -5.5400463e+001 -6.3483173e+001 -5.0602875e+001
  1.5866667e+000 -6.7455055e+001 -5.7585613e+001 -5.5289005e+001 -6.3298252e+001 -5.0498062e+001
  1.5933333e+000 -6.7465096e+001 -5.7461834e+001 -5.5171021e+001 -6.3113365e+001 -5.0384529e+001
  1.6000000e+000 -6.7444061e+001 -5.7361561e+001 -5.5053352e+001 -6.2934742e+001 -5.0314171e+001
  1.6066667e+000 -6.7416039e+001 -5.7282425e+001 -5.4961658e+001 -6.2763550e+001 -5.0223339e+001
  1.6133333e+000 -6.7403488e+001 -5.7173000e+001 -5.4875587e+001 -6.2601635e+001 -5.0099216e+001
  1.6200000e+000 -6.7377975e+001 -5.7064167e+001 -5.4801998e+001 -6.2442963e+001 -5.0012123e+001
  1.6266667e+000 -6.7353790e+001 -5.6942745e+001 -5.4724709e+001 -6.2292862e+001 -4.9959961e+001
  1.6333333e+000 -6.7320770e+001 -5.6845104e+001 -5.4642368e+001 -6.2129383e+001 -4.9909653e+001
  1.6400000e+000 -6.7282616e+001 -5.6778206e+001 -5.4562275e+001 -6.1988037e+001 -4.9841885e+001
  1.6466667e+000 -6.7243408e+001 -5.6698624e+001 -5.4494415e+001 -6.1822433e+001 -4.9763458e+001
  1.6533333e+000 -6.7196327e+001 -5.6608727e+001 -5.4452320e+001 -6.1668541e+001 -4.9690247e+001
  1.6600000e+000 -6.7150703e+001 -5.6532848e+001 -5.4402546e+001 -6.1529774e+001 -4.9627579e+001
  1.6666667e+000 -6.7100060e+001 -5.6477192e+001 -5.4352703e+001 -6.1390812e+001 -4.9593216e+001
  1.6733333e+000 -6.7057083e+001 -5.6429062e+001 -5.4316780e+001 -6.1252399e+001 -4.9546997e+001
  1.6800000e+000 -6.7016083e+001 -5.6396198e+001 -5.4289406e+001 -6.1136314e+001 -4.9469109e+001
  1.6866667e+000 -6.6963814e+001 -5.6378159e+001 -5.4271801e+001 -6.1050587e+001 -4.9406006e+001
  1.6933333e+000 -6.6918793e+001 -5.6385986e+001 -5.4255039e+001 -6.0957150e+001 -4.9349457e+001
  1.7000000e+000 -6.6898323e+001 -5.6370159e+001 -5.4253510e+001 -6.0853825e+001 -4.9309807e+001
  1.7066667e+000 -6.6897430e+001 -5.6327129e+001 -5.4268108e+001 -6.0764629e+001 -4.9271282e+001
  1.7133333e+000 -6.6909714e+001 -5.6331314e+001 -5.4287155e+001 -6.0687454e+001 -4.9248680e+001
  1.7200000e+000 -6.6920845e+001 -5.6357761e+001 -5.4305275e+001 -6.0613586e+001 -4.9209515e+001
  1.7266667e+000 -6.6941376e+001 -5.6342663e+001 -5.4330456e+001 -6.0556320e+001 -4.9187382e+001
  1.7333333e+000 -6.6970848e+001 -5.6310936e+001 -5.4355610e+001 -6.0490459e+001 -4.9176544e+001
  1.7400000e+000 -6.7004036e+001 -5.6302986e+001 -5.4384422e+001 -6.0402840e+001 -4.9142635e+001
  1.7466667e+000 -6.7028076e+001 -5.6332386e+001 -5.4412228e+001 -6.0351540e+001 -4.9115387e+001
  1.7533333e+000 -6.7068985e+001 -5.6350170e+001 -5.4456017e+001 -6.0302547e+001 -4.9079300e+001
  1.7600000e+000 -6.7106369e+001 -5.6332508e+001 -5.4506325e+001 -6.0240242e+001 -4.9052834e+001
  1.7666667e+000 -6.7118477e+001 -5.6335522e+001 -5.4546776e+001 -6.0160198e+001 -4.9024784e+001
  1.7733333e+000 -6.7143867e+001 -5.6373772e+001 -5.4586525e+001 -6.0078514e+001 -4.8977085e+001
  1.7800000e+000 -6.7187057e+001 -5.6431946e+001 -5.4629929e+001 -5.9992832e+001 -4.8946449e+001
  1.7866667e+000 -6.7228951e+001 -5.6464108e+001 -5.4691872e+001 -5.9892529e+001 -4.8913406e+001
  1.7933333e+000 -6.7259377e+001 -5.6466042e+001 -5.4762161e+001 -5.9784184e+001 -4.8885376e+001
  1.8000000e+000 -6.7303734e+001 -5.6493298e+001 -5.4815582e+001 -5.9675690e+001 -4.8854057e+001
  1.8066667e+000 -6.7334976e+001 -5.6537971e+001 -5.4880913e+001 -5.9562626e+001 -4.8811676e+001
  1.8133333e+000 -6.7359550e+001 -5.6580791e+001 -5.4939983e+001 -5.9434170e+001 -4.8792973e+001
  1.8200000e+000 -6.7387352e+001 -5.6604450e+001 -5.4973431e+001 -5.9307034e+001 -4.8760674e+001
  1.8266667e+000 -6.7417778e+001 -5.6637527e+001 -5.5029774e+001 -5.9168056e+001 -4.8700993e+001
  1.8333333e+000 -6.7443054e+001 -5.6690453e+001 -5.5099712e+001 -5.9035130e+001 -4.8636749e+001
  1.8400000e+000 -6.7475662e+001 -5.6741081e+001 -5.5162724e+001 -5.8880253e+001 -4.8588669e+001
  1.8466667e+000 -6.7506943e+001 -5.6776257e+001 -5.5210926e+001 -5.8719444e+001 -4.8545021e+001
  1.8533333e+000 -6.7514198e+001 -5.6815090e+001 -5.5230885e+001 -5.8567772e+001 -4.8486752e+001
  1.8600000e+000 -6.7522247e+001 -5.6865528e+001 -5.5263710e+001 -5.8415775e+001 -4.8430309e+001
  1.8666667e+000 -6.7543404e+001 -5.6924664e+001 -5.5303108e+001 -5.8250210e+001 -4.8379620e+001
  1.8733333e+000 -6.7563660e+001 -5.6983456e+001 -5.5332211e+001 -5.8094597e+001 -4.8347240e+001
  1.8800000e+000 -6.7548927e+001 -5.7036259e+001 -5.5349072e+001 -5.7951019e+001 -4.8320534e+001
  1.8866667e+000 -6.7522690e+001 -5.7094124e+001 -5.5358070e+001 -5.7809265e+001 -4.8248150e+001
  1.8933333e+000 -6.7503166e+001 -5.7158909e+001 -5.5395435e+001 -5.7688469e+001 -4.8148701e+001
  1.9000000e+000 -6.7516930e+001 -5.7221436e+001 -5.5440155e+001 -5.7567719e+001 -4.8064072e+001
  1.9066667e+000 -6.7528160e+001 -5.7264416e+001 -5.5480167e+001 -5.7424999e+001 -4.8008934e+001
  1.9133333e+000 -6.7524559e+001 -5.7303169e+001 -5.5507294e+001 -5.7303288e+001 -4.7945786e+001
  1.9200000e+000 -6.7519051e+001 -5.7349575e+001 -5.5533588e+001 -5.7169498e+001 -4.7856701e+001
  1.9266667e+000 -6.7499779e+001 -5.7403637e+001 -5.5574528e+001 -5.7044044e+001 -4.7771641e+001
  1.9333333e+000 -6.7474487e+001 -5.7448612e+001 -5.5611103e+001 -5.6929279e+001 -4.7696842e+001
  1.9400000e+000 -6.7464241e+001 -5.7478439e+001 -5.5657925e+001 -5.6805492e+001 -4.7615875e+001
  1.9466667e+000 -6.7459930e+001 -5.7530228e+001 -5.5696289e+001 -5.6683384e+001 -4.7527802e+001
  1.9533333e+000 -6.7437805e+001 -5.7603500e+001 -5.5734859e+001 -5.6554958e+001 -4.7438522e+001
  1.9600000e+000 -6.7421364e+001 -5.7658558e+001 -5.5770805e+001 -5.6401566e+001 -4.7366638e+001
  1.9666667e+000 -6.7413887e+001 -5.7698647e+001 -5.5812023e+001 -5.6274918e+001 -4.7289627e+001
  1.9733333e+000 -6.7406845e+001 -5.7732121e+001 -5.5848988e+001 -5.6147800e+001 -4.7184422e+001
  1.9800000e+000 -6.7397903e+001 -5.7761307e+001 -5.5877880e+001 -5.5979973e+001 -4.7082035e+001
  1.9866667e+000 -6.7390762e+001 -5.7802238e+001 -5.5919224e+001 -5.5819057e+001 -4.7000305e+001
  1.9933333e+000 -6.7384323e+001 -5.7841881e+001 -5.5964642e+001 -5.5651482e+001 -4.6914867e+001
  2.0000000e+000 -6.7392998e+001 -5.7855782e+001 -5.5996426e+001 -5.5463001e+001 -4.6796021e+001
