 -5.0000000e-001  1.9322711e+002  1.9514461e+002  1.9501721e+002  1.9504382e+002  1.9498407e+002
 -4.9333333e-001  1.9324850e+002  1.9512985e+002  1.9502196e+002  1.9504607e+002  1.9500580e+002
 -4.8666667e-001  1.9326453e+002  1.9510809e+002  1.9503490e+002  1.9505603e+002  1.9500253e+002
 -4.8000000e-001  1.9327943e+002  1.9508868e+002  1.9503061e+002  1.9504370e+002  1.9499883e+002
 -4.7333333e-001  1.9330002e+002  1.9508003e+002  1.9501233e+002  1.9502783e+002  1.9499599e+002
 -4.6666667e-001  1.9330418e+002  1.9508244e+002  1.9502245e+002  1.9502986e+002  1.9499939e+002
 -4.6000000e-001  1.9332939e+002  1.9508876e+002  1.9502834e+002  1.9501854e+002  1.9500099e+002
 -4.5333333e-001  1.9333359e+002  1.9506293e+002  1.9503728e+002  1.9499707e+002  1.9498457e+002
 -4.4666667e-001  1.9334338e+002  1.9505815e+002  1.9504417e+002  1.9497846e+002  1.9499324e+002
 -4.4000000e-001  1.9338660e+002  1.9504915e+002  1.9504497e+002  1.9496574e+002  1.9500919e+002
 -4.3333333e-001  1.9339890e+002  1.9504106e+002  1.9503925e+002  1.9495676e+002  1.9502385e+002
 -4.2666667e-001  1.9341034e+002  1.9504015e+002  1.9505351e+002  1.9491078e+002  1.9502606e+002
 -4.2000000e-001  1.9342964e+002  1.9503920e+002  1.9506058e+002  1.9490475e+002  1.9504016e+002
 -4.1333333e-001  1.9344150e+002  1.9503409e+002  1.9505769e+002  1.9491631e+002  1.9506512e+002
 -4.0666667e-001  1.9344457e+002  1.9502946e+002  1.9503668e+002  1.9491882e+002  1.9507147e+002
 -4.0000000e-001  1.9344450e+002  1.9502699e+002  1.9503548e+002  1.9492215e+002  1.9507965e+002
 -3.9333333e-001  1.9343597e+002  1.9501675e+002  1.9503023e+002  1.9490576e+002  1.9508690e+002
 -3.8666667e-001  1.9343140e+002  1.9499216e+002  1.9500293e+002  1.9489041e+002  1.9509972e+002
 -3.8000000e-001  1.9343770e+002  1.9498103e+002  1.9498642e+002  1.9489699e+002  1.9510019e+002
 -3.7333333e-001  1.9346587e+002  1.9498373e+002  1.9496933e+002  1.9489615e+002  1.9511092e+002
 -3.6666667e-001  1.9348131e+002  1.9497310e+002  1.9498271e+002  1.9486307e+002  1.9512660e+002
 -3.6000000e-001  1.9347734e+002  1.9497102e+002  1.9496652e+002  1.9485629e+002  1.9510776e+002
 -3.5333333e-001  1.9347534e+002  1.9496356e+002  1.9495429e+002  1.9484563e+002  1.9512068e+002
 -3.4666667e-001  1.9348036e+002  1.9495943e+002  1.9493460e+002  1.9482871e+002  1.9512288e+002
 -3.4000000e-001  1.9347058e+002  1.9495190e+002  1.9493173e+002  1.9482091e+002  1.9513373e+002
 -3.3333333e-001  1.9347536e+002  1.9495024e+002  1.9493771e+002  1.9480804e+002  1.9514774e+002
 -3.2666667e-001  1.9349381e+002  1.9495390e+002  1.9490903e+002  1.9480711e+002  1.9514584e+002
 -3.2000000e-001  1.9351216e+002  1.9497786e+002  1.9489807e+002  1.9481752e+002  1.9514650e+002
 -3.1333333e-001  1.9351759e+002  1.9498804e+002  1.9491286e+002  1.9480988e+002  1.9516623e+002
 -3.0666667e-001  1.9351419e+002  1.9496739e+002  1.9492127e+002  1.9479657e+002  1.9519811e+002
 -3.0000000e-001  1.9349890e+002  1.9496115e+002  1.9491348e+002  1.9476971e+002  1.9520520e+002
 -2.9333333e-001  1.9346976e+002  1.9497017e+002  1.9490309e+002  1.9476050e+002  1.9521895e+002
 -2.8666667e-001  1.9348154e+002  1.9498952e+002  1.9490041e+002  1.9476421e+002  1.9521902e+002
 -2.8000000e-001  1.9351291e+002  1.9502365e+002  1.9490790e+002  1.9476407e+002  1.9525153e+002
 -2.7333333e-001  1.9350926e+002  1.9501567e+002  1.9492212e+002  1.9475404e+002  1.9526024e+002
 -2.6666667e-001  1.9352159e+002  1.9501657e+002  1.9492162e+002  1.9475577e+002  1.9526120e+002
 -2.6000000e-001  1.9351929e+002  1.9503424e+002  1.9490387e+002  1.9475952e+002  1.9526623e+002
 -2.5333333e-001  1.9351033e+002  1.9505392e+002  1.9489233e+002  1.9476309e+002  1.9525150e+002
 -2.4666667e-001  1.9350815e+002  1.9507002e+002  1.9488931e+002  1.9477957e+002  1.9525818e+002
 -2.4000000e-001  1.9350171e+002  1.9509255e+002  1.9490124e+002  1.9476085e+002  1.9525653e+002
 -2.3333333e-001  1.9349193e+002  1.9510388e+002  1.9493785e+002  1.9474643e+002  1.9526594e+002
 -2.2666667e-001  1.9349400e+002  1.9511200e+002  1.9491879e+002  1.9474860e+002  1.9527258e+002
 -2.2000000e-001  1.9352065e+002  1.9512707e+002  1.9490299e+002  1.9475522e+002  1.9528777e+002
 -2.1333333e-001  1.9351855e+002  1.9513388e+002  1.9491785e+002  1.9476469e+002  1.9528217e+002
 -2.0666667e-001  1.9352139e+002  1.9515794e+002  1.9491286e+002  1.9476121e+002  1.9527618e+002
 -2.0000000e-001  1.9350668e+002  1.9517784e+002  1.9491942e+002  1.9476585e+002  1.9527847e+002
 -1.9333333e-001  1.9347572e+002  1.9518643e+002  1.9491739e+002  1.9477310e+002  1.9527165e+002
 -1.8666667e-001  1.9348964e+002  1.9520210e+002  1.9493308e+002  1.9477357e+002  1.9529321e+002
 -1.8000000e-001  1.9352025e+002  1.9521642e+002  1.9494406e+002  1.9476280e+002  1.9530425e+002
 -1.7333333e-001  1.9356316e+002  1.9523845e+002  1.9493721e+002  1.9475998e+002  1.9529645e+002
 -1.6666667e-001  1.9357840e+002  1.9524211e+002  1.9494119e+002  1.9475299e+002  1.9532016e+002
 -1.6000000e-001  1.9357188e+002  1.9525723e+002  1.9496640e+002  1.9476733e+002  1.9532181e+002
 -1.5333333e-001  1.9356682e+002  1.9527553e+002  1.9497691e+002  1.9475415e+002  1.9529739e+002
 -1.4666667e-001  1.9355460e+002  1.9527319e+002  1.9498322e+002  1.9476247e+002  1.9529336e+002
 -1.4000000e-001  1.9355496e+002  1.9528825e+002  1.9496507e+002  1.9477960e+002  1.9530852e+002
 -1.3333333e-001  1.9355782e+002  1.9529338e+002  1.9496249e+002  1.9477554e+002  1.9530280e+002
 -1.2666667e-001  1.9355772e+002  1.9529807e+002  1.9498134e+002  1.9476829e+002  1.9527332e+002
 -1.2000000e-001  1.9354642e+002  1.9531622e+002  1.9497711e+002  1.9476627e+002  1.9523010e+002
 -1.1333333e-001  1.9352588e+002  1.9531128e+002  1.9496362e+002  1.9478806e+002  1.9521614e+002
 -1.0666667e-001  1.9352731e+002  1.9531400e+002  1.9497632e+002  1.9479054e+002  1.9522464e+002
 -1.0000000e-001  1.9352354e+002  1.9533238e+002  1.9496387e+002  1.9480354e+002  1.9519998e+002
 -9.3333333e-002  1.9352406e+002  1.9535017e+002  1.9497588e+002  1.9481194e+002  1.9514708e+002
 -8.6666667e-002  1.9352684e+002  1.9534549e+002  1.9498050e+002  1.9481277e+002  1.9512295e+002
 -8.0000000e-002  1.9352232e+002  1.9534341e+002  1.9496893e+002  1.9479855e+002  1.9511302e+002
 -7.3333333e-002  1.9352397e+002  1.9537749e+002  1.9497716e+002  1.9482754e+002  1.9511707e+002
 -6.6666667e-002  1.9353661e+002  1.9539107e+002  1.9498966e+002  1.9484135e+002  1.9508034e+002
 -6.0000000e-002  1.9352089e+002  1.9539693e+002  1.9499767e+002  1.9482056e+002  1.9507730e+002
 -5.3333333e-002  1.9350023e+002  1.9540108e+002  1.9500220e+002  1.9482202e+002  1.9508093e+002
 -4.6666667e-002  1.9352158e+002  1.9538785e+002  1.9499026e+002  1.9484049e+002  1.9505481e+002
 -4.0000000e-002  1.9353465e+002  1.9541377e+002  1.9498303e+002  1.9485776e+002  1.9504573e+002
 -3.3333333e-002  1.9352339e+002  1.9542575e+002  1.9499152e+002  1.9486394e+002  1.9503033e+002
 -2.6666667e-002  1.9349992e+002  1.9540924e+002  1.9498863e+002  1.9487354e+002  1.9501708e+002
 -2.0000000e-002  1.9350287e+002  1.9540048e+002  1.9499057e+002  1.9486235e+002  1.9497911e+002
 -1.3333333e-002  1.9350499e+002  1.9539912e+002  1.9497891e+002  1.9487231e+002  1.9496640e+002
 -6.6666667e-003  1.9349916e+002  1.9538832e+002  1.9497624e+002  1.9488292e+002  1.9496829e+002
  0.0000000e+000  1.9349617e+002  1.9538528e+002  1.9498238e+002  1.9487820e+002  1.9492986e+002
  6.6666667e-003  1.9350630e+002  1.9538155e+002  1.9498653e+002  1.9489082e+002  1.9492673e+002
  1.3333333e-002  1.9350755e+002  1.9540674e+002  1.9497284e+002  1.9489549e+002  1.9492334e+002
  2.0000000e-002  1.9349332e+002  1.9540390e+002  1.9497984e+002  1.9488789e+002  1.9490051e+002
  2.6666667e-002  1.9349263e+002  1.9539436e+002  1.9499831e+002  1.9490097e+002  1.9490739e+002
  3.3333333e-002  1.9350031e+002  1.9539819e+002  1.9499312e+002  1.9493112e+002  1.9490472e+002
  4.0000000e-002  1.9350018e+002  1.9539377e+002  1.9499492e+002  1.9494351e+002  1.9489774e+002
  4.6666667e-002  1.9349872e+002  1.9539726e+002  1.9501654e+002  1.9494736e+002  1.9488480e+002
  5.3333333e-002  1.9349875e+002  1.9541382e+002  1.9503262e+002  1.9496193e+002  1.9490274e+002
  6.0000000e-002  1.9352167e+002  1.9542160e+002  1.9503520e+002  1.9496187e+002  1.9491643e+002
  6.6666667e-002  1.9351427e+002  1.9541167e+002  1.9502342e+002  1.9498308e+002  1.9490259e+002
  7.3333333e-002  1.9350906e+002  1.9542299e+002  1.9502985e+002  1.9499995e+002  1.9491499e+002
  8.0000000e-002  1.9351926e+002  1.9542030e+002  1.9505002e+002  1.9497638e+002  1.9492093e+002
  8.6666667e-002  1.9351298e+002  1.9541968e+002  1.9505656e+002  1.9497288e+002  1.9493311e+002
  9.3333333e-002  1.9353056e+002  1.9543362e+002  1.9505890e+002  1.9498355e+002  1.9494153e+002
  1.0000000e-001  1.9354005e+002  1.9544623e+002  1.9506322e+002  1.9500252e+002  1.9496137e+002
  1.0666667e-001  1.9354231e+002  1.9546631e+002  1.9507448e+002  1.9502434e+002  1.9497807e+002
  1.1333333e-001  1.9355754e+002  1.9547414e+002  1.9507808e+002  1.9504562e+002  1.9499614e+002
  1.2000000e-001  1.9358250e+002  1.9549567e+002  1.9509192e+002  1.9502971e+002  1.9500780e+002
  1.2666667e-001  1.9360648e+002  1.9551489e+002  1.9510599e+002  1.9502507e+002  1.9502006e+002
  1.3333333e-001  1.9361522e+002  1.9551003e+002  1.9512079e+002  1.9503429e+002  1.9503928e+002
  1.4000000e-001  1.9362837e+002  1.9550207e+002  1.9515471e+002  1.9502901e+002  1.9504825e+002
  1.4666667e-001  1.9362630e+002  1.9550581e+002  1.9515355e+002  1.9501727e+002  1.9507219e+002
  1.5333333e-001  1.9363971e+002  1.9551053e+002  1.9514528e+002  1.9500490e+002  1.9506050e+002
  1.6000000e-001  1.9363333e+002  1.9548541e+002  1.9514003e+002  1.9499487e+002  1.9502606e+002
  1.6666667e-001  1.9358234e+002  1.9544064e+002  1.9515715e+002  1.9499133e+002  1.9502176e+002
  1.7333333e-001  1.9349944e+002  1.9540228e+002  1.9516324e+002  1.9496216e+002  1.9503120e+002
  1.8000000e-001  1.9339905e+002  1.9537334e+002  1.9515155e+002  1.9493436e+002  1.9502745e+002
  1.8666667e-001  1.9331091e+002  1.9534959e+002  1.9512952e+002  1.9492514e+002  1.9503479e+002
  1.9333333e-001  1.9328557e+002  1.9529756e+002  1.9512158e+002  1.9491133e+002  1.9503415e+002
  2.0000000e-001  1.9332278e+002  1.9522826e+002  1.9512778e+002  1.9486855e+002  1.9502000e+002
  2.0666667e-001  1.9338092e+002  1.9515973e+002  1.9512935e+002  1.9485640e+002  1.9500705e+002
  2.1333333e-001  1.9345004e+002  1.9511729e+002  1.9509772e+002  1.9485744e+002  1.9500941e+002
  2.2000000e-001  1.9353387e+002  1.9508017e+002  1.9508479e+002  1.9485797e+002  1.9499802e+002
  2.2666667e-001  1.9361024e+002  1.9502202e+002  1.9507848e+002  1.9486604e+002  1.9499431e+002
  2.3333333e-001  1.9364581e+002  1.9503597e+002  1.9508031e+002  1.9492065e+002  1.9501563e+002
  2.4000000e-001  1.9365849e+002  1.9512834e+002  1.9510947e+002  1.9500922e+002  1.9506961e+002
  2.4666667e-001  1.9362707e+002  1.9531311e+002  1.9512187e+002  1.9509959e+002  1.9510870e+002
  2.5333333e-001  1.9356043e+002  1.9550020e+002  1.9514452e+002  1.9517238e+002  1.9513350e+002
  2.6000000e-001  1.9349480e+002  1.9563969e+002  1.9519530e+002  1.9521666e+002  1.9515463e+002
  2.6666667e-001  1.9342511e+002  1.9575877e+002  1.9528915e+002  1.9523462e+002  1.9518959e+002
  2.7333333e-001  1.9335634e+002  1.9584998e+002  1.9542719e+002  1.9524352e+002  1.9523354e+002
  2.8000000e-001  1.9330223e+002  1.9592227e+002  1.9561762e+002  1.9527963e+002  1.9526033e+002
  2.8666667e-001  1.9329208e+002  1.9601663e+002  1.9583548e+002  1.9531239e+002  1.9530664e+002
  2.9333333e-001  1.9331979e+002  1.9611793e+002  1.9601935e+002  1.9534711e+002  1.9538564e+002
  3.0000000e-001  1.9346722e+002  1.9618602e+002  1.9620224e+002  1.9536354e+002  1.9548912e+002
  3.0666667e-001  1.9366310e+002  1.9623918e+002  1.9638008e+002  1.9536646e+002  1.9559148e+002
  3.1333333e-001  1.9387885e+002  1.9637308e+002  1.9654723e+002  1.9534972e+002  1.9568295e+002
  3.2000000e-001  1.9412196e+002  1.9645381e+002  1.9669022e+002  1.9535652e+002  1.9579317e+002
  3.2666667e-001  1.9443915e+002  1.9655766e+002  1.9676674e+002  1.9538937e+002  1.9586945e+002
  3.3333333e-001  1.9476975e+002  1.9669742e+002  1.9681419e+002  1.9542090e+002  1.9593303e+002
  3.4000000e-001  1.9507198e+002  1.9685097e+002  1.9685048e+002  1.9542912e+002  1.9598584e+002
  3.4666667e-001  1.9537485e+002  1.9702686e+002  1.9689554e+002  1.9544717e+002  1.9601070e+002
  3.5333333e-001  1.9568842e+002  1.9720334e+002  1.9698485e+002  1.9546343e+002  1.9602733e+002
  3.6000000e-001  1.9597667e+002  1.9738371e+002  1.9709047e+002  1.9546904e+002  1.9603400e+002
  3.6666667e-001  1.9620212e+002  1.9748654e+002  1.9728654e+002  1.9543498e+002  1.9602791e+002
  3.7333333e-001  1.9638533e+002  1.9755565e+002  1.9754405e+002  1.9543224e+002  1.9602261e+002
  3.8000000e-001  1.9657631e+002  1.9762993e+002  1.9780598e+002  1.9541353e+002  1.9599612e+002
  3.8666667e-001  1.9672298e+002  1.9768254e+002  1.9806624e+002  1.9537390e+002  1.9596118e+002
  3.9333333e-001  1.9680839e+002  1.9771686e+002  1.9832126e+002  1.9532846e+002  1.9592722e+002
  4.0000000e-001  1.9690903e+002  1.9774391e+002  1.9858781e+002  1.9528740e+002  1.9593367e+002
  4.0666667e-001  1.9700507e+002  1.9776822e+002  1.9880103e+002  1.9526848e+002  1.9593620e+002
  4.1333333e-001  1.9706787e+002  1.9776065e+002  1.9893068e+002  1.9522910e+002  1.9592252e+002
  4.2000000e-001  1.9710898e+002  1.9774509e+002  1.9899443e+002  1.9516611e+002  1.9591536e+002
  4.2666667e-001  1.9715634e+002  1.9775624e+002  1.9897821e+002  1.9511552e+002  1.9588634e+002
  4.3333333e-001  1.9718485e+002  1.9774979e+002  1.9892053e+002  1.9504010e+002  1.9587869e+002
  4.4000000e-001  1.9727266e+002  1.9776326e+002  1.9876978e+002  1.9499739e+002  1.9586859e+002
  4.4666667e-001  1.9740280e+002  1.9774654e+002  1.9849976e+002  1.9497267e+002  1.9586047e+002
  4.5333333e-001  1.9749529e+002  1.9771034e+002  1.9821114e+002  1.9491184e+002  1.9587828e+002
  4.6000000e-001  1.9753015e+002  1.9765572e+002  1.9788966e+002  1.9486533e+002  1.9588095e+002
  4.6666667e-001  1.9759927e+002  1.9756903e+002  1.9751259e+002  1.9478648e+002  1.9584952e+002
  4.7333333e-001  1.9764269e+002  1.9746419e+002  1.9713895e+002  1.9472914e+002  1.9581392e+002
  4.8000000e-001  1.9761903e+002  1.9733487e+002  1.9678499e+002  1.9468179e+002  1.9579225e+002
  4.8666667e-001  1.9756877e+002  1.9719870e+002  1.9643886e+002  1.9461018e+002  1.9578281e+002
  4.9333333e-001  1.9753255e+002  1.9706065e+002  1.9610664e+002  1.9454465e+002  1.9577963e+002
  5.0000000e-001  1.9744470e+002  1.9694994e+002  1.9584967e+002  1.9449529e+002  1.9580725e+002
  5.0666667e-001  1.9729805e+002  1.9685065e+002  1.9564169e+002  1.9447095e+002  1.9581082e+002
  5.1333333e-001  1.9712140e+002  1.9670203e+002  1.9548827e+002  1.9445694e+002  1.9582727e+002
  5.2000000e-001  1.9695000e+002  1.9654343e+002  1.9537517e+002  1.9444472e+002  1.9582401e+002
  5.2666667e-001  1.9675906e+002  1.9639241e+002  1.9525711e+002  1.9445148e+002  1.9580826e+002
  5.3333333e-001  1.9653799e+002  1.9625858e+002  1.9513119e+002  1.9447656e+002  1.9577338e+002
  5.4000000e-001  1.9629933e+002  1.9616437e+002  1.9496967e+002  1.9447224e+002  1.9575673e+002
  5.4666667e-001  1.9607761e+002  1.9603091e+002  1.9477918e+002  1.9450693e+002  1.9577280e+002
  5.5333333e-001  1.9591202e+002  1.9587501e+002  1.9456743e+002  1.9451930e+002  1.9579430e+002
  5.6000000e-001  1.9586035e+002  1.9569925e+002  1.9434139e+002  1.9448680e+002  1.9581998e+002
  5.6666667e-001  1.9574753e+002  1.9550958e+002  1.9407535e+002  1.9439632e+002  1.9580202e+002
  5.7333333e-001  1.9568367e+002  1.9534935e+002  1.9392133e+002  1.9430519e+002  1.9578806e+002
  5.8000000e-001  1.9479315e+002  1.9519203e+002  1.9436072e+002  1.9423972e+002  1.9577872e+002
  5.8666667e-001  1.9530211e+002  1.9504489e+002  1.9409874e+002  1.9415259e+002  1.9574405e+002
  5.9333333e-001  1.9516919e+002  1.9488745e+002  1.9237825e+002  1.9403603e+002  1.9573096e+002
  6.0000000e-001  1.9506335e+002  1.9472673e+002  1.9289339e+002  1.9393333e+002  1.9566647e+002
  6.0666667e-001  1.9492706e+002  1.9456941e+002  1.9274002e+002  1.9382146e+002  1.9555765e+002
  6.1333333e-001  1.9474509e+002  1.9441377e+002  1.9261531e+002  1.9374675e+002  1.9548734e+002
  6.2000000e-001  1.9457988e+002  1.9423045e+002  1.9251471e+002  1.9371837e+002  1.9539870e+002
  6.2666667e-001  1.9438733e+002  1.9407410e+002  1.9239123e+002  1.9368863e+002  1.9528531e+002
  6.3333333e-001  1.9419199e+002  1.9390274e+002  1.9224954e+002  1.9366441e+002  1.9516690e+002
  6.4000000e-001  1.9398392e+002  1.9368721e+002  1.9209709e+002  1.9363139e+002  1.9506934e+002
  6.4666667e-001  1.9380910e+002  1.9357570e+002  1.9191725e+002  1.9356760e+002  1.9499194e+002
  6.5333333e-001  1.9366673e+002  1.9254442e+002  1.9173737e+002  1.9352037e+002  1.9490280e+002
  6.6000000e-001  1.9351800e+002  1.9236375e+002  1.9157176e+002  1.9346863e+002  1.9493700e+002
  6.6666667e-001  1.9343578e+002  1.9296130e+002  1.9140271e+002  1.9346263e+002  1.9489352e+002
  6.7333333e-001  1.9340590e+002  1.9259190e+002  1.9130806e+002  1.9339117e+002  1.9482263e+002
  6.8000000e-001  1.9335349e+002  1.9240573e+002  1.9123950e+002  1.9262706e+002  1.9473189e+002
  6.8666667e-001  1.9325829e+002  1.9228761e+002  1.9118120e+002  1.9312137e+002  1.9461173e+002
  6.9333333e-001  1.9317726e+002  1.9224321e+002  1.9118585e+002  1.9304236e+002  1.9368983e+002
  7.0000000e-001  1.9312819e+002  1.9222321e+002  1.9122304e+002  1.9246657e+002  1.9410324e+002
  7.0666667e-001  1.9311679e+002  1.9218349e+002  1.9126439e+002  1.9295197e+002  1.9392719e+002
  7.1333333e-001  1.9309860e+002  1.9219457e+002  1.9131157e+002  1.9294699e+002  1.9371509e+002
  7.2000000e-001  1.9309692e+002  1.9223669e+002  1.9134937e+002  1.9293695e+002  1.9350053e+002
  7.2666667e-001  1.9313507e+002  1.9225958e+002  1.9141020e+002  1.9292944e+002  1.9332816e+002
  7.3333333e-001  1.9318863e+002  1.9227991e+002  1.9149234e+002  1.9289331e+002  1.9318776e+002
  7.4000000e-001  1.9321050e+002  1.9231149e+002  1.9158044e+002  1.9288168e+002  1.9304890e+002
  7.4666667e-001  1.9321584e+002  1.9234935e+002  1.9165079e+002  1.9284911e+002  1.9292871e+002
  7.5333333e-001  1.9324158e+002  1.9240465e+002  1.9176149e+002  1.9281136e+002  1.9287293e+002
  7.6000000e-001  1.9329634e+002  1.9242259e+002  1.9184952e+002  1.9277513e+002  1.9283485e+002
  7.6666667e-001  1.9331154e+002  1.9242767e+002  1.9196816e+002  1.9274167e+002  1.9281958e+002
  7.7333333e-001  1.9335921e+002  1.9244534e+002  1.9210091e+002  1.9272533e+002  1.9284595e+002
  7.8000000e-001  1.9340973e+002  1.9250052e+002  1.9221230e+002  1.9269972e+002  1.9289210e+002
  7.8666667e-001  1.9346158e+002  1.9255121e+002  1.9235471e+002  1.9273647e+002  1.9294730e+002
  7.9333333e-001  1.9353296e+002  1.9261031e+002  1.9247119e+002  1.9282932e+002  1.9300269e+002
  8.0000000e-001  1.9359712e+002  1.9268339e+002  1.9259853e+002  1.9286574e+002  1.9308014e+002
  8.0666667e-001  1.9363786e+002  1.9273445e+002  1.9275047e+002  1.9286968e+002  1.9312230e+002
  8.1333333e-001  1.9365546e+002  1.9280631e+002  1.9287047e+002  1.9288847e+002  1.9319916e+002
  8.2000000e-001  1.9369781e+002  1.9288768e+002  1.9301051e+002  1.9289027e+002  1.9330096e+002
  8.2666667e-001  1.9374672e+002  1.9298822e+002  1.9312697e+002  1.9289163e+002  1.9339004e+002
  8.3333333e-001  1.9378149e+002  1.9309059e+002  1.9320419e+002  1.9289938e+002  1.9345419e+002
  8.4000000e-001  1.9381879e+002  1.9313095e+002  1.9328919e+002  1.9288460e+002  1.9354152e+002
  8.4666667e-001  1.9386559e+002  1.9319080e+002  1.9333841e+002  1.9288110e+002  1.9371526e+002
  8.5333333e-001  1.9388237e+002  1.9324085e+002  1.9335153e+002  1.9289476e+002  1.9382224e+002
  8.6000000e-001  1.9394861e+002  1.9326811e+002  1.9337152e+002  1.9290396e+002  1.9390273e+002
  8.6666667e-001  1.9400475e+002  1.9332283e+002  1.9341301e+002  1.9292821e+002  1.9401184e+002
  8.7333333e-001  1.9404511e+002  1.9338525e+002  1.9345306e+002  1.9298180e+002  1.9413510e+002
  8.8000000e-001  1.9405992e+002  1.9342934e+002  1.9346785e+002  1.9299487e+002  1.9426737e+002
  8.8666667e-001  1.9409758e+002  1.9346780e+002  1.9347952e+002  1.9303903e+002  1.9436798e+002
  8.9333333e-001  1.9410521e+002  1.9350574e+002  1.9348817e+002  1.9307822e+002  1.9446870e+002
  9.0000000e-001  1.9409804e+002  1.9351388e+002  1.9354163e+002  1.9309761e+002  1.9452889e+002
  9.0666667e-001  1.9410594e+002  1.9353256e+002  1.9359341e+002  1.9312129e+002  1.9456195e+002
  9.1333333e-001  1.9410222e+002  1.9357124e+002  1.9364792e+002  1.9315483e+002  1.9458972e+002
  9.2000000e-001  1.9408507e+002  1.9360053e+002  1.9369742e+002  1.9320161e+002  1.9462996e+002
  9.2666667e-001  1.9409325e+002  1.9364966e+002  1.9373766e+002  1.9323607e+002  1.9466798e+002
  9.3333333e-001  1.9409010e+002  1.9370062e+002  1.9376526e+002  1.9323517e+002  1.9473114e+002
  9.4000000e-001  1.9409360e+002  1.9371741e+002  1.9381183e+002  1.9323312e+002  1.9480351e+002
  9.4666667e-001  1.9408376e+002  1.9372878e+002  1.9385378e+002  1.9324684e+002  1.9485176e+002
  9.5333333e-001  1.9408496e+002  1.9373515e+002  1.9388254e+002  1.9326090e+002  1.9488318e+002
  9.6000000e-001  1.9405928e+002  1.9372629e+002  1.9390697e+002  1.9323950e+002  1.9492068e+002
  9.6666667e-001  1.9405049e+002  1.9372296e+002  1.9391016e+002  1.9324558e+002  1.9496063e+002
  9.7333333e-001  1.9403555e+002  1.9373511e+002  1.9391821e+002  1.9327882e+002  1.9501056e+002
  9.8000000e-001  1.9405817e+002  1.9370877e+002  1.9396170e+002  1.9327785e+002  1.9503507e+002
  9.8666667e-001  1.9404033e+002  1.9360881e+002  1.9396176e+002  1.9327145e+002  1.9505740e+002
  9.9333333e-001  1.9397906e+002  1.9351706e+002  1.9395381e+002  1.9327026e+002  1.9506380e+002
  1.0000000e+000  1.9391742e+002  1.9338464e+002  1.9392026e+002  1.9326605e+002  1.9505966e+002
  1.0066667e+000  1.9386177e+002  1.9321111e+002  1.9383720e+002  1.9324229e+002  1.9500937e+002
  1.0133333e+000  1.9375046e+002  1.9298793e+002  1.9382439e+002  1.9323456e+002  1.9496295e+002
  1.0200000e+000  1.9360107e+002  1.9272963e+002  1.9378238e+002  1.9321686e+002  1.9493941e+002
  1.0266667e+000  1.9349046e+002  1.9239819e+002  1.9367795e+002  1.9318817e+002  1.9489145e+002
  1.0333333e+000  1.9340547e+002  1.9208315e+002  1.9360071e+002  1.9311980e+002  1.9484433e+002
  1.0400000e+000  1.9325101e+002  1.9171738e+002  1.9351123e+002  1.9309343e+002  1.9477835e+002
  1.0466667e+000  1.9310532e+002  1.9130396e+002  1.9340855e+002  1.9309836e+002  1.9475606e+002
  1.0533333e+000  1.9294348e+002  1.9088358e+002  1.9329423e+002  1.9303308e+002  1.9470175e+002
  1.0600000e+000  1.9272447e+002  1.9042416e+002  1.9319626e+002  1.9296390e+002  1.9467265e+002
  1.0666667e+000  1.9253651e+002  1.8990817e+002  1.9310249e+002  1.9295685e+002  1.9469038e+002
  1.0733333e+000  1.9231023e+002  1.8935837e+002  1.9299060e+002  1.9293573e+002  1.9466730e+002
  1.0800000e+000  1.9206082e+002  1.8885626e+002  1.9294008e+002  1.9292248e+002  1.9468720e+002
  1.0866667e+000  1.9180954e+002  1.8831267e+002  1.9290282e+002  1.9292215e+002  1.9468185e+002
  1.0933333e+000  1.9151733e+002  1.8776030e+002  1.9287175e+002  1.9289739e+002  1.9466235e+002
  1.1000000e+000  1.9121053e+002  1.8725563e+002  1.9282005e+002  1.9285861e+002  1.9461835e+002
  1.1066667e+000  1.9091592e+002  1.8742343e+002  1.9276215e+002  1.9285396e+002  1.9462120e+002
  1.1133333e+000  1.9055391e+002  1.8637138e+002  1.9272324e+002  1.9284877e+002  1.9464357e+002
  1.1200000e+000  1.9014609e+002  1.8516641e+002  1.9273482e+002  1.9284598e+002  1.9461618e+002
  1.1266667e+000  1.8978062e+002  1.8463283e+002  1.9272081e+002  1.9282028e+002  1.9459483e+002
  1.1333333e+000  1.8942566e+002  1.8479410e+002  1.9216914e+002  1.9278369e+002  1.9458646e+002
  1.1400000e+000  1.8900687e+002  1.8428488e+002  1.9346738e+002  1.9278622e+002  1.9456847e+002
  1.1466667e+000  1.8859459e+002  1.8379158e+002  1.9341058e+002  1.9276285e+002  1.9401242e+002
  1.1533333e+000  1.8818845e+002  1.8329404e+002  1.9283026e+002  1.9272247e+002  1.9471590e+002
  1.1600000e+000  1.8781561e+002  1.8273637e+002  1.9271382e+002  1.9268779e+002  1.9469504e+002
  1.1666667e+000  1.8744728e+002  1.8235512e+002  1.9269180e+002  1.9268373e+002  1.9392857e+002
  1.1733333e+000  1.8710921e+002  1.8200162e+002  1.9263419e+002  1.9263117e+002  1.9398557e+002
  1.1800000e+000  1.8677142e+002  1.8167362e+002  1.9258110e+002  1.9277239e+002  1.9477637e+002
  1.1866667e+000  1.8643404e+002  1.8136703e+002  1.9254500e+002  1.9204706e+002  1.9491896e+002
  1.1933333e+000  1.8609683e+002  1.8110881e+002  1.9255075e+002  1.9198366e+002  1.9491904e+002
  1.2000000e+000  1.8578642e+002  1.8084369e+002  1.9254378e+002  1.9250055e+002  1.9484428e+002
  1.2066667e+000  1.8548448e+002  1.8059622e+002  1.9251698e+002  1.9241313e+002  1.9490172e+002
  1.2133333e+000  1.8514937e+002  1.8043396e+002  1.9252522e+002  1.9235098e+002  1.9495001e+002
  1.2200000e+000  1.8478519e+002  1.8026473e+002  1.9254478e+002  1.9234549e+002  1.9495732e+002
  1.2266667e+000  1.8450707e+002  1.8009207e+002  1.9254015e+002  1.9237111e+002  1.9495462e+002
  1.2333333e+000  1.8428885e+002  1.8002086e+002  1.9251108e+002  1.9238614e+002  1.9494609e+002
  1.2400000e+000  1.8402287e+002  1.8002895e+002  1.9250885e+002  1.9239758e+002  1.9495439e+002
  1.2466667e+000  1.8394141e+002  1.8000562e+002  1.9249980e+002  1.9239769e+002  1.9494341e+002
  1.2533333e+000  1.8289969e+002  1.8000850e+002  1.9245506e+002  1.9242387e+002  1.9489786e+002
  1.2600000e+000  1.8271368e+002  1.7998042e+002  1.9239844e+002  1.9243726e+002  1.9486551e+002
  1.2666667e+000  1.8339888e+002  1.7990715e+002  1.9232854e+002  1.9248126e+002  1.9482324e+002
  1.2733333e+000  1.8327434e+002  1.7985460e+002  1.9225272e+002  1.9251396e+002  1.9477650e+002
  1.2800000e+000  1.8313586e+002  1.7981271e+002  1.9216145e+002  1.9255783e+002  1.9469572e+002
  1.2866667e+000  1.8293903e+002  1.7976454e+002  1.9204132e+002  1.9260925e+002  1.9466502e+002
  1.2933333e+000  1.8282890e+002  1.7965315e+002  1.9190950e+002  1.9259869e+002  1.9464462e+002
  1.3000000e+000  1.8277809e+002  1.7949426e+002  1.9181218e+002  1.9256195e+002  1.9463295e+002
  1.3066667e+000  1.8272494e+002  1.7923583e+002  1.9171448e+002  1.9255562e+002  1.9456409e+002
  1.3133333e+000  1.8266470e+002  1.7888377e+002  1.9158055e+002  1.9256311e+002  1.9449144e+002
  1.3200000e+000  1.8261533e+002  1.7845865e+002  1.9148850e+002  1.9256517e+002  1.9445132e+002
  1.3266667e+000  1.8254594e+002  1.7799196e+002  1.9143085e+002  1.9258090e+002  1.9442664e+002
  1.3333333e+000  1.8252071e+002  1.7752777e+002  1.9132281e+002  1.9255041e+002  1.9435202e+002
  1.3400000e+000  1.8251903e+002  1.7705244e+002  1.9127005e+002  1.9251897e+002  1.9430103e+002
  1.3466667e+000  1.8249071e+002  1.7658104e+002  1.9120964e+002  1.9251798e+002  1.9425850e+002
  1.3533333e+000  1.8248029e+002  1.7611745e+002  1.9111537e+002  1.9249722e+002  1.9416826e+002
  1.3600000e+000  1.8247421e+002  1.7570174e+002  1.9104460e+002  1.9247186e+002  1.9407854e+002
  1.3666667e+000  1.8247089e+002  1.7537570e+002  1.9097073e+002  1.9241864e+002  1.9401956e+002
  1.3733333e+000  1.8248782e+002  1.7511931e+002  1.9088965e+002  1.9236824e+002  1.9398131e+002
  1.3800000e+000  1.8248048e+002  1.7489975e+002  1.9083803e+002  1.9232748e+002  1.9394925e+002
  1.3866667e+000  1.8249220e+002  1.7471272e+002  1.9078990e+002  1.9227573e+002  1.9389264e+002
  1.3933333e+000  1.8249570e+002  1.7455942e+002  1.9071446e+002  1.9222153e+002  1.9382475e+002
  1.4000000e+000  1.8247768e+002  1.7436085e+002  1.9067148e+002  1.9215468e+002  1.9378554e+002
  1.4066667e+000  1.8243152e+002  1.7406474e+002  1.9064545e+002  1.9205039e+002  1.9375681e+002
  1.4133333e+000  1.8238165e+002  1.7361993e+002  1.9057492e+002  1.9197231e+002  1.9371600e+002
  1.4200000e+000  1.8225693e+002  1.7300972e+002  1.9055884e+002  1.9198402e+002  1.9363965e+002
  1.4266667e+000  1.8215785e+002  1.7226242e+002  1.9054663e+002  1.9197444e+002  1.9357582e+002
  1.4333333e+000  1.8210521e+002  1.7132842e+002  1.9049165e+002  1.9192418e+002  1.9353870e+002
  1.4400000e+000  1.8204369e+002  1.7033939e+002  1.9046608e+002  1.9185910e+002  1.9351984e+002
  1.4466667e+000  1.8194994e+002  1.6934431e+002  1.9043982e+002  1.9182813e+002  1.9349194e+002
  1.4533333e+000  1.8187181e+002  1.6837947e+002  1.9038419e+002  1.9182277e+002  1.9346341e+002
  1.4600000e+000  1.8181682e+002  1.6749599e+002  1.9036204e+002  1.9178781e+002  1.9344112e+002
  1.4666667e+000  1.8174298e+002  1.6667456e+002  1.9038060e+002  1.9173489e+002  1.9341386e+002
  1.4733333e+000  1.8169266e+002  1.6588219e+002  1.9040096e+002  1.9170528e+002  1.9341263e+002
  1.4800000e+000  1.8163031e+002  1.6569132e+002  1.9042809e+002  1.9167807e+002  1.9342575e+002
  1.4866667e+000  1.8153082e+002  1.6501715e+002  1.9044878e+002  1.9162680e+002  1.9339729e+002
  1.4933333e+000  1.8143600e+002  1.6435214e+002  1.9046179e+002  1.9158342e+002  1.9336320e+002
  1.5000000e+000  1.8132571e+002  1.6365913e+002  1.9045540e+002  1.9155371e+002  1.9334175e+002
  1.5066667e+000  1.8123961e+002  1.6342248e+002  1.9048523e+002  1.9151421e+002  1.9333920e+002
  1.5133333e+000  1.8115385e+002  1.6269278e+002  1.9053752e+002  1.9145029e+002  1.9331869e+002
  1.5200000e+000  1.8106186e+002  1.6200900e+002  1.9055832e+002  1.9139346e+002  1.9331053e+002
  1.5266667e+000  1.8098929e+002  1.6133995e+002  1.9054491e+002  1.9137039e+002  1.9330177e+002
  1.5333333e+000  1.8094428e+002  1.6075862e+002  1.9052141e+002  1.9136519e+002  1.9328479e+002
  1.5400000e+000  1.8090868e+002  1.6015500e+002  1.9051930e+002  1.9136528e+002  1.9328465e+002
  1.5466667e+000  1.8087720e+002  1.5971654e+002  1.9052461e+002  1.9138660e+002  1.9333372e+002
  1.5533333e+000  1.8086891e+002  1.5769992e+002  1.9049707e+002  1.9140477e+002  1.9336202e+002
  1.5600000e+000  1.8085605e+002  1.5748126e+002  1.9047313e+002  1.9140486e+002  1.9334305e+002
  1.5666667e+000  1.8083537e+002  1.5733650e+002  1.9046114e+002  1.9143025e+002  1.9335545e+002
  1.5733333e+000  1.8082771e+002  1.5706892e+002  1.9044339e+002  1.9148416e+002  1.9337874e+002
  1.5800000e+000  1.8083964e+002  1.5684920e+002  1.9042865e+002  1.9153330e+002  1.9338779e+002
  1.5866667e+000  1.8085136e+002  1.5717343e+002  1.9042773e+002  1.9160202e+002  1.9339893e+002
  1.5933333e+000  1.8084415e+002  1.5705934e+002  1.9044629e+002  1.9165878e+002  1.9340968e+002
  1.6000000e+000  1.8087570e+002  1.5649117e+002  1.9043553e+002  1.9171388e+002  1.9344940e+002
  1.6066667e+000  1.8090053e+002  1.5628708e+002  1.9041573e+002  1.9177112e+002  1.9347537e+002
  1.6133333e+000  1.8091243e+002  1.5618666e+002  1.9040118e+002  1.9186047e+002  1.9347360e+002
  1.6200000e+000  1.8094322e+002  1.5612799e+002  1.9040184e+002  1.9195680e+002  1.9352353e+002
  1.6266667e+000  1.8099973e+002  1.5602261e+002  1.9041850e+002  1.9202151e+002  1.9358011e+002
  1.6333333e+000  1.8103896e+002  1.5598132e+002  1.9041364e+002  1.9208733e+002  1.9361235e+002
  1.6400000e+000  1.8107614e+002  1.5592250e+002  1.9041629e+002  1.9215837e+002  1.9365175e+002
  1.6466667e+000  1.8112410e+002  1.5583615e+002  1.9040410e+002  1.9224705e+002  1.9370401e+002
  1.6533333e+000  1.8117049e+002  1.5627194e+002  1.9039681e+002  1.9236682e+002  1.9375606e+002
  1.6600000e+000  1.8122832e+002  1.5625058e+002  1.9038611e+002  1.9247496e+002  1.9382965e+002
  1.6666667e+000  1.8128815e+002  1.5613849e+002  1.9036168e+002  1.9258527e+002  1.9386154e+002
  1.6733333e+000  1.8134781e+002  1.5568677e+002  1.9035027e+002  1.9269897e+002  1.9391032e+002
  1.6800000e+000  1.8140819e+002  1.5574383e+002  1.9034848e+002  1.9277657e+002  1.9397051e+002
  1.6866667e+000  1.8147490e+002  1.5616638e+002  1.9036499e+002  1.9284489e+002  1.9398679e+002
  1.6933333e+000  1.8154857e+002  1.5608481e+002  1.9036717e+002  1.9292636e+002  1.9400754e+002
  1.7000000e+000  1.8161325e+002  1.5609430e+002  1.9033777e+002  1.9299568e+002  1.9403943e+002
  1.7066667e+000  1.8166878e+002  1.5590840e+002  1.9030521e+002  1.9307098e+002  1.9407254e+002
  1.7133333e+000  1.8172578e+002  1.5595067e+002  1.9028597e+002  1.9313232e+002  1.9409001e+002
  1.7200000e+000  1.8178416e+002  1.5639031e+002  1.9026254e+002  1.9318771e+002  1.9410263e+002
  1.7266667e+000  1.8182582e+002  1.5647755e+002  1.9024889e+002  1.9326878e+002  1.9412434e+002
  1.7333333e+000  1.8186136e+002  1.5647890e+002  1.9026616e+002  1.9335133e+002  1.9413748e+002
  1.7400000e+000  1.8187535e+002  1.5612354e+002  1.9027736e+002  1.9340811e+002  1.9414557e+002
  1.7466667e+000  1.8188057e+002  1.5616945e+002  1.9024577e+002  1.9345555e+002  1.9417764e+002
  1.7533333e+000  1.8190405e+002  1.5634508e+002  1.9022237e+002  1.9353827e+002  1.9421210e+002
  1.7600000e+000  1.8191936e+002  1.5641007e+002  1.9021222e+002  1.9363711e+002  1.9423198e+002
  1.7666667e+000  1.8192729e+002  1.5654515e+002  1.9022559e+002  1.9370689e+002  1.9423396e+002
  1.7733333e+000  1.8195044e+002  1.5680235e+002  1.9022018e+002  1.9375810e+002  1.9425473e+002
  1.7800000e+000  1.8196510e+002  1.5697700e+002  1.9020895e+002  1.9381603e+002  1.9426669e+002
  1.7866667e+000  1.8199077e+002  1.5720532e+002  1.9019331e+002  1.9388759e+002  1.9425404e+002
  1.7933333e+000  1.8202356e+002  1.5748027e+002  1.9016946e+002  1.9395824e+002  1.9425249e+002
  1.8000000e+000  1.8202792e+002  1.5754144e+002  1.9017859e+002  1.9403432e+002  1.9426128e+002
  1.8066667e+000  1.8204292e+002  1.5764410e+002  1.9021272e+002  1.9409447e+002  1.9428764e+002
  1.8133333e+000  1.8206577e+002  1.5784721e+002  1.9025174e+002  1.9413770e+002  1.9431457e+002
  1.8200000e+000  1.8205975e+002  1.5943979e+002  1.9027316e+002  1.9421510e+002  1.9434625e+002
  1.8266667e+000  1.8205606e+002  1.5963037e+002  1.9028276e+002  1.9432089e+002  1.9437312e+002
  1.8333333e+000  1.8205792e+002  1.5830855e+002  1.9030223e+002  1.9440710e+002  1.9441007e+002
  1.8400000e+000  1.8204336e+002  1.5849178e+002  1.9035088e+002  1.9447235e+002  1.9445160e+002
  1.8466667e+000  1.8204700e+002  1.5868202e+002  1.9040732e+002  1.9453836e+002  1.9449139e+002
  1.8533333e+000  1.8205049e+002  1.6027397e+002  1.9044502e+002  1.9459639e+002  1.9452768e+002
  1.8600000e+000  1.8205682e+002  1.6046587e+002  1.9049246e+002  1.9463359e+002  1.9454997e+002
  1.8666667e+000  1.8206879e+002  1.6067101e+002  1.9054021e+002  1.9470464e+002  1.9459949e+002
  1.8733333e+000  1.8208591e+002  1.6092143e+002  1.9062254e+002  1.9479419e+002  1.9465794e+002
  1.8800000e+000  1.8212091e+002  1.6034378e+002  1.9070079e+002  1.9484944e+002  1.9469116e+002
  1.8866667e+000  1.8213390e+002  1.6055835e+002  1.9079774e+002  1.9488092e+002  1.9473462e+002
  1.8933333e+000  1.8214644e+002  1.6080562e+002  1.9093576e+002  1.9489954e+002  1.9478870e+002
  1.9000000e+000  1.8216422e+002  1.6109937e+002  1.9106096e+002  1.9491731e+002  1.9482875e+002
  1.9066667e+000  1.8219014e+002  1.6184206e+002  1.9119421e+002  1.9493385e+002  1.9486234e+002
  1.9133333e+000  1.8221126e+002  1.6216855e+002  1.9134006e+002  1.9493727e+002  1.9489113e+002
  1.9200000e+000  1.8222377e+002  1.6255150e+002  1.9150752e+002  1.9493869e+002  1.9492400e+002
  1.9266667e+000  1.8223732e+002  1.6291043e+002  1.9166812e+002  1.9495227e+002  1.9495750e+002
  1.9333333e+000  1.8224074e+002  1.6325697e+002  1.9182623e+002  1.9495563e+002  1.9500191e+002
  1.9400000e+000  1.8226001e+002  1.6363121e+002  1.9201500e+002  1.9493892e+002  1.9503272e+002
  1.9466667e+000  1.8227576e+002  1.6346144e+002  1.9219969e+002  1.9493517e+002  1.9502405e+002
  1.9533333e+000  1.8227393e+002  1.6390080e+002  1.9239041e+002  1.9492612e+002  1.9502737e+002
  1.9600000e+000  1.8226727e+002  1.6430473e+002  1.9260530e+002  1.9490529e+002  1.9504262e+002
  1.9666667e+000  1.8224646e+002  1.6471945e+002  1.9281316e+002  1.9489955e+002  1.9503491e+002
  1.9733333e+000  1.8223009e+002  1.6516225e+002  1.9297113e+002  1.9489908e+002  1.9504923e+002
  1.9800000e+000  1.8222543e+002  1.6563503e+002  1.9311446e+002  1.9487755e+002  1.9508130e+002
  1.9866667e+000  1.8221320e+002  1.6611775e+002  1.9328645e+002  1.9484917e+002  1.9509843e+002
  1.9933333e+000  1.8220346e+002  1.6663962e+002  1.9343420e+002  1.9486247e+002  1.9511786e+002
  2.0000000e+000  1.8219968e+002  1.6719034e+002  1.9356776e+002  1.9486018e+002  1.9514357e+002
