 -5.0000000e-001 -2.4320300e-001 -2.4326500e-001 -2.4326800e-001 -2.4335400e-001 -2.4317100e-001
 -4.9333333e-001 -2.4323300e-001 -2.4328100e-001 -2.4321600e-001 -2.4335300e-001 -2.4320200e-001
 -4.8666667e-001 -2.4319500e-001 -2.4326000e-001 -2.4323400e-001 -2.4335500e-001 -2.4316300e-001
 -4.8000000e-001 -2.4323900e-001 -2.4324200e-001 -2.4328600e-001 -2.4338600e-001 -2.4322200e-001
 -4.7333333e-001 -2.4322600e-001 -2.4328900e-001 -2.4326700e-001 -2.4338800e-001 -2.4318400e-001
 -4.6666667e-001 -2.4321100e-001 -2.4326500e-001 -2.4322700e-001 -2.4333000e-001 -2.4317300e-001
 -4.6000000e-001 -2.4322700e-001 -2.4326800e-001 -2.4324500e-001 -2.4335000e-001 -2.4321100e-001
 -4.5333333e-001 -2.4322500e-001 -2.4327200e-001 -2.4326700e-001 -2.4333800e-001 -2.4320500e-001
 -4.4666667e-001 -2.4319900e-001 -2.4327300e-001 -2.4329300e-001 -2.4329800e-001 -2.4318100e-001
 -4.4000000e-001 -2.4316900e-001 -2.4327100e-001 -2.4326300e-001 -2.4330200e-001 -2.4314900e-001
 -4.3333333e-001 -2.4315700e-001 -2.4322200e-001 -2.4326700e-001 -2.4332700e-001 -2.4318400e-001
 -4.2666667e-001 -2.4320100e-001 -2.4324300e-001 -2.4328500e-001 -2.4333300e-001 -2.4319700e-001
 -4.2000000e-001 -2.4322200e-001 -2.4327500e-001 -2.4324100e-001 -2.4334000e-001 -2.4318400e-001
 -4.1333333e-001 -2.4324300e-001 -2.4329200e-001 -2.4323600e-001 -2.4329900e-001 -2.4316700e-001
 -4.0666667e-001 -2.4323600e-001 -2.4324600e-001 -2.4326100e-001 -2.4334200e-001 -2.4321700e-001
 -4.0000000e-001 -2.4322300e-001 -2.4326400e-001 -2.4324600e-001 -2.4335300e-001 -2.4321500e-001
 -3.9333333e-001 -2.4322600e-001 -2.4322500e-001 -2.4321900e-001 -2.4333800e-001 -2.4322200e-001
 -3.8666667e-001 -2.4320300e-001 -2.4326900e-001 -2.4324300e-001 -2.4331400e-001 -2.4320400e-001
 -3.8000000e-001 -2.4324100e-001 -2.4326100e-001 -2.4325600e-001 -2.4329900e-001 -2.4320800e-001
 -3.7333333e-001 -2.4320600e-001 -2.4325600e-001 -2.4321900e-001 -2.4329900e-001 -2.4317300e-001
 -3.6666667e-001 -2.4322200e-001 -2.4321200e-001 -2.4327500e-001 -2.4328500e-001 -2.4321100e-001
 -3.6000000e-001 -2.4320300e-001 -2.4323300e-001 -2.4326400e-001 -2.4325700e-001 -2.4319800e-001
 -3.5333333e-001 -2.4321700e-001 -2.4321100e-001 -2.4331700e-001 -2.4326600e-001 -2.4319200e-001
 -3.4666667e-001 -2.4320000e-001 -2.4328800e-001 -2.4324700e-001 -2.4326200e-001 -2.4323000e-001
 -3.4000000e-001 -2.4321900e-001 -2.4325600e-001 -2.4326300e-001 -2.4327500e-001 -2.4322400e-001
 -3.3333333e-001 -2.4324600e-001 -2.4325200e-001 -2.4327000e-001 -2.4330800e-001 -2.4318700e-001
 -3.2666667e-001 -2.4323900e-001 -2.4326400e-001 -2.4325100e-001 -2.4332400e-001 -2.4321300e-001
 -3.2000000e-001 -2.4325000e-001 -2.4324900e-001 -2.4328200e-001 -2.4327000e-001 -2.4324000e-001
 -3.1333333e-001 -2.4323800e-001 -2.4320900e-001 -2.4329400e-001 -2.4328300e-001 -2.4324700e-001
 -3.0666667e-001 -2.4320900e-001 -2.4319100e-001 -2.4324200e-001 -2.4330400e-001 -2.4319400e-001
 -3.0000000e-001 -2.4317700e-001 -2.4321400e-001 -2.4325600e-001 -2.4326300e-001 -2.4320700e-001
 -2.9333333e-001 -2.4319200e-001 -2.4324700e-001 -2.4326500e-001 -2.4331400e-001 -2.4319300e-001
 -2.8666667e-001 -2.4322900e-001 -2.4323900e-001 -2.4322900e-001 -2.4328400e-001 -2.4319600e-001
 -2.8000000e-001 -2.4323600e-001 -2.4326100e-001 -2.4327700e-001 -2.4327500e-001 -2.4321800e-001
 -2.7333333e-001 -2.4327700e-001 -2.4323000e-001 -2.4326800e-001 -2.4325200e-001 -2.4319900e-001
 -2.6666667e-001 -2.4321600e-001 -2.4324800e-001 -2.4328200e-001 -2.4326300e-001 -2.4320900e-001
 -2.6000000e-001 -2.4319900e-001 -2.4323600e-001 -2.4323500e-001 -2.4324600e-001 -2.4322000e-001
 -2.5333333e-001 -2.4319600e-001 -2.4327300e-001 -2.4322500e-001 -2.4327500e-001 -2.4318200e-001
 -2.4666667e-001 -2.4320500e-001 -2.4327200e-001 -2.4326400e-001 -2.4324500e-001 -2.4318500e-001
 -2.4000000e-001 -2.4320000e-001 -2.4321500e-001 -2.4321800e-001 -2.4323500e-001 -2.4320600e-001
 -2.3333333e-001 -2.4320600e-001 -2.4323000e-001 -2.4320900e-001 -2.4321400e-001 -2.4316800e-001
 -2.2666667e-001 -2.4325000e-001 -2.4323200e-001 -2.4324000e-001 -2.4322400e-001 -2.4320600e-001
 -2.2000000e-001 -2.4320400e-001 -2.4329500e-001 -2.4327400e-001 -2.4321300e-001 -2.4321200e-001
 -2.1333333e-001 -2.4322200e-001 -2.4322800e-001 -2.4327400e-001 -2.4321500e-001 -2.4322900e-001
 -2.0666667e-001 -2.4324400e-001 -2.4321600e-001 -2.4325600e-001 -2.4326300e-001 -2.4322400e-001
 -2.0000000e-001 -2.4319900e-001 -2.4325600e-001 -2.4327500e-001 -2.4324200e-001 -2.4323100e-001
 -1.9333333e-001 -2.4321000e-001 -2.4321300e-001 -2.4330200e-001 -2.4323600e-001 -2.4322700e-001
 -1.8666667e-001 -2.4320900e-001 -2.4320400e-001 -2.4327600e-001 -2.4320700e-001 -2.4321200e-001
 -1.8000000e-001 -2.4322500e-001 -2.4324900e-001 -2.4324700e-001 -2.4321000e-001 -2.4317700e-001
 -1.7333333e-001 -2.4321900e-001 -2.4327200e-001 -2.4325500e-001 -2.4323000e-001 -2.4322500e-001
 -1.6666667e-001 -2.4323200e-001 -2.4323100e-001 -2.4327500e-001 -2.4322000e-001 -2.4321200e-001
 -1.6000000e-001 -2.4322200e-001 -2.4324200e-001 -2.4326900e-001 -2.4324900e-001 -2.4316800e-001
 -1.5333333e-001 -2.4321700e-001 -2.4322100e-001 -2.4326800e-001 -2.4323100e-001 -2.4319900e-001
 -1.4666667e-001 -2.4321100e-001 -2.4323800e-001 -2.4323500e-001 -2.4318500e-001 -2.4318700e-001
 -1.4000000e-001 -2.4323700e-001 -2.4322100e-001 -2.4326800e-001 -2.4320000e-001 -2.4317900e-001
 -1.3333333e-001 -2.4321600e-001 -2.4321700e-001 -2.4328100e-001 -2.4324700e-001 -2.4320800e-001
 -1.2666667e-001 -2.4321300e-001 -2.4326000e-001 -2.4324300e-001 -2.4324200e-001 -2.4319500e-001
 -1.2000000e-001 -2.4320400e-001 -2.4322500e-001 -2.4325000e-001 -2.4323700e-001 -2.4318800e-001
 -1.1333333e-001 -2.4321600e-001 -2.4323500e-001 -2.4324300e-001 -2.4323200e-001 -2.4321600e-001
 -1.0666667e-001 -2.4320600e-001 -2.4323100e-001 -2.4322900e-001 -2.4323800e-001 -2.4320300e-001
 -1.0000000e-001 -2.4322600e-001 -2.4322600e-001 -2.4327300e-001 -2.4326100e-001 -2.4317800e-001
 -9.3333333e-002 -2.4324100e-001 -2.4316200e-001 -2.4328300e-001 -2.4323600e-001 -2.4319900e-001
 -8.6666667e-002 -2.4322800e-001 -2.4322000e-001 -2.4326600e-001 -2.4326700e-001 -2.4317900e-001
 -8.0000000e-002 -2.4320700e-001 -2.4320900e-001 -2.4319700e-001 -2.4330600e-001 -2.4314700e-001
 -7.3333333e-002 -2.4322200e-001 -2.4327300e-001 -2.4322900e-001 -2.4327500e-001 -2.4315000e-001
 -6.6666667e-002 -2.4322500e-001 -2.4324800e-001 -2.4324500e-001 -2.4327900e-001 -2.4317200e-001
 -6.0000000e-002 -2.4321900e-001 -2.4319500e-001 -2.4325000e-001 -2.4327600e-001 -2.4322800e-001
 -5.3333333e-002 -2.4319500e-001 -2.4322300e-001 -2.4325900e-001 -2.4330000e-001 -2.4314000e-001
 -4.6666667e-002 -2.4318000e-001 -2.4324200e-001 -2.4326700e-001 -2.4325100e-001 -2.4318100e-001
 -4.0000000e-002 -2.4322800e-001 -2.4324100e-001 -2.4323500e-001 -2.4328500e-001 -2.4317200e-001
 -3.3333333e-002 -2.4325700e-001 -2.4321100e-001 -2.4323900e-001 -2.4330200e-001 -2.4315700e-001
 -2.6666667e-002 -2.4323400e-001 -2.4323000e-001 -2.4323900e-001 -2.4332200e-001 -2.4321400e-001
 -2.0000000e-002 -2.4325700e-001 -2.4325900e-001 -2.4331700e-001 -2.4337000e-001 -2.4322200e-001
 -1.3333333e-002 -2.4332600e-001 -2.4332700e-001 -2.4336600e-001 -2.4336500e-001 -2.4330700e-001
 -6.6666667e-003 -2.4343000e-001 -2.4342500e-001 -2.4355600e-001 -2.4346600e-001 -2.4343000e-001
  0.0000000e+000 -2.4363900e-001 -2.4359400e-001 -2.4375500e-001 -2.4367800e-001 -2.4364100e-001
  6.6666667e-003 -2.4387000e-001 -2.4386100e-001 -2.4400700e-001 -2.4393100e-001 -2.4393300e-001
  1.3333333e-002 -2.4417000e-001 -2.4413500e-001 -2.4432200e-001 -2.4422900e-001 -2.4423600e-001
  2.0000000e-002 -2.4452000e-001 -2.4447400e-001 -2.4467700e-001 -2.4456400e-001 -2.4455300e-001
  2.6666667e-002 -2.4491700e-001 -2.4486500e-001 -2.4507700e-001 -2.4497600e-001 -2.4494300e-001
  3.3333333e-002 -2.4533500e-001 -2.4530700e-001 -2.4551400e-001 -2.4541400e-001 -2.4535100e-001
  4.0000000e-002 -2.4575100e-001 -2.4572200e-001 -2.4598400e-001 -2.4581700e-001 -2.4583700e-001
  4.6666667e-002 -2.4620100e-001 -2.4616300e-001 -2.4636800e-001 -2.4621500e-001 -2.4621600e-001
  5.3333333e-002 -2.4670200e-001 -2.4658900e-001 -2.4685400e-001 -2.4665200e-001 -2.4670100e-001
  6.0000000e-002 -2.4720100e-001 -2.4705500e-001 -2.4735100e-001 -2.4710900e-001 -2.4718000e-001
  6.6666667e-002 -2.4771700e-001 -2.4757400e-001 -2.4789800e-001 -2.4760200e-001 -2.4768300e-001
  7.3333333e-002 -2.4826500e-001 -2.4811200e-001 -2.4850400e-001 -2.4815800e-001 -2.4822300e-001
  8.0000000e-002 -2.4890200e-001 -2.4875900e-001 -2.4915600e-001 -2.4880700e-001 -2.4887500e-001
  8.6666667e-002 -2.4960100e-001 -2.4942700e-001 -2.4981200e-001 -2.4947400e-001 -2.4957000e-001
  9.3333333e-002 -2.5039000e-001 -2.5019600e-001 -2.5058900e-001 -2.5027200e-001 -2.5035800e-001
  1.0000000e-001 -2.5116900e-001 -2.5099900e-001 -2.5141000e-001 -2.5104800e-001 -2.5118700e-001
  1.0666667e-001 -2.5204000e-001 -2.5179100e-001 -2.5225600e-001 -2.5187200e-001 -2.5196300e-001
  1.1333333e-001 -2.5286800e-001 -2.5264400e-001 -2.5306300e-001 -2.5269900e-001 -2.5284000e-001
  1.2000000e-001 -2.5365300e-001 -2.5347800e-001 -2.5384100e-001 -2.5347800e-001 -2.5361100e-001
  1.2666667e-001 -2.5446900e-001 -2.5422500e-001 -2.5467200e-001 -2.5426400e-001 -2.5447500e-001
  1.3333333e-001 -2.5530700e-001 -2.5501500e-001 -2.5553900e-001 -2.5508200e-001 -2.5531700e-001
  1.4000000e-001 -2.5620700e-001 -2.5586300e-001 -2.5644800e-001 -2.5594100e-001 -2.5616900e-001
  1.4666667e-001 -2.5710200e-001 -2.5682900e-001 -2.5737100e-001 -2.5687800e-001 -2.5711500e-001
  1.5333333e-001 -2.5808600e-001 -2.5779900e-001 -2.5835600e-001 -2.5784400e-001 -2.5809800e-001
  1.6000000e-001 -2.5911200e-001 -2.5882300e-001 -2.5939900e-001 -2.5883400e-001 -2.5913900e-001
  1.6666667e-001 -2.6014800e-001 -2.5989400e-001 -2.6051600e-001 -2.5989500e-001 -2.6022700e-001
  1.7333333e-001 -2.6128800e-001 -2.6100100e-001 -2.6164000e-001 -2.6108200e-001 -2.6138300e-001
  1.8000000e-001 -2.6243400e-001 -2.6220600e-001 -2.6276100e-001 -2.6224000e-001 -2.6255300e-001
  1.8666667e-001 -2.6360200e-001 -2.6342600e-001 -2.6396500e-001 -2.6346200e-001 -2.6378900e-001
  1.9333333e-001 -2.6480300e-001 -2.6463100e-001 -2.6518300e-001 -2.6473200e-001 -2.6506100e-001
  2.0000000e-001 -2.6604500e-001 -2.6596600e-001 -2.6644200e-001 -2.6602300e-001 -2.6631000e-001
  2.0666667e-001 -2.6729300e-001 -2.6736200e-001 -2.6773200e-001 -2.6732500e-001 -2.6764800e-001
  2.1333333e-001 -2.6864000e-001 -2.6871200e-001 -2.6905500e-001 -2.6869100e-001 -2.6897700e-001
  2.2000000e-001 -2.7004000e-001 -2.7013300e-001 -2.7044100e-001 -2.7003500e-001 -2.7035900e-001
  2.2666667e-001 -2.7144600e-001 -2.7149900e-001 -2.7184700e-001 -2.7140100e-001 -2.7176000e-001
  2.3333333e-001 -2.7294100e-001 -2.7289500e-001 -2.7324500e-001 -2.7281400e-001 -2.7322200e-001
  2.4000000e-001 -2.7444700e-001 -2.7431900e-001 -2.7470800e-001 -2.7424300e-001 -2.7467500e-001
  2.4666667e-001 -2.7595900e-001 -2.7581100e-001 -2.7617600e-001 -2.7567000e-001 -2.7615100e-001
  2.5333333e-001 -2.7754600e-001 -2.7726100e-001 -2.7773000e-001 -2.7710700e-001 -2.7771700e-001
  2.6000000e-001 -2.7916800e-001 -2.7872600e-001 -2.7927600e-001 -2.7857300e-001 -2.7924400e-001
  2.6666667e-001 -2.8084500e-001 -2.8024900e-001 -2.8090200e-001 -2.8013000e-001 -2.8093100e-001
  2.7333333e-001 -2.8252100e-001 -2.8181600e-001 -2.8258300e-001 -2.8170700e-001 -2.8260300e-001
  2.8000000e-001 -2.8427700e-001 -2.8343800e-001 -2.8432700e-001 -2.8329500e-001 -2.8436200e-001
  2.8666667e-001 -2.8595800e-001 -2.8503500e-001 -2.8598200e-001 -2.8487300e-001 -2.8607600e-001
  2.9333333e-001 -2.8769000e-001 -2.8658500e-001 -2.8769700e-001 -2.8645100e-001 -2.8782600e-001
  3.0000000e-001 -2.8948500e-001 -2.8822400e-001 -2.8942000e-001 -2.8808800e-001 -2.8954300e-001
  3.0666667e-001 -2.9125600e-001 -2.8991900e-001 -2.9121900e-001 -2.8974200e-001 -2.9122500e-001
  3.1333333e-001 -2.9298100e-001 -2.9159000e-001 -2.9304300e-001 -2.9142200e-001 -2.9287300e-001
  3.2000000e-001 -2.9462200e-001 -2.9332900e-001 -2.9484500e-001 -2.9308400e-001 -2.9451500e-001
  3.2666667e-001 -2.9621700e-001 -2.9504300e-001 -2.9662100e-001 -2.9481300e-001 -2.9611800e-001
  3.3333333e-001 -2.9779700e-001 -2.9676900e-001 -2.9839000e-001 -2.9649800e-001 -2.9767200e-001
  3.4000000e-001 -2.9936200e-001 -2.9854100e-001 -3.0005100e-001 -2.9826700e-001 -2.9929100e-001
  3.4666667e-001 -3.0098500e-001 -3.0032300e-001 -3.0165600e-001 -3.0007800e-001 -3.0093400e-001
  3.5333333e-001 -3.0267700e-001 -3.0215900e-001 -3.0333100e-001 -3.0186400e-001 -3.0262400e-001
  3.6000000e-001 -3.0435600e-001 -3.0409200e-001 -3.0490400e-001 -3.0378300e-001 -3.0428800e-001
  3.6666667e-001 -3.0609400e-001 -3.0591700e-001 -3.0646800e-001 -3.0564700e-001 -3.0600400e-001
  3.7333333e-001 -3.0782600e-001 -3.0765900e-001 -3.0810600e-001 -3.0747700e-001 -3.0772800e-001
  3.8000000e-001 -3.0961300e-001 -3.0935000e-001 -3.0981000e-001 -3.0923700e-001 -3.0952400e-001
  3.8666667e-001 -3.1133900e-001 -3.1098600e-001 -3.1151300e-001 -3.1088500e-001 -3.1121700e-001
  3.9333333e-001 -3.1307200e-001 -3.1253000e-001 -3.1328100e-001 -3.1244500e-001 -3.1295800e-001
  4.0000000e-001 -3.1465300e-001 -3.1401100e-001 -3.1507800e-001 -3.1402700e-001 -3.1461200e-001
  4.0666667e-001 -3.1629500e-001 -3.1558200e-001 -3.1677500e-001 -3.1553200e-001 -3.1622100e-001
  4.1333333e-001 -3.1789500e-001 -3.1718600e-001 -3.1841500e-001 -3.1702400e-001 -3.1783000e-001
  4.2000000e-001 -3.1945000e-001 -3.1874700e-001 -3.2006100e-001 -3.1865600e-001 -3.1941900e-001
  4.2666667e-001 -3.2101900e-001 -3.2046100e-001 -3.2168000e-001 -3.2027800e-001 -3.2105700e-001
  4.3333333e-001 -3.2271600e-001 -3.2220200e-001 -3.2334600e-001 -3.2197500e-001 -3.2273000e-001
  4.4000000e-001 -3.2445800e-001 -3.2395500e-001 -3.2493700e-001 -3.2369200e-001 -3.2440300e-001
  4.4666667e-001 -3.2616400e-001 -3.2576200e-001 -3.2656100e-001 -3.2545100e-001 -3.2615300e-001
  4.5333333e-001 -3.2790000e-001 -3.2750100e-001 -3.2812600e-001 -3.2723400e-001 -3.2787900e-001
  4.6000000e-001 -3.2969700e-001 -3.2923500e-001 -3.2986300e-001 -3.2900600e-001 -3.2959800e-001
  4.6666667e-001 -3.3142700e-001 -3.3090700e-001 -3.3157800e-001 -3.3074600e-001 -3.3126600e-001
  4.7333333e-001 -3.3307800e-001 -3.3245700e-001 -3.3328200e-001 -3.3247500e-001 -3.3293100e-001
  4.8000000e-001 -3.3472000e-001 -3.3408500e-001 -3.3501400e-001 -3.3405400e-001 -3.3455200e-001
  4.8666667e-001 -3.3630100e-001 -3.3564400e-001 -3.3668600e-001 -3.3561000e-001 -3.3620400e-001
  4.9333333e-001 -3.3785400e-001 -3.3722500e-001 -3.3834600e-001 -3.3720300e-001 -3.3777600e-001
  5.0000000e-001 -3.3937000e-001 -3.3889100e-001 -3.3998600e-001 -3.3873600e-001 -3.3940900e-001
  5.0666667e-001 -3.4098300e-001 -3.4057200e-001 -3.4161600e-001 -3.4043400e-001 -3.4111000e-001
  5.1333333e-001 -3.4263200e-001 -3.4230500e-001 -3.4319300e-001 -3.4214800e-001 -3.4276800e-001
  5.2000000e-001 -3.4433700e-001 -3.4406700e-001 -3.4485400e-001 -3.4383800e-001 -3.4449400e-001
  5.2666667e-001 -3.4615800e-001 -3.4580500e-001 -3.4660000e-001 -3.4564400e-001 -3.4620700e-001
  5.3333333e-001 -3.4793900e-001 -3.4750700e-001 -3.4831600e-001 -3.4743500e-001 -3.4794400e-001
  5.4000000e-001 -3.4973000e-001 -3.4919600e-001 -3.5000700e-001 -3.4912500e-001 -3.4964200e-001
  5.4666667e-001 -3.5143000e-001 -3.5082600e-001 -3.5176800e-001 -3.5084400e-001 -3.5130200e-001
  5.5333333e-001 -3.5313000e-001 -3.5243300e-001 -3.5350400e-001 -3.5254700e-001 -3.5293100e-001
  5.6000000e-001 -3.5472400e-001 -3.5410200e-001 -3.5510400e-001 -3.5410700e-001 -3.5457400e-001
  5.6666667e-001 -3.5630600e-001 -3.5574300e-001 -3.5683900e-001 -3.5576400e-001 -3.5623800e-001
  5.7333333e-001 -3.5793200e-001 -3.5742400e-001 -3.5843500e-001 -3.5734700e-001 -3.5784700e-001
  5.8000000e-001 -3.5950800e-001 -3.5910200e-001 -3.6006200e-001 -3.5895000e-001 -3.5951200e-001
  5.8666667e-001 -3.6115800e-001 -3.6078100e-001 -3.6167100e-001 -3.6066600e-001 -3.6116200e-001
  5.9333333e-001 -3.6281900e-001 -3.6250300e-001 -3.6330300e-001 -3.6234900e-001 -3.6287700e-001
  6.0000000e-001 -3.6453900e-001 -3.6417800e-001 -3.6510200e-001 -3.6406900e-001 -3.6464100e-001
  6.0666667e-001 -3.6635100e-001 -3.6594200e-001 -3.6677900e-001 -3.6585600e-001 -3.6633600e-001
  6.1333333e-001 -3.6805400e-001 -3.6763900e-001 -3.6847700e-001 -3.6763300e-001 -3.6803400e-001
  6.2000000e-001 -3.6975000e-001 -3.6931700e-001 -3.7014800e-001 -3.6928800e-001 -3.6968300e-001
  6.2666667e-001 -3.7136400e-001 -3.7091900e-001 -3.7186100e-001 -3.7092200e-001 -3.7132800e-001
  6.3333333e-001 -3.7301700e-001 -3.7255500e-001 -3.7354100e-001 -3.7257900e-001 -3.7298700e-001
  6.4000000e-001 -3.7465500e-001 -3.7425300e-001 -3.7522300e-001 -3.7422000e-001 -3.7463500e-001
  6.4666667e-001 -3.7627700e-001 -3.7592800e-001 -3.7689700e-001 -3.7589600e-001 -3.7634600e-001
  6.5333333e-001 -3.7792500e-001 -3.7764800e-001 -3.7856000e-001 -3.7759000e-001 -3.7800500e-001
  6.6000000e-001 -3.7959000e-001 -3.7934400e-001 -3.8023800e-001 -3.7920900e-001 -3.7967000e-001
  6.6666667e-001 -3.8129200e-001 -3.8105600e-001 -3.8185900e-001 -3.8090100e-001 -3.8136500e-001
  6.7333333e-001 -3.8298300e-001 -3.8271900e-001 -3.8350600e-001 -3.8258900e-001 -3.8302300e-001
  6.8000000e-001 -3.8469000e-001 -3.8437700e-001 -3.8521400e-001 -3.8426400e-001 -3.8476500e-001
  6.8666667e-001 -3.8649700e-001 -3.8608400e-001 -3.8690900e-001 -3.8606900e-001 -3.8642300e-001
  6.9333333e-001 -3.8826900e-001 -3.8774800e-001 -3.8854700e-001 -3.8775200e-001 -3.8814600e-001
  7.0000000e-001 -3.8999700e-001 -3.8942900e-001 -3.9023800e-001 -3.8937600e-001 -3.8977700e-001
  7.0666667e-001 -3.9160300e-001 -3.9105000e-001 -3.9193900e-001 -3.9101000e-001 -3.9138800e-001
  7.1333333e-001 -3.9318100e-001 -3.9269300e-001 -3.9361000e-001 -3.9264700e-001 -3.9300300e-001
  7.2000000e-001 -3.9479800e-001 -3.9429400e-001 -3.9518400e-001 -3.9428300e-001 -3.9464400e-001
  7.2666667e-001 -3.9639500e-001 -3.9598100e-001 -3.9686900e-001 -3.9593800e-001 -3.9629000e-001
  7.3333333e-001 -3.9803400e-001 -3.9771600e-001 -3.9857900e-001 -3.9760500e-001 -3.9801300e-001
  7.4000000e-001 -3.9966200e-001 -3.9935300e-001 -4.0023500e-001 -3.9929100e-001 -3.9972100e-001
  7.4666667e-001 -4.0133700e-001 -4.0098600e-001 -4.0191400e-001 -4.0093800e-001 -4.0136700e-001
  7.5333333e-001 -4.0305400e-001 -4.0263900e-001 -4.0356500e-001 -4.0261400e-001 -4.0307300e-001
  7.6000000e-001 -4.0476400e-001 -4.0433000e-001 -4.0522800e-001 -4.0430100e-001 -4.0473700e-001
  7.6666667e-001 -4.0651000e-001 -4.0608600e-001 -4.0693400e-001 -4.0601800e-001 -4.0636600e-001
  7.7333333e-001 -4.0822000e-001 -4.0776800e-001 -4.0857900e-001 -4.0776800e-001 -4.0807800e-001
  7.8000000e-001 -4.0988800e-001 -4.0937000e-001 -4.1025600e-001 -4.0944000e-001 -4.0975300e-001
  7.8666667e-001 -4.1151500e-001 -4.1103300e-001 -4.1194100e-001 -4.1104000e-001 -4.1143600e-001
  7.9333333e-001 -4.1312700e-001 -4.1268100e-001 -4.1356300e-001 -4.1266300e-001 -4.1305800e-001
  8.0000000e-001 -4.1476300e-001 -4.1431800e-001 -4.1521300e-001 -4.1430500e-001 -4.1469900e-001
  8.0666667e-001 -4.1635500e-001 -4.1597300e-001 -4.1690200e-001 -4.1589400e-001 -4.1637900e-001
  8.1333333e-001 -4.1806200e-001 -4.1762000e-001 -4.1853100e-001 -4.1761600e-001 -4.1802900e-001
  8.2000000e-001 -4.1975500e-001 -4.1932200e-001 -4.2019500e-001 -4.1932700e-001 -4.1968900e-001
  8.2666667e-001 -4.2138900e-001 -4.2100300e-001 -4.2184000e-001 -4.2099800e-001 -4.2138000e-001
  8.3333333e-001 -4.2308400e-001 -4.2267700e-001 -4.2351400e-001 -4.2266200e-001 -4.2307000e-001
  8.4000000e-001 -4.2478100e-001 -4.2436900e-001 -4.2519300e-001 -4.2433500e-001 -4.2473900e-001
  8.4666667e-001 -4.2648700e-001 -4.2599400e-001 -4.2684800e-001 -4.2597500e-001 -4.2639400e-001
  8.5333333e-001 -4.2822400e-001 -4.2767700e-001 -4.2851000e-001 -4.2765200e-001 -4.2804800e-001
  8.6000000e-001 -4.2982900e-001 -4.2935900e-001 -4.3018200e-001 -4.2931400e-001 -4.2964500e-001
  8.6666667e-001 -4.3149000e-001 -4.3097000e-001 -4.3184100e-001 -4.3093300e-001 -4.3135800e-001
  8.7333333e-001 -4.3314700e-001 -4.3265900e-001 -4.3355100e-001 -4.3262300e-001 -4.3300400e-001
  8.8000000e-001 -4.3477200e-001 -4.3431700e-001 -4.3524000e-001 -4.3431000e-001 -4.3478700e-001
  8.8666667e-001 -4.3646000e-001 -4.3595700e-001 -4.3690200e-001 -4.3594900e-001 -4.3644500e-001
  8.9333333e-001 -4.3816100e-001 -4.3770500e-001 -4.3856900e-001 -4.3764100e-001 -4.3806700e-001
  9.0000000e-001 -4.3987400e-001 -4.3936900e-001 -4.4029400e-001 -4.3938100e-001 -4.3978400e-001
  9.0666667e-001 -4.4152100e-001 -4.4102100e-001 -4.4198700e-001 -4.4110300e-001 -4.4144600e-001
  9.1333333e-001 -4.4321400e-001 -4.4273200e-001 -4.4364000e-001 -4.4270900e-001 -4.4312900e-001
  9.2000000e-001 -4.4485500e-001 -4.4440000e-001 -4.4528100e-001 -4.4428100e-001 -4.4480900e-001
  9.2666667e-001 -4.4654200e-001 -4.4604900e-001 -4.4693900e-001 -4.4600600e-001 -4.4645400e-001
  9.3333333e-001 -4.4821400e-001 -4.4771700e-001 -4.4865000e-001 -4.4769200e-001 -4.4809400e-001
  9.4000000e-001 -4.4989800e-001 -4.4935000e-001 -4.5030100e-001 -4.4938500e-001 -4.4980700e-001
  9.4666667e-001 -4.5149200e-001 -4.5105100e-001 -4.5198700e-001 -4.5104000e-001 -4.5148100e-001
  9.5333333e-001 -4.5312300e-001 -4.5268300e-001 -4.5362600e-001 -4.5265300e-001 -4.5308800e-001
  9.6000000e-001 -4.5481100e-001 -4.5426200e-001 -4.5522400e-001 -4.5427800e-001 -4.5472600e-001
  9.6666667e-001 -4.5645400e-001 -4.5598500e-001 -4.5683600e-001 -4.5599400e-001 -4.5638100e-001
  9.7333333e-001 -4.5818200e-001 -4.5762100e-001 -4.5852300e-001 -4.5767900e-001 -4.5809200e-001
  9.8000000e-001 -4.5990600e-001 -4.5931800e-001 -4.6027900e-001 -4.5928600e-001 -4.5980500e-001
  9.8666667e-001 -4.6163200e-001 -4.6101200e-001 -4.6194700e-001 -4.6098900e-001 -4.6151100e-001
  9.9333333e-001 -4.6332600e-001 -4.6267900e-001 -4.6359200e-001 -4.6267900e-001 -4.6315700e-001
  1.0000000e+000 -4.6492100e-001 -4.6430700e-001 -4.6531900e-001 -4.6435600e-001 -4.6474500e-001
  1.0066667e+000 -4.6656100e-001 -4.6592000e-001 -4.6693300e-001 -4.6598500e-001 -4.6642500e-001
  1.0133333e+000 -4.6818100e-001 -4.6758200e-001 -4.6859600e-001 -4.6759300e-001 -4.6808200e-001
  1.0200000e+000 -4.6986700e-001 -4.6930700e-001 -4.7027900e-001 -4.6927500e-001 -4.6975600e-001
  1.0266667e+000 -4.7156800e-001 -4.7099800e-001 -4.7193400e-001 -4.7094400e-001 -4.7144000e-001
  1.0333333e+000 -4.7323200e-001 -4.7269200e-001 -4.7358500e-001 -4.7269800e-001 -4.7312100e-001
  1.0400000e+000 -4.7490300e-001 -4.7439800e-001 -4.7524800e-001 -4.7435600e-001 -4.7478900e-001
  1.0466667e+000 -4.7662200e-001 -4.7597600e-001 -4.7692200e-001 -4.7599600e-001 -4.7649700e-001
  1.0533333e+000 -4.7824600e-001 -4.7768300e-001 -4.7858700e-001 -4.7764600e-001 -4.7811600e-001
  1.0600000e+000 -4.7991000e-001 -4.7936400e-001 -4.8026200e-001 -4.7929000e-001 -4.7977500e-001
  1.0666667e+000 -4.8158100e-001 -4.8105500e-001 -4.8197200e-001 -4.8099200e-001 -4.8151900e-001
  1.0733333e+000 -4.8323200e-001 -4.8269800e-001 -4.8365300e-001 -4.8271400e-001 -4.8319400e-001
  1.0800000e+000 -4.8487800e-001 -4.8437300e-001 -4.8532800e-001 -4.8430200e-001 -4.8483900e-001
  1.0866667e+000 -4.8653400e-001 -4.8604800e-001 -4.8695200e-001 -4.8600700e-001 -4.8651000e-001
  1.0933333e+000 -4.8817200e-001 -4.8768100e-001 -4.8859200e-001 -4.8768400e-001 -4.8817100e-001
  1.1000000e+000 -4.8979900e-001 -4.8938800e-001 -4.9024200e-001 -4.8931300e-001 -4.8981100e-001
  1.1066667e+000 -4.9152400e-001 -4.9101500e-001 -4.9198700e-001 -4.9093900e-001 -4.9153400e-001
  1.1133333e+000 -4.9325800e-001 -4.9273600e-001 -4.9368000e-001 -4.9268500e-001 -4.9320500e-001
  1.1200000e+000 -4.9493400e-001 -4.9442000e-001 -4.9540900e-001 -4.9432800e-001 -4.9489800e-001
  1.1266667e+000 -4.9662200e-001 -4.9607900e-001 -4.9705600e-001 -4.9606300e-001 -4.9657000e-001
  1.1333333e+000 -4.9827700e-001 -4.9771400e-001 -4.9863900e-001 -4.9773400e-001 -4.9824800e-001
  1.1400000e+000 -4.9992800e-001 -4.9939000e-001 -5.0030400e-001 -4.9939200e-001 -4.9986400e-001
  1.1466667e+000 -5.0161700e-001 -5.0110200e-001 -5.0207600e-001 -5.0102900e-001 -5.0148100e-001
  1.1533333e+000 -5.0329000e-001 -5.0280600e-001 -5.0373900e-001 -5.0273400e-001 -5.0324700e-001
  1.1600000e+000 -5.0496600e-001 -5.0445300e-001 -5.0535600e-001 -5.0441200e-001 -5.0490500e-001
  1.1666667e+000 -5.0658900e-001 -5.0614800e-001 -5.0702000e-001 -5.0610600e-001 -5.0662600e-001
  1.1733333e+000 -5.0826800e-001 -5.0779300e-001 -5.0874900e-001 -5.0770200e-001 -5.0830100e-001
  1.1800000e+000 -5.0995900e-001 -5.0945100e-001 -5.1043000e-001 -5.0937300e-001 -5.0997800e-001
  1.1866667e+000 -5.1166700e-001 -5.1105700e-001 -5.1203000e-001 -5.1106500e-001 -5.1161800e-001
  1.1933333e+000 -5.1330600e-001 -5.1280300e-001 -5.1370200e-001 -5.1274600e-001 -5.1330900e-001
  1.2000000e+000 -5.1499200e-001 -5.1449000e-001 -5.1536000e-001 -5.1443200e-001 -5.1495900e-001
  1.2066667e+000 -5.1663700e-001 -5.1615600e-001 -5.1707300e-001 -5.1611300e-001 -5.1660100e-001
  1.2133333e+000 -5.1828500e-001 -5.1783800e-001 -5.1870200e-001 -5.1774000e-001 -5.1829100e-001
  1.2200000e+000 -5.1997300e-001 -5.1952300e-001 -5.2037400e-001 -5.1940200e-001 -5.1996400e-001
  1.2266667e+000 -5.2166000e-001 -5.2110900e-001 -5.2205400e-001 -5.2112100e-001 -5.2159600e-001
  1.2333333e+000 -5.2338700e-001 -5.2279900e-001 -5.2375700e-001 -5.2282300e-001 -5.2329700e-001
  1.2400000e+000 -5.2505100e-001 -5.2450300e-001 -5.2545500e-001 -5.2449100e-001 -5.2499900e-001
  1.2466667e+000 -5.2669900e-001 -5.2615300e-001 -5.2710400e-001 -5.2617200e-001 -5.2671900e-001
  1.2533333e+000 -5.2835800e-001 -5.2788300e-001 -5.2871700e-001 -5.2783100e-001 -5.2835300e-001
  1.2600000e+000 -5.3007200e-001 -5.2956200e-001 -5.3037800e-001 -5.2948700e-001 -5.3001100e-001
  1.2666667e+000 -5.3171200e-001 -5.3120100e-001 -5.3202500e-001 -5.3115200e-001 -5.3168500e-001
  1.2733333e+000 -5.3336000e-001 -5.3288800e-001 -5.3369500e-001 -5.3288200e-001 -5.3341400e-001
  1.2800000e+000 -5.3514100e-001 -5.3454300e-001 -5.3546200e-001 -5.3454100e-001 -5.3508700e-001
  1.2866667e+000 -5.3675800e-001 -5.3626200e-001 -5.3713400e-001 -5.3617100e-001 -5.3671800e-001
  1.2933333e+000 -5.3843400e-001 -5.3788700e-001 -5.3878000e-001 -5.3784500e-001 -5.3836700e-001
  1.3000000e+000 -5.4003700e-001 -5.3952500e-001 -5.4045300e-001 -5.3950000e-001 -5.4001500e-001
  1.3066667e+000 -5.4172400e-001 -5.4121000e-001 -5.4212200e-001 -5.4121100e-001 -5.4166000e-001
  1.3133333e+000 -5.4344200e-001 -5.4283100e-001 -5.4383300e-001 -5.4290800e-001 -5.4334200e-001
  1.3200000e+000 -5.4511000e-001 -5.4454400e-001 -5.4547000e-001 -5.4459100e-001 -5.4506600e-001
  1.3266667e+000 -5.4682000e-001 -5.4626800e-001 -5.4716600e-001 -5.4624000e-001 -5.4681900e-001
  1.3333333e+000 -5.4849300e-001 -5.4795000e-001 -5.4882900e-001 -5.4797700e-001 -5.4850900e-001
  1.3400000e+000 -5.5012200e-001 -5.4955300e-001 -5.5044700e-001 -5.4954400e-001 -5.5012300e-001
  1.3466667e+000 -5.5171200e-001 -5.5120900e-001 -5.5214500e-001 -5.5122200e-001 -5.5173300e-001
  1.3533333e+000 -5.5345700e-001 -5.5290100e-001 -5.5377500e-001 -5.5290300e-001 -5.5338800e-001
  1.3600000e+000 -5.5519100e-001 -5.5461600e-001 -5.5547700e-001 -5.5458000e-001 -5.5509400e-001
  1.3666667e+000 -5.5678000e-001 -5.5629200e-001 -5.5718600e-001 -5.5624600e-001 -5.5675900e-001
  1.3733333e+000 -5.5840100e-001 -5.5798300e-001 -5.5887400e-001 -5.5795300e-001 -5.5841700e-001
  1.3800000e+000 -5.6014100e-001 -5.5968900e-001 -5.6048200e-001 -5.5963900e-001 -5.6013300e-001
  1.3866667e+000 -5.6183600e-001 -5.6129200e-001 -5.6219100e-001 -5.6124300e-001 -5.6175100e-001
  1.3933333e+000 -5.6346500e-001 -5.6294500e-001 -5.6384200e-001 -5.6289900e-001 -5.6347600e-001
  1.4000000e+000 -5.6514400e-001 -5.6456700e-001 -5.6546800e-001 -5.6457000e-001 -5.6511800e-001
  1.4066667e+000 -5.6675600e-001 -5.6626400e-001 -5.6716400e-001 -5.6632000e-001 -5.6677900e-001
  1.4133333e+000 -5.6844600e-001 -5.6790800e-001 -5.6882400e-001 -5.6797900e-001 -5.6846300e-001
  1.4200000e+000 -5.7014800e-001 -5.6957400e-001 -5.7051100e-001 -5.6964800e-001 -5.7023100e-001
  1.4266667e+000 -5.7180800e-001 -5.7130000e-001 -5.7218200e-001 -5.7132900e-001 -5.7182000e-001
  1.4333333e+000 -5.7347800e-001 -5.7295100e-001 -5.7381200e-001 -5.7297400e-001 -5.7342700e-001
  1.4400000e+000 -5.7514200e-001 -5.7459000e-001 -5.7549600e-001 -5.7462400e-001 -5.7507900e-001
  1.4466667e+000 -5.7680900e-001 -5.7624800e-001 -5.7722800e-001 -5.7630300e-001 -5.7678800e-001
  1.4533333e+000 -5.7848000e-001 -5.7795400e-001 -5.7896100e-001 -5.7796800e-001 -5.7854700e-001
  1.4600000e+000 -5.8014800e-001 -5.7964500e-001 -5.8057500e-001 -5.7969200e-001 -5.8020900e-001
  1.4666667e+000 -5.8177600e-001 -5.8137300e-001 -5.8223400e-001 -5.8140000e-001 -5.8185800e-001
  1.4733333e+000 -5.8347700e-001 -5.8299300e-001 -5.8391400e-001 -5.8305800e-001 -5.8349500e-001
  1.4800000e+000 -5.8503800e-001 -5.8466800e-001 -5.8551600e-001 -5.8470500e-001 -5.8516000e-001
  1.4866667e+000 -5.8675000e-001 -5.8635900e-001 -5.8714700e-001 -5.8635900e-001 -5.8688600e-001
  1.4933333e+000 -5.8844400e-001 -5.8803600e-001 -5.8893000e-001 -5.8805400e-001 -5.8857100e-001
  1.5000000e+000 -5.9018600e-001 -5.8966300e-001 -5.9066600e-001 -5.8973500e-001 -5.9013100e-001
  1.5066667e+000 -5.9188000e-001 -5.9135000e-001 -5.9230500e-001 -5.9140800e-001 -5.9183700e-001
  1.5133333e+000 -5.9353400e-001 -5.9297400e-001 -5.9400500e-001 -5.9299700e-001 -5.9350500e-001
  1.5200000e+000 -5.9508500e-001 -5.9461300e-001 -5.9562400e-001 -5.9464800e-001 -5.9519600e-001
  1.5266667e+000 -5.9680000e-001 -5.9629500e-001 -5.9721000e-001 -5.9633500e-001 -5.9684400e-001
  1.5333333e+000 -5.9853500e-001 -5.9794200e-001 -5.9887800e-001 -5.9801400e-001 -5.9850300e-001
  1.5400000e+000 -6.0024600e-001 -5.9965000e-001 -6.0060100e-001 -5.9978800e-001 -6.0022700e-001
  1.5466667e+000 -6.0190300e-001 -6.0131300e-001 -6.0226300e-001 -6.0145500e-001 -6.0192000e-001
  1.5533333e+000 -6.0353500e-001 -6.0300600e-001 -6.0393500e-001 -6.0307300e-001 -6.0347600e-001
  1.5600000e+000 -6.0522600e-001 -6.0465500e-001 -6.0553100e-001 -6.0470200e-001 -6.0509600e-001
  1.5666667e+000 -6.0683400e-001 -6.0630600e-001 -6.0721100e-001 -6.0634700e-001 -6.0674600e-001
  1.5733333e+000 -6.0847000e-001 -6.0798700e-001 -6.0886400e-001 -6.0800200e-001 -6.0847300e-001
  1.5800000e+000 -6.1014300e-001 -6.0968300e-001 -6.1053200e-001 -6.0965200e-001 -6.1016900e-001
  1.5866667e+000 -6.1189700e-001 -6.1131400e-001 -6.1223200e-001 -6.1137000e-001 -6.1182500e-001
  1.5933333e+000 -6.1356400e-001 -6.1304200e-001 -6.1390900e-001 -6.1298100e-001 -6.1351000e-001
  1.6000000e+000 -6.1512900e-001 -6.1462900e-001 -6.1561400e-001 -6.1466400e-001 -6.1515800e-001
  1.6066667e+000 -6.1676900e-001 -6.1624800e-001 -6.1723800e-001 -6.1632900e-001 -6.1683900e-001
  1.6133333e+000 -6.1846300e-001 -6.1797100e-001 -6.1888300e-001 -6.1799000e-001 -6.1853900e-001
  1.6200000e+000 -6.2012000e-001 -6.1967400e-001 -6.2056200e-001 -6.1972300e-001 -6.2016700e-001
  1.6266667e+000 -6.2186700e-001 -6.2132600e-001 -6.2225300e-001 -6.2139900e-001 -6.2190700e-001
  1.6333333e+000 -6.2350100e-001 -6.2298300e-001 -6.2396400e-001 -6.2302000e-001 -6.2349100e-001
  1.6400000e+000 -6.2518800e-001 -6.2460800e-001 -6.2555600e-001 -6.2469900e-001 -6.2513800e-001
  1.6466667e+000 -6.2686500e-001 -6.2635800e-001 -6.2726900e-001 -6.2639600e-001 -6.2681300e-001
  1.6533333e+000 -6.2846200e-001 -6.2799300e-001 -6.2889700e-001 -6.2806400e-001 -6.2849600e-001
  1.6600000e+000 -6.3014200e-001 -6.2972400e-001 -6.3057400e-001 -6.2971800e-001 -6.3015600e-001
  1.6666667e+000 -6.3188000e-001 -6.3140000e-001 -6.3226600e-001 -6.3141300e-001 -6.3184200e-001
  1.6733333e+000 -6.3354100e-001 -6.3306300e-001 -6.3392100e-001 -6.3311400e-001 -6.3351800e-001
  1.6800000e+000 -6.3522600e-001 -6.3468200e-001 -6.3557900e-001 -6.3482200e-001 -6.3524600e-001
  1.6866667e+000 -6.3687000e-001 -6.3632000e-001 -6.3728100e-001 -6.3636000e-001 -6.3689600e-001
  1.6933333e+000 -6.3847600e-001 -6.3797900e-001 -6.3898600e-001 -6.3804100e-001 -6.3854900e-001
  1.7000000e+000 -6.4011600e-001 -6.3967900e-001 -6.4060900e-001 -6.3970400e-001 -6.4020900e-001
  1.7066667e+000 -6.4180200e-001 -6.4135700e-001 -6.4221700e-001 -6.4143800e-001 -6.4180700e-001
  1.7133333e+000 -6.4349200e-001 -6.4302900e-001 -6.4395600e-001 -6.4306200e-001 -6.4349300e-001
  1.7200000e+000 -6.4518600e-001 -6.4473400e-001 -6.4555600e-001 -6.4471800e-001 -6.4520100e-001
  1.7266667e+000 -6.4683600e-001 -6.4638400e-001 -6.4722000e-001 -6.4637500e-001 -6.4687600e-001
  1.7333333e+000 -6.4848600e-001 -6.4800200e-001 -6.4893000e-001 -6.4800200e-001 -6.4852200e-001
  1.7400000e+000 -6.5014400e-001 -6.4966600e-001 -6.5054900e-001 -6.4969800e-001 -6.5012100e-001
  1.7466667e+000 -6.5182900e-001 -6.5133900e-001 -6.5222200e-001 -6.5136700e-001 -6.5185500e-001
  1.7533333e+000 -6.5350200e-001 -6.5300800e-001 -6.5391900e-001 -6.5301700e-001 -6.5354300e-001
  1.7600000e+000 -6.5520200e-001 -6.5476700e-001 -6.5560800e-001 -6.5463000e-001 -6.5518800e-001
  1.7666667e+000 -6.5691700e-001 -6.5639400e-001 -6.5727700e-001 -6.5635100e-001 -6.5687700e-001
  1.7733333e+000 -6.5852000e-001 -6.5798600e-001 -6.5889100e-001 -6.5805100e-001 -6.5853100e-001
  1.7800000e+000 -6.6021100e-001 -6.5967200e-001 -6.6059000e-001 -6.5967100e-001 -6.6012200e-001
  1.7866667e+000 -6.6180500e-001 -6.6138300e-001 -6.6224000e-001 -6.6138600e-001 -6.6187300e-001
  1.7933333e+000 -6.6346500e-001 -6.6306100e-001 -6.6394600e-001 -6.6305800e-001 -6.6360200e-001
  1.8000000e+000 -6.6518900e-001 -6.6478500e-001 -6.6568700e-001 -6.6480900e-001 -6.6525500e-001
  1.8066667e+000 -6.6692200e-001 -6.6635700e-001 -6.6734900e-001 -6.6645600e-001 -6.6693800e-001
  1.8133333e+000 -6.6863900e-001 -6.6807200e-001 -6.6898000e-001 -6.6812400e-001 -6.6858300e-001
  1.8200000e+000 -6.7028600e-001 -6.6970400e-001 -6.7062200e-001 -6.6973900e-001 -6.7022600e-001
  1.8266667e+000 -6.7188100e-001 -6.7140400e-001 -6.7231300e-001 -6.7142900e-001 -6.7186400e-001
  1.8333333e+000 -6.7354400e-001 -6.7308000e-001 -6.7398900e-001 -6.7307900e-001 -6.7362200e-001
  1.8400000e+000 -6.7528500e-001 -6.7475800e-001 -6.7570400e-001 -6.7475700e-001 -6.7535500e-001
  1.8466667e+000 -6.7695400e-001 -6.7646600e-001 -6.7733500e-001 -6.7647500e-001 -6.7708300e-001
  1.8533333e+000 -6.7864800e-001 -6.7817600e-001 -6.7905000e-001 -6.7817500e-001 -6.7870500e-001
  1.8600000e+000 -6.8036300e-001 -6.7992000e-001 -6.8071200e-001 -6.7984000e-001 -6.8036400e-001
  1.8666667e+000 -6.8199000e-001 -6.8152300e-001 -6.8243600e-001 -6.8148900e-001 -6.8201600e-001
  1.8733333e+000 -6.8362800e-001 -6.8315400e-001 -6.8412000e-001 -6.8315300e-001 -6.8366200e-001
  1.8800000e+000 -6.8526600e-001 -6.8484500e-001 -6.8580500e-001 -6.8486200e-001 -6.8542200e-001
  1.8866667e+000 -6.8700000e-001 -6.8651200e-001 -6.8749300e-001 -6.8654400e-001 -6.8714200e-001
  1.8933333e+000 -6.8874200e-001 -6.8822200e-001 -6.8916700e-001 -6.8826800e-001 -6.8885000e-001
  1.9000000e+000 -6.9044900e-001 -6.8996600e-001 -6.9082300e-001 -6.8993000e-001 -6.9044400e-001
  1.9066667e+000 -6.9208900e-001 -6.9158800e-001 -6.9245600e-001 -6.9159100e-001 -6.9208000e-001
  1.9133333e+000 -6.9368500e-001 -6.9322900e-001 -6.9409900e-001 -6.9323100e-001 -6.9373200e-001
  1.9200000e+000 -6.9535300e-001 -6.9480000e-001 -6.9573300e-001 -6.9485300e-001 -6.9539200e-001
  1.9266667e+000 -6.9707400e-001 -6.9651900e-001 -6.9750800e-001 -6.9655200e-001 -6.9707200e-001
  1.9333333e+000 -6.9871300e-001 -6.9826000e-001 -6.9922500e-001 -6.9825100e-001 -6.9880100e-001
  1.9400000e+000 -7.0042400e-001 -6.9993000e-001 -7.0082000e-001 -6.9995200e-001 -7.0048800e-001
  1.9466667e+000 -7.0212000e-001 -7.0160700e-001 -7.0247400e-001 -7.0159800e-001 -7.0211300e-001
  1.9533333e+000 -7.0370900e-001 -7.0323000e-001 -7.0416300e-001 -7.0319900e-001 -7.0376600e-001
  1.9600000e+000 -7.0526900e-001 -7.0488200e-001 -7.0582600e-001 -7.0481800e-001 -7.0538400e-001
  1.9666667e+000 -7.0701600e-001 -7.0655400e-001 -7.0744300e-001 -7.0651000e-001 -7.0702200e-001
  1.9733333e+000 -7.0866300e-001 -7.0822900e-001 -7.0913400e-001 -7.0817500e-001 -7.0868400e-001
  1.9800000e+000 -7.1038500e-001 -7.0991300e-001 -7.1078500e-001 -7.0983900e-001 -7.1039000e-001
  1.9866667e+000 -7.1206500e-001 -7.1160100e-001 -7.1242400e-001 -7.1148300e-001 -7.1212300e-001
  1.9933333e+000 -7.1366600e-001 -7.1320000e-001 -7.1407000e-001 -7.1322100e-001 -7.1371300e-001
  2.0000000e+000 -7.1527300e-001 -7.1484700e-001 -7.1574400e-001 -7.1483800e-001 -7.1535000e-001
