 -5.0000000e-001  1.9720404e+002  1.9492824e+002  1.9763190e+002  1.9442902e+002  1.9619484e+002  1.9424013e+002  1.9575465e+002
 -4.9333333e-001  1.9721515e+002  1.9492233e+002  1.9763335e+002  1.9442723e+002  1.9621111e+002  1.9424602e+002  1.9575743e+002
 -4.8666667e-001  1.9719281e+002  1.9492278e+002  1.9761305e+002  1.9442101e+002  1.9619817e+002  1.9424820e+002  1.9576198e+002
 -4.8000000e-001  1.9718957e+002  1.9490080e+002  1.9761928e+002  1.9441525e+002  1.9618483e+002  1.9425342e+002  1.9574278e+002
 -4.7333333e-001  1.9718556e+002  1.9488521e+002  1.9760527e+002  1.9441325e+002  1.9621428e+002  1.9426460e+002  1.9573570e+002
 -4.6666667e-001  1.9718164e+002  1.9491972e+002  1.9758048e+002  1.9443390e+002  1.9622897e+002  1.9426491e+002  1.9573108e+002
 -4.6000000e-001  1.9719722e+002  1.9493196e+002  1.9757111e+002  1.9443382e+002  1.9620373e+002  1.9427628e+002  1.9573760e+002
 -4.5333333e-001  1.9719150e+002  1.9490880e+002  1.9755847e+002  1.9443144e+002  1.9619305e+002  1.9431244e+002  1.9573349e+002
 -4.4666667e-001  1.9718584e+002  1.9489819e+002  1.9754979e+002  1.9444690e+002  1.9619812e+002  1.9429501e+002  1.9574844e+002
 -4.4000000e-001  1.9718034e+002  1.9491078e+002  1.9752467e+002  1.9443597e+002  1.9619991e+002  1.9428351e+002  1.9575343e+002
 -4.3333333e-001  1.9717891e+002  1.9491676e+002  1.9750003e+002  1.9445075e+002  1.9621867e+002  1.9431139e+002  1.9573570e+002
 -4.2666667e-001  1.9714372e+002  1.9491040e+002  1.9748265e+002  1.9447643e+002  1.9622835e+002  1.9433638e+002  1.9573654e+002
 -4.2000000e-001  1.9714320e+002  1.9491216e+002  1.9749583e+002  1.9448618e+002  1.9624620e+002  1.9432224e+002  1.9575012e+002
 -4.1333333e-001  1.9714102e+002  1.9491495e+002  1.9749014e+002  1.9447875e+002  1.9625372e+002  1.9430220e+002  1.9574249e+002
 -4.0666667e-001  1.9713345e+002  1.9492499e+002  1.9748059e+002  1.9449388e+002  1.9623881e+002  1.9431189e+002  1.9573982e+002
 -4.0000000e-001  1.9714020e+002  1.9491492e+002  1.9746971e+002  1.9450588e+002  1.9624234e+002  1.9431149e+002  1.9573377e+002
 -3.9333333e-001  1.9712755e+002  1.9491038e+002  1.9745962e+002  1.9448798e+002  1.9625108e+002  1.9430682e+002  1.9571982e+002
 -3.8666667e-001  1.9711935e+002  1.9490172e+002  1.9745638e+002  1.9448251e+002  1.9625287e+002  1.9432813e+002  1.9571352e+002
 -3.8000000e-001  1.9712988e+002  1.9490714e+002  1.9746689e+002  1.9448467e+002  1.9625560e+002  1.9433038e+002  1.9571336e+002
 -3.7333333e-001  1.9713382e+002  1.9490749e+002  1.9745558e+002  1.9448729e+002  1.9624342e+002  1.9432376e+002  1.9573358e+002
 -3.6666667e-001  1.9712729e+002  1.9488596e+002  1.9744316e+002  1.9450458e+002  1.9625330e+002  1.9432039e+002  1.9573248e+002
 -3.6000000e-001  1.9709837e+002  1.9488386e+002  1.9745320e+002  1.9450748e+002  1.9627551e+002  1.9430817e+002  1.9572757e+002
 -3.5333333e-001  1.9709628e+002  1.9487505e+002  1.9744368e+002  1.9449936e+002  1.9629080e+002  1.9430676e+002  1.9573383e+002
 -3.4666667e-001  1.9709578e+002  1.9486028e+002  1.9742316e+002  1.9448596e+002  1.9628902e+002  1.9430646e+002  1.9574548e+002
 -3.4000000e-001  1.9708800e+002  1.9484891e+002  1.9742471e+002  1.9449823e+002  1.9628673e+002  1.9429083e+002  1.9574512e+002
 -3.3333333e-001  1.9708585e+002  1.9485465e+002  1.9743065e+002  1.9451395e+002  1.9628275e+002  1.9427193e+002  1.9573612e+002
 -3.2666667e-001  1.9710586e+002  1.9486942e+002  1.9740825e+002  1.9449350e+002  1.9627721e+002  1.9427162e+002  1.9574483e+002
 -3.2000000e-001  1.9711116e+002  1.9486601e+002  1.9741960e+002  1.9448671e+002  1.9629399e+002  1.9426636e+002  1.9576390e+002
 -3.1333333e-001  1.9711556e+002  1.9486273e+002  1.9743033e+002  1.9449753e+002  1.9628368e+002  1.9426680e+002  1.9576244e+002
 -3.0666667e-001  1.9709410e+002  1.9484410e+002  1.9743359e+002  1.9451488e+002  1.9627860e+002  1.9425861e+002  1.9575261e+002
 -3.0000000e-001  1.9710519e+002  1.9484157e+002  1.9744406e+002  1.9451181e+002  1.9625825e+002  1.9425093e+002  1.9575905e+002
 -2.9333333e-001  1.9710983e+002  1.9484042e+002  1.9744681e+002  1.9449460e+002  1.9626553e+002  1.9424870e+002  1.9576555e+002
 -2.8666667e-001  1.9708315e+002  1.9484293e+002  1.9745149e+002  1.9448322e+002  1.9627995e+002  1.9425105e+002  1.9578011e+002
 -2.8000000e-001  1.9706751e+002  1.9484659e+002  1.9745590e+002  1.9449690e+002  1.9628398e+002  1.9422653e+002  1.9580512e+002
 -2.7333333e-001  1.9706969e+002  1.9484523e+002  1.9745602e+002  1.9451189e+002  1.9628464e+002  1.9422368e+002  1.9579524e+002
 -2.6666667e-001  1.9708011e+002  1.9480463e+002  1.9746286e+002  1.9449600e+002  1.9628416e+002  1.9421083e+002  1.9578342e+002
 -2.6000000e-001  1.9709351e+002  1.9480100e+002  1.9747955e+002  1.9448758e+002  1.9628551e+002  1.9419821e+002  1.9580040e+002
 -2.5333333e-001  1.9708281e+002  1.9483214e+002  1.9751288e+002  1.9450577e+002  1.9629242e+002  1.9420747e+002  1.9578593e+002
 -2.4666667e-001  1.9708766e+002  1.9483124e+002  1.9751640e+002  1.9449963e+002  1.9629631e+002  1.9419684e+002  1.9576111e+002
 -2.4000000e-001  1.9709216e+002  1.9481833e+002  1.9749905e+002  1.9450934e+002  1.9629373e+002  1.9419969e+002  1.9577678e+002
 -2.3333333e-001  1.9710237e+002  1.9482750e+002  1.9750868e+002  1.9448875e+002  1.9629573e+002  1.9418164e+002  1.9577150e+002
 -2.2666667e-001  1.9708467e+002  1.9483048e+002  1.9751480e+002  1.9444553e+002  1.9630573e+002  1.9418123e+002  1.9575143e+002
 -2.2000000e-001  1.9708011e+002  1.9484792e+002  1.9752551e+002  1.9445489e+002  1.9629530e+002  1.9418808e+002  1.9576833e+002
 -2.1333333e-001  1.9709154e+002  1.9485934e+002  1.9753075e+002  1.9446625e+002  1.9630676e+002  1.9417801e+002  1.9576213e+002
 -2.0666667e-001  1.9710091e+002  1.9483859e+002  1.9752823e+002  1.9445763e+002  1.9633321e+002  1.9417264e+002  1.9574182e+002
 -2.0000000e-001  1.9710335e+002  1.9482504e+002  1.9754601e+002  1.9445648e+002  1.9632889e+002  1.9414934e+002  1.9574518e+002
 -1.9333333e-001  1.9709027e+002  1.9483890e+002  1.9753783e+002  1.9444966e+002  1.9632031e+002  1.9416022e+002  1.9575356e+002
 -1.8666667e-001  1.9710646e+002  1.9484102e+002  1.9755112e+002  1.9442485e+002  1.9631760e+002  1.9415787e+002  1.9575470e+002
 -1.8000000e-001  1.9710239e+002  1.9484682e+002  1.9756583e+002  1.9443185e+002  1.9631558e+002  1.9413680e+002  1.9576360e+002
 -1.7333333e-001  1.9709792e+002  1.9484738e+002  1.9757263e+002  1.9444354e+002  1.9631296e+002  1.9413527e+002  1.9574959e+002
 -1.6666667e-001  1.9711287e+002  1.9486028e+002  1.9758632e+002  1.9445297e+002  1.9631744e+002  1.9412856e+002  1.9574185e+002
 -1.6000000e-001  1.9710925e+002  1.9485524e+002  1.9761488e+002  1.9445439e+002  1.9629593e+002  1.9412663e+002  1.9573801e+002
 -1.5333333e-001  1.9711874e+002  1.9487164e+002  1.9761346e+002  1.9443387e+002  1.9629390e+002  1.9412404e+002  1.9573427e+002
 -1.4666667e-001  1.9713827e+002  1.9488591e+002  1.9763324e+002  1.9443587e+002  1.9631589e+002  1.9410895e+002  1.9573727e+002
 -1.4000000e-001  1.9715570e+002  1.9487238e+002  1.9764949e+002  1.9444034e+002  1.9629656e+002  1.9411092e+002  1.9573746e+002
 -1.3333333e-001  1.9715099e+002  1.9486017e+002  1.9768015e+002  1.9443240e+002  1.9628543e+002  1.9410396e+002  1.9571405e+002
 -1.2666667e-001  1.9713690e+002  1.9486067e+002  1.9770908e+002  1.9443253e+002  1.9628334e+002  1.9409522e+002  1.9570845e+002
 -1.2000000e-001  1.9713332e+002  1.9487114e+002  1.9770660e+002  1.9443417e+002  1.9627527e+002  1.9408939e+002  1.9571835e+002
 -1.1333333e-001  1.9711783e+002  1.9486696e+002  1.9770564e+002  1.9444197e+002  1.9627434e+002  1.9409210e+002  1.9569760e+002
 -1.0666667e-001  1.9711742e+002  1.9486443e+002  1.9769943e+002  1.9443198e+002  1.9626224e+002  1.9408594e+002  1.9567288e+002
 -1.0000000e-001  1.9712532e+002  1.9486514e+002  1.9770850e+002  1.9440683e+002  1.9625136e+002  1.9407849e+002  1.9568695e+002
 -9.3333333e-002  1.9711839e+002  1.9486542e+002  1.9772197e+002  1.9442162e+002  1.9623840e+002  1.9407762e+002  1.9567812e+002
 -8.6666667e-002  1.9713651e+002  1.9485901e+002  1.9773290e+002  1.9442554e+002  1.9622910e+002  1.9407867e+002  1.9564682e+002
 -8.0000000e-002  1.9713609e+002  1.9485588e+002  1.9772816e+002  1.9442212e+002  1.9622983e+002  1.9410140e+002  1.9564506e+002
 -7.3333333e-002  1.9712610e+002  1.9485431e+002  1.9774013e+002  1.9441707e+002  1.9624622e+002  1.9409580e+002  1.9564220e+002
 -6.6666667e-002  1.9711397e+002  1.9485455e+002  1.9773750e+002  1.9442149e+002  1.9625444e+002  1.9408997e+002  1.9562689e+002
 -6.0000000e-002  1.9712518e+002  1.9487636e+002  1.9773302e+002  1.9444888e+002  1.9623482e+002  1.9411166e+002  1.9558615e+002
 -5.3333333e-002  1.9713707e+002  1.9488173e+002  1.9772250e+002  1.9445602e+002  1.9623796e+002  1.9411270e+002  1.9557584e+002
 -4.6666667e-002  1.9713039e+002  1.9487499e+002  1.9772565e+002  1.9446115e+002  1.9623085e+002  1.9412289e+002  1.9558769e+002
 -4.0000000e-002  1.9711874e+002  1.9485518e+002  1.9771590e+002  1.9446490e+002  1.9622424e+002  1.9414183e+002  1.9557747e+002
 -3.3333333e-002  1.9710288e+002  1.9485887e+002  1.9770544e+002  1.9446962e+002  1.9622247e+002  1.9415416e+002  1.9557205e+002
 -2.6666667e-002  1.9710591e+002  1.9487466e+002  1.9770676e+002  1.9448439e+002  1.9621483e+002  1.9418152e+002  1.9554671e+002
 -2.0000000e-002  1.9710854e+002  1.9487596e+002  1.9769403e+002  1.9448953e+002  1.9620787e+002  1.9420470e+002  1.9553012e+002
 -1.3333333e-002  1.9711156e+002  1.9487761e+002  1.9767567e+002  1.9447908e+002  1.9621463e+002  1.9421716e+002  1.9552937e+002
 -6.6666667e-003  1.9711668e+002  1.9487978e+002  1.9767236e+002  1.9449728e+002  1.9622824e+002  1.9424075e+002  1.9554413e+002
  0.0000000e+000  1.9711400e+002  1.9488046e+002  1.9767278e+002  1.9450656e+002  1.9621776e+002  1.9425029e+002  1.9552724e+002
  6.6666667e-003  1.9709885e+002  1.9486679e+002  1.9765330e+002  1.9451451e+002  1.9619035e+002  1.9427078e+002  1.9551559e+002
  1.3333333e-002  1.9709767e+002  1.9486301e+002  1.9764600e+002  1.9452048e+002  1.9616884e+002  1.9430362e+002  1.9551729e+002
  2.0000000e-002  1.9710275e+002  1.9489563e+002  1.9763882e+002  1.9453416e+002  1.9618451e+002  1.9429869e+002  1.9550534e+002
  2.6666667e-002  1.9710782e+002  1.9489249e+002  1.9761768e+002  1.9454375e+002  1.9618118e+002  1.9428522e+002  1.9548456e+002
  3.3333333e-002  1.9710437e+002  1.9488016e+002  1.9762433e+002  1.9453812e+002  1.9616858e+002  1.9431007e+002  1.9548496e+002
  4.0000000e-002  1.9711243e+002  1.9488733e+002  1.9762305e+002  1.9454045e+002  1.9616679e+002  1.9430684e+002  1.9548947e+002
  4.6666667e-002  1.9710701e+002  1.9489533e+002  1.9759821e+002  1.9455496e+002  1.9617114e+002  1.9430247e+002  1.9549001e+002
  5.3333333e-002  1.9710555e+002  1.9491292e+002  1.9759793e+002  1.9455255e+002  1.9617368e+002  1.9429263e+002  1.9549477e+002
  6.0000000e-002  1.9708820e+002  1.9491978e+002  1.9760625e+002  1.9454977e+002  1.9618404e+002  1.9424795e+002  1.9549623e+002
  6.6666667e-002  1.9710164e+002  1.9493027e+002  1.9759973e+002  1.9456364e+002  1.9618790e+002  1.9421747e+002  1.9549904e+002
  7.3333333e-002  1.9711391e+002  1.9495609e+002  1.9759140e+002  1.9456526e+002  1.9618529e+002  1.9416965e+002  1.9554179e+002
  8.0000000e-002  1.9710007e+002  1.9496693e+002  1.9760191e+002  1.9457785e+002  1.9619017e+002  1.9412370e+002  1.9557396e+002
  8.6666667e-002  1.9709934e+002  1.9499219e+002  1.9761585e+002  1.9460552e+002  1.9617255e+002  1.9416463e+002  1.9561510e+002
  9.3333333e-002  1.9711087e+002  1.9501471e+002  1.9767143e+002  1.9460864e+002  1.9613248e+002  1.9433379e+002  1.9568794e+002
  1.0000000e-001  1.9712463e+002  1.9502231e+002  1.9773514e+002  1.9459447e+002  1.9611180e+002  1.9458443e+002  1.9574135e+002
  1.0666667e-001  1.9712279e+002  1.9503850e+002  1.9783170e+002  1.9452687e+002  1.9610208e+002  1.9491719e+002  1.9584657e+002
  1.1333333e-001  1.9711951e+002  1.9505724e+002  1.9800822e+002  1.9445905e+002  1.9609647e+002  1.9534999e+002  1.9606291e+002
  1.2000000e-001  1.9711215e+002  1.9507638e+002  1.9826976e+002  1.9445342e+002  1.9618477e+002  1.9584386e+002  1.9644017e+002
  1.2666667e-001  1.9710927e+002  1.9508102e+002  1.9867532e+002  1.9465706e+002  1.9650093e+002  1.9641269e+002  1.9703104e+002
  1.3333333e-001  1.9719304e+002  1.9510680e+002  1.9923773e+002  1.9519515e+002  1.9696343e+002  1.9712723e+002  1.9777127e+002
  1.4000000e-001  1.9738950e+002  1.9522659e+002  1.9990109e+002  1.9594862e+002  1.9752052e+002  1.9801170e+002  1.9857124e+002
  1.4666667e-001  1.9777489e+002  1.9546326e+002  2.0057198e+002  1.9686278e+002  1.9811885e+002  1.9894888e+002  1.9930145e+002
  1.5333333e-001  1.9832526e+002  1.9583972e+002  2.0114746e+002  1.9777618e+002  1.9858446e+002  1.9984694e+002  1.9988365e+002
  1.6000000e-001  1.9890158e+002  1.9627512e+002  2.0158633e+002  1.9858951e+002  1.9885593e+002  2.0062700e+002  2.0029848e+002
  1.6666667e-001  1.9943308e+002  1.9673540e+002  2.0188608e+002  1.9921713e+002  1.9884872e+002  2.0127251e+002  2.0052080e+002
  1.7333333e-001  1.9987563e+002  1.9726773e+002  2.0208470e+002  1.9960873e+002  1.9857371e+002  2.0180397e+002  2.0062985e+002
  1.8000000e-001  2.0016806e+002  1.9776874e+002  2.0215338e+002  1.9979840e+002  1.9820692e+002  2.0226061e+002  2.0069154e+002
  1.8666667e-001  2.0033250e+002  1.9809473e+002  2.0212138e+002  1.9983731e+002  1.9780928e+002  2.0266133e+002  2.0078552e+002
  1.9333333e-001  2.0039134e+002  1.9826616e+002  2.0204186e+002  1.9980655e+002  1.9745380e+002  2.0294165e+002  2.0097171e+002
  2.0000000e-001  2.0043845e+002  1.9825464e+002  2.0195186e+002  1.9975600e+002  1.9714784e+002  2.0309010e+002  2.0109688e+002
  2.0666667e-001  2.0060283e+002  1.9808170e+002  2.0171323e+002  1.9972168e+002  1.9685420e+002  2.0315065e+002  2.0093771e+002
  2.1333333e-001  2.0079283e+002  1.9786951e+002  2.0115585e+002  1.9957544e+002  1.9633800e+002  2.0305119e+002  2.0038983e+002
  2.2000000e-001  2.0075269e+002  1.9768979e+002  2.0018149e+002  1.9915901e+002  1.9533841e+002  2.0273608e+002  1.9936278e+002
  2.2666667e-001  2.0035382e+002  1.9746306e+002  1.9869402e+002  1.9848160e+002  1.9359843e+002  2.0208569e+002  1.9775320e+002
  2.3333333e-001  1.9943379e+002  1.9691193e+002  1.9670193e+002  1.9746500e+002  1.9116263e+002  2.0108377e+002  1.9572516e+002
  2.4000000e-001  1.9782388e+002  1.9571909e+002  1.9444199e+002  1.9601970e+002  1.8859651e+002  1.9991782e+002  1.9357899e+002
  2.4666667e-001  1.9583731e+002  1.9369334e+002  1.9205129e+002  1.9421896e+002  1.8612071e+002  1.9877072e+002  1.9138469e+002
  2.5333333e-001  1.9390015e+002  1.9106172e+002  1.8964293e+002  1.9238390e+002  1.8363301e+002  1.9737079e+002  1.8911685e+002
  2.6000000e-001  1.9186864e+002  1.8843797e+002  1.8735828e+002  1.9061411e+002  1.8142232e+002  1.9556152e+002  1.8701906e+002
  2.6666667e-001  1.8949521e+002  1.8582153e+002  1.8533603e+002  1.8880679e+002  1.7963696e+002  1.9351305e+002  1.8512404e+002
  2.7333333e-001  1.8679658e+002  1.8305306e+002  1.8356448e+002  1.8705328e+002  1.7857546e+002  1.9139238e+002  1.8328812e+002
  2.8000000e-001  1.8401469e+002  1.8065051e+002  1.8178226e+002  1.8551529e+002  1.7655512e+002  1.8922475e+002  1.8132610e+002
  2.8666667e-001  1.8144260e+002  1.7874170e+002  1.7975717e+002  1.8405997e+002  1.7432085e+002  1.8706540e+002  1.7920900e+002
  2.9333333e-001  1.7896300e+002  1.7677626e+002  1.7775877e+002  1.8245915e+002  1.7135889e+002  1.8492267e+002  1.7705028e+002
  3.0000000e-001  1.7659386e+002  1.7502563e+002  1.7601039e+002  1.8064000e+002  1.6899655e+002  1.8285376e+002  1.7493202e+002
  3.0666667e-001  1.7403674e+002  1.7241135e+002  1.7444762e+002  1.7878890e+002  1.6667752e+002  1.8099962e+002  1.7292436e+002
  3.1333333e-001  1.7132637e+002  1.6963129e+002  1.7305482e+002  1.7720331e+002  1.6478830e+002  1.7927374e+002  1.7100475e+002
  3.2000000e-001  1.6893733e+002  1.6660486e+002  1.7168587e+002  1.7587495e+002  1.6317201e+002  1.7771783e+002  1.6926578e+002
  3.2666667e-001  1.6688092e+002  1.6414653e+002  1.7028577e+002  1.7459576e+002  1.6171368e+002  1.7631572e+002  1.6770361e+002
  3.3333333e-001  1.6510242e+002  1.6210077e+002  1.6900899e+002  1.7329954e+002  1.6033052e+002  1.7505060e+002  1.6626007e+002
  3.4000000e-001  1.6352869e+002  1.6036523e+002  1.6791159e+002  1.7197575e+002  1.5916014e+002  1.7392892e+002  1.6499921e+002
  3.4666667e-001  1.6213782e+002  1.5897873e+002  1.6699142e+002  1.7065596e+002  1.5832518e+002  1.7285355e+002  1.6399916e+002
  3.5333333e-001  1.6088240e+002  1.5802486e+002  1.6620277e+002  1.6940749e+002  1.5777353e+002  1.7185144e+002  1.6315967e+002
  3.6000000e-001  1.5984003e+002  1.5758269e+002  1.6551964e+002  1.6819835e+002  1.5631374e+002  1.7093245e+002  1.6244983e+002
  3.6666667e-001  1.5896278e+002  1.5682321e+002  1.6493341e+002  1.6703246e+002  1.5710467e+002  1.7006308e+002  1.6179709e+002
  3.7333333e-001  1.5824324e+002  1.5555453e+002  1.6449426e+002  1.6604213e+002  1.5742030e+002  1.6930293e+002  1.6075055e+002
  3.8000000e-001  1.5765454e+002  1.5449623e+002  1.6413234e+002  1.6517313e+002  1.5773645e+002  1.6912592e+002  1.6042941e+002
  3.8666667e-001  1.5710761e+002  1.5399945e+002  1.6373390e+002  1.6447986e+002  1.5775650e+002  1.6851199e+002  1.6006212e+002
  3.9333333e-001  1.5661865e+002  1.5343547e+002  1.6327937e+002  1.6377663e+002  1.5745355e+002  1.6784747e+002  1.5937508e+002
  4.0000000e-001  1.5627487e+002  1.5280930e+002  1.6273206e+002  1.6124413e+002  1.5713867e+002  1.6706502e+002  1.5846382e+002
  4.0666667e-001  1.5590178e+002  1.5224794e+002  1.6210020e+002  1.6198851e+002  1.5679340e+002  1.6640076e+002  1.5767592e+002
  4.1333333e-001  1.5534358e+002  1.5189661e+002  1.6140601e+002  1.6147844e+002  1.5683144e+002  1.6515916e+002  1.5750580e+002
  4.2000000e-001  1.5478006e+002  1.5166721e+002  1.6078917e+002  1.6082974e+002  1.5786800e+002  1.6525241e+002  1.5807590e+002
  4.2666667e-001  1.5437486e+002  1.5140637e+002  1.6031191e+002  1.5997238e+002  1.5928792e+002  1.6473697e+002  1.5869647e+002
  4.3333333e-001  1.5414990e+002  1.5128664e+002  1.6071677e+002  1.5875493e+002  1.6005551e+002  1.6360704e+002  1.5900697e+002
  4.4000000e-001  1.5399347e+002  1.5140849e+002  1.5854662e+002  1.5741010e+002  1.5987564e+002  1.6350859e+002  1.5875697e+002
  4.4666667e-001  1.5394177e+002  1.5127995e+002  1.5969350e+002  1.5605231e+002  1.5875087e+002  1.6394600e+002  1.5800455e+002
  4.5333333e-001  1.5422147e+002  1.5079395e+002  1.6021219e+002  1.5528198e+002  1.5655171e+002  1.6471440e+002  1.5688544e+002
  4.6000000e-001  1.5455995e+002  1.5035997e+002  1.6075501e+002  1.5523599e+002  1.5380202e+002  1.6531529e+002  1.5539023e+002
  4.6666667e-001  1.5481157e+002  1.4983734e+002  1.6106435e+002  1.5612166e+002  1.5153935e+002  1.6525293e+002  1.5393716e+002
  4.7333333e-001  1.5476514e+002  1.4920229e+002  1.6099232e+002  1.5726057e+002  1.5029143e+002  1.6465981e+002  1.5284123e+002
  4.8000000e-001  1.5501912e+002  1.4858832e+002  1.6078821e+002  1.5784302e+002  1.5078397e+002  1.6375908e+002  1.5228206e+002
  4.8666667e-001  1.5454668e+002  1.4759346e+002  1.6022073e+002  1.5787080e+002  1.5291513e+002  1.6272797e+002  1.5234584e+002
  4.9333333e-001  1.5479217e+002  1.4763754e+002  1.5945550e+002  1.5748904e+002  1.5556355e+002  1.6194734e+002  1.5317082e+002
  5.0000000e-001  1.5346727e+002  1.4949089e+002  1.5851888e+002  1.5676831e+002  1.5773242e+002  1.6131662e+002  1.5416452e+002
  5.0666667e-001  1.5215578e+002  1.5024600e+002  1.5677666e+002  1.5592670e+002  1.5938457e+002  1.6090717e+002  1.5491617e+002
  5.1333333e-001  1.5155043e+002  1.5010516e+002  1.5593883e+002  1.5520909e+002  1.6048811e+002  1.6109746e+002  1.5546660e+002
  5.2000000e-001  1.5117012e+002  1.4999718e+002  1.5465192e+002  1.5489247e+002  1.6105945e+002  1.6142445e+002  1.5588213e+002
  5.2666667e-001  1.5108171e+002  1.5000436e+002  1.5372606e+002  1.5494910e+002  1.6129222e+002  1.6188110e+002  1.5600899e+002
  5.3333333e-001  1.5135187e+002  1.4972647e+002  1.5633009e+002  1.5523717e+002  1.6117661e+002  1.6299718e+002  1.5599309e+002
  5.4000000e-001  1.5186351e+002  1.4996989e+002  1.5636612e+002  1.5563145e+002  1.6050015e+002  1.6269870e+002  1.5578851e+002
  5.4666667e-001  1.5240299e+002  1.4982075e+002  1.5385672e+002  1.5587245e+002  1.5954011e+002  1.6304140e+002  1.5544443e+002
  5.5333333e-001  1.5284230e+002  1.4954244e+002  1.5602557e+002  1.5599710e+002  1.5838771e+002  1.6308252e+002  1.5485048e+002
  5.6000000e-001  1.5318437e+002  1.4923312e+002  1.5612913e+002  1.5605910e+002  1.5719986e+002  1.6285968e+002  1.5429521e+002
  5.6666667e-001  1.5342372e+002  1.4896042e+002  1.5618239e+002  1.5582385e+002  1.5627190e+002  1.6249376e+002  1.5368059e+002
  5.7333333e-001  1.5353769e+002  1.4872214e+002  1.5619417e+002  1.5542741e+002  1.5555246e+002  1.6212329e+002  1.5310736e+002
  5.8000000e-001  1.5358009e+002  1.4851422e+002  1.5615640e+002  1.5489549e+002  1.5479283e+002  1.6172693e+002  1.5255991e+002
  5.8666667e-001  1.5351209e+002  1.4843411e+002  1.5610110e+002  1.5431593e+002  1.5442162e+002  1.6126053e+002  1.5234526e+002
  5.9333333e-001  1.5338737e+002  1.4849698e+002  1.5597987e+002  1.5368945e+002  1.5435744e+002  1.6084255e+002  1.5218820e+002
  6.0000000e-001  1.5317311e+002  1.4868968e+002  1.5581050e+002  1.5322728e+002  1.5379578e+002  1.6044443e+002  1.5221271e+002
  6.0666667e-001  1.5295583e+002  1.4888744e+002  1.5572249e+002  1.5282806e+002  1.5412913e+002  1.6011987e+002  1.5234175e+002
  6.1333333e-001  1.5270023e+002  1.4913190e+002  1.5554175e+002  1.5250192e+002  1.5474970e+002  1.5988307e+002  1.5255899e+002
  6.2000000e-001  1.5243332e+002  1.4937801e+002  1.5537590e+002  1.5213702e+002  1.5531310e+002  1.5966968e+002  1.5288765e+002
  6.2666667e-001  1.5222473e+002  1.4963124e+002  1.5510548e+002  1.5202249e+002  1.5602292e+002  1.5949217e+002  1.5308324e+002
  6.3333333e-001  1.5204762e+002  1.4984161e+002  1.5489102e+002  1.5193001e+002  1.5729233e+002  1.5943771e+002  1.5313954e+002
  6.4000000e-001  1.5193684e+002  1.4995204e+002  1.5465448e+002  1.5180106e+002  1.5763091e+002  1.5942503e+002  1.5312294e+002
  6.4666667e-001  1.5187106e+002  1.5003357e+002  1.5356909e+002  1.5180565e+002  1.5777333e+002  1.5940982e+002  1.5309396e+002
  6.5333333e-001  1.5180176e+002  1.5008192e+002  1.5332198e+002  1.5187665e+002  1.5785599e+002  1.5938248e+002  1.5313850e+002
  6.6000000e-001  1.5177779e+002  1.4989111e+002  1.5383905e+002  1.5198247e+002  1.5753281e+002  1.5933420e+002  1.5314804e+002
  6.6666667e-001  1.5180118e+002  1.4961365e+002  1.5359523e+002  1.5210780e+002  1.5713335e+002  1.5931152e+002  1.5305043e+002
  6.7333333e-001  1.5179364e+002  1.4947070e+002  1.5286662e+002  1.5220187e+002  1.5688088e+002  1.5930463e+002  1.5297864e+002
  6.8000000e-001  1.5182692e+002  1.4923259e+002  1.5280339e+002  1.5216739e+002  1.5671896e+002  1.5925658e+002  1.5287918e+002
  6.8666667e-001  1.5187779e+002  1.4904866e+002  1.5271576e+002  1.5208241e+002  1.5627808e+002  1.5916480e+002  1.5267128e+002
  6.9333333e-001  1.5196460e+002  1.4909293e+002  1.5434670e+002  1.5207878e+002  1.5587872e+002  1.5900537e+002  1.5275098e+002
  7.0000000e-001  1.5205994e+002  1.4910574e+002  1.5274771e+002  1.5139626e+002  1.5564568e+002  1.5881786e+002  1.5283211e+002
  7.0666667e-001  1.5212624e+002  1.4910373e+002  1.5282254e+002  1.5141870e+002  1.5569583e+002  1.5865761e+002  1.5282848e+002
  7.1333333e-001  1.5218131e+002  1.4920224e+002  1.5345129e+002  1.5237701e+002  1.5549460e+002  1.5855971e+002  1.5304748e+002
  7.2000000e-001  1.5220680e+002  1.4927710e+002  1.5349461e+002  1.5227644e+002  1.5554805e+002  1.5845200e+002  1.5318062e+002
  7.2666667e-001  1.5217833e+002  1.4930901e+002  1.5287167e+002  1.5185422e+002  1.5571632e+002  1.5835153e+002  1.5321184e+002
  7.3333333e-001  1.5215285e+002  1.4950517e+002  1.5399554e+002  1.5189726e+002  1.5587648e+002  1.5825255e+002  1.5326044e+002
  7.4000000e-001  1.5216884e+002  1.4959009e+002  1.5235200e+002  1.5190686e+002  1.5588156e+002  1.5819304e+002  1.5330070e+002
  7.4666667e-001  1.5212283e+002  1.4964984e+002  1.5367729e+002  1.5123408e+002  1.5605263e+002  1.5810330e+002  1.5330565e+002
  7.5333333e-001  1.5200238e+002  1.4974313e+002  1.5378098e+002  1.5115646e+002  1.5616235e+002  1.5801862e+002  1.5337955e+002
  7.6000000e-001  1.5192444e+002  1.4979033e+002  1.5385915e+002  1.5192882e+002  1.5638220e+002  1.5798781e+002  1.5342589e+002
  7.6666667e-001  1.5192525e+002  1.4974829e+002  1.5423406e+002  1.5190007e+002  1.5658884e+002  1.5796295e+002  1.5347717e+002
  7.7333333e-001  1.5196635e+002  1.4970441e+002  1.5425743e+002  1.5201468e+002  1.5669745e+002  1.5790042e+002  1.5348344e+002
  7.8000000e-001  1.5201335e+002  1.4971816e+002  1.5272081e+002  1.5133359e+002  1.5657910e+002  1.5778841e+002  1.5353709e+002
  7.8666667e-001  1.5199800e+002  1.4970644e+002  1.5334355e+002  1.5114470e+002  1.5654109e+002  1.5766686e+002  1.5347144e+002
  7.9333333e-001  1.5192429e+002  1.4969719e+002  1.5334105e+002  1.5183186e+002  1.5644550e+002  1.5760762e+002  1.5336346e+002
  8.0000000e-001  1.5189673e+002  1.4974442e+002  1.5329279e+002  1.5246874e+002  1.5646846e+002  1.5757523e+002  1.5320879e+002
  8.0666667e-001  1.5189497e+002  1.4976739e+002  1.5322887e+002  1.5260539e+002  1.5655414e+002  1.5752866e+002  1.5331448e+002
  8.1333333e-001  1.5190016e+002  1.4987016e+002  1.5260167e+002  1.5152602e+002  1.5644478e+002  1.5746234e+002  1.5338368e+002
  8.2000000e-001  1.5189656e+002  1.4994572e+002  1.5423496e+002  1.5150948e+002  1.5634975e+002  1.5735673e+002  1.5341771e+002
  8.2666667e-001  1.5184346e+002  1.4993028e+002  1.5421982e+002  1.5209505e+002  1.5629843e+002  1.5729559e+002  1.5341985e+002
  8.3333333e-001  1.5177710e+002  1.5044501e+002  1.5471332e+002  1.5198639e+002  1.5612918e+002  1.5723444e+002  1.5333742e+002
  8.4000000e-001  1.5172441e+002  1.4963524e+002  1.5468156e+002  1.5200591e+002  1.5616011e+002  1.5719739e+002  1.5352690e+002
  8.4666667e-001  1.5177350e+002  1.4911450e+002  1.5265419e+002  1.5215918e+002  1.5619914e+002  1.5721472e+002  1.5367253e+002
  8.5333333e-001  1.5184505e+002  1.4903885e+002  1.5278511e+002  1.5212775e+002  1.5623564e+002  1.5721346e+002  1.5369496e+002
  8.6000000e-001  1.5189792e+002  1.5009593e+002  1.5355495e+002  1.5217033e+002  1.5616704e+002  1.5717413e+002  1.5363548e+002
  8.6666667e-001  1.5189066e+002  1.4929970e+002  1.5512411e+002  1.5215025e+002  1.5619359e+002  1.5711893e+002  1.5361241e+002
  8.7333333e-001  1.5188350e+002  1.4911877e+002  1.5493590e+002  1.5202914e+002  1.5627330e+002  1.5703502e+002  1.5353941e+002
  8.8000000e-001  1.5197334e+002  1.4868275e+002  1.5500473e+002  1.5209538e+002  1.5616928e+002  1.5693866e+002  1.5350134e+002
  8.8666667e-001  1.5209827e+002  1.4926994e+002  1.5346735e+002  1.5138347e+002  1.5615135e+002  1.5687293e+002  1.5356224e+002
  8.9333333e-001  1.5211647e+002  1.4918700e+002  1.5292540e+002  1.5195503e+002  1.5613887e+002  1.5682542e+002  1.5371610e+002
  9.0000000e-001  1.5205894e+002  1.4928210e+002  1.5290434e+002  1.5268277e+002  1.5611642e+002  1.5676471e+002  1.5367346e+002
  9.0666667e-001  1.5200975e+002  1.4940810e+002  1.5281630e+002  1.5217493e+002  1.5609796e+002  1.5673721e+002  1.5356087e+002
  9.1333333e-001  1.5199016e+002  1.4891785e+002  1.5451421e+002  1.5222606e+002  1.5613792e+002  1.5677150e+002  1.5346094e+002
  9.2000000e-001  1.5143950e+002  1.4927858e+002  1.5447282e+002  1.5213155e+002  1.5623433e+002  1.5680276e+002  1.5356770e+002
  9.2666667e-001  1.5199655e+002  1.4938283e+002  1.5437447e+002  1.5203685e+002  1.5635774e+002  1.5680037e+002  1.5358801e+002
  9.3333333e-001  1.5197092e+002  1.5020702e+002  1.5431464e+002  1.5261784e+002  1.5643385e+002  1.5675749e+002  1.5350821e+002
  9.4000000e-001  1.5193623e+002  1.4903043e+002  1.5428624e+002  1.5261221e+002  1.5665356e+002  1.5667601e+002  1.5362947e+002
  9.4666667e-001  1.5189641e+002  1.4944814e+002  1.5429398e+002  1.5204719e+002  1.5669026e+002  1.5662941e+002  1.5386688e+002
  9.5333333e-001  1.5186296e+002  1.4945496e+002  1.5280858e+002  1.5202472e+002  1.5647963e+002  1.5661707e+002  1.5397502e+002
  9.6000000e-001  1.5182681e+002  1.5010542e+002  1.5277150e+002  1.5190897e+002  1.5650775e+002  1.5662769e+002  1.5395769e+002
  9.6666667e-001  1.5177846e+002  1.5009840e+002  1.5510114e+002  1.5201816e+002  1.5660082e+002  1.5661952e+002  1.5394987e+002
  9.7333333e-001  1.5180486e+002  1.4901314e+002  1.5512067e+002  1.5217415e+002  1.5670946e+002  1.5657987e+002  1.5400667e+002
  9.8000000e-001  1.5128381e+002  1.4894034e+002  1.5451367e+002  1.5212787e+002  1.5672726e+002  1.5652405e+002  1.5397754e+002
  9.8666667e-001  1.5184195e+002  1.4885660e+002  1.5449770e+002  1.5205479e+002  1.5678119e+002  1.5650072e+002  1.5393365e+002
  9.9333333e-001  1.5185678e+002  1.4988467e+002  1.5455580e+002  1.5207507e+002  1.5672075e+002  1.5646541e+002  1.5392583e+002
  1.0000000e+000  1.5181071e+002  1.4974226e+002  1.5463438e+002  1.5142018e+002  1.5658215e+002  1.5642328e+002  1.5397719e+002
  1.0066667e+000  1.5176502e+002  1.4863474e+002  1.5277606e+002  1.5133800e+002  1.5662021e+002  1.5637585e+002  1.5402914e+002
  1.0133333e+000  1.5175577e+002  1.4868349e+002  1.5278947e+002  1.5204283e+002  1.5665198e+002  1.5633266e+002  1.5409329e+002
  1.0200000e+000  1.5251907e+002  1.4931477e+002  1.5475044e+002  1.5199501e+002  1.5663733e+002  1.5626976e+002  1.5419785e+002
  1.0266667e+000  1.5181583e+002  1.4922494e+002  1.5477948e+002  1.5215456e+002  1.5675719e+002  1.5622093e+002  1.5418266e+002
  1.0333333e+000  1.5177644e+002  1.4977339e+002  1.5475482e+002  1.5220512e+002  1.5681685e+002  1.5622327e+002  1.5410513e+002
  1.0400000e+000  1.5116547e+002  1.4978290e+002  1.5469243e+002  1.5222852e+002  1.5680397e+002  1.5618903e+002  1.5407513e+002
  1.0466667e+000  1.5107423e+002  1.4897307e+002  1.5467476e+002  1.5234079e+002  1.5679497e+002  1.5616411e+002  1.5413181e+002
  1.0533333e+000  1.5156975e+002  1.4852698e+002  1.5472519e+002  1.5227324e+002  1.5688792e+002  1.5618077e+002  1.5424121e+002
  1.0600000e+000  1.5156230e+002  1.4926236e+002  1.5480489e+002  1.5224696e+002  1.5694327e+002  1.5619781e+002  1.5428418e+002
  1.0666667e+000  1.5153600e+002  1.4942979e+002  1.5484354e+002  1.5226694e+002  1.5695459e+002  1.5616982e+002  1.5437947e+002
  1.0733333e+000  1.5147894e+002  1.4944405e+002  1.5490140e+002  1.5228195e+002  1.5700151e+002  1.5610129e+002  1.5450255e+002
  1.0800000e+000  1.5141963e+002  1.4925297e+002  1.5494283e+002  1.5248349e+002  1.5705876e+002  1.5606961e+002  1.5446294e+002
  1.0866667e+000  1.5140752e+002  1.4904556e+002  1.5494084e+002  1.5254642e+002  1.5706641e+002  1.5604523e+002  1.5438318e+002
  1.0933333e+000  1.5146774e+002  1.4907132e+002  1.5493005e+002  1.5252927e+002  1.5706483e+002  1.5595111e+002  1.5447751e+002
  1.1000000e+000  1.5153546e+002  1.4909601e+002  1.5494560e+002  1.5251440e+002  1.5713106e+002  1.5585466e+002  1.5452771e+002
  1.1066667e+000  1.5153058e+002  1.4918437e+002  1.5501897e+002  1.5247392e+002  1.5710791e+002  1.5577271e+002  1.5462492e+002
  1.1133333e+000  1.5150922e+002  1.4905986e+002  1.5512474e+002  1.5245793e+002  1.5696634e+002  1.5569435e+002  1.5458510e+002
  1.1200000e+000  1.5148042e+002  1.4920171e+002  1.5520956e+002  1.5238759e+002  1.5696968e+002  1.5563126e+002  1.5440604e+002
  1.1266667e+000  1.5150746e+002  1.4926489e+002  1.5522644e+002  1.5234308e+002  1.5714171e+002  1.5558936e+002  1.5445293e+002
  1.1333333e+000  1.5151205e+002  1.4918063e+002  1.5519493e+002  1.5243671e+002  1.5721654e+002  1.5555472e+002  1.5459807e+002
  1.1400000e+000  1.5145407e+002  1.4913991e+002  1.5519298e+002  1.5231554e+002  1.5715578e+002  1.5549356e+002  1.5462344e+002
  1.1466667e+000  1.5141202e+002  1.4898914e+002  1.5525915e+002  1.5215974e+002  1.5703281e+002  1.5543910e+002  1.5449895e+002
  1.1533333e+000  1.5139233e+002  1.4907169e+002  1.5534456e+002  1.5209795e+002  1.5701770e+002  1.5544704e+002  1.5443774e+002
  1.1600000e+000  1.5133710e+002  1.4910403e+002  1.5538794e+002  1.5197290e+002  1.5704073e+002  1.5548801e+002  1.5457364e+002
  1.1666667e+000  1.5131322e+002  1.4925502e+002  1.5535933e+002  1.5194844e+002  1.5701607e+002  1.5550447e+002  1.5461562e+002
  1.1733333e+000  1.5131970e+002  1.4926012e+002  1.5533766e+002  1.5189375e+002  1.5699226e+002  1.5551984e+002  1.5460245e+002
  1.1800000e+000  1.5126916e+002  1.4915096e+002  1.5540190e+002  1.5189842e+002  1.5700642e+002  1.5555870e+002  1.5454855e+002
  1.1866667e+000  1.5123303e+002  1.4916875e+002  1.5546513e+002  1.5196817e+002  1.5708131e+002  1.5556308e+002  1.5444745e+002
  1.1933333e+000  1.5120283e+002  1.4928276e+002  1.5551421e+002  1.5199286e+002  1.5704221e+002  1.5555870e+002  1.5442784e+002
  1.2000000e+000  1.5117668e+002  1.4923601e+002  1.5549872e+002  1.5219849e+002  1.5707610e+002  1.5561163e+002  1.5439568e+002
  1.2066667e+000  1.5119983e+002  1.4856865e+002  1.5548389e+002  1.5226807e+002  1.5714044e+002  1.5560451e+002  1.5431964e+002
  1.2133333e+000  1.5121408e+002  1.4853218e+002  1.5554527e+002  1.5231554e+002  1.5715756e+002  1.5553192e+002  1.5434268e+002
  1.2200000e+000  1.5118872e+002  1.4896701e+002  1.5553363e+002  1.5231749e+002  1.5711717e+002  1.5548859e+002  1.5433606e+002
  1.2266667e+000  1.5117563e+002  1.4960082e+002  1.5550159e+002  1.5224690e+002  1.5716846e+002  1.5548073e+002  1.5429677e+002
  1.2333333e+000  1.5119295e+002  1.4954442e+002  1.5554819e+002  1.5230521e+002  1.5722697e+002  1.5544234e+002  1.5425766e+002
  1.2400000e+000  1.5119365e+002  1.4906995e+002  1.5562061e+002  1.5234393e+002  1.5719896e+002  1.5545001e+002  1.5423738e+002
  1.2466667e+000  1.5118478e+002  1.4920224e+002  1.5562544e+002  1.5234801e+002  1.5704613e+002  1.5545738e+002  1.5424409e+002
  1.2533333e+000  1.5119444e+002  1.4921344e+002  1.5557632e+002  1.5237564e+002  1.5693424e+002  1.5545337e+002  1.5412238e+002
  1.2600000e+000  1.5119369e+002  1.4929330e+002  1.5550000e+002  1.5234021e+002  1.5682529e+002  1.5543002e+002  1.5402338e+002
  1.2666667e+000  1.5116765e+002  1.4876202e+002  1.5548634e+002  1.5229498e+002  1.5682942e+002  1.5536699e+002  1.5404340e+002
  1.2733333e+000  1.5111647e+002  1.4869182e+002  1.5549689e+002  1.5226846e+002  1.5683032e+002  1.5529054e+002  1.5400726e+002
  1.2800000e+000  1.5109279e+002  1.4863719e+002  1.5546486e+002  1.5228319e+002  1.5670254e+002  1.5522897e+002  1.5396919e+002
  1.2866667e+000  1.5106935e+002  1.4974291e+002  1.5496492e+002  1.5229169e+002  1.5674139e+002  1.5522704e+002  1.5395709e+002
  1.2933333e+000  1.5104793e+002  1.4978229e+002  1.5544287e+002  1.5223050e+002  1.5674060e+002  1.5523360e+002  1.5396594e+002
  1.3000000e+000  1.5105985e+002  1.4968715e+002  1.5536462e+002  1.5229439e+002  1.5665677e+002  1.5517052e+002  1.5391756e+002
  1.3066667e+000  1.5104785e+002  1.4942206e+002  1.5475879e+002  1.5217456e+002  1.5659876e+002  1.5511806e+002  1.5387019e+002
  1.3133333e+000  1.5103786e+002  1.4943860e+002  1.5589020e+002  1.5223843e+002  1.5657228e+002  1.5507619e+002  1.5387668e+002
  1.3200000e+000  1.5106659e+002  1.4889845e+002  1.5583292e+002  1.5234523e+002  1.5659488e+002  1.5501112e+002  1.5387295e+002
  1.3266667e+000  1.5109219e+002  1.4896895e+002  1.5580325e+002  1.5231802e+002  1.5656680e+002  1.5494841e+002  1.5309093e+002
  1.3333333e+000  1.5113747e+002  1.4891396e+002  1.5577440e+002  1.5242937e+002  1.5659694e+002  1.5486902e+002  1.5371608e+002
  1.3400000e+000  1.5113014e+002  1.4956712e+002  1.5446834e+002  1.5245749e+002  1.5662503e+002  1.5478154e+002  1.5364018e+002
  1.3466667e+000  1.5113178e+002  1.5006444e+002  1.5483372e+002  1.5240398e+002  1.5650948e+002  1.5473103e+002  1.5363634e+002
  1.3533333e+000  1.5114415e+002  1.5001743e+002  1.5480293e+002  1.5231426e+002  1.5651677e+002  1.5459857e+002  1.5362236e+002
  1.3600000e+000  1.5111913e+002  1.5013702e+002  1.5424701e+002  1.5230142e+002  1.5646945e+002  1.5447856e+002  1.5357877e+002
  1.3666667e+000  1.5106084e+002  1.4903960e+002  1.5406921e+002  1.5222429e+002  1.5634912e+002  1.5439169e+002  1.5353709e+002
  1.3733333e+000  1.5102837e+002  1.4909680e+002  1.5418103e+002  1.5224791e+002  1.5629852e+002  1.5427185e+002  1.5279697e+002
  1.3800000e+000  1.5103056e+002  1.4921613e+002  1.5478648e+002  1.5229108e+002  1.5628197e+002  1.5417720e+002  1.5468514e+002
  1.3866667e+000  1.5107596e+002  1.4969778e+002  1.5460150e+002  1.5225227e+002  1.5614781e+002  1.5412482e+002  1.5473572e+002
  1.3933333e+000  1.5112767e+002  1.4959502e+002  1.5448106e+002  1.5226373e+002  1.5609010e+002  1.5406773e+002  1.5478984e+002
  1.4000000e+000  1.5115219e+002  1.5014894e+002  1.5427347e+002  1.5242154e+002  1.5612100e+002  1.5400297e+002  1.5498827e+002
  1.4066667e+000  1.5115578e+002  1.4957178e+002  1.5426865e+002  1.5288995e+002  1.5601486e+002  1.5396013e+002  1.5496434e+002
  1.4133333e+000  1.5119339e+002  1.4908501e+002  1.5413503e+002  1.5279289e+002  1.5582781e+002  1.5391566e+002  1.5431422e+002
  1.4200000e+000  1.5122321e+002  1.4917964e+002  1.5383160e+002  1.5223439e+002  1.5595886e+002  1.5380591e+002  1.5448274e+002
  1.4266667e+000  1.5121372e+002  1.4985349e+002  1.5376007e+002  1.5220882e+002  1.5587779e+002  1.5368535e+002  1.5454825e+002
  1.4333333e+000  1.5116766e+002  1.4974246e+002  1.5351585e+002  1.5225205e+002  1.5568720e+002  1.5360979e+002  1.5466716e+002
  1.4400000e+000  1.5113434e+002  1.5022229e+002  1.5311160e+002  1.5215726e+002  1.5575621e+002  1.5356709e+002  1.5484531e+002
  1.4466667e+000  1.5113937e+002  1.5034039e+002  1.5280582e+002  1.5216498e+002  1.5578972e+002  1.5350435e+002  1.5489279e+002
  1.4533333e+000  1.5111255e+002  1.5031981e+002  1.5321391e+002  1.5225205e+002  1.5569981e+002  1.5342464e+002  1.5500809e+002
  1.4600000e+000  1.5108502e+002  1.4988945e+002  1.5291840e+002  1.5223103e+002  1.5551674e+002  1.5332806e+002  1.5507742e+002
  1.4666667e+000  1.5111310e+002  1.4996321e+002  1.5257487e+002  1.5270172e+002  1.5556471e+002  1.5326370e+002  1.5510921e+002
  1.4733333e+000  1.5114984e+002  1.4992656e+002  1.5227261e+002  1.5270509e+002  1.5563724e+002  1.5320750e+002  1.5517897e+002
  1.4800000e+000  1.5117824e+002  1.5037462e+002  1.5198875e+002  1.5224759e+002  1.5553902e+002  1.5313088e+002  1.5527866e+002
  1.4866667e+000  1.5121709e+002  1.5046326e+002  1.5162273e+002  1.5207768e+002  1.5544473e+002  1.5303711e+002  1.5537706e+002
  1.4933333e+000  1.5129358e+002  1.5002106e+002  1.5132353e+002  1.5209834e+002  1.5545027e+002  1.5298932e+002  1.5539911e+002
  1.5000000e+000  1.5133194e+002  1.5006999e+002  1.5112186e+002  1.5221095e+002  1.5538338e+002  1.5297951e+002  1.5546405e+002
  1.5066667e+000  1.5131573e+002  1.4993611e+002  1.5089622e+002  1.5219255e+002  1.5537238e+002  1.5294106e+002  1.5552426e+002
  1.5133333e+000  1.5134708e+002  1.5001840e+002  1.5069476e+002  1.5218839e+002  1.5534328e+002  1.5287967e+002  1.5552374e+002
  1.5200000e+000  1.5137230e+002  1.4958029e+002  1.5047319e+002  1.5228961e+002  1.5522852e+002  1.5283638e+002  1.5562637e+002
  1.5266667e+000  1.5137558e+002  1.4957108e+002  1.5027788e+002  1.5222757e+002  1.5522018e+002  1.5276473e+002  1.5570267e+002
  1.5333333e+000  1.5139528e+002  1.5006107e+002  1.5016757e+002  1.5227725e+002  1.5443399e+002  1.5269966e+002  1.5574835e+002
  1.5400000e+000  1.5141521e+002  1.5001646e+002  1.5003529e+002  1.5236615e+002  1.5513969e+002  1.5269142e+002  1.5586508e+002
  1.5466667e+000  1.5141284e+002  1.5017738e+002  1.4981099e+002  1.5234619e+002  1.5509943e+002  1.5274307e+002  1.5599497e+002
  1.5533333e+000  1.5139198e+002  1.5024994e+002  1.4961798e+002  1.5217570e+002  1.5373331e+002  1.5277644e+002  1.5612857e+002
  1.5600000e+000  1.5138782e+002  1.5018889e+002  1.4950745e+002  1.5213205e+002  1.5453137e+002  1.5276244e+002  1.5624754e+002
  1.5666667e+000  1.5139043e+002  1.5021112e+002  1.4932340e+002  1.5208130e+002  1.5459267e+002  1.5283495e+002  1.5638786e+002
  1.5733333e+000  1.5136220e+002  1.5028578e+002  1.4906778e+002  1.5208926e+002  1.5401396e+002  1.5292799e+002  1.5657075e+002
  1.5800000e+000  1.5136320e+002  1.5027622e+002  1.4891560e+002  1.5223572e+002  1.5647571e+002  1.5288591e+002  1.5671919e+002
  1.5866667e+000  1.5140543e+002  1.5015611e+002  1.4875465e+002  1.5224431e+002  1.5653348e+002  1.5278854e+002  1.5687517e+002
  1.5933333e+000  1.5141290e+002  1.5010178e+002  1.4784938e+002  1.5223660e+002  1.5661224e+002  1.5272810e+002  1.5705457e+002
  1.6000000e+000  1.5210854e+002  1.5008704e+002  1.4768668e+002  1.5221851e+002  1.5674994e+002  1.5326001e+002  1.5719615e+002
  1.6066667e+000  1.5213492e+002  1.4996735e+002  1.4746240e+002  1.5207770e+002  1.5684160e+002  1.5250203e+002  1.5735530e+002
  1.6133333e+000  1.5105081e+002  1.4983275e+002  1.4724048e+002  1.5207690e+002  1.5683707e+002  1.5190454e+002  1.5751706e+002
  1.6200000e+000  1.5103940e+002  1.4905788e+002  1.4700385e+002  1.5214706e+002  1.5690738e+002  1.5177873e+002  1.5764162e+002
  1.6266667e+000  1.5146399e+002  1.4966507e+002  1.4674072e+002  1.5221515e+002  1.5688886e+002  1.5232326e+002  1.5776360e+002
  1.6333333e+000  1.5145854e+002  1.4953661e+002  1.4649437e+002  1.5228291e+002  1.5688670e+002  1.5222440e+002  1.5788191e+002
  1.6400000e+000  1.5146817e+002  1.4941054e+002  1.4620723e+002  1.5244016e+002  1.5696938e+002  1.5206111e+002  1.5797922e+002
  1.6466667e+000  1.5147331e+002  1.4929215e+002  1.4589566e+002  1.5244276e+002  1.5701183e+002  1.5177600e+002  1.5809192e+002
  1.6533333e+000  1.5146698e+002  1.4914716e+002  1.4566713e+002  1.5250320e+002  1.5708719e+002  1.5162340e+002  1.5819575e+002
  1.6600000e+000  1.5146704e+002  1.4907851e+002  1.4537654e+002  1.5251138e+002  1.5716229e+002  1.5146613e+002  1.5828348e+002
  1.6666667e+000  1.5207799e+002  1.4907674e+002  1.4511565e+002  1.5234663e+002  1.5719948e+002  1.5135394e+002  1.5840210e+002
  1.6733333e+000  1.5205733e+002  1.4837560e+002  1.4482063e+002  1.5234161e+002  1.5663733e+002  1.5123431e+002  1.5851000e+002
  1.6800000e+000  1.5202759e+002  1.4890935e+002  1.4453285e+002  1.5232001e+002  1.5671530e+002  1.5113411e+002  1.5858284e+002
  1.6866667e+000  1.5138600e+002  1.4899005e+002  1.4425911e+002  1.5239841e+002  1.5678424e+002  1.5106464e+002  1.5868184e+002
  1.6933333e+000  1.5092837e+002  1.4846625e+002  1.4399333e+002  1.5253908e+002  1.5688202e+002  1.5102525e+002  1.5881026e+002
  1.7000000e+000  1.5091737e+002  1.4847258e+002  1.4372080e+002  1.5247296e+002  1.5689783e+002  1.5101952e+002  1.5892381e+002
  1.7066667e+000  1.5136385e+002  1.5014911e+002  1.4346645e+002  1.5242899e+002  1.5693529e+002  1.5099434e+002  1.5901735e+002
  1.7133333e+000  1.5137636e+002  1.5014491e+002  1.4319519e+002  1.5244319e+002  1.5698235e+002  1.5097350e+002  1.5911586e+002
  1.7200000e+000  1.5138156e+002  1.5019241e+002  1.4294070e+002  1.5224266e+002  1.5694508e+002  1.5096182e+002  1.5923370e+002
  1.7266667e+000  1.5143723e+002  1.5010792e+002  1.4266038e+002  1.5211185e+002  1.5699565e+002  1.5091409e+002  1.5937837e+002
  1.7333333e+000  1.5147543e+002  1.5009164e+002  1.4240677e+002  1.5219743e+002  1.5700908e+002  1.5083739e+002  1.5950156e+002
  1.7400000e+000  1.5146654e+002  1.5003970e+002  1.4215552e+002  1.5232960e+002  1.5697815e+002  1.5140150e+002  1.5960472e+002
  1.7466667e+000  1.5146516e+002  1.4997150e+002  1.4190790e+002  1.5235712e+002  1.5700713e+002  1.5137314e+002  1.5970915e+002
  1.7533333e+000  1.5147296e+002  1.4993047e+002  1.4168471e+002  1.5226686e+002  1.5701440e+002  1.5130641e+002  1.5981337e+002
  1.7600000e+000  1.5145319e+002  1.4914514e+002  1.4145085e+002  1.5229619e+002  1.5698717e+002  1.5123669e+002  1.5989317e+002
  1.7666667e+000  1.5144713e+002  1.4965508e+002  1.4120180e+002  1.5231137e+002  1.5700929e+002  1.5113190e+002  1.5991653e+002
  1.7733333e+000  1.5148550e+002  1.4956882e+002  1.4098062e+002  1.5224402e+002  1.5701849e+002  1.5102959e+002  1.5992627e+002
  1.7800000e+000  1.5146857e+002  1.4889523e+002  1.4074760e+002  1.5222836e+002  1.5698825e+002  1.5100574e+002  1.5995442e+002
  1.7866667e+000  1.5143111e+002  1.4887175e+002  1.4053203e+002  1.5224446e+002  1.5696446e+002  1.5093654e+002  1.5995077e+002
  1.7933333e+000  1.5143869e+002  1.4882167e+002  1.4031255e+002  1.5223903e+002  1.5699986e+002  1.5079913e+002  1.5990608e+002
  1.8000000e+000  1.5145705e+002  1.4877733e+002  1.4015463e+002  1.5231433e+002  1.5703126e+002  1.5068562e+002  1.5989363e+002
  1.8066667e+000  1.5144807e+002  1.4878972e+002  1.3995018e+002  1.5233289e+002  1.5699383e+002  1.5057552e+002  1.5993314e+002
  1.8133333e+000  1.5145561e+002  1.4882013e+002  1.3978497e+002  1.5229552e+002  1.5687228e+002  1.5046571e+002  1.5999677e+002
  1.8200000e+000  1.5149811e+002  1.4883183e+002  1.3959222e+002  1.5213222e+002  1.5674170e+002  1.5037126e+002  1.6005284e+002
  1.8266667e+000  1.5149087e+002  1.4888725e+002  1.3942499e+002  1.5212874e+002  1.5669756e+002  1.5021786e+002  1.6010872e+002
  1.8333333e+000  1.5145818e+002  1.4889352e+002  1.3926303e+002  1.5214078e+002  1.5668582e+002  1.5013377e+002  1.6018169e+002
  1.8400000e+000  1.5149652e+002  1.4894215e+002  1.3912166e+002  1.5220468e+002  1.5668675e+002  1.5001425e+002  1.6026163e+002
  1.8466667e+000  1.5155330e+002  1.4906689e+002  1.3905165e+002  1.5232480e+002  1.5670487e+002  1.4988376e+002  1.6030124e+002
  1.8533333e+000  1.5159119e+002  1.4902750e+002  1.3895934e+002  1.5229340e+002  1.5666699e+002  1.4974850e+002  1.6035144e+002
  1.8600000e+000  1.5161876e+002  1.4908601e+002  1.3888791e+002  1.5223137e+002  1.5660671e+002  1.4963255e+002  1.6043517e+002
  1.8666667e+000  1.5162811e+002  1.4910498e+002  1.3879022e+002  1.5210564e+002  1.5659227e+002  1.4957269e+002  1.6050095e+002
  1.8733333e+000  1.5165360e+002  1.4906641e+002  1.3871002e+002  1.5218773e+002  1.5659390e+002  1.4945615e+002  1.6055939e+002
  1.8800000e+000  1.5163858e+002  1.4907744e+002  1.3865887e+002  1.5221745e+002  1.5664951e+002  1.4931871e+002  1.6057318e+002
  1.8866667e+000  1.5159067e+002  1.4904324e+002  1.3861249e+002  1.5223999e+002  1.5671692e+002  1.4919589e+002  1.6059891e+002
  1.8933333e+000  1.5152957e+002  1.4903912e+002  1.3857158e+002  1.5228075e+002  1.5678462e+002  1.4906465e+002  1.6064360e+002
  1.9000000e+000  1.5149684e+002  1.4907690e+002  1.3849841e+002  1.5223398e+002  1.5689601e+002  1.4896152e+002  1.6067006e+002
  1.9066667e+000  1.5149764e+002  1.4907419e+002  1.3843402e+002  1.5233272e+002  1.5701407e+002  1.4878186e+002  1.6066599e+002
  1.9133333e+000  1.5149683e+002  1.4907976e+002  1.3842394e+002  1.5230702e+002  1.5708183e+002  1.4864711e+002  1.6065671e+002
  1.9200000e+000  1.5150858e+002  1.4910547e+002  1.3840527e+002  1.5226012e+002  1.5716905e+002  1.4857655e+002  1.6066394e+002
  1.9266667e+000  1.5156772e+002  1.4912154e+002  1.3840004e+002  1.5229802e+002  1.5725484e+002  1.4851508e+002  1.6066509e+002
  1.9333333e+000  1.5155077e+002  1.4920317e+002  1.3837236e+002  1.5243895e+002  1.5732947e+002  1.4841090e+002  1.6063943e+002
  1.9400000e+000  1.5147208e+002  1.4929005e+002  1.3835352e+002  1.5249490e+002  1.5745097e+002  1.4831581e+002  1.6060953e+002
  1.9466667e+000  1.5144032e+002  1.4935037e+002  1.3841332e+002  1.5255560e+002  1.5750815e+002  1.4822279e+002  1.6057922e+002
  1.9533333e+000  1.5150058e+002  1.4946840e+002  1.3842558e+002  1.5257654e+002  1.5752744e+002  1.4814896e+002  1.6058962e+002
  1.9600000e+000  1.5158414e+002  1.4953032e+002  1.3843062e+002  1.5251599e+002  1.5761287e+002  1.4804431e+002  1.6061781e+002
  1.9666667e+000  1.5162157e+002  1.4959479e+002  1.3853044e+002  1.5245770e+002  1.5768007e+002  1.4795816e+002  1.6062917e+002
  1.9733333e+000  1.5161037e+002  1.4968898e+002  1.3854088e+002  1.5243100e+002  1.5775714e+002  1.4786707e+002  1.6064407e+002
  1.9800000e+000  1.5156879e+002  1.4974127e+002  1.3858025e+002  1.5238652e+002  1.5787499e+002  1.4723233e+002  1.6068262e+002
  1.9866667e+000  1.5155364e+002  1.4979997e+002  1.3873726e+002  1.5240477e+002  1.5794920e+002  1.4713542e+002  1.6070311e+002
  1.9933333e+000  1.5157700e+002  1.4995132e+002  1.3883879e+002  1.5244801e+002  1.5800810e+002  1.4708070e+002  1.6074231e+002
  2.0000000e+000  1.5158708e+002  1.5006102e+002  1.3898291e+002  1.5245636e+002  1.5811829e+002  1.4701910e+002  1.6077797e+002
