 -5.0000000e-001 -1.2280974e+002 -1.1918184e+002 -1.2092250e+002 -1.2051581e+002 -1.2057504e+002
 -4.9333333e-001 -1.2280542e+002 -1.1916031e+002 -1.2092239e+002 -1.2048636e+002 -1.2059892e+002
 -4.8666667e-001 -1.2282298e+002 -1.1916701e+002 -1.2092679e+002 -1.2045300e+002 -1.2061427e+002
 -4.8000000e-001 -1.2279559e+002 -1.1915471e+002 -1.2092281e+002 -1.2049117e+002 -1.2059990e+002
 -4.7333333e-001 -1.2279926e+002 -1.1915364e+002 -1.2091254e+002 -1.2043565e+002 -1.2061140e+002
 -4.6666667e-001 -1.2280455e+002 -1.1915198e+002 -1.2091078e+002 -1.2035611e+002 -1.2058731e+002
 -4.6000000e-001 -1.2279533e+002 -1.1915781e+002 -1.2090352e+002 -1.2056685e+002 -1.2062592e+002
 -4.5333333e-001 -1.2279912e+002 -1.1917731e+002 -1.2091037e+002 -1.2055618e+002 -1.2063673e+002
 -4.4666667e-001 -1.2280794e+002 -1.1916753e+002 -1.2093266e+002 -1.2053319e+002 -1.2064708e+002
 -4.4000000e-001 -1.2280324e+002 -1.1916731e+002 -1.2093311e+002 -1.2050479e+002 -1.2066284e+002
 -4.3333333e-001 -1.2281630e+002 -1.1916515e+002 -1.2091489e+002 -1.2044644e+002 -1.2066754e+002
 -4.2666667e-001 -1.2280302e+002 -1.1916946e+002 -1.2092184e+002 -1.2045999e+002 -1.2071512e+002
 -4.2000000e-001 -1.2279523e+002 -1.1917717e+002 -1.2094054e+002 -1.2043027e+002 -1.2073811e+002
 -4.1333333e-001 -1.2279781e+002 -1.1916963e+002 -1.2092415e+002 -1.2037964e+002 -1.2073700e+002
 -4.0666667e-001 -1.2279542e+002 -1.1919058e+002 -1.2094237e+002 -1.2038855e+002 -1.2074751e+002
 -4.0000000e-001 -1.2280476e+002 -1.1917613e+002 -1.2093559e+002 -1.2033147e+002 -1.2077374e+002
 -3.9333333e-001 -1.2276848e+002 -1.1915999e+002 -1.2091420e+002 -1.2032106e+002 -1.2077661e+002
 -3.8666667e-001 -1.2279218e+002 -1.1916911e+002 -1.2092636e+002 -1.2026247e+002 -1.2078619e+002
 -3.8000000e-001 -1.2278578e+002 -1.1916342e+002 -1.2094067e+002 -1.2026276e+002 -1.2077795e+002
 -3.7333333e-001 -1.2278229e+002 -1.1916524e+002 -1.2092851e+002 -1.2029970e+002 -1.2077893e+002
 -3.6666667e-001 -1.2278696e+002 -1.1917502e+002 -1.2095116e+002 -1.2023465e+002 -1.2073703e+002
 -3.6000000e-001 -1.2277856e+002 -1.1916797e+002 -1.2095239e+002 -1.2022899e+002 -1.2073023e+002
 -3.5333333e-001 -1.2280376e+002 -1.1914095e+002 -1.2092885e+002 -1.2022301e+002 -1.2071758e+002
 -3.4666667e-001 -1.2283214e+002 -1.1915010e+002 -1.2095398e+002 -1.2021697e+002 -1.2071137e+002
 -3.4000000e-001 -1.2285408e+002 -1.1917834e+002 -1.2095384e+002 -1.2020635e+002 -1.2070956e+002
 -3.3333333e-001 -1.2288858e+002 -1.1915681e+002 -1.2095741e+002 -1.2001141e+002 -1.2071577e+002
 -3.2666667e-001 -1.2290527e+002 -1.1916447e+002 -1.2096587e+002 -1.1997994e+002 -1.2072803e+002
 -3.2000000e-001 -1.2293669e+002 -1.1916133e+002 -1.2095313e+002 -1.2005475e+002 -1.2069782e+002
 -3.1333333e-001 -1.2296689e+002 -1.1917531e+002 -1.2094099e+002 -1.1993021e+002 -1.2071257e+002
 -3.0666667e-001 -1.2297948e+002 -1.1917972e+002 -1.2094032e+002 -1.1997754e+002 -1.2070856e+002
 -3.0000000e-001 -1.2299948e+002 -1.1917616e+002 -1.2094959e+002 -1.1996735e+002 -1.2071071e+002
 -2.9333333e-001 -1.2300446e+002 -1.1917862e+002 -1.2092337e+002 -1.2002670e+002 -1.2071823e+002
 -2.8666667e-001 -1.2301462e+002 -1.1918329e+002 -1.2094217e+002 -1.2005870e+002 -1.2071519e+002
 -2.8000000e-001 -1.2301793e+002 -1.1918274e+002 -1.2094750e+002 -1.1998070e+002 -1.2072511e+002
 -2.7333333e-001 -1.2304009e+002 -1.1921938e+002 -1.2093442e+002 -1.2002521e+002 -1.2073596e+002
 -2.6666667e-001 -1.2302615e+002 -1.1919607e+002 -1.2092378e+002 -1.1994510e+002 -1.2074590e+002
 -2.6000000e-001 -1.2301044e+002 -1.1919984e+002 -1.2092647e+002 -1.1991547e+002 -1.2074789e+002
 -2.5333333e-001 -1.2300031e+002 -1.1920854e+002 -1.2092166e+002 -1.1994676e+002 -1.2073618e+002
 -2.4666667e-001 -1.2299429e+002 -1.1921785e+002 -1.2090601e+002 -1.1999196e+002 -1.2074068e+002
 -2.4000000e-001 -1.2299889e+002 -1.1922537e+002 -1.2091583e+002 -1.1993805e+002 -1.2072208e+002
 -2.3333333e-001 -1.2295836e+002 -1.1923047e+002 -1.2092751e+002 -1.1981017e+002 -1.2074524e+002
 -2.2666667e-001 -1.2295659e+002 -1.1924826e+002 -1.2091472e+002 -1.1986920e+002 -1.2073956e+002
 -2.2000000e-001 -1.2293053e+002 -1.1924602e+002 -1.2092128e+002 -1.1988975e+002 -1.2073525e+002
 -2.1333333e-001 -1.2290883e+002 -1.1926851e+002 -1.2090698e+002 -1.1997153e+002 -1.2074399e+002
 -2.0666667e-001 -1.2291179e+002 -1.1928572e+002 -1.2088677e+002 -1.1991530e+002 -1.2073271e+002
 -2.0000000e-001 -1.2287260e+002 -1.1927515e+002 -1.2090694e+002 -1.1998146e+002 -1.2072279e+002
 -1.9333333e-001 -1.2286763e+002 -1.1927039e+002 -1.2090747e+002 -1.1991942e+002 -1.2073549e+002
 -1.8666667e-001 -1.2284897e+002 -1.1927940e+002 -1.2090587e+002 -1.2000488e+002 -1.2075508e+002
 -1.8000000e-001 -1.2284908e+002 -1.1929952e+002 -1.2089523e+002 -1.1998355e+002 -1.2072006e+002
 -1.7333333e-001 -1.2281841e+002 -1.1927083e+002 -1.2089709e+002 -1.1997365e+002 -1.2071394e+002
 -1.6666667e-001 -1.2280632e+002 -1.1928438e+002 -1.2091907e+002 -1.1997672e+002 -1.2071489e+002
 -1.6000000e-001 -1.2277840e+002 -1.1928006e+002 -1.2092807e+002 -1.1997519e+002 -1.2070628e+002
 -1.5333333e-001 -1.2277914e+002 -1.1928738e+002 -1.2093007e+002 -1.1987334e+002 -1.2071071e+002
 -1.4666667e-001 -1.2277097e+002 -1.1928659e+002 -1.2091963e+002 -1.2002977e+002 -1.2070299e+002
 -1.4000000e-001 -1.2276968e+002 -1.1930791e+002 -1.2094444e+002 -1.2007526e+002 -1.2070752e+002
 -1.3333333e-001 -1.2277646e+002 -1.1930656e+002 -1.2094272e+002 -1.2004215e+002 -1.2068872e+002
 -1.2666667e-001 -1.2276744e+002 -1.1929474e+002 -1.2093166e+002 -1.2002435e+002 -1.2069542e+002
 -1.2000000e-001 -1.2278720e+002 -1.1928389e+002 -1.2092212e+002 -1.2008496e+002 -1.2069923e+002
 -1.1333333e-001 -1.2278665e+002 -1.1928905e+002 -1.2093106e+002 -1.2004141e+002 -1.2068274e+002
 -1.0666667e-001 -1.2279930e+002 -1.1930560e+002 -1.2092149e+002 -1.2005179e+002 -1.2067911e+002
 -1.0000000e-001 -1.2280316e+002 -1.1931244e+002 -1.2092029e+002 -1.2008939e+002 -1.2067667e+002
 -9.3333333e-002 -1.2277707e+002 -1.1931863e+002 -1.2091504e+002 -1.2008870e+002 -1.2068733e+002
 -8.6666667e-002 -1.2277010e+002 -1.1931621e+002 -1.2090280e+002 -1.2001007e+002 -1.2068225e+002
 -8.0000000e-002 -1.2275092e+002 -1.1932733e+002 -1.2088870e+002 -1.1999532e+002 -1.2068839e+002
 -7.3333333e-002 -1.2274318e+002 -1.1932153e+002 -1.2090131e+002 -1.2006032e+002 -1.2067705e+002
 -6.6666667e-002 -1.2275261e+002 -1.1931932e+002 -1.2088945e+002 -1.2010469e+002 -1.2067773e+002
 -6.0000000e-002 -1.2276180e+002 -1.1933421e+002 -1.2090056e+002 -1.2008566e+002 -1.2069643e+002
 -5.3333333e-002 -1.2279312e+002 -1.1932591e+002 -1.2089882e+002 -1.1998404e+002 -1.2069203e+002
 -4.6666667e-002 -1.2281046e+002 -1.1932956e+002 -1.2088289e+002 -1.2003337e+002 -1.2067845e+002
 -4.0000000e-002 -1.2279709e+002 -1.1931206e+002 -1.2088680e+002 -1.2011659e+002 -1.2066550e+002
 -3.3333333e-002 -1.2280919e+002 -1.1929520e+002 -1.2088033e+002 -1.2016031e+002 -1.2065460e+002
 -2.6666667e-002 -1.2284354e+002 -1.1930975e+002 -1.2087802e+002 -1.2002179e+002 -1.2066176e+002
 -2.0000000e-002 -1.2286977e+002 -1.1930995e+002 -1.2086472e+002 -1.1999262e+002 -1.2064459e+002
 -1.3333333e-002 -1.2288274e+002 -1.1929474e+002 -1.2086526e+002 -1.2012672e+002 -1.2066875e+002
 -6.6666667e-003 -1.2289168e+002 -1.1929039e+002 -1.2088255e+002 -1.2018019e+002 -1.2067079e+002
  0.0000000e+000 -1.2294353e+002 -1.1930031e+002 -1.2089146e+002 -1.2010471e+002 -1.2066698e+002
  6.6666667e-003 -1.2299571e+002 -1.1933467e+002 -1.2093187e+002 -1.2014313e+002 -1.2068478e+002
  1.3333333e-002 -1.2305862e+002 -1.1937085e+002 -1.2096889e+002 -1.2024941e+002 -1.2071523e+002
  2.0000000e-002 -1.2312483e+002 -1.1940434e+002 -1.2100122e+002 -1.2028268e+002 -1.2074205e+002
  2.6666667e-002 -1.2317130e+002 -1.1945055e+002 -1.2104315e+002 -1.2039485e+002 -1.2076112e+002
  3.3333333e-002 -1.2321397e+002 -1.1950502e+002 -1.2111639e+002 -1.2040974e+002 -1.2080637e+002
  4.0000000e-002 -1.2326712e+002 -1.1956226e+002 -1.2115276e+002 -1.2042470e+002 -1.2080582e+002
  4.6666667e-002 -1.2330756e+002 -1.1958313e+002 -1.2118060e+002 -1.2041502e+002 -1.2084056e+002
  5.3333333e-002 -1.2332034e+002 -1.1957498e+002 -1.2118980e+002 -1.2038893e+002 -1.2082265e+002
  6.0000000e-002 -1.2332665e+002 -1.1960045e+002 -1.2121396e+002 -1.2040384e+002 -1.2084059e+002
  6.6666667e-002 -1.2330144e+002 -1.1964189e+002 -1.2126289e+002 -1.2043912e+002 -1.2086606e+002
  7.3333333e-002 -1.2329730e+002 -1.1966249e+002 -1.2128481e+002 -1.2051698e+002 -1.2086952e+002
  8.0000000e-002 -1.2331752e+002 -1.1971768e+002 -1.2132407e+002 -1.2051505e+002 -1.2089803e+002
  8.6666667e-002 -1.2334178e+002 -1.1980364e+002 -1.2136910e+002 -1.2044478e+002 -1.2091946e+002
  9.3333333e-002 -1.2338397e+002 -1.1983637e+002 -1.2140495e+002 -1.2040065e+002 -1.2091852e+002
  1.0000000e-001 -1.2339287e+002 -1.1987413e+002 -1.2144414e+002 -1.2050693e+002 -1.2090387e+002
  1.0666667e-001 -1.2344653e+002 -1.1989854e+002 -1.2145914e+002 -1.2060211e+002 -1.2090346e+002
  1.1333333e-001 -1.2347197e+002 -1.1993956e+002 -1.2151834e+002 -1.2053711e+002 -1.2089903e+002
  1.2000000e-001 -1.2349651e+002 -1.1996697e+002 -1.2154640e+002 -1.2060661e+002 -1.2083693e+002
  1.2666667e-001 -1.2354573e+002 -1.2002565e+002 -1.2160143e+002 -1.2061845e+002 -1.2072746e+002
  1.3333333e-001 -1.2363245e+002 -1.2008514e+002 -1.2164636e+002 -1.2062790e+002 -1.2107170e+002
  1.4000000e-001 -1.2374799e+002 -1.2015280e+002 -1.2167073e+002 -1.2069014e+002 -1.2107620e+002
  1.4666667e-001 -1.2384590e+002 -1.2022490e+002 -1.2167491e+002 -1.2069191e+002 -1.2109766e+002
  1.5333333e-001 -1.2387575e+002 -1.2028815e+002 -1.2173393e+002 -1.2071071e+002 -1.2116280e+002
  1.6000000e-001 -1.2386058e+002 -1.2035300e+002 -1.2176860e+002 -1.2078186e+002 -1.2117497e+002
  1.6666667e-001 -1.2385678e+002 -1.2043811e+002 -1.2185709e+002 -1.2077153e+002 -1.2123047e+002
  1.7333333e-001 -1.2393434e+002 -1.2048491e+002 -1.2192258e+002 -1.2091444e+002 -1.2125295e+002
  1.8000000e-001 -1.2400418e+002 -1.2050150e+002 -1.2196774e+002 -1.2093179e+002 -1.2151163e+002
  1.8666667e-001 -1.2407452e+002 -1.2046242e+002 -1.2200118e+002 -1.2092650e+002 -1.2140160e+002
  1.9333333e-001 -1.2410373e+002 -1.2037863e+002 -1.2201976e+002 -1.2088959e+002 -1.2136778e+002
  2.0000000e-001 -1.2407539e+002 -1.2095395e+002 -1.2205318e+002 -1.2091158e+002 -1.2135931e+002
  2.0666667e-001 -1.2407625e+002 -1.2100938e+002 -1.2204358e+002 -1.2083171e+002 -1.2137480e+002
  2.1333333e-001 -1.2409142e+002 -1.2099242e+002 -1.2202913e+002 -1.2076161e+002 -1.2139084e+002
  2.2000000e-001 -1.2413159e+002 -1.2101547e+002 -1.2205003e+002 -1.2070358e+002 -1.2137636e+002
  2.2666667e-001 -1.2422952e+002 -1.2105750e+002 -1.2206812e+002 -1.2076814e+002 -1.2138428e+002
  2.3333333e-001 -1.2429096e+002 -1.2110672e+002 -1.2213420e+002 -1.2083209e+002 -1.2140028e+002
  2.4000000e-001 -1.2429375e+002 -1.2111003e+002 -1.2216969e+002 -1.2060968e+002 -1.2148413e+002
  2.4666667e-001 -1.2426056e+002 -1.2109959e+002 -1.2221593e+002 -1.2065741e+002 -1.2159718e+002
  2.5333333e-001 -1.2418805e+002 -1.2114610e+002 -1.2228381e+002 -1.2062512e+002 -1.2043556e+002
  2.6000000e-001 -1.2456097e+002 -1.2117845e+002 -1.2238391e+002 -1.2088357e+002 -1.2037415e+002
  2.6666667e-001 -1.2461528e+002 -1.2121935e+002 -1.2244823e+002 -1.2080879e+002 -1.2039415e+002
  2.7333333e-001 -1.2470023e+002 -1.2126230e+002 -1.2250453e+002 -1.2075954e+002 -1.2039862e+002
  2.8000000e-001 -1.2473082e+002 -1.2128560e+002 -1.2250156e+002 -1.2071071e+002 -1.2047734e+002
  2.8666667e-001 -1.2480475e+002 -1.2128650e+002 -1.2248935e+002 -1.2068326e+002 -1.2030328e+002
  2.9333333e-001 -1.2466335e+002 -1.2131699e+002 -1.2247936e+002 -1.2068274e+002 -1.2022055e+002
  3.0000000e-001 -1.2461755e+002 -1.2137024e+002 -1.2248274e+002 -1.2063701e+002 -1.2015309e+002
  3.0666667e-001 -1.2463277e+002 -1.2141621e+002 -1.2252675e+002 -1.2051119e+002 -1.2003011e+002
  3.1333333e-001 -1.2464969e+002 -1.2148149e+002 -1.2251953e+002 -1.2040300e+002 -1.1994417e+002
  3.2000000e-001 -1.2468021e+002 -1.2149480e+002 -1.2245167e+002 -1.2013747e+002 -1.1994778e+002
  3.2666667e-001 -1.2467630e+002 -1.2165254e+002 -1.2156694e+002 -1.1979096e+002 -1.1991171e+002
  3.3333333e-001 -1.2468706e+002 -1.2172014e+002 -1.2120494e+002 -1.2001193e+002 -1.1987787e+002
  3.4000000e-001 -1.2469449e+002 -1.2045578e+002 -1.2082697e+002 -1.1977692e+002 -1.1985634e+002
  3.4666667e-001 -1.2473036e+002 -1.2032195e+002 -1.2090408e+002 -1.1956332e+002 -1.1979631e+002
  3.5333333e-001 -1.2489029e+002 -1.1995709e+002 -1.2051097e+002 -1.1946193e+002 -1.1974829e+002
  3.6000000e-001 -1.2488582e+002 -1.1977432e+002 -1.2029524e+002 -1.1926250e+002 -1.1964841e+002
  3.6666667e-001 -1.2482834e+002 -1.1954750e+002 -1.2002528e+002 -1.1904756e+002 -1.1950795e+002
  3.7333333e-001 -1.2359409e+002 -1.1948715e+002 -1.1955158e+002 -1.1882211e+002 -1.1931197e+002
  3.8000000e-001 -1.2345894e+002 -1.1941107e+002 -1.1947641e+002 -1.1895718e+002 -1.1908284e+002
  3.8666667e-001 -1.2328383e+002 -1.1919328e+002 -1.1929205e+002 -1.1795285e+002 -1.1932150e+002
  3.9333333e-001 -1.2320332e+002 -1.1900578e+002 -1.1905389e+002 -1.1775655e+002 -1.1915228e+002
  4.0000000e-001 -1.2307628e+002 -1.1868376e+002 -1.1874114e+002 -1.1754068e+002 -1.1904645e+002
  4.0666667e-001 -1.2292026e+002 -1.1847809e+002 -1.1841574e+002 -1.1727185e+002 -1.1887820e+002
  4.1333333e-001 -1.2282715e+002 -1.1832657e+002 -1.1838498e+002 -1.1761083e+002 -1.1873337e+002
  4.2000000e-001 -1.2249112e+002 -1.1818704e+002 -1.1802568e+002 -1.1743411e+002 -1.1858098e+002
  4.2666667e-001 -1.2256683e+002 -1.1792566e+002 -1.1742758e+002 -1.1723082e+002 -1.1846527e+002
  4.3333333e-001 -1.2246919e+002 -1.1777119e+002 -1.1718887e+002 -1.1704904e+002 -1.1835277e+002
  4.4000000e-001 -1.2216054e+002 -1.1757703e+002 -1.1657427e+002 -1.1684523e+002 -1.1812097e+002
  4.4666667e-001 -1.2199025e+002 -1.1736763e+002 -1.1631401e+002 -1.1662202e+002 -1.1792905e+002
  4.5333333e-001 -1.2151080e+002 -1.1720784e+002 -1.1601796e+002 -1.1643469e+002 -1.1777365e+002
  4.6000000e-001 -1.2118700e+002 -1.1707167e+002 -1.1573683e+002 -1.1624680e+002 -1.1761644e+002
  4.6666667e-001 -1.2094310e+002 -1.1723554e+002 -1.1531894e+002 -1.1608473e+002 -1.1745731e+002
  4.7333333e-001 -1.2114400e+002 -1.1710219e+002 -1.1548135e+002 -1.1590813e+002 -1.1725807e+002
  4.8000000e-001 -1.2098827e+002 -1.1695531e+002 -1.1529410e+002 -1.1570454e+002 -1.1705687e+002
  4.8666667e-001 -1.2080287e+002 -1.1678664e+002 -1.1514883e+002 -1.1548183e+002 -1.1685515e+002
  4.9333333e-001 -1.2051231e+002 -1.1660790e+002 -1.1489912e+002 -1.1534869e+002 -1.1667241e+002
  5.0000000e-001 -1.2027620e+002 -1.1634898e+002 -1.1469545e+002 -1.1521596e+002 -1.1644742e+002
  5.0666667e-001 -1.1956641e+002 -1.1613515e+002 -1.1449245e+002 -1.1512299e+002 -1.1630229e+002
  5.1333333e-001 -1.1936353e+002 -1.1593355e+002 -1.1427255e+002 -1.1503415e+002 -1.1609538e+002
  5.2000000e-001 -1.1968312e+002 -1.1576077e+002 -1.1411409e+002 -1.1498836e+002 -1.1589171e+002
  5.2666667e-001 -1.1945674e+002 -1.1558591e+002 -1.1395401e+002 -1.1491019e+002 -1.1568440e+002
  5.3333333e-001 -1.1928932e+002 -1.1541174e+002 -1.1381029e+002 -1.1413915e+002 -1.1549680e+002
  5.4000000e-001 -1.1913660e+002 -1.1530191e+002 -1.1364584e+002 -1.1395885e+002 -1.1526102e+002
  5.4666667e-001 -1.1892929e+002 -1.1516859e+002 -1.1353210e+002 -1.1391457e+002 -1.1501097e+002
  5.5333333e-001 -1.1873526e+002 -1.1511859e+002 -1.1340878e+002 -1.1389998e+002 -1.1481317e+002
  5.6000000e-001 -1.1849486e+002 -1.1502988e+002 -1.1327034e+002 -1.1385094e+002 -1.1457811e+002
  5.6666667e-001 -1.1833794e+002 -1.1496947e+002 -1.1315169e+002 -1.1389165e+002 -1.1435613e+002
  5.7333333e-001 -1.1817561e+002 -1.1497638e+002 -1.1305708e+002 -1.1393019e+002 -1.1414233e+002
  5.8000000e-001 -1.1799461e+002 -1.1496579e+002 -1.1314885e+002 -1.1394550e+002 -1.1395090e+002
  5.8666667e-001 -1.1784627e+002 -1.1501332e+002 -1.1321960e+002 -1.1391318e+002 -1.1377902e+002
  5.9333333e-001 -1.1770346e+002 -1.1505528e+002 -1.1328043e+002 -1.1391695e+002 -1.1356014e+002
  6.0000000e-001 -1.1756531e+002 -1.1507777e+002 -1.1351718e+002 -1.1395142e+002 -1.1339195e+002
  6.0666667e-001 -1.1744078e+002 -1.1507715e+002 -1.1352498e+002 -1.1401276e+002 -1.1321649e+002
  6.1333333e-001 -1.1733217e+002 -1.1504799e+002 -1.1354030e+002 -1.1394981e+002 -1.1308568e+002
  6.2000000e-001 -1.1729912e+002 -1.1497723e+002 -1.1348161e+002 -1.1397232e+002 -1.1296135e+002
  6.2666667e-001 -1.1706705e+002 -1.1492619e+002 -1.1344298e+002 -1.1387831e+002 -1.1281668e+002
  6.3333333e-001 -1.1699217e+002 -1.1494205e+002 -1.1337244e+002 -1.1397357e+002 -1.1268576e+002
  6.4000000e-001 -1.1694704e+002 -1.1502881e+002 -1.1331386e+002 -1.1397812e+002 -1.1259503e+002
  6.4666667e-001 -1.1685840e+002 -1.1505925e+002 -1.1332062e+002 -1.1396568e+002 -1.1254721e+002
  6.5333333e-001 -1.1671898e+002 -1.1519820e+002 -1.1332402e+002 -1.1403090e+002 -1.1251265e+002
  6.6000000e-001 -1.1645316e+002 -1.1514565e+002 -1.1330832e+002 -1.1398164e+002 -1.1205768e+002
  6.6666667e-001 -1.1643884e+002 -1.1500595e+002 -1.1326398e+002 -1.1408904e+002 -1.1197949e+002
  6.7333333e-001 -1.1640540e+002 -1.1468356e+002 -1.1320917e+002 -1.1426419e+002 -1.1201544e+002
  6.8000000e-001 -1.1639543e+002 -1.1464935e+002 -1.1333646e+002 -1.1420831e+002 -1.1200601e+002
  6.8666667e-001 -1.1641894e+002 -1.1463040e+002 -1.1331088e+002 -1.1402759e+002 -1.1208369e+002
  6.9333333e-001 -1.1649010e+002 -1.1458116e+002 -1.1328709e+002 -1.1401276e+002 -1.1258025e+002
  7.0000000e-001 -1.1660979e+002 -1.1460835e+002 -1.1315138e+002 -1.1397163e+002 -1.1260599e+002
  7.0666667e-001 -1.1676852e+002 -1.1461641e+002 -1.1322987e+002 -1.1391177e+002 -1.1266054e+002
  7.1333333e-001 -1.1691446e+002 -1.1458832e+002 -1.1329089e+002 -1.1384586e+002 -1.1272533e+002
  7.2000000e-001 -1.1703742e+002 -1.1464398e+002 -1.1335571e+002 -1.1380836e+002 -1.1276083e+002
  7.2666667e-001 -1.1739327e+002 -1.1482710e+002 -1.1340056e+002 -1.1373125e+002 -1.1281969e+002
  7.3333333e-001 -1.1749689e+002 -1.1502493e+002 -1.1341930e+002 -1.1369576e+002 -1.1303241e+002
  7.4000000e-001 -1.1753165e+002 -1.1481020e+002 -1.1346762e+002 -1.1367786e+002 -1.1287280e+002
  7.4666667e-001 -1.1765646e+002 -1.1485980e+002 -1.1360489e+002 -1.1365688e+002 -1.1283846e+002
  7.5333333e-001 -1.1775780e+002 -1.1489256e+002 -1.1352325e+002 -1.1365251e+002 -1.1281895e+002
  7.6000000e-001 -1.1787637e+002 -1.1504286e+002 -1.1347176e+002 -1.1369441e+002 -1.1268933e+002
  7.6666667e-001 -1.1791525e+002 -1.1516802e+002 -1.1320758e+002 -1.1369894e+002 -1.1276616e+002
  7.7333333e-001 -1.1796118e+002 -1.1530522e+002 -1.1330534e+002 -1.1373619e+002 -1.1274545e+002
  7.8000000e-001 -1.1814133e+002 -1.1499912e+002 -1.1334293e+002 -1.1379332e+002 -1.1274999e+002
  7.8666667e-001 -1.1819292e+002 -1.1519058e+002 -1.1340389e+002 -1.1383345e+002 -1.1273169e+002
  7.9333333e-001 -1.1821864e+002 -1.1532246e+002 -1.1344360e+002 -1.1382282e+002 -1.1215572e+002
  8.0000000e-001 -1.1805547e+002 -1.1540021e+002 -1.1347659e+002 -1.1383238e+002 -1.1215703e+002
  8.0666667e-001 -1.1809847e+002 -1.1539784e+002 -1.1352263e+002 -1.1385906e+002 -1.1203342e+002
  8.1333333e-001 -1.1808142e+002 -1.1538727e+002 -1.1359767e+002 -1.1387935e+002 -1.1197304e+002
  8.2000000e-001 -1.1804427e+002 -1.1538666e+002 -1.1361574e+002 -1.1390845e+002 -1.1202411e+002
  8.2666667e-001 -1.1799533e+002 -1.1539786e+002 -1.1357973e+002 -1.1393022e+002 -1.1201268e+002
  8.3333333e-001 -1.1794165e+002 -1.1538483e+002 -1.1355776e+002 -1.1396326e+002 -1.1207167e+002
  8.4000000e-001 -1.1791533e+002 -1.1537051e+002 -1.1355983e+002 -1.1397563e+002 -1.1253970e+002
  8.4666667e-001 -1.1790585e+002 -1.1535825e+002 -1.1356162e+002 -1.1401379e+002 -1.1201686e+002
  8.5333333e-001 -1.1788298e+002 -1.1534128e+002 -1.1356867e+002 -1.1405275e+002 -1.1214401e+002
  8.6000000e-001 -1.1784105e+002 -1.1534204e+002 -1.1356107e+002 -1.1400722e+002 -1.1266579e+002
  8.6666667e-001 -1.1779488e+002 -1.1533847e+002 -1.1357790e+002 -1.1400487e+002 -1.1220404e+002
  8.7333333e-001 -1.1775658e+002 -1.1531860e+002 -1.1360136e+002 -1.1399300e+002 -1.1216164e+002
  8.8000000e-001 -1.1772005e+002 -1.1526711e+002 -1.1363438e+002 -1.1394812e+002 -1.1264854e+002
  8.8666667e-001 -1.1766956e+002 -1.1518588e+002 -1.1362685e+002 -1.1387927e+002 -1.1268715e+002
  8.9333333e-001 -1.1758751e+002 -1.1509821e+002 -1.1360855e+002 -1.1383443e+002 -1.1270775e+002
  9.0000000e-001 -1.1752271e+002 -1.1502217e+002 -1.1359940e+002 -1.1377809e+002 -1.1272281e+002
  9.0666667e-001 -1.1745132e+002 -1.1495152e+002 -1.1356888e+002 -1.1369862e+002 -1.1275845e+002
  9.1333333e-001 -1.1742358e+002 -1.1488420e+002 -1.1354366e+002 -1.1359802e+002 -1.1280200e+002
  9.2000000e-001 -1.1740465e+002 -1.1484560e+002 -1.1352626e+002 -1.1352779e+002 -1.1287350e+002
  9.2666667e-001 -1.1741187e+002 -1.1485732e+002 -1.1354297e+002 -1.1344692e+002 -1.1303265e+002
  9.3333333e-001 -1.1738629e+002 -1.1491292e+002 -1.1357541e+002 -1.1336638e+002 -1.1299591e+002
  9.4000000e-001 -1.1737909e+002 -1.1497076e+002 -1.1360237e+002 -1.1330012e+002 -1.1310175e+002
  9.4666667e-001 -1.1737375e+002 -1.1502054e+002 -1.1359827e+002 -1.1321059e+002 -1.1325165e+002
  9.5333333e-001 -1.1732535e+002 -1.1502344e+002 -1.1355513e+002 -1.1313776e+002 -1.1324597e+002
  9.6000000e-001 -1.1728181e+002 -1.1501975e+002 -1.1349574e+002 -1.1306964e+002 -1.1335519e+002
  9.6666667e-001 -1.1724950e+002 -1.1500726e+002 -1.1347255e+002 -1.1300711e+002 -1.1345905e+002
  9.7333333e-001 -1.1723747e+002 -1.1501352e+002 -1.1341602e+002 -1.1294066e+002 -1.1354141e+002
  9.8000000e-001 -1.1723407e+002 -1.1500166e+002 -1.1336206e+002 -1.1292233e+002 -1.1360275e+002
  9.8666667e-001 -1.1726094e+002 -1.1501836e+002 -1.1333531e+002 -1.1292354e+002 -1.1367838e+002
  9.9333333e-001 -1.1729802e+002 -1.1484175e+002 -1.1328354e+002 -1.1287889e+002 -1.1375343e+002
  1.0000000e+000 -1.1732698e+002 -1.1502438e+002 -1.1326163e+002 -1.1283643e+002 -1.1377898e+002
  1.0066667e+000 -1.1736504e+002 -1.1513657e+002 -1.1327062e+002 -1.1279862e+002 -1.1383034e+002
  1.0133333e+000 -1.1741853e+002 -1.1523793e+002 -1.1328807e+002 -1.1276608e+002 -1.1382263e+002
  1.0200000e+000 -1.1744048e+002 -1.1535873e+002 -1.1328029e+002 -1.1275859e+002 -1.1379840e+002
  1.0266667e+000 -1.1746176e+002 -1.1547922e+002 -1.1328687e+002 -1.1280856e+002 -1.1376285e+002
  1.0333333e+000 -1.1749399e+002 -1.1568828e+002 -1.1328690e+002 -1.1287506e+002 -1.1373509e+002
  1.0400000e+000 -1.1747974e+002 -1.1579598e+002 -1.1329138e+002 -1.1287413e+002 -1.1373657e+002
  1.0466667e+000 -1.1746841e+002 -1.1595570e+002 -1.1332771e+002 -1.1290764e+002 -1.1372980e+002
  1.0533333e+000 -1.1746214e+002 -1.1615735e+002 -1.1339493e+002 -1.1271414e+002 -1.1373753e+002
  1.0600000e+000 -1.1746468e+002 -1.1623904e+002 -1.1347743e+002 -1.1291003e+002 -1.1377870e+002
  1.0666667e+000 -1.1751424e+002 -1.1635089e+002 -1.1357759e+002 -1.1299727e+002 -1.1383690e+002
  1.0733333e+000 -1.1759090e+002 -1.1650172e+002 -1.1364912e+002 -1.1304099e+002 -1.1390640e+002
  1.0800000e+000 -1.1765805e+002 -1.1665828e+002 -1.1371982e+002 -1.1308292e+002 -1.1397063e+002
  1.0866667e+000 -1.1774452e+002 -1.1682846e+002 -1.1380296e+002 -1.1312743e+002 -1.1402440e+002
  1.0933333e+000 -1.1779149e+002 -1.1697430e+002 -1.1387058e+002 -1.1319609e+002 -1.1409418e+002
  1.1000000e+000 -1.1782993e+002 -1.1707956e+002 -1.1394214e+002 -1.1329733e+002 -1.1414766e+002
  1.1066667e+000 -1.1786179e+002 -1.1718335e+002 -1.1401842e+002 -1.1340982e+002 -1.1420606e+002
  1.1133333e+000 -1.1788567e+002 -1.1727843e+002 -1.1408530e+002 -1.1353467e+002 -1.1428313e+002
  1.1200000e+000 -1.1791771e+002 -1.1735906e+002 -1.1419698e+002 -1.1367622e+002 -1.1435561e+002
  1.1266667e+000 -1.1799046e+002 -1.1751396e+002 -1.1431853e+002 -1.1379965e+002 -1.1446120e+002
  1.1333333e+000 -1.1807552e+002 -1.1786824e+002 -1.1445448e+002 -1.1391882e+002 -1.1455022e+002
  1.1400000e+000 -1.1817543e+002 -1.1810890e+002 -1.1461385e+002 -1.1402896e+002 -1.1464359e+002
  1.1466667e+000 -1.1830028e+002 -1.1832518e+002 -1.1475874e+002 -1.1412398e+002 -1.1473755e+002
  1.1533333e+000 -1.1843662e+002 -1.1860019e+002 -1.1487918e+002 -1.1423454e+002 -1.1481134e+002
  1.1600000e+000 -1.1857478e+002 -1.1884915e+002 -1.1502841e+002 -1.1434746e+002 -1.1488590e+002
  1.1666667e+000 -1.1867001e+002 -1.1916687e+002 -1.1516626e+002 -1.1449669e+002 -1.1500792e+002
  1.1733333e+000 -1.1883574e+002 -1.2018433e+002 -1.1533229e+002 -1.1465584e+002 -1.1512509e+002
  1.1800000e+000 -1.1903354e+002 -1.2055241e+002 -1.1554485e+002 -1.1480971e+002 -1.1523334e+002
  1.1866667e+000 -1.1924930e+002 -1.2088165e+002 -1.1579715e+002 -1.1497665e+002 -1.1535234e+002
  1.1933333e+000 -1.1948950e+002 -1.2119409e+002 -1.1629262e+002 -1.1512758e+002 -1.1544911e+002
  1.2000000e+000 -1.1970949e+002 -1.2146504e+002 -1.1642911e+002 -1.1530402e+002 -1.1553816e+002
  1.2066667e+000 -1.1989934e+002 -1.2179996e+002 -1.1652913e+002 -1.1545606e+002 -1.1562122e+002
  1.2133333e+000 -1.2005943e+002 -1.2212189e+002 -1.1676155e+002 -1.1562769e+002 -1.1569719e+002
  1.2200000e+000 -1.2019449e+002 -1.2243733e+002 -1.1689441e+002 -1.1580423e+002 -1.1576462e+002
  1.2266667e+000 -1.2030585e+002 -1.2274330e+002 -1.1709445e+002 -1.1597176e+002 -1.1586809e+002
  1.2333333e+000 -1.2044844e+002 -1.2273474e+002 -1.1734288e+002 -1.1614047e+002 -1.1595491e+002
  1.2400000e+000 -1.2059554e+002 -1.2310819e+002 -1.1760434e+002 -1.1632033e+002 -1.1604605e+002
  1.2466667e+000 -1.2080496e+002 -1.2348961e+002 -1.1782083e+002 -1.1650938e+002 -1.1613895e+002
  1.2533333e+000 -1.2102269e+002 -1.2386401e+002 -1.1799492e+002 -1.1668088e+002 -1.1621120e+002
  1.2600000e+000 -1.2127368e+002 -1.2436929e+002 -1.1818472e+002 -1.1686157e+002 -1.1626749e+002
  1.2666667e+000 -1.2155391e+002 -1.2484801e+002 -1.1845760e+002 -1.1706397e+002 -1.1635141e+002
  1.2733333e+000 -1.2178726e+002 -1.2530899e+002 -1.1858008e+002 -1.1725018e+002 -1.1641567e+002
  1.2800000e+000 -1.2196840e+002 -1.2577966e+002 -1.1876422e+002 -1.1745804e+002 -1.1649056e+002
  1.2866667e+000 -1.2207118e+002 -1.2627683e+002 -1.1887274e+002 -1.1763966e+002 -1.1652443e+002
  1.2933333e+000 -1.2195348e+002 -1.2684128e+002 -1.1898366e+002 -1.1779466e+002 -1.1655331e+002
  1.3000000e+000 -1.2210232e+002 -1.2723467e+002 -1.1906094e+002 -1.1796878e+002 -1.1659238e+002
  1.3066667e+000 -1.2230959e+002 -1.2769365e+002 -1.1922539e+002 -1.1814418e+002 -1.1661844e+002
  1.3133333e+000 -1.2244678e+002 -1.2810960e+002 -1.1932254e+002 -1.1830066e+002 -1.1665120e+002
  1.3200000e+000 -1.2264432e+002 -1.2852174e+002 -1.1939844e+002 -1.1845148e+002 -1.1669603e+002
  1.3266667e+000 -1.2290254e+002 -1.2889113e+002 -1.1952582e+002 -1.1856100e+002 -1.1673000e+002
  1.3333333e+000 -1.2315691e+002 -1.2921584e+002 -1.1972328e+002 -1.1863261e+002 -1.1677399e+002
  1.3400000e+000 -1.2338895e+002 -1.2954114e+002 -1.1981493e+002 -1.1871283e+002 -1.1680231e+002
  1.3466667e+000 -1.2356639e+002 -1.2981708e+002 -1.1985513e+002 -1.1878883e+002 -1.1686333e+002
  1.3533333e+000 -1.2373700e+002 -1.3012032e+002 -1.1990674e+002 -1.1887798e+002 -1.1694733e+002
  1.3600000e+000 -1.2395396e+002 -1.3020344e+002 -1.2005742e+002 -1.1897746e+002 -1.1701578e+002
  1.3666667e+000 -1.2402783e+002 -1.3044489e+002 -1.2020184e+002 -1.1910898e+002 -1.1710101e+002
  1.3733333e+000 -1.2419473e+002 -1.3064279e+002 -1.2026990e+002 -1.1926845e+002 -1.1719273e+002
  1.3800000e+000 -1.2436874e+002 -1.3080959e+002 -1.2033781e+002 -1.1939511e+002 -1.1727289e+002
  1.3866667e+000 -1.2447405e+002 -1.3095131e+002 -1.2032468e+002 -1.1949573e+002 -1.1734581e+002
  1.3933333e+000 -1.2472324e+002 -1.3103836e+002 -1.2044061e+002 -1.1958603e+002 -1.1745264e+002
  1.4000000e+000 -1.2499945e+002 -1.3114040e+002 -1.2048232e+002 -1.1965999e+002 -1.1754067e+002
  1.4066667e+000 -1.2522649e+002 -1.3122266e+002 -1.2057646e+002 -1.1974867e+002 -1.1764948e+002
  1.4133333e+000 -1.2550450e+002 -1.3136972e+002 -1.2070615e+002 -1.1985001e+002 -1.1776433e+002
  1.4200000e+000 -1.2567711e+002 -1.3142160e+002 -1.2087732e+002 -1.1995740e+002 -1.1785288e+002
  1.4266667e+000 -1.2572224e+002 -1.3158981e+002 -1.2101453e+002 -1.2004654e+002 -1.1795487e+002
  1.4333333e+000 -1.2571768e+002 -1.3176143e+002 -1.2102231e+002 -1.2015184e+002 -1.1805855e+002
  1.4400000e+000 -1.2570120e+002 -1.3190352e+002 -1.2113930e+002 -1.2023744e+002 -1.1815035e+002
  1.4466667e+000 -1.2628830e+002 -1.3201921e+002 -1.2128784e+002 -1.2032517e+002 -1.1821538e+002
  1.4533333e+000 -1.2622238e+002 -1.3212425e+002 -1.2148903e+002 -1.2040649e+002 -1.1849976e+002
  1.4600000e+000 -1.2611350e+002 -1.3221295e+002 -1.2149979e+002 -1.2046401e+002 -1.1864305e+002
  1.4666667e+000 -1.2605533e+002 -1.3236368e+002 -1.2164868e+002 -1.2053168e+002 -1.1870395e+002
  1.4733333e+000 -1.2603449e+002 -1.3235529e+002 -1.2178125e+002 -1.2058394e+002 -1.1877954e+002
  1.4800000e+000 -1.2611011e+002 -1.3243955e+002 -1.2189386e+002 -1.2069167e+002 -1.1883626e+002
  1.4866667e+000 -1.2622478e+002 -1.3249341e+002 -1.2204533e+002 -1.2071268e+002 -1.1895180e+002
  1.4933333e+000 -1.2632445e+002 -1.3251569e+002 -1.2212907e+002 -1.2073445e+002 -1.1905144e+002
  1.5000000e+000 -1.2643246e+002 -1.3262318e+002 -1.2226860e+002 -1.2107398e+002 -1.1905676e+002
  1.5066667e+000 -1.2661020e+002 -1.3275617e+002 -1.2239641e+002 -1.2111638e+002 -1.1913272e+002
  1.5133333e+000 -1.2639726e+002 -1.3283754e+002 -1.2330769e+002 -1.2124596e+002 -1.1919807e+002
  1.5200000e+000 -1.2652667e+002 -1.3294163e+002 -1.2342746e+002 -1.2140636e+002 -1.1921167e+002
  1.5266667e+000 -1.2667235e+002 -1.3307257e+002 -1.2352287e+002 -1.2158035e+002 -1.1930864e+002
  1.5333333e+000 -1.2677365e+002 -1.3316548e+002 -1.2360515e+002 -1.2168500e+002 -1.1936487e+002
  1.5400000e+000 -1.2677570e+002 -1.3316808e+002 -1.2371874e+002 -1.2175530e+002 -1.1943506e+002
  1.5466667e+000 -1.2673415e+002 -1.3318497e+002 -1.2383743e+002 -1.2193167e+002 -1.1943738e+002
  1.5533333e+000 -1.2679968e+002 -1.3321158e+002 -1.2393489e+002 -1.2205743e+002 -1.1948625e+002
  1.5600000e+000 -1.2696585e+002 -1.3322257e+002 -1.2404540e+002 -1.2182124e+002 -1.1947157e+002
  1.5666667e+000 -1.2704443e+002 -1.3322314e+002 -1.2416220e+002 -1.2240398e+002 -1.1980684e+002
  1.5733333e+000 -1.2716156e+002 -1.3330760e+002 -1.2425559e+002 -1.2254732e+002 -1.1983760e+002
  1.5800000e+000 -1.2767928e+002 -1.3329910e+002 -1.2437500e+002 -1.2266081e+002 -1.1987428e+002
  1.5866667e+000 -1.2776335e+002 -1.3322902e+002 -1.2444067e+002 -1.2267418e+002 -1.1980826e+002
  1.5933333e+000 -1.2801617e+002 -1.3318863e+002 -1.2448108e+002 -1.2282832e+002 -1.1966007e+002
  1.6000000e+000 -1.2803339e+002 -1.3297417e+002 -1.2481790e+002 -1.2295952e+002 -1.1972932e+002
  1.6066667e+000 -1.2805188e+002 -1.3286031e+002 -1.2487473e+002 -1.2310008e+002 -1.1991989e+002
  1.6133333e+000 -1.2810704e+002 -1.3284726e+002 -1.2491496e+002 -1.2317685e+002 -1.1998381e+002
  1.6200000e+000 -1.2814455e+002 -1.3294849e+002 -1.2490152e+002 -1.2324023e+002 -1.1993942e+002
  1.6266667e+000 -1.2829810e+002 -1.3295206e+002 -1.2479247e+002 -1.2341180e+002 -1.2005873e+002
  1.6333333e+000 -1.2838599e+002 -1.3309911e+002 -1.2474435e+002 -1.2350850e+002 -1.2009772e+002
  1.6400000e+000 -1.2844847e+002 -1.3310922e+002 -1.2469847e+002 -1.2356798e+002 -1.2002124e+002
  1.6466667e+000 -1.2852686e+002 -1.3344656e+002 -1.2465413e+002 -1.2351617e+002 -1.2022269e+002
  1.6533333e+000 -1.2851207e+002 -1.3341574e+002 -1.2460878e+002 -1.2359982e+002 -1.2029188e+002
  1.6600000e+000 -1.2799461e+002 -1.3332881e+002 -1.2459415e+002 -1.2360635e+002 -1.2025069e+002
  1.6666667e+000 -1.2819385e+002 -1.3341057e+002 -1.2458556e+002 -1.2362978e+002 -1.2023566e+002
  1.6733333e+000 -1.2825438e+002 -1.3345900e+002 -1.2456039e+002 -1.2365352e+002 -1.2035454e+002
  1.6800000e+000 -1.2838295e+002 -1.3369740e+002 -1.2452797e+002 -1.2440424e+002 -1.2029962e+002
  1.6866667e+000 -1.2835361e+002 -1.3374251e+002 -1.2462010e+002 -1.2438730e+002 -1.2031158e+002
  1.6933333e+000 -1.2834134e+002 -1.3361035e+002 -1.2463294e+002 -1.2439912e+002 -1.2038571e+002
  1.7000000e+000 -1.2815472e+002 -1.3371341e+002 -1.2459819e+002 -1.2431850e+002 -1.2037294e+002
  1.7066667e+000 -1.2819144e+002 -1.3377728e+002 -1.2458086e+002 -1.2428886e+002 -1.2037839e+002
  1.7133333e+000 -1.2825323e+002 -1.3379977e+002 -1.2439031e+002 -1.2428597e+002 -1.2034518e+002
  1.7200000e+000 -1.2820460e+002 -1.3381445e+002 -1.2438562e+002 -1.2427583e+002 -1.2041206e+002
  1.7266667e+000 -1.2850784e+002 -1.3386646e+002 -1.2437598e+002 -1.2426296e+002 -1.2045052e+002
  1.7333333e+000 -1.2877940e+002 -1.3385350e+002 -1.2434161e+002 -1.2424025e+002 -1.2142047e+002
  1.7400000e+000 -1.2880353e+002 -1.3387723e+002 -1.2432050e+002 -1.2365106e+002 -1.2126805e+002
  1.7466667e+000 -1.2863269e+002 -1.3390124e+002 -1.2431050e+002 -1.2356346e+002 -1.2105608e+002
  1.7533333e+000 -1.2860158e+002 -1.3394196e+002 -1.2430440e+002 -1.2350249e+002 -1.2110947e+002
  1.7600000e+000 -1.2859581e+002 -1.3393413e+002 -1.2432340e+002 -1.2360614e+002 -1.2119208e+002
  1.7666667e+000 -1.2860138e+002 -1.3394334e+002 -1.2432022e+002 -1.2355510e+002 -1.2123068e+002
  1.7733333e+000 -1.2860698e+002 -1.3396425e+002 -1.2431058e+002 -1.2402379e+002 -1.2125737e+002
  1.7800000e+000 -1.2821031e+002 -1.3393781e+002 -1.2433495e+002 -1.2400446e+002 -1.2122595e+002
  1.7866667e+000 -1.2821442e+002 -1.3380653e+002 -1.2432323e+002 -1.2396704e+002 -1.2121896e+002
  1.7933333e+000 -1.2827954e+002 -1.3415831e+002 -1.2431766e+002 -1.2394961e+002 -1.2121423e+002
  1.8000000e+000 -1.2825168e+002 -1.3405318e+002 -1.2431265e+002 -1.2398369e+002 -1.2118694e+002
  1.8066667e+000 -1.2830104e+002 -1.3385147e+002 -1.2429697e+002 -1.2388031e+002 -1.2116252e+002
  1.8133333e+000 -1.2827004e+002 -1.3355438e+002 -1.2425006e+002 -1.2384549e+002 -1.2113827e+002
  1.8200000e+000 -1.2825293e+002 -1.3342322e+002 -1.2420447e+002 -1.2385790e+002 -1.2115569e+002
  1.8266667e+000 -1.2824269e+002 -1.3336386e+002 -1.2420137e+002 -1.2384728e+002 -1.2115340e+002
  1.8333333e+000 -1.2828928e+002 -1.3319437e+002 -1.2418799e+002 -1.2384645e+002 -1.2111984e+002
  1.8400000e+000 -1.2826765e+002 -1.3304215e+002 -1.2418263e+002 -1.2381946e+002 -1.2108490e+002
  1.8466667e+000 -1.2824902e+002 -1.3283722e+002 -1.2412502e+002 -1.2379593e+002 -1.2106711e+002
  1.8533333e+000 -1.2850940e+002 -1.3277016e+002 -1.2405920e+002 -1.2311015e+002 -1.2104060e+002
  1.8600000e+000 -1.2852313e+002 -1.3271724e+002 -1.2420053e+002 -1.2304327e+002 -1.2100317e+002
  1.8666667e+000 -1.2849385e+002 -1.3258978e+002 -1.2417465e+002 -1.2310286e+002 -1.2096329e+002
  1.8733333e+000 -1.2848612e+002 -1.3241298e+002 -1.2411630e+002 -1.2310544e+002 -1.2092177e+002
  1.8800000e+000 -1.2846945e+002 -1.3220931e+002 -1.2409564e+002 -1.2302838e+002 -1.2091579e+002
  1.8866667e+000 -1.2844823e+002 -1.3197533e+002 -1.2392825e+002 -1.2296285e+002 -1.2089713e+002
  1.8933333e+000 -1.2844115e+002 -1.3181850e+002 -1.2388530e+002 -1.2293160e+002 -1.2087183e+002
  1.9000000e+000 -1.2841284e+002 -1.3155595e+002 -1.2384703e+002 -1.2291438e+002 -1.2085901e+002
  1.9066667e+000 -1.2838976e+002 -1.3134966e+002 -1.2380135e+002 -1.2288747e+002 -1.2082166e+002
  1.9133333e+000 -1.2839063e+002 -1.3113123e+002 -1.2372662e+002 -1.2287807e+002 -1.2081352e+002
  1.9200000e+000 -1.2838855e+002 -1.3088251e+002 -1.2367851e+002 -1.2281764e+002 -1.2080795e+002
  1.9266667e+000 -1.2836003e+002 -1.3068378e+002 -1.2363162e+002 -1.2285646e+002 -1.2081107e+002
  1.9333333e+000 -1.2830974e+002 -1.3040472e+002 -1.2357428e+002 -1.2286652e+002 -1.2084221e+002
  1.9400000e+000 -1.2827040e+002 -1.3008310e+002 -1.2354817e+002 -1.2278398e+002 -1.2098425e+002
  1.9466667e+000 -1.2823637e+002 -1.2986314e+002 -1.2367911e+002 -1.2284389e+002 -1.2087915e+002
  1.9533333e+000 -1.2787202e+002 -1.2995756e+002 -1.2345850e+002 -1.2282976e+002 -1.2084943e+002
  1.9600000e+000 -1.2789593e+002 -1.2979513e+002 -1.2345248e+002 -1.2282042e+002 -1.2088403e+002
  1.9666667e+000 -1.2788532e+002 -1.2927000e+002 -1.2338913e+002 -1.2288689e+002 -1.2067082e+002
  1.9733333e+000 -1.2779944e+002 -1.2895677e+002 -1.2333742e+002 -1.2289648e+002 -1.2077123e+002
  1.9800000e+000 -1.2771597e+002 -1.2868709e+002 -1.2306273e+002 -1.2306097e+002 -1.2078546e+002
  1.9866667e+000 -1.2835651e+002 -1.2834102e+002 -1.2306393e+002 -1.2293607e+002 -1.2076611e+002
  1.9933333e+000 -1.2808308e+002 -1.2799178e+002 -1.2300746e+002 -1.2296527e+002 -1.2074208e+002
  2.0000000e+000 -1.2796626e+002 -1.2757808e+002 -1.2291519e+002 -1.2280092e+002 -1.2072177e+002
