 -5.0000000e-001  4.4031300e+000 -2.9516300e-001 -3.8497900e-001 -5.6778700e-001 -8.7475400e-001
 -4.9333333e-001  4.4194680e+000 -3.0694000e-001 -3.8082600e-001 -5.6097800e-001 -8.8226100e-001
 -4.8666667e-001  4.4343230e+000 -2.9917700e-001 -3.8671300e-001 -5.6580000e-001 -8.9232900e-001
 -4.8000000e-001  4.4283180e+000 -2.9300500e-001 -3.9345800e-001 -5.6906100e-001 -9.1480700e-001
 -4.7333333e-001  4.4338800e+000 -3.0309900e-001 -3.8438900e-001 -5.7666500e-001 -9.1139000e-001
 -4.6666667e-001  4.4514100e+000 -3.0063800e-001 -4.0084500e-001 -5.7256600e-001 -9.3776000e-001
 -4.6000000e-001  4.4649510e+000 -2.9547800e-001 -3.9845900e-001 -5.7561200e-001 -9.3344800e-001
 -4.5333333e-001  4.4784040e+000 -2.6992400e-001 -3.8828800e-001 -5.5384300e-001 -9.6523700e-001
 -4.4666667e-001  4.4894900e+000 -2.7184400e-001 -3.9131900e-001 -5.2328200e-001 -9.8293400e-001
 -4.4000000e-001  4.4920390e+000 -2.5857000e-001 -3.9330000e-001 -5.1916800e-001 -9.7552200e-001
 -4.3333333e-001  4.5190990e+000 -2.6535100e-001 -3.9570100e-001 -5.1363600e-001 -1.0101500e+000
 -4.2666667e-001  4.5215650e+000 -2.7823500e-001 -3.8857200e-001 -4.9570500e-001 -1.0084490e+000
 -4.2000000e-001  4.5351880e+000 -2.6983700e-001 -3.9514600e-001 -4.7979100e-001 -1.0064210e+000
 -4.1333333e-001  4.5412480e+000 -2.8320100e-001 -4.0790200e-001 -4.5916300e-001 -1.0235130e+000
 -4.0666667e-001  4.5438930e+000 -2.7158700e-001 -3.8335300e-001 -4.4636200e-001 -1.0329200e+000
 -4.0000000e-001  4.5547270e+000 -2.5933800e-001 -3.8488700e-001 -4.7376200e-001 -1.0242880e+000
 -3.9333333e-001  4.5603420e+000 -2.5454200e-001 -4.0110600e-001 -4.7570800e-001 -1.0100210e+000
 -3.8666667e-001  4.5613210e+000 -2.5338100e-001 -3.9285300e-001 -4.8437900e-001 -1.0115120e+000
 -3.8000000e-001  4.5600250e+000 -2.5418600e-001 -3.8306400e-001 -4.8900400e-001 -9.9636200e-001
 -3.7333333e-001  4.5862150e+000 -2.2679000e-001 -3.9740600e-001 -4.7262900e-001 -9.9950900e-001
 -3.6666667e-001  4.6167090e+000 -2.4987700e-001 -3.8054000e-001 -4.7871300e-001 -1.0123460e+000
 -3.6000000e-001  4.6443110e+000 -2.4577400e-001 -3.8767800e-001 -4.9381200e-001 -1.0324570e+000
 -3.5333333e-001  4.6788430e+000 -2.3337000e-001 -3.8098600e-001 -4.9615200e-001 -1.0387950e+000
 -3.4666667e-001  4.7191800e+000 -2.2742900e-001 -3.7560900e-001 -4.9391800e-001 -1.0355170e+000
 -3.4000000e-001  4.7687410e+000 -2.3570700e-001 -3.9426600e-001 -4.9888500e-001 -1.0307330e+000
 -3.3333333e-001  4.8279710e+000 -2.3707700e-001 -4.0986200e-001 -4.9963400e-001 -1.0388040e+000
 -3.2666667e-001  4.8697160e+000 -2.1592400e-001 -3.8521000e-001 -5.1676800e-001 -1.0344660e+000
 -3.2000000e-001  4.9049320e+000 -2.2533700e-001 -3.8769600e-001 -5.0062900e-001 -1.0517470e+000
 -3.1333333e-001  4.9420410e+000 -2.2697300e-001 -3.7241300e-001 -5.2538500e-001 -1.0226150e+000
 -3.0666667e-001  4.9897670e+000 -2.1760200e-001 -3.8983300e-001 -5.3236000e-001 -1.0093590e+000
 -3.0000000e-001  5.0391960e+000 -2.1297900e-001 -3.7821700e-001 -5.3827700e-001 -9.7232300e-001
 -2.9333333e-001  5.0950840e+000 -2.2409700e-001 -3.9179500e-001 -5.2360400e-001 -9.6578400e-001
 -2.8666667e-001  5.1124390e+000 -2.1670600e-001 -3.8152000e-001 -5.4430300e-001 -9.5508100e-001
 -2.8000000e-001  5.1546010e+000 -2.1895800e-001 -3.7165000e-001 -5.4736800e-001 -8.9326400e-001
 -2.7333333e-001  5.1830600e+000 -2.2908900e-001 -3.7952000e-001 -5.5003600e-001 -8.7035900e-001
 -2.6666667e-001  5.1910140e+000 -2.2840700e-001 -3.8319600e-001 -5.7077300e-001 -8.5483700e-001
 -2.6000000e-001  5.2179770e+000 -2.3574900e-001 -3.9612400e-001 -5.6382800e-001 -8.4171500e-001
 -2.5333333e-001  5.2299010e+000 -2.1405100e-001 -3.9476000e-001 -5.6913100e-001 -8.3090100e-001
 -2.4666667e-001  5.2489330e+000 -2.0232400e-001 -3.9624400e-001 -5.8060600e-001 -8.0036700e-001
 -2.4000000e-001  5.2690010e+000 -1.9378200e-001 -4.0125600e-001 -5.9000700e-001 -7.9529800e-001
 -2.3333333e-001  5.2769610e+000 -2.0525400e-001 -4.1758400e-001 -5.8268000e-001 -8.0082400e-001
 -2.2666667e-001  5.2875020e+000 -1.9819600e-001 -4.0627600e-001 -6.0493400e-001 -8.0317100e-001
 -2.2000000e-001  5.2812440e+000 -1.8016700e-001 -4.0159400e-001 -6.0994300e-001 -8.0640000e-001
 -2.1333333e-001  5.2741100e+000 -1.6473700e-001 -4.2675100e-001 -6.0261100e-001 -8.1001400e-001
 -2.0666667e-001  5.2772940e+000 -1.5544600e-001 -4.2611300e-001 -6.1633600e-001 -8.0107700e-001
 -2.0000000e-001  5.2591320e+000 -1.6346600e-001 -4.2619000e-001 -6.0682100e-001 -8.3349300e-001
 -1.9333333e-001  5.2535400e+000 -1.6034300e-001 -4.3740300e-001 -6.0878700e-001 -8.2770900e-001
 -1.8666667e-001  5.2497220e+000 -1.5191500e-001 -4.4451300e-001 -6.1315200e-001 -8.2085100e-001
 -1.8000000e-001  5.2278950e+000 -1.4498800e-001 -4.2699600e-001 -6.2366800e-001 -8.6785200e-001
 -1.7333333e-001  5.2041840e+000 -1.5314000e-001 -4.3481100e-001 -6.1931300e-001 -8.7187900e-001
 -1.6666667e-001  5.1812650e+000 -1.6690100e-001 -4.1470200e-001 -6.0204300e-001 -8.7944800e-001
 -1.6000000e-001  5.1493010e+000 -1.8522000e-001 -4.0810400e-001 -6.3151900e-001 -9.0149000e-001
 -1.5333333e-001  5.1039670e+000 -1.9754200e-001 -4.0297700e-001 -6.2218000e-001 -9.1492600e-001
 -1.4666667e-001  5.0493020e+000 -1.9360000e-001 -4.0564800e-001 -6.2452700e-001 -9.5139200e-001
 -1.4000000e-001  5.0269570e+000 -1.9300500e-001 -3.9427700e-001 -6.3380200e-001 -9.5886100e-001
 -1.3333333e-001  5.0084720e+000 -2.0102200e-001 -3.8209600e-001 -6.3268600e-001 -9.8341900e-001
 -1.2666667e-001  4.9812730e+000 -2.1990900e-001 -3.8836700e-001 -6.2772600e-001 -9.9718200e-001
 -1.2000000e-001  4.9412870e+000 -2.2241500e-001 -3.8007700e-001 -6.2924000e-001 -1.0004520e+000
 -1.1333333e-001  4.9410750e+000 -2.2726200e-001 -3.9416300e-001 -6.3392600e-001 -1.0072210e+000
 -1.0666667e-001  4.9253770e+000 -2.1357600e-001 -3.8365700e-001 -6.4492600e-001 -1.0136220e+000
 -1.0000000e-001  4.8721120e+000 -2.3350400e-001 -3.8541500e-001 -6.3748800e-001 -1.0011120e+000
 -9.3333333e-002  4.8458630e+000 -2.2777700e-001 -4.0120400e-001 -6.4488400e-001 -1.0402040e+000
 -8.6666667e-002  4.8053980e+000 -2.2903700e-001 -4.0447400e-001 -6.6873100e-001 -1.0254910e+000
 -8.0000000e-002  4.7583410e+000 -2.1999000e-001 -4.0649400e-001 -6.7019400e-001 -1.0125950e+000
 -7.3333333e-002  4.7472280e+000 -2.2900500e-001 -4.0984300e-001 -6.7786600e-001 -1.0188850e+000
 -6.6666667e-002  4.7383880e+000 -2.1248900e-001 -4.1976700e-001 -6.6897400e-001 -1.0205690e+000
 -6.0000000e-002  4.7386370e+000 -2.0215900e-001 -4.2997400e-001 -6.7323400e-001 -1.0142530e+000
 -5.3333333e-002  4.7437140e+000 -2.0548200e-001 -4.3111800e-001 -6.9322900e-001 -1.0128520e+000
 -4.6666667e-002  4.7479920e+000 -2.0289800e-001 -4.1763500e-001 -7.1090300e-001 -1.0220850e+000
 -4.0000000e-002  4.7625390e+000 -2.0001900e-001 -4.1671700e-001 -7.3775600e-001 -1.0164220e+000
 -3.3333333e-002  4.7832630e+000 -2.0213300e-001 -4.2652300e-001 -7.0974100e-001 -1.0126950e+000
 -2.6666667e-002  4.8159750e+000 -2.0724100e-001 -4.2069500e-001 -7.1743900e-001 -1.0153050e+000
 -2.0000000e-002  4.8523580e+000 -1.8702400e-001 -4.1921700e-001 -7.3709000e-001 -1.0238890e+000
 -1.3333333e-002  4.9003200e+000 -1.9370000e-001 -4.1033100e-001 -7.3569900e-001 -1.0090360e+000
 -6.6666667e-003  4.9585880e+000 -1.9435000e-001 -3.9676300e-001 -7.1708800e-001 -1.0073560e+000
  0.0000000e+000  5.0418710e+000 -1.7388000e-001 -3.8417000e-001 -6.9216500e-001 -1.0022490e+000
  6.6666667e-003  5.0990290e+000 -1.2736400e-001 -3.5460600e-001 -6.6180900e-001 -9.5020800e-001
  1.3333333e-002  5.2087250e+000 -8.5788000e-002 -3.1172600e-001 -6.0734500e-001 -9.2171400e-001
  2.0000000e-002  5.2795650e+000 -1.3353000e-002 -2.6215400e-001 -5.8912100e-001 -8.8253100e-001
  2.6666667e-002  5.3576010e+000  3.2218000e-002 -2.2446100e-001 -5.6378700e-001 -8.5121900e-001
  3.3333333e-002  5.4248950e+000  7.5232000e-002 -1.6309100e-001 -5.6902500e-001 -8.3758700e-001
  4.0000000e-002  5.4770330e+000  1.2589000e-001 -1.2938600e-001 -5.7749100e-001 -8.1202300e-001
  4.6666667e-002  5.5202610e+000  1.2367500e-001 -1.1452200e-001 -5.9367100e-001 -8.0062700e-001
  5.3333333e-002  5.5663240e+000  1.1920900e-001 -1.0077500e-001 -6.2792900e-001 -8.2135500e-001
  6.0000000e-002  5.5592170e+000  1.2554700e-001 -8.8551000e-002 -6.3100700e-001 -8.3175000e-001
  6.6666667e-002  5.5553780e+000  9.3680000e-002 -7.0871000e-002 -6.1422100e-001 -8.4067000e-001
  7.3333333e-002  5.5412000e+000  1.2242400e-001 -5.5706000e-002 -6.1248600e-001 -8.6025700e-001
  8.0000000e-002  5.5345940e+000  1.5391400e-001 -3.1414000e-002 -6.1377500e-001 -8.4431700e-001
  8.6666667e-002  5.5252460e+000  1.6897400e-001 -1.9472000e-002 -6.3404600e-001 -8.4032300e-001
  9.3333333e-002  5.4959160e+000  1.9036300e-001  1.9460000e-003 -6.2065400e-001 -8.5719900e-001
  1.0000000e-001  5.4938250e+000  1.8766600e-001  1.7219000e-002 -6.3828600e-001 -8.8498900e-001
  1.0666667e-001  5.4737420e+000  2.0475500e-001  4.1820000e-003 -6.8444100e-001 -9.0086600e-001
  1.1333333e-001  5.4438300e+000  1.9622100e-001  2.9540000e-003 -7.2425700e-001 -9.4362500e-001
  1.2000000e-001  5.4405970e+000  1.8884600e-001  2.2490000e-003 -7.6227000e-001 -9.6561100e-001
  1.2666667e-001  5.4302310e+000  1.8495900e-001 -6.3150000e-003 -8.0159400e-001 -9.9635800e-001
  1.3333333e-001  5.5032240e+000  2.0755500e-001 -5.3253000e-002 -8.5932100e-001 -1.0292660e+000
  1.4000000e-001  5.5440890e+000  2.3889900e-001 -7.3594000e-002 -9.1964100e-001 -1.0657430e+000
  1.4666667e-001  5.6405480e+000  2.4240800e-001 -1.1898700e-001 -9.7252200e-001 -1.0853070e+000
  1.5333333e-001  5.6715900e+000  2.6826000e-001 -1.3539100e-001 -1.0068710e+000 -1.1344650e+000
  1.6000000e-001  5.6986860e+000  3.0897100e-001 -1.6682800e-001 -1.0051140e+000 -1.1513440e+000
  1.6666667e-001  5.7363900e+000  3.4676600e-001 -1.2088200e-001 -9.8977300e-001 -1.1450510e+000
  1.7333333e-001  5.8315770e+000  3.9993600e-001 -1.4552900e-001 -1.0045810e+000 -1.1451760e+000
  1.8000000e-001  5.9182180e+000  4.2697900e-001 -1.4906000e-001 -1.0306210e+000 -1.1841080e+000
  1.8666667e-001  6.0222570e+000  4.7736200e-001 -1.8206700e-001 -1.0553720e+000 -1.2054170e+000
  1.9333333e-001  6.0787950e+000  5.4287800e-001 -2.1256200e-001 -1.1308130e+000 -1.2476670e+000
  2.0000000e-001  6.1169900e+000  5.9035600e-001 -2.4633900e-001 -1.1756520e+000 -1.3156580e+000
  2.0666667e-001  6.1398900e+000  6.1053200e-001 -2.9506800e-001 -1.2643900e+000 -1.3763560e+000
  2.1333333e-001  6.1975140e+000  6.1384100e-001 -3.2798400e-001 -1.3294330e+000 -1.4628050e+000
  2.2000000e-001  6.2880660e+000  5.8469700e-001 -3.3301700e-001 -1.3864800e+000 -1.5364570e+000
  2.2666667e-001  6.4232300e+000  5.9655300e-001 -3.4543900e-001 -1.4265840e+000 -1.6048650e+000
  2.3333333e-001  6.5577020e+000  6.1644300e-001 -2.9216200e-001 -1.4891710e+000 -1.6793120e+000
  2.4000000e-001  6.6982250e+000  6.2250600e-001 -2.6430300e-001 -1.5959650e+000 -1.7397800e+000
  2.4666667e-001  6.8420870e+000  6.5172700e-001 -2.4948400e-001 -1.7159160e+000 -1.7869410e+000
  2.5333333e-001  6.9686880e+000  6.5876000e-001 -2.3578200e-001 -1.8562540e+000 -1.8415340e+000
  2.6000000e-001  7.0973590e+000  6.6396300e-001 -2.2749500e-001 -1.9769500e+000 -1.8985970e+000
  2.6666667e-001  7.2288830e+000  6.8678400e-001 -2.0663100e-001 -2.0975310e+000 -1.9628850e+000
  2.7333333e-001  7.3042360e+000  7.4928200e-001 -1.6496000e-001 -2.2147910e+000 -2.0303340e+000
  2.8000000e-001  7.3452770e+000  7.7547700e-001 -1.1934900e-001 -2.3311540e+000 -2.0794760e+000
  2.8666667e-001  7.3708710e+000  8.0704600e-001 -7.2004000e-002 -2.4323610e+000 -2.1389230e+000
  2.9333333e-001  7.3852040e+000  8.2484800e-001  2.4740000e-003 -2.5483770e+000 -2.1932130e+000
  3.0000000e-001  7.4607890e+000  8.6845900e-001  6.6994000e-002 -2.6291740e+000 -2.2349870e+000
  3.0666667e-001  7.5602210e+000  9.2659900e-001  1.0251600e-001 -2.7742360e+000 -2.2606160e+000
  3.1333333e-001  7.6614380e+000  9.7924900e-001  9.7248000e-002 -2.8691950e+000 -2.3041740e+000
  3.2000000e-001  7.7209460e+000  9.9665800e-001  3.4109000e-002 -3.0256510e+000 -2.3961270e+000
  3.2666667e-001  7.7913930e+000  9.4494400e-001 -3.1766000e-002 -3.2312390e+000 -2.4779730e+000
  3.3333333e-001  7.9269990e+000  9.1043700e-001 -1.1415500e-001 -3.3911350e+000 -2.6006970e+000
  3.4000000e-001  8.0611580e+000  8.4168700e-001 -2.4669000e-001 -3.6007790e+000 -2.7653470e+000
  3.4666667e-001  8.1716020e+000  7.3929300e-001 -3.7196000e-001 -3.8453650e+000 -2.9294500e+000
  3.5333333e-001  8.2481730e+000  6.2930700e-001 -6.1447500e-001 -4.0577900e+000 -3.0644400e+000
  3.6000000e-001  8.7704590e+000  5.0209700e-001 -8.5828300e-001 -4.2137630e+000 -3.2517790e+000
  3.6666667e-001  8.8510460e+000  3.9450500e-001 -1.0848970e+000 -4.3774900e+000 -3.4675800e+000
  3.7333333e-001  8.2883350e+000  3.2067500e-001 -1.3559970e+000 -4.5465430e+000 -3.6425450e+000
  3.8000000e-001  8.2527130e+000  2.3225400e-001 -1.6061620e+000 -4.6791770e+000 -3.8483920e+000
  3.8666667e-001  8.2431990e+000  1.3117300e-001 -1.8161890e+000 -4.7955400e+000 -4.0949040e+000
  3.9333333e-001  8.7650200e+000  4.3922000e-002 -2.0601570e+000 -4.9067030e+000 -4.2998340e+000
  4.0000000e-001  8.7571390e+000  1.0030000e-002 -2.3267240e+000 -5.0308590e+000 -4.4743990e+000
  4.0666667e-001  8.7682470e+000 -2.0838000e-002 -2.6352570e+000 -5.1850050e+000 -4.6110660e+000
  4.1333333e-001  8.8198870e+000 -6.8004000e-002 -2.9141020e+000 -5.2905240e+000 -4.7043440e+000
  4.2000000e-001  8.8573360e+000 -9.1425000e-002 -3.1602820e+000 -5.4703300e+000 -4.8223710e+000
  4.2666667e-001  8.7158280e+000 -1.7533300e-001 -3.4252450e+000 -5.6473980e+000 -4.8832450e+000
  4.3333333e-001  8.6951260e+000 -2.6644500e-001 -3.6141750e+000 -5.7185400e+000 -4.8833480e+000
  4.4000000e-001  8.5863010e+000 -3.2272700e-001 -3.7695410e+000 -5.8508180e+000 -4.9105720e+000
  4.4666667e-001  8.3586100e+000 -3.2885300e-001 -3.8708840e+000 -5.9628890e+000 -4.9229520e+000
  4.5333333e-001  8.2373870e+000 -3.6750400e-001 -3.9577710e+000 -6.0565110e+000 -4.9296760e+000
  4.6000000e-001  8.0740790e+000 -3.6981500e-001 -3.9936570e+000 -6.1847850e+000 -4.9961570e+000
  4.6666667e-001  7.9597820e+000 -3.7417200e-001 -4.0669250e+000 -6.2330400e+000 -5.0470290e+000
  4.7333333e-001  7.9233940e+000 -3.9255800e-001 -4.1031820e+000 -6.2981010e+000 -5.1091840e+000
  4.8000000e-001  7.8849250e+000 -3.7694300e-001 -4.1096820e+000 -6.3214310e+000 -5.1796950e+000
  4.8666667e-001  7.9835140e+000  2.0655200e-001 -4.1535930e+000 -6.3917570e+000 -5.2416360e+000
  4.9333333e-001  7.9920380e+000  1.9963700e-001 -4.1957350e+000 -6.3845620e+000 -5.3053010e+000
  5.0000000e-001  7.8649600e+000 -4.6719100e-001 -4.1859880e+000 -6.4134440e+000 -5.3471830e+000
  5.0666667e-001  7.8291550e+000  6.7689000e-002 -4.2203180e+000 -6.3796930e+000 -5.3562310e+000
  5.1333333e-001  7.6958150e+000  4.1914000e-002 -4.2952710e+000 -6.3238820e+000 -5.3949110e+000
  5.2000000e-001  7.5405610e+000  5.0679000e-002 -3.7996250e+000 -6.2696330e+000 -5.4377670e+000
  5.2666667e-001  7.3268920e+000  6.7644000e-002 -3.8803530e+000 -6.2481580e+000 -5.4622230e+000
  5.3333333e-001  7.2272100e+000  9.0385000e-002 -4.4804790e+000 -6.2134980e+000 -5.5087690e+000
  5.4000000e-001  7.0800870e+000  1.0602100e-001 -4.0413200e+000 -6.2261460e+000 -5.5444190e+000
  5.4666667e-001  6.9864410e+000  1.0573200e-001 -4.0649680e+000 -6.2815380e+000 -5.5912330e+000
  5.5333333e-001  6.9556160e+000  1.3337300e-001 -4.0611950e+000 -6.3266410e+000 -5.6391820e+000
  5.6000000e-001  6.8810820e+000  1.1181400e-001 -4.0572040e+000 -6.3591950e+000 -5.6808290e+000
  5.6666667e-001  6.7970480e+000  1.5641200e-001 -3.9665050e+000 -6.3908170e+000 -5.7175560e+000
  5.7333333e-001  6.7087530e+000  2.2629100e-001 -3.8682430e+000 -6.4258050e+000 -5.7802230e+000
  5.8000000e-001  6.5034520e+000  2.3188200e-001 -3.6868380e+000 -6.4405420e+000 -5.8085890e+000
  5.8666667e-001  6.3410870e+000  2.8187300e-001 -3.5998640e+000 -6.4636050e+000 -5.7810560e+000
  5.9333333e-001  6.2168520e+000  3.2893200e-001 -3.5326360e+000 -6.5183220e+000 -5.7732830e+000
  6.0000000e-001  6.1062200e+000  4.3383500e-001 -3.4674220e+000 -6.5347890e+000 -5.7499980e+000
  6.0666667e-001  5.9968890e+000  4.2881600e-001 -3.3996580e+000 -6.5083270e+000 -5.7029360e+000
  6.1333333e-001  5.8719720e+000  4.9957300e-001 -3.2991690e+000 -6.4697100e+000 -5.6460900e+000
  6.2000000e-001  5.8211790e+000  6.0195600e-001 -3.2331920e+000 -6.4209330e+000 -5.6476060e+000
  6.2666667e-001  5.8520680e+000  5.6245800e-001 -3.0402410e+000 -6.3532040e+000 -5.6676570e+000
  6.3333333e-001  5.9433890e+000  6.4561500e-001 -2.9216360e+000 -6.2870060e+000 -5.6626380e+000
  6.4000000e-001  5.9350190e+000  8.0250700e-001 -2.7286560e+000 -6.2367500e+000 -5.6565880e+000
  6.4666667e-001  5.9251940e+000  9.3095400e-001 -2.6462750e+000 -6.1922040e+000 -5.6161460e+000
  6.5333333e-001  5.9449520e+000  1.1394680e+000 -2.5210990e+000 -6.1189270e+000 -5.5475000e+000
  6.6000000e-001  5.9574460e+000  1.4061910e+000 -2.3555730e+000 -6.0647300e+000 -5.4462530e+000
  6.6666667e-001  5.8490840e+000  1.5616130e+000 -2.2281410e+000 -5.9862040e+000 -5.3132310e+000
  6.7333333e-001  5.7953750e+000  1.7611310e+000 -2.0797140e+000 -5.9173400e+000 -5.1737290e+000
  6.8000000e-001  5.7184010e+000  2.0121090e+000 -2.0218630e+000 -5.8143670e+000 -4.9898160e+000
  6.8666667e-001  5.6255840e+000  2.1510200e+000 -1.9543250e+000 -5.6967670e+000 -4.8110540e+000
  6.9333333e-001  5.6208520e+000  2.2452150e+000 -1.8225840e+000 -5.6680640e+000 -4.7095970e+000
  7.0000000e-001  5.6729730e+000  2.4159990e+000 -1.7828430e+000 -5.6508890e+000 -4.6052450e+000
  7.0666667e-001  5.7384250e+000  2.5333800e+000 -1.7388170e+000 -5.6179570e+000 -4.4858920e+000
  7.1333333e-001  5.8895730e+000  2.6019540e+000 -1.6237350e+000 -5.5886250e+000 -4.3898080e+000
  7.2000000e-001  6.0509840e+000  2.6820220e+000 -1.5784280e+000 -5.5655410e+000 -4.3287350e+000
  7.2666667e-001  6.2880120e+000  2.7430150e+000 -1.4703580e+000 -5.5808010e+000 -4.2848150e+000
  7.3333333e-001  6.4558820e+000  2.7207870e+000 -1.5263240e+000 -5.5794680e+000 -4.2716120e+000
  7.4000000e-001  6.7177430e+000  2.6914160e+000 -1.5875480e+000 -5.5891060e+000 -4.2602010e+000
  7.4666667e-001  6.9669440e+000  2.7438080e+000 -1.5839310e+000 -5.6102520e+000 -4.2661640e+000
  7.5333333e-001  7.1105180e+000  2.7322740e+000 -1.6205510e+000 -5.6200860e+000 -4.2678300e+000
  7.6000000e-001  7.2198060e+000  2.8052960e+000 -1.6390560e+000 -5.6234780e+000 -4.2865680e+000
  7.6666667e-001  7.3202950e+000  2.8611610e+000 -1.6933270e+000 -5.6385230e+000 -4.3782790e+000
  7.7333333e-001  7.3758180e+000  3.0208670e+000 -1.7182610e+000 -5.6450510e+000 -4.4217210e+000
  7.8000000e-001  7.4440360e+000  3.0272970e+000 -1.7140320e+000 -5.6177380e+000 -4.4223810e+000
  7.8666667e-001  7.5612770e+000  3.1806630e+000 -1.6572940e+000 -5.5580220e+000 -4.5002320e+000
  7.9333333e-001  7.6320100e+000  3.2359660e+000 -1.7389670e+000 -5.4965900e+000 -4.5785430e+000
  8.0000000e-001  7.6694170e+000  3.2952360e+000 -1.7652180e+000 -5.4512720e+000 -4.6152130e+000
  8.0666667e-001  7.6845370e+000  3.3472420e+000 -1.7556710e+000 -5.3913360e+000 -4.6380790e+000
  8.1333333e-001  7.6818360e+000  3.3485280e+000 -1.7714630e+000 -5.3185480e+000 -4.7077700e+000
  8.2000000e-001  7.6770370e+000  3.3642490e+000 -1.7482860e+000 -5.2198270e+000 -4.7345750e+000
  8.2666667e-001  7.7552540e+000  3.3808280e+000 -1.7515090e+000 -5.1295230e+000 -4.7383750e+000
  8.3333333e-001  7.8308850e+000  3.3996390e+000 -1.6906120e+000 -5.0587530e+000 -4.7096620e+000
  8.4000000e-001  7.8317020e+000  3.4177770e+000 -1.6327860e+000 -5.0027550e+000 -4.6890390e+000
  8.4666667e-001  7.9070650e+000  3.4444340e+000 -1.5758490e+000 -4.9399490e+000 -4.6780820e+000
  8.5333333e-001  7.9899580e+000  3.4348900e+000 -1.5306040e+000 -4.9026850e+000 -4.6666460e+000
  8.6000000e-001  8.1023040e+000  3.4573190e+000 -1.4714170e+000 -4.9318830e+000 -4.6406090e+000
  8.6666667e-001  8.1343500e+000  3.4674000e+000 -1.4159510e+000 -4.9727320e+000 -4.6084030e+000
  8.7333333e-001  8.1493420e+000  3.4619320e+000 -1.4296620e+000 -4.9891390e+000 -4.5432260e+000
  8.8000000e-001  8.2124590e+000  3.4066210e+000 -1.3754590e+000 -5.0304090e+000 -4.4770340e+000
  8.8666667e-001  8.1714220e+000  3.3479700e+000 -1.3554660e+000 -5.1115370e+000 -4.4418790e+000
  8.9333333e-001  8.1458420e+000  3.2855310e+000 -1.3862570e+000 -5.1722830e+000 -4.4297890e+000
  9.0000000e-001  8.1533200e+000  3.2663400e+000 -1.3508300e+000 -5.2504650e+000 -4.3931890e+000
  9.0666667e-001  8.1949440e+000  3.1783730e+000 -1.3436410e+000 -5.2959070e+000 -4.3872810e+000
  9.1333333e-001  8.2411160e+000  3.1818690e+000 -1.3133300e+000 -5.3531760e+000 -4.3542990e+000
  9.2000000e-001  8.3044340e+000  3.1857260e+000 -1.2923080e+000 -5.3720550e+000 -4.3312930e+000
  9.2666667e-001  8.3968400e+000  3.1865180e+000 -1.2565810e+000 -5.3982090e+000 -4.2828470e+000
  9.3333333e-001  8.4112350e+000  3.2626390e+000 -1.2059530e+000 -5.4137500e+000 -4.2436960e+000
  9.4000000e-001  8.4267390e+000  3.3477230e+000 -1.2271550e+000 -5.4563980e+000 -4.2006830e+000
  9.4666667e-001  8.5077750e+000  3.3975930e+000 -1.1953790e+000 -5.4614580e+000 -4.1712710e+000
  9.5333333e-001  8.5264610e+000  3.4322650e+000 -1.2738800e+000 -5.4858400e+000 -4.1857560e+000
  9.6000000e-001  8.6119710e+000  3.4470900e+000 -1.3087110e+000 -5.5205450e+000 -4.2238220e+000
  9.6666667e-001  8.6359990e+000  3.5032260e+000 -1.3322850e+000 -5.5459060e+000 -4.2694980e+000
  9.7333333e-001  8.7362390e+000  3.5590820e+000 -1.3778670e+000 -5.5669910e+000 -4.3203390e+000
  9.8000000e-001  8.8200410e+000  3.6125520e+000 -1.4340330e+000 -5.5680750e+000 -4.3707280e+000
  9.8666667e-001  8.9096710e+000  3.6560270e+000 -1.4163960e+000 -5.5171220e+000 -4.4087190e+000
  9.9333333e-001  8.9395370e+000  3.7913280e+000 -1.4440610e+000 -5.5062060e+000 -4.4000270e+000
  1.0000000e+000  9.0561810e+000  3.9906960e+000 -1.5007040e+000 -5.5146020e+000 -4.4193670e+000
  1.0066667e+000  9.1149040e+000  4.1820600e+000 -1.5529490e+000 -5.5511720e+000 -4.4053330e+000
  1.0133333e+000  9.1658560e+000  4.3868130e+000 -1.6569520e+000 -5.6221090e+000 -4.3873970e+000
  1.0200000e+000  9.2027370e+000  4.5912030e+000 -1.7599530e+000 -5.6872230e+000 -4.3525070e+000
  1.0266667e+000  9.2513140e+000  4.7796700e+000 -1.8381160e+000 -5.7564570e+000 -4.2956890e+000
  1.0333333e+000  9.2155520e+000  5.0475910e+000 -1.9278230e+000 -5.8326420e+000 -4.2257920e+000
  1.0400000e+000  9.2483720e+000  5.2503580e+000 -2.0001220e+000 -5.9380780e+000 -4.1420630e+000
  1.0466667e+000  9.2021870e+000  5.4030500e+000 -2.0919240e+000 -6.0308420e+000 -4.0694350e+000
  1.0533333e+000  9.2184270e+000  5.6291710e+000 -2.1077080e+000 -6.0833250e+000 -3.9974180e+000
  1.0600000e+000  9.2582650e+000  5.8186580e+000 -2.1359300e+000 -6.1191780e+000 -3.9285720e+000
  1.0666667e+000  9.3152310e+000  6.0543090e+000 -2.1907990e+000 -6.1354700e+000 -3.8524690e+000
  1.0733333e+000  9.4120670e+000  6.3103210e+000 -2.1843380e+000 -6.1447000e+000 -3.7713300e+000
  1.0800000e+000  9.5302900e+000  6.5015630e+000 -2.2460360e+000 -6.1237130e+000 -3.7078220e+000
  1.0866667e+000  9.6543840e+000  6.7168290e+000 -2.2540570e+000 -6.1088070e+000 -3.6717510e+000
  1.0933333e+000  9.7241530e+000  6.9178490e+000 -2.2727720e+000 -6.0441080e+000 -3.6635270e+000
  1.1000000e+000  9.8019610e+000  7.0530660e+000 -2.2444080e+000 -5.9745350e+000 -3.6902360e+000
  1.1066667e+000  9.8899790e+000  7.2466390e+000 -2.1874340e+000 -5.8659210e+000 -3.7246960e+000
  1.1133333e+000  9.9586150e+000  7.4534070e+000 -2.1222130e+000 -5.7233350e+000 -3.7701600e+000
  1.1200000e+000  1.0096614e+001  7.6286760e+000 -1.9839400e+000 -5.5543290e+000 -3.8063640e+000
  1.1266667e+000  1.0202569e+001  7.9055680e+000 -1.8362210e+000 -5.3484480e+000 -3.8105000e+000
  1.1333333e+000  1.0359056e+001  8.0990070e+000 -1.6545050e+000 -5.1547710e+000 -3.8129110e+000
  1.1400000e+000  1.0515836e+001  8.2928130e+000 -1.4321890e+000 -4.9398610e+000 -3.8442050e+000
  1.1466667e+000  1.0628827e+001  8.4769120e+000 -1.2006530e+000 -4.7650530e+000 -3.8570370e+000
  1.1533333e+000  1.0789645e+001  8.6435040e+000 -9.1247200e-001 -4.5746120e+000 -3.8430100e+000
  1.1600000e+000  1.0866065e+001  8.8015380e+000 -6.6502200e-001 -4.3952070e+000 -3.8325400e+000
  1.1666667e+000  1.0923409e+001  8.9591300e+000 -4.0811100e-001 -4.2058000e+000 -3.7595180e+000
  1.1733333e+000  1.1020483e+001  9.1516480e+000 -1.0194900e-001 -3.9721410e+000 -3.7190750e+000
  1.1800000e+000  1.1156332e+001  9.4009180e+000  2.6076900e-001 -3.7174990e+000 -3.6665510e+000
  1.1866667e+000  1.1238266e+001  9.6049710e+000  6.2217200e-001 -3.4585440e+000 -3.5961340e+000
  1.1933333e+000  1.1411161e+001  9.7439580e+000  1.0045340e+000 -3.2351320e+000 -3.5375510e+000
  1.2000000e+000  1.1540952e+001  9.9177830e+000  1.3579170e+000 -2.9941080e+000 -3.5010390e+000
  1.2066667e+000  1.1654239e+001  1.0084246e+001  1.7704340e+000 -2.7531280e+000 -3.4588630e+000
  1.2133333e+000  1.1632209e+001  1.0251191e+001  2.1323360e+000 -2.5167760e+000 -3.4339540e+000
  1.2200000e+000  1.1656706e+001  1.0440987e+001  2.4609350e+000 -2.2365710e+000 -3.4083850e+000
  1.2266667e+000  1.1631714e+001  1.0539145e+001  2.7891180e+000 -2.0022760e+000 -3.3973100e+000
  1.2333333e+000  1.1621378e+001  1.0665295e+001  3.1112200e+000 -1.8066060e+000 -3.3348460e+000
  1.2400000e+000  1.1635665e+001  1.0831818e+001  3.4035730e+000 -1.5978990e+000 -3.2906150e+000
  1.2466667e+000  1.1612323e+001  1.0943711e+001  3.6820090e+000 -1.3446520e+000 -3.2244060e+000
  1.2533333e+000  1.1655602e+001  1.1131584e+001  3.9364560e+000 -1.0619100e+000 -3.1658060e+000
  1.2600000e+000  1.1725135e+001  1.1263734e+001  4.1865260e+000 -7.7723500e-001 -3.1209050e+000
  1.2666667e+000  1.1871210e+001  1.1391187e+001  4.4275470e+000 -5.0140400e-001 -3.0508420e+000
  1.2733333e+000  1.1963122e+001  1.1529860e+001  4.6165880e+000 -2.5589000e-001 -2.9707630e+000
  1.2800000e+000  1.2060820e+001  1.1555741e+001  4.7773790e+000  5.2100000e-003 -2.9134100e+000
  1.2866667e+000  1.2101056e+001  1.1723368e+001  4.9336830e+000  2.5535300e-001 -2.9023980e+000
  1.2933333e+000  1.2135299e+001  1.1777717e+001  5.0763700e+000  5.0934000e-001 -2.8986320e+000
  1.3000000e+000  1.2177278e+001  1.1907720e+001  5.2193830e+000  7.6151200e-001 -2.8893030e+000
  1.3066667e+000  1.2169119e+001  1.1975351e+001  5.2681360e+000  9.8799200e-001 -2.8762990e+000
  1.3133333e+000  1.2194202e+001  1.2059053e+001  5.3652930e+000  1.1885290e+000 -2.8431320e+000
  1.3200000e+000  1.2237324e+001  1.2108342e+001  5.4635680e+000  1.3642320e+000 -2.7990720e+000
  1.3266667e+000  1.2295408e+001  1.2197608e+001  5.5541780e+000  1.5162370e+000 -2.7799230e+000
  1.3333333e+000  1.2334479e+001  1.2315683e+001  5.6142130e+000  1.6559060e+000 -2.7600530e+000
  1.3400000e+000  1.2320817e+001  1.2428887e+001  5.5512920e+000  1.7735830e+000 -2.7439200e+000
  1.3466667e+000  1.2350566e+001  1.2582594e+001  5.5847830e+000  1.8329600e+000 -2.7065270e+000
  1.3533333e+000  1.2383294e+001  1.2757075e+001  5.5443330e+000  1.8849770e+000 -2.6621440e+000
  1.3600000e+000  1.2374065e+001  1.2994154e+001  5.4793400e+000  1.9430040e+000 -2.6180340e+000
  1.3666667e+000  1.2355199e+001  1.3194031e+001  5.4143270e+000  2.0132540e+000 -2.5487420e+000
  1.3733333e+000  1.2350289e+001  1.3347344e+001  5.3650880e+000  2.1197670e+000 -2.4900840e+000
  1.3800000e+000  1.2280901e+001  1.3477871e+001  5.2644860e+000  2.2045630e+000 -2.4351890e+000
  1.3866667e+000  1.2301358e+001  1.3603954e+001  5.2246420e+000  2.2355810e+000 -2.4050360e+000
  1.3933333e+000  1.2312671e+001  1.3701972e+001  5.0855210e+000  2.2607570e+000 -2.3654390e+000
  1.4000000e+000  1.2404990e+001  1.3804850e+001  4.9914720e+000  2.2590210e+000 -2.3464250e+000
  1.4066667e+000  1.2569485e+001  1.3821058e+001  4.9085020e+000  2.2551140e+000 -2.3171020e+000
  1.4133333e+000  1.2658009e+001  1.3793688e+001  4.9042660e+000  2.2908430e+000 -2.2407670e+000
  1.4200000e+000  1.2719956e+001  1.3770055e+001  4.9047040e+000  2.3185870e+000 -2.1418290e+000
  1.4266667e+000  1.2745264e+001  1.3731630e+001  4.8420170e+000  2.3258470e+000 -2.0310390e+000
  1.4333333e+000  1.2732121e+001  1.3129868e+001  4.3703980e+000  2.3605590e+000 -1.9334170e+000
  1.4400000e+000  1.2708707e+001  1.3138758e+001  4.3637010e+000  2.3438590e+000 -1.8436560e+000
  1.4466667e+000  1.2702240e+001  1.3086248e+001  4.3510040e+000  2.3470130e+000 -1.7686990e+000
  1.4533333e+000  1.2604333e+001  1.3036283e+001  4.3722250e+000  2.3426770e+000 -1.6950020e+000
  1.4600000e+000  1.2552359e+001  1.3032904e+001  4.4000130e+000  2.3555380e+000 -1.6028630e+000
  1.4666667e+000  1.2561266e+001  1.3050988e+001  4.4827280e+000  2.3989680e+000 -1.5380660e+000
  1.4733333e+000  1.2680717e+001  1.3103546e+001  4.5611630e+000  2.4154760e+000 -1.4834680e+000
  1.4800000e+000  1.2776767e+001  1.3225629e+001  4.6395040e+000  2.4643330e+000 -1.4402670e+000
  1.4866667e+000  1.3017214e+001  1.3288821e+001  4.7231020e+000  2.4938280e+000 -1.3949000e+000
  1.4933333e+000  1.3096797e+001  1.3353002e+001  4.8384500e+000  2.5625440e+000 -1.3540260e+000
  1.5000000e+000  1.3203817e+001  1.3445903e+001  4.9061610e+000  2.6327990e+000 -1.3655510e+000
  1.5066667e+000  1.3272529e+001  1.3570792e+001  4.9884100e+000  2.7048900e+000 -1.3399500e+000
  1.5133333e+000  1.3414320e+001  1.3747498e+001  5.0821780e+000  2.7879980e+000 -1.3152760e+000
  1.5200000e+000  1.3514627e+001  1.3898717e+001  5.1760840e+000  2.8814350e+000 -1.2855970e+000
  1.5266667e+000  1.3212661e+001  1.4036524e+001  5.2822750e+000  2.9725400e+000 -1.2778340e+000
  1.5333333e+000  1.3275642e+001  1.4144518e+001  5.3999300e+000  3.0368440e+000 -1.2418280e+000
  1.5400000e+000  1.3283439e+001  1.4304560e+001  5.5197160e+000  3.1264260e+000 -1.2210310e+000
  1.5466667e+000  1.3281745e+001  1.4520986e+001  5.6191120e+000  3.2000900e+000 -1.1971010e+000
  1.5533333e+000  1.3316301e+001  1.4817631e+001  5.7390640e+000  3.2708250e+000 -1.1529930e+000
  1.5600000e+000  1.3377395e+001  1.5138641e+001  5.8587880e+000  3.3607650e+000 -1.0701040e+000
  1.5666667e+000  1.3413466e+001  1.5493298e+001  5.9721550e+000  3.4400040e+000 -1.0056380e+000
  1.5733333e+000  1.3462106e+001  1.5925820e+001  6.0811890e+000  3.5331530e+000 -9.5112900e-001
  1.5800000e+000  1.3491327e+001  1.6326385e+001  6.2092220e+000  3.6272350e+000 -8.9379000e-001
  1.5866667e+000  1.3516395e+001  1.6691793e+001  6.3158050e+000  3.6749000e+000 -8.4022300e-001
  1.5933333e+000  1.3540891e+001  1.7056797e+001  6.4025640e+000  3.7587940e+000 -8.0289300e-001
  1.6000000e+000  1.3561599e+001  1.7452753e+001  6.4813160e+000  3.8392700e+000 -7.3023400e-001
  1.6066667e+000  1.3579488e+001  1.7774105e+001  6.5613540e+000  3.9245990e+000 -7.0814700e-001
  1.6133333e+000  1.3567406e+001  1.8010019e+001  6.6330660e+000  4.0189030e+000 -6.6222200e-001
  1.6200000e+000  1.3561512e+001  1.8206610e+001  6.6950350e+000  4.0907870e+000 -6.4971000e-001
  1.6266667e+000  1.3550484e+001  1.8415567e+001  6.7096920e+000  4.1549070e+000 -5.8283400e-001
  1.6333333e+000  1.3598236e+001  1.8644955e+001  6.7154040e+000  4.2182680e+000 -5.2267700e-001
  1.6400000e+000  1.3663748e+001  1.8817879e+001  6.6901360e+000  4.2733380e+000 -4.8516900e-001
  1.6466667e+000  1.3765154e+001  1.8927095e+001  6.6627140e+000  4.3090120e+000 -4.6693600e-001
  1.6533333e+000  1.3878335e+001  1.8986723e+001  6.6371940e+000  4.3467230e+000 -4.5930500e-001
  1.6600000e+000  1.3968944e+001  1.9073586e+001  6.5973370e+000  4.3593950e+000 -4.5876800e-001
  1.6666667e+000  1.4021394e+001  1.9117472e+001  6.5517260e+000  4.3581340e+000 -4.5479700e-001
  1.6733333e+000  1.4094381e+001  1.9208532e+001  6.5004690e+000  4.3460820e+000 -4.8115100e-001
  1.6800000e+000  1.4148323e+001  1.9299898e+001  6.4027440e+000  4.3031540e+000 -5.2637600e-001
  1.6866667e+000  1.4186704e+001  1.9369492e+001  6.3032150e+000  4.2502750e+000 -5.4285700e-001
  1.6933333e+000  1.4189836e+001  1.9432001e+001  6.2213920e+000  4.2272140e+000 -5.7349300e-001
  1.7000000e+000  1.4219111e+001  1.9529575e+001  6.1310530e+000  4.1796230e+000 -6.0700100e-001
  1.7066667e+000  1.4233766e+001  1.9584686e+001  6.0802500e+000  4.1374820e+000 -6.2617100e-001
  1.7133333e+000  1.4254221e+001  1.9638889e+001  6.0240180e+000  4.0864960e+000 -6.7072200e-001
  1.7200000e+000  1.4274930e+001  1.9705069e+001  5.9628730e+000  4.0349230e+000 -6.9517700e-001
  1.7266667e+000  1.4275434e+001  1.9752178e+001  5.9144170e+000  4.0025310e+000 -7.3026600e-001
  1.7333333e+000  1.4258523e+001  1.9781754e+001  5.8283710e+000  3.9613210e+000 -7.5990300e-001
  1.7400000e+000  1.4253211e+001  1.9844442e+001  5.7600810e+000  3.9040090e+000 -7.8134200e-001
  1.7466667e+000  1.4231175e+001  1.9892162e+001  5.7376380e+000  3.8580520e+000 -8.1334500e-001
  1.7533333e+000  1.4212924e+001  1.9941912e+001  5.7120090e+000  3.8062090e+000 -8.5198600e-001
  1.7600000e+000  1.4207358e+001  1.9976460e+001  5.7110590e+000  3.7788320e+000 -8.6556200e-001
  1.7666667e+000  1.4196651e+001  1.9987389e+001  5.6970000e+000  3.7214810e+000 -8.7166500e-001
  1.7733333e+000  1.4212643e+001  1.9969679e+001  5.6766970e+000  3.6450020e+000 -8.9974400e-001
  1.7800000e+000  1.4208582e+001  1.9940342e+001  5.6743010e+000  3.5953080e+000 -9.4428000e-001
  1.7866667e+000  1.4230716e+001  1.9883223e+001  5.6841170e+000  3.5293820e+000 -9.7483800e-001
  1.7933333e+000  1.4254742e+001  1.9820152e+001  5.6944060e+000  3.4949640e+000 -1.0111310e+000
  1.8000000e+000  1.4268357e+001  1.9725605e+001  5.7141680e+000  3.4522660e+000 -1.0632360e+000
  1.8066667e+000  1.4278952e+001  1.9599520e+001  5.7166520e+000  3.4027070e+000 -1.1292050e+000
  1.8133333e+000  1.4291258e+001  1.9471178e+001  5.6738890e+000  3.3665510e+000 -1.2032520e+000
  1.8200000e+000  1.4292287e+001  1.9311539e+001  5.6324270e+000  3.3149990e+000 -1.2429940e+000
  1.8266667e+000  1.4298457e+001  1.9123407e+001  5.6245010e+000  3.2764350e+000 -1.2929080e+000
  1.8333333e+000  1.4327620e+001  1.8971441e+001  5.5969090e+000  3.2108870e+000 -1.3646070e+000
  1.8400000e+000  1.4328091e+001  1.8807529e+001  5.5760530e+000  3.1544690e+000 -1.4170900e+000
  1.8466667e+000  1.4321507e+001  1.8635853e+001  5.5321290e+000  3.0960270e+000 -1.4638350e+000
  1.8533333e+000  1.4324079e+001  1.8447243e+001  5.4631680e+000  3.0485020e+000 -1.5173130e+000
  1.8600000e+000  1.4318007e+001  1.8262161e+001  5.3716210e+000  2.9930710e+000 -1.5819210e+000
  1.8666667e+000  1.4314621e+001  1.8060719e+001  5.2933730e+000  2.9581150e+000 -1.6011220e+000
  1.8733333e+000  1.4322268e+001  1.7840206e+001  5.2142240e+000  2.9226680e+000 -1.6342440e+000
  1.8800000e+000  1.4328382e+001  1.7604708e+001  5.1175060e+000  2.8858410e+000 -1.6396810e+000
  1.8866667e+000  1.4326431e+001  1.7360058e+001  5.0193970e+000  2.8155520e+000 -1.6412510e+000
  1.8933333e+000  1.4329052e+001  1.7105268e+001  4.9042470e+000  2.7525490e+000 -1.6431990e+000
  1.9000000e+000  1.4349936e+001  1.6832727e+001  4.8037780e+000  2.7111590e+000 -1.6551160e+000
  1.9066667e+000  1.4345038e+001  1.6523464e+001  4.6941880e+000  2.6775970e+000 -1.6715440e+000
  1.9133333e+000  1.4341948e+001  1.6236618e+001  4.5738240e+000  2.6404810e+000 -1.6586150e+000
  1.9200000e+000  1.4318690e+001  1.5960438e+001  4.4816880e+000  2.6291200e+000 -1.6479410e+000
  1.9266667e+000  1.4286259e+001  1.5654863e+001  4.3589640e+000  2.6154360e+000 -1.6427660e+000
  1.9333333e+000  1.4256201e+001  1.5325551e+001  4.2406900e+000  2.5963600e+000 -1.6247230e+000
  1.9400000e+000  1.4218548e+001  1.5018471e+001  4.1345330e+000  2.5879530e+000 -1.6215180e+000
  1.9466667e+000  1.4184099e+001  1.4688154e+001  3.9825660e+000  2.5795520e+000 -1.6147220e+000
  1.9533333e+000  1.4138908e+001  1.4352476e+001  3.8559560e+000  2.5666510e+000 -1.6045350e+000
  1.9600000e+000  1.4093772e+001  1.4025166e+001  3.7673490e+000  2.5700240e+000 -1.5985980e+000
  1.9666667e+000  1.4045876e+001  1.3705790e+001  3.6734340e+000  2.5614430e+000 -1.6206180e+000
  1.9733333e+000  1.3992663e+001  1.3397104e+001  3.5779930e+000  2.5510850e+000 -1.6530080e+000
  1.9800000e+000  1.3962745e+001  1.3071727e+001  3.4946840e+000  2.5575700e+000 -1.6845090e+000
  1.9866667e+000  1.3923153e+001  1.2740047e+001  3.3947330e+000  2.5592430e+000 -1.7104750e+000
  1.9933333e+000  1.3910137e+001  1.2396729e+001  3.2703360e+000  2.5872520e+000 -1.7401270e+000
  2.0000000e+000  1.3877675e+001  1.2045901e+001  3.1638850e+000  2.5980530e+000 -1.7515820e+000
