 -5.0000000e-001 -5.0978184e+001 -4.9641052e+001 -5.1448692e+001 -5.1105915e+001 -5.0618340e+001 -4.9460644e+001 -4.9990963e+001
 -4.9333333e-001 -5.0996857e+001 -4.9643478e+001 -5.1437359e+001 -5.1085796e+001 -5.0619118e+001 -4.9456532e+001 -4.9987179e+001
 -4.8666667e-001 -5.0975235e+001 -4.9651367e+001 -5.1427773e+001 -5.1068954e+001 -5.0617252e+001 -4.9474384e+001 -5.0003098e+001
 -4.8000000e-001 -5.0966988e+001 -4.9660152e+001 -5.1405010e+001 -5.1038799e+001 -5.0599720e+001 -4.9478451e+001 -5.0006054e+001
 -4.7333333e-001 -5.0987457e+001 -4.9647850e+001 -5.1382374e+001 -5.1046101e+001 -5.0587887e+001 -4.9473186e+001 -4.9996792e+001
 -4.6666667e-001 -5.0979000e+001 -4.9645401e+001 -5.1372242e+001 -5.1060787e+001 -5.0566406e+001 -4.9476463e+001 -5.0028114e+001
 -4.6000000e-001 -5.0986992e+001 -4.9636494e+001 -5.1360241e+001 -5.1068882e+001 -5.0571529e+001 -4.9485443e+001 -5.0016079e+001
 -4.5333333e-001 -5.0972584e+001 -4.9638966e+001 -5.1357265e+001 -5.1081505e+001 -5.0601578e+001 -4.9476768e+001 -5.0005211e+001
 -4.4666667e-001 -5.0998821e+001 -4.9649807e+001 -5.1376419e+001 -5.1071262e+001 -5.0608044e+001 -4.9476871e+001 -4.9999035e+001
 -4.4000000e-001 -5.0989643e+001 -4.9659958e+001 -5.1386936e+001 -5.1091526e+001 -5.0601322e+001 -4.9481430e+001 -4.9993900e+001
 -4.3333333e-001 -5.0982716e+001 -4.9662601e+001 -5.1381901e+001 -5.1096870e+001 -5.0605343e+001 -4.9485836e+001 -5.0013260e+001
 -4.2666667e-001 -5.0983452e+001 -4.9640961e+001 -5.1397968e+001 -5.1114136e+001 -5.0611267e+001 -4.9502640e+001 -4.9998753e+001
 -4.2000000e-001 -5.0967812e+001 -4.9632805e+001 -5.1378738e+001 -5.1116066e+001 -5.0619816e+001 -4.9486462e+001 -4.9979584e+001
 -4.1333333e-001 -5.0973240e+001 -4.9631210e+001 -5.1380981e+001 -5.1134464e+001 -5.0586185e+001 -4.9472584e+001 -4.9967831e+001
 -4.0666667e-001 -5.0976463e+001 -4.9634525e+001 -5.1379101e+001 -5.1149151e+001 -5.0594414e+001 -4.9487480e+001 -4.9973476e+001
 -4.0000000e-001 -5.0985184e+001 -4.9617474e+001 -5.1391228e+001 -5.1151196e+001 -5.0583992e+001 -4.9500942e+001 -4.9956333e+001
 -3.9333333e-001 -5.0979565e+001 -4.9634491e+001 -5.1388294e+001 -5.1146126e+001 -5.0596165e+001 -4.9486439e+001 -4.9963379e+001
 -3.8666667e-001 -5.0985920e+001 -4.9652802e+001 -5.1389523e+001 -5.1107502e+001 -5.0630760e+001 -4.9500996e+001 -4.9983467e+001
 -3.8000000e-001 -5.0971214e+001 -4.9637619e+001 -5.1379528e+001 -5.1094254e+001 -5.0633488e+001 -4.9495071e+001 -4.9987419e+001
 -3.7333333e-001 -5.0973492e+001 -4.9640533e+001 -5.1389702e+001 -5.1103333e+001 -5.0625389e+001 -4.9498474e+001 -4.9983398e+001
 -3.6666667e-001 -5.0979595e+001 -4.9650940e+001 -5.1373909e+001 -5.1081974e+001 -5.0609016e+001 -4.9481895e+001 -5.0016937e+001
 -3.6000000e-001 -5.0998436e+001 -4.9644905e+001 -5.1391640e+001 -5.1116642e+001 -5.0621372e+001 -4.9485607e+001 -5.0008530e+001
 -3.5333333e-001 -5.0973373e+001 -4.9645031e+001 -5.1383591e+001 -5.1112747e+001 -5.0612270e+001 -4.9479904e+001 -4.9988010e+001
 -3.4666667e-001 -5.0980778e+001 -4.9655170e+001 -5.1371140e+001 -5.1099796e+001 -5.0608799e+001 -4.9489979e+001 -5.0005928e+001
 -3.4000000e-001 -5.0983318e+001 -4.9665234e+001 -5.1374489e+001 -5.1105225e+001 -5.0629177e+001 -4.9530476e+001 -5.0019066e+001
 -3.3333333e-001 -5.0972504e+001 -4.9640141e+001 -5.1365917e+001 -5.1065548e+001 -5.0633251e+001 -4.9478970e+001 -5.0001816e+001
 -3.2666667e-001 -5.0984169e+001 -4.9624939e+001 -5.1379692e+001 -5.1064522e+001 -5.0631176e+001 -4.9477528e+001 -4.9967815e+001
 -3.2000000e-001 -5.0964306e+001 -4.9631271e+001 -5.1383255e+001 -5.1059597e+001 -5.0647194e+001 -4.9494095e+001 -4.9965343e+001
 -3.1333333e-001 -5.0963192e+001 -4.9632328e+001 -5.1376274e+001 -5.1092930e+001 -5.0649498e+001 -4.9511311e+001 -4.9960888e+001
 -3.0666667e-001 -5.0920082e+001 -4.9650249e+001 -5.1377937e+001 -5.1073605e+001 -5.0656887e+001 -4.9480453e+001 -4.9967140e+001
 -3.0000000e-001 -5.0965977e+001 -4.9647144e+001 -5.1357430e+001 -5.1096947e+001 -5.0665970e+001 -4.9481773e+001 -4.9963455e+001
 -2.9333333e-001 -5.0985229e+001 -4.9650276e+001 -5.1346142e+001 -5.1099201e+001 -5.0685299e+001 -4.9479679e+001 -4.9944244e+001
 -2.8666667e-001 -5.0959370e+001 -4.9646313e+001 -5.1373894e+001 -5.1091068e+001 -5.0674103e+001 -4.9509365e+001 -4.9938114e+001
 -2.8000000e-001 -5.0955612e+001 -4.9637016e+001 -5.1378693e+001 -5.1073845e+001 -5.0646996e+001 -4.9487041e+001 -4.9950233e+001
 -2.7333333e-001 -5.0964333e+001 -4.9640873e+001 -5.1391563e+001 -5.1072475e+001 -5.0665615e+001 -4.9502518e+001 -4.9958210e+001
 -2.6666667e-001 -5.0976711e+001 -4.9634449e+001 -5.1383106e+001 -5.1052063e+001 -5.0668980e+001 -4.9479504e+001 -4.9928726e+001
 -2.6000000e-001 -5.0987442e+001 -4.9613758e+001 -5.1353928e+001 -5.1094963e+001 -5.0673973e+001 -4.9485241e+001 -4.9935898e+001
 -2.5333333e-001 -5.0981083e+001 -4.9638832e+001 -5.1365524e+001 -5.1106144e+001 -5.0668861e+001 -4.9501705e+001 -4.9942364e+001
 -2.4666667e-001 -5.0974285e+001 -4.9653683e+001 -5.1369186e+001 -5.1098591e+001 -5.0673840e+001 -4.9504307e+001 -4.9970284e+001
 -2.4000000e-001 -5.0958725e+001 -4.9634499e+001 -5.1363388e+001 -5.1092766e+001 -5.0678608e+001 -4.9501842e+001 -4.9948490e+001
 -2.3333333e-001 -5.0957066e+001 -4.9642616e+001 -5.1379326e+001 -5.1085239e+001 -5.0660103e+001 -4.9519245e+001 -4.9937332e+001
 -2.2666667e-001 -5.0942066e+001 -4.9680729e+001 -5.1415089e+001 -5.1111683e+001 -5.0649139e+001 -4.9520912e+001 -4.9968719e+001
 -2.2000000e-001 -5.0958508e+001 -4.9661465e+001 -5.1411732e+001 -5.1108696e+001 -5.0627872e+001 -4.9516750e+001 -4.9961803e+001
 -2.1333333e-001 -5.0946541e+001 -4.9649796e+001 -5.1406639e+001 -5.1113907e+001 -5.0634895e+001 -4.9485600e+001 -4.9977142e+001
 -2.0666667e-001 -5.0937546e+001 -4.9666027e+001 -5.1397266e+001 -5.1110683e+001 -5.0648777e+001 -4.9498737e+001 -4.9935772e+001
 -2.0000000e-001 -5.0953815e+001 -4.9627506e+001 -5.1377548e+001 -5.1096302e+001 -5.0643570e+001 -4.9502098e+001 -4.9942059e+001
 -1.9333333e-001 -5.0973392e+001 -4.9653507e+001 -5.1361603e+001 -5.1100166e+001 -5.0674252e+001 -4.9478020e+001 -4.9910686e+001
 -1.8666667e-001 -5.0975128e+001 -4.9681053e+001 -5.1365513e+001 -5.1114868e+001 -5.0694294e+001 -4.9479691e+001 -4.9924690e+001
 -1.8000000e-001 -5.0970135e+001 -4.9651630e+001 -5.1366203e+001 -5.1133686e+001 -5.0697723e+001 -4.9502632e+001 -4.9939800e+001
 -1.7333333e-001 -5.0977768e+001 -4.9664093e+001 -5.1390991e+001 -5.1110527e+001 -5.0727882e+001 -4.9518147e+001 -4.9912102e+001
 -1.6666667e-001 -5.1015781e+001 -4.9667194e+001 -5.1381889e+001 -5.1108543e+001 -5.0704517e+001 -4.9514915e+001 -4.9923252e+001
 -1.6000000e-001 -5.0976727e+001 -4.9668407e+001 -5.1380634e+001 -5.1098801e+001 -5.0694542e+001 -4.9508987e+001 -4.9961586e+001
 -1.5333333e-001 -5.0958454e+001 -4.9661892e+001 -5.1382679e+001 -5.1117702e+001 -5.0715927e+001 -4.9493916e+001 -4.9951351e+001
 -1.4666667e-001 -5.0972046e+001 -4.9642971e+001 -5.1398052e+001 -5.1069607e+001 -5.0696404e+001 -4.9502174e+001 -4.9949406e+001
 -1.4000000e-001 -5.0994530e+001 -4.9629543e+001 -5.1379494e+001 -5.1083202e+001 -5.0712929e+001 -4.9501617e+001 -4.9963936e+001
 -1.3333333e-001 -5.0995827e+001 -4.9653191e+001 -5.1368587e+001 -5.1078228e+001 -5.0732624e+001 -4.9512981e+001 -4.9940033e+001
 -1.2666667e-001 -5.0990387e+001 -4.9657341e+001 -5.1383884e+001 -5.1068626e+001 -5.0722790e+001 -4.9516926e+001 -4.9925117e+001
 -1.2000000e-001 -5.0997787e+001 -4.9662464e+001 -5.1391304e+001 -5.1091480e+001 -5.0718441e+001 -4.9498112e+001 -4.9917221e+001
 -1.1333333e-001 -5.0977879e+001 -4.9653080e+001 -5.1392086e+001 -5.1054966e+001 -5.0686977e+001 -4.9498306e+001 -4.9926601e+001
 -1.0666667e-001 -5.0987110e+001 -4.9658390e+001 -5.1437634e+001 -5.1059418e+001 -5.0683842e+001 -4.9510315e+001 -4.9923004e+001
 -1.0000000e-001 -5.0980362e+001 -4.9673027e+001 -5.1424461e+001 -5.1046577e+001 -5.0693134e+001 -4.9495102e+001 -4.9897675e+001
 -9.3333333e-002 -5.0985828e+001 -4.9688602e+001 -5.1409977e+001 -5.1053402e+001 -5.0706070e+001 -4.9495892e+001 -4.9909721e+001
 -8.6666667e-002 -5.0971001e+001 -4.9651657e+001 -5.1431637e+001 -5.1059315e+001 -5.0699444e+001 -4.9492424e+001 -4.9924427e+001
 -8.0000000e-002 -5.0978996e+001 -4.9678001e+001 -5.1409771e+001 -5.1051514e+001 -5.0694496e+001 -4.9497097e+001 -4.9896473e+001
 -7.3333333e-002 -5.0973862e+001 -4.9680489e+001 -5.1399921e+001 -5.1016663e+001 -5.0707882e+001 -4.9499241e+001 -4.9893890e+001
 -6.6666667e-002 -5.0938797e+001 -4.9694160e+001 -5.1395817e+001 -5.1010899e+001 -5.0699703e+001 -4.9481533e+001 -4.9876934e+001
 -6.0000000e-002 -5.0982834e+001 -4.9674896e+001 -5.1393509e+001 -5.1024395e+001 -5.0705215e+001 -4.9478855e+001 -4.9865669e+001
 -5.3333333e-002 -5.0973557e+001 -4.9662910e+001 -5.1388813e+001 -5.1013485e+001 -5.0728142e+001 -4.9499760e+001 -4.9855587e+001
 -4.6666667e-002 -5.0996483e+001 -4.9669827e+001 -5.1373882e+001 -5.1025379e+001 -5.0742340e+001 -4.9480770e+001 -4.9890743e+001
 -4.0000000e-002 -5.0979107e+001 -4.9661930e+001 -5.1376514e+001 -5.1019966e+001 -5.0741085e+001 -4.9493038e+001 -4.9874729e+001
 -3.3333333e-002 -5.0959446e+001 -4.9668781e+001 -5.1398705e+001 -5.1009510e+001 -5.0755333e+001 -4.9495983e+001 -4.9887455e+001
 -2.6666667e-002 -5.0996841e+001 -4.9671722e+001 -5.1368305e+001 -5.1013466e+001 -5.0765163e+001 -4.9465500e+001 -4.9872566e+001
 -2.0000000e-002 -5.1001797e+001 -4.9655128e+001 -5.1371258e+001 -5.1006622e+001 -5.0788219e+001 -4.9449272e+001 -4.9897594e+001
 -1.3333333e-002 -5.0993198e+001 -4.9659115e+001 -5.1395653e+001 -5.0999771e+001 -5.0778385e+001 -4.9470703e+001 -4.9913242e+001
 -6.6666667e-003 -5.0986362e+001 -4.9654854e+001 -5.1372559e+001 -5.1002903e+001 -5.0768215e+001 -4.9468105e+001 -4.9904060e+001
  0.0000000e+000 -5.1015438e+001 -4.9645050e+001 -5.1388397e+001 -5.0979164e+001 -5.0767426e+001 -4.9473831e+001 -4.9884979e+001
  6.6666667e-003 -5.1009380e+001 -4.9641205e+001 -5.1366268e+001 -5.0981945e+001 -5.0788322e+001 -4.9467911e+001 -4.9860245e+001
  1.3333333e-002 -5.0980682e+001 -4.9662651e+001 -5.1369133e+001 -5.0993820e+001 -5.0775848e+001 -4.9480701e+001 -4.9838596e+001
  2.0000000e-002 -5.0984436e+001 -4.9668877e+001 -5.1352737e+001 -5.0959473e+001 -5.0763775e+001 -4.9507568e+001 -4.9819935e+001
  2.6666667e-002 -5.1002186e+001 -4.9668545e+001 -5.1356159e+001 -5.0978313e+001 -5.0754959e+001 -4.9508301e+001 -4.9801189e+001
  3.3333333e-002 -5.0996895e+001 -4.9697239e+001 -5.1385372e+001 -5.0954617e+001 -5.0710201e+001 -4.9491287e+001 -4.9782112e+001
  4.0000000e-002 -5.0976643e+001 -4.9741974e+001 -5.1401592e+001 -5.0993237e+001 -5.0696983e+001 -4.9507324e+001 -4.9796066e+001
  4.6666667e-002 -5.1008163e+001 -4.9759319e+001 -5.1396389e+001 -5.1010471e+001 -5.0707024e+001 -4.9565578e+001 -4.9766762e+001
  5.3333333e-002 -5.1035381e+001 -4.9766045e+001 -5.1439308e+001 -5.1053478e+001 -5.0705009e+001 -4.9593838e+001 -4.9793453e+001
  6.0000000e-002 -5.1069031e+001 -4.9802547e+001 -5.1460381e+001 -5.1065033e+001 -5.0744907e+001 -4.9572510e+001 -4.9813511e+001
  6.6666667e-002 -5.1062977e+001 -4.9791508e+001 -5.1470402e+001 -5.1081570e+001 -5.0781097e+001 -4.9576027e+001 -4.9833908e+001
  7.3333333e-002 -5.1079872e+001 -4.9814880e+001 -5.1489616e+001 -5.1096115e+001 -5.0821781e+001 -4.9593872e+001 -4.9871101e+001
  8.0000000e-002 -5.1101082e+001 -4.9831890e+001 -5.1505840e+001 -5.1093719e+001 -5.0815250e+001 -4.9573410e+001 -4.9885498e+001
  8.6666667e-002 -5.1118309e+001 -4.9824318e+001 -5.1520874e+001 -5.1075260e+001 -5.0819439e+001 -4.9585300e+001 -4.9893883e+001
  9.3333333e-002 -5.1120564e+001 -4.9804493e+001 -5.1553955e+001 -5.1072353e+001 -5.0786640e+001 -4.9545696e+001 -4.9900944e+001
  1.0000000e-001 -5.1108738e+001 -4.9820492e+001 -5.1555023e+001 -5.1052620e+001 -5.0758373e+001 -4.9502289e+001 -4.9922634e+001
  1.0666667e-001 -5.1125793e+001 -4.9827717e+001 -5.1550888e+001 -5.1050507e+001 -5.0753582e+001 -4.9510548e+001 -4.9917416e+001
  1.1333333e-001 -5.1129608e+001 -4.9832062e+001 -5.1544788e+001 -5.1041546e+001 -5.0746819e+001 -4.9473900e+001 -4.9927841e+001
  1.2000000e-001 -5.1132488e+001 -4.9867840e+001 -5.1564720e+001 -5.1048927e+001 -5.0756310e+001 -4.9448875e+001 -4.9941254e+001
  1.2666667e-001 -5.1143661e+001 -4.9843441e+001 -5.1595989e+001 -5.1060360e+001 -5.0780365e+001 -4.9428223e+001 -4.9956047e+001
  1.3333333e-001 -5.1200729e+001 -4.9860355e+001 -5.1615555e+001 -5.1107033e+001 -5.0810986e+001 -4.9392639e+001 -4.9990269e+001
  1.4000000e-001 -5.1227905e+001 -4.9923954e+001 -5.1637791e+001 -5.1118454e+001 -5.0815369e+001 -4.9397423e+001 -5.0050556e+001
  1.4666667e-001 -5.1217518e+001 -4.9977699e+001 -5.1667774e+001 -5.1148849e+001 -5.0837753e+001 -4.9489017e+001 -5.0124920e+001
  1.5333333e-001 -5.1249306e+001 -5.0037426e+001 -5.1714817e+001 -5.1265957e+001 -5.0827347e+001 -4.9600765e+001 -5.0280502e+001
  1.6000000e-001 -5.1349194e+001 -5.0142815e+001 -5.1774490e+001 -5.1389629e+001 -5.0838554e+001 -4.9765625e+001 -5.0514557e+001
  1.6666667e-001 -5.1452133e+001 -5.0243835e+001 -5.1896473e+001 -5.1591259e+001 -5.0884270e+001 -5.0020241e+001 -5.0850487e+001
  1.7333333e-001 -5.1692371e+001 -5.0393951e+001 -5.2134983e+001 -5.1861309e+001 -5.0989277e+001 -5.0367401e+001 -5.1300686e+001
  1.8000000e-001 -5.1992142e+001 -5.0665150e+001 -5.2484142e+001 -5.2182064e+001 -5.1197689e+001 -5.0818039e+001 -5.1857811e+001
  1.8666667e-001 -5.2449944e+001 -5.1077271e+001 -5.2981293e+001 -5.2538647e+001 -5.1523762e+001 -5.1255596e+001 -5.2556965e+001
  1.9333333e-001 -5.2963581e+001 -5.1590157e+001 -5.3692612e+001 -5.2913448e+001 -5.1972332e+001 -5.1667229e+001 -5.3208706e+001
  2.0000000e-001 -5.3555168e+001 -5.2264660e+001 -5.4552044e+001 -5.3223572e+001 -5.2497341e+001 -5.2115135e+001 -5.3872879e+001
  2.0666667e-001 -5.4323765e+001 -5.3047379e+001 -5.5470978e+001 -5.3489597e+001 -5.3063461e+001 -5.2581997e+001 -5.4481445e+001
  2.1333333e-001 -5.5285042e+001 -5.3703770e+001 -5.6181244e+001 -5.3632813e+001 -5.3705402e+001 -5.3049580e+001 -5.4945370e+001
  2.2000000e-001 -5.6407261e+001 -5.4287346e+001 -5.6586533e+001 -5.3668903e+001 -5.4267902e+001 -5.3446163e+001 -5.5170891e+001
  2.2666667e-001 -5.7365215e+001 -5.4944302e+001 -5.6855564e+001 -5.3635654e+001 -5.4753895e+001 -5.3700222e+001 -5.5091167e+001
  2.3333333e-001 -5.7883457e+001 -5.5578827e+001 -5.6968121e+001 -5.3604736e+001 -5.5062157e+001 -5.3752563e+001 -5.4739468e+001
  2.4000000e-001 -5.8576256e+001 -5.6053986e+001 -5.6967373e+001 -5.3566704e+001 -5.5060986e+001 -5.3669289e+001 -5.4201004e+001
  2.4666667e-001 -5.9276440e+001 -5.6274048e+001 -5.6737724e+001 -5.3417824e+001 -5.4713261e+001 -5.3456100e+001 -5.3535786e+001
  2.5333333e-001 -5.9710178e+001 -5.6331787e+001 -5.6232422e+001 -5.3208397e+001 -5.4156052e+001 -5.3242546e+001 -5.2796829e+001
  2.6000000e-001 -5.9759438e+001 -5.6243652e+001 -5.5555202e+001 -5.2942028e+001 -5.3588203e+001 -5.3046940e+001 -5.2146950e+001
  2.6666667e-001 -5.9365875e+001 -5.5832737e+001 -5.4808060e+001 -5.2737202e+001 -5.3238384e+001 -5.2661758e+001 -5.1730045e+001
  2.7333333e-001 -5.8654537e+001 -5.5037064e+001 -5.4022476e+001 -5.2732666e+001 -5.3260330e+001 -5.1973228e+001 -5.1672356e+001
  2.8000000e-001 -5.7948711e+001 -5.3967495e+001 -5.3283428e+001 -5.2951298e+001 -5.3506454e+001 -5.0943188e+001 -5.2018650e+001
  2.8666667e-001 -5.7489021e+001 -5.3209393e+001 -5.2697617e+001 -5.3446152e+001 -5.4057968e+001 -4.9515343e+001 -5.2521755e+001
  2.9333333e-001 -5.7162392e+001 -5.3678619e+001 -5.2593945e+001 -5.4073231e+001 -5.4223335e+001 -4.8030315e+001 -5.3111889e+001
  3.0000000e-001 -5.7048191e+001 -5.5178497e+001 -5.3655853e+001 -5.4676170e+001 -5.4322067e+001 -4.6867840e+001 -5.3650478e+001
  3.0666667e-001 -5.7197598e+001 -5.7078518e+001 -5.4927433e+001 -5.5180344e+001 -5.4645771e+001 -4.6526474e+001 -5.4088646e+001
  3.1333333e-001 -5.7598679e+001 -5.8806229e+001 -5.6483135e+001 -5.5398960e+001 -5.5279057e+001 -4.7226704e+001 -5.4405865e+001
  3.2000000e-001 -5.8217823e+001 -6.0014790e+001 -5.7681599e+001 -5.5378899e+001 -5.5941334e+001 -4.8706707e+001 -5.4536709e+001
  3.2666667e-001 -5.8789848e+001 -6.0492035e+001 -5.8451584e+001 -5.5079388e+001 -5.7016209e+001 -5.0485279e+001 -5.4590542e+001
  3.3333333e-001 -5.9291275e+001 -6.0219154e+001 -5.8708618e+001 -5.4628883e+001 -5.8052700e+001 -5.2239677e+001 -5.4678997e+001
  3.4000000e-001 -5.9556545e+001 -5.9421547e+001 -5.8367191e+001 -5.4118687e+001 -5.8974136e+001 -5.3838760e+001 -5.4757820e+001
  3.4666667e-001 -5.9795212e+001 -5.8531151e+001 -5.8339741e+001 -5.3768196e+001 -5.9736862e+001 -5.5224640e+001 -5.4903038e+001
  3.5333333e-001 -6.0079979e+001 -5.7861027e+001 -5.8501705e+001 -5.3754364e+001 -6.0487064e+001 -5.6188984e+001 -5.4979008e+001
  3.6000000e-001 -6.0433167e+001 -5.7510746e+001 -5.8801311e+001 -5.4002674e+001 -6.1201168e+001 -5.6640759e+001 -5.4958515e+001
  3.6666667e-001 -6.0938530e+001 -5.7400684e+001 -5.9144283e+001 -5.4391201e+001 -6.1899326e+001 -5.6433819e+001 -5.4781689e+001
  3.7333333e-001 -6.1773849e+001 -5.7426476e+001 -5.9542946e+001 -5.4730564e+001 -6.2571178e+001 -5.5778118e+001 -5.4389828e+001
  3.8000000e-001 -6.3043678e+001 -5.7627605e+001 -5.9805035e+001 -5.5050545e+001 -6.3318851e+001 -5.4881294e+001 -5.3779034e+001
  3.8666667e-001 -6.4624313e+001 -5.7993011e+001 -5.9837635e+001 -5.5270489e+001 -6.4227936e+001 -5.4066223e+001 -5.2976246e+001
  3.9333333e-001 -6.6410378e+001 -5.8371487e+001 -5.9651043e+001 -5.5412811e+001 -6.4875755e+001 -5.3783817e+001 -5.2155910e+001
  4.0000000e-001 -6.7688225e+001 -5.8882336e+001 -5.9450378e+001 -5.5449478e+001 -6.5210663e+001 -5.3965313e+001 -5.1471069e+001
  4.0666667e-001 -6.7914383e+001 -5.9241879e+001 -5.9359726e+001 -5.5425114e+001 -6.5724182e+001 -5.4390465e+001 -5.1027592e+001
  4.1333333e-001 -6.7045456e+001 -5.8782467e+001 -5.9356537e+001 -5.5242634e+001 -6.6623047e+001 -5.4899700e+001 -5.0916660e+001
  4.2000000e-001 -6.5721840e+001 -5.7392132e+001 -5.9471680e+001 -5.4899605e+001 -6.8237411e+001 -5.5277084e+001 -5.1041962e+001
  4.2666667e-001 -6.4661842e+001 -5.6169880e+001 -5.9735298e+001 -5.4558102e+001 -7.1110947e+001 -5.5178665e+001 -5.1380646e+001
  4.3333333e-001 -6.4147949e+001 -5.4928699e+001 -6.0076405e+001 -5.4359932e+001 -7.2040359e+001 -5.4601532e+001 -5.1841438e+001
  4.4000000e-001 -6.3947620e+001 -5.4161755e+001 -6.0358101e+001 -5.4391285e+001 -7.1920059e+001 -5.4112740e+001 -5.2423389e+001
  4.4666667e-001 -6.3940105e+001 -5.3210781e+001 -6.0591423e+001 -5.4665951e+001 -7.1167511e+001 -5.3475582e+001 -5.3093098e+001
  4.5333333e-001 -6.3979038e+001 -5.2601772e+001 -6.0793118e+001 -5.5127319e+001 -6.8739281e+001 -5.2835194e+001 -5.3787804e+001
  4.6000000e-001 -6.4019905e+001 -5.2590412e+001 -6.0780735e+001 -5.5581059e+001 -6.7381798e+001 -5.2284687e+001 -5.4393383e+001
  4.6666667e-001 -6.3810257e+001 -5.3136196e+001 -6.0816429e+001 -5.5942097e+001 -6.6959404e+001 -5.1922749e+001 -5.4832424e+001
  4.7333333e-001 -6.3463940e+001 -5.4045998e+001 -6.0807938e+001 -5.6224331e+001 -6.5772354e+001 -5.1723316e+001 -5.5002800e+001
  4.8000000e-001 -6.3152840e+001 -5.5188152e+001 -6.0952293e+001 -5.6393856e+001 -6.3694397e+001 -5.1750713e+001 -5.4883701e+001
  4.8666667e-001 -6.3125469e+001 -5.6407146e+001 -6.1053921e+001 -5.6501965e+001 -6.3014740e+001 -5.1796734e+001 -5.4497040e+001
  4.9333333e-001 -6.3458839e+001 -5.7475380e+001 -6.1174721e+001 -5.6454350e+001 -6.2559662e+001 -5.2049339e+001 -5.3990532e+001
  5.0000000e-001 -6.4050079e+001 -5.8064110e+001 -6.1256660e+001 -5.6332619e+001 -6.2190594e+001 -5.2524319e+001 -5.3464458e+001
  5.0666667e-001 -6.4775208e+001 -5.7996750e+001 -6.1259552e+001 -5.6053356e+001 -6.1999451e+001 -5.2587551e+001 -5.2864281e+001
  5.1333333e-001 -6.5541374e+001 -5.7441139e+001 -6.1200680e+001 -5.5735439e+001 -6.2080315e+001 -5.2726162e+001 -5.2241947e+001
  5.2000000e-001 -6.6402481e+001 -5.6542114e+001 -6.1249912e+001 -5.5510548e+001 -6.2576035e+001 -5.2791588e+001 -5.1651722e+001
  5.2666667e-001 -6.7294746e+001 -5.5591221e+001 -6.1172363e+001 -5.5386143e+001 -6.3205204e+001 -5.2853951e+001 -5.1236252e+001
  5.3333333e-001 -6.7981529e+001 -5.4754387e+001 -6.1061081e+001 -5.5229683e+001 -6.3838364e+001 -5.2973732e+001 -5.0924164e+001
  5.4000000e-001 -6.8380890e+001 -5.4210663e+001 -6.0878719e+001 -5.5049587e+001 -6.4441849e+001 -5.3072598e+001 -5.0723873e+001
  5.4666667e-001 -6.8499596e+001 -5.3897671e+001 -6.0696354e+001 -5.4885983e+001 -6.4705185e+001 -5.3163658e+001 -5.0747093e+001
  5.5333333e-001 -6.8423378e+001 -5.3851593e+001 -6.0453663e+001 -5.4647835e+001 -6.4779480e+001 -5.3227158e+001 -5.0942978e+001
  5.6000000e-001 -6.8296280e+001 -5.3876083e+001 -6.0241219e+001 -5.4335896e+001 -6.4605896e+001 -5.3239235e+001 -5.1329540e+001
  5.6666667e-001 -6.8162048e+001 -5.4105099e+001 -6.0165497e+001 -5.4017670e+001 -6.4256744e+001 -5.3157467e+001 -5.1751488e+001
  5.7333333e-001 -6.8016327e+001 -5.4365593e+001 -6.0265976e+001 -5.3695232e+001 -6.3793079e+001 -5.2947708e+001 -5.2209389e+001
  5.8000000e-001 -6.7884995e+001 -5.4572559e+001 -6.0424156e+001 -5.3472977e+001 -6.3280312e+001 -5.2632374e+001 -5.2501419e+001
  5.8666667e-001 -6.7665306e+001 -5.4700825e+001 -6.0736237e+001 -5.3289852e+001 -6.2901337e+001 -5.2253143e+001 -5.2676464e+001
  5.9333333e-001 -6.7475876e+001 -5.4621384e+001 -6.1124989e+001 -5.3237602e+001 -6.2608116e+001 -5.1852074e+001 -5.2628376e+001
  6.0000000e-001 -6.7550507e+001 -5.4386387e+001 -6.1411591e+001 -5.3178528e+001 -6.2506359e+001 -5.1487690e+001 -5.2488663e+001
  6.0666667e-001 -6.7741989e+001 -5.4046452e+001 -6.1580986e+001 -5.3143024e+001 -6.2471371e+001 -5.1184158e+001 -5.2352364e+001
  6.1333333e-001 -6.7950340e+001 -5.3592278e+001 -6.1566669e+001 -5.3059422e+001 -6.2464504e+001 -5.1022968e+001 -5.2179317e+001
  6.2000000e-001 -6.7815727e+001 -5.3189178e+001 -6.1362885e+001 -5.3012611e+001 -6.2293724e+001 -5.0992611e+001 -5.2060772e+001
  6.2666667e-001 -6.7737480e+001 -5.2862389e+001 -6.0988903e+001 -5.2922550e+001 -6.2001999e+001 -5.1000473e+001 -5.1995453e+001
  6.3333333e-001 -6.7547417e+001 -5.2578022e+001 -6.0423584e+001 -5.2761837e+001 -6.1687286e+001 -5.1034775e+001 -5.1949711e+001
  6.4000000e-001 -6.7612320e+001 -5.2400246e+001 -5.9841141e+001 -5.2669827e+001 -6.1351738e+001 -5.1085220e+001 -5.1908981e+001
  6.4666667e-001 -6.7691803e+001 -5.2219807e+001 -5.9204128e+001 -5.2656212e+001 -6.1021702e+001 -5.1168262e+001 -5.1841961e+001
  6.5333333e-001 -6.7663033e+001 -5.2063305e+001 -5.8625576e+001 -5.2614994e+001 -6.0793343e+001 -5.1253738e+001 -5.1716934e+001
  6.6000000e-001 -6.7493286e+001 -5.1854595e+001 -5.8100288e+001 -5.2679703e+001 -6.0704372e+001 -5.1271141e+001 -5.1500401e+001
  6.6666667e-001 -6.7266533e+001 -5.1659508e+001 -5.7590538e+001 -5.2803085e+001 -6.0625526e+001 -5.1236389e+001 -5.1245495e+001
  6.7333333e-001 -6.6839088e+001 -5.1496487e+001 -5.7167023e+001 -5.3014378e+001 -6.0385738e+001 -5.1276695e+001 -5.0935055e+001
  6.8000000e-001 -6.6513596e+001 -5.1354248e+001 -5.6808918e+001 -5.3229977e+001 -5.9962318e+001 -5.1348679e+001 -5.0602318e+001
  6.8666667e-001 -6.6089722e+001 -5.1287968e+001 -5.6441761e+001 -5.3446037e+001 -5.9575287e+001 -5.1460102e+001 -5.0329395e+001
  6.9333333e-001 -6.5817429e+001 -5.1302467e+001 -5.6206276e+001 -5.3626060e+001 -5.9228683e+001 -5.1555618e+001 -5.0152164e+001
  7.0000000e-001 -6.5514305e+001 -5.1431171e+001 -5.6052532e+001 -5.3687931e+001 -5.8974533e+001 -5.1532223e+001 -5.0158588e+001
  7.0666667e-001 -6.5184761e+001 -5.1630192e+001 -5.6029236e+001 -5.3623722e+001 -5.8827469e+001 -5.1428570e+001 -5.0232239e+001
  7.1333333e-001 -6.4896378e+001 -5.1874828e+001 -5.6058304e+001 -5.3421535e+001 -5.8779919e+001 -5.1266369e+001 -5.0323330e+001
  7.2000000e-001 -6.4662186e+001 -5.2100674e+001 -5.6265572e+001 -5.3160965e+001 -5.8805191e+001 -5.1032772e+001 -5.0473053e+001
  7.2666667e-001 -6.4516808e+001 -5.2230408e+001 -5.6441124e+001 -5.2927383e+001 -5.8886593e+001 -5.0815548e+001 -5.0552120e+001
  7.3333333e-001 -6.4425987e+001 -5.2262497e+001 -5.6521870e+001 -5.2784767e+001 -5.8985256e+001 -5.0538227e+001 -5.0525330e+001
  7.4000000e-001 -6.4381042e+001 -5.2199535e+001 -5.6514408e+001 -5.2779594e+001 -5.9062656e+001 -5.0337124e+001 -5.0421688e+001
  7.4666667e-001 -6.4374664e+001 -5.2023647e+001 -5.6356571e+001 -5.2805504e+001 -5.9032623e+001 -5.0215351e+001 -5.0277512e+001
  7.5333333e-001 -6.4310837e+001 -5.1801373e+001 -5.6016037e+001 -5.2925453e+001 -5.8886681e+001 -5.0126465e+001 -5.0041950e+001
  7.6000000e-001 -6.4212608e+001 -5.1612938e+001 -5.5510849e+001 -5.2995560e+001 -5.8652264e+001 -5.0104023e+001 -4.9859161e+001
  7.6666667e-001 -6.4088226e+001 -5.1404091e+001 -5.4985588e+001 -5.3011471e+001 -5.8343708e+001 -5.0090843e+001 -4.9659245e+001
  7.7333333e-001 -6.3944859e+001 -5.1288731e+001 -5.4468273e+001 -5.2941616e+001 -5.8055870e+001 -5.0055111e+001 -4.9488216e+001
  7.8000000e-001 -6.3735653e+001 -5.1201393e+001 -5.4087936e+001 -5.2768345e+001 -5.7818981e+001 -4.9955048e+001 -4.9321228e+001
  7.8666667e-001 -6.3465149e+001 -5.1155544e+001 -5.3851795e+001 -5.2528297e+001 -5.7518177e+001 -4.9751537e+001 -4.9096073e+001
  7.9333333e-001 -6.3239807e+001 -5.1158630e+001 -5.3792736e+001 -5.2246197e+001 -5.7202820e+001 -4.9553345e+001 -4.8894909e+001
  8.0000000e-001 -6.3009228e+001 -5.1135803e+001 -5.3874668e+001 -5.2008408e+001 -5.6828293e+001 -4.9306961e+001 -4.8726032e+001
  8.0666667e-001 -6.2815975e+001 -5.1050121e+001 -5.4032982e+001 -5.1797325e+001 -5.6420101e+001 -4.8998497e+001 -4.8536911e+001
  8.1333333e-001 -6.2599865e+001 -5.0917686e+001 -5.4161411e+001 -5.1718018e+001 -5.5992432e+001 -4.8648026e+001 -4.8343433e+001
  8.2000000e-001 -6.2385082e+001 -5.0785706e+001 -5.4221500e+001 -5.1707325e+001 -5.5576698e+001 -4.8360409e+001 -4.8179474e+001
  8.2666667e-001 -6.2159081e+001 -5.0597126e+001 -5.4179287e+001 -5.1784706e+001 -5.5115753e+001 -4.8156887e+001 -4.8019829e+001
  8.3333333e-001 -6.1913044e+001 -5.0445496e+001 -5.3961536e+001 -5.1886272e+001 -5.4759998e+001 -4.8039898e+001 -4.7897285e+001
  8.4000000e-001 -6.1673965e+001 -5.0388214e+001 -5.3647251e+001 -5.1945438e+001 -5.4545303e+001 -4.7942257e+001 -4.7801792e+001
  8.4666667e-001 -6.1497440e+001 -5.0325443e+001 -5.3319183e+001 -5.1985867e+001 -5.4378117e+001 -4.7859627e+001 -4.7660690e+001
  8.5333333e-001 -6.1314930e+001 -5.0325977e+001 -5.3001331e+001 -5.1921707e+001 -5.4340279e+001 -4.7785030e+001 -4.7547100e+001
  8.6000000e-001 -6.1174507e+001 -5.0345810e+001 -5.2788792e+001 -5.1775776e+001 -5.4423801e+001 -4.7640499e+001 -4.7385960e+001
  8.6666667e-001 -6.1130898e+001 -5.0341343e+001 -5.2655201e+001 -5.1611988e+001 -5.4627464e+001 -4.7459061e+001 -4.7243958e+001
  8.7333333e-001 -6.1011677e+001 -5.0334610e+001 -5.2624249e+001 -5.1414318e+001 -5.4887970e+001 -4.7194149e+001 -4.7137432e+001
  8.8000000e-001 -6.0890247e+001 -5.0331345e+001 -5.2663883e+001 -5.1209667e+001 -5.5145920e+001 -4.6996544e+001 -4.7075542e+001
  8.8666667e-001 -6.0846516e+001 -5.0311695e+001 -5.2758801e+001 -5.1028240e+001 -5.5378574e+001 -4.6810463e+001 -4.7044849e+001
  8.9333333e-001 -6.0753338e+001 -5.0261326e+001 -5.2871662e+001 -5.0822517e+001 -5.5526508e+001 -4.6642021e+001 -4.7022770e+001
  9.0000000e-001 -6.0704605e+001 -5.0090137e+001 -5.2933861e+001 -5.0595360e+001 -5.5575069e+001 -4.6426239e+001 -4.7025291e+001
  9.0666667e-001 -6.0640366e+001 -4.9941795e+001 -5.2957329e+001 -5.0447666e+001 -5.5579414e+001 -4.6268719e+001 -4.6952152e+001
  9.1333333e-001 -6.0602665e+001 -4.9742649e+001 -5.2891220e+001 -5.0282055e+001 -5.5587784e+001 -4.6106960e+001 -4.6858604e+001
  9.2000000e-001 -6.0605347e+001 -4.9561852e+001 -5.2753147e+001 -5.0116280e+001 -5.5498859e+001 -4.5853115e+001 -4.6726303e+001
  9.2666667e-001 -6.0597198e+001 -4.9377083e+001 -5.2614555e+001 -4.9926102e+001 -5.5397591e+001 -4.5631298e+001 -4.6527855e+001
  9.3333333e-001 -6.0515846e+001 -4.9249546e+001 -5.2473198e+001 -4.9754906e+001 -5.5242756e+001 -4.5380524e+001 -4.6320591e+001
  9.4000000e-001 -6.0431355e+001 -4.9133381e+001 -5.2321430e+001 -4.9606052e+001 -5.5043674e+001 -4.5170918e+001 -4.6229794e+001
  9.4666667e-001 -6.0301903e+001 -4.9029140e+001 -5.2175758e+001 -4.9409332e+001 -5.4889915e+001 -4.4988018e+001 -4.6121841e+001
  9.5333333e-001 -6.0120747e+001 -4.8893642e+001 -5.2097328e+001 -4.9248329e+001 -5.4770889e+001 -4.4835148e+001 -4.6058178e+001
  9.6000000e-001 -5.9914707e+001 -4.8779469e+001 -5.2041843e+001 -4.9070873e+001 -5.4668106e+001 -4.4795074e+001 -4.5997604e+001
  9.6666667e-001 -5.9701202e+001 -4.8692616e+001 -5.1991684e+001 -4.8843201e+001 -5.4576019e+001 -4.4837074e+001 -4.5901115e+001
  9.7333333e-001 -5.9512737e+001 -4.8579647e+001 -5.2013161e+001 -4.8620373e+001 -5.4509029e+001 -4.4887527e+001 -4.5843868e+001
  9.8000000e-001 -5.9342537e+001 -4.8525723e+001 -5.2063351e+001 -4.8402931e+001 -5.4406181e+001 -4.5017643e+001 -4.5800232e+001
  9.8666667e-001 -5.9192142e+001 -4.8421913e+001 -5.2152393e+001 -4.8230854e+001 -5.4388103e+001 -4.5149204e+001 -4.5779812e+001
  9.9333333e-001 -5.9087856e+001 -4.8321384e+001 -5.2249008e+001 -4.8044033e+001 -5.4411148e+001 -4.5267673e+001 -4.5765244e+001
  1.0000000e+000 -5.9044117e+001 -4.8270016e+001 -5.2239159e+001 -4.7910507e+001 -5.4439442e+001 -4.5300411e+001 -4.5734089e+001
  1.0066667e+000 -5.9085781e+001 -4.8220936e+001 -5.2216522e+001 -4.7737495e+001 -5.4517365e+001 -4.5265026e+001 -4.5661541e+001
  1.0133333e+000 -5.9110058e+001 -4.8211689e+001 -5.2181236e+001 -4.7586487e+001 -5.4585213e+001 -4.5220509e+001 -4.5570213e+001
  1.0200000e+000 -5.9167786e+001 -4.8222546e+001 -5.2142246e+001 -4.7372177e+001 -5.4623524e+001 -4.5081825e+001 -4.5469910e+001
  1.0266667e+000 -5.9212715e+001 -4.8220848e+001 -5.2215351e+001 -4.7211414e+001 -5.4630020e+001 -4.4951488e+001 -4.5398548e+001
  1.0333333e+000 -5.9228703e+001 -4.8315166e+001 -5.2356522e+001 -4.7076080e+001 -5.4635208e+001 -4.4818447e+001 -4.5340244e+001
  1.0400000e+000 -5.9293343e+001 -4.8415001e+001 -5.2519001e+001 -4.7064117e+001 -5.4611397e+001 -4.4667950e+001 -4.5253532e+001
  1.0466667e+000 -5.9384792e+001 -4.8450996e+001 -5.2673767e+001 -4.7083714e+001 -5.4600746e+001 -4.4497051e+001 -4.5253666e+001
  1.0533333e+000 -5.9474022e+001 -4.8473934e+001 -5.2798004e+001 -4.7153419e+001 -5.4543774e+001 -4.4355465e+001 -4.5242802e+001
  1.0600000e+000 -5.9518452e+001 -4.8502163e+001 -5.2842369e+001 -4.7314709e+001 -5.4513180e+001 -4.4275478e+001 -4.5295441e+001
  1.0666667e+000 -5.9505955e+001 -4.8493095e+001 -5.2800488e+001 -4.7493252e+001 -5.4482807e+001 -4.4135845e+001 -4.5332600e+001
  1.0733333e+000 -5.9463108e+001 -4.8431629e+001 -5.2757217e+001 -4.7724400e+001 -5.4387741e+001 -4.4059635e+001 -4.5367027e+001
  1.0800000e+000 -5.9387737e+001 -4.8383686e+001 -5.2710918e+001 -4.7878437e+001 -5.4297035e+001 -4.4031174e+001 -4.5368999e+001
  1.0866667e+000 -5.9296669e+001 -4.8316994e+001 -5.2699574e+001 -4.7965435e+001 -5.4280205e+001 -4.4065014e+001 -4.5312382e+001
  1.0933333e+000 -5.9173378e+001 -4.8256058e+001 -5.2727768e+001 -4.8023376e+001 -5.4202534e+001 -4.4109203e+001 -4.5279850e+001
  1.1000000e+000 -5.9037682e+001 -4.8239899e+001 -5.2753105e+001 -4.8116337e+001 -5.4091549e+001 -4.4169365e+001 -4.5186588e+001
  1.1066667e+000 -5.8939888e+001 -4.8216244e+001 -5.2908733e+001 -4.8182335e+001 -5.4046555e+001 -4.4191071e+001 -4.5103203e+001
  1.1133333e+000 -5.8811958e+001 -4.8245743e+001 -5.3062801e+001 -4.8216084e+001 -5.4000542e+001 -4.4208660e+001 -4.5068970e+001
  1.1200000e+000 -5.8702770e+001 -4.8281673e+001 -5.3274635e+001 -4.8350170e+001 -5.3932446e+001 -4.4191257e+001 -4.5022011e+001
  1.1266667e+000 -5.8545902e+001 -4.8346470e+001 -5.3480598e+001 -4.8458794e+001 -5.3922943e+001 -4.4201736e+001 -4.5011337e+001
  1.1333333e+000 -5.8427952e+001 -4.8437420e+001 -5.3771240e+001 -4.8513897e+001 -5.3894154e+001 -4.4152672e+001 -4.5047695e+001
  1.1400000e+000 -5.8330097e+001 -4.8520969e+001 -5.4006428e+001 -4.8556190e+001 -5.3854561e+001 -4.4061897e+001 -4.5168751e+001
  1.1466667e+000 -5.8319420e+001 -4.8659847e+001 -5.4127434e+001 -4.8669342e+001 -5.3849236e+001 -4.3994938e+001 -4.5275585e+001
  1.1533333e+000 -5.8342602e+001 -4.8746548e+001 -5.4098961e+001 -4.8709156e+001 -5.3838497e+001 -4.3948246e+001 -4.5345314e+001
  1.1600000e+000 -5.8362907e+001 -4.8850517e+001 -5.3954166e+001 -4.8730412e+001 -5.3716373e+001 -4.3940125e+001 -4.5389404e+001
  1.1666667e+000 -5.8402351e+001 -4.8981201e+001 -5.3749100e+001 -4.8736835e+001 -5.3722164e+001 -4.3956066e+001 -4.5366028e+001
  1.1733333e+000 -5.8461166e+001 -4.9107525e+001 -5.3609436e+001 -4.8743271e+001 -5.3669075e+001 -4.3989639e+001 -4.5306175e+001
  1.1800000e+000 -5.8509533e+001 -4.9182953e+001 -5.3505455e+001 -4.8771423e+001 -5.3626453e+001 -4.4013840e+001 -4.5255695e+001
  1.1866667e+000 -5.8522175e+001 -4.9217049e+001 -5.3524590e+001 -4.8749561e+001 -5.3549431e+001 -4.4104969e+001 -4.5270130e+001
  1.1933333e+000 -5.8460068e+001 -4.9209427e+001 -5.3587456e+001 -4.8638264e+001 -5.3483505e+001 -4.4235600e+001 -4.5278069e+001
  1.2000000e+000 -5.8458443e+001 -4.9169613e+001 -5.3621861e+001 -4.8601124e+001 -5.3401070e+001 -4.4348625e+001 -4.5338825e+001
  1.2066667e+000 -5.8409874e+001 -4.9135612e+001 -5.3629803e+001 -4.8581959e+001 -5.3390106e+001 -4.4457245e+001 -4.5507587e+001
  1.2133333e+000 -5.8328865e+001 -4.9044155e+001 -5.3582447e+001 -4.8593124e+001 -5.3384914e+001 -4.4552727e+001 -4.5613407e+001
  1.2200000e+000 -5.8301163e+001 -4.8970303e+001 -5.3503712e+001 -4.8637741e+001 -5.3348660e+001 -4.4595169e+001 -4.5726955e+001
  1.2266667e+000 -5.8262157e+001 -4.8959053e+001 -5.3464493e+001 -4.8697281e+001 -5.3283615e+001 -4.4641430e+001 -4.5762314e+001
  1.2333333e+000 -5.8226604e+001 -4.8910858e+001 -5.3465973e+001 -4.8826893e+001 -5.3191719e+001 -4.4649933e+001 -4.5824059e+001
  1.2400000e+000 -5.8150810e+001 -4.8920410e+001 -5.3403648e+001 -4.8966682e+001 -5.3134476e+001 -4.4658241e+001 -4.5836605e+001
  1.2466667e+000 -5.8134945e+001 -4.8907818e+001 -5.3288879e+001 -4.9022911e+001 -5.2982624e+001 -4.4677639e+001 -4.5843868e+001
  1.2533333e+000 -5.8087414e+001 -4.8895794e+001 -5.3074757e+001 -4.9143879e+001 -5.2874542e+001 -4.4704105e+001 -4.5849426e+001
  1.2600000e+000 -5.7984428e+001 -4.8904270e+001 -5.2699402e+001 -4.9232674e+001 -5.2766125e+001 -4.4700996e+001 -4.5878704e+001
  1.2666667e+000 -5.7900322e+001 -4.8972607e+001 -5.2096416e+001 -4.9289429e+001 -5.2659355e+001 -4.4669106e+001 -4.5924049e+001
  1.2733333e+000 -5.7820610e+001 -4.9051495e+001 -5.1311951e+001 -4.9300858e+001 -5.2463650e+001 -4.4648430e+001 -4.6018074e+001
  1.2800000e+000 -5.7731457e+001 -4.9085880e+001 -5.0418549e+001 -4.9338715e+001 -5.2300465e+001 -4.4617859e+001 -4.6099022e+001
  1.2866667e+000 -5.7657753e+001 -4.9123501e+001 -4.9565807e+001 -4.9315182e+001 -5.2186806e+001 -4.4636307e+001 -4.6205925e+001
  1.2933333e+000 -5.7623821e+001 -4.9121899e+001 -4.8778095e+001 -4.9256844e+001 -5.2060219e+001 -4.4618980e+001 -4.6308144e+001
  1.3000000e+000 -5.7567463e+001 -4.9113804e+001 -4.8075100e+001 -4.9219780e+001 -5.1969154e+001 -4.4616302e+001 -4.6362041e+001
  1.3066667e+000 -5.7540470e+001 -4.9090252e+001 -4.7474800e+001 -4.9227188e+001 -5.1815697e+001 -4.4600780e+001 -4.6374271e+001
  1.3133333e+000 -5.7502907e+001 -4.9127949e+001 -4.7433880e+001 -4.9271481e+001 -5.1644596e+001 -4.4585400e+001 -4.6371414e+001
  1.3200000e+000 -5.7450737e+001 -4.9065948e+001 -4.6997612e+001 -4.9296547e+001 -5.1413193e+001 -4.4561420e+001 -4.6349186e+001
  1.3266667e+000 -5.7417824e+001 -4.9084507e+001 -4.6546688e+001 -4.9366646e+001 -5.1172810e+001 -4.4514229e+001 -4.6330982e+001
  1.3333333e+000 -5.7373585e+001 -4.9110897e+001 -4.6037159e+001 -4.9465851e+001 -5.0932194e+001 -4.4504463e+001 -4.6289261e+001
  1.3400000e+000 -5.7292725e+001 -4.9158329e+001 -4.5691006e+001 -4.9518417e+001 -5.0697906e+001 -4.4486259e+001 -4.6245564e+001
  1.3466667e+000 -5.7208431e+001 -4.9210430e+001 -4.5459343e+001 -4.9620026e+001 -5.0457985e+001 -4.4463757e+001 -4.6255268e+001
  1.3533333e+000 -5.7162392e+001 -4.9244560e+001 -4.5513359e+001 -4.9707981e+001 -5.0229691e+001 -4.4426201e+001 -4.6271698e+001
  1.3600000e+000 -5.7045570e+001 -4.9226540e+001 -4.5700325e+001 -4.9817455e+001 -5.0047028e+001 -4.4398937e+001 -4.6284191e+001
  1.3666667e+000 -5.6925385e+001 -4.9212261e+001 -4.6026928e+001 -4.9911644e+001 -4.9856613e+001 -4.4386471e+001 -4.6281944e+001
  1.3733333e+000 -5.6855118e+001 -4.9204964e+001 -4.6236633e+001 -5.0041065e+001 -4.9721359e+001 -4.4433182e+001 -4.6290581e+001
  1.3800000e+000 -5.6778069e+001 -4.9187332e+001 -4.6248962e+001 -5.0176735e+001 -4.9624264e+001 -4.4488754e+001 -4.6310322e+001
  1.3866667e+000 -5.6666092e+001 -4.9142185e+001 -4.5567734e+001 -5.0351173e+001 -4.9517509e+001 -4.4543846e+001 -4.6273640e+001
  1.3933333e+000 -5.6641434e+001 -4.9107121e+001 -4.4218548e+001 -5.0517670e+001 -4.9352795e+001 -4.4625935e+001 -4.6260136e+001
  1.4000000e+000 -5.6571175e+001 -4.9057163e+001 -4.2648773e+001 -5.0664742e+001 -4.9295216e+001 -4.4736023e+001 -4.6247715e+001
  1.4066667e+000 -5.6516212e+001 -4.9053356e+001 -4.1859417e+001 -5.0770199e+001 -4.9223251e+001 -4.4870811e+001 -4.6242012e+001
  1.4133333e+000 -5.6438576e+001 -4.9023895e+001 -4.2093719e+001 -5.0785381e+001 -4.9183575e+001 -4.4961952e+001 -4.6209946e+001
  1.4200000e+000 -5.6405830e+001 -4.9011887e+001 -4.3332973e+001 -5.0789433e+001 -4.9139160e+001 -4.5058701e+001 -4.6181969e+001
  1.4266667e+000 -5.6338287e+001 -4.9006317e+001 -4.5113209e+001 -5.0812389e+001 -4.9110600e+001 -4.5142551e+001 -4.6223248e+001
  1.4333333e+000 -5.6281799e+001 -4.8964695e+001 -4.6375774e+001 -5.0787136e+001 -4.9096378e+001 -4.5210308e+001 -4.6239864e+001
  1.4400000e+000 -5.6270443e+001 -4.8992985e+001 -4.7657421e+001 -5.0766644e+001 -4.9043179e+001 -4.5282024e+001 -4.6237602e+001
  1.4466667e+000 -5.6221180e+001 -4.8996353e+001 -4.7832569e+001 -5.0710697e+001 -4.8906353e+001 -4.5280827e+001 -4.6230976e+001
  1.4533333e+000 -5.6195747e+001 -4.8989834e+001 -4.7268528e+001 -5.0686214e+001 -4.8773930e+001 -4.5281578e+001 -4.6211720e+001
  1.4600000e+000 -5.6135082e+001 -4.8966122e+001 -4.6745804e+001 -5.0615398e+001 -4.8646011e+001 -4.5255596e+001 -4.6241924e+001
  1.4666667e+000 -5.6125153e+001 -4.8911564e+001 -4.6643677e+001 -5.0497173e+001 -4.8518013e+001 -4.5189240e+001 -4.6205589e+001
  1.4733333e+000 -5.6094315e+001 -4.8911533e+001 -4.6415031e+001 -5.0443172e+001 -4.8460636e+001 -4.5106979e+001 -4.6178898e+001
  1.4800000e+000 -5.5998257e+001 -4.8867065e+001 -4.6057362e+001 -5.0467846e+001 -4.8425388e+001 -4.5021748e+001 -4.6143112e+001
  1.4866667e+000 -5.5947189e+001 -4.8834888e+001 -4.5499226e+001 -5.0515430e+001 -4.8460831e+001 -4.4973534e+001 -4.6107143e+001
  1.4933333e+000 -5.5897823e+001 -4.8826279e+001 -4.5371422e+001 -5.0485531e+001 -4.8538895e+001 -4.4935017e+001 -4.6116009e+001
  1.5000000e+000 -5.5878353e+001 -4.8777386e+001 -4.4949749e+001 -5.0522179e+001 -4.8613956e+001 -4.4929153e+001 -4.6135509e+001
  1.5066667e+000 -5.5787521e+001 -4.8714016e+001 -4.4926552e+001 -5.0598778e+001 -4.8727482e+001 -4.4939728e+001 -4.6106209e+001
  1.5133333e+000 -5.5724403e+001 -4.8714638e+001 -4.5020061e+001 -5.0702496e+001 -4.8729340e+001 -4.4935638e+001 -4.6118458e+001
  1.5200000e+000 -5.5698956e+001 -4.8685307e+001 -4.5366615e+001 -5.0833012e+001 -4.8734222e+001 -4.4992821e+001 -4.6136578e+001
  1.5266667e+000 -5.5692104e+001 -4.8605083e+001 -4.5866642e+001 -5.0958828e+001 -4.8758762e+001 -4.5028461e+001 -4.6194454e+001
  1.5333333e+000 -5.5665302e+001 -4.8596325e+001 -4.6656754e+001 -5.1094784e+001 -4.8832726e+001 -4.5079952e+001 -4.6233181e+001
  1.5400000e+000 -5.5689693e+001 -4.8638412e+001 -4.7263683e+001 -5.1220482e+001 -4.8861858e+001 -4.5151741e+001 -4.6273289e+001
  1.5466667e+000 -5.5636963e+001 -4.8686897e+001 -4.7755035e+001 -5.1266479e+001 -4.8902454e+001 -4.5226250e+001 -4.6358055e+001
  1.5533333e+000 -5.5635540e+001 -4.8674118e+001 -4.7975937e+001 -5.1347336e+001 -4.8962566e+001 -4.5328400e+001 -4.6444492e+001
  1.5600000e+000 -5.5621304e+001 -4.8666897e+001 -4.7884789e+001 -5.1395809e+001 -4.9010906e+001 -4.5384186e+001 -4.6480732e+001
  1.5666667e+000 -5.5603184e+001 -4.8656361e+001 -4.7825333e+001 -5.1473747e+001 -4.9068932e+001 -4.5402950e+001 -4.6500797e+001
  1.5733333e+000 -5.5597206e+001 -4.8658230e+001 -4.7785820e+001 -5.1531319e+001 -4.9110134e+001 -4.5406364e+001 -4.6540581e+001
  1.5800000e+000 -5.5601223e+001 -4.8620457e+001 -4.7964794e+001 -5.1585606e+001 -4.9118073e+001 -4.5442802e+001 -4.6583778e+001
  1.5866667e+000 -5.5572884e+001 -4.8588665e+001 -4.8444443e+001 -5.1635273e+001 -4.9131969e+001 -4.5500698e+001 -4.6654652e+001
  1.5933333e+000 -5.5569298e+001 -4.8581856e+001 -4.8797768e+001 -5.1659477e+001 -4.9181820e+001 -4.5569759e+001 -4.6664719e+001
  1.6000000e+000 -5.5539497e+001 -4.8543224e+001 -4.9142555e+001 -5.1715416e+001 -4.9184959e+001 -4.5578922e+001 -4.6660225e+001
  1.6066667e+000 -5.5518032e+001 -4.8513451e+001 -4.9325401e+001 -5.1752441e+001 -4.9202374e+001 -4.5570343e+001 -4.6707035e+001
  1.6133333e+000 -5.5870621e+001 -4.8493099e+001 -4.9572586e+001 -5.1748177e+001 -4.9198914e+001 -4.5595417e+001 -4.6705132e+001
  1.6200000e+000 -5.5852016e+001 -4.8437294e+001 -4.9826797e+001 -5.1768044e+001 -4.9186661e+001 -4.5640614e+001 -4.6687042e+001
  1.6266667e+000 -5.5475624e+001 -4.8422123e+001 -5.0251423e+001 -5.1736843e+001 -4.9134716e+001 -4.5692463e+001 -4.6690903e+001
  1.6333333e+000 -5.5446358e+001 -4.8399372e+001 -4.9969028e+001 -5.1770523e+001 -4.9076416e+001 -4.5755592e+001 -4.6691486e+001
  1.6400000e+000 -5.5475281e+001 -4.8423611e+001 -5.0257496e+001 -5.1855568e+001 -4.9000401e+001 -4.5821625e+001 -4.6725285e+001
  1.6466667e+000 -5.5544270e+001 -4.8515259e+001 -5.0575771e+001 -5.1922092e+001 -4.8876884e+001 -4.5844894e+001 -4.6808086e+001
  1.6533333e+000 -5.5549721e+001 -4.8579659e+001 -5.1010666e+001 -5.1967514e+001 -4.8781219e+001 -4.5858459e+001 -4.6815517e+001
  1.6600000e+000 -5.5509758e+001 -4.8618416e+001 -5.1498940e+001 -5.2071159e+001 -4.8722057e+001 -4.5920872e+001 -4.6795353e+001
  1.6666667e+000 -5.5497826e+001 -4.8637718e+001 -5.2359161e+001 -5.2094135e+001 -4.8679680e+001 -4.5983204e+001 -4.6806438e+001
  1.6733333e+000 -5.5495739e+001 -4.8644279e+001 -5.3013706e+001 -5.2178246e+001 -4.8644791e+001 -4.6008926e+001 -4.6800377e+001
  1.6800000e+000 -5.5488533e+001 -4.8682220e+001 -5.3989655e+001 -5.2223587e+001 -4.8622246e+001 -4.6043724e+001 -4.6837193e+001
  1.6866667e+000 -5.5520786e+001 -4.8688354e+001 -5.4792412e+001 -5.2233150e+001 -4.8567787e+001 -4.6069893e+001 -4.6872974e+001
  1.6933333e+000 -5.5505234e+001 -4.8701607e+001 -5.5388859e+001 -5.2306995e+001 -4.8577499e+001 -4.6104740e+001 -4.6860210e+001
  1.7000000e+000 -5.5466667e+001 -4.8675842e+001 -5.5777012e+001 -5.2316238e+001 -4.8628803e+001 -4.6129974e+001 -4.6860832e+001
  1.7066667e+000 -5.5466438e+001 -4.8662750e+001 -5.6050972e+001 -5.2332710e+001 -4.8663261e+001 -4.6151695e+001 -4.6822334e+001
  1.7133333e+000 -5.5453857e+001 -4.8684155e+001 -5.6217373e+001 -5.2332329e+001 -4.8724224e+001 -4.6188618e+001 -4.6809319e+001
  1.7200000e+000 -5.5423622e+001 -4.8648659e+001 -5.5962292e+001 -5.2355465e+001 -4.8823139e+001 -4.6230404e+001 -4.6799133e+001
  1.7266667e+000 -5.5391224e+001 -4.8641544e+001 -5.5697128e+001 -5.2351246e+001 -4.8884552e+001 -4.6276241e+001 -4.6856823e+001
  1.7333333e+000 -5.5360031e+001 -4.8631966e+001 -5.5452301e+001 -5.2315567e+001 -4.8956696e+001 -4.6312241e+001 -4.6894245e+001
  1.7400000e+000 -5.5762672e+001 -4.8618488e+001 -5.5459743e+001 -5.2273727e+001 -4.9060680e+001 -4.6379467e+001 -4.6939980e+001
  1.7466667e+000 -5.5732494e+001 -4.8610809e+001 -5.5668663e+001 -5.2309189e+001 -4.9127968e+001 -4.6457375e+001 -4.6889862e+001
  1.7533333e+000 -5.5683525e+001 -4.8630657e+001 -5.6331352e+001 -5.2356995e+001 -4.9203453e+001 -4.6515499e+001 -4.6907867e+001
  1.7600000e+000 -5.5744434e+001 -4.8591640e+001 -5.6956371e+001 -5.2360683e+001 -4.9318661e+001 -4.6535778e+001 -4.6957123e+001
  1.7666667e+000 -5.5696320e+001 -4.8651329e+001 -5.7653183e+001 -5.2372227e+001 -4.9299610e+001 -4.6562408e+001 -4.6960075e+001
  1.7733333e+000 -5.5710678e+001 -4.8712730e+001 -5.8212513e+001 -5.2361195e+001 -4.9290405e+001 -4.6607533e+001 -4.6944878e+001
  1.7800000e+000 -5.5638680e+001 -4.8749741e+001 -5.8498440e+001 -5.2403664e+001 -4.9257473e+001 -4.6590984e+001 -4.6951588e+001
  1.7866667e+000 -5.5683159e+001 -4.8783756e+001 -5.8595798e+001 -5.2402428e+001 -4.9226429e+001 -4.6560898e+001 -4.6943577e+001
  1.7933333e+000 -5.5602139e+001 -4.8796944e+001 -5.8382736e+001 -5.2424328e+001 -4.9231716e+001 -4.6572845e+001 -4.6945362e+001
  1.8000000e+000 -5.5607273e+001 -4.8836956e+001 -5.8019676e+001 -5.2452171e+001 -4.9217365e+001 -4.6604523e+001 -4.6978226e+001
  1.8066667e+000 -5.5631989e+001 -4.8841320e+001 -5.7602871e+001 -5.2511074e+001 -4.9226780e+001 -4.6596710e+001 -4.6947464e+001
  1.8133333e+000 -5.5642681e+001 -4.8866573e+001 -5.7199242e+001 -5.2541969e+001 -4.9201294e+001 -4.6625343e+001 -4.6965912e+001
  1.8200000e+000 -5.5619255e+001 -4.8849365e+001 -5.7033779e+001 -5.2534916e+001 -4.9149124e+001 -4.6656918e+001 -4.6992859e+001
  1.8266667e+000 -5.5633915e+001 -4.8839230e+001 -5.7221142e+001 -5.2543648e+001 -4.9112816e+001 -4.6733421e+001 -4.7060467e+001
  1.8333333e+000 -5.5562191e+001 -4.8798897e+001 -5.7770950e+001 -5.2546795e+001 -4.9148987e+001 -4.6781708e+001 -4.7088718e+001
  1.8400000e+000 -5.5498127e+001 -4.8777706e+001 -5.8508049e+001 -5.2525463e+001 -4.9155148e+001 -4.6787434e+001 -4.7107506e+001
  1.8466667e+000 -5.5506413e+001 -4.8808640e+001 -5.9102524e+001 -5.2550114e+001 -4.9192844e+001 -4.6808647e+001 -4.7166149e+001
  1.8533333e+000 -5.5441307e+001 -4.8781822e+001 -5.9373775e+001 -5.2570148e+001 -4.9244083e+001 -4.6864899e+001 -4.7225155e+001
  1.8600000e+000 -5.4996849e+001 -4.8733837e+001 -5.9407490e+001 -5.2573536e+001 -4.9274712e+001 -4.6973301e+001 -4.7242661e+001
  1.8666667e+000 -5.4957417e+001 -4.8730465e+001 -5.8933987e+001 -5.2593582e+001 -4.9434361e+001 -4.7017895e+001 -4.7307030e+001
  1.8733333e+000 -5.4901489e+001 -4.8699486e+001 -5.8108395e+001 -5.2597755e+001 -4.9552361e+001 -4.7101185e+001 -4.7317593e+001
  1.8800000e+000 -5.4867622e+001 -4.8701244e+001 -5.6900837e+001 -5.2618328e+001 -4.9625355e+001 -4.7200489e+001 -4.7312176e+001
  1.8866667e+000 -5.5265709e+001 -4.8674248e+001 -5.5545593e+001 -5.2591267e+001 -4.9743202e+001 -4.7227451e+001 -4.7330986e+001
  1.8933333e+000 -5.5251785e+001 -4.8719700e+001 -5.4182770e+001 -5.2595154e+001 -4.9771942e+001 -4.7276588e+001 -4.7307594e+001
  1.9000000e+000 -5.5273834e+001 -4.8699673e+001 -5.3034573e+001 -5.2579586e+001 -4.9812897e+001 -4.7343330e+001 -4.7254040e+001
  1.9066667e+000 -5.5190765e+001 -4.8697994e+001 -5.2351746e+001 -5.2549103e+001 -4.9835289e+001 -4.7407677e+001 -4.7225830e+001
  1.9133333e+000 -5.4747688e+001 -4.8680717e+001 -5.2287731e+001 -5.2562233e+001 -4.9858467e+001 -4.7471176e+001 -4.7142990e+001
  1.9200000e+000 -5.4702644e+001 -4.8674324e+001 -5.2664379e+001 -5.2566246e+001 -4.9869049e+001 -4.7530640e+001 -4.7133415e+001
  1.9266667e+000 -5.4667484e+001 -4.8686363e+001 -5.3201370e+001 -5.2524296e+001 -4.9838528e+001 -4.7595585e+001 -4.7178265e+001
  1.9333333e+000 -5.4622421e+001 -4.8729481e+001 -5.4024342e+001 -5.2543198e+001 -4.9891041e+001 -4.7658287e+001 -4.7232918e+001
  1.9400000e+000 -5.4574192e+001 -4.8741264e+001 -5.4815636e+001 -5.2497437e+001 -4.9821239e+001 -4.7666092e+001 -4.7235931e+001
  1.9466667e+000 -5.4880638e+001 -4.8790237e+001 -5.5548653e+001 -5.2559853e+001 -4.9794670e+001 -4.7713375e+001 -4.7285107e+001
  1.9533333e+000 -5.4817635e+001 -4.8774910e+001 -5.6214970e+001 -5.2552372e+001 -4.9753685e+001 -4.7783646e+001 -4.7336304e+001
  1.9600000e+000 -5.4498119e+001 -4.8763462e+001 -5.6669037e+001 -5.2569599e+001 -4.9719666e+001 -4.7847286e+001 -4.7347454e+001
  1.9666667e+000 -5.4521038e+001 -4.8774723e+001 -5.6702389e+001 -5.2622101e+001 -4.9660202e+001 -4.7882027e+001 -4.7448696e+001
  1.9733333e+000 -5.4477825e+001 -4.8775921e+001 -5.6956596e+001 -5.2641399e+001 -4.9669304e+001 -4.7968468e+001 -4.7541584e+001
  1.9800000e+000 -5.4415615e+001 -4.8765896e+001 -5.7367893e+001 -5.2607685e+001 -4.9701855e+001 -4.8054092e+001 -4.7622089e+001
  1.9866667e+000 -5.4400520e+001 -4.8759033e+001 -5.8163193e+001 -5.2597973e+001 -4.9774700e+001 -4.8076614e+001 -4.7726215e+001
  1.9933333e+000 -5.4394283e+001 -4.8753540e+001 -5.9058796e+001 -5.2618584e+001 -4.9800007e+001 -4.8125210e+001 -4.7815533e+001
  2.0000000e+000 -5.4396801e+001 -4.8699577e+001 -5.9926380e+001 -5.2629330e+001 -4.9815826e+001 -4.8177277e+001 -4.7831936e+001
