 -5.0000000e-001  1.1980115e+002  1.2246233e+002  1.1500205e+002  1.1754772e+002  1.1959070e+002
 -4.9333333e-001  1.1977278e+002  1.2247826e+002  1.1498820e+002  1.1752149e+002  1.1958144e+002
 -4.8666667e-001  1.1979542e+002  1.2245725e+002  1.1496230e+002  1.1754369e+002  1.1955331e+002
 -4.8000000e-001  1.1981051e+002  1.2246943e+002  1.1494352e+002  1.1754943e+002  1.1955470e+002
 -4.7333333e-001  1.1982272e+002  1.2244318e+002  1.1496690e+002  1.1754983e+002  1.1958318e+002
 -4.6666667e-001  1.1981737e+002  1.2239228e+002  1.1496095e+002  1.1755785e+002  1.1958850e+002
 -4.6000000e-001  1.1981821e+002  1.2236484e+002  1.1494817e+002  1.1755955e+002  1.1957354e+002
 -4.5333333e-001  1.1982299e+002  1.2238090e+002  1.1494390e+002  1.1753954e+002  1.1955481e+002
 -4.4666667e-001  1.1982221e+002  1.2237286e+002  1.1492256e+002  1.1751720e+002  1.1955759e+002
 -4.4000000e-001  1.1982895e+002  1.2237457e+002  1.1491017e+002  1.1751827e+002  1.1959289e+002
 -4.3333333e-001  1.1979152e+002  1.2235017e+002  1.1488311e+002  1.1754040e+002  1.1958650e+002
 -4.2666667e-001  1.1979153e+002  1.2231922e+002  1.1486883e+002  1.1758518e+002  1.1957376e+002
 -4.2000000e-001  1.1980991e+002  1.2232803e+002  1.1486186e+002  1.1757231e+002  1.1958524e+002
 -4.1333333e-001  1.1978777e+002  1.2234160e+002  1.1485185e+002  1.1756751e+002  1.1961018e+002
 -4.0666667e-001  1.1980441e+002  1.2230737e+002  1.1482893e+002  1.1753125e+002  1.1955581e+002
 -4.0000000e-001  1.1979468e+002  1.2228119e+002  1.1482354e+002  1.1752472e+002  1.1954440e+002
 -3.9333333e-001  1.1974313e+002  1.2230365e+002  1.1483286e+002  1.1753390e+002  1.1954480e+002
 -3.8666667e-001  1.1974774e+002  1.2227968e+002  1.1481445e+002  1.1751646e+002  1.1955450e+002
 -3.8000000e-001  1.1978545e+002  1.2227480e+002  1.1479131e+002  1.1751366e+002  1.1954183e+002
 -3.7333333e-001  1.1978442e+002  1.2226061e+002  1.1478312e+002  1.1753003e+002  1.1953375e+002
 -3.6666667e-001  1.1976449e+002  1.2225088e+002  1.1474892e+002  1.1748842e+002  1.1949899e+002
 -3.6000000e-001  1.1976565e+002  1.2226114e+002  1.1473114e+002  1.1748412e+002  1.1949671e+002
 -3.5333333e-001  1.1973064e+002  1.2220377e+002  1.1474087e+002  1.1749514e+002  1.1953136e+002
 -3.4666667e-001  1.1976202e+002  1.2218723e+002  1.1469939e+002  1.1749799e+002  1.1952859e+002
 -3.4000000e-001  1.1976755e+002  1.2219597e+002  1.1471125e+002  1.1746008e+002  1.1949867e+002
 -3.3333333e-001  1.1972482e+002  1.2219580e+002  1.1470069e+002  1.1744499e+002  1.1952826e+002
 -3.2666667e-001  1.1974036e+002  1.2220650e+002  1.1467743e+002  1.1745351e+002  1.1952873e+002
 -3.2000000e-001  1.1974360e+002  1.2221908e+002  1.1467332e+002  1.1745767e+002  1.1954939e+002
 -3.1333333e-001  1.1975068e+002  1.2219483e+002  1.1467187e+002  1.1748546e+002  1.1955970e+002
 -3.0666667e-001  1.1976066e+002  1.2218407e+002  1.1466183e+002  1.1747853e+002  1.1955429e+002
 -3.0000000e-001  1.1973634e+002  1.2220586e+002  1.1466175e+002  1.1747696e+002  1.1952752e+002
 -2.9333333e-001  1.1972692e+002  1.2217817e+002  1.1465661e+002  1.1746742e+002  1.1952902e+002
 -2.8666667e-001  1.1973639e+002  1.2218661e+002  1.1464728e+002  1.1750022e+002  1.1955346e+002
 -2.8000000e-001  1.1973708e+002  1.2215575e+002  1.1470162e+002  1.1749991e+002  1.1956532e+002
 -2.7333333e-001  1.1971232e+002  1.2209156e+002  1.1471938e+002  1.1747379e+002  1.1955612e+002
 -2.6666667e-001  1.1970077e+002  1.2209650e+002  1.1472305e+002  1.1750501e+002  1.1958102e+002
 -2.6000000e-001  1.1972678e+002  1.2211575e+002  1.1473228e+002  1.1753744e+002  1.1960716e+002
 -2.5333333e-001  1.1973411e+002  1.2211102e+002  1.1476707e+002  1.1755626e+002  1.1957407e+002
 -2.4666667e-001  1.1975150e+002  1.2206264e+002  1.1480558e+002  1.1757966e+002  1.1955367e+002
 -2.4000000e-001  1.1976890e+002  1.2202911e+002  1.1484082e+002  1.1759077e+002  1.1955178e+002
 -2.3333333e-001  1.1976383e+002  1.2202566e+002  1.1487839e+002  1.1757570e+002  1.1955469e+002
 -2.2666667e-001  1.1976685e+002  1.2201242e+002  1.1489451e+002  1.1757893e+002  1.1955090e+002
 -2.2000000e-001  1.1977016e+002  1.2204524e+002  1.1491739e+002  1.1758096e+002  1.1956439e+002
 -2.1333333e-001  1.1978535e+002  1.2203835e+002  1.1495893e+002  1.1759466e+002  1.1956761e+002
 -2.0666667e-001  1.1978428e+002  1.2203040e+002  1.1495387e+002  1.1756530e+002  1.1954784e+002
 -2.0000000e-001  1.1978104e+002  1.2205494e+002  1.1498850e+002  1.1752892e+002  1.1954215e+002
 -1.9333333e-001  1.1983389e+002  1.2208504e+002  1.1501330e+002  1.1747050e+002  1.1956435e+002
 -1.8666667e-001  1.1984157e+002  1.2211774e+002  1.1501921e+002  1.1743356e+002  1.1952679e+002
 -1.8000000e-001  1.1979681e+002  1.2210426e+002  1.1503208e+002  1.1742403e+002  1.1953756e+002
 -1.7333333e-001  1.1975804e+002  1.2211242e+002  1.1505961e+002  1.1738124e+002  1.1953158e+002
 -1.6666667e-001  1.1973992e+002  1.2208415e+002  1.1506974e+002  1.1732309e+002  1.1954869e+002
 -1.6000000e-001  1.1975450e+002  1.2210264e+002  1.1509071e+002  1.1724781e+002  1.1952543e+002
 -1.5333333e-001  1.1976111e+002  1.2210677e+002  1.1509396e+002  1.1720281e+002  1.1952521e+002
 -1.4666667e-001  1.1976297e+002  1.2211615e+002  1.1509225e+002  1.1720207e+002  1.1956700e+002
 -1.4000000e-001  1.1974548e+002  1.2210625e+002  1.1509269e+002  1.1712732e+002  1.1958197e+002
 -1.3333333e-001  1.1974579e+002  1.2209784e+002  1.1508346e+002  1.1705453e+002  1.1959120e+002
 -1.2666667e-001  1.1974360e+002  1.2212235e+002  1.1512213e+002  1.1700543e+002  1.1955899e+002
 -1.2000000e-001  1.1970667e+002  1.2214527e+002  1.1511638e+002  1.1697137e+002  1.1953046e+002
 -1.1333333e-001  1.1971958e+002  1.2210665e+002  1.1511507e+002  1.1692149e+002  1.1955171e+002
 -1.0666667e-001  1.1972793e+002  1.2212426e+002  1.1512201e+002  1.1688138e+002  1.1956343e+002
 -1.0000000e-001  1.1977439e+002  1.2209265e+002  1.1514382e+002  1.1683604e+002  1.1957813e+002
 -9.3333333e-002  1.1974696e+002  1.2210167e+002  1.1514303e+002  1.1680028e+002  1.1961679e+002
 -8.6666667e-002  1.1972379e+002  1.2212267e+002  1.1511355e+002  1.1677923e+002  1.1963843e+002
 -8.0000000e-002  1.1975452e+002  1.2209305e+002  1.1514287e+002  1.1675064e+002  1.1962578e+002
 -7.3333333e-002  1.1974348e+002  1.2211681e+002  1.1519763e+002  1.1671311e+002  1.1959791e+002
 -6.6666667e-002  1.1978433e+002  1.2209783e+002  1.1521222e+002  1.1672956e+002  1.1960198e+002
 -6.0000000e-002  1.1978648e+002  1.2206458e+002  1.1521139e+002  1.1672168e+002  1.1961334e+002
 -5.3333333e-002  1.1979125e+002  1.2208420e+002  1.1522953e+002  1.1671463e+002  1.1964420e+002
 -4.6666667e-002  1.1978464e+002  1.2210966e+002  1.1525353e+002  1.1671487e+002  1.1964452e+002
 -4.0000000e-002  1.1977712e+002  1.2211512e+002  1.1526631e+002  1.1674313e+002  1.1968182e+002
 -3.3333333e-002  1.1982522e+002  1.2208422e+002  1.1525331e+002  1.1673558e+002  1.1971142e+002
 -2.6666667e-002  1.1986676e+002  1.2209647e+002  1.1527312e+002  1.1677524e+002  1.1970863e+002
 -2.0000000e-002  1.1987085e+002  1.2211688e+002  1.1531293e+002  1.1680898e+002  1.1969786e+002
 -1.3333333e-002  1.1985413e+002  1.2211937e+002  1.1534267e+002  1.1683131e+002  1.1973005e+002
 -6.6666667e-003  1.1983556e+002  1.2212496e+002  1.1535617e+002  1.1680309e+002  1.1972927e+002
  0.0000000e+000  1.1985606e+002  1.2211964e+002  1.1536813e+002  1.1681883e+002  1.1973363e+002
  6.6666667e-003  1.1985591e+002  1.2212236e+002  1.1537943e+002  1.1685335e+002  1.1972565e+002
  1.3333333e-002  1.1985872e+002  1.2215246e+002  1.1540597e+002  1.1690306e+002  1.1970477e+002
  2.0000000e-002  1.1981675e+002  1.2215382e+002  1.1541869e+002  1.1690501e+002  1.1972279e+002
  2.6666667e-002  1.1978641e+002  1.2214407e+002  1.1542396e+002  1.1691306e+002  1.1974274e+002
  3.3333333e-002  1.1979376e+002  1.2212535e+002  1.1545293e+002  1.1693263e+002  1.1974509e+002
  4.0000000e-002  1.1978595e+002  1.2212647e+002  1.1547848e+002  1.1694364e+002  1.1974375e+002
  4.6666667e-002  1.1978910e+002  1.2216492e+002  1.1548062e+002  1.1696042e+002  1.1975485e+002
  5.3333333e-002  1.1977116e+002  1.2215527e+002  1.1549220e+002  1.1696209e+002  1.1976308e+002
  6.0000000e-002  1.1975281e+002  1.2217288e+002  1.1553511e+002  1.1698090e+002  1.1977032e+002
  6.6666667e-002  1.1975298e+002  1.2220757e+002  1.1558134e+002  1.1699470e+002  1.1981229e+002
  7.3333333e-002  1.1979188e+002  1.2222224e+002  1.1566216e+002  1.1703089e+002  1.1984131e+002
  8.0000000e-002  1.1982485e+002  1.2224062e+002  1.1576351e+002  1.1705081e+002  1.1988190e+002
  8.6666667e-002  1.1984079e+002  1.2228165e+002  1.1584596e+002  1.1709197e+002  1.1992304e+002
  9.3333333e-002  1.1985265e+002  1.2231998e+002  1.1595785e+002  1.1716224e+002  1.1999085e+002
  1.0000000e-001  1.1993912e+002  1.2234880e+002  1.1605306e+002  1.1719347e+002  1.2006730e+002
  1.0666667e-001  1.2001671e+002  1.2241341e+002  1.1617217e+002  1.1724110e+002  1.2015782e+002
  1.1333333e-001  1.2012801e+002  1.2249483e+002  1.1630174e+002  1.1732268e+002  1.2022305e+002
  1.2000000e-001  1.2021763e+002  1.2256896e+002  1.1642918e+002  1.1740315e+002  1.2029370e+002
  1.2666667e-001  1.2032416e+002  1.2266818e+002  1.1653515e+002  1.1750275e+002  1.2037235e+002
  1.3333333e-001  1.2050233e+002  1.2276080e+002  1.1661024e+002  1.1758426e+002  1.2045018e+002
  1.4000000e-001  1.2068119e+002  1.2286305e+002  1.1669588e+002  1.1767240e+002  1.2055549e+002
  1.4666667e-001  1.2084338e+002  1.2300600e+002  1.1681794e+002  1.1779092e+002  1.2062248e+002
  1.5333333e-001  1.2098611e+002  1.2313968e+002  1.1691131e+002  1.1792745e+002  1.2070635e+002
  1.6000000e-001  1.2110842e+002  1.2325372e+002  1.1696778e+002  1.1804009e+002  1.2082661e+002
  1.6666667e-001  1.2123261e+002  1.2340437e+002  1.1704096e+002  1.1821339e+002  1.2088916e+002
  1.7333333e-001  1.2137774e+002  1.2357816e+002  1.1714126e+002  1.1839076e+002  1.2098972e+002
  1.8000000e-001  1.2155719e+002  1.2376082e+002  1.1727263e+002  1.1854434e+002  1.2112537e+002
  1.8666667e-001  1.2179791e+002  1.2395706e+002  1.1739869e+002  1.1872945e+002  1.2129106e+002
  1.9333333e-001  1.2198771e+002  1.2415335e+002  1.1750699e+002  1.1901357e+002  1.2147184e+002
  2.0000000e-001  1.2218232e+002  1.2433838e+002  1.1764377e+002  1.1927005e+002  1.2174646e+002
  2.0666667e-001  1.2234010e+002  1.2454765e+002  1.1782945e+002  1.1948460e+002  1.2202058e+002
  2.1333333e-001  1.2242743e+002  1.2470173e+002  1.1798705e+002  1.1968785e+002  1.2225195e+002
  2.2000000e-001  1.2248592e+002  1.2480524e+002  1.1817239e+002  1.1990695e+002  1.2250420e+002
  2.2666667e-001  1.2252171e+002  1.2490057e+002  1.1841073e+002  1.2017590e+002  1.2275475e+002
  2.3333333e-001  1.2256193e+002  1.2503629e+002  1.1862894e+002  1.2046815e+002  1.2298092e+002
  2.4000000e-001  1.2260750e+002  1.2518497e+002  1.1887331e+002  1.2077908e+002  1.2318855e+002
  2.4666667e-001  1.2260465e+002  1.2530605e+002  1.1920692e+002  1.2112893e+002  1.2337579e+002
  2.5333333e-001  1.2260236e+002  1.2539098e+002  1.1950607e+002  1.2153796e+002  1.2358514e+002
  2.6000000e-001  1.2254858e+002  1.2544731e+002  1.1974749e+002  1.2188939e+002  1.2382472e+002
  2.6666667e-001  1.2254304e+002  1.2542458e+002  1.2003181e+002  1.2222714e+002  1.2409842e+002
  2.7333333e-001  1.2260586e+002  1.2534869e+002  1.2025347e+002  1.2244271e+002  1.2434174e+002
  2.8000000e-001  1.2264553e+002  1.2530490e+002  1.2048531e+002  1.2260355e+002  1.2452258e+002
  2.8666667e-001  1.2263387e+002  1.2521697e+002  1.2067941e+002  1.2268193e+002  1.2463833e+002
  2.9333333e-001  1.2254885e+002  1.2506915e+002  1.2087849e+002  1.2262041e+002  1.2474120e+002
  3.0000000e-001  1.2239825e+002  1.2485421e+002  1.2109940e+002  1.2246682e+002  1.2479012e+002
  3.0666667e-001  1.2217472e+002  1.2455994e+002  1.2131290e+002  1.2228288e+002  1.2482093e+002
  3.1333333e-001  1.2185924e+002  1.2415633e+002  1.2145377e+002  1.2210243e+002  1.2481198e+002
  3.2000000e-001  1.2146652e+002  1.2369589e+002  1.2157365e+002  1.2187358e+002  1.2485477e+002
  3.2666667e-001  1.2108136e+002  1.2317644e+002  1.2164515e+002  1.2159394e+002  1.2483895e+002
  3.3333333e-001  1.2067402e+002  1.2264802e+002  1.2164349e+002  1.2135633e+002  1.2485530e+002
  3.4000000e-001  1.2026695e+002  1.2208167e+002  1.2161017e+002  1.2112689e+002  1.2485328e+002
  3.4666667e-001  1.1982784e+002  1.2149262e+002  1.2152084e+002  1.2087582e+002  1.2484528e+002
  3.5333333e-001  1.1941869e+002  1.2089322e+002  1.2147166e+002  1.2064924e+002  1.2481589e+002
  3.6000000e-001  1.1902052e+002  1.2035863e+002  1.2142098e+002  1.2043053e+002  1.2468263e+002
  3.6666667e-001  1.1863493e+002  1.1977451e+002  1.2133893e+002  1.2021797e+002  1.2444378e+002
  3.7333333e-001  1.1830877e+002  1.1917833e+002  1.2117302e+002  1.2002364e+002  1.2417463e+002
  3.8000000e-001  1.1801657e+002  1.1859505e+002  1.2088181e+002  1.1974249e+002  1.2391048e+002
  3.8666667e-001  1.1773801e+002  1.1793784e+002  1.2051634e+002  1.1938706e+002  1.2361449e+002
  3.9333333e-001  1.1752303e+002  1.1735290e+002  1.2010843e+002  1.1904701e+002  1.2325202e+002
  4.0000000e-001  1.1737535e+002  1.1674101e+002  1.1958875e+002  1.1863230e+002  1.2288719e+002
  4.0666667e-001  1.1728378e+002  1.1618349e+002  1.1909905e+002  1.1808131e+002  1.2243485e+002
  4.1333333e-001  1.1721603e+002  1.1566166e+002  1.1865880e+002  1.1748840e+002  1.2188319e+002
  4.2000000e-001  1.1714923e+002  1.1517325e+002  1.1824603e+002  1.1690021e+002  1.2130756e+002
  4.2666667e-001  1.1707492e+002  1.1474371e+002  1.1794570e+002  1.1621468e+002  1.2065882e+002
  4.3333333e-001  1.1697460e+002  1.1426305e+002  1.1752137e+002  1.1551717e+002  1.2001264e+002
  4.4000000e-001  1.1677147e+002  1.1381114e+002  1.1695404e+002  1.1488010e+002  1.1943687e+002
  4.4666667e-001  1.1652560e+002  1.1329115e+002  1.1627525e+002  1.1420779e+002  1.1882050e+002
  4.5333333e-001  1.1616757e+002  1.1280436e+002  1.1555066e+002  1.1361703e+002  1.1815867e+002
  4.6000000e-001  1.1576042e+002  1.1230829e+002  1.1481487e+002  1.1312779e+002  1.1755109e+002
  4.6666667e-001  1.1523256e+002  1.1180579e+002  1.1422318e+002  1.1269967e+002  1.1706039e+002
  4.7333333e-001  1.1465585e+002  1.1134721e+002  1.1381946e+002  1.1229346e+002  1.1660194e+002
  4.8000000e-001  1.1404972e+002  1.1087824e+002  1.1363511e+002  1.1190830e+002  1.1624873e+002
  4.8666667e-001  1.1340646e+002  1.1033238e+002  1.1355350e+002  1.1153857e+002  1.1603218e+002
  4.9333333e-001  1.1278860e+002  1.0973441e+002  1.1356969e+002  1.1113266e+002  1.1588517e+002
  5.0000000e-001  1.1220270e+002  1.0906117e+002  1.1356308e+002  1.1069082e+002  1.1576139e+002
  5.0666667e-001  1.1168957e+002  1.0835218e+002  1.1343366e+002  1.1017246e+002  1.1550238e+002
  5.1333333e-001  1.1120229e+002  1.0767931e+002  1.1314371e+002  1.0960721e+002  1.1513362e+002
  5.2000000e-001  1.1068791e+002  1.0701865e+002  1.1272351e+002  1.0899188e+002  1.1466769e+002
  5.2666667e-001  1.1021577e+002  1.0639574e+002  1.1215358e+002  1.0836560e+002  1.1399115e+002
  5.3333333e-001  1.0969777e+002  1.0582583e+002  1.1145653e+002  1.0777825e+002  1.1321320e+002
  5.4000000e-001  1.0907270e+002  1.0534539e+002  1.1072949e+002  1.0727536e+002  1.1240905e+002
  5.4666667e-001  1.0835115e+002  1.0500913e+002  1.0997318e+002  1.0677635e+002  1.1159656e+002
  5.5333333e-001  1.0757522e+002  1.0477489e+002  1.0921809e+002  1.0636862e+002  1.1079565e+002
  5.6000000e-001  1.0683416e+002  1.0460463e+002  1.0859545e+002  1.0592638e+002  1.1011609e+002
  5.6666667e-001  1.0614490e+002  1.0450393e+002  1.0807875e+002  1.0553600e+002  1.0956242e+002
  5.7333333e-001  1.0551445e+002  1.0437757e+002  1.0771581e+002  1.0520731e+002  1.0907491e+002
  5.8000000e-001  1.0496258e+002  1.0420718e+002  1.0752725e+002  1.0484773e+002  1.0867395e+002
  5.8666667e-001  1.0451620e+002  1.0397466e+002  1.0748343e+002  1.0449680e+002  1.0828452e+002
  5.9333333e-001  1.0405489e+002  1.0372676e+002  1.0748905e+002  1.0413361e+002  1.0793797e+002
  6.0000000e-001  1.0362186e+002  1.0343617e+002  1.0747548e+002  1.0377819e+002  1.0760156e+002
  6.0666667e-001  1.0322435e+002  1.0311101e+002  1.0745556e+002  1.0341065e+002  1.0725456e+002
  6.1333333e-001  1.0285764e+002  1.0275017e+002  1.0748947e+002  1.0311348e+002  1.0687361e+002
  6.2000000e-001  1.0254504e+002  1.0237108e+002  1.0753829e+002  1.0281282e+002  1.0652279e+002
  6.2666667e-001  1.0224503e+002  1.0202612e+002  1.0756724e+002  1.0256629e+002  1.0612688e+002
  6.3333333e-001  1.0205508e+002  1.0176867e+002  1.0762864e+002  1.0235173e+002  1.0571505e+002
  6.4000000e-001  1.0193182e+002  1.0155284e+002  1.0761081e+002  1.0221087e+002  1.0525125e+002
  6.4666667e-001  1.0175967e+002  1.0134073e+002  1.0749146e+002  1.0206995e+002  1.0478519e+002
  6.5333333e-001  1.0149903e+002  1.0109665e+002  1.0722333e+002  1.0194322e+002  1.0435089e+002
  6.6000000e-001  1.0124836e+002  1.0088646e+002  1.0689574e+002  1.0188112e+002  1.0387112e+002
  6.6666667e-001  1.0094555e+002  1.0076635e+002  1.0651042e+002  1.0182588e+002  1.0344431e+002
  6.7333333e-001  1.0056281e+002  1.0064780e+002  1.0598633e+002  1.0179853e+002  1.0308798e+002
  6.8000000e-001  1.0010532e+002  1.0052628e+002  1.0530930e+002  1.0174248e+002  1.0272284e+002
  6.8666667e-001  9.9690392e+001  1.0051343e+002  1.0457079e+002  1.0175462e+002  1.0239228e+002
  6.9333333e-001  9.9294640e+001  1.0050153e+002  1.0382161e+002  1.0179202e+002  1.0209589e+002
  7.0000000e-001  9.8944489e+001  1.0050259e+002  1.0320678e+002  1.0183817e+002  1.0190962e+002
  7.0666667e-001  9.8598976e+001  1.0049397e+002  1.0278315e+002  1.0190591e+002  1.0173596e+002
  7.1333333e-001  9.8286690e+001  1.0054169e+002  1.0261144e+002  1.0194889e+002  1.0159515e+002
  7.2000000e-001  9.8082794e+001  1.0052927e+002  1.0263085e+002  1.0198367e+002  1.0156561e+002
  7.2666667e-001  9.7951378e+001  1.0053966e+002  1.0274751e+002  1.0200845e+002  1.0154736e+002
  7.3333333e-001  9.7880325e+001  1.0058244e+002  1.0283459e+002  1.0202854e+002  1.0149448e+002
  7.4000000e-001  9.7878532e+001  1.0061419e+002  1.0274884e+002  1.0199740e+002  1.0140578e+002
  7.4666667e-001  9.7962921e+001  1.0063177e+002  1.0251363e+002  1.0202154e+002  1.0127154e+002
  7.5333333e-001  9.8004105e+001  1.0069853e+002  1.0218599e+002  1.0207383e+002  1.0111535e+002
  7.6000000e-001  9.8046623e+001  1.0072475e+002  1.0180313e+002  1.0205643e+002  1.0094793e+002
  7.6666667e-001  9.8086464e+001  1.0075896e+002  1.0153234e+002  1.0206867e+002  1.0075825e+002
  7.7333333e-001  9.8050819e+001  1.0079525e+002  1.0143424e+002  1.0211083e+002  1.0060812e+002
  7.8000000e-001  9.8037102e+001  1.0083051e+002  1.0153429e+002  1.0214874e+002  1.0062510e+002
  7.8666667e-001  9.8053009e+001  1.0092246e+002  1.0166811e+002  1.0218230e+002  1.0062168e+002
  7.9333333e-001  9.8123352e+001  1.0103260e+002  1.0172076e+002  1.0222119e+002  1.0059205e+002
  8.0000000e-001  9.8244881e+001  1.0113099e+002  1.0152254e+002  1.0229158e+002  1.0060478e+002
  8.0666667e-001  9.8421982e+001  1.0122170e+002  1.0108083e+002  1.0240170e+002  1.0063609e+002
  8.1333333e-001  9.8623688e+001  1.0133820e+002  1.0051074e+002  1.0254739e+002  1.0063512e+002
  8.2000000e-001  9.8834885e+001  1.0143947e+002  9.9934303e+001  1.0270107e+002  1.0058744e+002
  8.2666667e-001  9.9026718e+001  1.0154857e+002  9.9477806e+001  1.0293175e+002  1.0054936e+002
  8.3333333e-001  9.9118507e+001  1.0167519e+002  9.9147934e+001  1.0318147e+002  1.0049921e+002
  8.4000000e-001  9.9068550e+001  1.0184089e+002  9.8933121e+001  1.0339956e+002  1.0044264e+002
  8.4666667e-001  9.8950218e+001  1.0202824e+002  9.8733681e+001  1.0357731e+002  1.0039485e+002
  8.5333333e-001  9.8823433e+001  1.0218591e+002  9.8557014e+001  1.0378848e+002  1.0042817e+002
  8.6000000e-001  9.8725037e+001  1.0241750e+002  9.8470596e+001  1.0396137e+002  1.0050832e+002
  8.6666667e-001  9.8651131e+001  1.0268151e+002  9.8442688e+001  1.0402529e+002  1.0058432e+002
  8.7333333e-001  9.8657578e+001  1.0282124e+002  9.8478432e+001  1.0400793e+002  1.0059454e+002
  8.8000000e-001  9.8753738e+001  1.0296420e+002  9.8534447e+001  1.0397280e+002  1.0059171e+002
  8.8666667e-001  9.8837540e+001  1.0310058e+002  9.8608383e+001  1.0392323e+002  1.0056481e+002
  8.9333333e-001  9.8901703e+001  1.0320699e+002  9.8716728e+001  1.0389567e+002  1.0049496e+002
  9.0000000e-001  9.8934288e+001  1.0330320e+002  9.8756142e+001  1.0396209e+002  1.0046533e+002
  9.0666667e-001  9.8924454e+001  1.0343647e+002  9.8774635e+001  1.0408401e+002  1.0046548e+002
  9.1333333e-001  9.8939255e+001  1.0359266e+002  9.8798218e+001  1.0423352e+002  1.0053909e+002
  9.2000000e-001  9.9037140e+001  1.0385464e+002  9.8853951e+001  1.0437460e+002  1.0063538e+002
  9.2666667e-001  9.9151611e+001  1.0414600e+002  9.8915398e+001  1.0458297e+002  1.0072037e+002
  9.3333333e-001  9.9375534e+001  1.0445725e+002  9.8871704e+001  1.0486162e+002  1.0084660e+002
  9.4000000e-001  9.9636612e+001  1.0481351e+002  9.8834534e+001  1.0508488e+002  1.0095403e+002
  9.4666667e-001  9.9829956e+001  1.0516894e+002  9.8817818e+001  1.0531112e+002  1.0101587e+002
  9.5333333e-001  9.9945763e+001  1.0551444e+002  9.8778008e+001  1.0555772e+002  1.0100661e+002
  9.6000000e-001  1.0007832e+002  1.0579852e+002  9.8799690e+001  1.0574329e+002  1.0097633e+002
  9.6666667e-001  1.0020219e+002  1.0605591e+002  9.8836227e+001  1.0598148e+002  1.0090108e+002
  9.7333333e-001  1.0027144e+002  1.0630056e+002  9.8844360e+001  1.0627115e+002  1.0086475e+002
  9.8000000e-001  1.0028595e+002  1.0652130e+002  9.8781387e+001  1.0659941e+002  1.0084142e+002
  9.8666667e-001  1.0037163e+002  1.0676370e+002  9.8647682e+001  1.0687461e+002  1.0084642e+002
  9.9333333e-001  1.0044367e+002  1.0705055e+002  9.8499046e+001  1.0725670e+002  1.0092203e+002
  1.0000000e+000  1.0054762e+002  1.0727467e+002  9.8281075e+001  1.0761941e+002  1.0103143e+002
  1.0066667e+000  1.0069273e+002  1.0751301e+002  9.7981239e+001  1.0798718e+002  1.0114877e+002
  1.0133333e+000  1.0085221e+002  1.0780650e+002  9.7724335e+001  1.0835439e+002  1.0127085e+002
  1.0200000e+000  1.0104349e+002  1.0816505e+002  9.7408043e+001  1.0872215e+002  1.0139111e+002
  1.0266667e+000  1.0124204e+002  1.0851499e+002  9.7124390e+001  1.0907670e+002  1.0149802e+002
  1.0333333e+000  1.0143404e+002  1.0883727e+002  9.7008881e+001  1.0946208e+002  1.0162737e+002
  1.0400000e+000  1.0170844e+002  1.0916811e+002  9.7014198e+001  1.0988988e+002  1.0171985e+002
  1.0466667e+000  1.0205239e+002  1.0946966e+002  9.7118279e+001  1.1028330e+002  1.0178449e+002
  1.0533333e+000  1.0239099e+002  1.0984570e+002  9.7203064e+001  1.1075935e+002  1.0189510e+002
  1.0600000e+000  1.0267989e+002  1.1019121e+002  9.7239151e+001  1.1131692e+002  1.0204637e+002
  1.0666667e+000  1.0300999e+002  1.1054871e+002  9.7099953e+001  1.1191528e+002  1.0216128e+002
  1.0733333e+000  1.0335162e+002  1.1093461e+002  9.6835838e+001  1.1247375e+002  1.0226062e+002
  1.0800000e+000  1.0357259e+002  1.1124546e+002  9.6567993e+001  1.1301521e+002  1.0231136e+002
  1.0866667e+000  1.0367722e+002  1.1156718e+002  9.6417137e+001  1.1353336e+002  1.0238619e+002
  1.0933333e+000  1.0380563e+002  1.1190363e+002  9.6365906e+001  1.1402254e+002  1.0244817e+002
  1.1000000e+000  1.0392297e+002  1.1228447e+002  9.6459869e+001  1.1452589e+002  1.0250494e+002
  1.1066667e+000  1.0401679e+002  1.1268911e+002  9.6693718e+001  1.1496035e+002  1.0254808e+002
  1.1133333e+000  1.0407951e+002  1.1298186e+002  9.7004349e+001  1.1541042e+002  1.0255624e+002
  1.1200000e+000  1.0419209e+002  1.1327818e+002  9.7368706e+001  1.1591233e+002  1.0263107e+002
  1.1266667e+000  1.0439375e+002  1.1360115e+002  9.7738503e+001  1.1640218e+002  1.0271147e+002
  1.1333333e+000  1.0469150e+002  1.1389412e+002  9.7998291e+001  1.1690311e+002  1.0280822e+002
  1.1400000e+000  1.0509058e+002  1.1414763e+002  9.8153748e+001  1.1740787e+002  1.0291897e+002
  1.1466667e+000  1.0556383e+002  1.1438055e+002  9.8283920e+001  1.1792039e+002  1.0309123e+002
  1.1533333e+000  1.0602425e+002  1.1454028e+002  9.8462204e+001  1.1845532e+002  1.0327750e+002
  1.1600000e+000  1.0652344e+002  1.1468724e+002  9.8618942e+001  1.1901039e+002  1.0350044e+002
  1.1666667e+000  1.0700349e+002  1.1475443e+002  9.8799622e+001  1.1957204e+002  1.0377158e+002
  1.1733333e+000  1.0747148e+002  1.1482006e+002  9.9103989e+001  1.2012691e+002  1.0397717e+002
  1.1800000e+000  1.0797424e+002  1.1491993e+002  9.9463608e+001  1.2071547e+002  1.0423431e+002
  1.1866667e+000  1.0851962e+002  1.1506936e+002  9.9837357e+001  1.2132200e+002  1.0453613e+002
  1.1933333e+000  1.0904730e+002  1.1518665e+002  1.0014760e+002  1.2187849e+002  1.0485951e+002
  1.2000000e+000  1.0960648e+002  1.1533118e+002  1.0035819e+002  1.2236745e+002  1.0521158e+002
  1.2066667e+000  1.1019821e+002  1.1545540e+002  1.0055352e+002  1.2290334e+002  1.0557266e+002
  1.2133333e+000  1.1083395e+002  1.1556183e+002  1.0061096e+002  1.2343581e+002  1.0596133e+002
  1.2200000e+000  1.1149799e+002  1.1574123e+002  1.0044203e+002  1.2384958e+002  1.0635924e+002
  1.2266667e+000  1.1215864e+002  1.1595424e+002  1.0011571e+002  1.2429737e+002  1.0674069e+002
  1.2333333e+000  1.1285792e+002  1.1622332e+002  9.9607094e+001  1.2466927e+002  1.0712763e+002
  1.2400000e+000  1.1354553e+002  1.1643555e+002  9.9080757e+001  1.2492303e+002  1.0754181e+002
  1.2466667e+000  1.1430705e+002  1.1663260e+002  9.8639542e+001  1.2510876e+002  1.0801070e+002
  1.2533333e+000  1.1507520e+002  1.1688583e+002  9.8336678e+001  1.2533132e+002  1.0845518e+002
  1.2600000e+000  1.1589327e+002  1.1707641e+002  9.8082329e+001  1.2549812e+002  1.0894541e+002
  1.2666667e+000  1.1680439e+002  1.1724017e+002  9.7906242e+001  1.2565176e+002  1.0948329e+002
  1.2733333e+000  1.1771761e+002  1.1743028e+002  9.7766220e+001  1.2578180e+002  1.0997263e+002
  1.2800000e+000  1.1863282e+002  1.1764195e+002  9.7599358e+001  1.2592073e+002  1.1053521e+002
  1.2866667e+000  1.1958106e+002  1.1786215e+002  9.7496796e+001  1.2611320e+002  1.1112230e+002
  1.2933333e+000  1.2062691e+002  1.1821763e+002  9.7529236e+001  1.2634984e+002  1.1171699e+002
  1.3000000e+000  1.2169810e+002  1.1852266e+002  9.7668823e+001  1.2658812e+002  1.1230669e+002
  1.3066667e+000  1.2277876e+002  1.1885151e+002  9.7850883e+001  1.2684557e+002  1.1294650e+002
  1.3133333e+000  1.2392366e+002  1.1916927e+002  9.8093422e+001  1.2718789e+002  1.1354647e+002
  1.3200000e+000  1.2509067e+002  1.1961088e+002  9.8322304e+001  1.2744218e+002  1.1419946e+002
  1.3266667e+000  1.2612997e+002  1.2024765e+002  9.8517670e+001  1.2769715e+002  1.1470509e+002
  1.3333333e+000  1.2718530e+002  1.2104123e+002  9.8710052e+001  1.2797565e+002  1.1520940e+002
  1.3400000e+000  1.2813699e+002  1.2194150e+002  9.8954910e+001  1.2825992e+002  1.1585288e+002
  1.3466667e+000  1.2890500e+002  1.2299918e+002  9.9270424e+001  1.2853581e+002  1.1658290e+002
  1.3533333e+000  1.2953824e+002  1.2412007e+002  9.9651993e+001  1.2878577e+002  1.1729524e+002
  1.3600000e+000  1.3006386e+002  1.2534411e+002  1.0005653e+002  1.2903149e+002  1.1808306e+002
  1.3666667e+000  1.3042304e+002  1.2660129e+002  1.0043837e+002  1.2930585e+002  1.1891985e+002
  1.3733333e+000  1.3063437e+002  1.2777895e+002  1.0079154e+002  1.2964127e+002  1.1978615e+002
  1.3800000e+000  1.3088411e+002  1.2896846e+002  1.0111851e+002  1.2991862e+002  1.2069185e+002
  1.3866667e+000  1.3111192e+002  1.3005602e+002  1.0139851e+002  1.3017702e+002  1.2167876e+002
  1.3933333e+000  1.3139850e+002  1.3090205e+002  1.0167059e+002  1.3045799e+002  1.2274664e+002
  1.4000000e+000  1.3181148e+002  1.3152599e+002  1.0194011e+002  1.3065343e+002  1.2387487e+002
  1.4066667e+000  1.3227431e+002  1.3183073e+002  1.0219412e+002  1.3082336e+002  1.2497764e+002
  1.4133333e+000  1.3281920e+002  1.3351048e+002  1.0242491e+002  1.3089836e+002  1.2607893e+002
  1.4200000e+000  1.3333354e+002  1.3439116e+002  1.0269833e+002  1.3097839e+002  1.2725144e+002
  1.4266667e+000  1.3390314e+002  1.3222224e+002  1.0296128e+002  1.3111691e+002  1.2833836e+002
  1.4333333e+000  1.3455428e+002  1.3420088e+002  1.0325586e+002  1.3128915e+002  1.2933002e+002
  1.4400000e+000  1.3512463e+002  1.3487784e+002  1.0355538e+002  1.3142837e+002  1.3023674e+002
  1.4466667e+000  1.3570786e+002  1.3565445e+002  1.0383878e+002  1.3154739e+002  1.3093060e+002
  1.4533333e+000  1.3630100e+002  1.3641080e+002  1.0408717e+002  1.3171468e+002  1.3130107e+002
  1.4600000e+000  1.3686971e+002  1.3738667e+002  1.0427544e+002  1.3187401e+002  1.3145848e+002
  1.4666667e+000  1.3751248e+002  1.3856096e+002  1.0446171e+002  1.3199452e+002  1.3155762e+002
  1.4733333e+000  1.3831371e+002  1.3968050e+002  1.0459300e+002  1.3211002e+002  1.3161180e+002
  1.4800000e+000  1.3885068e+002  1.4076997e+002  1.0474366e+002  1.3225505e+002  1.3173833e+002
  1.4866667e+000  1.3931030e+002  1.4170061e+002  1.0492604e+002  1.3246445e+002  1.3191092e+002
  1.4933333e+000  1.3969636e+002  1.4252353e+002  1.0513457e+002  1.3260873e+002  1.3216748e+002
  1.5000000e+000  1.4010020e+002  1.4337589e+002  1.0540817e+002  1.3272447e+002  1.3246909e+002
  1.5066667e+000  1.4059624e+002  1.4414044e+002  1.0576163e+002  1.3281419e+002  1.3278024e+002
  1.5133333e+000  1.4104253e+002  1.4479628e+002  1.0614918e+002  1.3283411e+002  1.3302126e+002
  1.5200000e+000  1.4120831e+002  1.4549352e+002  1.0655460e+002  1.3289665e+002  1.3326350e+002
  1.5266667e+000  1.4171973e+002  1.4603824e+002  1.0693768e+002  1.3293834e+002  1.3356862e+002
  1.5333333e+000  1.4184793e+002  1.4648163e+002  1.0728499e+002  1.3297153e+002  1.3387717e+002
  1.5400000e+000  1.4168988e+002  1.4692793e+002  1.0762336e+002  1.3300905e+002  1.3412955e+002
  1.5466667e+000  1.4169806e+002  1.4739026e+002  1.0790962e+002  1.3302658e+002  1.3443591e+002
  1.5533333e+000  1.4263039e+002  1.4781413e+002  1.0812728e+002  1.3307163e+002  1.3473692e+002
  1.5600000e+000  1.4157999e+002  1.4823639e+002  1.0832619e+002  1.3309030e+002  1.3503358e+002
  1.5666667e+000  1.4079862e+002  1.4867862e+002  1.0850227e+002  1.3313359e+002  1.3521924e+002
  1.5733333e+000  1.4189519e+002  1.4906479e+002  1.0867115e+002  1.3312965e+002  1.3539702e+002
  1.5800000e+000  1.4312563e+002  1.4947655e+002  1.0894121e+002  1.3311720e+002  1.3551407e+002
  1.5866667e+000  1.4242769e+002  1.4991605e+002  1.0918934e+002  1.3314098e+002  1.3560410e+002
  1.5933333e+000  1.4267567e+002  1.5035716e+002  1.0942746e+002  1.3318379e+002  1.3568968e+002
  1.6000000e+000  1.4299156e+002  1.5070783e+002  1.0974159e+002  1.3326674e+002  1.3569840e+002
  1.6066667e+000  1.4338525e+002  1.5105887e+002  1.1005201e+002  1.3331349e+002  1.3570825e+002
  1.6133333e+000  1.4377589e+002  1.5143339e+002  1.1039202e+002  1.3334822e+002  1.3574841e+002
  1.6200000e+000  1.4416849e+002  1.5181932e+002  1.1074632e+002  1.3333351e+002  1.3585002e+002
  1.6266667e+000  1.4446252e+002  1.5206062e+002  1.1113145e+002  1.3332437e+002  1.3588957e+002
  1.6333333e+000  1.4476509e+002  1.5226468e+002  1.1150121e+002  1.3332982e+002  1.3585098e+002
  1.6400000e+000  1.4496434e+002  1.5251732e+002  1.1186250e+002  1.3328825e+002  1.3582683e+002
  1.6466667e+000  1.4511656e+002  1.5272141e+002  1.1218748e+002  1.3325522e+002  1.3588254e+002
  1.6533333e+000  1.4515637e+002  1.5293889e+002  1.1248413e+002  1.3324262e+002  1.3590819e+002
  1.6600000e+000  1.4519371e+002  1.5317189e+002  1.1275626e+002  1.3315912e+002  1.3595399e+002
  1.6666667e+000  1.4514012e+002  1.5342709e+002  1.1304467e+002  1.3307484e+002  1.3605852e+002
  1.6733333e+000  1.4508194e+002  1.5366911e+002  1.1332885e+002  1.3298503e+002  1.3608543e+002
  1.6800000e+000  1.4511847e+002  1.5387691e+002  1.1360691e+002  1.3291240e+002  1.3609296e+002
  1.6866667e+000  1.4513570e+002  1.5413599e+002  1.1393224e+002  1.3285593e+002  1.3613005e+002
  1.6933333e+000  1.4513347e+002  1.5439265e+002  1.1426404e+002  1.3279509e+002  1.3613576e+002
  1.7000000e+000  1.4511522e+002  1.5463947e+002  1.1459203e+002  1.3266101e+002  1.3619296e+002
  1.7066667e+000  1.4510973e+002  1.5480461e+002  1.1500134e+002  1.3260617e+002  1.3618822e+002
  1.7133333e+000  1.4515259e+002  1.5506464e+002  1.1537739e+002  1.3259416e+002  1.3620854e+002
  1.7200000e+000  1.4517612e+002  1.5512894e+002  1.1577645e+002  1.3252991e+002  1.3627902e+002
  1.7266667e+000  1.4519788e+002  1.5526991e+002  1.1617403e+002  1.3245311e+002  1.3631795e+002
  1.7333333e+000  1.4520970e+002  1.5540024e+002  1.1658288e+002  1.3238429e+002  1.3626675e+002
  1.7400000e+000  1.4527094e+002  1.5544287e+002  1.1710506e+002  1.3232320e+002  1.3629332e+002
  1.7466667e+000  1.4535889e+002  1.5553687e+002  1.1770252e+002  1.3221675e+002  1.3634808e+002
  1.7533333e+000  1.4533742e+002  1.5562961e+002  1.1824094e+002  1.3217590e+002  1.3640614e+002
  1.7600000e+000  1.4532230e+002  1.5572429e+002  1.1879578e+002  1.3215347e+002  1.3649426e+002
  1.7666667e+000  1.4539078e+002  1.5571101e+002  1.1941238e+002  1.3212779e+002  1.3653664e+002
  1.7733333e+000  1.4539288e+002  1.5573766e+002  1.2004306e+002  1.3208000e+002  1.3660631e+002
  1.7800000e+000  1.4531931e+002  1.5571013e+002  1.2061239e+002  1.3204045e+002  1.3668630e+002
  1.7866667e+000  1.4527904e+002  1.5579135e+002  1.2119048e+002  1.3198613e+002  1.3676643e+002
  1.7933333e+000  1.4529103e+002  1.5577989e+002  1.2174284e+002  1.3197183e+002  1.3677513e+002
  1.8000000e+000  1.4524666e+002  1.5568871e+002  1.2227932e+002  1.3192716e+002  1.3677011e+002
  1.8066667e+000  1.4520775e+002  1.5572612e+002  1.2286514e+002  1.3192296e+002  1.3677399e+002
  1.8133333e+000  1.4513969e+002  1.5573201e+002  1.2337352e+002  1.3186340e+002  1.3681105e+002
  1.8200000e+000  1.4504459e+002  1.5562108e+002  1.2383624e+002  1.3180788e+002  1.3682777e+002
  1.8266667e+000  1.4605034e+002  1.5559834e+002  1.2431122e+002  1.3178036e+002  1.3677295e+002
  1.8333333e+000  1.4507985e+002  1.5551202e+002  1.2480014e+002  1.3170714e+002  1.3677006e+002
  1.8400000e+000  1.4485036e+002  1.5548552e+002  1.2516133e+002  1.3168623e+002  1.3670105e+002
  1.8466667e+000  1.4479912e+002  1.5548016e+002  1.2547753e+002  1.3166540e+002  1.3671478e+002
  1.8533333e+000  1.4471863e+002  1.5538356e+002  1.2583901e+002  1.3161931e+002  1.3667757e+002
  1.8600000e+000  1.4483023e+002  1.5522650e+002  1.2618443e+002  1.3149576e+002  1.3665363e+002
  1.8666667e+000  1.4563176e+002  1.5508931e+002  1.2654532e+002  1.3142293e+002  1.3660702e+002
  1.8733333e+000  1.4551047e+002  1.5497096e+002  1.2690329e+002  1.3140772e+002  1.3658945e+002
  1.8800000e+000  1.4428905e+002  1.5482820e+002  1.2717494e+002  1.3134914e+002  1.3655891e+002
  1.8866667e+000  1.4322537e+002  1.5467639e+002  1.2746101e+002  1.3129491e+002  1.3653195e+002
  1.8933333e+000  1.4397769e+002  1.5454805e+002  1.2780163e+002  1.3123526e+002  1.3653665e+002
  1.9000000e+000  1.4493747e+002  1.5451024e+002  1.2820430e+002  1.3114269e+002  1.3650880e+002
  1.9066667e+000  1.4388612e+002  1.5438023e+002  1.2854962e+002  1.3107678e+002  1.3647336e+002
  1.9133333e+000  1.4368076e+002  1.5422520e+002  1.2887314e+002  1.3104787e+002  1.3642429e+002
  1.9200000e+000  1.4354094e+002  1.5405568e+002  1.2911621e+002  1.3102034e+002  1.3642307e+002
  1.9266667e+000  1.4354852e+002  1.5389703e+002  1.2939870e+002  1.3096254e+002  1.3641432e+002
  1.9333333e+000  1.4429890e+002  1.5372984e+002  1.2969008e+002  1.3093173e+002  1.3635158e+002
  1.9400000e+000  1.4315544e+002  1.5362271e+002  1.2991704e+002  1.3090262e+002  1.3624558e+002
  1.9466667e+000  1.4209534e+002  1.5342432e+002  1.3009779e+002  1.3086791e+002  1.3616403e+002
  1.9533333e+000  1.4303409e+002  1.5325443e+002  1.3028720e+002  1.3084363e+002  1.3614816e+002
  1.9600000e+000  1.4280804e+002  1.5306314e+002  1.3043971e+002  1.3081895e+002  1.3612204e+002
  1.9666667e+000  1.4332666e+002  1.5272612e+002  1.3058077e+002  1.3074811e+002  1.3607437e+002
  1.9733333e+000  1.4335712e+002  1.5253662e+002  1.3073146e+002  1.3068378e+002  1.3605649e+002
  1.9800000e+000  1.4221867e+002  1.5236883e+002  1.3082983e+002  1.3065654e+002  1.3605864e+002
  1.9866667e+000  1.4178124e+002  1.5216646e+002  1.3095303e+002  1.3059735e+002  1.3598062e+002
  1.9933333e+000  1.4154327e+002  1.5186916e+002  1.3110397e+002  1.3055289e+002  1.3596483e+002
  2.0000000e+000  1.4129675e+002  1.5160455e+002  1.3123970e+002  1.3050411e+002  1.3595277e+002
