 -5.0000000e-001  1.5715830e+000  2.7949930e+000  5.3420000e-001 -1.9222840e+000 -9.3309200e-001
 -4.9333333e-001  1.5772350e+000  2.7975960e+000  5.3724100e-001 -1.9244640e+000 -9.3933400e-001
 -4.8666667e-001  1.5521530e+000  2.8174920e+000  5.2935800e-001 -1.9480240e+000 -9.4691500e-001
 -4.8000000e-001  1.5475900e+000  2.8223860e+000  5.3076500e-001 -1.9514140e+000 -9.5973600e-001
 -4.7333333e-001  1.5544610e+000  2.8178260e+000  5.3739500e-001 -1.9908180e+000 -9.8490400e-001
 -4.6666667e-001  1.5434520e+000  2.8389400e+000  5.1276400e-001 -2.0093360e+000 -9.5800500e-001
 -4.6000000e-001  1.5455980e+000  2.8182380e+000  5.3122800e-001 -2.0662900e+000 -9.3446800e-001
 -4.5333333e-001  1.5236640e+000  2.8132720e+000  5.4586400e-001 -2.1137500e+000 -9.0283900e-001
 -4.4666667e-001  1.5103530e+000  2.8175200e+000  5.4865100e-001 -2.1377050e+000 -8.7138700e-001
 -4.4000000e-001  1.5051840e+000  2.8140510e+000  5.3566400e-001 -2.1785270e+000 -8.4079600e-001
 -4.3333333e-001  1.5077650e+000  2.8118420e+000  5.5347200e-001 -2.2223910e+000 -8.1460600e-001
 -4.2666667e-001  1.5108300e+000  2.7951600e+000  5.6799400e-001 -2.2701330e+000 -7.4299500e-001
 -4.2000000e-001  1.5084190e+000  2.7892930e+000  5.7971300e-001 -2.3282490e+000 -6.8862100e-001
 -4.1333333e-001  1.5217960e+000  2.7974870e+000  5.7682100e-001 -2.3696480e+000 -6.2597100e-001
 -4.0666667e-001  1.5093180e+000  2.7892440e+000  5.8396700e-001 -2.4213060e+000 -5.6117700e-001
 -4.0000000e-001  1.5103810e+000  2.7939030e+000  5.9402500e-001 -2.4630290e+000 -5.1129900e-001
 -3.9333333e-001  1.4985640e+000  2.7694140e+000  5.6346600e-001 -2.4911640e+000 -4.7985500e-001
 -3.8666667e-001  1.4952610e+000  2.7875190e+000  5.7088100e-001 -2.5439360e+000 -4.3705200e-001
 -3.8000000e-001  1.5130960e+000  2.7975210e+000  5.7580200e-001 -2.5684710e+000 -3.9079800e-001
 -3.7333333e-001  1.5207050e+000  2.8030840e+000  5.8475000e-001 -2.5911580e+000 -3.5176300e-001
 -3.6666667e-001  1.5244570e+000  2.8182340e+000  5.8745800e-001 -2.6183490e+000 -3.0682700e-001
 -3.6000000e-001  1.5300550e+000  2.8254900e+000  5.9252600e-001 -2.6352270e+000 -2.7263900e-001
 -3.5333333e-001  1.5443550e+000  2.8127910e+000  5.8504700e-001 -2.6447360e+000 -2.4494700e-001
 -3.4666667e-001  1.5715330e+000  2.8003380e+000  5.7549300e-001 -2.6619840e+000 -2.4425500e-001
 -3.4000000e-001  1.5744020e+000  2.8152280e+000  5.7877500e-001 -2.6602160e+000 -2.4864300e-001
 -3.3333333e-001  1.5730250e+000  2.8152660e+000  5.6674200e-001 -2.6499850e+000 -2.5998600e-001
 -3.2666667e-001  1.5741440e+000  2.8153080e+000  5.7685900e-001 -2.6543870e+000 -2.6066500e-001
 -3.2000000e-001  1.5566020e+000  2.8169000e+000  5.7242900e-001 -2.6474660e+000 -2.6268100e-001
 -3.1333333e-001  1.5344600e+000  2.8262640e+000  5.8100600e-001 -2.6503050e+000 -2.6645000e-001
 -3.0666667e-001  1.5398320e+000  2.8417760e+000  5.5111400e-001 -2.6300090e+000 -2.9253600e-001
 -3.0000000e-001  1.5435140e+000  2.8668180e+000  5.5656100e-001 -2.6407890e+000 -2.9730600e-001
 -2.9333333e-001  1.5451410e+000  2.8551910e+000  5.5802700e-001 -2.6283810e+000 -3.1672500e-001
 -2.8666667e-001  1.5491160e+000  2.8615180e+000  5.4791100e-001 -2.6130720e+000 -3.0870500e-001
 -2.8000000e-001  1.5397700e+000  2.8684540e+000  5.5124300e-001 -2.5871440e+000 -3.1133700e-001
 -2.7333333e-001  1.5410220e+000  2.8725170e+000  5.3413800e-001 -2.5982430e+000 -3.3262500e-001
 -2.6666667e-001  1.5333140e+000  2.8718000e+000  5.1285800e-001 -2.5892290e+000 -3.4521300e-001
 -2.6000000e-001  1.5340790e+000  2.8829370e+000  5.2958600e-001 -2.5770500e+000 -3.4376500e-001
 -2.5333333e-001  1.5428500e+000  2.8884620e+000  5.2701600e-001 -2.5778950e+000 -3.4603500e-001
 -2.4666667e-001  1.5454240e+000  2.8714580e+000  4.9777400e-001 -2.5671440e+000 -3.5687000e-001
 -2.4000000e-001  1.5729850e+000  2.8811650e+000  5.1299400e-001 -2.5656990e+000 -3.6468500e-001
 -2.3333333e-001  1.5807220e+000  2.8688010e+000  4.9827000e-001 -2.5847590e+000 -3.6430100e-001
 -2.2666667e-001  1.5804520e+000  2.8616670e+000  5.0464700e-001 -2.5745000e+000 -3.4889600e-001
 -2.2000000e-001  1.6014900e+000  2.8606580e+000  4.8799400e-001 -2.5796070e+000 -3.5851700e-001
 -2.1333333e-001  1.5768460e+000  2.8456630e+000  4.9293100e-001 -2.5776360e+000 -3.4540100e-001
 -2.0666667e-001  1.5807060e+000  2.8486510e+000  4.9038900e-001 -2.5871470e+000 -3.4988400e-001
 -2.0000000e-001  1.5854650e+000  2.8379820e+000  5.0239800e-001 -2.5563350e+000 -3.3813800e-001
 -1.9333333e-001  1.5783590e+000  2.8456400e+000  5.0387600e-001 -2.5774330e+000 -3.3772900e-001
 -1.8666667e-001  1.5701810e+000  2.8323970e+000  5.1208000e-001 -2.5684720e+000 -3.3037700e-001
 -1.8000000e-001  1.5595650e+000  2.8224520e+000  5.1524500e-001 -2.5677280e+000 -3.3414300e-001
 -1.7333333e-001  1.5595700e+000  2.8114800e+000  5.1400000e-001 -2.5388590e+000 -3.2499700e-001
 -1.6666667e-001  1.5525000e+000  2.8219830e+000  5.1768300e-001 -2.5507040e+000 -3.1148500e-001
 -1.6000000e-001  1.5703730e+000  2.8248050e+000  5.2035300e-001 -2.5509780e+000 -3.0496600e-001
 -1.5333333e-001  1.5756820e+000  2.8640600e+000  5.1622300e-001 -2.5588660e+000 -3.0203500e-001
 -1.4666667e-001  1.5749830e+000  2.8562880e+000  5.1382500e-001 -2.5272210e+000 -2.8886300e-001
 -1.4000000e-001  1.5733800e+000  2.8497900e+000  5.2790900e-001 -2.4947580e+000 -3.0264700e-001
 -1.3333333e-001  1.5858940e+000  2.8278920e+000  5.1845500e-001 -2.4808430e+000 -2.9174900e-001
 -1.2666667e-001  1.5920430e+000  2.8676650e+000  5.1894000e-001 -2.4521340e+000 -3.0448100e-001
 -1.2000000e-001  1.5859390e+000  2.8783730e+000  5.2683000e-001 -2.4431960e+000 -3.0601000e-001
 -1.1333333e-001  1.5869620e+000  2.8791720e+000  5.2739600e-001 -2.4235190e+000 -3.1002100e-001
 -1.0666667e-001  1.6035830e+000  2.8966160e+000  5.4052800e-001 -2.4202120e+000 -3.2362800e-001
 -1.0000000e-001  1.6135820e+000  2.8927250e+000  5.1810300e-001 -2.3915730e+000 -3.3072000e-001
 -9.3333333e-002  1.6221590e+000  2.8917090e+000  5.1268300e-001 -2.3704900e+000 -3.7051600e-001
 -8.6666667e-002  1.6293010e+000  2.8956270e+000  5.1146200e-001 -2.3659450e+000 -3.7189000e-001
 -8.0000000e-002  1.6325270e+000  2.8907850e+000  5.2276800e-001 -2.3517040e+000 -3.9697500e-001
 -7.3333333e-002  1.6334730e+000  2.8954630e+000  5.1977900e-001 -2.3457530e+000 -4.0261600e-001
 -6.6666667e-002  1.6480520e+000  2.9005470e+000  5.1039700e-001 -2.3432700e+000 -4.0123900e-001
 -6.0000000e-002  1.6483370e+000  2.9006300e+000  5.0914800e-001 -2.3615210e+000 -4.1104200e-001
 -5.3333333e-002  1.6654030e+000  2.8946240e+000  4.9280700e-001 -2.3238780e+000 -3.9338900e-001
 -4.6666667e-002  1.6835550e+000  2.9003710e+000  4.9645400e-001 -2.3245690e+000 -4.1210800e-001
 -4.0000000e-002  1.6888610e+000  2.9086530e+000  5.0213500e-001 -2.3267000e+000 -4.0649300e-001
 -3.3333333e-002  1.6892270e+000  2.9135750e+000  4.8487900e-001 -2.3300960e+000 -4.2877500e-001
 -2.6666667e-002  1.7183130e+000  2.9015480e+000  5.0948500e-001 -2.3265470e+000 -4.1517600e-001
 -2.0000000e-002  1.7212980e+000  2.9147790e+000  5.0311100e-001 -2.3521720e+000 -4.3453300e-001
 -1.3333333e-002  1.7223400e+000  2.9362210e+000  4.8984600e-001 -2.3458910e+000 -4.6770200e-001
 -6.6666667e-003  1.7304860e+000  2.9431100e+000  5.0459700e-001 -2.3580000e+000 -4.8504100e-001
  0.0000000e+000  1.7283570e+000  2.9207120e+000  4.7622500e-001 -2.3956940e+000 -5.0623400e-001
  6.6666667e-003  1.6965920e+000  2.8765580e+000  4.4348700e-001 -2.4168810e+000 -5.8608400e-001
  1.3333333e-002  1.6752560e+000  2.8650150e+000  4.0518300e-001 -2.4888190e+000 -6.5706000e-001
  2.0000000e-002  1.6166720e+000  2.8121500e+000  3.7782700e-001 -2.5472200e+000 -7.4715000e-001
  2.6666667e-002  1.5916620e+000  2.7421400e+000  3.4659200e-001 -2.6051290e+000 -8.2223800e-001
  3.3333333e-002  1.5579890e+000  2.7089450e+000  3.4833400e-001 -2.6683690e+000 -9.0576900e-001
  4.0000000e-002  1.5297270e+000  2.6759500e+000  3.3474200e-001 -2.6871870e+000 -9.5911200e-001
  4.6666667e-002  1.5085920e+000  2.6424880e+000  3.4027900e-001 -2.7123950e+000 -1.0441180e+000
  5.3333333e-002  1.5018210e+000  2.6478090e+000  3.4153000e-001 -2.7078460e+000 -1.0996440e+000
  6.0000000e-002  1.5407020e+000  2.6456320e+000  3.8285400e-001 -2.6936750e+000 -1.1302000e+000
  6.6666667e-002  1.5590090e+000  2.6603330e+000  4.0198500e-001 -2.7001340e+000 -1.1543470e+000
  7.3333333e-002  1.5787350e+000  2.6838040e+000  4.2688900e-001 -2.7025350e+000 -1.1984060e+000
  8.0000000e-002  1.6084300e+000  2.6820150e+000  4.5282800e-001 -2.7135770e+000 -1.2498040e+000
  8.6666667e-002  1.6102380e+000  2.6676260e+000  4.1556600e-001 -2.7109820e+000 -1.2931780e+000
  9.3333333e-002  1.6313800e+000  2.6624650e+000  4.1463000e-001 -2.7344020e+000 -1.3454750e+000
  1.0000000e-001  1.5999220e+000  2.6412790e+000  4.2930500e-001 -2.7541290e+000 -1.3926000e+000
  1.0666667e-001  1.5963560e+000  2.6367910e+000  4.1479800e-001 -2.7246190e+000 -1.4350070e+000
  1.1333333e-001  1.5881270e+000  3.1454960e+000  4.2470800e-001 -2.7056070e+000 -1.4490390e+000
  1.2000000e-001  1.5648120e+000  3.1160630e+000  4.1610800e-001 -2.6926010e+000 -1.4573320e+000
  1.2666667e-001  1.5749320e+000  3.1004920e+000  4.2172500e-001 -2.6586390e+000 -1.4692770e+000
  1.3333333e-001  1.5907790e+000  3.0094980e+000  4.3398700e-001 -2.6458000e+000 -1.4541360e+000
  1.4000000e-001  1.5846260e+000  2.4870860e+000  4.8078000e-001 -2.5533770e+000 -1.4696000e+000
  1.4666667e-001  1.6265350e+000  2.5566120e+000  5.4036000e-001 -2.3785220e+000 -1.4593410e+000
  1.5333333e-001  1.6922720e+000  2.6778690e+000  6.2210900e-001 -2.1657380e+000 -1.4254180e+000
  1.6000000e-001  1.8557370e+000  2.8181720e+000  7.0649200e-001 -1.9438180e+000 -1.3044820e+000
  1.6666667e-001  2.0775720e+000  2.9157100e+000  8.1884900e-001 -1.7079670e+000 -1.1774040e+000
  1.7333333e-001  2.3566990e+000  3.0260690e+000  1.0142540e+000 -1.4775880e+000 -1.0070690e+000
  1.8000000e-001  3.1282240e+000  3.1819070e+000  1.2809710e+000 -1.2007780e+000 -8.2521300e-001
  1.8666667e-001  3.4861470e+000  3.4535710e+000  1.6179330e+000 -8.8379100e-001 -5.9630800e-001
  1.9333333e-001  3.3902670e+000  3.8836390e+000  2.0225350e+000 -5.9283700e-001 -3.1054800e-001
  2.0000000e-001  3.7541120e+000  4.3506390e+000  2.5274730e+000 -2.9257000e-001  1.0130000e-003
  2.0666667e-001  4.1371560e+000  4.7207370e+000  3.1430770e+000 -2.7511000e-002  4.3630700e-001
  2.1333333e-001  4.5087830e+000  4.9122920e+000  4.2362800e+000  2.3279600e-001  9.7560900e-001
  2.2000000e-001  4.8468480e+000  5.0036050e+000  4.9812900e+000  5.1132100e-001  1.6045600e+000
  2.2666667e-001  5.1970990e+000  5.0526710e+000  5.6607980e+000  8.6677800e-001  2.2536700e+000
  2.3333333e-001  5.5302960e+000  5.1353860e+000  6.4322790e+000  1.2448810e+000  2.8342640e+000
  2.4000000e-001  5.8336490e+000  5.3084580e+000  7.0797520e+000  1.6070220e+000  3.4385280e+000
  2.4666667e-001  6.0924820e+000  5.4443530e+000  7.2809070e+000  1.9155330e+000  3.9475210e+000
  2.5333333e-001  6.2653050e+000  5.4661140e+000  7.8666140e+000  2.2166600e+000  4.4824570e+000
  2.6000000e-001  6.3873800e+000  5.3458220e+000  8.2758630e+000  2.4528120e+000  5.0531900e+000
  2.6666667e-001  6.4571800e+000  5.2338190e+000  8.4328220e+000  2.7120230e+000  5.6213690e+000
  2.7333333e-001  6.4725800e+000  5.1668790e+000  8.5184860e+000  3.0350040e+000  6.1275880e+000
  2.8000000e-001  6.5109150e+000  5.2241360e+000  8.5742260e+000  3.3721340e+000  6.5442490e+000
  2.8666667e-001  6.4800910e+000  5.3768390e+000  8.6698970e+000  3.6799730e+000  6.7842260e+000
  2.9333333e-001  6.4453780e+000  5.5221710e+000  8.8344100e+000  3.9485600e+000  6.9036620e+000
  3.0000000e-001  6.4105330e+000  5.6559950e+000  9.0459110e+000  4.0936620e+000  6.9064750e+000
  3.0666667e-001  6.3801800e+000  5.7582480e+000  9.2710810e+000  4.2913450e+000  6.9179120e+000
  3.1333333e-001  6.3780020e+000  5.9074310e+000  9.4923880e+000  4.4860480e+000  6.9506210e+000
  3.2000000e-001  6.4608000e+000  6.1034480e+000  9.6883960e+000  4.6274940e+000  6.9930050e+000
  3.2666667e-001  7.1388200e+000  6.3755200e+000  9.9018460e+000  4.7664790e+000  7.0908540e+000
  3.3333333e-001  7.3706370e+000  6.6632170e+000  1.0176670e+001  4.9452590e+000  7.1605200e+000
  3.4000000e-001  7.2179450e+000  7.0298730e+000  1.0501751e+001  5.0914240e+000  7.1941490e+000
  3.4666667e-001  7.6080560e+000  7.3516140e+000  1.0770566e+001  5.2031630e+000  7.2425320e+000
  3.5333333e-001  8.0017060e+000  7.6960740e+000  1.1051305e+001  5.3303680e+000  7.2598400e+000
  3.6000000e-001  8.3812290e+000  7.9253700e+000  1.1258132e+001  5.4121380e+000  7.2720970e+000
  3.6666667e-001  8.7072250e+000  8.2827640e+000  1.1500692e+001  5.5170960e+000  7.3674310e+000
  3.7333333e-001  9.0417110e+000  8.6469680e+000  1.1655012e+001  5.6664360e+000  7.5024630e+000
  3.8000000e-001  9.3368960e+000  9.0573420e+000  1.1805869e+001  5.8236760e+000  7.6958870e+000
  3.8666667e-001  9.5979050e+000  9.5530150e+000  1.1874632e+001  5.9450440e+000  7.8593940e+000
  3.9333333e-001  9.7429790e+000  1.0082727e+001  1.1967152e+001  6.1425290e+000  8.0461280e+000
  4.0000000e-001  9.7361480e+000  1.0647039e+001  1.2038867e+001  6.2941210e+000  8.1800190e+000
  4.0666667e-001  9.7297700e+000  1.1188799e+001  1.2183734e+001  6.4917060e+000  8.3148830e+000
  4.1333333e-001  9.7994760e+000  1.1671132e+001  1.2344165e+001  6.6597220e+000  8.5326490e+000
  4.2000000e-001  1.0071864e+001  1.2108085e+001  1.2558434e+001  6.8134120e+000  8.7645630e+000
  4.2666667e-001  1.0454665e+001  1.2528129e+001  1.2805303e+001  6.8787170e+000  9.0210050e+000
  4.3333333e-001  1.0971498e+001  1.2866335e+001  1.3075568e+001  6.8880010e+000  9.2568470e+000
  4.4000000e-001  1.1609072e+001  1.3219625e+001  1.3345466e+001  6.8528890e+000  9.4383890e+000
  4.4666667e-001  1.2296459e+001  1.3529156e+001  1.3587601e+001  6.8463640e+000  9.6293100e+000
  4.5333333e-001  1.2952268e+001  1.3845116e+001  1.3743848e+001  6.8823930e+000  9.7883470e+000
  4.6000000e-001  1.3638334e+001  1.4116778e+001  1.3799291e+001  6.9713110e+000  9.9843240e+000
  4.6666667e-001  1.4264455e+001  1.4319104e+001  1.3767413e+001  7.0042200e+000  1.0207146e+001
  4.7333333e-001  1.4868589e+001  1.4480133e+001  1.3619092e+001  7.0484530e+000  1.0418121e+001
  4.8000000e-001  1.5413801e+001  1.4612649e+001  1.3446929e+001  7.0705560e+000  1.0630730e+001
  4.8666667e-001  1.5729736e+001  1.4768654e+001  1.3264830e+001  7.1302870e+000  1.0811172e+001
  4.9333333e-001  1.5724548e+001  1.4924603e+001  1.3063154e+001  7.2552370e+000  1.0986753e+001
  5.0000000e-001  1.5430517e+001  1.5024441e+001  1.2975345e+001  7.4892080e+000  1.1167171e+001
  5.0666667e-001  1.5111888e+001  1.5032228e+001  1.2931354e+001  7.6647320e+000  1.1274071e+001
  5.1333333e-001  1.4908147e+001  1.4984373e+001  1.2965322e+001  7.7569310e+000  1.1382826e+001
  5.2000000e-001  1.4894580e+001  1.4975098e+001  1.3057315e+001  7.8363900e+000  1.1433933e+001
  5.2666667e-001  1.5047761e+001  1.4940745e+001  1.3112398e+001  7.8619260e+000  1.1513956e+001
  5.3333333e-001  1.5268673e+001  1.4901904e+001  1.3118597e+001  7.9669670e+000  1.1581079e+001
  5.4000000e-001  1.5460159e+001  1.4897788e+001  1.3153963e+001  8.0669070e+000  1.1658633e+001
  5.4666667e-001  1.5576706e+001  1.4994484e+001  1.3173120e+001  8.2020860e+000  1.1668406e+001
  5.5333333e-001  1.5660203e+001  1.5062675e+001  1.3172588e+001  8.3343040e+000  1.1686326e+001
  5.6000000e-001  1.5736798e+001  1.5098898e+001  1.3175252e+001  8.4944750e+000  1.1754102e+001
  5.6666667e-001  1.5892833e+001  1.5115932e+001  1.3179189e+001  8.5661710e+000  1.1785801e+001
  5.7333333e-001  1.6089613e+001  1.5113897e+001  1.3277214e+001  8.6921980e+000  1.1857081e+001
  5.8000000e-001  1.6365551e+001  1.5174700e+001  1.3408177e+001  8.7804340e+000  1.1923870e+001
  5.8666667e-001  1.6734255e+001  1.5239669e+001  1.3599679e+001  8.8560140e+000  1.1993978e+001
  5.9333333e-001  1.7176737e+001  1.5311076e+001  1.3781841e+001  8.8274250e+000  1.2076204e+001
  6.0000000e-001  1.7542244e+001  1.5365152e+001  1.3975060e+001  8.8194880e+000  1.2152048e+001
  6.0666667e-001  1.7763706e+001  1.5404884e+001  1.4141857e+001  8.8057630e+000  1.2237920e+001
  6.1333333e-001  1.7423647e+001  1.5424006e+001  1.4286164e+001  8.8168690e+000  1.2347064e+001
  6.2000000e-001  1.6576185e+001  1.5448158e+001  1.4396915e+001  8.8521960e+000  1.2411505e+001
  6.2666667e-001  1.6012276e+001  1.5466769e+001  1.4508232e+001  8.8567500e+000  1.2533072e+001
  6.3333333e-001  1.5889895e+001  1.5474455e+001  1.4608559e+001  8.9255540e+000  1.2608060e+001
  6.4000000e-001  1.6148199e+001  1.5507576e+001  1.4703613e+001  8.9725930e+000  1.2685388e+001
  6.4666667e-001  1.6506485e+001  1.5548631e+001  1.4724344e+001  9.0538690e+000  1.2714849e+001
  6.5333333e-001  1.6768351e+001  1.5625036e+001  1.4774963e+001  9.1311560e+000  1.2729922e+001
  6.6000000e-001  1.6884546e+001  1.5721841e+001  1.4798595e+001  9.1822650e+000  1.2731153e+001
  6.6666667e-001  1.6961227e+001  1.5792539e+001  1.4807915e+001  9.2075050e+000  1.2743119e+001
  6.7333333e-001  1.7120810e+001  1.5843688e+001  1.4823588e+001  9.2643580e+000  1.2758111e+001
  6.8000000e-001  1.7326523e+001  1.5957660e+001  1.4792537e+001  9.2713560e+000  1.2782443e+001
  6.8666667e-001  1.7411659e+001  1.6007599e+001  1.4807780e+001  9.2887250e+000  1.2772317e+001
  6.9333333e-001  1.7274874e+001  1.6064013e+001  1.4800081e+001  9.2987770e+000  1.2738594e+001
  7.0000000e-001  1.6949505e+001  1.6082975e+001  1.4787862e+001  9.2816880e+000  1.2684774e+001
  7.0666667e-001  1.6428457e+001  1.6011473e+001  1.4763749e+001  9.3051310e+000  1.2667813e+001
  7.1333333e-001  1.5830282e+001  1.5921863e+001  1.4745930e+001  9.3026340e+000  1.2657411e+001
  7.2000000e-001  1.5279017e+001  1.5814557e+001  1.4725818e+001  9.3266140e+000  1.2639301e+001
  7.2666667e-001  1.4783872e+001  1.5654822e+001  1.4734691e+001  9.3279600e+000  1.2605398e+001
  7.3333333e-001  1.4466800e+001  1.5509434e+001  1.4707993e+001  9.3005880e+000  1.2539845e+001
  7.4000000e-001  1.4334441e+001  1.5352869e+001  1.4697576e+001  9.2647460e+000  1.2502620e+001
  7.4666667e-001  1.4250364e+001  1.5201867e+001  1.4693737e+001  9.2657500e+000  1.2465133e+001
  7.5333333e-001  1.4290407e+001  1.5062871e+001  1.4721264e+001  9.2277190e+000  1.2417578e+001
  7.6000000e-001  1.4300196e+001  1.4913844e+001  1.4755150e+001  9.2246300e+000  1.2374453e+001
  7.6666667e-001  1.4309610e+001  1.4818989e+001  1.4741700e+001  9.2116600e+000  1.2319803e+001
  7.7333333e-001  1.4219350e+001  1.4740968e+001  1.4740039e+001  9.1739840e+000  1.2260668e+001
  7.8000000e-001  1.4120910e+001  1.4673823e+001  1.4720798e+001  9.1672120e+000  1.2226959e+001
  7.8666667e-001  1.4025993e+001  1.4606508e+001  1.4692832e+001  9.1408010e+000  1.2219069e+001
  7.9333333e-001  1.3945152e+001  1.4502218e+001  1.4638595e+001  9.1036030e+000  1.2196695e+001
  8.0000000e-001  1.3918653e+001  1.4383903e+001  1.4595844e+001  9.0165990e+000  1.2203110e+001
  8.0666667e-001  1.3902403e+001  1.4262575e+001  1.4566784e+001  8.9366080e+000  1.2178394e+001
  8.1333333e-001  1.3966650e+001  1.4152752e+001  1.4549555e+001  8.8656480e+000  1.2098474e+001
  8.2000000e-001  1.4002330e+001  1.4053185e+001  1.4514842e+001  8.7340220e+000  1.1986265e+001
  8.2666667e-001  1.4069862e+001  1.3980666e+001  1.4447851e+001  8.6394050e+000  1.1902543e+001
  8.3333333e-001  1.4046040e+001  1.3851063e+001  1.4381155e+001  8.5427340e+000  1.1872741e+001
  8.4000000e-001  1.3991199e+001  1.3698404e+001  1.4323650e+001  8.4413620e+000  1.1790056e+001
  8.4666667e-001  1.3891140e+001  1.3547518e+001  1.4286393e+001  8.3610800e+000  1.1695586e+001
  8.5333333e-001  1.3714914e+001  1.3415377e+001  1.4208301e+001  8.2882420e+000  1.1590016e+001
  8.6000000e-001  1.3545415e+001  1.3274844e+001  1.4189167e+001  8.2065150e+000  1.1456693e+001
  8.6666667e-001  1.3306502e+001  1.3121382e+001  1.4153605e+001  8.1115160e+000  1.1359282e+001
  8.7333333e-001  1.3074557e+001  1.2965944e+001  1.4191031e+001  8.0213510e+000  1.1270094e+001
  8.8000000e-001  1.2927297e+001  1.2783090e+001  1.4201002e+001  7.9191330e+000  1.1195437e+001
  8.8666667e-001  1.2811981e+001  1.2607014e+001  1.4213203e+001  7.8143670e+000  1.1110542e+001
  8.9333333e-001  1.2771044e+001  1.2401209e+001  1.4243823e+001  7.7075830e+000  1.0996638e+001
  9.0000000e-001  1.2821255e+001  1.2223741e+001  1.4284015e+001  7.5560910e+000  1.0899540e+001
  9.0666667e-001  1.2906122e+001  1.2041764e+001  1.4339677e+001  7.4862700e+000  1.0799431e+001
  9.1333333e-001  1.3003018e+001  1.1881557e+001  1.4398225e+001  7.3485880e+000  1.0685406e+001
  9.2000000e-001  1.3112364e+001  1.1714028e+001  1.4471152e+001  7.2149950e+000  1.0582210e+001
  9.2666667e-001  1.3240095e+001  1.1573235e+001  1.4502189e+001  7.0745580e+000  1.0453385e+001
  9.3333333e-001  1.3377103e+001  1.1420512e+001  1.4539640e+001  6.9535550e+000  1.0344877e+001
  9.4000000e-001  1.3554708e+001  1.1292775e+001  1.4560023e+001  6.8015760e+000  1.0242631e+001
  9.4666667e-001  1.3766596e+001  1.1185629e+001  1.4603212e+001  6.6780540e+000  1.0157903e+001
  9.5333333e-001  1.3985189e+001  1.1081042e+001  1.4635294e+001  6.5462810e+000  1.0033312e+001
  9.6000000e-001  1.4198658e+001  1.0962294e+001  1.4680488e+001  6.4324270e+000  9.8961610e+000
  9.6666667e-001  1.4391564e+001  1.0843601e+001  1.4729129e+001  6.3246150e+000  9.7618570e+000
  9.7333333e-001  1.4522569e+001  1.0768124e+001  1.4750268e+001  6.2054410e+000  9.5970560e+000
  9.8000000e-001  1.4641725e+001  1.0642937e+001  1.4780457e+001  6.1008230e+000  9.4159850e+000
  9.8666667e-001  1.4698772e+001  1.0521345e+001  1.4776790e+001  5.9901530e+000  9.2327110e+000
  9.9333333e-001  1.4730228e+001  1.0434389e+001  1.4830749e+001  5.8898290e+000  9.1059280e+000
  1.0000000e+000  1.4761639e+001  1.0349844e+001  1.4857200e+001  5.8315640e+000  8.9965110e+000
  1.0066667e+000  1.4782298e+001  1.0230555e+001  1.4900738e+001  5.7584040e+000  8.9263230e+000
  1.0133333e+000  1.4890704e+001  1.0160403e+001  1.4952129e+001  5.6986160e+000  8.8742490e+000
  1.0200000e+000  1.4946850e+001  1.0051502e+001  1.5019995e+001  5.6331820e+000  8.7847470e+000
  1.0266667e+000  1.5015449e+001  9.9227040e+000  1.5063981e+001  5.5816930e+000  8.6601390e+000
  1.0333333e+000  1.5107267e+001  9.7856330e+000  1.5135455e+001  5.5194700e+000  8.5417080e+000
  1.0400000e+000  1.5130724e+001  9.6978290e+000  1.5129869e+001  5.4560850e+000  8.4954770e+000
  1.0466667e+000  1.5129337e+001  9.5572600e+000  1.5183744e+001  5.3280820e+000  8.4543490e+000
  1.0533333e+000  1.5090967e+001  9.4246210e+000  1.5226216e+001  5.1644590e+000  8.4213960e+000
  1.0600000e+000  1.5025467e+001  9.2699940e+000  1.5317470e+001  5.0394510e+000  8.3384000e+000
  1.0666667e+000  1.4946230e+001  9.1547370e+000  1.5395286e+001  4.9580860e+000  8.2605390e+000
  1.0733333e+000  1.4849808e+001  9.0324540e+000  1.5406820e+001  4.8815140e+000  8.2332010e+000
  1.0800000e+000  1.4704585e+001  8.9171490e+000  1.5397323e+001  4.7756850e+000  8.1967330e+000
  1.0866667e+000  1.4579565e+001  8.7736990e+000  1.5393988e+001  4.6824310e+000  8.2040090e+000
  1.0933333e+000  1.4459060e+001  8.6431080e+000  1.5377378e+001  4.6368740e+000  8.1770530e+000
  1.1000000e+000  1.4390574e+001  8.5200340e+000  1.5376334e+001  4.5813630e+000  8.1926200e+000
  1.1066667e+000  1.4327645e+001  8.4210270e+000  1.5361193e+001  4.5250790e+000  8.2495920e+000
  1.1133333e+000  1.4230801e+001  8.3460150e+000  1.5369420e+001  4.4811520e+000  8.2628090e+000
  1.1200000e+000  1.4130313e+001  8.2744670e+000  1.5342545e+001  4.4703390e+000  8.2506930e+000
  1.1266667e+000  1.4025794e+001  8.1776650e+000  1.5277504e+001  4.4233870e+000  8.2395200e+000
  1.1333333e+000  1.3901592e+001  8.1150050e+000  1.5219485e+001  4.3823270e+000  8.1509860e+000
  1.1400000e+000  1.3753761e+001  8.1054270e+000  1.5186092e+001  4.3640450e+000  8.0694940e+000
  1.1466667e+000  1.3622177e+001  8.1027390e+000  1.5163655e+001  4.3607100e+000  8.0077730e+000
  1.1533333e+000  1.3501111e+001  8.1325390e+000  1.5135612e+001  4.4009940e+000  7.9357840e+000
  1.1600000e+000  1.3383464e+001  8.1572690e+000  1.5080312e+001  4.4388830e+000  7.8703770e+000
  1.1666667e+000  1.3326179e+001  8.1953930e+000  1.5036775e+001  4.4232930e+000  7.8108530e+000
  1.1733333e+000  1.3268037e+001  8.2040190e+000  1.4987939e+001  4.4256650e+000  7.7275340e+000
  1.1800000e+000  1.3165298e+001  8.2340120e+000  1.4960670e+001  4.4058530e+000  7.6014750e+000
  1.1866667e+000  1.3067277e+001  8.2692170e+000  1.4964919e+001  4.3701620e+000  7.5051210e+000
  1.1933333e+000  1.2990242e+001  8.2489720e+000  1.4970931e+001  4.3601500e+000  7.3682670e+000
  1.2000000e+000  1.2907169e+001  8.2292790e+000  1.4972607e+001  4.3792860e+000  7.2659820e+000
  1.2066667e+000  1.2809641e+001  8.1920360e+000  1.4954890e+001  4.3589720e+000  7.1562240e+000
  1.2133333e+000  1.2714554e+001  8.1429200e+000  1.4920507e+001  4.2999130e+000  7.0696410e+000
  1.2200000e+000  1.2580857e+001  8.1343580e+000  1.4912122e+001  4.2941100e+000  6.9334480e+000
  1.2266667e+000  1.2485018e+001  8.1065630e+000  1.4928681e+001  4.2798910e+000  6.7946790e+000
  1.2333333e+000  1.2378858e+001  8.0633200e+000  1.4925888e+001  4.2238930e+000  6.6856670e+000
  1.2400000e+000  1.2317577e+001  8.0669990e+000  1.4927163e+001  4.1710490e+000  6.6126230e+000
  1.2466667e+000  1.2247306e+001  8.1107990e+000  1.4948008e+001  4.1456940e+000  6.5331420e+000
  1.2533333e+000  1.2154659e+001  8.1368660e+000  1.4943875e+001  4.1503790e+000  6.4446560e+000
  1.2600000e+000  1.2091699e+001  8.1513890e+000  1.4952205e+001  4.1065920e+000  6.3539210e+000
  1.2666667e+000  1.2073776e+001  8.1439500e+000  1.4998585e+001  4.0504230e+000  6.2524270e+000
  1.2733333e+000  1.2055316e+001  8.1451690e+000  1.5013383e+001  3.9964660e+000  6.1723690e+000
  1.2800000e+000  1.2012265e+001  8.1656650e+000  1.5002909e+001  3.9325220e+000  6.1033180e+000
  1.2866667e+000  1.1982491e+001  8.2026290e+000  1.4971704e+001  3.9076700e+000  6.0492360e+000
  1.2933333e+000  1.1969247e+001  8.2664130e+000  1.4936606e+001  3.8433260e+000  5.9653110e+000
  1.3000000e+000  1.1930511e+001  8.2848930e+000  1.4899096e+001  3.7905950e+000  5.8906300e+000
  1.3066667e+000  1.1916567e+001  8.2876070e+000  1.4904207e+001  3.7265350e+000  5.8252550e+000
  1.3133333e+000  1.1866589e+001  8.2423090e+000  1.4852284e+001  3.6932380e+000  5.7228030e+000
  1.3200000e+000  1.1806512e+001  8.2139600e+000  1.4775118e+001  3.6211450e+000  5.6037140e+000
  1.3266667e+000  1.1803240e+001  8.1755690e+000  1.4688001e+001  3.5794360e+000  5.4867920e+000
  1.3333333e+000  1.1766766e+001  8.1414900e+000  1.4598242e+001  3.5057970e+000  5.3497250e+000
  1.3400000e+000  1.1726621e+001  8.0968390e+000  1.4521178e+001  3.4882170e+000  5.1899620e+000
  1.3466667e+000  1.1678791e+001  8.0557150e+000  1.4438232e+001  3.4319500e+000  5.0491090e+000
  1.3533333e+000  1.1638361e+001  8.0386500e+000  1.4339223e+001  3.3842990e+000  4.8622720e+000
  1.3600000e+000  1.1587847e+001  8.0478920e+000  1.4249226e+001  3.3339580e+000  4.7396110e+000
  1.3666667e+000  1.1493018e+001  7.9885380e+000  1.4146301e+001  3.2956350e+000  4.6007930e+000
  1.3733333e+000  1.1377151e+001  7.9984290e+000  1.4027781e+001  3.2766790e+000  4.4915450e+000
  1.3800000e+000  1.1327343e+001  8.0358980e+000  1.3899196e+001  3.2436590e+000  4.3563530e+000
  1.3866667e+000  1.1255557e+001  8.0338530e+000  1.3823173e+001  3.2301840e+000  4.1885130e+000
  1.3933333e+000  1.1160373e+001  8.0629280e+000  1.3761710e+001  3.2201990e+000  4.0845260e+000
  1.4000000e+000  1.1107088e+001  8.1252920e+000  1.3707380e+001  3.2221390e+000  3.9425510e+000
  1.4066667e+000  1.1048768e+001  8.1611930e+000  1.3674340e+001  3.2223000e+000  3.8549670e+000
  1.4133333e+000  1.1004289e+001  8.2230520e+000  1.3635645e+001  3.1982840e+000  3.7265730e+000
  1.4200000e+000  1.0926205e+001  8.2967800e+000  1.3526073e+001  3.1883140e+000  3.6451050e+000
  1.4266667e+000  1.0856515e+001  8.2919090e+000  1.3421108e+001  3.1756200e+000  3.5842720e+000
  1.4333333e+000  1.0791829e+001  8.3116020e+000  1.3319002e+001  3.1254090e+000  3.5258140e+000
  1.4400000e+000  1.0671784e+001  8.3241830e+000  1.3185902e+001  3.0927840e+000  3.4351680e+000
  1.4466667e+000  1.0559483e+001  8.3070210e+000  1.3108485e+001  3.0722880e+000  3.3595550e+000
  1.4533333e+000  1.0481624e+001  8.2537330e+000  1.3018360e+001  3.0337420e+000  3.2195940e+000
  1.4600000e+000  1.0375194e+001  8.1934410e+000  1.2912514e+001  3.0361870e+000  3.1112160e+000
  1.4666667e+000  1.0251419e+001  8.1374550e+000  1.2817280e+001  2.9583230e+000  2.9453970e+000
  1.4733333e+000  1.0141862e+001  8.1086690e+000  1.2696567e+001  2.9547400e+000  2.7791310e+000
  1.4800000e+000  1.0038771e+001  8.0627390e+000  1.2582762e+001  2.8948490e+000  2.6385850e+000
  1.4866667e+000  9.9661810e+000  7.9850350e+000  1.2444796e+001  2.8755350e+000  2.4970920e+000
  1.4933333e+000  9.8546380e+000  7.9254270e+000  1.2318667e+001  2.7779540e+000  2.3379980e+000
  1.5000000e+000  9.7809970e+000  7.8809000e+000  1.2180442e+001  2.7651450e+000  2.1891430e+000
  1.5066667e+000  9.7054660e+000  7.8227370e+000  1.2067097e+001  2.7184180e+000  2.0453320e+000
  1.5133333e+000  9.6341350e+000  7.7603280e+000  1.1941462e+001  2.6308220e+000  1.8816490e+000
  1.5200000e+000  9.5748020e+000  7.7342930e+000  1.1816648e+001  2.6222070e+000  1.7192430e+000
  1.5266667e+000  9.5315950e+000  7.7253630e+000  1.1737151e+001  2.5659090e+000  1.5732010e+000
  1.5333333e+000  9.4758380e+000  7.7250300e+000  1.1646268e+001  2.5167580e+000  1.4570330e+000
  1.5400000e+000  9.8954780e+000  7.7128060e+000  1.1521033e+001  2.4981130e+000  1.3181650e+000
  1.5466667e+000  9.7752080e+000  7.7127370e+000  1.1423777e+001  2.4381730e+000  1.2078800e+000
  1.5533333e+000  9.2625700e+000  7.7153840e+000  1.1300800e+001  2.4303940e+000  1.1001830e+000
  1.5600000e+000  9.6366230e+000  7.7242160e+000  1.1174417e+001  2.4038550e+000  9.6966100e-001
  1.5666667e+000  9.5729040e+000  7.6820670e+000  1.1064483e+001  2.4094380e+000  8.9675200e-001
  1.5733333e+000  8.9658830e+000  7.6541190e+000  1.0922544e+001  2.4013470e+000  8.1850000e-001
  1.5800000e+000  9.3434060e+000  7.5966670e+000  1.0794569e+001  2.3648130e+000  7.6157300e-001
  1.5866667e+000  9.1681450e+000  7.6071820e+000  1.0705393e+001  2.3654590e+000  7.4698300e-001
  1.5933333e+000  9.0037080e+000  7.6424800e+000  1.0588202e+001  2.3483500e+000  7.1007900e-001
  1.6000000e+000  8.8416130e+000  7.6279260e+000  1.0464872e+001  2.3059500e+000  6.4013000e-001
  1.6066667e+000  8.6594060e+000  7.6499500e+000  1.0305516e+001  2.3008750e+000  5.6165300e-001
  1.6133333e+000  8.4113400e+000  7.6337920e+000  1.0113424e+001  2.2677410e+000  5.4221400e-001
  1.6200000e+000  8.2517980e+000  7.6384230e+000  9.9148560e+000  2.2199650e+000  4.5746300e-001
  1.6266667e+000  8.1928110e+000  7.6255300e+000  9.7945280e+000  2.2222760e+000  3.9873200e-001
  1.6333333e+000  8.0026690e+000  7.6310810e+000  9.6420450e+000  2.2196680e+000  3.5973500e-001
  1.6400000e+000  7.8761250e+000  7.6233360e+000  9.5639440e+000  2.1621530e+000  3.2606900e-001
  1.6466667e+000  7.7749690e+000  7.5932980e+000  9.4651490e+000  2.1262900e+000  2.9430500e-001
  1.6533333e+000  7.6543430e+000  7.5650960e+000  9.3971940e+000  2.1002730e+000  2.4450800e-001
  1.6600000e+000  7.6296580e+000  7.5298700e+000  9.2766090e+000  2.0402020e+000  2.3203000e-001
  1.6666667e+000  7.5434540e+000  7.4776990e+000  9.1585940e+000  1.9858490e+000  1.9339700e-001
  1.6733333e+000  7.4989980e+000  7.4538910e+000  9.0684120e+000  1.9406330e+000  1.7469100e-001
  1.6800000e+000  7.5196610e+000  7.3808610e+000  8.9591260e+000  1.9078900e+000  1.0477300e-001
  1.6866667e+000  7.5147330e+000  7.3576370e+000  8.8940940e+000  1.8510500e+000  8.8646000e-002
  1.6933333e+000  7.4285240e+000  7.3296590e+000  8.8761470e+000  1.8149810e+000  9.2430000e-002
  1.7000000e+000  7.4731440e+000  7.2973750e+000  8.8678100e+000  1.7732960e+000  8.1806000e-002
  1.7066667e+000  7.4024670e+000  7.2477230e+000  8.8427960e+000  1.7191720e+000  4.4928000e-002
  1.7133333e+000  7.3799890e+000  7.2293020e+000  8.8484130e+000  1.6924370e+000  2.7873000e-002
  1.7200000e+000  7.3540090e+000  7.2220540e+000  8.8808070e+000  1.6618250e+000 -1.1958000e-002
  1.7266667e+000  7.2838420e+000  7.1908450e+000  8.9324920e+000  1.6193540e+000 -5.3287000e-002
  1.7333333e+000  7.2537160e+000  7.1762710e+000  8.9267040e+000  1.5615120e+000 -5.8642000e-002
  1.7400000e+000  7.2786730e+000  7.1427410e+000  9.0187590e+000  1.5466910e+000 -1.0787000e-001
  1.7466667e+000  7.2141790e+000  7.0951070e+000  9.1213080e+000  1.5118980e+000 -1.7158700e-001
  1.7533333e+000  7.2188830e+000  7.0813260e+000  9.2459330e+000  1.4520700e+000 -2.5340700e-001
  1.7600000e+000  7.2100010e+000  7.0629930e+000  9.3067040e+000  1.4720180e+000 -3.2382200e-001
  1.7666667e+000  7.2347290e+000  7.0550340e+000  9.3921600e+000  1.5012660e+000 -3.0405200e-001
  1.7733333e+000  7.1942730e+000  7.0435520e+000  9.4858580e+000  1.5282320e+000 -3.0787200e-001
  1.7800000e+000  7.1607070e+000  7.0286280e+000  9.5142450e+000  1.5288670e+000 -3.6965500e-001
  1.7866667e+000  7.1271090e+000  7.0276380e+000  9.5459390e+000  1.5295010e+000 -4.3639000e-001
  1.7933333e+000  7.0698840e+000  7.0063150e+000  9.5765170e+000  1.5282540e+000 -4.4049500e-001
  1.8000000e+000  7.1086970e+000  7.0184490e+000  9.6457020e+000  1.5403330e+000 -4.7884300e-001
  1.8066667e+000  7.0789630e+000  7.5028960e+000  9.7143170e+000  1.5109910e+000 -5.1179800e-001
  1.8133333e+000  6.9968810e+000  7.5732700e+000  9.7158210e+000  1.5006050e+000 -5.4395800e-001
  1.8200000e+000  6.9982040e+000  7.5109020e+000  9.6775930e+000  1.4901020e+000 -5.6247000e-001
  1.8266667e+000  6.8935800e+000  7.6418700e+000  9.6698680e+000  1.4740020e+000 -5.4787900e-001
  1.8333333e+000  6.9260090e+000  7.6872180e+000  9.6089290e+000  1.4895420e+000 -5.3881800e-001
  1.8400000e+000  6.8562960e+000  7.7086710e+000  9.5758190e+000  1.4904140e+000 -5.2501200e-001
  1.8466667e+000  6.8259630e+000  7.7456050e+000  9.4922290e+000  1.4814340e+000 -5.2055400e-001
  1.8533333e+000  6.8317130e+000  7.7432080e+000  9.4270410e+000  1.4491930e+000 -5.3802400e-001
  1.8600000e+000  6.7858770e+000  7.7833440e+000  9.2955360e+000  1.4553410e+000 -5.3491300e-001
  1.8666667e+000  6.7884960e+000  7.8491220e+000  9.1959270e+000  1.4461370e+000 -5.4583700e-001
  1.8733333e+000  6.7430200e+000  7.8186960e+000  9.1185310e+000  1.4615790e+000 -5.2166200e-001
  1.8800000e+000  6.6933650e+000  7.8097520e+000  9.0123220e+000  1.4340600e+000 -5.4557000e-001
  1.8866667e+000  6.6681540e+000  7.8250110e+000  8.9163200e+000  1.4279220e+000 -5.1696000e-001
  1.8933333e+000  6.6499880e+000  7.8126600e+000  8.7830950e+000  1.4232040e+000 -5.4449500e-001
  1.9000000e+000  6.6000000e+000  7.8591660e+000  8.6943160e+000  1.4214040e+000 -5.5625400e-001
  1.9066667e+000  6.6482790e+000  7.7160370e+000  8.6012220e+000  1.4084960e+000 -5.4669100e-001
  1.9133333e+000  6.7283620e+000  7.7409700e+000  8.4719040e+000  1.3974560e+000 -5.4151900e-001
  1.9200000e+000  6.7128540e+000  7.6696700e+000  8.3890530e+000  1.3877680e+000 -5.6501000e-001
  1.9266667e+000  6.7232780e+000  7.7237430e+000  8.3326370e+000  1.3886420e+000 -5.5013000e-001
  1.9333333e+000  6.7655810e+000  7.6679400e+000  8.2969790e+000  1.4131780e+000 -5.8591700e-001
  1.9400000e+000  6.7234580e+000  7.6682550e+000  8.2758670e+000  1.3773060e+000 -6.0555200e-001
  1.9466667e+000  6.6838790e+000  7.6581320e+000  8.3054890e+000  1.3556260e+000 -6.0954000e-001
  1.9533333e+000  6.6329820e+000  7.5612600e+000  8.2910430e+000  1.3614720e+000 -6.0673800e-001
  1.9600000e+000  6.6130700e+000  7.4757800e+000  8.2521240e+000  1.3617860e+000 -6.4538900e-001
  1.9666667e+000  6.6172910e+000  7.4213020e+000  8.2079110e+000  1.3614060e+000 -6.4621000e-001
  1.9733333e+000  6.6490430e+000  7.4884960e+000  8.2008120e+000  1.3685990e+000 -6.6667300e-001
  1.9800000e+000  6.5809390e+000  7.5442050e+000  8.1793520e+000  1.3599150e+000 -6.9394300e-001
  1.9866667e+000  6.5866880e+000  7.4261920e+000  8.2314150e+000  1.4107360e+000 -7.4022800e-001
  1.9933333e+000  6.5249260e+000  7.4272690e+000  8.2420360e+000  1.3814210e+000 -7.3564000e-001
  2.0000000e+000  6.5207680e+000  7.4142480e+000  8.2069610e+000  1.3912060e+000 -7.7284800e-001
