 -5.0000000e-001  1.2228027e+002  1.1837561e+002  1.2309539e+002  1.2728820e+002  1.2461980e+002  1.2285700e+002  1.2605393e+002
 -4.9333333e-001  1.2225782e+002  1.1840107e+002  1.2309915e+002  1.2727619e+002  1.2461395e+002  1.2285952e+002  1.2607101e+002
 -4.8666667e-001  1.2228214e+002  1.1838412e+002  1.2310997e+002  1.2728652e+002  1.2463049e+002  1.2283270e+002  1.2604815e+002
 -4.8000000e-001  1.2227985e+002  1.1834203e+002  1.2312485e+002  1.2730393e+002  1.2462579e+002  1.2281452e+002  1.2606927e+002
 -4.7333333e-001  1.2225822e+002  1.1838712e+002  1.2313329e+002  1.2729287e+002  1.2463416e+002  1.2283160e+002  1.2606461e+002
 -4.6666667e-001  1.2225979e+002  1.1839140e+002  1.2313296e+002  1.2727258e+002  1.2467307e+002  1.2283592e+002  1.2603116e+002
 -4.6000000e-001  1.2225006e+002  1.1839129e+002  1.2311968e+002  1.2725435e+002  1.2465933e+002  1.2278820e+002  1.2607191e+002
 -4.5333333e-001  1.2222508e+002  1.1838774e+002  1.2312058e+002  1.2724602e+002  1.2461260e+002  1.2279404e+002  1.2608947e+002
 -4.4666667e-001  1.2220553e+002  1.1838417e+002  1.2311740e+002  1.2722603e+002  1.2460819e+002  1.2280473e+002  1.2607737e+002
 -4.4000000e-001  1.2221892e+002  1.1838731e+002  1.2311611e+002  1.2724828e+002  1.2463635e+002  1.2281506e+002  1.2607018e+002
 -4.3333333e-001  1.2221716e+002  1.1838484e+002  1.2310099e+002  1.2726482e+002  1.2463329e+002  1.2279814e+002  1.2608882e+002
 -4.2666667e-001  1.2220834e+002  1.1841287e+002  1.2308527e+002  1.2725436e+002  1.2461444e+002  1.2277535e+002  1.2609562e+002
 -4.2000000e-001  1.2221572e+002  1.1844223e+002  1.2308703e+002  1.2725256e+002  1.2459018e+002  1.2279381e+002  1.2612003e+002
 -4.1333333e-001  1.2222553e+002  1.1842545e+002  1.2309926e+002  1.2723209e+002  1.2463406e+002  1.2278008e+002  1.2612066e+002
 -4.0666667e-001  1.2220408e+002  1.1841744e+002  1.2309216e+002  1.2722972e+002  1.2465530e+002  1.2277457e+002  1.2611684e+002
 -4.0000000e-001  1.2217886e+002  1.1843088e+002  1.2307501e+002  1.2726292e+002  1.2466102e+002  1.2274055e+002  1.2615130e+002
 -3.9333333e-001  1.2219193e+002  1.1843660e+002  1.2308798e+002  1.2726029e+002  1.2463036e+002  1.2273923e+002  1.2612759e+002
 -3.8666667e-001  1.2217869e+002  1.1841821e+002  1.2305440e+002  1.2729252e+002  1.2462206e+002  1.2273981e+002  1.2612271e+002
 -3.8000000e-001  1.2218968e+002  1.1841932e+002  1.2308430e+002  1.2728731e+002  1.2461918e+002  1.2273664e+002  1.2610905e+002
 -3.7333333e-001  1.2219844e+002  1.1842783e+002  1.2307604e+002  1.2727502e+002  1.2465476e+002  1.2273626e+002  1.2609135e+002
 -3.6666667e-001  1.2217393e+002  1.1843338e+002  1.2307610e+002  1.2728194e+002  1.2469119e+002  1.2274129e+002  1.2607371e+002
 -3.6000000e-001  1.2214460e+002  1.1842532e+002  1.2307146e+002  1.2724754e+002  1.2465460e+002  1.2273386e+002  1.2605872e+002
 -3.5333333e-001  1.2217171e+002  1.1844482e+002  1.2308279e+002  1.2726339e+002  1.2465239e+002  1.2274381e+002  1.2609736e+002
 -3.4666667e-001  1.2214803e+002  1.1841486e+002  1.2310180e+002  1.2727327e+002  1.2465438e+002  1.2272044e+002  1.2608367e+002
 -3.4000000e-001  1.2213288e+002  1.1837865e+002  1.2307539e+002  1.2728686e+002  1.2465485e+002  1.2267997e+002  1.2608061e+002
 -3.3333333e-001  1.2213110e+002  1.1842709e+002  1.2309705e+002  1.2733550e+002  1.2463399e+002  1.2273089e+002  1.2607699e+002
 -3.2666667e-001  1.2213342e+002  1.1843711e+002  1.2308248e+002  1.2733617e+002  1.2461563e+002  1.2278038e+002  1.2609476e+002
 -3.2000000e-001  1.2214717e+002  1.1842735e+002  1.2305903e+002  1.2735929e+002  1.2461933e+002  1.2273161e+002  1.2611185e+002
 -3.1333333e-001  1.2215211e+002  1.1842362e+002  1.2306155e+002  1.2735204e+002  1.2461883e+002  1.2270968e+002  1.2611316e+002
 -3.0666667e-001  1.2218486e+002  1.1841462e+002  1.2306127e+002  1.2736280e+002  1.2462500e+002  1.2272337e+002  1.2608497e+002
 -3.0000000e-001  1.2212939e+002  1.1841586e+002  1.2308530e+002  1.2736393e+002  1.2463131e+002  1.2272976e+002  1.2609064e+002
 -2.9333333e-001  1.2208858e+002  1.1841835e+002  1.2309043e+002  1.2735959e+002  1.2461910e+002  1.2273069e+002  1.2608426e+002
 -2.8666667e-001  1.2210745e+002  1.1841641e+002  1.2307507e+002  1.2736807e+002  1.2461441e+002  1.2273111e+002  1.2607986e+002
 -2.8000000e-001  1.2213210e+002  1.1841543e+002  1.2307455e+002  1.2740852e+002  1.2463774e+002  1.2272995e+002  1.2605568e+002
 -2.7333333e-001  1.2213194e+002  1.1842529e+002  1.2305613e+002  1.2739593e+002  1.2464020e+002  1.2273650e+002  1.2604568e+002
 -2.6666667e-001  1.2209428e+002  1.1843790e+002  1.2306404e+002  1.2742364e+002  1.2463619e+002  1.2276885e+002  1.2604808e+002
 -2.6000000e-001  1.2206887e+002  1.1846426e+002  1.2309879e+002  1.2742379e+002  1.2463493e+002  1.2276510e+002  1.2603781e+002
 -2.5333333e-001  1.2209239e+002  1.1846287e+002  1.2308006e+002  1.2741155e+002  1.2463877e+002  1.2276627e+002  1.2603994e+002
 -2.4666667e-001  1.2209801e+002  1.1845502e+002  1.2306866e+002  1.2741476e+002  1.2462861e+002  1.2274633e+002  1.2599323e+002
 -2.4000000e-001  1.2209353e+002  1.1848000e+002  1.2307806e+002  1.2743741e+002  1.2462471e+002  1.2272942e+002  1.2599938e+002
 -2.3333333e-001  1.2209749e+002  1.1848262e+002  1.2306097e+002  1.2745626e+002  1.2464869e+002  1.2272743e+002  1.2600688e+002
 -2.2666667e-001  1.2210362e+002  1.1846294e+002  1.2303499e+002  1.2742873e+002  1.2467634e+002  1.2271554e+002  1.2597135e+002
 -2.2000000e-001  1.2209295e+002  1.1846454e+002  1.2305392e+002  1.2743749e+002  1.2471790e+002  1.2270904e+002  1.2595041e+002
 -2.1333333e-001  1.2209625e+002  1.1849008e+002  1.2307332e+002  1.2745779e+002  1.2468790e+002  1.2271765e+002  1.2592806e+002
 -2.0666667e-001  1.2211388e+002  1.1849674e+002  1.2307224e+002  1.2745071e+002  1.2468269e+002  1.2273740e+002  1.2595574e+002
 -2.0000000e-001  1.2210098e+002  1.1850947e+002  1.2307404e+002  1.2746806e+002  1.2470536e+002  1.2274336e+002  1.2594283e+002
 -1.9333333e-001  1.2209910e+002  1.1848782e+002  1.2306690e+002  1.2749224e+002  1.2468677e+002  1.2277290e+002  1.2593794e+002
 -1.8666667e-001  1.2207413e+002  1.1846500e+002  1.2306425e+002  1.2750122e+002  1.2467230e+002  1.2276723e+002  1.2591365e+002
 -1.8000000e-001  1.2209353e+002  1.1849762e+002  1.2305201e+002  1.2749371e+002  1.2468072e+002  1.2271874e+002  1.2588152e+002
 -1.7333333e-001  1.2209593e+002  1.1848746e+002  1.2305570e+002  1.2751249e+002  1.2467327e+002  1.2270267e+002  1.2591419e+002
 -1.6666667e-001  1.2209051e+002  1.1848355e+002  1.2305817e+002  1.2751563e+002  1.2469741e+002  1.2273669e+002  1.2587038e+002
 -1.6000000e-001  1.2213295e+002  1.1848839e+002  1.2304852e+002  1.2752467e+002  1.2472452e+002  1.2272456e+002  1.2582513e+002
 -1.5333333e-001  1.2216071e+002  1.1849268e+002  1.2303452e+002  1.2754260e+002  1.2473599e+002  1.2274207e+002  1.2584318e+002
 -1.4666667e-001  1.2216616e+002  1.1851243e+002  1.2300487e+002  1.2759930e+002  1.2474898e+002  1.2272472e+002  1.2582359e+002
 -1.4000000e-001  1.2216539e+002  1.1853465e+002  1.2306983e+002  1.2758340e+002  1.2475330e+002  1.2272514e+002  1.2578565e+002
 -1.3333333e-001  1.2218721e+002  1.1852213e+002  1.2306587e+002  1.2759292e+002  1.2474524e+002  1.2272442e+002  1.2578354e+002
 -1.2666667e-001  1.2219356e+002  1.1851972e+002  1.2305424e+002  1.2760590e+002  1.2476704e+002  1.2272598e+002  1.2579358e+002
 -1.2000000e-001  1.2218500e+002  1.1851452e+002  1.2306539e+002  1.2758683e+002  1.2476002e+002  1.2273334e+002  1.2579730e+002
 -1.1333333e-001  1.2221761e+002  1.1851421e+002  1.2304634e+002  1.2760326e+002  1.2479308e+002  1.2274908e+002  1.2578726e+002
 -1.0666667e-001  1.2224011e+002  1.1851542e+002  1.2299577e+002  1.2759489e+002  1.2484082e+002  1.2276558e+002  1.2580727e+002
 -1.0000000e-001  1.2226189e+002  1.1850244e+002  1.2299924e+002  1.2763460e+002  1.2481081e+002  1.2275924e+002  1.2582018e+002
 -9.3333333e-002  1.2227039e+002  1.1849084e+002  1.2301531e+002  1.2763497e+002  1.2480872e+002  1.2276866e+002  1.2579065e+002
 -8.6666667e-002  1.2231151e+002  1.1850557e+002  1.2300237e+002  1.2761796e+002  1.2481870e+002  1.2279489e+002  1.2576400e+002
 -8.0000000e-002  1.2231340e+002  1.1847907e+002  1.2301534e+002  1.2766135e+002  1.2483104e+002  1.2279094e+002  1.2578861e+002
 -7.3333333e-002  1.2232661e+002  1.1848525e+002  1.2301635e+002  1.2770754e+002  1.2481613e+002  1.2277917e+002  1.2578581e+002
 -6.6666667e-002  1.2236298e+002  1.1848200e+002  1.2301128e+002  1.2770145e+002  1.2484142e+002  1.2279968e+002  1.2579436e+002
 -6.0000000e-002  1.2233142e+002  1.1849162e+002  1.2300577e+002  1.2769475e+002  1.2484723e+002  1.2278877e+002  1.2583257e+002
 -5.3333333e-002  1.2232724e+002  1.1850044e+002  1.2299586e+002  1.2771346e+002  1.2484274e+002  1.2275938e+002  1.2581764e+002
 -4.6666667e-002  1.2231627e+002  1.1848492e+002  1.2300157e+002  1.2766879e+002  1.2482947e+002  1.2279114e+002  1.2577915e+002
 -4.0000000e-002  1.2235623e+002  1.1850029e+002  1.2297295e+002  1.2767382e+002  1.2483244e+002  1.2280783e+002  1.2577535e+002
 -3.3333333e-002  1.2238191e+002  1.1848431e+002  1.2296288e+002  1.2769016e+002  1.2480576e+002  1.2280409e+002  1.2575740e+002
 -2.6666667e-002  1.2234585e+002  1.1846526e+002  1.2298019e+002  1.2766266e+002  1.2481137e+002  1.2282475e+002  1.2575340e+002
 -2.0000000e-002  1.2234350e+002  1.1845180e+002  1.2297311e+002  1.2765528e+002  1.2480093e+002  1.2283820e+002  1.2569958e+002
 -1.3333333e-002  1.2234690e+002  1.1845170e+002  1.2295139e+002  1.2768922e+002  1.2480944e+002  1.2282121e+002  1.2565321e+002
 -6.6666667e-003  1.2236807e+002  1.1848444e+002  1.2293831e+002  1.2768758e+002  1.2482190e+002  1.2282223e+002  1.2566816e+002
  0.0000000e+000  1.2235062e+002  1.1849219e+002  1.2294950e+002  1.2770477e+002  1.2479603e+002  1.2281508e+002  1.2570324e+002
  6.6666667e-003  1.2235325e+002  1.1848391e+002  1.2295274e+002  1.2771047e+002  1.2477937e+002  1.2282142e+002  1.2570306e+002
  1.3333333e-002  1.2239809e+002  1.1846148e+002  1.2295338e+002  1.2771191e+002  1.2480637e+002  1.2280932e+002  1.2569156e+002
  2.0000000e-002  1.2239040e+002  1.1845720e+002  1.2297305e+002  1.2772988e+002  1.2479332e+002  1.2278098e+002  1.2572161e+002
  2.6666667e-002  1.2238688e+002  1.1845250e+002  1.2296388e+002  1.2772353e+002  1.2479342e+002  1.2281646e+002  1.2573130e+002
  3.3333333e-002  1.2240871e+002  1.1844593e+002  1.2295808e+002  1.2773690e+002  1.2484873e+002  1.2283431e+002  1.2572878e+002
  4.0000000e-002  1.2246564e+002  1.1843742e+002  1.2292790e+002  1.2771552e+002  1.2486739e+002  1.2283231e+002  1.2570704e+002
  4.6666667e-002  1.2243815e+002  1.1845986e+002  1.2296021e+002  1.2770726e+002  1.2486351e+002  1.2283144e+002  1.2572486e+002
  5.3333333e-002  1.2244549e+002  1.1848588e+002  1.2297190e+002  1.2770718e+002  1.2488050e+002  1.2286009e+002  1.2573112e+002
  6.0000000e-002  1.2246144e+002  1.1849918e+002  1.2295453e+002  1.2771729e+002  1.2486270e+002  1.2293729e+002  1.2572638e+002
  6.6666667e-002  1.2250485e+002  1.1853876e+002  1.2298338e+002  1.2774471e+002  1.2483518e+002  1.2304016e+002  1.2573379e+002
  7.3333333e-002  1.2255056e+002  1.1855825e+002  1.2300252e+002  1.2774022e+002  1.2480225e+002  1.2315643e+002  1.2574245e+002
  8.0000000e-002  1.2258392e+002  1.1857977e+002  1.2302554e+002  1.2776247e+002  1.2486671e+002  1.2332227e+002  1.2583478e+002
  8.6666667e-002  1.2262292e+002  1.1864390e+002  1.2303133e+002  1.2781948e+002  1.2491048e+002  1.2346664e+002  1.2596380e+002
  9.3333333e-002  1.2268625e+002  1.1872164e+002  1.2302874e+002  1.2786397e+002  1.2495984e+002  1.2370425e+002  1.2616795e+002
  1.0000000e-001  1.2276685e+002  1.1877617e+002  1.2310272e+002  1.2793615e+002  1.2500105e+002  1.2395454e+002  1.2646951e+002
  1.0666667e-001  1.2282124e+002  1.1885152e+002  1.2315450e+002  1.2801064e+002  1.2505798e+002  1.2417202e+002  1.2686727e+002
  1.1333333e-001  1.2288598e+002  1.1896356e+002  1.2318014e+002  1.2815025e+002  1.2513634e+002  1.2446714e+002  1.2729617e+002
  1.2000000e-001  1.2300829e+002  1.1914634e+002  1.2322048e+002  1.2838564e+002  1.2527640e+002  1.2474722e+002  1.2774065e+002
  1.2666667e-001  1.2320100e+002  1.1946332e+002  1.2328851e+002  1.2871350e+002  1.2540941e+002  1.2504619e+002  1.2826292e+002
  1.3333333e-001  1.2343200e+002  1.1980808e+002  1.2342875e+002  1.2910367e+002  1.2568521e+002  1.2533001e+002  1.2882599e+002
  1.4000000e-001  1.2379241e+002  1.2010627e+002  1.2366328e+002  1.2946298e+002  1.2610943e+002  1.2551611e+002  1.2944682e+002
  1.4666667e-001  1.2417017e+002  1.2042135e+002  1.2397134e+002  1.2978860e+002  1.2655354e+002  1.2568877e+002  1.3007588e+002
  1.5333333e-001  1.2448328e+002  1.2087100e+002  1.2428519e+002  1.3012608e+002  1.2708556e+002  1.2592891e+002  1.3076073e+002
  1.6000000e-001  1.2477357e+002  1.2160334e+002  1.2456732e+002  1.3061946e+002  1.2768419e+002  1.2624505e+002  1.3151999e+002
  1.6666667e-001  1.2516129e+002  1.2252673e+002  1.2480576e+002  1.3124397e+002  1.2839375e+002  1.2676060e+002  1.3233356e+002
  1.7333333e-001  1.2568964e+002  1.2335387e+002  1.2496597e+002  1.3186189e+002  1.2921333e+002  1.2734063e+002  1.3314377e+002
  1.8000000e-001  1.2625471e+002  1.2404746e+002  1.2513328e+002  1.3240390e+002  1.3007340e+002  1.2797930e+002  1.3396089e+002
  1.8666667e-001  1.2669065e+002  1.2484616e+002  1.2534295e+002  1.3301180e+002  1.3095708e+002  1.2868248e+002  1.3470999e+002
  1.9333333e-001  1.2715281e+002  1.2583852e+002  1.2553506e+002  1.3371074e+002  1.3185997e+002  1.2941905e+002  1.3547217e+002
  2.0000000e-001  1.2778992e+002  1.2689992e+002  1.2589369e+002  1.3447658e+002  1.3282033e+002  1.3011739e+002  1.3623329e+002
  2.0666667e-001  1.2857269e+002  1.2805537e+002  1.2645081e+002  1.3528996e+002  1.3397420e+002  1.3085446e+002  1.3717953e+002
  2.1333333e-001  1.2950610e+002  1.2935084e+002  1.2733308e+002  1.3617230e+002  1.3518153e+002  1.3158102e+002  1.3825707e+002
  2.2000000e-001  1.3060161e+002  1.3070496e+002  1.2859279e+002  1.3719241e+002  1.3644283e+002  1.3229578e+002  1.3944600e+002
  2.2666667e-001  1.3190776e+002  1.3209718e+002  1.3007616e+002  1.3834750e+002  1.3775819e+002  1.3309166e+002  1.4084950e+002
  2.3333333e-001  1.3329465e+002  1.3351968e+002  1.3170837e+002  1.3947325e+002  1.3915680e+002  1.3390830e+002  1.4235188e+002
  2.4000000e-001  1.3454996e+002  1.3480467e+002  1.3336305e+002  1.4061791e+002  1.4073981e+002  1.3474345e+002  1.4387976e+002
  2.4666667e-001  1.3563016e+002  1.3589813e+002  1.3503853e+002  1.4180690e+002  1.4258847e+002  1.3569357e+002  1.4535312e+002
  2.5333333e-001  1.3665019e+002  1.3681729e+002  1.3678575e+002  1.4289561e+002  1.4451851e+002  1.3665172e+002  1.4666153e+002
  2.6000000e-001  1.3769743e+002  1.3764574e+002  1.3850888e+002  1.4383945e+002  1.4624260e+002  1.3767397e+002  1.4776283e+002
  2.6666667e-001  1.3894080e+002  1.3860339e+002  1.4020329e+002  1.4460124e+002  1.4750928e+002  1.3885115e+002  1.4841025e+002
  2.7333333e-001  1.4038899e+002  1.3988017e+002  1.4179001e+002  1.4516757e+002  1.4834552e+002  1.4037802e+002  1.4857474e+002
  2.8000000e-001  1.4182385e+002  1.4137558e+002  1.4311215e+002  1.4551256e+002  1.4891905e+002  1.4228346e+002  1.4823993e+002
  2.8666667e-001  1.4295116e+002  1.4237869e+002  1.4415038e+002  1.4549942e+002  1.4944000e+002  1.4455399e+002  1.4767865e+002
  2.9333333e-001  1.4390976e+002  1.4203989e+002  1.4469078e+002  1.4521796e+002  1.5011948e+002  1.4686614e+002  1.4699519e+002
  3.0000000e-001  1.4464813e+002  1.4059123e+002  1.4462360e+002  1.4490379e+002  1.5089569e+002  1.4886909e+002  1.4627791e+002
  3.0666667e-001  1.4510681e+002  1.3875862e+002  1.4404835e+002  1.4472324e+002  1.5172037e+002  1.4996785e+002  1.4563409e+002
  3.1333333e-001  1.4531621e+002  1.3708269e+002  1.4338951e+002  1.4477394e+002  1.5243738e+002  1.4997989e+002  1.4515463e+002
  3.2000000e-001  1.4526147e+002  1.3583322e+002  1.4316644e+002  1.4507433e+002  1.5292171e+002  1.4907600e+002  1.4490936e+002
  3.2666667e-001  1.4506506e+002  1.3527512e+002  1.4344029e+002  1.4560249e+002  1.5319575e+002  1.4779102e+002  1.4478633e+002
  3.3333333e-001  1.4486021e+002  1.3549196e+002  1.4422553e+002  1.4616898e+002  1.5324153e+002  1.4645396e+002  1.4469431e+002
  3.4000000e-001  1.4467725e+002  1.3637999e+002  1.4528691e+002  1.4675363e+002  1.5323366e+002  1.4529079e+002  1.4461607e+002
  3.4666667e-001  1.4444151e+002  1.3745610e+002  1.4626268e+002  1.4719748e+002  1.5322784e+002  1.4437364e+002  1.4454195e+002
  3.5333333e-001  1.4418996e+002  1.3851138e+002  1.4692732e+002  1.4735106e+002  1.5308351e+002  1.4390332e+002  1.4452293e+002
  3.6000000e-001  1.4395695e+002  1.3931838e+002  1.4718701e+002  1.4726315e+002  1.5288130e+002  1.4397052e+002  1.4458846e+002
  3.6666667e-001  1.4362656e+002  1.3971549e+002  1.4717154e+002  1.4703369e+002  1.5259120e+002  1.4454790e+002  1.4483469e+002
  3.7333333e-001  1.4302835e+002  1.3962247e+002  1.4693845e+002  1.4683705e+002  1.5226845e+002  1.4549544e+002  1.4526886e+002
  3.8000000e-001  1.4205200e+002  1.3912921e+002  1.4670891e+002  1.4670876e+002  1.5195979e+002  1.4660413e+002  1.4586647e+002
  3.8666667e-001  1.4079277e+002  1.3836005e+002  1.4662534e+002  1.4668175e+002  1.5183362e+002  1.4751257e+002  1.4654105e+002
  3.9333333e-001  1.3941893e+002  1.3746497e+002  1.4678188e+002  1.4667279e+002  1.5192494e+002  1.4775253e+002  1.4719319e+002
  4.0000000e-001  1.3877212e+002  1.3663626e+002  1.4701404e+002  1.4673604e+002  1.5211293e+002  1.4740891e+002  1.4766815e+002
  4.0666667e-001  1.3947510e+002  1.3629155e+002  1.4725496e+002  1.4688029e+002  1.5231751e+002  1.4679542e+002  1.4779082e+002
  4.1333333e-001  1.4141115e+002  1.3666316e+002  1.4742833e+002  1.4722478e+002  1.5134711e+002  1.4611978e+002  1.4752097e+002
  4.2000000e-001  1.4384328e+002  1.3786757e+002  1.4743710e+002  1.4776533e+002  1.4845241e+002  1.4551170e+002  1.4691574e+002
  4.2666667e-001  1.4583484e+002  1.3972812e+002  1.4729323e+002  1.4828691e+002  1.4493448e+002  1.4504561e+002  1.4606247e+002
  4.3333333e-001  1.4713235e+002  1.4192541e+002  1.4712485e+002  1.4862898e+002  1.4542578e+002  1.4485115e+002  1.4501024e+002
  4.4000000e-001  1.4791596e+002  1.4411258e+002  1.4708890e+002  1.4864737e+002  1.4423886e+002  1.4487790e+002  1.4376936e+002
  4.4666667e-001  1.4824768e+002  1.4596268e+002  1.4712955e+002  1.4836699e+002  1.4395630e+002  1.4495200e+002  1.4240886e+002
  4.5333333e-001  1.4832065e+002  1.4708057e+002  1.4718408e+002  1.4793799e+002  1.4694482e+002  1.4509683e+002  1.4104431e+002
  4.6000000e-001  1.4836791e+002  1.4719444e+002  1.4726735e+002  1.4752600e+002  1.4759345e+002  1.4527838e+002  1.3978455e+002
  4.6666667e-001  1.4870354e+002  1.4642656e+002  1.4730139e+002  1.4718188e+002  1.4710214e+002  1.4535040e+002  1.3879819e+002
  4.7333333e-001  1.4921902e+002  1.4511847e+002  1.4720073e+002  1.4693079e+002  1.4712564e+002  1.4530925e+002  1.3808414e+002
  4.8000000e-001  1.4974301e+002  1.4365006e+002  1.4689241e+002  1.4673379e+002  1.4829251e+002  1.4512451e+002  1.3765430e+002
  4.8666667e-001  1.5004677e+002  1.4231903e+002  1.4656911e+002  1.4654982e+002  1.4717203e+002  1.4480194e+002  1.3738617e+002
  4.9333333e-001  1.4999670e+002  1.4138152e+002  1.4622340e+002  1.4649635e+002  1.4706348e+002  1.4429718e+002  1.3729016e+002
  5.0000000e-001  1.4979513e+002  1.4090150e+002  1.4589461e+002  1.4645247e+002  1.4797342e+002  1.4378574e+002  1.3725996e+002
  5.0666667e-001  1.4956158e+002  1.4097134e+002  1.4566670e+002  1.4647398e+002  1.4803116e+002  1.4327939e+002  1.3722949e+002
  5.1333333e-001  1.4938455e+002  1.4141475e+002  1.4543552e+002  1.4644481e+002  1.4798116e+002  1.4264916e+002  1.3721851e+002
  5.2000000e-001  1.4922166e+002  1.4208368e+002  1.4524739e+002  1.4627570e+002  1.4762369e+002  1.4200729e+002  1.3713634e+002
  5.2666667e-001  1.4900742e+002  1.4279674e+002  1.4512114e+002  1.4596207e+002  1.4698787e+002  1.4138275e+002  1.3685141e+002
  5.3333333e-001  1.4888605e+002  1.4339574e+002  1.4505452e+002  1.4562410e+002  1.4633672e+002  1.4071861e+002  1.3644832e+002
  5.4000000e-001  1.4895587e+002  1.4380362e+002  1.4506857e+002  1.4526015e+002  1.4570332e+002  1.4003522e+002  1.3590884e+002
  5.4666667e-001  1.4921214e+002  1.4395683e+002  1.4509439e+002  1.4494917e+002  1.4511197e+002  1.3939151e+002  1.3515558e+002
  5.5333333e-001  1.4948552e+002  1.4381880e+002  1.4521289e+002  1.4474142e+002  1.4454707e+002  1.3873460e+002  1.3419638e+002
  5.6000000e-001  1.4966370e+002  1.4338469e+002  1.4525690e+002  1.4461861e+002  1.4441629e+002  1.3813771e+002  1.3304532e+002
  5.6666667e-001  1.4982767e+002  1.4274705e+002  1.4510677e+002  1.4449435e+002  1.4464020e+002  1.3753151e+002  1.3179460e+002
  5.7333333e-001  1.5017184e+002  1.4212909e+002  1.4465637e+002  1.4435210e+002  1.4474455e+002  1.3706711e+002  1.3047008e+002
  5.8000000e-001  1.5023227e+002  1.4157898e+002  1.4402287e+002  1.4410228e+002  1.4481357e+002  1.3666510e+002  1.2926866e+002
  5.8666667e-001  1.5034746e+002  1.4114963e+002  1.4312959e+002  1.4371668e+002  1.4468253e+002  1.3627208e+002  1.2818912e+002
  5.9333333e-001  1.5017865e+002  1.4087624e+002  1.4206363e+002  1.4322212e+002  1.4439433e+002  1.3583820e+002  1.2737605e+002
  6.0000000e-001  1.4993524e+002  1.4073073e+002  1.4099040e+002  1.4264712e+002  1.4353549e+002  1.3533455e+002  1.2667577e+002
  6.0666667e-001  1.4968144e+002  1.4064844e+002  1.4001277e+002  1.4195030e+002  1.4273215e+002  1.3473831e+002  1.2597833e+002
  6.1333333e-001  1.4997255e+002  1.4059000e+002  1.3926697e+002  1.4121776e+002  1.4216771e+002  1.3396980e+002  1.2535923e+002
  6.2000000e-001  1.4953651e+002  1.4044820e+002  1.3868504e+002  1.4043245e+002  1.4152849e+002  1.3309419e+002  1.2468718e+002
  6.2666667e-001  1.4870030e+002  1.4022250e+002  1.3840744e+002  1.3969997e+002  1.4095209e+002  1.3225913e+002  1.2390118e+002
  6.3333333e-001  1.4869858e+002  1.3990892e+002  1.3829773e+002  1.3903668e+002  1.4008105e+002  1.3140234e+002  1.2309338e+002
  6.4000000e-001  1.4836832e+002  1.3950159e+002  1.3819756e+002  1.3825114e+002  1.3959425e+002  1.3051532e+002  1.2230707e+002
  6.4666667e-001  1.4777675e+002  1.3900101e+002  1.3814453e+002  1.3745221e+002  1.3913927e+002  1.2957341e+002  1.2162405e+002
  6.5333333e-001  1.4742697e+002  1.3849997e+002  1.3798473e+002  1.3661891e+002  1.3890213e+002  1.2873879e+002  1.2101698e+002
  6.6000000e-001  1.4708839e+002  1.3799721e+002  1.3769197e+002  1.3573833e+002  1.3882584e+002  1.2790373e+002  1.2055504e+002
  6.6666667e-001  1.4707486e+002  1.3748219e+002  1.3733254e+002  1.3478339e+002  1.3888268e+002  1.2710161e+002  1.2011706e+002
  6.7333333e-001  1.4696629e+002  1.3694598e+002  1.3688846e+002  1.3379189e+002  1.3909209e+002  1.2629617e+002  1.1973223e+002
  6.8000000e-001  1.4671172e+002  1.3638283e+002  1.3636713e+002  1.3281537e+002  1.3934651e+002  1.2546040e+002  1.1940783e+002
  6.8666667e-001  1.4658612e+002  1.3568225e+002  1.3587509e+002  1.3185092e+002  1.3951613e+002  1.2457544e+002  1.1901170e+002
  6.9333333e-001  1.4637396e+002  1.3490991e+002  1.3529410e+002  1.3089253e+002  1.3956867e+002  1.2375116e+002  1.1850425e+002
  7.0000000e-001  1.4614560e+002  1.3399167e+002  1.3460053e+002  1.3007811e+002  1.3942198e+002  1.2303795e+002  1.1781857e+002
  7.0666667e-001  1.4590306e+002  1.3303465e+002  1.3382082e+002  1.2945795e+002  1.3914168e+002  1.2243685e+002  1.1703488e+002
  7.1333333e-001  1.4563147e+002  1.3208707e+002  1.3297551e+002  1.2900417e+002  1.3862570e+002  1.2192836e+002  1.1620391e+002
  7.2000000e-001  1.4533208e+002  1.3123076e+002  1.3197710e+002  1.2860078e+002  1.3802748e+002  1.2146175e+002  1.1532373e+002
  7.2666667e-001  1.4499895e+002  1.3045964e+002  1.3095944e+002  1.2820749e+002  1.3744936e+002  1.2103951e+002  1.1453742e+002
  7.3333333e-001  1.4466571e+002  1.2981424e+002  1.3000244e+002  1.2774917e+002  1.3682503e+002  1.2064603e+002  1.1383224e+002
  7.4000000e-001  1.4432893e+002  1.2930862e+002  1.2912964e+002  1.2718023e+002  1.3628621e+002  1.2015430e+002  1.1320136e+002
  7.4666667e-001  1.4392282e+002  1.2888730e+002  1.2841879e+002  1.2647524e+002  1.3595401e+002  1.1961228e+002  1.1262085e+002
  7.5333333e-001  1.4358083e+002  1.2848328e+002  1.2794375e+002  1.2567699e+002  1.3571307e+002  1.1904202e+002  1.1216853e+002
  7.6000000e-001  1.4334190e+002  1.2811255e+002  1.2765968e+002  1.2495104e+002  1.3558797e+002  1.1840155e+002  1.1169866e+002
  7.6666667e-001  1.4311403e+002  1.2771443e+002  1.2745125e+002  1.2428811e+002  1.3556450e+002  1.1775196e+002  1.1123136e+002
  7.7333333e-001  1.4289676e+002  1.2723297e+002  1.2725231e+002  1.2374563e+002  1.3556787e+002  1.1712801e+002  1.1076072e+002
  7.8000000e-001  1.4279167e+002  1.2671852e+002  1.2688977e+002  1.2333537e+002  1.3562428e+002  1.1651262e+002  1.1029710e+002
  7.8666667e-001  1.4273372e+002  1.2615814e+002  1.2636932e+002  1.2292303e+002  1.3577006e+002  1.1595776e+002  1.0992336e+002
  7.9333333e-001  1.4262755e+002  1.2554216e+002  1.2562741e+002  1.2261353e+002  1.3595607e+002  1.1542006e+002  1.0952095e+002
  8.0000000e-001  1.4252382e+002  1.2491981e+002  1.2474902e+002  1.2224635e+002  1.3617425e+002  1.1493594e+002  1.0910484e+002
  8.0666667e-001  1.4241511e+002  1.2439078e+002  1.2384133e+002  1.2180821e+002  1.3634319e+002  1.1447397e+002  1.0875432e+002
  8.1333333e-001  1.4225742e+002  1.2389439e+002  1.2299603e+002  1.2123914e+002  1.3654604e+002  1.1405424e+002  1.0838493e+002
  8.2000000e-001  1.4205586e+002  1.2339217e+002  1.2222984e+002  1.2060644e+002  1.3679219e+002  1.1354913e+002  1.0798885e+002
  8.2666667e-001  1.4184700e+002  1.2292823e+002  1.2156424e+002  1.1985594e+002  1.3702315e+002  1.1296931e+002  1.0763746e+002
  8.3333333e-001  1.4173138e+002  1.2242594e+002  1.2110410e+002  1.1906539e+002  1.3715659e+002  1.1239457e+002  1.0727502e+002
  8.4000000e-001  1.4151405e+002  1.2185182e+002  1.2077261e+002  1.1827995e+002  1.3720616e+002  1.1181309e+002  1.0689606e+002
  8.4666667e-001  1.4124033e+002  1.2129089e+002  1.2043243e+002  1.1755093e+002  1.3720277e+002  1.1128826e+002  1.0652550e+002
  8.5333333e-001  1.4103015e+002  1.2067831e+002  1.2007380e+002  1.1692627e+002  1.3704601e+002  1.1078957e+002  1.0615343e+002
  8.6000000e-001  1.4078235e+002  1.2004266e+002  1.1960630e+002  1.1635156e+002  1.3682863e+002  1.1039066e+002  1.0584163e+002
  8.6666667e-001  1.4043396e+002  1.1942642e+002  1.1901263e+002  1.1581429e+002  1.3646660e+002  1.1015035e+002  1.0554031e+002
  8.7333333e-001  1.4014525e+002  1.1880550e+002  1.1835323e+002  1.1535381e+002  1.3603200e+002  1.1006008e+002  1.0519144e+002
  8.8000000e-001  1.3983008e+002  1.1820593e+002  1.1767967e+002  1.1487621e+002  1.3566538e+002  1.0996291e+002  1.0482520e+002
  8.8666667e-001  1.3947598e+002  1.1761225e+002  1.1695493e+002  1.1441615e+002  1.3524319e+002  1.0984486e+002  1.0443787e+002
  8.9333333e-001  1.3916040e+002  1.1706244e+002  1.1630831e+002  1.1397302e+002  1.3491063e+002  1.0980573e+002  1.0405914e+002
  9.0000000e-001  1.3884576e+002  1.1665679e+002  1.1574722e+002  1.1360117e+002  1.3472737e+002  1.0979123e+002  1.0366625e+002
  9.0666667e-001  1.3859186e+002  1.1624663e+002  1.1523595e+002  1.1321014e+002  1.3458371e+002  1.0974297e+002  1.0329368e+002
  9.1333333e-001  1.3826213e+002  1.1586166e+002  1.1487540e+002  1.1282655e+002  1.3443341e+002  1.0970995e+002  1.0297766e+002
  9.2000000e-001  1.3787589e+002  1.1553433e+002  1.1458316e+002  1.1254427e+002  1.3441170e+002  1.0975857e+002  1.0275440e+002
  9.2666667e-001  1.3755624e+002  1.1517643e+002  1.1432513e+002  1.1234690e+002  1.3445070e+002  1.0978888e+002  1.0263763e+002
  9.3333333e-001  1.3735416e+002  1.1484564e+002  1.1403357e+002  1.1213754e+002  1.3451181e+002  1.0981566e+002  1.0252712e+002
  9.4000000e-001  1.3714821e+002  1.1454576e+002  1.1378893e+002  1.1201112e+002  1.3460403e+002  1.0981761e+002  1.0232986e+002
  9.4666667e-001  1.3700464e+002  1.1428639e+002  1.1352074e+002  1.1197537e+002  1.3468445e+002  1.0980411e+002  1.0216196e+002
  9.5333333e-001  1.3694418e+002  1.1406072e+002  1.1314093e+002  1.1190344e+002  1.3476257e+002  1.0975295e+002  1.0200536e+002
  9.6000000e-001  1.3688411e+002  1.1385329e+002  1.1268452e+002  1.1193097e+002  1.3485286e+002  1.0959198e+002  1.0188895e+002
  9.6666667e-001  1.3686142e+002  1.1368525e+002  1.1208405e+002  1.1205180e+002  1.3497354e+002  1.0934207e+002  1.0185483e+002
  9.7333333e-001  1.3677197e+002  1.1353590e+002  1.1141831e+002  1.1223275e+002  1.3509201e+002  1.0911461e+002  1.0183595e+002
  9.8000000e-001  1.3668857e+002  1.1338718e+002  1.1066481e+002  1.1246973e+002  1.3517003e+002  1.0884751e+002  1.0185635e+002
  9.8666667e-001  1.3657106e+002  1.1328455e+002  1.0984821e+002  1.1269593e+002  1.3524565e+002  1.0856077e+002  1.0189322e+002
  9.9333333e-001  1.3644748e+002  1.1317425e+002  1.0903895e+002  1.1293874e+002  1.3526978e+002  1.0829905e+002  1.0194752e+002
  1.0000000e+000  1.3622125e+002  1.1304285e+002  1.0832777e+002  1.1316250e+002  1.3526784e+002  1.0814888e+002  1.0199209e+002
  1.0066667e+000  1.3594194e+002  1.1293024e+002  1.0768202e+002  1.1343940e+002  1.3516449e+002  1.0809167e+002  1.0206998e+002
  1.0133333e+000  1.3564925e+002  1.1275530e+002  1.0711286e+002  1.1373388e+002  1.3506462e+002  1.0808725e+002  1.0221630e+002
  1.0200000e+000  1.3536209e+002  1.1256387e+002  1.0666332e+002  1.1402282e+002  1.3502367e+002  1.0815307e+002  1.0233714e+002
  1.0266667e+000  1.3509773e+002  1.1238844e+002  1.0623120e+002  1.1428326e+002  1.3492996e+002  1.0824695e+002  1.0243081e+002
  1.0333333e+000  1.3480208e+002  1.1219099e+002  1.0589185e+002  1.1446006e+002  1.3487318e+002  1.0835538e+002  1.0248586e+002
  1.0400000e+000  1.3450391e+002  1.1197846e+002  1.0564500e+002  1.1453849e+002  1.3479053e+002  1.0845498e+002  1.0252478e+002
  1.0466667e+000  1.3421019e+002  1.1180354e+002  1.0548288e+002  1.1458859e+002  1.3468124e+002  1.0857225e+002  1.0250749e+002
  1.0533333e+000  1.3397449e+002  1.1162804e+002  1.0546536e+002  1.1453847e+002  1.3465787e+002  1.0865184e+002  1.0243280e+002
  1.0600000e+000  1.3381151e+002  1.1148362e+002  1.0553084e+002  1.1438522e+002  1.3458594e+002  1.0869336e+002  1.0233886e+002
  1.0666667e+000  1.3374341e+002  1.1138908e+002  1.0560210e+002  1.1420518e+002  1.3455775e+002  1.0874977e+002  1.0227957e+002
  1.0733333e+000  1.3374341e+002  1.1137222e+002  1.0573750e+002  1.1403021e+002  1.3456792e+002  1.0878275e+002  1.0223122e+002
  1.0800000e+000  1.3376857e+002  1.1137244e+002  1.0587477e+002  1.1393414e+002  1.3458044e+002  1.0878684e+002  1.0227608e+002
  1.0866667e+000  1.3383788e+002  1.1137620e+002  1.0591574e+002  1.1388294e+002  1.3452780e+002  1.0870676e+002  1.0234632e+002
  1.0933333e+000  1.3399895e+002  1.1140415e+002  1.0582826e+002  1.1396737e+002  1.3456215e+002  1.0863802e+002  1.0244209e+002
  1.1000000e+000  1.3413928e+002  1.1144818e+002  1.0567000e+002  1.1403574e+002  1.3454923e+002  1.0861329e+002  1.0260461e+002
  1.1066667e+000  1.3422476e+002  1.1148254e+002  1.0542718e+002  1.1413301e+002  1.3449594e+002  1.0863462e+002  1.0273930e+002
  1.1133333e+000  1.3432950e+002  1.1151434e+002  1.0524616e+002  1.1430471e+002  1.3444983e+002  1.0866914e+002  1.0288741e+002
  1.1200000e+000  1.3446307e+002  1.1161388e+002  1.0504001e+002  1.1441533e+002  1.3446501e+002  1.0874133e+002  1.0301968e+002
  1.1266667e+000  1.3456775e+002  1.1168604e+002  1.0478552e+002  1.1456433e+002  1.3433810e+002  1.0881798e+002  1.0310166e+002
  1.1333333e+000  1.3467864e+002  1.1171010e+002  1.0447323e+002  1.1480520e+002  1.3428651e+002  1.0895975e+002  1.0313388e+002
  1.1400000e+000  1.3474139e+002  1.1175010e+002  1.0422312e+002  1.1501045e+002  1.3427686e+002  1.0915702e+002  1.0310584e+002
  1.1466667e+000  1.3474725e+002  1.1181975e+002  1.0410490e+002  1.1528051e+002  1.3415437e+002  1.0934937e+002  1.0312247e+002
  1.1533333e+000  1.3468718e+002  1.1192526e+002  1.0414172e+002  1.1565553e+002  1.3408603e+002  1.0955879e+002  1.0317484e+002
  1.1600000e+000  1.3457758e+002  1.1200423e+002  1.0430516e+002  1.1602717e+002  1.3405267e+002  1.0970912e+002  1.0323608e+002
  1.1666667e+000  1.3447069e+002  1.1206728e+002  1.0457143e+002  1.1644548e+002  1.3394141e+002  1.0982894e+002  1.0334183e+002
  1.1733333e+000  1.3439920e+002  1.1211293e+002  1.0498333e+002  1.1679810e+002  1.3379869e+002  1.0994586e+002  1.0353465e+002
  1.1800000e+000  1.3427727e+002  1.1221092e+002  1.0561673e+002  1.1713458e+002  1.3364729e+002  1.1005418e+002  1.0369571e+002
  1.1866667e+000  1.3422412e+002  1.1236858e+002  1.0638830e+002  1.1754354e+002  1.3361154e+002  1.1011389e+002  1.0379885e+002
  1.1933333e+000  1.3423190e+002  1.1259451e+002  1.0723719e+002  1.1799737e+002  1.3357248e+002  1.1013832e+002  1.0387214e+002
  1.2000000e+000  1.3416386e+002  1.1286438e+002  1.0816165e+002  1.1845008e+002  1.3351271e+002  1.1017775e+002  1.0388026e+002
  1.2066667e+000  1.3411523e+002  1.1308762e+002  1.0917163e+002  1.1883083e+002  1.3344402e+002  1.1019920e+002  1.0379955e+002
  1.2133333e+000  1.3410637e+002  1.1330729e+002  1.1022161e+002  1.1920221e+002  1.3333656e+002  1.1020976e+002  1.0379195e+002
  1.2200000e+000  1.3408881e+002  1.1349145e+002  1.1127242e+002  1.1958206e+002  1.3324841e+002  1.1022520e+002  1.0378289e+002
  1.2266667e+000  1.3408061e+002  1.1364328e+002  1.1213766e+002  1.1992244e+002  1.3321213e+002  1.1023867e+002  1.0385195e+002
  1.2333333e+000  1.3404927e+002  1.1381277e+002  1.1282984e+002  1.2023975e+002  1.3321523e+002  1.1025008e+002  1.0393233e+002
  1.2400000e+000  1.3403160e+002  1.1392209e+002  1.1340501e+002  1.2054469e+002  1.3311379e+002  1.1028883e+002  1.0404395e+002
  1.2466667e+000  1.3402141e+002  1.1402329e+002  1.1393150e+002  1.2094821e+002  1.3309139e+002  1.1029249e+002  1.0415704e+002
  1.2533333e+000  1.3404512e+002  1.1413503e+002  1.1441747e+002  1.2134783e+002  1.3310378e+002  1.1024867e+002  1.0427202e+002
  1.2600000e+000  1.3413422e+002  1.1419093e+002  1.1475849e+002  1.2176672e+002  1.3309994e+002  1.1022615e+002  1.0437360e+002
  1.2666667e+000  1.3413800e+002  1.1421919e+002  1.1505004e+002  1.2223760e+002  1.3308495e+002  1.1023834e+002  1.0450272e+002
  1.2733333e+000  1.3418751e+002  1.1421001e+002  1.1531957e+002  1.2271928e+002  1.3310977e+002  1.1026791e+002  1.0457021e+002
  1.2800000e+000  1.3429277e+002  1.1423669e+002  1.1549825e+002  1.2326739e+002  1.3312373e+002  1.1029877e+002  1.0461250e+002
  1.2866667e+000  1.3428960e+002  1.1427544e+002  1.1539258e+002  1.2390731e+002  1.3315997e+002  1.1031161e+002  1.0466604e+002
  1.2933333e+000  1.3432993e+002  1.1434845e+002  1.1498122e+002  1.2448702e+002  1.3310471e+002  1.1033831e+002  1.0472215e+002
  1.3000000e+000  1.3435721e+002  1.1440550e+002  1.1446935e+002  1.2511033e+002  1.3309456e+002  1.1033912e+002  1.0485975e+002
  1.3066667e+000  1.3427835e+002  1.1446458e+002  1.1394233e+002  1.2571709e+002  1.3314606e+002  1.1043526e+002  1.0500141e+002
  1.3133333e+000  1.3428224e+002  1.1449110e+002  1.1342220e+002  1.2617117e+002  1.3321100e+002  1.1052221e+002  1.0519173e+002
  1.3200000e+000  1.3429660e+002  1.1458497e+002  1.1301323e+002  1.2660302e+002  1.3333008e+002  1.1062128e+002  1.0536497e+002
  1.3266667e+000  1.3426199e+002  1.1457472e+002  1.1284693e+002  1.2702460e+002  1.3350513e+002  1.1076130e+002  1.0551585e+002
  1.3333333e+000  1.3425240e+002  1.1460870e+002  1.1298167e+002  1.2740083e+002  1.3366544e+002  1.1088763e+002  1.0566641e+002
  1.3400000e+000  1.3430661e+002  1.1462771e+002  1.1336417e+002  1.2772312e+002  1.3379486e+002  1.1102188e+002  1.0580853e+002
  1.3466667e+000  1.3434227e+002  1.1459211e+002  1.1400888e+002  1.2799033e+002  1.3394409e+002  1.1116979e+002  1.0590756e+002
  1.3533333e+000  1.3434819e+002  1.1463157e+002  1.1484488e+002  1.2828586e+002  1.3413754e+002  1.1133435e+002  1.0600026e+002
  1.3600000e+000  1.3440662e+002  1.1471742e+002  1.1587319e+002  1.2853391e+002  1.3426979e+002  1.1147762e+002  1.0610986e+002
  1.3666667e+000  1.3448673e+002  1.1476135e+002  1.1705050e+002  1.2877013e+002  1.3443355e+002  1.1160803e+002  1.0618128e+002
  1.3733333e+000  1.3454450e+002  1.1479613e+002  1.1845616e+002  1.2901175e+002  1.3456645e+002  1.1167123e+002  1.0628240e+002
  1.3800000e+000  1.3463226e+002  1.1485844e+002  1.2016534e+002  1.2920044e+002  1.3468424e+002  1.1172673e+002  1.0636571e+002
  1.3866667e+000  1.3469183e+002  1.1496095e+002  1.2240897e+002  1.2932875e+002  1.3483536e+002  1.1173789e+002  1.0648177e+002
  1.3933333e+000  1.3468150e+002  1.1505731e+002  1.2498599e+002  1.2940247e+002  1.3502928e+002  1.1173773e+002  1.0658716e+002
  1.4000000e+000  1.3468254e+002  1.1512955e+002  1.2747248e+002  1.2957359e+002  1.3513051e+002  1.1172648e+002  1.0670268e+002
  1.4066667e+000  1.3470027e+002  1.1518416e+002  1.2929994e+002  1.2978375e+002  1.3520703e+002  1.1167687e+002  1.0682649e+002
  1.4133333e+000  1.3471996e+002  1.1525282e+002  1.2973930e+002  1.3002724e+002  1.3529697e+002  1.1164939e+002  1.0700365e+002
  1.4200000e+000  1.3469636e+002  1.1526154e+002  1.2852437e+002  1.3031867e+002  1.3535484e+002  1.1160891e+002  1.0717533e+002
  1.4266667e+000  1.3467401e+002  1.1527982e+002  1.2615193e+002  1.3058447e+002  1.3536917e+002  1.1160735e+002  1.0722147e+002
  1.4333333e+000  1.3466951e+002  1.1530225e+002  1.2358984e+002  1.3091696e+002  1.3542899e+002  1.1160590e+002  1.0733393e+002
  1.4400000e+000  1.3463524e+002  1.1526558e+002  1.2178912e+002  1.3122749e+002  1.3550325e+002  1.1157637e+002  1.0747982e+002
  1.4466667e+000  1.3456821e+002  1.1526457e+002  1.2098367e+002  1.3155562e+002  1.3562630e+002  1.1162338e+002  1.0766731e+002
  1.4533333e+000  1.3455280e+002  1.1527039e+002  1.2076448e+002  1.3185315e+002  1.3577864e+002  1.1169598e+002  1.0782807e+002
  1.4600000e+000  1.3456630e+002  1.1525207e+002  1.2042716e+002  1.3220432e+002  1.3590605e+002  1.1179038e+002  1.0792810e+002
  1.4666667e+000  1.3451442e+002  1.1526096e+002  1.1971783e+002  1.3259801e+002  1.3605142e+002  1.1191482e+002  1.0807918e+002
  1.4733333e+000  1.3449588e+002  1.1521721e+002  1.1890332e+002  1.3288242e+002  1.3610870e+002  1.1208717e+002  1.0827170e+002
  1.4800000e+000  1.3451587e+002  1.1519461e+002  1.1839148e+002  1.3309555e+002  1.3607771e+002  1.1224609e+002  1.0844106e+002
  1.4866667e+000  1.3453102e+002  1.1520830e+002  1.1816199e+002  1.3328742e+002  1.3599861e+002  1.1234191e+002  1.0855817e+002
  1.4933333e+000  1.3451381e+002  1.1518174e+002  1.1792432e+002  1.3348177e+002  1.3587080e+002  1.1243806e+002  1.0868130e+002
  1.5000000e+000  1.3449255e+002  1.1518098e+002  1.1745501e+002  1.3366670e+002  1.3573505e+002  1.1253550e+002  1.0880393e+002
  1.5066667e+000  1.3455498e+002  1.1519681e+002  1.1675384e+002  1.3376247e+002  1.3557509e+002  1.1260162e+002  1.0892693e+002
  1.5133333e+000  1.3457730e+002  1.1520024e+002  1.1584743e+002  1.3382123e+002  1.3552481e+002  1.1267414e+002  1.0900407e+002
  1.5200000e+000  1.3454808e+002  1.1520861e+002  1.1475739e+002  1.3383347e+002  1.3547917e+002  1.1268096e+002  1.0908554e+002
  1.5266667e+000  1.3451421e+002  1.1525488e+002  1.1356371e+002  1.3381850e+002  1.3536615e+002  1.1270872e+002  1.0915646e+002
  1.5333333e+000  1.3455598e+002  1.1526351e+002  1.1222093e+002  1.3381297e+002  1.3515453e+002  1.1277316e+002  1.0923163e+002
  1.5400000e+000  1.3456586e+002  1.1521592e+002  1.1089442e+002  1.3381078e+002  1.3503305e+002  1.1280064e+002  1.0932877e+002
  1.5466667e+000  1.3456891e+002  1.1520156e+002  1.0981506e+002  1.3390675e+002  1.3491719e+002  1.1279881e+002  1.0934518e+002
  1.5533333e+000  1.3456604e+002  1.1523223e+002  1.0910844e+002  1.3401268e+002  1.3480066e+002  1.1287868e+002  1.0935897e+002
  1.5600000e+000  1.3456685e+002  1.1525666e+002  1.0878401e+002  1.3413303e+002  1.3467720e+002  1.1299421e+002  1.0945985e+002
  1.5666667e+000  1.3459229e+002  1.1525103e+002  1.0870991e+002  1.3415656e+002  1.3460638e+002  1.1309579e+002  1.0957394e+002
  1.5733333e+000  1.3460397e+002  1.1525092e+002  1.0856492e+002  1.3422170e+002  1.3453099e+002  1.1322330e+002  1.0961371e+002
  1.5800000e+000  1.3461420e+002  1.1529664e+002  1.0827171e+002  1.3430200e+002  1.3445036e+002  1.1338051e+002  1.0969431e+002
  1.5866667e+000  1.3461003e+002  1.1533813e+002  1.0787019e+002  1.3441989e+002  1.3437872e+002  1.1353193e+002  1.0975183e+002
  1.5933333e+000  1.3457515e+002  1.1533448e+002  1.0754862e+002  1.3455428e+002  1.3431944e+002  1.1362816e+002  1.0984014e+002
  1.6000000e+000  1.3460895e+002  1.1539619e+002  1.0747546e+002  1.3462462e+002  1.3427203e+002  1.1379163e+002  1.0996876e+002
  1.6066667e+000  1.3465588e+002  1.1547364e+002  1.0767049e+002  1.3478267e+002  1.3417989e+002  1.1396089e+002  1.1000411e+002
  1.6133333e+000  1.3466759e+002  1.1549589e+002  1.0793559e+002  1.3495859e+002  1.3410268e+002  1.1412406e+002  1.1011350e+002
  1.6200000e+000  1.3464381e+002  1.1552544e+002  1.0818417e+002  1.3509204e+002  1.3405112e+002  1.1424371e+002  1.1027825e+002
  1.6266667e+000  1.3458609e+002  1.1552749e+002  1.0836873e+002  1.3527252e+002  1.3404166e+002  1.1442834e+002  1.1037698e+002
  1.6333333e+000  1.3457405e+002  1.1553219e+002  1.0848562e+002  1.3532320e+002  1.3403383e+002  1.1451805e+002  1.1047520e+002
  1.6400000e+000  1.3447438e+002  1.1552457e+002  1.0866142e+002  1.3538077e+002  1.3407123e+002  1.1464072e+002  1.1051402e+002
  1.6466667e+000  1.3439094e+002  1.1544074e+002  1.0879098e+002  1.3549499e+002  1.3407524e+002  1.1483655e+002  1.1049573e+002
  1.6533333e+000  1.3439967e+002  1.1540054e+002  1.0886022e+002  1.3553751e+002  1.3409378e+002  1.1500316e+002  1.1051804e+002
  1.6600000e+000  1.3441165e+002  1.1535313e+002  1.0875652e+002  1.3554622e+002  1.3410225e+002  1.1513558e+002  1.1060582e+002
  1.6666667e+000  1.3435974e+002  1.1532906e+002  1.0839063e+002  1.3554259e+002  1.3402130e+002  1.1522786e+002  1.1071809e+002
  1.6733333e+000  1.3430780e+002  1.1532742e+002  1.0791394e+002  1.3553696e+002  1.3396168e+002  1.1542586e+002  1.1083712e+002
  1.6800000e+000  1.3425990e+002  1.1530960e+002  1.0745682e+002  1.3562636e+002  1.3389279e+002  1.1562755e+002  1.1090492e+002
  1.6866667e+000  1.3421471e+002  1.1532500e+002  1.0718720e+002  1.3570380e+002  1.3380365e+002  1.1579871e+002  1.1097093e+002
  1.6933333e+000  1.3416994e+002  1.1531488e+002  1.0715567e+002  1.3570596e+002  1.3367009e+002  1.1598653e+002  1.1106081e+002
  1.7000000e+000  1.3415150e+002  1.1532884e+002  1.0740478e+002  1.3577750e+002  1.3350232e+002  1.1615014e+002  1.1117645e+002
  1.7066667e+000  1.3409374e+002  1.1535912e+002  1.0789973e+002  1.3581545e+002  1.3331102e+002  1.1629025e+002  1.1133069e+002
  1.7133333e+000  1.3406390e+002  1.1539533e+002  1.0868267e+002  1.3590922e+002  1.3312997e+002  1.1644778e+002  1.1147804e+002
  1.7200000e+000  1.3405692e+002  1.1543810e+002  1.0963080e+002  1.3602748e+002  1.3286542e+002  1.1665664e+002  1.1158701e+002
  1.7266667e+000  1.3407910e+002  1.1548994e+002  1.1069576e+002  1.3611589e+002  1.3266632e+002  1.1682148e+002  1.1165168e+002
  1.7333333e+000  1.3404973e+002  1.1551238e+002  1.1163955e+002  1.3620192e+002  1.3245322e+002  1.1700526e+002  1.1173734e+002
  1.7400000e+000  1.3403595e+002  1.1552380e+002  1.1230351e+002  1.3628468e+002  1.3223708e+002  1.1718194e+002  1.1179878e+002
  1.7466667e+000  1.3408145e+002  1.1556895e+002  1.1256778e+002  1.3629748e+002  1.3204106e+002  1.1737274e+002  1.1195740e+002
  1.7533333e+000  1.3408015e+002  1.1562687e+002  1.1243445e+002  1.3633254e+002  1.3184619e+002  1.1754149e+002  1.1203207e+002
  1.7600000e+000  1.3403651e+002  1.1562518e+002  1.1206561e+002  1.3639967e+002  1.3163647e+002  1.1773229e+002  1.1206910e+002
  1.7666667e+000  1.3402255e+002  1.1559115e+002  1.1181544e+002  1.3643553e+002  1.3150192e+002  1.1793398e+002  1.1213435e+002
  1.7733333e+000  1.3399057e+002  1.1556637e+002  1.1174281e+002  1.3647524e+002  1.3140172e+002  1.1810619e+002  1.1223724e+002
  1.7800000e+000  1.3401305e+002  1.1557149e+002  1.1184106e+002  1.3649129e+002  1.3132840e+002  1.1832916e+002  1.1232480e+002
  1.7866667e+000  1.3401526e+002  1.1557100e+002  1.1219083e+002  1.3653076e+002  1.3120776e+002  1.1860598e+002  1.1241092e+002
  1.7933333e+000  1.3400630e+002  1.1559380e+002  1.1289463e+002  1.3656662e+002  1.3109967e+002  1.1880789e+002  1.1249046e+002
  1.8000000e+000  1.3393808e+002  1.1561840e+002  1.1394453e+002  1.3654452e+002  1.3098706e+002  1.1896159e+002  1.1260088e+002
  1.8066667e+000  1.3389037e+002  1.1564658e+002  1.1517405e+002  1.3650073e+002  1.3086282e+002  1.1916816e+002  1.1271178e+002
  1.8133333e+000  1.3387479e+002  1.1567818e+002  1.1639787e+002  1.3648318e+002  1.3076904e+002  1.1942120e+002  1.1275822e+002
  1.8200000e+000  1.3382257e+002  1.1573623e+002  1.1744540e+002  1.3652260e+002  1.3070253e+002  1.1961443e+002  1.1282369e+002
  1.8266667e+000  1.3380425e+002  1.1582526e+002  1.1821181e+002  1.3658293e+002  1.3069693e+002  1.1976900e+002  1.1290036e+002
  1.8333333e+000  1.3377522e+002  1.1592477e+002  1.1857704e+002  1.3663066e+002  1.3059833e+002  1.1994090e+002  1.1299876e+002
  1.8400000e+000  1.3379196e+002  1.1604647e+002  1.1865768e+002  1.3663631e+002  1.3052544e+002  1.2014301e+002  1.1307668e+002
  1.8466667e+000  1.3378670e+002  1.1608933e+002  1.1893276e+002  1.3658983e+002  1.3048465e+002  1.2039044e+002  1.1313206e+002
  1.8533333e+000  1.3379396e+002  1.1617156e+002  1.1963489e+002  1.3656641e+002  1.3038374e+002  1.2057369e+002  1.1319595e+002
  1.8600000e+000  1.3377400e+002  1.1630649e+002  1.2085697e+002  1.3656348e+002  1.3028537e+002  1.2070668e+002  1.1328343e+002
  1.8666667e+000  1.3373607e+002  1.1641308e+002  1.2251422e+002  1.3654513e+002  1.3011362e+002  1.2089559e+002  1.1332856e+002
  1.8733333e+000  1.3376569e+002  1.1649335e+002  1.2452123e+002  1.3651254e+002  1.2999863e+002  1.2109005e+002  1.1346021e+002
  1.8800000e+000  1.3376630e+002  1.1656957e+002  1.2691341e+002  1.3651225e+002  1.2991286e+002  1.2125829e+002  1.1356798e+002
  1.8866667e+000  1.3372279e+002  1.1665100e+002  1.2960709e+002  1.3652255e+002  1.2982965e+002  1.2152181e+002  1.1368433e+002
  1.8933333e+000  1.3369800e+002  1.1667545e+002  1.3234010e+002  1.3649699e+002  1.2975281e+002  1.2171690e+002  1.1385586e+002
  1.9000000e+000  1.3367921e+002  1.1679675e+002  1.3464388e+002  1.3654187e+002  1.2969218e+002  1.2194060e+002  1.1405563e+002
  1.9066667e+000  1.3370659e+002  1.1687329e+002  1.3618997e+002  1.3663402e+002  1.2967454e+002  1.2217515e+002  1.1421615e+002
  1.9133333e+000  1.3374911e+002  1.1690583e+002  1.3695673e+002  1.3660413e+002  1.2969156e+002  1.2239790e+002  1.1445274e+002
  1.9200000e+000  1.3372649e+002  1.1698817e+002  1.3706572e+002  1.3661566e+002  1.2968205e+002  1.2263667e+002  1.1462191e+002
  1.9266667e+000  1.3367911e+002  1.1702927e+002  1.3688573e+002  1.3667570e+002  1.2967770e+002  1.2292681e+002  1.1470065e+002
  1.9333333e+000  1.3369821e+002  1.1709834e+002  1.3659303e+002  1.3672275e+002  1.2966055e+002  1.2316477e+002  1.1476952e+002
  1.9400000e+000  1.3374365e+002  1.1714777e+002  1.3639444e+002  1.3675464e+002  1.2972705e+002  1.2346836e+002  1.1494775e+002
  1.9466667e+000  1.3374674e+002  1.1720039e+002  1.3631430e+002  1.3667592e+002  1.2976715e+002  1.2380196e+002  1.1510473e+002
  1.9533333e+000  1.3373610e+002  1.1733524e+002  1.3647189e+002  1.3666248e+002  1.2979887e+002  1.2406766e+002  1.1524186e+002
  1.9600000e+000  1.3371703e+002  1.1744336e+002  1.3697421e+002  1.3667383e+002  1.2982556e+002  1.2434265e+002  1.1535945e+002
  1.9666667e+000  1.3369421e+002  1.1750395e+002  1.3768863e+002  1.3669658e+002  1.2988065e+002  1.2470625e+002  1.1545533e+002
  1.9733333e+000  1.3369870e+002  1.1763769e+002  1.3839784e+002  1.3672162e+002  1.2986842e+002  1.2502000e+002  1.1557169e+002
  1.9800000e+000  1.3372264e+002  1.1777471e+002  1.3881125e+002  1.3677177e+002  1.2985274e+002  1.2529104e+002  1.1571305e+002
  1.9866667e+000  1.3374434e+002  1.1787508e+002  1.3873547e+002  1.3681160e+002  1.2973309e+002  1.2565816e+002  1.1583737e+002
  1.9933333e+000  1.3369081e+002  1.1801290e+002  1.3841788e+002  1.3678644e+002  1.2964755e+002  1.2604277e+002  1.1598903e+002
  2.0000000e+000  1.3363908e+002  1.1818993e+002  1.3806355e+002  1.3679030e+002  1.2966145e+002  1.2641810e+002  1.1620842e+002
