 -5.0000000e-001  1.2653671e+002  1.1985983e+002  1.1777436e+002  1.1749951e+002  1.1842936e+002
 -4.9333333e-001  1.2654742e+002  1.1984134e+002  1.1777077e+002  1.1752383e+002  1.1842223e+002
 -4.8666667e-001  1.2657577e+002  1.1983597e+002  1.1775890e+002  1.1748197e+002  1.1841241e+002
 -4.8000000e-001  1.2659925e+002  1.1983817e+002  1.1775192e+002  1.1748140e+002  1.1839908e+002
 -4.7333333e-001  1.2657828e+002  1.1983358e+002  1.1772276e+002  1.1748394e+002  1.1843148e+002
 -4.6666667e-001  1.2659538e+002  1.1980733e+002  1.1772283e+002  1.1743845e+002  1.1841058e+002
 -4.6000000e-001  1.2658318e+002  1.1976215e+002  1.1769103e+002  1.1744139e+002  1.1840860e+002
 -4.5333333e-001  1.2661186e+002  1.1978011e+002  1.1766954e+002  1.1744505e+002  1.1841517e+002
 -4.4666667e-001  1.2659950e+002  1.1979591e+002  1.1767696e+002  1.1743711e+002  1.1841267e+002
 -4.4000000e-001  1.2656338e+002  1.1981125e+002  1.1766902e+002  1.1742026e+002  1.1840183e+002
 -4.3333333e-001  1.2658330e+002  1.1979136e+002  1.1764522e+002  1.1743150e+002  1.1837706e+002
 -4.2666667e-001  1.2655756e+002  1.1976055e+002  1.1764377e+002  1.1746092e+002  1.1834582e+002
 -4.2000000e-001  1.2655088e+002  1.1977129e+002  1.1766131e+002  1.1745985e+002  1.1834077e+002
 -4.1333333e-001  1.2655185e+002  1.1977448e+002  1.1767945e+002  1.1742709e+002  1.1834681e+002
 -4.0666667e-001  1.2653158e+002  1.1976887e+002  1.1765620e+002  1.1741587e+002  1.1835683e+002
 -4.0000000e-001  1.2651756e+002  1.1975501e+002  1.1762103e+002  1.1742982e+002  1.1834805e+002
 -3.9333333e-001  1.2653507e+002  1.1974749e+002  1.1761709e+002  1.1744277e+002  1.1832676e+002
 -3.8666667e-001  1.2651524e+002  1.1976660e+002  1.1764370e+002  1.1744670e+002  1.1831332e+002
 -3.8000000e-001  1.2651344e+002  1.1976491e+002  1.1762768e+002  1.1742696e+002  1.1834202e+002
 -3.7333333e-001  1.2651720e+002  1.1977244e+002  1.1764979e+002  1.1742252e+002  1.1833200e+002
 -3.6666667e-001  1.2649781e+002  1.1977806e+002  1.1762305e+002  1.1743799e+002  1.1834596e+002
 -3.6000000e-001  1.2647981e+002  1.1980149e+002  1.1761485e+002  1.1741663e+002  1.1840041e+002
 -3.5333333e-001  1.2644379e+002  1.1977365e+002  1.1757734e+002  1.1739224e+002  1.1838467e+002
 -3.4666667e-001  1.2642761e+002  1.1975969e+002  1.1757668e+002  1.1739262e+002  1.1838833e+002
 -3.4000000e-001  1.2646016e+002  1.1977697e+002  1.1757864e+002  1.1737424e+002  1.1842537e+002
 -3.3333333e-001  1.2647673e+002  1.1977778e+002  1.1755242e+002  1.1737115e+002  1.1846133e+002
 -3.2666667e-001  1.2647730e+002  1.1976743e+002  1.1757399e+002  1.1735786e+002  1.1849902e+002
 -3.2000000e-001  1.2645561e+002  1.1975894e+002  1.1757454e+002  1.1733593e+002  1.1853742e+002
 -3.1333333e-001  1.2645950e+002  1.1973164e+002  1.1755244e+002  1.1732826e+002  1.1853876e+002
 -3.0666667e-001  1.2648724e+002  1.1974368e+002  1.1753943e+002  1.1732478e+002  1.1854037e+002
 -3.0000000e-001  1.2648991e+002  1.1975594e+002  1.1753236e+002  1.1735672e+002  1.1857844e+002
 -2.9333333e-001  1.2651144e+002  1.1975913e+002  1.1751842e+002  1.1735627e+002  1.1858504e+002
 -2.8666667e-001  1.2652074e+002  1.1975518e+002  1.1751430e+002  1.1733495e+002  1.1861355e+002
 -2.8000000e-001  1.2650975e+002  1.1968650e+002  1.1750203e+002  1.1731332e+002  1.1860777e+002
 -2.7333333e-001  1.2651308e+002  1.1969869e+002  1.1747558e+002  1.1733809e+002  1.1859136e+002
 -2.6666667e-001  1.2648670e+002  1.1973483e+002  1.1747482e+002  1.1732446e+002  1.1863448e+002
 -2.6000000e-001  1.2650426e+002  1.1972480e+002  1.1746531e+002  1.1731659e+002  1.1863749e+002
 -2.5333333e-001  1.2650827e+002  1.1970157e+002  1.1746609e+002  1.1729919e+002  1.1863775e+002
 -2.4666667e-001  1.2648101e+002  1.1970046e+002  1.1744577e+002  1.1729103e+002  1.1865271e+002
 -2.4000000e-001  1.2647855e+002  1.1969788e+002  1.1744942e+002  1.1729147e+002  1.1867149e+002
 -2.3333333e-001  1.2646888e+002  1.1970145e+002  1.1740202e+002  1.1726304e+002  1.1867727e+002
 -2.2666667e-001  1.2646933e+002  1.1971051e+002  1.1738081e+002  1.1723323e+002  1.1864893e+002
 -2.2000000e-001  1.2647837e+002  1.1971358e+002  1.1740083e+002  1.1721764e+002  1.1864315e+002
 -2.1333333e-001  1.2645634e+002  1.1968607e+002  1.1736769e+002  1.1722606e+002  1.1867191e+002
 -2.0666667e-001  1.2644639e+002  1.1967752e+002  1.1735570e+002  1.1723888e+002  1.1867175e+002
 -2.0000000e-001  1.2647080e+002  1.1966030e+002  1.1736258e+002  1.1723582e+002  1.1866213e+002
 -1.9333333e-001  1.2648744e+002  1.1964620e+002  1.1733955e+002  1.1723477e+002  1.1865005e+002
 -1.8666667e-001  1.2641640e+002  1.1965810e+002  1.1731238e+002  1.1721306e+002  1.1865662e+002
 -1.8000000e-001  1.2635051e+002  1.1965711e+002  1.1729404e+002  1.1718420e+002  1.1861550e+002
 -1.7333333e-001  1.2629687e+002  1.1963912e+002  1.1728879e+002  1.1717845e+002  1.1861153e+002
 -1.6666667e-001  1.2626333e+002  1.1960960e+002  1.1729076e+002  1.1719345e+002  1.1863149e+002
 -1.6000000e-001  1.2623520e+002  1.1960829e+002  1.1726435e+002  1.1720411e+002  1.1860127e+002
 -1.5333333e-001  1.2622508e+002  1.1959245e+002  1.1725607e+002  1.1721546e+002  1.1857084e+002
 -1.4666667e-001  1.2618201e+002  1.1958833e+002  1.1723946e+002  1.1718664e+002  1.1854547e+002
 -1.4000000e-001  1.2613483e+002  1.1960368e+002  1.1723886e+002  1.1715430e+002  1.1852387e+002
 -1.3333333e-001  1.2610178e+002  1.1959679e+002  1.1725179e+002  1.1718405e+002  1.1854330e+002
 -1.2666667e-001  1.2611449e+002  1.1958955e+002  1.1726219e+002  1.1720751e+002  1.1853705e+002
 -1.2000000e-001  1.2605321e+002  1.1959255e+002  1.1724455e+002  1.1717753e+002  1.1856788e+002
 -1.1333333e-001  1.2604143e+002  1.1956899e+002  1.1725044e+002  1.1716919e+002  1.1856893e+002
 -1.0666667e-001  1.2602480e+002  1.1956835e+002  1.1724439e+002  1.1719288e+002  1.1853042e+002
 -1.0000000e-001  1.2600668e+002  1.1956573e+002  1.1725526e+002  1.1717792e+002  1.1852757e+002
 -9.3333333e-002  1.2599930e+002  1.1957314e+002  1.1725040e+002  1.1717140e+002  1.1856034e+002
 -8.6666667e-002  1.2599019e+002  1.1958247e+002  1.1724420e+002  1.1717292e+002  1.1858875e+002
 -8.0000000e-002  1.2598139e+002  1.1959675e+002  1.1725245e+002  1.1716814e+002  1.1859778e+002
 -7.3333333e-002  1.2595483e+002  1.1955469e+002  1.1724711e+002  1.1715429e+002  1.1858003e+002
 -6.6666667e-002  1.2595155e+002  1.1955891e+002  1.1721797e+002  1.1714681e+002  1.1860543e+002
 -6.0000000e-002  1.2598966e+002  1.1955885e+002  1.1722379e+002  1.1717634e+002  1.1859335e+002
 -5.3333333e-002  1.2601151e+002  1.1955750e+002  1.1720629e+002  1.1719174e+002  1.1859983e+002
 -4.6666667e-002  1.2599653e+002  1.1956165e+002  1.1722324e+002  1.1716982e+002  1.1862721e+002
 -4.0000000e-002  1.2603261e+002  1.1956072e+002  1.1725205e+002  1.1716922e+002  1.1861906e+002
 -3.3333333e-002  1.2605837e+002  1.1954103e+002  1.1727088e+002  1.1718906e+002  1.1860678e+002
 -2.6666667e-002  1.2612450e+002  1.1955764e+002  1.1724722e+002  1.1715239e+002  1.1860618e+002
 -2.0000000e-002  1.2616110e+002  1.1957219e+002  1.1724255e+002  1.1712483e+002  1.1864341e+002
 -1.3333333e-002  1.2618525e+002  1.1956106e+002  1.1728416e+002  1.1712016e+002  1.1865578e+002
 -6.6666667e-003  1.2624545e+002  1.1956227e+002  1.1732819e+002  1.1708849e+002  1.1864395e+002
  0.0000000e+000  1.2629447e+002  1.1956841e+002  1.1731483e+002  1.1710960e+002  1.1868668e+002
  6.6666667e-003  1.2631645e+002  1.1956219e+002  1.1730338e+002  1.1710443e+002  1.1867711e+002
  1.3333333e-002  1.2634815e+002  1.1956879e+002  1.1729700e+002  1.1710593e+002  1.1865152e+002
  2.0000000e-002  1.2636604e+002  1.1955163e+002  1.1729364e+002  1.1713246e+002  1.1867536e+002
  2.6666667e-002  1.2640384e+002  1.1955097e+002  1.1726981e+002  1.1710539e+002  1.1867661e+002
  3.3333333e-002  1.2641720e+002  1.1956058e+002  1.1728763e+002  1.1708593e+002  1.1863771e+002
  4.0000000e-002  1.2643497e+002  1.1957255e+002  1.1730342e+002  1.1708266e+002  1.1863561e+002
  4.6666667e-002  1.2647474e+002  1.1952811e+002  1.1729608e+002  1.1708413e+002  1.1862010e+002
  5.3333333e-002  1.2647467e+002  1.1950263e+002  1.1730937e+002  1.1708119e+002  1.1857346e+002
  6.0000000e-002  1.2643993e+002  1.1948428e+002  1.1727624e+002  1.1707193e+002  1.1858150e+002
  6.6666667e-002  1.2644906e+002  1.1947651e+002  1.1725416e+002  1.1701772e+002  1.1855589e+002
  7.3333333e-002  1.2643742e+002  1.1941958e+002  1.1721826e+002  1.1698521e+002  1.1850485e+002
  8.0000000e-002  1.2638709e+002  1.1940462e+002  1.1719979e+002  1.1694856e+002  1.1846992e+002
  8.6666667e-002  1.2635342e+002  1.1938998e+002  1.1717203e+002  1.1688493e+002  1.1843359e+002
  9.3333333e-002  1.2624873e+002  1.1932367e+002  1.1713964e+002  1.1684080e+002  1.1834100e+002
  1.0000000e-001  1.2615354e+002  1.1926442e+002  1.1707111e+002  1.1675645e+002  1.1827136e+002
  1.0666667e-001  1.2608022e+002  1.1917338e+002  1.1703494e+002  1.1668871e+002  1.1817398e+002
  1.1333333e-001  1.2600889e+002  1.1910327e+002  1.1698119e+002  1.1660498e+002  1.1811179e+002
  1.2000000e-001  1.2592886e+002  1.1903299e+002  1.1692458e+002  1.1654486e+002  1.1804289e+002
  1.2666667e-001  1.2587352e+002  1.1896886e+002  1.1685820e+002  1.1652956e+002  1.1799480e+002
  1.3333333e-001  1.2588471e+002  1.1893964e+002  1.1681576e+002  1.1650242e+002  1.1793713e+002
  1.4000000e-001  1.2583233e+002  1.1890845e+002  1.1677947e+002  1.1647889e+002  1.1786236e+002
  1.4666667e-001  1.2584451e+002  1.1888103e+002  1.1673377e+002  1.1647158e+002  1.1782307e+002
  1.5333333e-001  1.2581634e+002  1.1885595e+002  1.1669930e+002  1.1645951e+002  1.1777564e+002
  1.6000000e-001  1.2577964e+002  1.1887279e+002  1.1667508e+002  1.1646555e+002  1.1776527e+002
  1.6666667e-001  1.2582369e+002  1.1887344e+002  1.1663146e+002  1.1647688e+002  1.1774089e+002
  1.7333333e-001  1.2587603e+002  1.1890408e+002  1.1659619e+002  1.1649494e+002  1.1767591e+002
  1.8000000e-001  1.2594723e+002  1.1890335e+002  1.1659074e+002  1.1652154e+002  1.1762930e+002
  1.8666667e-001  1.2606137e+002  1.1892033e+002  1.1655442e+002  1.1652284e+002  1.1757410e+002
  1.9333333e-001  1.2614843e+002  1.1893623e+002  1.1650344e+002  1.1650249e+002  1.1751938e+002
  2.0000000e-001  1.2615793e+002  1.1894276e+002  1.1641656e+002  1.1655209e+002  1.1750445e+002
  2.0666667e-001  1.2618010e+002  1.1903863e+002  1.1634039e+002  1.1650691e+002  1.1747072e+002
  2.1333333e-001  1.2621931e+002  1.1911964e+002  1.1631740e+002  1.1648962e+002  1.1741799e+002
  2.2000000e-001  1.2628075e+002  1.1911763e+002  1.1628239e+002  1.1646732e+002  1.1740012e+002
  2.2666667e-001  1.2628169e+002  1.1915817e+002  1.1623497e+002  1.1642649e+002  1.1739097e+002
  2.3333333e-001  1.2625268e+002  1.1918788e+002  1.1622785e+002  1.1638175e+002  1.1734835e+002
  2.4000000e-001  1.2617200e+002  1.1917485e+002  1.1619854e+002  1.1633229e+002  1.1725703e+002
  2.4666667e-001  1.2609315e+002  1.1915847e+002  1.1618071e+002  1.1622794e+002  1.1720895e+002
  2.5333333e-001  1.2602210e+002  1.1908539e+002  1.1618948e+002  1.1611346e+002  1.1712806e+002
  2.6000000e-001  1.2596102e+002  1.1902344e+002  1.1618340e+002  1.1601071e+002  1.1705936e+002
  2.6666667e-001  1.2591559e+002  1.1893962e+002  1.1614715e+002  1.1594641e+002  1.1695508e+002
  2.7333333e-001  1.2591289e+002  1.1877520e+002  1.1605646e+002  1.1586877e+002  1.1687507e+002
  2.8000000e-001  1.2589637e+002  1.1860040e+002  1.1588427e+002  1.1573066e+002  1.1673805e+002
  2.8666667e-001  1.2592046e+002  1.1844121e+002  1.1572432e+002  1.1565864e+002  1.1655840e+002
  2.9333333e-001  1.2601794e+002  1.1827537e+002  1.1555149e+002  1.1556065e+002  1.1641248e+002
  3.0000000e-001  1.2612048e+002  1.1817569e+002  1.1533766e+002  1.1547157e+002  1.1623519e+002
  3.0666667e-001  1.2628360e+002  1.1806095e+002  1.1514079e+002  1.1539146e+002  1.1607300e+002
  3.1333333e-001  1.2646676e+002  1.1792349e+002  1.1493246e+002  1.1539438e+002  1.1590047e+002
  3.2000000e-001  1.2666637e+002  1.1786377e+002  1.1477645e+002  1.1533377e+002  1.1575466e+002
  3.2666667e-001  1.2683971e+002  1.1773883e+002  1.1467513e+002  1.1525178e+002  1.1566776e+002
  3.3333333e-001  1.2702424e+002  1.1762086e+002  1.1461079e+002  1.1524286e+002  1.1558227e+002
  3.4000000e-001  1.2721980e+002  1.1757650e+002  1.1456541e+002  1.1526727e+002  1.1550675e+002
  3.4666667e-001  1.2741866e+002  1.1751420e+002  1.1451687e+002  1.1532501e+002  1.1547589e+002
  3.5333333e-001  1.2757552e+002  1.1750673e+002  1.1450181e+002  1.1538456e+002  1.1546388e+002
  3.6000000e-001  1.2770750e+002  1.1751783e+002  1.1454452e+002  1.1540134e+002  1.1551695e+002
  3.6666667e-001  1.2781772e+002  1.1757546e+002  1.1445466e+002  1.1542348e+002  1.1557173e+002
  3.7333333e-001  1.2786674e+002  1.1769719e+002  1.1432468e+002  1.1547978e+002  1.1564766e+002
  3.8000000e-001  1.2787703e+002  1.1783764e+002  1.1420600e+002  1.1553539e+002  1.1577283e+002
  3.8666667e-001  1.2786908e+002  1.1796320e+002  1.1409732e+002  1.1557587e+002  1.1590152e+002
  3.9333333e-001  1.2782009e+002  1.1817304e+002  1.1403952e+002  1.1565815e+002  1.1605419e+002
  4.0000000e-001  1.2782156e+002  1.1840979e+002  1.1397980e+002  1.1574096e+002  1.1617186e+002
  4.0666667e-001  1.2799986e+002  1.1867946e+002  1.1407317e+002  1.1580859e+002  1.1632645e+002
  4.1333333e-001  1.2822620e+002  1.1900758e+002  1.1424964e+002  1.1591364e+002  1.1652121e+002
  4.2000000e-001  1.2850255e+002  1.1940266e+002  1.1454302e+002  1.1603802e+002  1.1669071e+002
  4.2666667e-001  1.2887822e+002  1.1983429e+002  1.1497247e+002  1.1623026e+002  1.1687093e+002
  4.3333333e-001  1.2931847e+002  1.2022853e+002  1.1538945e+002  1.1651466e+002  1.1698946e+002
  4.4000000e-001  1.2979602e+002  1.2068107e+002  1.1589137e+002  1.1681506e+002  1.1715392e+002
  4.4666667e-001  1.3039496e+002  1.2121855e+002  1.1654752e+002  1.1717114e+002  1.1742961e+002
  4.5333333e-001  1.3106487e+002  1.2174109e+002  1.1729902e+002  1.1761932e+002  1.1763973e+002
  4.6000000e-001  1.3176646e+002  1.2231068e+002  1.1816313e+002  1.1807026e+002  1.1787618e+002
  4.6666667e-001  1.3249504e+002  1.2292363e+002  1.1909667e+002  1.1856352e+002  1.1815302e+002
  4.7333333e-001  1.3321951e+002  1.2350963e+002  1.2008685e+002  1.1909925e+002  1.1849877e+002
  4.8000000e-001  1.3390008e+002  1.2412735e+002  1.2120587e+002  1.1970448e+002  1.1879237e+002
  4.8666667e-001  1.3444458e+002  1.2466506e+002  1.2229275e+002  1.2037971e+002  1.1909946e+002
  4.9333333e-001  1.3485254e+002  1.2519477e+002  1.2335345e+002  1.2109952e+002  1.1941065e+002
  5.0000000e-001  1.3514673e+002  1.2560322e+002  1.2434362e+002  1.2184161e+002  1.1970380e+002
  5.0666667e-001  1.3538487e+002  1.2593078e+002  1.2516876e+002  1.2256705e+002  1.2004831e+002
  5.1333333e-001  1.3571808e+002  1.2625906e+002  1.2579583e+002  1.2324665e+002  1.2033164e+002
  5.2000000e-001  1.3611740e+002  1.2660716e+002  1.2627470e+002  1.2376383e+002  1.2060804e+002
  5.2666667e-001  1.3657434e+002  1.2691528e+002  1.2660660e+002  1.2423340e+002  1.2088554e+002
  5.3333333e-001  1.3707227e+002  1.2727602e+002  1.2682255e+002  1.2461678e+002  1.2108758e+002
  5.4000000e-001  1.3753345e+002  1.2771630e+002  1.2712602e+002  1.2489586e+002  1.2123039e+002
  5.4666667e-001  1.3797815e+002  1.2814589e+002  1.2636753e+002  1.2514213e+002  1.2134513e+002
  5.5333333e-001  1.3833142e+002  1.2859670e+002  1.2668907e+002  1.2545944e+002  1.2144246e+002
  5.6000000e-001  1.3890204e+002  1.2912689e+002  1.2820216e+002  1.2588267e+002  1.2150897e+002
  5.6666667e-001  1.3927167e+002  1.2970579e+002  1.2866084e+002  1.2632025e+002  1.2166464e+002
  5.7333333e-001  1.3960103e+002  1.3024464e+002  1.2900510e+002  1.2672618e+002  1.2189802e+002
  5.8000000e-001  1.4075838e+002  1.3078462e+002  1.2842200e+002  1.2711016e+002  1.2216131e+002
  5.8666667e-001  1.4035303e+002  1.3128255e+002  1.2908830e+002  1.2754446e+002  1.2251304e+002
  5.9333333e-001  1.4087080e+002  1.3178166e+002  1.3266063e+002  1.2801096e+002  1.2289677e+002
  6.0000000e-001  1.4136322e+002  1.3232896e+002  1.3230814e+002  1.2845114e+002  1.2337517e+002
  6.0666667e-001  1.4188496e+002  1.3283040e+002  1.3295662e+002  1.2895756e+002  1.2382767e+002
  6.1333333e-001  1.4241244e+002  1.3323387e+002  1.3342029e+002  1.2947586e+002  1.2426252e+002
  6.2000000e-001  1.4294141e+002  1.3367505e+002  1.3402530e+002  1.2987491e+002  1.2473946e+002
  6.2666667e-001  1.4349394e+002  1.3396448e+002  1.3468047e+002  1.3026637e+002  1.2525313e+002
  6.3333333e-001  1.4397411e+002  1.3422569e+002  1.3523552e+002  1.3061328e+002  1.2565665e+002
  6.4000000e-001  1.4443257e+002  1.3456532e+002  1.3467712e+002  1.3091362e+002  1.2613073e+002
  6.4666667e-001  1.4489859e+002  1.3503099e+002  1.3515691e+002  1.3120517e+002  1.2660478e+002
  6.5333333e-001  1.4526358e+002  1.3623012e+002  1.3560879e+002  1.3143329e+002  1.2707784e+002
  6.6000000e-001  1.4558177e+002  1.3657655e+002  1.3608702e+002  1.3172130e+002  1.2765072e+002
  6.6666667e-001  1.4583166e+002  1.3606300e+002  1.3644051e+002  1.3215230e+002  1.2712923e+002
  6.7333333e-001  1.4604245e+002  1.3631079e+002  1.3673265e+002  1.3245152e+002  1.2873003e+002
  6.8000000e-001  1.4628253e+002  1.3657381e+002  1.3710231e+002  1.3349030e+002  1.2910158e+002
  6.8666667e-001  1.4658139e+002  1.3684923e+002  1.3744949e+002  1.3308823e+002  1.2931547e+002
  6.9333333e-001  1.4686559e+002  1.3716596e+002  1.3773361e+002  1.3340967e+002  1.2946433e+002
  7.0000000e-001  1.4717058e+002  1.3744522e+002  1.3799310e+002  1.3439445e+002  1.2903275e+002
  7.0666667e-001  1.4744099e+002  1.3777226e+002  1.3840381e+002  1.3395297e+002  1.3023276e+002
  7.1333333e-001  1.4776218e+002  1.3810036e+002  1.3889880e+002  1.3427829e+002  1.3046931e+002
  7.2000000e-001  1.4811169e+002  1.3836497e+002  1.3930894e+002  1.3463194e+002  1.3064299e+002
  7.2666667e-001  1.4849774e+002  1.3874052e+002  1.3952679e+002  1.3409459e+002  1.3091556e+002
  7.3333333e-001  1.4882697e+002  1.3911922e+002  1.3972101e+002  1.3438318e+002  1.3113368e+002
  7.4000000e-001  1.4918031e+002  1.3948444e+002  1.4001054e+002  1.3554599e+002  1.3127087e+002
  7.4666667e-001  1.4943375e+002  1.3993881e+002  1.4037346e+002  1.3596780e+002  1.3154314e+002
  7.5333333e-001  1.4965814e+002  1.4042993e+002  1.4061418e+002  1.3727159e+002  1.3177670e+002
  7.6000000e-001  1.4985742e+002  1.4084547e+002  1.4079103e+002  1.3756547e+002  1.3196704e+002
  7.6666667e-001  1.5004503e+002  1.4112814e+002  1.4100794e+002  1.3697247e+002  1.3227873e+002
  7.7333333e-001  1.5023682e+002  1.4132164e+002  1.4112354e+002  1.3722115e+002  1.3255507e+002
  7.8000000e-001  1.5042899e+002  1.4141969e+002  1.4122176e+002  1.3749728e+002  1.3276593e+002
  7.8666667e-001  1.5053622e+002  1.4149310e+002  1.4135863e+002  1.3874293e+002  1.3293639e+002
  7.9333333e-001  1.5065596e+002  1.4158359e+002  1.4145961e+002  1.3894730e+002  1.3308531e+002
  8.0000000e-001  1.5078665e+002  1.4167970e+002  1.4146869e+002  1.3915764e+002  1.3326024e+002
  8.0666667e-001  1.5091734e+002  1.4173303e+002  1.4148190e+002  1.3937210e+002  1.3347855e+002
  8.1333333e-001  1.5107564e+002  1.4173776e+002  1.4161479e+002  1.3759746e+002  1.3368726e+002
  8.2000000e-001  1.5123634e+002  1.4178038e+002  1.4166216e+002  1.3778268e+002  1.3387366e+002
  8.2666667e-001  1.5139763e+002  1.4185800e+002  1.4166090e+002  1.3791151e+002  1.3406860e+002
  8.3333333e-001  1.5159056e+002  1.4192203e+002  1.4170244e+002  1.3807896e+002  1.3419150e+002
  8.4000000e-001  1.5178033e+002  1.4200275e+002  1.4172302e+002  1.3916022e+002  1.3438043e+002
  8.4666667e-001  1.5196542e+002  1.4203676e+002  1.4177724e+002  1.3905486e+002  1.3454092e+002
  8.5333333e-001  1.5220689e+002  1.4213474e+002  1.4176276e+002  1.3903880e+002  1.3471306e+002
  8.6000000e-001  1.5236461e+002  1.4223834e+002  1.4176135e+002  1.3912953e+002  1.3484433e+002
  8.6666667e-001  1.5250807e+002  1.4227589e+002  1.4180942e+002  1.4008766e+002  1.3497453e+002
  8.7333333e-001  1.5269464e+002  1.4229846e+002  1.4186404e+002  1.3923659e+002  1.3510165e+002
  8.8000000e-001  1.5288182e+002  1.4235237e+002  1.4190128e+002  1.3847954e+002  1.3515561e+002
  8.8666667e-001  1.5302989e+002  1.4236351e+002  1.4188069e+002  1.3866334e+002  1.3519223e+002
  8.9333333e-001  1.5315801e+002  1.4233273e+002  1.4184602e+002  1.3874304e+002  1.3519220e+002
  9.0000000e-001  1.5327162e+002  1.4236371e+002  1.4176794e+002  1.3883096e+002  1.3522574e+002
  9.0666667e-001  1.5332469e+002  1.4239102e+002  1.4176079e+002  1.3885843e+002  1.3534129e+002
  9.1333333e-001  1.5342293e+002  1.4233025e+002  1.4172829e+002  1.3893597e+002  1.3540170e+002
  9.2000000e-001  1.5353044e+002  1.4229013e+002  1.4163457e+002  1.3902115e+002  1.3539638e+002
  9.2666667e-001  1.5358597e+002  1.4225644e+002  1.4152838e+002  1.3907565e+002  1.3541527e+002
  9.3333333e-001  1.5366742e+002  1.4225780e+002  1.4143802e+002  1.3913057e+002  1.3549225e+002
  9.4000000e-001  1.5376485e+002  1.4231693e+002  1.4131435e+002  1.3911223e+002  1.3554762e+002
  9.4666667e-001  1.5388709e+002  1.4237242e+002  1.4115659e+002  1.3913284e+002  1.3554807e+002
  9.5333333e-001  1.5397327e+002  1.4239186e+002  1.4106407e+002  1.3920784e+002  1.3557591e+002
  9.6000000e-001  1.5405525e+002  1.4239220e+002  1.4103101e+002  1.3929729e+002  1.3560272e+002
  9.6666667e-001  1.5411697e+002  1.4238493e+002  1.4099564e+002  1.3929521e+002  1.3563907e+002
  9.7333333e-001  1.5418880e+002  1.4237186e+002  1.4096567e+002  1.3920021e+002  1.3562367e+002
  9.8000000e-001  1.5423180e+002  1.4238760e+002  1.3993028e+002  1.3917868e+002  1.3561089e+002
  9.8666667e-001  1.5430147e+002  1.4245294e+002  1.3972914e+002  1.3911610e+002  1.3564072e+002
  9.9333333e-001  1.5434444e+002  1.4247034e+002  1.3964488e+002  1.3915929e+002  1.3561729e+002
  1.0000000e+000  1.5437517e+002  1.4248085e+002  1.4060838e+002  1.4004846e+002  1.3557228e+002
  1.0066667e+000  1.5436374e+002  1.4249408e+002  1.4144220e+002  1.4003746e+002  1.3556384e+002
  1.0133333e+000  1.5435651e+002  1.4247640e+002  1.4041382e+002  1.4001538e+002  1.3550667e+002
  1.0200000e+000  1.5432671e+002  1.4245595e+002  1.4029860e+002  1.3915108e+002  1.3544672e+002
  1.0266667e+000  1.5427951e+002  1.4246999e+002  1.4109105e+002  1.4002713e+002  1.3543793e+002
  1.0333333e+000  1.5414436e+002  1.4241373e+002  1.4008522e+002  1.4007109e+002  1.3540677e+002
  1.0400000e+000  1.5405772e+002  1.4235979e+002  1.3916026e+002  1.4006137e+002  1.3542502e+002
  1.0466667e+000  1.5398477e+002  1.4234418e+002  1.3992432e+002  1.3995232e+002  1.3538586e+002
  1.0533333e+000  1.5384270e+002  1.4224980e+002  1.3976471e+002  1.3982835e+002  1.3531030e+002
  1.0600000e+000  1.5371843e+002  1.4218353e+002  1.3956429e+002  1.3980376e+002  1.3433646e+002
  1.0666667e+000  1.5354259e+002  1.4211816e+002  1.3937483e+002  1.3980286e+002  1.3519217e+002
  1.0733333e+000  1.5339944e+002  1.4208643e+002  1.3924493e+002  1.3977452e+002  1.3511876e+002
  1.0800000e+000  1.5323628e+002  1.4199884e+002  1.3910466e+002  1.3972238e+002  1.3609779e+002
  1.0866667e+000  1.5301170e+002  1.4194167e+002  1.3892419e+002  1.3960202e+002  1.3484041e+002
  1.0933333e+000  1.5285306e+002  1.4188422e+002  1.3876285e+002  1.3952464e+002  1.3486208e+002
  1.1000000e+000  1.5263281e+002  1.4178412e+002  1.3855792e+002  1.3943756e+002  1.3487807e+002
  1.1066667e+000  1.5239269e+002  1.4093727e+002  1.3839952e+002  1.3930055e+002  1.3365485e+002
  1.1133333e+000  1.5219858e+002  1.4158904e+002  1.3819183e+002  1.3916737e+002  1.3442686e+002
  1.1200000e+000  1.5199004e+002  1.4217778e+002  1.3788351e+002  1.3899855e+002  1.3445309e+002
  1.1266667e+000  1.5176048e+002  1.4201724e+002  1.3763615e+002  1.3884729e+002  1.3418440e+002
  1.1333333e+000  1.5148379e+002  1.4111765e+002  1.3816570e+002  1.3870259e+002  1.3402673e+002
  1.1400000e+000  1.5124764e+002  1.4095796e+002  1.3630350e+002  1.3850374e+002  1.3401155e+002
  1.1466667e+000  1.5099461e+002  1.4074049e+002  1.3602557e+002  1.3830875e+002  1.3458002e+002
  1.1533333e+000  1.5070544e+002  1.4054742e+002  1.3653822e+002  1.3809874e+002  1.3362152e+002
  1.1600000e+000  1.5038596e+002  1.4018485e+002  1.3611618e+002  1.3787578e+002  1.3346168e+002
  1.1666667e+000  1.5007352e+002  1.3992796e+002  1.3583079e+002  1.3762317e+002  1.3387482e+002
  1.1733333e+000  1.4972781e+002  1.3964033e+002  1.3552036e+002  1.3737360e+002  1.3362418e+002
  1.1800000e+000  1.4937523e+002  1.3932860e+002  1.3523662e+002  1.3710835e+002  1.3261078e+002
  1.1866667e+000  1.4894583e+002  1.3901660e+002  1.3488611e+002  1.3754820e+002  1.3245186e+002
  1.1933333e+000  1.4854452e+002  1.3864525e+002  1.3450932e+002  1.3731682e+002  1.3223335e+002
  1.2000000e+000  1.4812898e+002  1.3827133e+002  1.3414572e+002  1.3626181e+002  1.3190564e+002
  1.2066667e+000  1.4767390e+002  1.3791625e+002  1.3378706e+002  1.3602422e+002  1.3168102e+002
  1.2133333e+000  1.4720059e+002  1.3749431e+002  1.3341666e+002  1.3578340e+002  1.3140672e+002
  1.2200000e+000  1.4677460e+002  1.3707285e+002  1.3307491e+002  1.3543813e+002  1.3117166e+002
  1.2266667e+000  1.4630186e+002  1.3662111e+002  1.3273076e+002  1.3509341e+002  1.3090477e+002
  1.2333333e+000  1.4581302e+002  1.3615094e+002  1.3245932e+002  1.3476628e+002  1.3067946e+002
  1.2400000e+000  1.4534085e+002  1.3559567e+002  1.3217447e+002  1.3441699e+002  1.3041809e+002
  1.2466667e+000  1.4484308e+002  1.3500722e+002  1.3187230e+002  1.3408304e+002  1.3020177e+002
  1.2533333e+000  1.4508752e+002  1.3442454e+002  1.3156174e+002  1.3375224e+002  1.2996828e+002
  1.2600000e+000  1.4452951e+002  1.3383698e+002  1.3124767e+002  1.3338150e+002  1.2973196e+002
  1.2666667e+000  1.4314703e+002  1.3316989e+002  1.3098218e+002  1.3300241e+002  1.2948201e+002
  1.2733333e+000  1.4257198e+002  1.3244836e+002  1.3063768e+002  1.3267264e+002  1.2925470e+002
  1.2800000e+000  1.4196417e+002  1.3173408e+002  1.3032227e+002  1.3231831e+002  1.2901161e+002
  1.2866667e+000  1.4119826e+002  1.3097339e+002  1.3007658e+002  1.3187727e+002  1.2876916e+002
  1.2933333e+000  1.4057498e+002  1.3017018e+002  1.2983992e+002  1.3149095e+002  1.2852830e+002
  1.3000000e+000  1.3988727e+002  1.2932188e+002  1.2956148e+002  1.3114166e+002  1.2828448e+002
  1.3066667e+000  1.3919392e+002  1.2846574e+002  1.2926537e+002  1.3074565e+002  1.2808650e+002
  1.3133333e+000  1.3851579e+002  1.2760937e+002  1.2897693e+002  1.3042953e+002  1.2789545e+002
  1.3200000e+000  1.3783429e+002  1.2670062e+002  1.2869179e+002  1.3009853e+002  1.2770187e+002
  1.3266667e+000  1.3712054e+002  1.2575880e+002  1.2843535e+002  1.2974185e+002  1.2750111e+002
  1.3333333e+000  1.3635698e+002  1.2478208e+002  1.2825081e+002  1.2944106e+002  1.2734701e+002
  1.3400000e+000  1.3556012e+002  1.2385362e+002  1.2799478e+002  1.2908069e+002  1.2715286e+002
  1.3466667e+000  1.3485902e+002  1.2293710e+002  1.2773780e+002  1.2873419e+002  1.2698935e+002
  1.3533333e+000  1.3412578e+002  1.2205109e+002  1.2750163e+002  1.2836974e+002  1.2685063e+002
  1.3600000e+000  1.3347586e+002  1.2108785e+002  1.2727970e+002  1.2806010e+002  1.2669357e+002
  1.3666667e+000  1.3280289e+002  1.2011652e+002  1.2703587e+002  1.2780370e+002  1.2652776e+002
  1.3733333e+000  1.3214751e+002  1.1920367e+002  1.2685428e+002  1.2754070e+002  1.2636883e+002
  1.3800000e+000  1.3150119e+002  1.1827780e+002  1.2663376e+002  1.2728627e+002  1.2621672e+002
  1.3866667e+000  1.3079959e+002  1.1733097e+002  1.2639523e+002  1.2704428e+002  1.2604258e+002
  1.3933333e+000  1.3009732e+002  1.1644018e+002  1.2620718e+002  1.2676178e+002  1.2586765e+002
  1.4000000e+000  1.2939716e+002  1.1563527e+002  1.2598253e+002  1.2650911e+002  1.2564642e+002
  1.4066667e+000  1.2871899e+002  1.1485696e+002  1.2573583e+002  1.2626005e+002  1.2544460e+002
  1.4133333e+000  1.2806319e+002  1.1408501e+002  1.2554908e+002  1.2597662e+002  1.2519342e+002
  1.4200000e+000  1.2748435e+002  1.1333356e+002  1.2532313e+002  1.2564980e+002  1.2497684e+002
  1.4266667e+000  1.2687810e+002  1.1256321e+002  1.2508775e+002  1.2534793e+002  1.2478220e+002
  1.4333333e+000  1.2621906e+002  1.1176428e+002  1.2492857e+002  1.2503295e+002  1.2450542e+002
  1.4400000e+000  1.2559340e+002  1.1096173e+002  1.2471394e+002  1.2472140e+002  1.2424329e+002
  1.4466667e+000  1.2502544e+002  1.1018019e+002  1.2446744e+002  1.2442161e+002  1.2395384e+002
  1.4533333e+000  1.2444808e+002  1.0929338e+002  1.2425958e+002  1.2410267e+002  1.2365409e+002
  1.4600000e+000  1.2396288e+002  1.0833605e+002  1.2399546e+002  1.2383289e+002  1.2336604e+002
  1.4666667e+000  1.2350655e+002  1.0738118e+002  1.2368204e+002  1.2357337e+002  1.2308889e+002
  1.4733333e+000  1.2307104e+002  1.0638626e+002  1.2334475e+002  1.2328922e+002  1.2286046e+002
  1.4800000e+000  1.2266029e+002  1.0535430e+002  1.2299887e+002  1.2302365e+002  1.2264226e+002
  1.4866667e+000  1.2227134e+002  1.0432266e+002  1.2270013e+002  1.2276054e+002  1.2247196e+002
  1.4933333e+000  1.2191969e+002  1.0330950e+002  1.2244255e+002  1.2244400e+002  1.2227190e+002
  1.5000000e+000  1.2159315e+002  1.0237915e+002  1.2221028e+002  1.2214427e+002  1.2204326e+002
  1.5066667e+000  1.2119911e+002  1.0145628e+002  1.2194547e+002  1.2188184e+002  1.2183043e+002
  1.5133333e+000  1.2074867e+002  1.0058435e+002  1.2172446e+002  1.2164110e+002  1.2163164e+002
  1.5200000e+000  1.2033343e+002  9.9831039e+001  1.2148614e+002  1.2139954e+002  1.2142122e+002
  1.5266667e+000  1.1993539e+002  9.9166222e+001  1.2126692e+002  1.2121156e+002  1.2125332e+002
  1.5333333e+000  1.1956395e+002  9.8556305e+001  1.2101929e+002  1.2100164e+002  1.2107909e+002
  1.5400000e+000  1.1919907e+002  9.8010529e+001  1.2078561e+002  1.2080134e+002  1.2087640e+002
  1.5466667e+000  1.1881874e+002  9.7629082e+001  1.2051318e+002  1.2056046e+002  1.2066430e+002
  1.5533333e+000  1.1840485e+002  9.7328979e+001  1.2026420e+002  1.2038944e+002  1.2042911e+002
  1.5600000e+000  1.1801685e+002  9.7049545e+001  1.2001705e+002  1.2021577e+002  1.2029675e+002
  1.5666667e+000  1.1763962e+002  9.6849281e+001  1.1977683e+002  1.2002916e+002  1.2013847e+002
  1.5733333e+000  1.1724875e+002  9.6712975e+001  1.1959082e+002  1.1980382e+002  1.1994363e+002
  1.5800000e+000  1.1687668e+002  9.6592133e+001  1.1938545e+002  1.1961610e+002  1.1979845e+002
  1.5866667e+000  1.1650885e+002  9.6475723e+001  1.1918787e+002  1.1936604e+002  1.1962399e+002
  1.5933333e+000  1.1619702e+002  9.6329926e+001  1.1897025e+002  1.1907343e+002  1.1946263e+002
  1.6000000e+000  1.1590662e+002  9.6121544e+001  1.1877400e+002  1.1885132e+002  1.1920699e+002
  1.6066667e+000  1.1563024e+002  9.5868050e+001  1.1859131e+002  1.1861811e+002  1.1903923e+002
  1.6133333e+000  1.1539013e+002  9.5602798e+001  1.1844746e+002  1.1831245e+002  1.1890955e+002
  1.6200000e+000  1.1518845e+002  9.5305077e+001  1.1829128e+002  1.1800508e+002  1.1871790e+002
  1.6266667e+000  1.1501489e+002  9.5045776e+001  1.1812551e+002  1.1771785e+002  1.1853487e+002
  1.6333333e+000  1.1484008e+002  9.4817474e+001  1.1799402e+002  1.1746298e+002  1.1834468e+002
  1.6400000e+000  1.1469447e+002  9.4596321e+001  1.1787160e+002  1.1720732e+002  1.1817514e+002
  1.6466667e+000  1.1457629e+002  9.4395744e+001  1.1776025e+002  1.1696648e+002  1.1801301e+002
  1.6533333e+000  1.1447543e+002  9.4246857e+001  1.1764389e+002  1.1672519e+002  1.1783318e+002
  1.6600000e+000  1.1435798e+002  9.4140282e+001  1.1754116e+002  1.1653685e+002  1.1766113e+002
  1.6666667e+000  1.1422952e+002  9.4098442e+001  1.1744673e+002  1.1640466e+002  1.1752973e+002
  1.6733333e+000  1.1412656e+002  9.4077950e+001  1.1735639e+002  1.1629292e+002  1.1741647e+002
  1.6800000e+000  1.1402171e+002  9.4066017e+001  1.1727360e+002  1.1622724e+002  1.1730441e+002
  1.6866667e+000  1.1391790e+002  9.4057816e+001  1.1717142e+002  1.1615999e+002  1.1726829e+002
  1.6933333e+000  1.1384792e+002  9.4053329e+001  1.1705809e+002  1.1613524e+002  1.1719561e+002
  1.7000000e+000  1.1378727e+002  9.4003159e+001  1.1693621e+002  1.1613702e+002  1.1712253e+002
  1.7066667e+000  1.1372551e+002  9.3940147e+001  1.1682979e+002  1.1615456e+002  1.1702016e+002
  1.7133333e+000  1.1369117e+002  9.3900139e+001  1.1668498e+002  1.1615733e+002  1.1696674e+002
  1.7200000e+000  1.1362137e+002  9.3877075e+001  1.1654151e+002  1.1617756e+002  1.1691037e+002
  1.7266667e+000  1.1361559e+002  9.3918320e+001  1.1637283e+002  1.1620306e+002  1.1682838e+002
  1.7333333e+000  1.1361017e+002  9.4006386e+001  1.1624793e+002  1.1618802e+002  1.1676572e+002
  1.7400000e+000  1.1359671e+002  9.4156944e+001  1.1611639e+002  1.1619453e+002  1.1668163e+002
  1.7466667e+000  1.1360592e+002  9.4377884e+001  1.1600935e+002  1.1617480e+002  1.1652905e+002
  1.7533333e+000  1.1363004e+002  9.4614647e+001  1.1591006e+002  1.1610807e+002  1.1640964e+002
  1.7600000e+000  1.1365112e+002  9.4830467e+001  1.1582235e+002  1.1604877e+002  1.1628967e+002
  1.7666667e+000  1.1368216e+002  9.5063530e+001  1.1575649e+002  1.1599971e+002  1.1621618e+002
  1.7733333e+000  1.1365955e+002  9.5266373e+001  1.1574207e+002  1.1597163e+002  1.1616013e+002
  1.7800000e+000  1.1365558e+002  9.5409721e+001  1.1574487e+002  1.1592349e+002  1.1609973e+002
  1.7866667e+000  1.1365815e+002  9.5558868e+001  1.1577476e+002  1.1587016e+002  1.1605086e+002
  1.7933333e+000  1.1364194e+002  9.5706367e+001  1.1582800e+002  1.1582631e+002  1.1601711e+002
  1.8000000e+000  1.1370445e+002  9.5845695e+001  1.1585871e+002  1.1579045e+002  1.1600212e+002
  1.8066667e+000  1.1373766e+002  9.5927513e+001  1.1589609e+002  1.1579400e+002  1.1600769e+002
  1.8133333e+000  1.1378037e+002  9.6013695e+001  1.1598022e+002  1.1575974e+002  1.1604142e+002
  1.8200000e+000  1.1383210e+002  9.6142670e+001  1.1604796e+002  1.1574094e+002  1.1603683e+002
  1.8266667e+000  1.1390595e+002  9.6283257e+001  1.1613239e+002  1.1574499e+002  1.1607272e+002
  1.8333333e+000  1.1398606e+002  9.6494347e+001  1.1621107e+002  1.1575546e+002  1.1607778e+002
  1.8400000e+000  1.1410111e+002  9.6731377e+001  1.1627822e+002  1.1581027e+002  1.1610258e+002
  1.8466667e+000  1.1419225e+002  9.6998802e+001  1.1632155e+002  1.1583523e+002  1.1608125e+002
  1.8533333e+000  1.1425450e+002  9.7333267e+001  1.1636086e+002  1.1586159e+002  1.1606795e+002
  1.8600000e+000  1.1437673e+002  9.7679230e+001  1.1641526e+002  1.1592100e+002  1.1607247e+002
  1.8666667e+000  1.1452963e+002  9.8070076e+001  1.1646468e+002  1.1597163e+002  1.1605642e+002
  1.8733333e+000  1.1465612e+002  9.8447128e+001  1.1649069e+002  1.1600974e+002  1.1607080e+002
  1.8800000e+000  1.1472333e+002  9.8807411e+001  1.1648956e+002  1.1605713e+002  1.1612102e+002
  1.8866667e+000  1.1478597e+002  9.9199966e+001  1.1650066e+002  1.1608715e+002  1.1614400e+002
  1.8933333e+000  1.1487193e+002  9.9583939e+001  1.1650412e+002  1.1615513e+002  1.1616256e+002
  1.9000000e+000  1.1494109e+002  9.9968925e+001  1.1650324e+002  1.1618304e+002  1.1618260e+002
  1.9066667e+000  1.1498311e+002  1.0036341e+002  1.1649603e+002  1.1621703e+002  1.1622798e+002
  1.9133333e+000  1.1502500e+002  1.0076884e+002  1.1653545e+002  1.1629312e+002  1.1624221e+002
  1.9200000e+000  1.1508650e+002  1.0113750e+002  1.1655196e+002  1.1634547e+002  1.1624084e+002
  1.9266667e+000  1.1516584e+002  1.0155910e+002  1.1659453e+002  1.1640347e+002  1.1626617e+002
  1.9333333e+000  1.1524263e+002  1.0199458e+002  1.1662891e+002  1.1645215e+002  1.1631600e+002
  1.9400000e+000  1.1527120e+002  1.0236730e+002  1.1668161e+002  1.1653587e+002  1.1634882e+002
  1.9466667e+000  1.1535870e+002  1.0272923e+002  1.1673362e+002  1.1662291e+002  1.1640050e+002
  1.9533333e+000  1.1544950e+002  1.0311399e+002  1.1681400e+002  1.1666257e+002  1.1641811e+002
  1.9600000e+000  1.1552847e+002  1.0350722e+002  1.1685540e+002  1.1670096e+002  1.1641693e+002
  1.9666667e+000  1.1561176e+002  1.0390158e+002  1.1693758e+002  1.1676453e+002  1.1646049e+002
  1.9733333e+000  1.1568481e+002  1.0427021e+002  1.1704575e+002  1.1680817e+002  1.1646513e+002
  1.9800000e+000  1.1576306e+002  1.0465826e+002  1.1712187e+002  1.1685941e+002  1.1645675e+002
  1.9866667e+000  1.1581217e+002  1.0503909e+002  1.1721161e+002  1.1693541e+002  1.1645098e+002
  1.9933333e+000  1.1588998e+002  1.0544540e+002  1.1732038e+002  1.1695608e+002  1.1645668e+002
  2.0000000e+000  1.1593655e+002  1.0586002e+002  1.1741962e+002  1.1700176e+002  1.1643648e+002
