 -5.0000000e-001 -4.9989243e+001 -4.8679367e+001 -4.8093193e+001 -4.8692776e+001 -4.9112686e+001
 -4.9333333e-001 -5.0004734e+001 -4.8673962e+001 -4.8077240e+001 -4.8644310e+001 -4.9098972e+001
 -4.8666667e-001 -4.9987064e+001 -4.8683681e+001 -4.8080418e+001 -4.8649353e+001 -4.9097408e+001
 -4.8000000e-001 -4.9962048e+001 -4.8688313e+001 -4.8075573e+001 -4.8649231e+001 -4.9095795e+001
 -4.7333333e-001 -4.9981628e+001 -4.8658360e+001 -4.8123741e+001 -4.8640385e+001 -4.9072132e+001
 -4.6666667e-001 -4.9963142e+001 -4.8668308e+001 -4.8096516e+001 -4.8667229e+001 -4.9095024e+001
 -4.6000000e-001 -4.9950996e+001 -4.8689556e+001 -4.8124592e+001 -4.8648808e+001 -4.9079079e+001
 -4.5333333e-001 -4.9929344e+001 -4.8691647e+001 -4.8120323e+001 -4.8656731e+001 -4.9071575e+001
 -4.4666667e-001 -4.9944908e+001 -4.8666679e+001 -4.8085636e+001 -4.8674168e+001 -4.9060562e+001
 -4.4000000e-001 -4.9950623e+001 -4.8660641e+001 -4.8085144e+001 -4.8698273e+001 -4.9064484e+001
 -4.3333333e-001 -4.9936893e+001 -4.8658733e+001 -4.8104031e+001 -4.8678600e+001 -4.9059792e+001
 -4.2666667e-001 -4.9956959e+001 -4.8664730e+001 -4.8088093e+001 -4.8671257e+001 -4.9074951e+001
 -4.2000000e-001 -4.9950539e+001 -4.8661114e+001 -4.8058495e+001 -4.8671135e+001 -4.9064342e+001
 -4.1333333e-001 -4.9945923e+001 -4.8641655e+001 -4.8031158e+001 -4.8694172e+001 -4.9037895e+001
 -4.0666667e-001 -4.9955250e+001 -4.8648048e+001 -4.8064194e+001 -4.8689499e+001 -4.9028137e+001
 -4.0000000e-001 -4.9956551e+001 -4.8670551e+001 -4.8065754e+001 -4.8660027e+001 -4.9040276e+001
 -3.9333333e-001 -4.9958134e+001 -4.8675335e+001 -4.8050587e+001 -4.8658482e+001 -4.9049702e+001
 -3.8666667e-001 -4.9960545e+001 -4.8660763e+001 -4.8032478e+001 -4.8664646e+001 -4.9064552e+001
 -3.8000000e-001 -4.9944374e+001 -4.8668491e+001 -4.8055176e+001 -4.8669575e+001 -4.9058155e+001
 -3.7333333e-001 -4.9931057e+001 -4.8671490e+001 -4.8029831e+001 -4.8647572e+001 -4.9070824e+001
 -3.6666667e-001 -4.9930744e+001 -4.8664314e+001 -4.8023533e+001 -4.8650410e+001 -4.9057129e+001
 -3.6000000e-001 -4.9935143e+001 -4.8636791e+001 -4.8019638e+001 -4.8656597e+001 -4.9010696e+001
 -3.5333333e-001 -4.9963474e+001 -4.8668842e+001 -4.8070984e+001 -4.8682396e+001 -4.9007671e+001
 -3.4666667e-001 -4.9972195e+001 -4.8687317e+001 -4.8064392e+001 -4.8681171e+001 -4.9007446e+001
 -3.4000000e-001 -4.9959290e+001 -4.8667686e+001 -4.8028522e+001 -4.8687225e+001 -4.8984825e+001
 -3.3333333e-001 -4.9950287e+001 -4.8672649e+001 -4.8035961e+001 -4.8678787e+001 -4.8955196e+001
 -3.2666667e-001 -4.9932571e+001 -4.8686752e+001 -4.8031448e+001 -4.8674351e+001 -4.8924084e+001
 -3.2000000e-001 -4.9936455e+001 -4.8671841e+001 -4.8032242e+001 -4.8713085e+001 -4.8890823e+001
 -3.1333333e-001 -4.9927063e+001 -4.8670620e+001 -4.8045689e+001 -4.8711819e+001 -4.8896847e+001
 -3.0666667e-001 -4.9905342e+001 -4.8687798e+001 -4.8016651e+001 -4.8715038e+001 -4.8886215e+001
 -3.0000000e-001 -4.9920609e+001 -4.8694038e+001 -4.8015957e+001 -4.8683308e+001 -4.8858723e+001
 -2.9333333e-001 -4.9940186e+001 -4.8686874e+001 -4.8015526e+001 -4.8687569e+001 -4.8854488e+001
 -2.8666667e-001 -4.9923199e+001 -4.8693817e+001 -4.8007675e+001 -4.8685188e+001 -4.8840282e+001
 -2.8000000e-001 -4.9926899e+001 -4.8729443e+001 -4.8008926e+001 -4.8695095e+001 -4.8846016e+001
 -2.7333333e-001 -4.9938072e+001 -4.8712852e+001 -4.8001438e+001 -4.8676453e+001 -4.8864243e+001
 -2.6666667e-001 -4.9931396e+001 -4.8695618e+001 -4.7981453e+001 -4.8668369e+001 -4.8834991e+001
 -2.6000000e-001 -4.9922482e+001 -4.8692745e+001 -4.7969135e+001 -4.8687447e+001 -4.8835640e+001
 -2.5333333e-001 -4.9929146e+001 -4.8709339e+001 -4.7969292e+001 -4.8695095e+001 -4.8859192e+001
 -2.4666667e-001 -4.9938622e+001 -4.8720768e+001 -4.7984699e+001 -4.8680435e+001 -4.8848976e+001
 -2.4000000e-001 -4.9935322e+001 -4.8716377e+001 -4.7954769e+001 -4.8682747e+001 -4.8844078e+001
 -2.3333333e-001 -4.9945770e+001 -4.8704498e+001 -4.7963715e+001 -4.8704849e+001 -4.8826805e+001
 -2.2666667e-001 -4.9933910e+001 -4.8707611e+001 -4.7995094e+001 -4.8716995e+001 -4.8858173e+001
 -2.2000000e-001 -4.9890385e+001 -4.8726398e+001 -4.7965462e+001 -4.8727310e+001 -4.8851540e+001
 -2.1333333e-001 -4.9894066e+001 -4.8749928e+001 -4.7963432e+001 -4.8716595e+001 -4.8822811e+001
 -2.0666667e-001 -4.9895885e+001 -4.8732380e+001 -4.7971802e+001 -4.8700516e+001 -4.8833187e+001
 -2.0000000e-001 -4.9867271e+001 -4.8752686e+001 -4.7941364e+001 -4.8692986e+001 -4.8824902e+001
 -1.9333333e-001 -4.9864964e+001 -4.8783802e+001 -4.7946503e+001 -4.8697174e+001 -4.8834835e+001
 -1.8666667e-001 -4.9909706e+001 -4.8773571e+001 -4.7944447e+001 -4.8711372e+001 -4.8813435e+001
 -1.8000000e-001 -4.9924595e+001 -4.8768158e+001 -4.7962078e+001 -4.8731953e+001 -4.8807812e+001
 -1.7333333e-001 -4.9914249e+001 -4.8768574e+001 -4.7944965e+001 -4.8733616e+001 -4.8822304e+001
 -1.6666667e-001 -4.9913868e+001 -4.8778000e+001 -4.7939358e+001 -4.8737328e+001 -4.8784172e+001
 -1.6000000e-001 -4.9921810e+001 -4.8760117e+001 -4.7941841e+001 -4.8690456e+001 -4.8792213e+001
 -1.5333333e-001 -4.9905029e+001 -4.8769341e+001 -4.7934307e+001 -4.8697964e+001 -4.8824409e+001
 -1.4666667e-001 -4.9909187e+001 -4.8791679e+001 -4.7938747e+001 -4.8716373e+001 -4.8828636e+001
 -1.4000000e-001 -4.9932838e+001 -4.8773067e+001 -4.7952305e+001 -4.8725288e+001 -4.8818382e+001
 -1.3333333e-001 -4.9949791e+001 -4.8780087e+001 -4.7960629e+001 -4.8698803e+001 -4.8809917e+001
 -1.2666667e-001 -4.9916828e+001 -4.8775261e+001 -4.7919628e+001 -4.8684994e+001 -4.8831604e+001
 -1.2000000e-001 -4.9938389e+001 -4.8753555e+001 -4.7960350e+001 -4.8705524e+001 -4.8816280e+001
 -1.1333333e-001 -4.9957054e+001 -4.8780060e+001 -4.7938293e+001 -4.8698811e+001 -4.8826729e+001
 -1.0666667e-001 -4.9968502e+001 -4.8786747e+001 -4.7933678e+001 -4.8671650e+001 -4.8847134e+001
 -1.0000000e-001 -4.9942951e+001 -4.8778133e+001 -4.7939648e+001 -4.8682846e+001 -4.8876244e+001
 -9.3333333e-002 -4.9923847e+001 -4.8767345e+001 -4.7936359e+001 -4.8670593e+001 -4.8853153e+001
 -8.6666667e-002 -4.9899475e+001 -4.8762722e+001 -4.7919151e+001 -4.8656166e+001 -4.8840378e+001
 -8.0000000e-002 -4.9884758e+001 -4.8762600e+001 -4.7927158e+001 -4.8687893e+001 -4.8846382e+001
 -7.3333333e-002 -4.9897560e+001 -4.8786186e+001 -4.7918129e+001 -4.8669403e+001 -4.8844505e+001
 -6.6666667e-002 -4.9879986e+001 -4.8777153e+001 -4.7924545e+001 -4.8669716e+001 -4.8837002e+001
 -6.0000000e-002 -4.9857639e+001 -4.8780220e+001 -4.7905182e+001 -4.8672993e+001 -4.8849926e+001
 -5.3333333e-002 -4.9849449e+001 -4.8792046e+001 -4.7905525e+001 -4.8651157e+001 -4.8829735e+001
 -4.6666667e-002 -4.9846272e+001 -4.8802341e+001 -4.7902584e+001 -4.8653236e+001 -4.8828056e+001
 -4.0000000e-002 -4.9833107e+001 -4.8783508e+001 -4.7881081e+001 -4.8630627e+001 -4.8842224e+001
 -3.3333333e-002 -4.9834965e+001 -4.8794724e+001 -4.7858490e+001 -4.8631653e+001 -4.8851635e+001
 -2.6666667e-002 -4.9808865e+001 -4.8784542e+001 -4.7884392e+001 -4.8660686e+001 -4.8850990e+001
 -2.0000000e-002 -4.9813873e+001 -4.8800541e+001 -4.7888027e+001 -4.8680798e+001 -4.8840137e+001
 -1.3333333e-002 -4.9837025e+001 -4.8795193e+001 -4.7866997e+001 -4.8689430e+001 -4.8841248e+001
 -6.6666667e-003 -4.9830608e+001 -4.8809155e+001 -4.7835735e+001 -4.8714325e+001 -4.8840378e+001
  0.0000000e+000 -4.9842587e+001 -4.8817921e+001 -4.7847069e+001 -4.8709370e+001 -4.8824528e+001
  6.6666667e-003 -4.9844742e+001 -4.8845402e+001 -4.7851387e+001 -4.8700687e+001 -4.8847939e+001
  1.3333333e-002 -4.9876904e+001 -4.8812935e+001 -4.7873013e+001 -4.8703281e+001 -4.8867527e+001
  2.0000000e-002 -4.9898586e+001 -4.8837563e+001 -4.7870743e+001 -4.8668800e+001 -4.8860870e+001
  2.6666667e-002 -4.9917980e+001 -4.8823215e+001 -4.7871616e+001 -4.8684025e+001 -4.8835197e+001
  3.3333333e-002 -4.9941170e+001 -4.8818863e+001 -4.7867546e+001 -4.8663330e+001 -4.8839001e+001
  4.0000000e-002 -4.9958801e+001 -4.8815971e+001 -4.7848248e+001 -4.8630882e+001 -4.8824078e+001
  4.6666667e-002 -4.9941868e+001 -4.8807869e+001 -4.7839527e+001 -4.8608421e+001 -4.8817131e+001
  5.3333333e-002 -4.9964722e+001 -4.8787746e+001 -4.7815315e+001 -4.8575520e+001 -4.8825092e+001
  6.0000000e-002 -4.9956360e+001 -4.8786716e+001 -4.7822678e+001 -4.8552498e+001 -4.8777996e+001
  6.6666667e-002 -4.9927616e+001 -4.8748775e+001 -4.7834148e+001 -4.8562584e+001 -4.8765144e+001
  7.3333333e-002 -4.9908089e+001 -4.8757771e+001 -4.7841949e+001 -4.8534500e+001 -4.8764870e+001
  8.0000000e-002 -4.9898602e+001 -4.8736584e+001 -4.7817108e+001 -4.8533703e+001 -4.8765034e+001
  8.6666667e-002 -4.9876080e+001 -4.8691681e+001 -4.7806561e+001 -4.8549698e+001 -4.8744415e+001
  9.3333333e-002 -4.9884033e+001 -4.8696468e+001 -4.7794651e+001 -4.8546520e+001 -4.8770153e+001
  1.0000000e-001 -4.9908756e+001 -4.8687702e+001 -4.7824818e+001 -4.8552044e+001 -4.8743412e+001
  1.0666667e-001 -4.9900429e+001 -4.8721573e+001 -4.7803005e+001 -4.8531590e+001 -4.8753136e+001
  1.1333333e-001 -4.9905014e+001 -4.8723343e+001 -4.7810833e+001 -4.8530910e+001 -4.8719349e+001
  1.2000000e-001 -4.9918064e+001 -4.8699768e+001 -4.7818012e+001 -4.8528698e+001 -4.8703449e+001
  1.2666667e-001 -4.9869400e+001 -4.8681812e+001 -4.7807297e+001 -4.8472103e+001 -4.8670753e+001
  1.3333333e-001 -4.9823547e+001 -4.8652462e+001 -4.7743855e+001 -4.8411575e+001 -4.8642227e+001
  1.4000000e-001 -4.9797325e+001 -4.8653885e+001 -4.7687141e+001 -4.8357616e+001 -4.8624996e+001
  1.4666667e-001 -4.9758564e+001 -4.8609501e+001 -4.7643700e+001 -4.8300083e+001 -4.8584984e+001
  1.5333333e-001 -4.9723412e+001 -4.8568981e+001 -4.7590027e+001 -4.8232521e+001 -4.8552647e+001
  1.6000000e-001 -4.9727856e+001 -4.8513111e+001 -4.7532112e+001 -4.8166843e+001 -4.8526665e+001
  1.6666667e-001 -4.9696190e+001 -4.8487392e+001 -4.7522621e+001 -4.8121063e+001 -4.8496326e+001
  1.7333333e-001 -4.9694309e+001 -4.8449577e+001 -4.7482040e+001 -4.8060604e+001 -4.8478378e+001
  1.8000000e-001 -4.9687973e+001 -4.8426842e+001 -4.7433346e+001 -4.7995949e+001 -4.8447643e+001
  1.8666667e-001 -4.9699444e+001 -4.8395138e+001 -4.7418034e+001 -4.7945297e+001 -4.8435432e+001
  1.9333333e-001 -4.9706524e+001 -4.8410088e+001 -4.7411144e+001 -4.7904934e+001 -4.8417194e+001
  2.0000000e-001 -4.9769211e+001 -4.8438053e+001 -4.7415974e+001 -4.7862106e+001 -4.8376022e+001
  2.0666667e-001 -4.9804520e+001 -4.8373348e+001 -4.7401127e+001 -4.7848625e+001 -4.8362755e+001
  2.1333333e-001 -4.9850933e+001 -4.8312836e+001 -4.7385548e+001 -4.7806515e+001 -4.8307346e+001
  2.2000000e-001 -4.9894985e+001 -4.8292809e+001 -4.7365231e+001 -4.7777905e+001 -4.8250347e+001
  2.2666667e-001 -4.9994221e+001 -4.8303131e+001 -4.7359062e+001 -4.7800301e+001 -4.8214882e+001
  2.3333333e-001 -5.0141533e+001 -4.8325043e+001 -4.7344471e+001 -4.7797993e+001 -4.8176361e+001
  2.4000000e-001 -5.0325451e+001 -4.8365665e+001 -4.7345551e+001 -4.7770344e+001 -4.8152706e+001
  2.4666667e-001 -5.0545258e+001 -4.8405087e+001 -4.7356018e+001 -4.7804035e+001 -4.8124298e+001
  2.5333333e-001 -5.0778175e+001 -4.8457783e+001 -4.7373329e+001 -4.7830769e+001 -4.8122898e+001
  2.6000000e-001 -5.0966503e+001 -4.8555790e+001 -4.7398182e+001 -4.7845001e+001 -4.8120205e+001
  2.6666667e-001 -5.1155006e+001 -4.8694202e+001 -4.7464199e+001 -4.7847538e+001 -4.8123207e+001
  2.7333333e-001 -5.1308464e+001 -4.8925251e+001 -4.7617256e+001 -4.7914299e+001 -4.8109184e+001
  2.8000000e-001 -5.1489845e+001 -4.9134598e+001 -4.7868824e+001 -4.8028717e+001 -4.8179806e+001
  2.8666667e-001 -5.1661396e+001 -4.9372707e+001 -4.8105438e+001 -4.8118809e+001 -4.8306110e+001
  2.9333333e-001 -5.1801708e+001 -4.9561413e+001 -4.8390453e+001 -4.8251732e+001 -4.8421322e+001
  3.0000000e-001 -5.1992538e+001 -4.9750351e+001 -4.8718163e+001 -4.8428459e+001 -4.8539261e+001
  3.0666667e-001 -5.2181442e+001 -4.9991673e+001 -4.8998020e+001 -4.8597015e+001 -4.8718502e+001
  3.1333333e-001 -5.2384647e+001 -5.0265369e+001 -4.9317608e+001 -4.8739285e+001 -4.8918739e+001
  3.2000000e-001 -5.2573994e+001 -5.0523338e+001 -4.9593884e+001 -4.8935822e+001 -4.9072193e+001
  3.2666667e-001 -5.2819565e+001 -5.0813843e+001 -4.9950417e+001 -4.9120979e+001 -4.9235626e+001
  3.3333333e-001 -5.3115410e+001 -5.1122353e+001 -5.0306309e+001 -4.9337532e+001 -4.9410114e+001
  3.4000000e-001 -5.3458759e+001 -5.1392132e+001 -5.0655960e+001 -4.9521202e+001 -4.9545944e+001
  3.4666667e-001 -5.3816223e+001 -5.1689396e+001 -5.1070297e+001 -4.9685314e+001 -4.9677544e+001
  3.5333333e-001 -5.4224068e+001 -5.1964699e+001 -5.1462952e+001 -4.9889416e+001 -4.9841240e+001
  3.6000000e-001 -5.4964745e+001 -5.2226250e+001 -5.1863373e+001 -5.0139156e+001 -4.9938610e+001
  3.6666667e-001 -5.5486618e+001 -5.2538429e+001 -5.2397064e+001 -5.0431499e+001 -5.0030437e+001
  3.7333333e-001 -5.5670723e+001 -5.2866962e+001 -5.2948372e+001 -5.0694942e+001 -5.0157551e+001
  3.8000000e-001 -5.6204906e+001 -5.3167599e+001 -5.3507378e+001 -5.1004105e+001 -5.0230385e+001
  3.8666667e-001 -5.6770485e+001 -5.3529739e+001 -5.4128487e+001 -5.1370594e+001 -5.0314720e+001
  3.9333333e-001 -5.7704559e+001 -5.3889709e+001 -5.4755619e+001 -5.1713455e+001 -5.0446728e+001
  4.0000000e-001 -5.8313103e+001 -5.4260254e+001 -5.5409260e+001 -5.2080524e+001 -5.0589214e+001
  4.0666667e-001 -5.8864006e+001 -5.4590420e+001 -5.5965080e+001 -5.2436638e+001 -5.0724525e+001
  4.1333333e-001 -5.9394440e+001 -5.4884457e+001 -5.6514736e+001 -5.2824013e+001 -5.0894234e+001
  4.2000000e-001 -5.9941181e+001 -5.5137371e+001 -5.7025234e+001 -5.3186039e+001 -5.1095383e+001
  4.2666667e-001 -6.0339497e+001 -5.5329742e+001 -5.7410664e+001 -5.3517075e+001 -5.1367195e+001
  4.3333333e-001 -6.0794647e+001 -5.5538498e+001 -5.7872700e+001 -5.3856667e+001 -5.1713711e+001
  4.4000000e-001 -6.1134819e+001 -5.5763668e+001 -5.8308876e+001 -5.4164177e+001 -5.2044476e+001
  4.4666667e-001 -6.1319839e+001 -5.5984783e+001 -5.8723377e+001 -5.4448135e+001 -5.2339134e+001
  4.5333333e-001 -6.1562046e+001 -5.6263653e+001 -5.9097401e+001 -5.4681629e+001 -5.2665440e+001
  4.6000000e-001 -6.1754234e+001 -5.6577629e+001 -5.9433998e+001 -5.4907265e+001 -5.2949615e+001
  4.6666667e-001 -6.1957062e+001 -5.6911572e+001 -5.9802090e+001 -5.5190132e+001 -5.3269581e+001
  4.7333333e-001 -6.2169666e+001 -5.7287968e+001 -6.0193924e+001 -5.5450806e+001 -5.3537094e+001
  4.8000000e-001 -6.2371159e+001 -5.7653027e+001 -6.0494957e+001 -5.5697422e+001 -5.3844334e+001
  4.8666667e-001 -6.2787586e+001 -5.8440819e+001 -6.0837227e+001 -5.5892624e+001 -5.4187229e+001
  4.9333333e-001 -6.3302174e+001 -5.8867344e+001 -6.1246841e+001 -5.6110699e+001 -5.4532223e+001
  5.0000000e-001 -6.3798065e+001 -5.8978924e+001 -6.1675728e+001 -5.6308521e+001 -5.4912067e+001
  5.0666667e-001 -6.4415634e+001 -5.9863281e+001 -6.2191742e+001 -5.6545135e+001 -5.5281616e+001
  5.1333333e-001 -6.4879807e+001 -6.0391277e+001 -6.2803364e+001 -5.6824837e+001 -5.5713627e+001
  5.2000000e-001 -6.5241730e+001 -6.0876888e+001 -6.3837086e+001 -5.7229141e+001 -5.6174995e+001
  5.2666667e-001 -6.5568680e+001 -6.1379429e+001 -6.4624329e+001 -5.7646496e+001 -5.6659161e+001
  5.3333333e-001 -6.5953934e+001 -6.1834797e+001 -6.5140297e+001 -5.8114288e+001 -5.7182117e+001
  5.4000000e-001 -6.6356781e+001 -6.2149086e+001 -6.6135849e+001 -5.8657898e+001 -5.7783150e+001
  5.4666667e-001 -6.6794853e+001 -6.2500782e+001 -6.7868889e+001 -5.9124428e+001 -5.8407654e+001
  5.5333333e-001 -6.7332680e+001 -6.2857666e+001 -6.8468521e+001 -5.9530941e+001 -5.9040615e+001
  5.6000000e-001 -6.7806236e+001 -6.3168629e+001 -6.7810402e+001 -5.9806797e+001 -5.9700924e+001
  5.6666667e-001 -6.8273315e+001 -6.3471310e+001 -6.8277939e+001 -6.0078545e+001 -6.0341396e+001
  5.7333333e-001 -6.8738556e+001 -6.3804173e+001 -6.9001305e+001 -6.0355644e+001 -6.0908112e+001
  5.8000000e-001 -6.9103050e+001 -6.4098083e+001 -6.9645782e+001 -6.0642410e+001 -6.1489372e+001
  5.8666667e-001 -6.9477951e+001 -6.4409752e+001 -6.9955505e+001 -6.0887135e+001 -6.2030167e+001
  5.9333333e-001 -6.9785591e+001 -6.4713615e+001 -6.9046448e+001 -6.1106495e+001 -6.2573650e+001
  6.0000000e-001 -7.0076096e+001 -6.5004517e+001 -6.9370483e+001 -6.1346088e+001 -6.3108006e+001
  6.0666667e-001 -7.0355896e+001 -6.5233688e+001 -6.9621017e+001 -6.1591793e+001 -6.3704922e+001
  6.1333333e-001 -7.0640839e+001 -6.5582611e+001 -7.0028465e+001 -6.1817093e+001 -6.4275291e+001
  6.2000000e-001 -7.0963272e+001 -6.5929596e+001 -7.0257759e+001 -6.2118679e+001 -6.4774292e+001
  6.2666667e-001 -7.1295746e+001 -6.6283348e+001 -7.0538795e+001 -6.2440662e+001 -6.5247284e+001
  6.3333333e-001 -7.1702316e+001 -6.6731842e+001 -7.0880203e+001 -6.2811184e+001 -6.5780716e+001
  6.4000000e-001 -7.2076424e+001 -6.7165916e+001 -7.2361115e+001 -6.3214199e+001 -6.6212143e+001
  6.4666667e-001 -7.2405540e+001 -6.7550377e+001 -7.2686302e+001 -6.3644913e+001 -6.6647858e+001
  6.5333333e-001 -7.2804840e+001 -6.7943604e+001 -7.3049820e+001 -6.4106979e+001 -6.7065468e+001
  6.6000000e-001 -7.3183868e+001 -6.8353767e+001 -7.3369499e+001 -6.4483368e+001 -6.7450745e+001
  6.6666667e-001 -7.3466705e+001 -6.8803375e+001 -7.3787598e+001 -6.4904594e+001 -6.8799072e+001
  6.7333333e-001 -7.3741554e+001 -6.9317894e+001 -7.4201157e+001 -6.5349831e+001 -6.8077087e+001
  6.8000000e-001 -7.3953674e+001 -6.9886650e+001 -7.4473442e+001 -6.5803345e+001 -6.8495514e+001
  6.8666667e-001 -7.4078735e+001 -7.0325661e+001 -7.4740967e+001 -6.6252937e+001 -6.9016815e+001
  6.9333333e-001 -7.4252174e+001 -7.0637085e+001 -7.5108475e+001 -6.6659508e+001 -7.0323700e+001
  7.0000000e-001 -7.4400688e+001 -7.0971405e+001 -7.5392029e+001 -6.7045448e+001 -7.0651474e+001
  7.0666667e-001 -7.4563599e+001 -7.1244148e+001 -7.5494423e+001 -6.7443573e+001 -7.0059196e+001
  7.1333333e-001 -7.4768341e+001 -7.1421455e+001 -7.5542221e+001 -6.7750648e+001 -7.0384384e+001
  7.2000000e-001 -7.4909019e+001 -7.1579697e+001 -7.5596092e+001 -6.7986610e+001 -7.0758949e+001
  7.2666667e-001 -7.5049202e+001 -7.1617622e+001 -7.5858215e+001 -6.9066956e+001 -7.1002518e+001
  7.3333333e-001 -7.5169952e+001 -7.1562378e+001 -7.5976982e+001 -6.9325600e+001 -7.1252449e+001
  7.4000000e-001 -7.5360596e+001 -7.1485588e+001 -7.5940414e+001 -6.8666374e+001 -7.1538429e+001
  7.4666667e-001 -7.5624924e+001 -7.1365753e+001 -7.5881447e+001 -6.8734200e+001 -7.1717308e+001
  7.5333333e-001 -7.5849876e+001 -7.1126457e+001 -7.5887680e+001 -6.7938606e+001 -7.1892761e+001
  7.6000000e-001 -7.6057114e+001 -7.1023422e+001 -7.5921402e+001 -6.8102493e+001 -7.2094185e+001
  7.6666667e-001 -7.6307861e+001 -7.1044556e+001 -7.5861938e+001 -6.9078278e+001 -7.2154930e+001
  7.7333333e-001 -7.6484703e+001 -7.1213013e+001 -7.5918762e+001 -6.9207458e+001 -7.2260361e+001
  7.8000000e-001 -7.6631729e+001 -7.1360329e+001 -7.6010406e+001 -6.9325729e+001 -7.2407631e+001
  7.8666667e-001 -7.6888954e+001 -7.1588371e+001 -7.6036041e+001 -6.8466209e+001 -7.2551079e+001
  7.9333333e-001 -7.7096634e+001 -7.1689072e+001 -7.6026848e+001 -6.8561638e+001 -7.2701691e+001
  8.0000000e-001 -7.7219574e+001 -7.1798409e+001 -7.6131523e+001 -6.8685394e+001 -7.2814850e+001
  8.0666667e-001 -7.7321091e+001 -7.2002403e+001 -7.6242661e+001 -6.8806358e+001 -7.2933655e+001
  8.1333333e-001 -7.7398415e+001 -7.2171799e+001 -7.6224899e+001 -7.0800758e+001 -7.2983650e+001
  8.2000000e-001 -7.7467789e+001 -7.2284584e+001 -7.6268341e+001 -7.0903816e+001 -7.3032623e+001
  8.2666667e-001 -7.7588478e+001 -7.2329460e+001 -7.6351807e+001 -7.1034729e+001 -7.3073730e+001
  8.3333333e-001 -7.7708458e+001 -7.2368690e+001 -7.6427917e+001 -7.1098213e+001 -7.3199448e+001
  8.4000000e-001 -7.7782921e+001 -7.2403915e+001 -7.6459305e+001 -7.0289177e+001 -7.3251640e+001
  8.4666667e-001 -7.7912071e+001 -7.2436897e+001 -7.6456528e+001 -7.0606056e+001 -7.3235558e+001
  8.5333333e-001 -7.7981087e+001 -7.2402031e+001 -7.6496651e+001 -7.0811256e+001 -7.3198959e+001
  8.6000000e-001 -7.8114723e+001 -7.2370895e+001 -7.6521065e+001 -7.0896744e+001 -7.3241318e+001
  8.6666667e-001 -7.8201996e+001 -7.2351921e+001 -7.6448059e+001 -7.0121582e+001 -7.3296257e+001
  8.7333333e-001 -7.8224731e+001 -7.2335915e+001 -7.6295219e+001 -7.1087883e+001 -7.3316994e+001
  8.8000000e-001 -7.8269226e+001 -7.2272713e+001 -7.6221558e+001 -7.1986580e+001 -7.3361305e+001
  8.8666667e-001 -7.8288315e+001 -7.2262367e+001 -7.6169388e+001 -7.1934731e+001 -7.3408470e+001
  8.9333333e-001 -7.8334747e+001 -7.2287827e+001 -7.6094650e+001 -7.1965019e+001 -7.3469589e+001
  9.0000000e-001 -7.8381866e+001 -7.2314613e+001 -7.6052597e+001 -7.1955994e+001 -7.3527176e+001
  9.0666667e-001 -7.8472191e+001 -7.2278130e+001 -7.5924995e+001 -7.2033211e+001 -7.3472488e+001
  9.1333333e-001 -7.8539085e+001 -7.2328407e+001 -7.5810104e+001 -7.2034637e+001 -7.3467690e+001
  9.2000000e-001 -7.8585388e+001 -7.2367752e+001 -7.5738541e+001 -7.2005608e+001 -7.3478271e+001
  9.2666667e-001 -7.8636078e+001 -7.2380951e+001 -7.5691696e+001 -7.2006775e+001 -7.3471077e+001
  9.3333333e-001 -7.8613792e+001 -7.2375389e+001 -7.5628258e+001 -7.2007561e+001 -7.3405815e+001
  9.4000000e-001 -7.8577469e+001 -7.2353226e+001 -7.5553719e+001 -7.2044388e+001 -7.3326714e+001
  9.4666667e-001 -7.8540131e+001 -7.2307304e+001 -7.5549500e+001 -7.2081573e+001 -7.3290245e+001
  9.5333333e-001 -7.8486473e+001 -7.2273766e+001 -7.5413017e+001 -7.2042603e+001 -7.3213486e+001
  9.6000000e-001 -7.8459778e+001 -7.2252846e+001 -7.5278740e+001 -7.2008240e+001 -7.3107040e+001
  9.6666667e-001 -7.8381989e+001 -7.2276070e+001 -7.5124481e+001 -7.2019707e+001 -7.2976532e+001
  9.7333333e-001 -7.8312614e+001 -7.2258644e+001 -7.4965210e+001 -7.2117088e+001 -7.2847282e+001
  9.8000000e-001 -7.8197296e+001 -7.2199089e+001 -7.5775711e+001 -7.2151520e+001 -7.2707367e+001
  9.8666667e-001 -7.8062325e+001 -7.2071976e+001 -7.5757545e+001 -7.2257652e+001 -7.2534668e+001
  9.9333333e-001 -7.7914398e+001 -7.2029305e+001 -7.5593262e+001 -7.2239410e+001 -7.2404778e+001
  1.0000000e+000 -7.7810455e+001 -7.1971413e+001 -7.4391670e+001 -7.1347626e+001 -7.2279900e+001
  1.0066667e+000 -7.7666534e+001 -7.1879074e+001 -7.3310303e+001 -7.1328979e+001 -7.2170212e+001
  1.0133333e+000 -7.7496941e+001 -7.1819321e+001 -7.3993561e+001 -7.1267952e+001 -7.2068039e+001
  1.0200000e+000 -7.7311081e+001 -7.1730904e+001 -7.3745377e+001 -7.1998283e+001 -7.1969147e+001
  1.0266667e+000 -7.7134323e+001 -7.1642784e+001 -7.2623367e+001 -7.1025467e+001 -7.1852303e+001
  1.0333333e+000 -7.6902061e+001 -7.1597435e+001 -7.3301247e+001 -7.0888084e+001 -7.1742645e+001
  1.0400000e+000 -7.6716095e+001 -7.1506607e+001 -7.3885849e+001 -7.0717522e+001 -7.1648628e+001
  1.0466667e+000 -7.6453644e+001 -7.1346367e+001 -7.2718582e+001 -7.0602501e+001 -7.1547096e+001
  1.0533333e+000 -7.6238052e+001 -7.1254692e+001 -7.2485840e+001 -7.0538078e+001 -7.1480309e+001
  1.0600000e+000 -7.6060814e+001 -7.1115059e+001 -7.2231300e+001 -7.0371544e+001 -7.2242943e+001
  1.0666667e+000 -7.5854836e+001 -7.0986565e+001 -7.1916855e+001 -7.0101395e+001 -7.1164352e+001
  1.0733333e+000 -7.5653145e+001 -7.0832458e+001 -7.1575653e+001 -6.9894798e+001 -7.0998245e+001
  1.0800000e+000 -7.5432594e+001 -7.0623093e+001 -7.1162209e+001 -6.9698418e+001 -6.9735710e+001
  1.0866667e+000 -7.5229408e+001 -7.0379707e+001 -7.0781487e+001 -6.9481537e+001 -7.0642990e+001
  1.0933333e+000 -7.4957710e+001 -7.0118614e+001 -7.0359756e+001 -6.9267662e+001 -7.0280563e+001
  1.1000000e+000 -7.4708481e+001 -6.9787224e+001 -6.9994896e+001 -6.9073097e+001 -6.9907524e+001
  1.1066667e+000 -7.4444008e+001 -6.9474594e+001 -6.9576691e+001 -6.8859421e+001 -7.0688469e+001
  1.1133333e+000 -7.4116089e+001 -6.9219482e+001 -6.9192322e+001 -6.8644302e+001 -6.9471283e+001
  1.1200000e+000 -7.3857529e+001 -6.8937187e+001 -6.8842407e+001 -6.8407013e+001 -6.9000252e+001
  1.1266667e+000 -7.3525757e+001 -6.8678886e+001 -6.8443336e+001 -6.8155708e+001 -6.8789383e+001
  1.1333333e+000 -7.3187378e+001 -6.8320946e+001 -6.8005348e+001 -6.7899910e+001 -6.8472214e+001
  1.1400000e+000 -7.2851608e+001 -6.7933739e+001 -6.7602867e+001 -6.7662918e+001 -6.8019928e+001
  1.1466667e+000 -7.2468781e+001 -6.7557198e+001 -6.7200386e+001 -6.7387810e+001 -6.7726402e+001
  1.1533333e+000 -7.2104950e+001 -6.7149933e+001 -6.6786148e+001 -6.7135155e+001 -6.7446877e+001
  1.1600000e+000 -7.1699120e+001 -6.6755836e+001 -6.6403198e+001 -6.6849861e+001 -6.7141182e+001
  1.1666667e+000 -7.1282776e+001 -6.6291901e+001 -6.6004013e+001 -6.6537094e+001 -6.6872765e+001
  1.1733333e+000 -7.0873665e+001 -6.5848442e+001 -6.5612366e+001 -6.6230530e+001 -6.6573936e+001
  1.1800000e+000 -7.0440804e+001 -6.5419479e+001 -6.5220146e+001 -6.5915367e+001 -6.6305466e+001
  1.1866667e+000 -6.9997803e+001 -6.4939415e+001 -6.4852463e+001 -6.5613159e+001 -6.6031097e+001
  1.1933333e+000 -6.9589119e+001 -6.4391640e+001 -6.4494919e+001 -6.5267982e+001 -6.5741478e+001
  1.2000000e+000 -6.9183075e+001 -6.3869045e+001 -6.4153046e+001 -6.4875839e+001 -6.5419395e+001
  1.2066667e+000 -6.8778313e+001 -6.3291298e+001 -6.3862537e+001 -6.4517166e+001 -6.5085899e+001
  1.2133333e+000 -6.8322411e+001 -6.2724648e+001 -6.3512051e+001 -6.4132797e+001 -6.4766129e+001
  1.2200000e+000 -6.7859207e+001 -6.2166080e+001 -6.3116501e+001 -6.3795586e+001 -6.4427048e+001
  1.2266667e+000 -6.7334221e+001 -6.1559261e+001 -6.2723991e+001 -6.3393864e+001 -6.4094543e+001
  1.2333333e+000 -6.6775894e+001 -6.0940239e+001 -6.2280659e+001 -6.2977711e+001 -6.3761196e+001
  1.2400000e+000 -6.6197289e+001 -6.0350693e+001 -6.1804653e+001 -6.2583084e+001 -6.3407570e+001
  1.2466667e+000 -6.5610443e+001 -5.9752724e+001 -6.1316185e+001 -6.2228371e+001 -6.3037865e+001
  1.2533333e+000 -6.5041786e+001 -5.9155422e+001 -6.0848782e+001 -6.1865047e+001 -6.2712440e+001
  1.2600000e+000 -6.4463783e+001 -5.8538651e+001 -6.0397274e+001 -6.1512501e+001 -6.2350941e+001
  1.2666667e+000 -6.3947433e+001 -5.7981831e+001 -5.9907112e+001 -6.1131969e+001 -6.2021450e+001
  1.2733333e+000 -6.3381184e+001 -5.7457954e+001 -5.9467499e+001 -6.0734089e+001 -6.1696415e+001
  1.2800000e+000 -6.2869343e+001 -5.6846096e+001 -5.9024391e+001 -6.0374310e+001 -6.1368111e+001
  1.2866667e+000 -6.2322758e+001 -5.6353168e+001 -5.8555698e+001 -6.0046146e+001 -6.0994534e+001
  1.2933333e+000 -6.1790474e+001 -5.5811203e+001 -5.8097351e+001 -5.9718864e+001 -6.0632648e+001
  1.3000000e+000 -6.1304932e+001 -5.5318096e+001 -5.7684029e+001 -5.9395969e+001 -6.0266777e+001
  1.3066667e+000 -6.0787838e+001 -5.4791389e+001 -5.7233891e+001 -5.9038074e+001 -5.9883507e+001
  1.3133333e+000 -6.0259495e+001 -5.4273148e+001 -5.6854824e+001 -5.8625896e+001 -5.9503086e+001
  1.3200000e+000 -5.9752182e+001 -5.3751316e+001 -5.6454739e+001 -5.8209831e+001 -5.9142971e+001
  1.3266667e+000 -5.9270947e+001 -5.3270584e+001 -5.6017670e+001 -5.7809021e+001 -5.8746151e+001
  1.3333333e+000 -5.8801685e+001 -5.2814827e+001 -5.5543903e+001 -5.7422932e+001 -5.8339645e+001
  1.3400000e+000 -5.8335999e+001 -5.2317230e+001 -5.5041183e+001 -5.7071209e+001 -5.7942757e+001
  1.3466667e+000 -5.7826839e+001 -5.1872276e+001 -5.4621696e+001 -5.6662544e+001 -5.7537796e+001
  1.3533333e+000 -5.7371754e+001 -5.1414246e+001 -5.4189209e+001 -5.6265228e+001 -5.7155636e+001
  1.3600000e+000 -5.6813801e+001 -5.1060608e+001 -5.3723953e+001 -5.5836922e+001 -5.6767689e+001
  1.3666667e+000 -5.6298351e+001 -5.0710785e+001 -5.3295601e+001 -5.5412418e+001 -5.6388756e+001
  1.3733333e+000 -5.5775440e+001 -5.0310883e+001 -5.2855213e+001 -5.5005592e+001 -5.5996548e+001
  1.3800000e+000 -5.5247471e+001 -4.9929249e+001 -5.2415058e+001 -5.4571770e+001 -5.5613312e+001
  1.3866667e+000 -5.4807961e+001 -4.9630291e+001 -5.2049503e+001 -5.4131451e+001 -5.5246555e+001
  1.3933333e+000 -5.4347481e+001 -4.9285500e+001 -5.1618847e+001 -5.3732872e+001 -5.4894192e+001
  1.4000000e+000 -5.3932293e+001 -4.8892460e+001 -5.1218327e+001 -5.3310368e+001 -5.4560143e+001
  1.4066667e+000 -5.3546116e+001 -4.8450203e+001 -5.0834053e+001 -5.2940929e+001 -5.4213146e+001
  1.4133333e+000 -5.3129784e+001 -4.7997818e+001 -5.0487137e+001 -5.2605259e+001 -5.3927662e+001
  1.4200000e+000 -5.2744507e+001 -4.7558018e+001 -5.0140011e+001 -5.2246876e+001 -5.3643768e+001
  1.4266667e+000 -5.2384937e+001 -4.7116436e+001 -4.9775982e+001 -5.1920918e+001 -5.3341915e+001
  1.4333333e+000 -5.2041302e+001 -4.6371437e+001 -4.9111378e+001 -5.1620926e+001 -5.3101330e+001
  1.4400000e+000 -5.1713585e+001 -4.6064960e+001 -4.8758564e+001 -5.1317310e+001 -5.2865639e+001
  1.4466667e+000 -5.1373032e+001 -4.5727711e+001 -4.8424503e+001 -5.1020077e+001 -5.2671806e+001
  1.4533333e+000 -5.1072872e+001 -4.5498272e+001 -4.8123528e+001 -5.0712555e+001 -5.2485382e+001
  1.4600000e+000 -5.0753349e+001 -4.5369549e+001 -4.7861904e+001 -5.0394245e+001 -5.2280315e+001
  1.4666667e+000 -5.0420979e+001 -4.5223282e+001 -4.7622837e+001 -5.0108700e+001 -5.2053608e+001
  1.4733333e+000 -5.0125492e+001 -4.5150684e+001 -4.7438053e+001 -4.9825432e+001 -5.1798237e+001
  1.4800000e+000 -4.9814064e+001 -4.5121254e+001 -4.7277958e+001 -4.9539612e+001 -5.1557659e+001
  1.4866667e+000 -4.9608158e+001 -4.5076538e+001 -4.7100788e+001 -4.9262909e+001 -5.1296436e+001
  1.4933333e+000 -4.9301086e+001 -4.5034855e+001 -4.6907486e+001 -4.9088207e+001 -5.1072834e+001
  1.5000000e+000 -4.9034027e+001 -4.4976303e+001 -4.6717602e+001 -4.8890205e+001 -5.0850811e+001
  1.5066667e+000 -4.8772018e+001 -4.4957314e+001 -4.6565823e+001 -4.8678402e+001 -5.0645115e+001
  1.5133333e+000 -4.8619457e+001 -4.4964237e+001 -4.6372253e+001 -4.8472900e+001 -5.0442177e+001
  1.5200000e+000 -4.8446690e+001 -4.4890919e+001 -4.6227211e+001 -4.8286827e+001 -5.0257217e+001
  1.5266667e+000 -4.8037552e+001 -4.4791920e+001 -4.6123604e+001 -4.8054054e+001 -5.0036148e+001
  1.5333333e+000 -4.7882996e+001 -4.4694561e+001 -4.6058060e+001 -4.7836025e+001 -4.9837383e+001
  1.5400000e+000 -4.7739391e+001 -4.4608200e+001 -4.5994061e+001 -4.7634457e+001 -4.9684387e+001
  1.5466667e+000 -4.7620747e+001 -4.4444370e+001 -4.5969784e+001 -4.7459488e+001 -4.9527451e+001
  1.5533333e+000 -4.7571129e+001 -4.4265068e+001 -4.5963242e+001 -4.7230515e+001 -4.9427273e+001
  1.5600000e+000 -4.7533039e+001 -4.4070751e+001 -4.5957779e+001 -4.7075588e+001 -4.9294033e+001
  1.5666667e+000 -4.7470978e+001 -4.3865269e+001 -4.5965412e+001 -4.6915901e+001 -4.9158600e+001
  1.5733333e+000 -4.7436001e+001 -4.3699459e+001 -4.5939224e+001 -4.6802551e+001 -4.9065510e+001
  1.5800000e+000 -4.7381878e+001 -4.3519958e+001 -4.5953674e+001 -4.6663643e+001 -4.8962276e+001
  1.5866667e+000 -4.7331863e+001 -4.3356670e+001 -4.5981827e+001 -4.6536579e+001 -4.8868305e+001
  1.5933333e+000 -4.7266048e+001 -4.3242092e+001 -4.5991215e+001 -4.6486015e+001 -4.8754082e+001
  1.6000000e+000 -4.7215763e+001 -4.3251133e+001 -4.5991959e+001 -4.6388519e+001 -4.8739624e+001
  1.6066667e+000 -4.7180470e+001 -4.3306953e+001 -4.5989384e+001 -4.6330513e+001 -4.8629356e+001
  1.6133333e+000 -4.7125328e+001 -4.3363613e+001 -4.5967899e+001 -4.6326591e+001 -4.8537376e+001
  1.6200000e+000 -4.7073841e+001 -4.3427132e+001 -4.5944519e+001 -4.6335377e+001 -4.8472553e+001
  1.6266667e+000 -4.6997330e+001 -4.3473415e+001 -4.5895287e+001 -4.6372108e+001 -4.8423721e+001
  1.6333333e+000 -4.6969414e+001 -4.3517845e+001 -4.5859180e+001 -4.6402115e+001 -4.8410011e+001
  1.6400000e+000 -4.6948753e+001 -4.3531490e+001 -4.5791130e+001 -4.6408211e+001 -4.8385769e+001
  1.6466667e+000 -4.6922482e+001 -4.3490574e+001 -4.5715855e+001 -4.6433022e+001 -4.8333023e+001
  1.6533333e+000 -4.6910740e+001 -4.3404625e+001 -4.5652615e+001 -4.6441097e+001 -4.8310596e+001
  1.6600000e+000 -4.6896893e+001 -4.3326118e+001 -4.5564690e+001 -4.6406242e+001 -4.8274895e+001
  1.6666667e+000 -4.6906704e+001 -4.3191895e+001 -4.5473934e+001 -4.6319019e+001 -4.8239521e+001
  1.6733333e+000 -4.6915180e+001 -4.3077633e+001 -4.5375748e+001 -4.6224751e+001 -4.8162781e+001
  1.6800000e+000 -4.6940845e+001 -4.2989342e+001 -4.5259769e+001 -4.6113659e+001 -4.8083382e+001
  1.6866667e+000 -4.6953735e+001 -4.2907715e+001 -4.5172577e+001 -4.6007717e+001 -4.7989380e+001
  1.6933333e+000 -4.6949100e+001 -4.2841518e+001 -4.5101768e+001 -4.5876869e+001 -4.7913471e+001
  1.7000000e+000 -4.6936256e+001 -4.2866749e+001 -4.5064159e+001 -4.5746223e+001 -4.7835850e+001
  1.7066667e+000 -4.6929733e+001 -4.2915859e+001 -4.5028534e+001 -4.5609264e+001 -4.7798668e+001
  1.7133333e+000 -4.6902351e+001 -4.2998089e+001 -4.5026684e+001 -4.5497040e+001 -4.7744282e+001
  1.7200000e+000 -4.6900375e+001 -4.3107471e+001 -4.5061455e+001 -4.5371986e+001 -4.7713120e+001
  1.7266667e+000 -4.6857655e+001 -4.3207706e+001 -4.5151745e+001 -4.5284683e+001 -4.7679096e+001
  1.7333333e+000 -4.6827969e+001 -4.3286987e+001 -4.5190613e+001 -4.5259060e+001 -4.7676994e+001
  1.7400000e+000 -4.6819313e+001 -4.3349487e+001 -4.5233784e+001 -4.5200466e+001 -4.7693493e+001
  1.7466667e+000 -4.6788109e+001 -4.3366714e+001 -4.5306087e+001 -4.5183784e+001 -4.7752308e+001
  1.7533333e+000 -4.6741894e+001 -4.3361950e+001 -4.5377258e+001 -4.5192848e+001 -4.7785492e+001
  1.7600000e+000 -4.6724258e+001 -4.3389179e+001 -4.5454044e+001 -4.5231667e+001 -4.7860096e+001
  1.7666667e+000 -4.6712795e+001 -4.3403873e+001 -4.5512051e+001 -4.5266258e+001 -4.7911781e+001
  1.7733333e+000 -4.6756634e+001 -4.3435211e+001 -4.5544857e+001 -4.5278194e+001 -4.7918831e+001
  1.7800000e+000 -4.6778069e+001 -4.3530823e+001 -4.5571350e+001 -4.5315853e+001 -4.7944336e+001
  1.7866667e+000 -4.6818924e+001 -4.3609001e+001 -4.5599022e+001 -4.5372063e+001 -4.7992710e+001
  1.7933333e+000 -4.6857998e+001 -4.3686028e+001 -4.5618755e+001 -4.5449619e+001 -4.8012428e+001
  1.8000000e+000 -4.6863819e+001 -4.3774292e+001 -4.5649292e+001 -4.5496647e+001 -4.8004654e+001
  1.8066667e+000 -4.6900169e+001 -4.3896904e+001 -4.5670067e+001 -4.5501858e+001 -4.7977242e+001
  1.8133333e+000 -4.6911064e+001 -4.4018108e+001 -4.5631325e+001 -4.5566628e+001 -4.7940323e+001
  1.8200000e+000 -4.6938038e+001 -4.4116337e+001 -4.5611942e+001 -4.5613602e+001 -4.7926094e+001
  1.8266667e+000 -4.6947464e+001 -4.4208931e+001 -4.5596668e+001 -4.5640614e+001 -4.7885098e+001
  1.8333333e+000 -4.6958664e+001 -4.4278549e+001 -4.5585590e+001 -4.5661385e+001 -4.7876560e+001
  1.8400000e+000 -4.6960011e+001 -4.4316139e+001 -4.5573288e+001 -4.5661903e+001 -4.7864403e+001
  1.8466667e+000 -4.6981651e+001 -4.4350307e+001 -4.5582249e+001 -4.5671276e+001 -4.7894291e+001
  1.8533333e+000 -4.7025387e+001 -4.4347073e+001 -4.5606110e+001 -4.5701267e+001 -4.7929714e+001
  1.8600000e+000 -4.7016563e+001 -4.4384354e+001 -4.5593224e+001 -4.5706509e+001 -4.7942307e+001
  1.8666667e+000 -4.6984016e+001 -4.4390205e+001 -4.5585854e+001 -4.5713997e+001 -4.8005436e+001
  1.8733333e+000 -4.6964642e+001 -4.4403812e+001 -4.5573742e+001 -4.5746151e+001 -4.8013878e+001
  1.8800000e+000 -4.6995632e+001 -4.4470966e+001 -4.5593346e+001 -4.5785648e+001 -4.8038475e+001
  1.8866667e+000 -4.7036087e+001 -4.4548367e+001 -4.5607040e+001 -4.5817455e+001 -4.8085083e+001
  1.8933333e+000 -4.7062042e+001 -4.4628139e+001 -4.5597107e+001 -4.5816048e+001 -4.8113506e+001
  1.9000000e+000 -4.7129223e+001 -4.4696133e+001 -4.5617790e+001 -4.5863659e+001 -4.8150684e+001
  1.9066667e+000 -4.7187737e+001 -4.4771530e+001 -4.5642788e+001 -4.5908306e+001 -4.8172752e+001
  1.9133333e+000 -4.7254837e+001 -4.4862080e+001 -4.5619751e+001 -4.5923172e+001 -4.8230076e+001
  1.9200000e+000 -4.7300293e+001 -4.4990513e+001 -4.5624699e+001 -4.5974159e+001 -4.8297901e+001
  1.9266667e+000 -4.7332809e+001 -4.5082535e+001 -4.5611340e+001 -4.5995190e+001 -4.8329010e+001
  1.9333333e+000 -4.7356548e+001 -4.5158119e+001 -4.5630207e+001 -4.6032627e+001 -4.8337364e+001
  1.9400000e+000 -4.7403210e+001 -4.5295906e+001 -4.5625504e+001 -4.6051739e+001 -4.8340973e+001
  1.9466667e+000 -4.7403824e+001 -4.5430035e+001 -4.5628696e+001 -4.6048332e+001 -4.8366947e+001
  1.9533333e+000 -4.7397934e+001 -4.5555756e+001 -4.5626598e+001 -4.6081253e+001 -4.8417507e+001
  1.9600000e+000 -4.7414505e+001 -4.5688107e+001 -4.5642406e+001 -4.6131874e+001 -4.8466236e+001
  1.9666667e+000 -4.7429543e+001 -4.5840267e+001 -4.5651787e+001 -4.6130039e+001 -4.8483852e+001
  1.9733333e+000 -4.7450718e+001 -4.6039429e+001 -4.5664265e+001 -4.6121498e+001 -4.8518276e+001
  1.9800000e+000 -4.7459106e+001 -4.6224003e+001 -4.5713306e+001 -4.6149879e+001 -4.8542068e+001
  1.9866667e+000 -4.7484226e+001 -4.6449219e+001 -4.5757782e+001 -4.6156498e+001 -4.8583118e+001
  1.9933333e+000 -4.7509418e+001 -4.6679523e+001 -4.5786591e+001 -4.6203838e+001 -4.8616329e+001
  2.0000000e+000 -4.7540974e+001 -4.6934372e+001 -4.5850037e+001 -4.6219975e+001 -4.8669907e+001
