 -5.0000000e-001 -5.0898350e+001 -4.8883106e+001 -4.9531208e+001 -4.8642963e+001 -4.9220703e+001
 -4.9333333e-001 -5.0930206e+001 -4.8909012e+001 -4.9566959e+001 -4.8672783e+001 -4.9211857e+001
 -4.8666667e-001 -5.0915154e+001 -4.8908882e+001 -4.9554054e+001 -4.8676514e+001 -4.9218937e+001
 -4.8000000e-001 -5.0927879e+001 -4.8886627e+001 -4.9539917e+001 -4.8676140e+001 -4.9235081e+001
 -4.7333333e-001 -5.0978241e+001 -4.8873829e+001 -4.9534576e+001 -4.8707619e+001 -4.9229332e+001
 -4.6666667e-001 -5.0982521e+001 -4.8896416e+001 -4.9538769e+001 -4.8685913e+001 -4.9223351e+001
 -4.6000000e-001 -5.0973721e+001 -4.8896770e+001 -4.9531597e+001 -4.8691933e+001 -4.9220810e+001
 -4.5333333e-001 -5.0995903e+001 -4.8873634e+001 -4.9533531e+001 -4.8704605e+001 -4.9204441e+001
 -4.4666667e-001 -5.1019825e+001 -4.8879169e+001 -4.9518330e+001 -4.8684654e+001 -4.9176579e+001
 -4.4000000e-001 -5.1011673e+001 -4.8845188e+001 -4.9503525e+001 -4.8690151e+001 -4.9197742e+001
 -4.3333333e-001 -5.0979027e+001 -4.8851658e+001 -4.9515587e+001 -4.8692158e+001 -4.9213551e+001
 -4.2666667e-001 -5.0957172e+001 -4.8868977e+001 -4.9512543e+001 -4.8706161e+001 -4.9232475e+001
 -4.2000000e-001 -5.0946987e+001 -4.8853733e+001 -4.9497906e+001 -4.8693619e+001 -4.9227394e+001
 -4.1333333e-001 -5.0994083e+001 -4.8845531e+001 -4.9513515e+001 -4.8695919e+001 -4.9208893e+001
 -4.0666667e-001 -5.1002563e+001 -4.8849731e+001 -4.9522018e+001 -4.8691448e+001 -4.9197281e+001
 -4.0000000e-001 -5.1014584e+001 -4.8851036e+001 -4.9503838e+001 -4.8703831e+001 -4.9201199e+001
 -3.9333333e-001 -5.1001347e+001 -4.8891300e+001 -4.9532776e+001 -4.8677132e+001 -4.9208599e+001
 -3.8666667e-001 -5.1006248e+001 -4.8902607e+001 -4.9532909e+001 -4.8671780e+001 -4.9211536e+001
 -3.8000000e-001 -5.0999146e+001 -4.8885479e+001 -4.9517765e+001 -4.8685078e+001 -4.9173664e+001
 -3.7333333e-001 -5.1009350e+001 -4.8872768e+001 -4.9497490e+001 -4.8696922e+001 -4.9141243e+001
 -3.6666667e-001 -5.1030075e+001 -4.8861588e+001 -4.9510685e+001 -4.8710445e+001 -4.9160946e+001
 -3.6000000e-001 -5.1013317e+001 -4.8894711e+001 -4.9505104e+001 -4.8721756e+001 -4.9162556e+001
 -3.5333333e-001 -5.0992493e+001 -4.8910995e+001 -4.9507580e+001 -4.8722408e+001 -4.9174942e+001
 -3.4666667e-001 -5.1015736e+001 -4.8935474e+001 -4.9523468e+001 -4.8728378e+001 -4.9172619e+001
 -3.4000000e-001 -5.1015579e+001 -4.8919510e+001 -4.9521885e+001 -4.8747845e+001 -4.9163788e+001
 -3.3333333e-001 -5.1030582e+001 -4.8921543e+001 -4.9510502e+001 -4.8731419e+001 -4.9140110e+001
 -3.2666667e-001 -5.1025406e+001 -4.8927868e+001 -4.9508350e+001 -4.8728039e+001 -4.9125637e+001
 -3.2000000e-001 -5.1013199e+001 -4.8911022e+001 -4.9511059e+001 -4.8740376e+001 -4.9118408e+001
 -3.1333333e-001 -5.1007076e+001 -4.8917542e+001 -4.9504036e+001 -4.8704861e+001 -4.9129063e+001
 -3.0666667e-001 -5.0994190e+001 -4.8908684e+001 -4.9490196e+001 -4.8677296e+001 -4.9125820e+001
 -3.0000000e-001 -5.0989376e+001 -4.8905972e+001 -4.9510792e+001 -4.8693558e+001 -4.9129589e+001
 -2.9333333e-001 -5.1003696e+001 -4.8896542e+001 -4.9487206e+001 -4.8683250e+001 -4.9115177e+001
 -2.8666667e-001 -5.0996658e+001 -4.8899982e+001 -4.9491917e+001 -4.8677250e+001 -4.9116837e+001
 -2.8000000e-001 -5.1007793e+001 -4.8913624e+001 -4.9503555e+001 -4.8686306e+001 -4.9117508e+001
 -2.7333333e-001 -5.0990139e+001 -4.8913456e+001 -4.9500607e+001 -4.8664970e+001 -4.9121819e+001
 -2.6666667e-001 -5.0975269e+001 -4.8900936e+001 -4.9512211e+001 -4.8661644e+001 -4.9134892e+001
 -2.6000000e-001 -5.0989117e+001 -4.8909061e+001 -4.9512390e+001 -4.8659996e+001 -4.9139763e+001
 -2.5333333e-001 -5.0974804e+001 -4.8897404e+001 -4.9492390e+001 -4.8637978e+001 -4.9145313e+001
 -2.4666667e-001 -5.0970058e+001 -4.8915009e+001 -4.9497204e+001 -4.8639942e+001 -4.9154640e+001
 -2.4000000e-001 -5.0981094e+001 -4.8930954e+001 -4.9529327e+001 -4.8630787e+001 -4.9155247e+001
 -2.3333333e-001 -5.0994823e+001 -4.8907940e+001 -4.9522274e+001 -4.8647240e+001 -4.9139912e+001
 -2.2666667e-001 -5.0988281e+001 -4.8905930e+001 -4.9485054e+001 -4.8661800e+001 -4.9138470e+001
 -2.2000000e-001 -5.1000740e+001 -4.8866055e+001 -4.9490093e+001 -4.8651386e+001 -4.9148018e+001
 -2.1333333e-001 -5.0980572e+001 -4.8864727e+001 -4.9493080e+001 -4.8652508e+001 -4.9141178e+001
 -2.0666667e-001 -5.0959923e+001 -4.8896095e+001 -4.9512703e+001 -4.8650269e+001 -4.9137310e+001
 -2.0000000e-001 -5.0954727e+001 -4.8923832e+001 -4.9520443e+001 -4.8664196e+001 -4.9156208e+001
 -1.9333333e-001 -5.0969749e+001 -4.8914761e+001 -4.9516972e+001 -4.8657433e+001 -4.9171181e+001
 -1.8666667e-001 -5.0973175e+001 -4.8947319e+001 -4.9533707e+001 -4.8666107e+001 -4.9165123e+001
 -1.8000000e-001 -5.0958946e+001 -4.8954990e+001 -4.9515343e+001 -4.8665459e+001 -4.9149017e+001
 -1.7333333e-001 -5.0999714e+001 -4.8972458e+001 -4.9517033e+001 -4.8624142e+001 -4.9163345e+001
 -1.6666667e-001 -5.1001026e+001 -4.8977364e+001 -4.9519711e+001 -4.8619102e+001 -4.9170559e+001
 -1.6000000e-001 -5.0981453e+001 -4.8975555e+001 -4.9513969e+001 -4.8626205e+001 -4.9165672e+001
 -1.5333333e-001 -5.1045364e+001 -4.9015171e+001 -4.9510227e+001 -4.8624252e+001 -4.9160080e+001
 -1.4666667e-001 -5.1102600e+001 -4.9022457e+001 -4.9479023e+001 -4.8628742e+001 -4.9131008e+001
 -1.4000000e-001 -5.1100231e+001 -4.9030914e+001 -4.9487469e+001 -4.8616856e+001 -4.9123974e+001
 -1.3333333e-001 -5.1053432e+001 -4.9061749e+001 -4.9493504e+001 -4.8603428e+001 -4.9107933e+001
 -1.2666667e-001 -5.1079967e+001 -4.9058273e+001 -4.9481892e+001 -4.8613216e+001 -4.9150078e+001
 -1.2000000e-001 -5.1097118e+001 -4.9053543e+001 -4.9469440e+001 -4.8626068e+001 -4.9138954e+001
 -1.1333333e-001 -5.1095638e+001 -4.9073261e+001 -4.9476055e+001 -4.8647060e+001 -4.9138599e+001
 -1.0666667e-001 -5.1092648e+001 -4.9050480e+001 -4.9467716e+001 -4.8647472e+001 -4.9134697e+001
 -1.0000000e-001 -5.1114250e+001 -4.9060009e+001 -4.9489456e+001 -4.8629322e+001 -4.9124035e+001
 -9.3333333e-002 -5.1121868e+001 -4.9032372e+001 -4.9473545e+001 -4.8639370e+001 -4.9101269e+001
 -8.6666667e-002 -5.1125923e+001 -4.9030540e+001 -4.9479691e+001 -4.8601788e+001 -4.9098404e+001
 -8.0000000e-002 -5.1155994e+001 -4.9033260e+001 -4.9485870e+001 -4.8605179e+001 -4.9121731e+001
 -7.3333333e-002 -5.1199955e+001 -4.9046661e+001 -4.9438133e+001 -4.8633247e+001 -4.9158333e+001
 -6.6666667e-002 -5.1206867e+001 -4.9049751e+001 -4.9443993e+001 -4.8626328e+001 -4.9118042e+001
 -6.0000000e-002 -5.1210987e+001 -4.9013180e+001 -4.9447147e+001 -4.8619751e+001 -4.9122177e+001
 -5.3333333e-002 -5.1158840e+001 -4.9067692e+001 -4.9456924e+001 -4.8621269e+001 -4.9129211e+001
 -4.6666667e-002 -5.1099468e+001 -4.9079788e+001 -4.9477245e+001 -4.8615540e+001 -4.9132450e+001
 -4.0000000e-002 -5.1087173e+001 -4.9071251e+001 -4.9483501e+001 -4.8596058e+001 -4.9124443e+001
 -3.3333333e-002 -5.1095036e+001 -4.9075436e+001 -4.9483196e+001 -4.8606449e+001 -4.9121704e+001
 -2.6666667e-002 -5.1068123e+001 -4.9075649e+001 -4.9497555e+001 -4.8619507e+001 -4.9142326e+001
 -2.0000000e-002 -5.1132900e+001 -4.9096970e+001 -4.9485153e+001 -4.8636135e+001 -4.9125549e+001
 -1.3333333e-002 -5.1128815e+001 -4.9091511e+001 -4.9501442e+001 -4.8634079e+001 -4.9124825e+001
 -6.6666667e-003 -5.1160187e+001 -4.9106525e+001 -4.9473625e+001 -4.8624763e+001 -4.9120884e+001
  0.0000000e+000 -5.1175407e+001 -4.9101681e+001 -4.9492134e+001 -4.8624012e+001 -4.9146072e+001
  6.6666667e-003 -5.1144260e+001 -4.9113529e+001 -4.9515877e+001 -4.8676632e+001 -4.9144772e+001
  1.3333333e-002 -5.1138103e+001 -4.9130001e+001 -4.9481804e+001 -4.8640533e+001 -4.9115280e+001
  2.0000000e-002 -5.1141846e+001 -4.9138153e+001 -4.9481735e+001 -4.8629860e+001 -4.9122433e+001
  2.6666667e-002 -5.1169704e+001 -4.9155521e+001 -4.9505329e+001 -4.8646152e+001 -4.9119034e+001
  3.3333333e-002 -5.1183884e+001 -4.9170979e+001 -4.9512722e+001 -4.8620384e+001 -4.9124580e+001
  4.0000000e-002 -5.1179855e+001 -4.9166691e+001 -4.9501587e+001 -4.8629017e+001 -4.9090668e+001
  4.6666667e-002 -5.1165833e+001 -4.9150387e+001 -4.9519897e+001 -4.8605198e+001 -4.9043842e+001
  5.3333333e-002 -5.1158009e+001 -4.9105648e+001 -4.9506336e+001 -4.8619141e+001 -4.9027939e+001
  6.0000000e-002 -5.1113564e+001 -4.9080669e+001 -4.9482319e+001 -4.8609924e+001 -4.9010471e+001
  6.6666667e-002 -5.1075584e+001 -4.9066685e+001 -4.9484596e+001 -4.8623226e+001 -4.8993950e+001
  7.3333333e-002 -5.1030720e+001 -4.9043629e+001 -4.9490673e+001 -4.8597363e+001 -4.8963810e+001
  8.0000000e-002 -5.1026707e+001 -4.9033764e+001 -4.9492008e+001 -4.8626953e+001 -4.8947289e+001
  8.6666667e-002 -5.0999901e+001 -4.9061653e+001 -4.9492901e+001 -4.8638290e+001 -4.8952698e+001
  9.3333333e-002 -5.0976334e+001 -4.9051235e+001 -4.9488319e+001 -4.8618568e+001 -4.8978737e+001
  1.0000000e-001 -5.0989883e+001 -4.9074478e+001 -4.9495159e+001 -4.8609913e+001 -4.8981907e+001
  1.0666667e-001 -5.0999271e+001 -4.9088432e+001 -4.9521687e+001 -4.8602081e+001 -4.8980679e+001
  1.1333333e-001 -5.1025352e+001 -4.9101795e+001 -4.9505672e+001 -4.8585144e+001 -4.8948341e+001
  1.2000000e-001 -5.1019375e+001 -4.9104988e+001 -4.9498898e+001 -4.8575703e+001 -4.8948700e+001
  1.2666667e-001 -5.1001431e+001 -4.9050476e+001 -4.9461384e+001 -4.8517006e+001 -4.8942780e+001
  1.3333333e-001 -5.1007259e+001 -4.9004017e+001 -4.9408401e+001 -4.8498001e+001 -4.8899563e+001
  1.4000000e-001 -5.0973007e+001 -4.8995399e+001 -4.9355480e+001 -4.8496799e+001 -4.8849449e+001
  1.4666667e-001 -5.0939396e+001 -4.8984840e+001 -4.9295620e+001 -4.8479053e+001 -4.8819153e+001
  1.5333333e-001 -5.0915051e+001 -4.8944443e+001 -4.9211918e+001 -4.8511097e+001 -4.8779289e+001
  1.6000000e-001 -5.0879379e+001 -4.8904388e+001 -4.9158531e+001 -4.8474953e+001 -4.8786316e+001
  1.6666667e-001 -5.0879311e+001 -4.8903923e+001 -4.9101738e+001 -4.8480797e+001 -4.8750549e+001
  1.7333333e-001 -5.0893784e+001 -4.8905296e+001 -4.9074379e+001 -4.8464005e+001 -4.8711819e+001
  1.8000000e-001 -5.0927258e+001 -4.8922138e+001 -4.9026321e+001 -4.8449265e+001 -4.8705448e+001
  1.8666667e-001 -5.0933178e+001 -4.8927116e+001 -4.8984524e+001 -4.8467850e+001 -4.8683395e+001
  1.9333333e-001 -5.0922333e+001 -4.8909851e+001 -4.8973053e+001 -4.8456120e+001 -4.8644093e+001
  2.0000000e-001 -5.0929180e+001 -4.8935822e+001 -4.8931393e+001 -4.8427689e+001 -4.8595825e+001
  2.0666667e-001 -5.0928875e+001 -4.8920380e+001 -4.8871250e+001 -4.8368690e+001 -4.8577240e+001
  2.1333333e-001 -5.0958252e+001 -4.8856510e+001 -4.8843204e+001 -4.8326042e+001 -4.8541584e+001
  2.2000000e-001 -5.1017834e+001 -4.8818413e+001 -4.8827454e+001 -4.8287891e+001 -4.8515678e+001
  2.2666667e-001 -5.1110031e+001 -4.8773499e+001 -4.8839340e+001 -4.8280521e+001 -4.8478893e+001
  2.3333333e-001 -5.1157543e+001 -4.8767635e+001 -4.8864815e+001 -4.8265858e+001 -4.8452129e+001
  2.4000000e-001 -5.1217548e+001 -4.8774185e+001 -4.8922031e+001 -4.8225750e+001 -4.8369667e+001
  2.4666667e-001 -5.1294163e+001 -4.8865650e+001 -4.8996426e+001 -4.8236664e+001 -4.8363247e+001
  2.5333333e-001 -5.1377167e+001 -4.8895016e+001 -4.9108002e+001 -4.8288902e+001 -4.8370811e+001
  2.6000000e-001 -5.1471802e+001 -4.8946861e+001 -4.9246262e+001 -4.8388905e+001 -4.8384109e+001
  2.6666667e-001 -5.1572449e+001 -4.8996212e+001 -4.9411816e+001 -4.8435108e+001 -4.8403248e+001
  2.7333333e-001 -5.1620163e+001 -4.9163807e+001 -4.9615955e+001 -4.8547535e+001 -4.8435390e+001
  2.8000000e-001 -5.1697762e+001 -4.9305325e+001 -4.9838173e+001 -4.8705544e+001 -4.8524590e+001
  2.8666667e-001 -5.1849720e+001 -4.9492798e+001 -5.0086067e+001 -4.8853226e+001 -4.8622459e+001
  2.9333333e-001 -5.1987865e+001 -4.9652161e+001 -5.0302990e+001 -4.9045349e+001 -4.8705933e+001
  3.0000000e-001 -5.2090481e+001 -4.9876053e+001 -5.0547581e+001 -4.9239185e+001 -4.8877693e+001
  3.0666667e-001 -5.2184288e+001 -5.0065163e+001 -5.0864414e+001 -4.9425949e+001 -4.9008331e+001
  3.1333333e-001 -5.2252434e+001 -5.0237949e+001 -5.1199261e+001 -4.9606693e+001 -4.9163532e+001
  3.2000000e-001 -5.2357109e+001 -5.0422581e+001 -5.1506184e+001 -4.9772434e+001 -4.9320320e+001
  3.2666667e-001 -5.2369247e+001 -5.0638233e+001 -5.1790791e+001 -4.9957298e+001 -4.9490444e+001
  3.3333333e-001 -5.2404320e+001 -5.0864979e+001 -5.2105225e+001 -5.0079845e+001 -4.9628265e+001
  3.4000000e-001 -5.2496609e+001 -5.1060890e+001 -5.2360180e+001 -5.0210369e+001 -4.9830891e+001
  3.4666667e-001 -5.2571499e+001 -5.1283188e+001 -5.2648384e+001 -5.0313850e+001 -5.0010639e+001
  3.5333333e-001 -5.2658680e+001 -5.1486542e+001 -5.2896957e+001 -5.0415985e+001 -5.0182117e+001
  3.6000000e-001 -5.2743893e+001 -5.1685085e+001 -5.3114361e+001 -5.0532326e+001 -5.0354366e+001
  3.6666667e-001 -5.2923424e+001 -5.1866837e+001 -5.3368061e+001 -5.0651302e+001 -5.0546711e+001
  3.7333333e-001 -5.3172024e+001 -5.2140797e+001 -5.3605171e+001 -5.0773521e+001 -5.0755314e+001
  3.8000000e-001 -5.3529732e+001 -5.2415707e+001 -5.3843006e+001 -5.0911957e+001 -5.0986481e+001
  3.8666667e-001 -5.3907913e+001 -5.2700485e+001 -5.4112633e+001 -5.1069618e+001 -5.1231571e+001
  3.9333333e-001 -5.4346394e+001 -5.3023094e+001 -5.4391838e+001 -5.1293919e+001 -5.1497982e+001
  4.0000000e-001 -5.4835644e+001 -5.3318554e+001 -5.4724064e+001 -5.1487690e+001 -5.1758045e+001
  4.0666667e-001 -5.5607235e+001 -5.3657658e+001 -5.5015995e+001 -5.1673832e+001 -5.2017967e+001
  4.1333333e-001 -5.6186638e+001 -5.3964035e+001 -5.5289459e+001 -5.1883026e+001 -5.2227551e+001
  4.2000000e-001 -5.6711082e+001 -5.4245918e+001 -5.5606079e+001 -5.2080502e+001 -5.2437950e+001
  4.2666667e-001 -5.7134861e+001 -5.4568481e+001 -5.5881992e+001 -5.2342838e+001 -5.2676590e+001
  4.3333333e-001 -5.7625126e+001 -5.4882526e+001 -5.6138683e+001 -5.2624332e+001 -5.2944092e+001
  4.4000000e-001 -5.8117821e+001 -5.5168919e+001 -5.6446056e+001 -5.2881248e+001 -5.3260296e+001
  4.4666667e-001 -5.8598774e+001 -5.5542168e+001 -5.6724430e+001 -5.3244892e+001 -5.3538231e+001
  4.5333333e-001 -5.9094318e+001 -5.5874557e+001 -5.6973469e+001 -5.3528831e+001 -5.3828648e+001
  4.6000000e-001 -5.9549244e+001 -5.6186440e+001 -5.7251785e+001 -5.3850914e+001 -5.4082226e+001
  4.6666667e-001 -6.0050110e+001 -5.6525940e+001 -5.7512714e+001 -5.4192303e+001 -5.4303108e+001
  4.7333333e-001 -6.0555679e+001 -5.6864994e+001 -5.7701553e+001 -5.4524944e+001 -5.4517654e+001
  4.8000000e-001 -6.1041489e+001 -5.7213818e+001 -5.7923992e+001 -5.4936687e+001 -5.4757229e+001
  4.8666667e-001 -6.1510067e+001 -5.7562130e+001 -5.8207588e+001 -5.5293396e+001 -5.4998257e+001
  4.9333333e-001 -6.2052216e+001 -5.7905811e+001 -5.8563690e+001 -5.5682289e+001 -5.5334213e+001
  5.0000000e-001 -6.2539917e+001 -5.8218449e+001 -5.9023941e+001 -5.6044250e+001 -5.5610271e+001
  5.0666667e-001 -6.3007225e+001 -5.8588516e+001 -5.9625748e+001 -5.6524914e+001 -5.5877640e+001
  5.1333333e-001 -6.3510509e+001 -5.9054604e+001 -6.0354282e+001 -5.6914268e+001 -5.6158096e+001
  5.2000000e-001 -6.4048561e+001 -5.9479370e+001 -6.1075745e+001 -5.7380493e+001 -5.6460400e+001
  5.2666667e-001 -6.4450783e+001 -5.9943722e+001 -6.1795864e+001 -5.7916035e+001 -5.6797588e+001
  5.3333333e-001 -6.4828934e+001 -6.0357201e+001 -6.2375843e+001 -5.8424286e+001 -5.7177887e+001
  5.4000000e-001 -6.5161194e+001 -6.0789333e+001 -6.2810837e+001 -5.8880829e+001 -5.7584812e+001
  5.4666667e-001 -6.5538811e+001 -6.1495651e+001 -6.3159115e+001 -5.9397095e+001 -5.8051487e+001
  5.5333333e-001 -6.5901329e+001 -6.1858353e+001 -6.3504108e+001 -5.9934185e+001 -5.8509285e+001
  5.6000000e-001 -6.6258255e+001 -6.2249218e+001 -6.3827908e+001 -6.0411999e+001 -5.8983143e+001
  5.6666667e-001 -6.6588814e+001 -6.2584957e+001 -6.4142441e+001 -6.0926147e+001 -5.9328690e+001
  5.7333333e-001 -6.6805809e+001 -6.2972527e+001 -6.4432442e+001 -6.1450447e+001 -5.9622452e+001
  5.8000000e-001 -6.7094543e+001 -6.3306660e+001 -6.4655464e+001 -6.1979473e+001 -5.9914112e+001
  5.8666667e-001 -6.7321686e+001 -6.3595463e+001 -6.4883415e+001 -6.2456287e+001 -6.0144497e+001
  5.9333333e-001 -6.7576874e+001 -6.3943726e+001 -6.5062904e+001 -6.2926979e+001 -6.0372051e+001
  6.0000000e-001 -6.7739929e+001 -6.4266716e+001 -6.5211136e+001 -6.3460430e+001 -6.0598595e+001
  6.0666667e-001 -6.7867554e+001 -6.4497063e+001 -6.5408463e+001 -6.3869823e+001 -6.0783707e+001
  6.1333333e-001 -6.7931480e+001 -6.4737648e+001 -6.5610802e+001 -6.4244453e+001 -6.1003124e+001
  6.2000000e-001 -6.8269463e+001 -6.4854515e+001 -6.5812088e+001 -6.4709778e+001 -6.1206242e+001
  6.2666667e-001 -6.8667358e+001 -6.5004799e+001 -6.6033333e+001 -6.5149574e+001 -6.1402542e+001
  6.3333333e-001 -6.9068657e+001 -6.5192963e+001 -6.6291161e+001 -6.5593391e+001 -6.1568344e+001
  6.4000000e-001 -6.9402786e+001 -6.5451035e+001 -6.6557549e+001 -6.6127777e+001 -6.1741665e+001
  6.4666667e-001 -6.9659683e+001 -6.5687279e+001 -6.6824142e+001 -6.6724480e+001 -6.1873981e+001
  6.5333333e-001 -6.9956024e+001 -6.5961975e+001 -6.7103455e+001 -6.7362740e+001 -6.2034683e+001
  6.6000000e-001 -7.0242104e+001 -6.6333870e+001 -6.7409027e+001 -6.9036942e+001 -6.2205246e+001
  6.6666667e-001 -7.0549118e+001 -6.6707848e+001 -6.7733185e+001 -6.9671616e+001 -6.2334221e+001
  6.7333333e-001 -7.0820602e+001 -6.7125214e+001 -6.7982597e+001 -7.0462463e+001 -6.2454021e+001
  6.8000000e-001 -7.1022385e+001 -6.7504433e+001 -6.8221603e+001 -7.0024078e+001 -6.2590435e+001
  6.8666667e-001 -7.1057709e+001 -6.7812492e+001 -6.8454155e+001 -7.0390938e+001 -6.2709881e+001
  6.9333333e-001 -7.1047127e+001 -6.8125793e+001 -6.8659279e+001 -7.1025177e+001 -6.2811028e+001
  7.0000000e-001 -7.1052078e+001 -6.8381180e+001 -6.8842720e+001 -7.1446999e+001 -6.2880615e+001
  7.0666667e-001 -7.1025192e+001 -6.8483582e+001 -6.8994293e+001 -7.1913002e+001 -6.3007313e+001
  7.1333333e-001 -7.1076340e+001 -6.8668335e+001 -6.9140877e+001 -7.2352776e+001 -6.3102520e+001
  7.2000000e-001 -7.1076538e+001 -6.8858261e+001 -6.9254219e+001 -7.2619102e+001 -6.3184612e+001
  7.2666667e-001 -7.1106125e+001 -6.8995461e+001 -6.9395905e+001 -7.2910484e+001 -6.3312050e+001
  7.3333333e-001 -7.1166786e+001 -6.9071083e+001 -6.9508003e+001 -7.3196541e+001 -6.3378773e+001
  7.4000000e-001 -7.1227257e+001 -6.9138115e+001 -6.9630913e+001 -7.3435989e+001 -6.3460033e+001
  7.4666667e-001 -7.1231750e+001 -6.9178726e+001 -6.9749847e+001 -7.3631157e+001 -6.3602982e+001
  7.5333333e-001 -7.1284721e+001 -6.9219170e+001 -6.9868294e+001 -7.3766121e+001 -6.3674366e+001
  7.6000000e-001 -7.1334015e+001 -6.9283180e+001 -6.9989967e+001 -7.3865112e+001 -6.3725037e+001
  7.6666667e-001 -7.1371613e+001 -6.9333313e+001 -7.0150810e+001 -7.3939720e+001 -6.3798489e+001
  7.7333333e-001 -7.1446777e+001 -6.9399689e+001 -7.0322578e+001 -7.3895035e+001 -6.3868607e+001
  7.8000000e-001 -7.1500961e+001 -6.9436424e+001 -7.0457100e+001 -7.3837006e+001 -6.3919125e+001
  7.8666667e-001 -7.1478973e+001 -6.9498695e+001 -7.0583366e+001 -7.3956200e+001 -6.3910789e+001
  7.9333333e-001 -7.1475266e+001 -6.9536705e+001 -7.0715210e+001 -7.4127014e+001 -6.3914501e+001
  8.0000000e-001 -7.1400948e+001 -6.9539749e+001 -7.0817055e+001 -7.4359901e+001 -6.3926720e+001
  8.0666667e-001 -7.1312790e+001 -6.9524681e+001 -7.0903862e+001 -7.4580620e+001 -6.3943707e+001
  8.1333333e-001 -7.1307922e+001 -6.9552193e+001 -7.0948097e+001 -7.4640022e+001 -6.3917191e+001
  8.2000000e-001 -7.1306305e+001 -6.9564011e+001 -7.1043556e+001 -7.4809242e+001 -6.3917061e+001
  8.2666667e-001 -7.1241570e+001 -6.9632050e+001 -7.1158676e+001 -7.4945511e+001 -6.3846642e+001
  8.3333333e-001 -7.1192459e+001 -6.9677574e+001 -7.1243599e+001 -7.5062828e+001 -6.3805538e+001
  8.4000000e-001 -7.1086685e+001 -6.9619865e+001 -7.1271324e+001 -7.5253189e+001 -6.3812656e+001
  8.4666667e-001 -7.1080383e+001 -6.9603401e+001 -7.1315407e+001 -7.5345047e+001 -6.3773636e+001
  8.5333333e-001 -7.0964569e+001 -6.9703186e+001 -7.1378418e+001 -7.5384140e+001 -6.3717060e+001
  8.6000000e-001 -7.0821854e+001 -6.9737808e+001 -7.1413933e+001 -7.5433655e+001 -6.3653786e+001
  8.6666667e-001 -7.0703758e+001 -6.9717941e+001 -7.1476151e+001 -7.5489174e+001 -6.3627060e+001
  8.7333333e-001 -7.0556015e+001 -6.9675980e+001 -7.1529930e+001 -7.5522415e+001 -6.3625652e+001
  8.8000000e-001 -7.0409706e+001 -6.9703217e+001 -7.1607605e+001 -7.5544746e+001 -6.3578545e+001
  8.8666667e-001 -7.0311020e+001 -6.9748360e+001 -7.1715164e+001 -7.5495094e+001 -6.3528019e+001
  8.9333333e-001 -7.0148018e+001 -6.9737984e+001 -7.1782608e+001 -7.5479866e+001 -6.3516369e+001
  9.0000000e-001 -7.0067085e+001 -6.9774704e+001 -7.1836220e+001 -7.5492607e+001 -6.3521435e+001
  9.0666667e-001 -6.9943893e+001 -6.9696045e+001 -7.1921936e+001 -7.5529671e+001 -6.3551044e+001
  9.1333333e-001 -6.9839272e+001 -6.9662949e+001 -7.2016624e+001 -7.5551971e+001 -6.3502522e+001
  9.2000000e-001 -6.9686348e+001 -6.9695953e+001 -7.2075363e+001 -7.5579895e+001 -6.3445969e+001
  9.2666667e-001 -6.9575584e+001 -6.9642494e+001 -7.2098373e+001 -7.5636276e+001 -6.3412926e+001
  9.3333333e-001 -6.9419006e+001 -6.9570953e+001 -7.2122620e+001 -7.5662682e+001 -6.3381405e+001
  9.4000000e-001 -6.9265335e+001 -6.9564293e+001 -7.2173569e+001 -7.5725151e+001 -6.3391212e+001
  9.4666667e-001 -6.9143135e+001 -6.9524277e+001 -7.2204994e+001 -7.5780357e+001 -6.3369320e+001
  9.5333333e-001 -6.9043777e+001 -6.9528130e+001 -7.2218544e+001 -7.5772942e+001 -6.3328499e+001
  9.6000000e-001 -6.8947815e+001 -6.9513626e+001 -7.2257339e+001 -7.5732697e+001 -6.3230545e+001
  9.6666667e-001 -6.8866035e+001 -6.9508095e+001 -7.2340363e+001 -7.5692657e+001 -6.3190720e+001
  9.7333333e-001 -6.8778275e+001 -6.9448395e+001 -7.2336197e+001 -7.5668907e+001 -6.3175533e+001
  9.8000000e-001 -6.8650620e+001 -6.9455360e+001 -7.2341965e+001 -7.5619431e+001 -6.3139526e+001
  9.8666667e-001 -6.8564758e+001 -6.9432060e+001 -7.2355972e+001 -7.5596870e+001 -6.3113140e+001
  9.9333333e-001 -6.8458969e+001 -6.9465210e+001 -7.2389946e+001 -7.5565575e+001 -6.3055481e+001
  1.0000000e+000 -6.8351685e+001 -6.9424919e+001 -7.2442360e+001 -7.5535698e+001 -6.2953224e+001
  1.0066667e+000 -6.8254555e+001 -6.9420731e+001 -7.2462227e+001 -7.5488480e+001 -6.2897861e+001
  1.0133333e+000 -6.8132965e+001 -6.9380470e+001 -7.2460854e+001 -7.5435471e+001 -6.2862167e+001
  1.0200000e+000 -6.8052505e+001 -6.9367912e+001 -7.2468498e+001 -7.5368347e+001 -6.2811958e+001
  1.0266667e+000 -6.7917740e+001 -6.9386116e+001 -7.2493607e+001 -7.5354958e+001 -6.2725666e+001
  1.0333333e+000 -6.7838173e+001 -6.9444954e+001 -7.2514885e+001 -7.5310356e+001 -6.2628483e+001
  1.0400000e+000 -6.7724251e+001 -6.9468079e+001 -7.2505539e+001 -7.5275101e+001 -6.2542603e+001
  1.0466667e+000 -6.7645622e+001 -6.9460594e+001 -7.2538277e+001 -7.5211304e+001 -6.2496437e+001
  1.0533333e+000 -6.7542038e+001 -6.9410004e+001 -7.2537903e+001 -7.5170631e+001 -6.2457451e+001
  1.0600000e+000 -6.7494858e+001 -6.9426453e+001 -7.2589172e+001 -7.5115051e+001 -6.2390869e+001
  1.0666667e+000 -6.7453575e+001 -6.9413208e+001 -7.2603607e+001 -7.5055595e+001 -6.2278553e+001
  1.0733333e+000 -6.7423935e+001 -6.9375641e+001 -7.2581993e+001 -7.4981140e+001 -6.2220551e+001
  1.0800000e+000 -6.7316681e+001 -6.9345520e+001 -7.2577194e+001 -7.4899544e+001 -6.2176914e+001
  1.0866667e+000 -6.7271896e+001 -6.9381012e+001 -7.2575760e+001 -7.4794098e+001 -6.2098400e+001
  1.0933333e+000 -6.7243408e+001 -6.9388962e+001 -7.2618172e+001 -7.4683998e+001 -6.2046551e+001
  1.1000000e+000 -6.7205681e+001 -6.9385841e+001 -7.2583099e+001 -7.4564690e+001 -6.1950062e+001
  1.1066667e+000 -6.7143517e+001 -6.9437958e+001 -7.2539619e+001 -7.4457703e+001 -6.1898159e+001
  1.1133333e+000 -6.7099564e+001 -6.9464386e+001 -7.3500549e+001 -7.4338051e+001 -6.1924053e+001
  1.1200000e+000 -6.7082520e+001 -6.9518547e+001 -7.3601082e+001 -7.4239418e+001 -6.1945923e+001
  1.1266667e+000 -6.7017609e+001 -6.9553192e+001 -7.2726875e+001 -7.4122231e+001 -6.1933746e+001
  1.1333333e+000 -6.7000656e+001 -6.9551865e+001 -7.2634743e+001 -7.4022614e+001 -6.1883236e+001
  1.1400000e+000 -6.6951233e+001 -6.9589554e+001 -7.2625977e+001 -7.3929535e+001 -6.1871780e+001
  1.1466667e+000 -6.6904411e+001 -6.9614639e+001 -7.2633247e+001 -7.3747650e+001 -6.1857403e+001
  1.1533333e+000 -6.6907455e+001 -6.9619057e+001 -7.2622498e+001 -7.3585846e+001 -6.1842342e+001
  1.1600000e+000 -6.6929062e+001 -6.9613495e+001 -7.2621140e+001 -7.3400078e+001 -6.1837727e+001
  1.1666667e+000 -6.6923264e+001 -6.9611450e+001 -7.2666634e+001 -7.3270714e+001 -6.1800480e+001
  1.1733333e+000 -6.6953751e+001 -6.9581841e+001 -7.2720940e+001 -7.3160858e+001 -6.1768829e+001
  1.1800000e+000 -6.6909866e+001 -6.9618584e+001 -7.3669899e+001 -7.2934479e+001 -6.1717236e+001
  1.1866667e+000 -6.6919159e+001 -6.9694366e+001 -7.3644684e+001 -7.2752495e+001 -6.1662292e+001
  1.1933333e+000 -6.6925659e+001 -6.9730721e+001 -7.2807533e+001 -7.2548111e+001 -6.1601578e+001
  1.2000000e+000 -6.6896461e+001 -6.9732407e+001 -7.2720184e+001 -7.2351799e+001 -6.1516258e+001
  1.2066667e+000 -6.6941826e+001 -6.9748863e+001 -7.2701706e+001 -7.3145767e+001 -6.1457920e+001
  1.2133333e+000 -6.6912071e+001 -6.9729431e+001 -7.2699905e+001 -7.2990753e+001 -6.1418968e+001
  1.2200000e+000 -6.6876518e+001 -6.9739227e+001 -7.2708557e+001 -7.2843971e+001 -6.1368576e+001
  1.2266667e+000 -6.6828781e+001 -6.9790466e+001 -7.2721054e+001 -7.2683220e+001 -6.1327415e+001
  1.2333333e+000 -6.6831108e+001 -6.9796440e+001 -7.2715988e+001 -7.2466248e+001 -6.1251827e+001
  1.2400000e+000 -6.6806190e+001 -6.9815109e+001 -7.3618195e+001 -7.2267593e+001 -6.1128513e+001
  1.2466667e+000 -6.6809189e+001 -6.9814705e+001 -7.3716324e+001 -7.2104385e+001 -6.1096043e+001
  1.2533333e+000 -6.6816612e+001 -6.9815689e+001 -7.3696243e+001 -7.1876488e+001 -6.1057861e+001
  1.2600000e+000 -6.6805573e+001 -6.9815834e+001 -7.2775818e+001 -7.0842560e+001 -6.1004642e+001
  1.2666667e+000 -6.6773643e+001 -6.9824715e+001 -7.2748314e+001 -7.0714676e+001 -6.0965443e+001
  1.2733333e+000 -6.6736786e+001 -6.9816475e+001 -7.2749084e+001 -7.0498291e+001 -6.0920788e+001
  1.2800000e+000 -6.6781914e+001 -6.9807556e+001 -7.2751251e+001 -7.1091225e+001 -6.0868832e+001
  1.2866667e+000 -6.6772064e+001 -6.9778343e+001 -7.2757973e+001 -7.0889565e+001 -6.0800041e+001
  1.2933333e+000 -6.6776154e+001 -6.9808754e+001 -7.2760231e+001 -7.0693817e+001 -6.0714626e+001
  1.3000000e+000 -6.6784218e+001 -6.9768555e+001 -7.3705894e+001 -7.0527115e+001 -6.0682079e+001
  1.3066667e+000 -6.6758949e+001 -6.9810593e+001 -7.2914154e+001 -7.0425613e+001 -6.0658958e+001
  1.3133333e+000 -6.6779480e+001 -6.9857704e+001 -7.1935341e+001 -7.0225090e+001 -6.0642776e+001
  1.3200000e+000 -6.6798279e+001 -6.9866913e+001 -7.2849159e+001 -6.9120575e+001 -6.0589333e+001
  1.3266667e+000 -6.6829002e+001 -6.9852638e+001 -7.2804802e+001 -6.8936317e+001 -6.0529678e+001
  1.3333333e+000 -6.6797440e+001 -6.9855446e+001 -7.2829330e+001 -6.8757896e+001 -6.0496845e+001
  1.3400000e+000 -6.6809387e+001 -6.9864151e+001 -7.2832603e+001 -6.8571716e+001 -6.0449783e+001
  1.3466667e+000 -6.6791374e+001 -6.9858849e+001 -7.2861145e+001 -6.8353340e+001 -6.0386692e+001
  1.3533333e+000 -6.6738670e+001 -6.9825005e+001 -7.2875992e+001 -6.8149788e+001 -6.0300423e+001
  1.3600000e+000 -6.6725113e+001 -6.9854897e+001 -7.3799942e+001 -6.7983879e+001 -6.0210365e+001
  1.3666667e+000 -6.6729012e+001 -6.9863403e+001 -7.3802185e+001 -6.7812042e+001 -6.0077633e+001
  1.3733333e+000 -6.6682068e+001 -6.9808983e+001 -7.3046219e+001 -6.7608765e+001 -5.9997845e+001
  1.3800000e+000 -6.6579247e+001 -6.9787178e+001 -7.2032280e+001 -6.7405914e+001 -5.9924221e+001
  1.3866667e+000 -6.6497681e+001 -6.9780663e+001 -7.2916901e+001 -6.7188812e+001 -5.9809551e+001
  1.3933333e+000 -6.6409424e+001 -6.9737671e+001 -7.2916870e+001 -6.6960564e+001 -5.9681873e+001
  1.4000000e+000 -6.6339310e+001 -6.9733231e+001 -7.2933540e+001 -6.6714752e+001 -5.9580368e+001
  1.4066667e+000 -6.6281540e+001 -6.9740501e+001 -7.2954010e+001 -6.6513725e+001 -5.9442257e+001
  1.4133333e+000 -6.6185371e+001 -6.9736420e+001 -7.2965118e+001 -6.6330261e+001 -5.9337215e+001
  1.4200000e+000 -6.6122009e+001 -6.9680138e+001 -7.2973190e+001 -6.6130920e+001 -5.9229305e+001
  1.4266667e+000 -6.6052025e+001 -6.9671051e+001 -7.2960739e+001 -6.5922592e+001 -5.9091751e+001
  1.4333333e+000 -6.5968964e+001 -6.9638847e+001 -7.3846504e+001 -6.5713547e+001 -5.8974632e+001
  1.4400000e+000 -6.5899231e+001 -6.9613060e+001 -7.3953720e+001 -6.5521149e+001 -5.8894791e+001
  1.4466667e+000 -6.5893120e+001 -6.9564774e+001 -7.3916977e+001 -6.5340118e+001 -5.8795158e+001
  1.4533333e+000 -6.5850479e+001 -6.9511673e+001 -7.2253204e+001 -6.5125206e+001 -5.8676010e+001
  1.4600000e+000 -6.5820885e+001 -6.9456276e+001 -7.2147224e+001 -6.4941162e+001 -5.8607838e+001
  1.4666667e+000 -6.5742928e+001 -6.9421318e+001 -7.3015564e+001 -6.4699272e+001 -5.8556313e+001
  1.4733333e+000 -6.5676170e+001 -6.9439545e+001 -7.2996132e+001 -6.4471680e+001 -5.8474297e+001
  1.4800000e+000 -6.5580231e+001 -6.9420502e+001 -7.2991264e+001 -6.4285423e+001 -5.8410004e+001
  1.4866667e+000 -6.5522339e+001 -6.9419083e+001 -7.2975143e+001 -6.4059967e+001 -5.8324371e+001
  1.4933333e+000 -6.5485222e+001 -6.9398415e+001 -7.2946411e+001 -6.3834183e+001 -5.8232471e+001
  1.5000000e+000 -6.5454948e+001 -6.9396454e+001 -7.2948822e+001 -6.3617058e+001 -5.8132698e+001
  1.5066667e+000 -6.5366165e+001 -6.9413025e+001 -7.2954620e+001 -6.3391445e+001 -5.8071041e+001
  1.5133333e+000 -6.5259689e+001 -6.9381981e+001 -7.3812218e+001 -6.3161903e+001 -5.7997082e+001
  1.5200000e+000 -6.5269699e+001 -6.9380302e+001 -7.3776863e+001 -6.2972317e+001 -5.7908455e+001
  1.5266667e+000 -6.5228867e+001 -6.9363678e+001 -7.3750244e+001 -6.2768375e+001 -5.7823528e+001
  1.5333333e+000 -6.5169189e+001 -6.9367142e+001 -7.2973259e+001 -6.2570557e+001 -5.7731041e+001
  1.5400000e+000 -6.5151085e+001 -6.9356659e+001 -7.2989029e+001 -6.2383007e+001 -5.7629311e+001
  1.5466667e+000 -6.5152222e+001 -6.9321579e+001 -7.2911469e+001 -6.2144627e+001 -5.7474190e+001
  1.5533333e+000 -6.5145157e+001 -6.9302498e+001 -7.2921875e+001 -6.1901657e+001 -5.7338276e+001
  1.5600000e+000 -6.5123573e+001 -6.9272446e+001 -7.2929832e+001 -6.1720936e+001 -5.7222679e+001
  1.5666667e+000 -6.5134735e+001 -6.9260284e+001 -7.2880058e+001 -6.1506454e+001 -5.7104736e+001
  1.5733333e+000 -6.5090508e+001 -6.9263962e+001 -7.2869904e+001 -6.1316441e+001 -5.6968121e+001
  1.5800000e+000 -6.5029999e+001 -6.9222183e+001 -7.2879356e+001 -6.1136772e+001 -5.6841522e+001
  1.5866667e+000 -6.5073219e+001 -6.9201920e+001 -7.2891891e+001 -6.0945896e+001 -5.6721844e+001
  1.5933333e+000 -6.5066544e+001 -6.9175156e+001 -7.3725639e+001 -6.0741001e+001 -5.6562595e+001
  1.6000000e+000 -6.5060646e+001 -6.9186096e+001 -7.3728897e+001 -6.0553181e+001 -5.6422665e+001
  1.6066667e+000 -6.5031075e+001 -6.9181351e+001 -7.3769577e+001 -6.0365597e+001 -5.6294819e+001
  1.6133333e+000 -6.5044601e+001 -6.9216103e+001 -7.3847137e+001 -6.0193428e+001 -5.6165249e+001
  1.6200000e+000 -6.4998024e+001 -6.9209839e+001 -7.2200455e+001 -6.0059631e+001 -5.6030430e+001
  1.6266667e+000 -6.5020844e+001 -6.9244637e+001 -7.2169907e+001 -5.9880474e+001 -5.5889404e+001
  1.6333333e+000 -6.4998375e+001 -6.9291367e+001 -7.2917465e+001 -5.9712437e+001 -5.5787857e+001
  1.6400000e+000 -6.5053604e+001 -6.9272148e+001 -7.2955841e+001 -5.9555534e+001 -5.5676910e+001
  1.6466667e+000 -6.5061722e+001 -6.9269226e+001 -7.2969559e+001 -5.9394096e+001 -5.5556454e+001
  1.6533333e+000 -6.5048035e+001 -6.9251884e+001 -7.2948891e+001 -5.9227215e+001 -5.5467667e+001
  1.6600000e+000 -6.5039505e+001 -6.9255241e+001 -7.2944099e+001 -5.9052876e+001 -5.5375259e+001
  1.6666667e+000 -6.5005554e+001 -6.9271538e+001 -7.2911171e+001 -5.8894077e+001 -5.5309414e+001
  1.6733333e+000 -6.5023026e+001 -6.9283592e+001 -7.3714020e+001 -5.8767384e+001 -5.5197933e+001
  1.6800000e+000 -6.5024643e+001 -6.9263985e+001 -7.3740906e+001 -5.8618904e+001 -5.5083302e+001
  1.6866667e+000 -6.5053520e+001 -6.9268196e+001 -7.3836601e+001 -5.8484608e+001 -5.4984257e+001
  1.6933333e+000 -6.5047546e+001 -6.9341911e+001 -7.2148598e+001 -5.8345047e+001 -5.4857124e+001
  1.7000000e+000 -6.5056320e+001 -6.9325516e+001 -7.2128601e+001 -5.8180775e+001 -5.4783756e+001
  1.7066667e+000 -6.5033363e+001 -6.9337395e+001 -7.2824913e+001 -5.8032806e+001 -5.4700436e+001
  1.7133333e+000 -6.5011787e+001 -6.9395607e+001 -7.2858681e+001 -5.7899158e+001 -5.4604237e+001
  1.7200000e+000 -6.5049606e+001 -6.9423851e+001 -7.2861252e+001 -5.7800068e+001 -5.4492764e+001
  1.7266667e+000 -6.5013603e+001 -6.9466469e+001 -7.2885689e+001 -5.7679379e+001 -5.4370068e+001
  1.7333333e+000 -6.4983009e+001 -6.9461929e+001 -7.2873367e+001 -5.7538170e+001 -5.4260910e+001
  1.7400000e+000 -6.5001999e+001 -6.9468803e+001 -7.3662155e+001 -5.7378738e+001 -5.4159801e+001
  1.7466667e+000 -6.5022186e+001 -6.9468231e+001 -7.3667824e+001 -5.7232269e+001 -5.4038975e+001
  1.7533333e+000 -6.5021095e+001 -6.9502960e+001 -7.3772072e+001 -5.7097996e+001 -5.3933823e+001
  1.7600000e+000 -6.5013412e+001 -6.9558617e+001 -7.2151299e+001 -5.7014709e+001 -5.3834637e+001
  1.7666667e+000 -6.4977737e+001 -6.9611328e+001 -7.2132843e+001 -5.6929623e+001 -5.3748505e+001
  1.7733333e+000 -6.4968338e+001 -6.9682938e+001 -7.2896950e+001 -5.6781784e+001 -5.3647499e+001
  1.7800000e+000 -6.4982033e+001 -6.9658806e+001 -7.2859528e+001 -5.6646053e+001 -5.3548634e+001
  1.7866667e+000 -6.5019318e+001 -6.9703484e+001 -7.2891525e+001 -5.6530327e+001 -5.3439850e+001
  1.7933333e+000 -6.5058212e+001 -6.9729645e+001 -7.2915504e+001 -5.6427887e+001 -5.3361595e+001
  1.8000000e+000 -6.5071106e+001 -6.9764038e+001 -7.2890121e+001 -5.6319180e+001 -5.3261326e+001
  1.8066667e+000 -6.5073647e+001 -6.9769615e+001 -7.3665375e+001 -5.6181244e+001 -5.3157871e+001
  1.8133333e+000 -6.5056900e+001 -6.9787346e+001 -7.3716385e+001 -5.6064091e+001 -5.3049603e+001
  1.8200000e+000 -6.5095833e+001 -6.9792068e+001 -7.3067421e+001 -5.5948036e+001 -5.2944416e+001
  1.8266667e+000 -6.5133072e+001 -6.9822037e+001 -7.3054832e+001 -5.5831520e+001 -5.2809620e+001
  1.8333333e+000 -6.5196472e+001 -6.9944458e+001 -7.2254745e+001 -5.5671398e+001 -5.2680351e+001
  1.8400000e+000 -6.5221046e+001 -6.9964226e+001 -7.3026520e+001 -5.5516983e+001 -5.2623379e+001
  1.8466667e+000 -6.5253456e+001 -6.9883659e+001 -7.2929779e+001 -5.5402683e+001 -5.2551449e+001
  1.8533333e+000 -6.5277557e+001 -6.9890358e+001 -7.2913582e+001 -5.5255878e+001 -5.2454941e+001
  1.8600000e+000 -6.5265533e+001 -6.9960770e+001 -7.2895226e+001 -5.5110973e+001 -5.2392738e+001
  1.8666667e+000 -6.5258926e+001 -6.9891434e+001 -7.2892883e+001 -5.4993965e+001 -5.2308010e+001
  1.8733333e+000 -6.5285667e+001 -6.9892197e+001 -7.3656425e+001 -5.4877720e+001 -5.2254017e+001
  1.8800000e+000 -6.5290527e+001 -7.0735329e+001 -7.3627617e+001 -5.4745758e+001 -5.2158413e+001
  1.8866667e+000 -6.5277481e+001 -7.0756668e+001 -7.3737396e+001 -5.4594448e+001 -5.2066685e+001
  1.8933333e+000 -6.5328087e+001 -6.9992668e+001 -7.2968773e+001 -5.4438839e+001 -5.2027775e+001
  1.9000000e+000 -6.5309235e+001 -7.0066589e+001 -7.2189476e+001 -5.4280304e+001 -5.2018723e+001
  1.9066667e+000 -6.5271957e+001 -7.0060883e+001 -7.2194832e+001 -5.4129902e+001 -5.1990807e+001
  1.9133333e+000 -6.5221344e+001 -6.9955719e+001 -7.2923447e+001 -5.4003052e+001 -5.1935490e+001
  1.9200000e+000 -6.5263626e+001 -6.9974670e+001 -7.2841385e+001 -5.3858250e+001 -5.1865223e+001
  1.9266667e+000 -6.5283287e+001 -6.9936005e+001 -7.2834915e+001 -5.3728970e+001 -5.1820061e+001
  1.9333333e+000 -6.5349213e+001 -6.9967476e+001 -7.2782967e+001 -5.3597435e+001 -5.1746845e+001
  1.9400000e+000 -6.5373764e+001 -6.9971405e+001 -7.2779762e+001 -5.3428570e+001 -5.1708351e+001
  1.9466667e+000 -6.5383179e+001 -7.0020050e+001 -7.3598778e+001 -5.3315697e+001 -5.1674694e+001
  1.9533333e+000 -6.5456879e+001 -7.0856537e+001 -7.3568375e+001 -5.3212151e+001 -5.1608906e+001
  1.9600000e+000 -6.5499962e+001 -7.0859818e+001 -7.3586113e+001 -5.3115238e+001 -5.1593616e+001
  1.9666667e+000 -6.5533661e+001 -7.0934395e+001 -7.2785324e+001 -5.3009438e+001 -5.1557098e+001
  1.9733333e+000 -6.5549538e+001 -7.0127602e+001 -7.1998116e+001 -5.2909851e+001 -5.1521095e+001
  1.9800000e+000 -6.5587456e+001 -7.0121078e+001 -7.1988029e+001 -5.2820629e+001 -5.1514317e+001
  1.9866667e+000 -6.5635880e+001 -7.0047752e+001 -7.2692307e+001 -5.2716877e+001 -5.1496803e+001
  1.9933333e+000 -6.5692368e+001 -7.0067398e+001 -7.2669685e+001 -5.2579384e+001 -5.1464645e+001
  2.0000000e+000 -6.5694519e+001 -7.0064903e+001 -7.2669357e+001 -5.2427025e+001 -5.1417656e+001
