 -5.0000000e-001 -1.2271083e+002 -1.1928836e+002 -1.2041676e+002 -1.1944820e+002 -1.1970471e+002
 -4.9333333e-001 -1.2273163e+002 -1.1929022e+002 -1.2041661e+002 -1.1942712e+002 -1.1971217e+002
 -4.8666667e-001 -1.2274185e+002 -1.1929875e+002 -1.2041078e+002 -1.1941213e+002 -1.1976047e+002
 -4.8000000e-001 -1.2274031e+002 -1.1930899e+002 -1.2042510e+002 -1.1941315e+002 -1.1969736e+002
 -4.7333333e-001 -1.2276114e+002 -1.1928864e+002 -1.2043289e+002 -1.1941495e+002 -1.1975978e+002
 -4.6666667e-001 -1.2277876e+002 -1.1929115e+002 -1.2041950e+002 -1.1937386e+002 -1.1977170e+002
 -4.6000000e-001 -1.2279370e+002 -1.1928862e+002 -1.2041206e+002 -1.2004446e+002 -1.1977229e+002
 -4.5333333e-001 -1.2278644e+002 -1.1928973e+002 -1.2041361e+002 -1.2003232e+002 -1.1973292e+002
 -4.4666667e-001 -1.2281108e+002 -1.1927345e+002 -1.2042847e+002 -1.2001967e+002 -1.1980658e+002
 -4.4000000e-001 -1.2283368e+002 -1.1928151e+002 -1.2041870e+002 -1.2002461e+002 -1.1982198e+002
 -4.3333333e-001 -1.2281990e+002 -1.1929485e+002 -1.2041977e+002 -1.2005019e+002 -1.1982236e+002
 -4.2666667e-001 -1.2281911e+002 -1.1926949e+002 -1.2039502e+002 -1.1997559e+002 -1.1978819e+002
 -4.2000000e-001 -1.2281178e+002 -1.1926958e+002 -1.2039748e+002 -1.1995256e+002 -1.1974342e+002
 -4.1333333e-001 -1.2279401e+002 -1.1926408e+002 -1.2040726e+002 -1.1997862e+002 -1.1981113e+002
 -4.0666667e-001 -1.2277086e+002 -1.1925916e+002 -1.2039937e+002 -1.1997768e+002 -1.1990527e+002
 -4.0000000e-001 -1.2277969e+002 -1.1926392e+002 -1.2040241e+002 -1.1994638e+002 -1.1982838e+002
 -3.9333333e-001 -1.2274390e+002 -1.1929025e+002 -1.2042688e+002 -1.1995281e+002 -1.1984033e+002
 -3.8666667e-001 -1.2274393e+002 -1.1930411e+002 -1.2040933e+002 -1.1989387e+002 -1.1986882e+002
 -3.8000000e-001 -1.2273453e+002 -1.1928520e+002 -1.2039983e+002 -1.1989661e+002 -1.1986552e+002
 -3.7333333e-001 -1.2270874e+002 -1.1928365e+002 -1.2039237e+002 -1.1996712e+002 -1.1978926e+002
 -3.6666667e-001 -1.2270795e+002 -1.1929088e+002 -1.2038969e+002 -1.1995287e+002 -1.1983722e+002
 -3.6000000e-001 -1.2266759e+002 -1.1930626e+002 -1.2040631e+002 -1.1991638e+002 -1.1990128e+002
 -3.5333333e-001 -1.2265825e+002 -1.1929039e+002 -1.2040300e+002 -1.1990707e+002 -1.1986865e+002
 -3.4666667e-001 -1.2263585e+002 -1.1927113e+002 -1.2039917e+002 -1.1990530e+002 -1.1983339e+002
 -3.4000000e-001 -1.2264122e+002 -1.1928027e+002 -1.2039806e+002 -1.1990846e+002 -1.1986328e+002
 -3.3333333e-001 -1.2262297e+002 -1.1930142e+002 -1.2039723e+002 -1.1996838e+002 -1.1993829e+002
 -3.2666667e-001 -1.2257192e+002 -1.1929184e+002 -1.2041054e+002 -1.1988013e+002 -1.1993784e+002
 -3.2000000e-001 -1.2255751e+002 -1.1929607e+002 -1.2039671e+002 -1.1989287e+002 -1.1986191e+002
 -3.1333333e-001 -1.2255197e+002 -1.1931058e+002 -1.2039052e+002 -1.1991156e+002 -1.1980605e+002
 -3.0666667e-001 -1.2253642e+002 -1.1930902e+002 -1.2038977e+002 -1.1995259e+002 -1.1983730e+002
 -3.0000000e-001 -1.2251782e+002 -1.1929057e+002 -1.2039537e+002 -1.1991686e+002 -1.1991423e+002
 -2.9333333e-001 -1.2248050e+002 -1.1930153e+002 -1.2038303e+002 -1.1995784e+002 -1.1987804e+002
 -2.8666667e-001 -1.2248158e+002 -1.1928725e+002 -1.2040625e+002 -1.1991371e+002 -1.1979106e+002
 -2.8000000e-001 -1.2247220e+002 -1.1928352e+002 -1.2041336e+002 -1.1990038e+002 -1.1986459e+002
 -2.7333333e-001 -1.2244553e+002 -1.1927336e+002 -1.2039980e+002 -1.1995166e+002 -1.2000507e+002
 -2.6666667e-001 -1.2240698e+002 -1.1928189e+002 -1.2040379e+002 -1.1994650e+002 -1.1998169e+002
 -2.6000000e-001 -1.2238242e+002 -1.1928445e+002 -1.2040605e+002 -1.1995453e+002 -1.1998720e+002
 -2.5333333e-001 -1.2236894e+002 -1.1931604e+002 -1.2042131e+002 -1.1996411e+002 -1.2002110e+002
 -2.4666667e-001 -1.2236556e+002 -1.1930360e+002 -1.2043172e+002 -1.1995442e+002 -1.2002245e+002
 -2.4000000e-001 -1.2233316e+002 -1.1930922e+002 -1.2042603e+002 -1.1989598e+002 -1.2002240e+002
 -2.3333333e-001 -1.2228993e+002 -1.1929161e+002 -1.2042972e+002 -1.1990505e+002 -1.2000934e+002
 -2.2666667e-001 -1.2227400e+002 -1.1929787e+002 -1.2042398e+002 -1.1992459e+002 -1.2001379e+002
 -2.2000000e-001 -1.2226070e+002 -1.1929451e+002 -1.2042674e+002 -1.1997540e+002 -1.2003720e+002
 -2.1333333e-001 -1.2222409e+002 -1.1930364e+002 -1.2042926e+002 -1.1999155e+002 -1.2002548e+002
 -2.0666667e-001 -1.2220442e+002 -1.1930753e+002 -1.2045004e+002 -1.1995207e+002 -1.2002573e+002
 -2.0000000e-001 -1.2218057e+002 -1.1931601e+002 -1.2044437e+002 -1.1994797e+002 -1.2003319e+002
 -1.9333333e-001 -1.2217917e+002 -1.1933684e+002 -1.2046787e+002 -1.1997989e+002 -1.2000526e+002
 -1.8666667e-001 -1.2218369e+002 -1.1933684e+002 -1.2045056e+002 -1.1997012e+002 -1.2003299e+002
 -1.8000000e-001 -1.2219322e+002 -1.1936674e+002 -1.2047281e+002 -1.1999677e+002 -1.2000952e+002
 -1.7333333e-001 -1.2223068e+002 -1.1940707e+002 -1.2048032e+002 -1.1998302e+002 -1.2000371e+002
 -1.6666667e-001 -1.2223647e+002 -1.1943596e+002 -1.2050278e+002 -1.1998380e+002 -1.2001439e+002
 -1.6000000e-001 -1.2227538e+002 -1.1943019e+002 -1.2050130e+002 -1.1993849e+002 -1.2002739e+002
 -1.5333333e-001 -1.2227100e+002 -1.1944382e+002 -1.2049199e+002 -1.1990697e+002 -1.2003102e+002
 -1.4666667e-001 -1.2228374e+002 -1.1946223e+002 -1.2051128e+002 -1.1993639e+002 -1.2001666e+002
 -1.4000000e-001 -1.2228464e+002 -1.1948418e+002 -1.2052559e+002 -1.1995412e+002 -1.2002739e+002
 -1.3333333e-001 -1.2233185e+002 -1.1947989e+002 -1.2052048e+002 -1.1996176e+002 -1.2001706e+002
 -1.2666667e-001 -1.2235130e+002 -1.1947391e+002 -1.2053769e+002 -1.1997485e+002 -1.2002565e+002
 -1.2000000e-001 -1.2236575e+002 -1.1947249e+002 -1.2054826e+002 -1.1997377e+002 -1.2001947e+002
 -1.1333333e-001 -1.2239031e+002 -1.1949663e+002 -1.2055138e+002 -1.1997237e+002 -1.2001833e+002
 -1.0666667e-001 -1.2242386e+002 -1.1948436e+002 -1.2053203e+002 -1.2000636e+002 -1.1999141e+002
 -1.0000000e-001 -1.2248731e+002 -1.1947920e+002 -1.2052176e+002 -1.2000060e+002 -1.1998795e+002
 -9.3333333e-002 -1.2257150e+002 -1.1948229e+002 -1.2053113e+002 -1.1997977e+002 -1.1997669e+002
 -8.6666667e-002 -1.2265672e+002 -1.1948694e+002 -1.2050903e+002 -1.1998885e+002 -1.1999762e+002
 -8.0000000e-002 -1.2269081e+002 -1.1949963e+002 -1.2051392e+002 -1.1997723e+002 -1.1999725e+002
 -7.3333333e-002 -1.2271045e+002 -1.1950978e+002 -1.2051854e+002 -1.1997546e+002 -1.2000600e+002
 -6.6666667e-002 -1.2275475e+002 -1.1949748e+002 -1.2049953e+002 -1.1998843e+002 -1.2000147e+002
 -6.0000000e-002 -1.2279105e+002 -1.1950526e+002 -1.2048554e+002 -1.1999529e+002 -1.1999152e+002
 -5.3333333e-002 -1.2285211e+002 -1.1948035e+002 -1.2049248e+002 -1.1997624e+002 -1.1996417e+002
 -4.6666667e-002 -1.2287790e+002 -1.1947257e+002 -1.2048679e+002 -1.1997209e+002 -1.1997166e+002
 -4.0000000e-002 -1.2286807e+002 -1.1945726e+002 -1.2049597e+002 -1.2000229e+002 -1.1999538e+002
 -3.3333333e-002 -1.2289651e+002 -1.1945670e+002 -1.2050412e+002 -1.1999704e+002 -1.1997865e+002
 -2.6666667e-002 -1.2291853e+002 -1.1943984e+002 -1.2049486e+002 -1.1995650e+002 -1.1997658e+002
 -2.0000000e-002 -1.2294804e+002 -1.1944249e+002 -1.2046912e+002 -1.1993218e+002 -1.1999155e+002
 -1.3333333e-002 -1.2295773e+002 -1.1943044e+002 -1.2047092e+002 -1.1993893e+002 -1.1996791e+002
 -6.6666667e-003 -1.2297252e+002 -1.1940106e+002 -1.2047676e+002 -1.1998158e+002 -1.1996428e+002
  0.0000000e+000 -1.2299405e+002 -1.1940071e+002 -1.2048398e+002 -1.2027975e+002 -1.1995699e+002
  6.6666667e-003 -1.2301421e+002 -1.1943120e+002 -1.2051038e+002 -1.2022635e+002 -1.2000188e+002
  1.3333333e-002 -1.2305721e+002 -1.1946600e+002 -1.2056215e+002 -1.2014433e+002 -1.2001871e+002
  2.0000000e-002 -1.2312158e+002 -1.1949562e+002 -1.2058760e+002 -1.2008269e+002 -1.2006635e+002
  2.6666667e-002 -1.2314229e+002 -1.1953371e+002 -1.2064908e+002 -1.2007857e+002 -1.2010149e+002
  3.3333333e-002 -1.2316296e+002 -1.1957059e+002 -1.2072719e+002 -1.2011949e+002 -1.2011047e+002
  4.0000000e-002 -1.2320816e+002 -1.1958672e+002 -1.2076009e+002 -1.2010815e+002 -1.2014735e+002
  4.6666667e-002 -1.2321622e+002 -1.1962042e+002 -1.2076404e+002 -1.2013574e+002 -1.2016850e+002
  5.3333333e-002 -1.2324144e+002 -1.1962532e+002 -1.2081628e+002 -1.2013495e+002 -1.2020683e+002
  6.0000000e-002 -1.2324487e+002 -1.1963774e+002 -1.2083478e+002 -1.2015945e+002 -1.2021568e+002
  6.6666667e-002 -1.2324048e+002 -1.1962553e+002 -1.2090442e+002 -1.2018430e+002 -1.2023746e+002
  7.3333333e-002 -1.2326492e+002 -1.1963521e+002 -1.2095206e+002 -1.2021216e+002 -1.2025363e+002
  8.0000000e-002 -1.2328474e+002 -1.1965471e+002 -1.2102643e+002 -1.2023079e+002 -1.2028694e+002
  8.6666667e-002 -1.2333624e+002 -1.1970299e+002 -1.2107581e+002 -1.2026459e+002 -1.2032783e+002
  9.3333333e-002 -1.2339438e+002 -1.1972287e+002 -1.2112437e+002 -1.2028038e+002 -1.2040324e+002
  1.0000000e-001 -1.2343773e+002 -1.1975334e+002 -1.2120915e+002 -1.2029188e+002 -1.2043321e+002
  1.0666667e-001 -1.2346718e+002 -1.1978780e+002 -1.2123200e+002 -1.2031998e+002 -1.2048048e+002
  1.1333333e-001 -1.2350017e+002 -1.1979268e+002 -1.2127904e+002 -1.2037090e+002 -1.2051273e+002
  1.2000000e-001 -1.2350508e+002 -1.1982486e+002 -1.2132007e+002 -1.2042458e+002 -1.2054201e+002
  1.2666667e-001 -1.2353069e+002 -1.1986038e+002 -1.2136351e+002 -1.2044426e+002 -1.2054045e+002
  1.3333333e-001 -1.2356958e+002 -1.1990341e+002 -1.2138141e+002 -1.2048160e+002 -1.2055794e+002
  1.4000000e-001 -1.2360988e+002 -1.1994194e+002 -1.2140955e+002 -1.2052199e+002 -1.2057263e+002
  1.4666667e-001 -1.2363338e+002 -1.1998993e+002 -1.2146349e+002 -1.2058881e+002 -1.2059476e+002
  1.5333333e-001 -1.2363966e+002 -1.2002148e+002 -1.2150981e+002 -1.2062364e+002 -1.2061887e+002
  1.6000000e-001 -1.2358983e+002 -1.2002711e+002 -1.2155225e+002 -1.2068219e+002 -1.2066653e+002
  1.6666667e-001 -1.2357748e+002 -1.2007370e+002 -1.2159967e+002 -1.2073724e+002 -1.2071561e+002
  1.7333333e-001 -1.2362926e+002 -1.2013515e+002 -1.2165845e+002 -1.2078429e+002 -1.2078912e+002
  1.8000000e-001 -1.2365816e+002 -1.2015285e+002 -1.2171262e+002 -1.2079213e+002 -1.2086025e+002
  1.8666667e-001 -1.2371103e+002 -1.2022342e+002 -1.2176590e+002 -1.2079306e+002 -1.2094136e+002
  1.9333333e-001 -1.2373299e+002 -1.2027934e+002 -1.2178851e+002 -1.2094075e+002 -1.2101868e+002
  2.0000000e-001 -1.2372960e+002 -1.2029587e+002 -1.2179111e+002 -1.2093422e+002 -1.2106766e+002
  2.0666667e-001 -1.2374146e+002 -1.2030827e+002 -1.2181865e+002 -1.2083101e+002 -1.2111481e+002
  2.1333333e-001 -1.2373450e+002 -1.2033405e+002 -1.2178819e+002 -1.2084715e+002 -1.2115080e+002
  2.2000000e-001 -1.2372957e+002 -1.2036734e+002 -1.2181108e+002 -1.2081552e+002 -1.2117874e+002
  2.2666667e-001 -1.2369048e+002 -1.2041368e+002 -1.2186530e+002 -1.2080112e+002 -1.2118454e+002
  2.3333333e-001 -1.2370755e+002 -1.2043338e+002 -1.2189198e+002 -1.2067091e+002 -1.2119440e+002
  2.4000000e-001 -1.2370375e+002 -1.2044385e+002 -1.2190830e+002 -1.2063484e+002 -1.2117760e+002
  2.4666667e-001 -1.2363231e+002 -1.2040904e+002 -1.2189627e+002 -1.2061673e+002 -1.2117372e+002
  2.5333333e-001 -1.2354128e+002 -1.2035680e+002 -1.2191196e+002 -1.2060310e+002 -1.2117462e+002
  2.6000000e-001 -1.2364526e+002 -1.2029910e+002 -1.2193152e+002 -1.2059644e+002 -1.2118016e+002
  2.6666667e-001 -1.2393808e+002 -1.2011490e+002 -1.2194135e+002 -1.2059334e+002 -1.2118306e+002
  2.7333333e-001 -1.2379747e+002 -1.2050977e+002 -1.2195979e+002 -1.2058769e+002 -1.2115645e+002
  2.8000000e-001 -1.2350346e+002 -1.2047133e+002 -1.2198853e+002 -1.2060608e+002 -1.2110487e+002
  2.8666667e-001 -1.2343240e+002 -1.2042519e+002 -1.2197221e+002 -1.2059906e+002 -1.2095990e+002
  2.9333333e-001 -1.2331834e+002 -1.2043581e+002 -1.2199118e+002 -1.2059973e+002 -1.2118393e+002
  3.0000000e-001 -1.2322151e+002 -1.2050540e+002 -1.2197597e+002 -1.2059807e+002 -1.2112706e+002
  3.0666667e-001 -1.2306645e+002 -1.2034828e+002 -1.2192329e+002 -1.2059982e+002 -1.2106938e+002
  3.1333333e-001 -1.2283192e+002 -1.2027046e+002 -1.2191422e+002 -1.2056201e+002 -1.2100818e+002
  3.2000000e-001 -1.2275234e+002 -1.2013988e+002 -1.2184280e+002 -1.2052272e+002 -1.2086865e+002
  3.2666667e-001 -1.2275374e+002 -1.2001419e+002 -1.2051173e+002 -1.2047838e+002 -1.2087070e+002
  3.3333333e-001 -1.2261516e+002 -1.1994122e+002 -1.2028011e+002 -1.2039630e+002 -1.2062009e+002
  3.4000000e-001 -1.2253276e+002 -1.1981725e+002 -1.2009485e+002 -1.2037134e+002 -1.2049666e+002
  3.4666667e-001 -1.2242288e+002 -1.1969069e+002 -1.1976848e+002 -1.2027448e+002 -1.2039117e+002
  3.5333333e-001 -1.2219754e+002 -1.1954068e+002 -1.1915729e+002 -1.2006662e+002 -1.2029421e+002
  3.6000000e-001 -1.2213236e+002 -1.1936864e+002 -1.1945111e+002 -1.1983371e+002 -1.2020869e+002
  3.6666667e-001 -1.2197788e+002 -1.1920554e+002 -1.1921083e+002 -1.2004471e+002 -1.2008862e+002
  3.7333333e-001 -1.2198050e+002 -1.1917143e+002 -1.1903267e+002 -1.1994106e+002 -1.2001190e+002
  3.8000000e-001 -1.2200645e+002 -1.1900513e+002 -1.1900098e+002 -1.1975118e+002 -1.1995197e+002
  3.8666667e-001 -1.2200279e+002 -1.1883908e+002 -1.1869251e+002 -1.1961061e+002 -1.1985765e+002
  3.9333333e-001 -1.2200107e+002 -1.1868054e+002 -1.1847139e+002 -1.1939923e+002 -1.1972116e+002
  4.0000000e-001 -1.2194980e+002 -1.1825777e+002 -1.1828102e+002 -1.1922586e+002 -1.1954221e+002
  4.0666667e-001 -1.2188518e+002 -1.1806712e+002 -1.1812016e+002 -1.1898726e+002 -1.1938890e+002
  4.1333333e-001 -1.2183859e+002 -1.1793492e+002 -1.1796941e+002 -1.1877130e+002 -1.1939104e+002
  4.2000000e-001 -1.2168524e+002 -1.1784802e+002 -1.1783217e+002 -1.1851514e+002 -1.1921960e+002
  4.2666667e-001 -1.2155290e+002 -1.1772133e+002 -1.1773698e+002 -1.1828922e+002 -1.1899997e+002
  4.3333333e-001 -1.2135529e+002 -1.1761644e+002 -1.1767059e+002 -1.1811543e+002 -1.1884053e+002
  4.4000000e-001 -1.2122743e+002 -1.1649405e+002 -1.1762325e+002 -1.1785245e+002 -1.1866660e+002
  4.4666667e-001 -1.2109160e+002 -1.1639499e+002 -1.1754009e+002 -1.1789984e+002 -1.1826851e+002
  4.5333333e-001 -1.2077185e+002 -1.1623317e+002 -1.1745071e+002 -1.1764363e+002 -1.1808221e+002
  4.6000000e-001 -1.2056780e+002 -1.1596625e+002 -1.1733302e+002 -1.1733775e+002 -1.1785059e+002
  4.6666667e-001 -1.2043956e+002 -1.1570828e+002 -1.1722464e+002 -1.1702446e+002 -1.1766168e+002
  4.7333333e-001 -1.2025954e+002 -1.1552660e+002 -1.1712016e+002 -1.1608072e+002 -1.1744722e+002
  4.8000000e-001 -1.2012334e+002 -1.1574699e+002 -1.1700026e+002 -1.1577872e+002 -1.1728453e+002
  4.8666667e-001 -1.1995770e+002 -1.1504573e+002 -1.1687830e+002 -1.1545874e+002 -1.1711598e+002
  4.9333333e-001 -1.1975351e+002 -1.1472279e+002 -1.1680012e+002 -1.1514575e+002 -1.1693422e+002
  5.0000000e-001 -1.1957967e+002 -1.1455568e+002 -1.1672612e+002 -1.1495718e+002 -1.1676663e+002
  5.0666667e-001 -1.1936670e+002 -1.1434869e+002 -1.1666762e+002 -1.1479634e+002 -1.1659514e+002
  5.1333333e-001 -1.1919280e+002 -1.1416435e+002 -1.1661244e+002 -1.1459744e+002 -1.1641908e+002
  5.2000000e-001 -1.1900940e+002 -1.1401437e+002 -1.1658739e+002 -1.1439123e+002 -1.1625847e+002
  5.2666667e-001 -1.1884433e+002 -1.1375417e+002 -1.1656299e+002 -1.1411617e+002 -1.1612271e+002
  5.3333333e-001 -1.1870001e+002 -1.1353587e+002 -1.1653102e+002 -1.1388319e+002 -1.1600291e+002
  5.4000000e-001 -1.1856467e+002 -1.1337109e+002 -1.1649930e+002 -1.1376318e+002 -1.1586404e+002
  5.4666667e-001 -1.1848276e+002 -1.1328033e+002 -1.1646854e+002 -1.1354175e+002 -1.1571495e+002
  5.5333333e-001 -1.1841115e+002 -1.1315538e+002 -1.1642758e+002 -1.1370715e+002 -1.1560643e+002
  5.6000000e-001 -1.1834213e+002 -1.1314961e+002 -1.1640698e+002 -1.1358360e+002 -1.1550674e+002
  5.6666667e-001 -1.1834724e+002 -1.1315155e+002 -1.1635428e+002 -1.1347093e+002 -1.1539412e+002
  5.7333333e-001 -1.1840282e+002 -1.1317903e+002 -1.1631018e+002 -1.1323846e+002 -1.1530371e+002
  5.8000000e-001 -1.1844478e+002 -1.1313167e+002 -1.1626653e+002 -1.1271341e+002 -1.1522542e+002
  5.8666667e-001 -1.1846475e+002 -1.1314298e+002 -1.1622366e+002 -1.1252097e+002 -1.1514362e+002
  5.9333333e-001 -1.1848860e+002 -1.1319215e+002 -1.1617076e+002 -1.1265978e+002 -1.1506889e+002
  6.0000000e-001 -1.1867570e+002 -1.1358221e+002 -1.1604474e+002 -1.1225160e+002 -1.1499178e+002
  6.0666667e-001 -1.1859010e+002 -1.1356380e+002 -1.1594685e+002 -1.1201263e+002 -1.1493555e+002
  6.1333333e-001 -1.1857123e+002 -1.1357448e+002 -1.1585323e+002 -1.1190433e+002 -1.1433429e+002
  6.2000000e-001 -1.1852092e+002 -1.1365324e+002 -1.1575346e+002 -1.1181015e+002 -1.1427591e+002
  6.2666667e-001 -1.1842148e+002 -1.1374663e+002 -1.1564027e+002 -1.1167812e+002 -1.1437907e+002
  6.3333333e-001 -1.1847096e+002 -1.1379572e+002 -1.1553275e+002 -1.1138974e+002 -1.1440093e+002
  6.4000000e-001 -1.1846246e+002 -1.1398085e+002 -1.1542390e+002 -1.1131450e+002 -1.1427985e+002
  6.4666667e-001 -1.1840295e+002 -1.1399129e+002 -1.1534566e+002 -1.1130606e+002 -1.1438254e+002
  6.5333333e-001 -1.1837354e+002 -1.1397121e+002 -1.1528978e+002 -1.1126732e+002 -1.1464005e+002
  6.6000000e-001 -1.1835118e+002 -1.1397820e+002 -1.1522038e+002 -1.1123169e+002 -1.1469106e+002
  6.6666667e-001 -1.1834302e+002 -1.1400459e+002 -1.1521083e+002 -1.1168288e+002 -1.1505461e+002
  6.7333333e-001 -1.1834959e+002 -1.1401732e+002 -1.1524817e+002 -1.1157900e+002 -1.1508925e+002
  6.8000000e-001 -1.1846030e+002 -1.1404207e+002 -1.1539121e+002 -1.1146539e+002 -1.1506477e+002
  6.8666667e-001 -1.1838699e+002 -1.1402243e+002 -1.1532900e+002 -1.1129309e+002 -1.1502739e+002
  6.9333333e-001 -1.1839088e+002 -1.1403629e+002 -1.1532350e+002 -1.1123377e+002 -1.1505045e+002
  7.0000000e-001 -1.1835181e+002 -1.1408516e+002 -1.1513521e+002 -1.1120071e+002 -1.1505696e+002
  7.0666667e-001 -1.1799910e+002 -1.1418674e+002 -1.1518837e+002 -1.1116675e+002 -1.1506053e+002
  7.1333333e-001 -1.1813376e+002 -1.1447806e+002 -1.1524246e+002 -1.1109880e+002 -1.1507300e+002
  7.2000000e-001 -1.1812892e+002 -1.1429067e+002 -1.1528822e+002 -1.1099788e+002 -1.1506613e+002
  7.2666667e-001 -1.1808043e+002 -1.1429099e+002 -1.1533046e+002 -1.1094724e+002 -1.1505136e+002
  7.3333333e-001 -1.1804555e+002 -1.1431957e+002 -1.1534270e+002 -1.1092616e+002 -1.1505103e+002
  7.4000000e-001 -1.1806470e+002 -1.1433373e+002 -1.1535164e+002 -1.1094775e+002 -1.1508835e+002
  7.4666667e-001 -1.1806114e+002 -1.1435252e+002 -1.1538223e+002 -1.1095599e+002 -1.1538789e+002
  7.5333333e-001 -1.1803633e+002 -1.1403464e+002 -1.1538573e+002 -1.1099622e+002 -1.1513376e+002
  7.6000000e-001 -1.1814226e+002 -1.1414755e+002 -1.1538205e+002 -1.1100504e+002 -1.1513774e+002
  7.6666667e-001 -1.1823187e+002 -1.1420479e+002 -1.1537614e+002 -1.1106856e+002 -1.1515491e+002
  7.7333333e-001 -1.1835201e+002 -1.1421736e+002 -1.1536795e+002 -1.1111162e+002 -1.1517575e+002
  7.8000000e-001 -1.1846140e+002 -1.1419974e+002 -1.1535713e+002 -1.1123746e+002 -1.1491986e+002
  7.8666667e-001 -1.1856281e+002 -1.1417464e+002 -1.1532068e+002 -1.1133180e+002 -1.1504639e+002
  7.9333333e-001 -1.1866884e+002 -1.1415024e+002 -1.1529645e+002 -1.1142078e+002 -1.1512250e+002
  8.0000000e-001 -1.1872141e+002 -1.1413251e+002 -1.1528113e+002 -1.1152039e+002 -1.1518187e+002
  8.0666667e-001 -1.1871832e+002 -1.1410600e+002 -1.1528697e+002 -1.1166109e+002 -1.1521530e+002
  8.1333333e-001 -1.1870244e+002 -1.1406218e+002 -1.1528439e+002 -1.1178404e+002 -1.1528127e+002
  8.2000000e-001 -1.1873741e+002 -1.1406551e+002 -1.1531621e+002 -1.1188411e+002 -1.1531270e+002
  8.2666667e-001 -1.1875411e+002 -1.1405347e+002 -1.1533408e+002 -1.1214615e+002 -1.1534038e+002
  8.3333333e-001 -1.1878416e+002 -1.1402596e+002 -1.1531445e+002 -1.1230206e+002 -1.1539699e+002
  8.4000000e-001 -1.1876674e+002 -1.1401732e+002 -1.1529839e+002 -1.1232980e+002 -1.1542436e+002
  8.4666667e-001 -1.1871169e+002 -1.1397708e+002 -1.1529181e+002 -1.1248383e+002 -1.1544603e+002
  8.5333333e-001 -1.1868767e+002 -1.1394229e+002 -1.1527156e+002 -1.1265030e+002 -1.1550635e+002
  8.6000000e-001 -1.1871144e+002 -1.1392407e+002 -1.1528885e+002 -1.1277452e+002 -1.1556485e+002
  8.6666667e-001 -1.1875465e+002 -1.1392577e+002 -1.1529839e+002 -1.1283252e+002 -1.1560324e+002
  8.7333333e-001 -1.1881009e+002 -1.1391945e+002 -1.1529358e+002 -1.1290230e+002 -1.1565555e+002
  8.8000000e-001 -1.1881589e+002 -1.1392481e+002 -1.1529326e+002 -1.1290813e+002 -1.1568845e+002
  8.8666667e-001 -1.1882692e+002 -1.1390749e+002 -1.1529158e+002 -1.1298186e+002 -1.1571907e+002
  8.9333333e-001 -1.1884651e+002 -1.1390724e+002 -1.1530501e+002 -1.1301932e+002 -1.1572771e+002
  9.0000000e-001 -1.1885408e+002 -1.1393237e+002 -1.1532251e+002 -1.1305536e+002 -1.1576102e+002
  9.0666667e-001 -1.1887853e+002 -1.1395175e+002 -1.1532835e+002 -1.1305238e+002 -1.1577710e+002
  9.1333333e-001 -1.1891760e+002 -1.1395749e+002 -1.1534663e+002 -1.1303856e+002 -1.1578789e+002
  9.2000000e-001 -1.1897434e+002 -1.1395570e+002 -1.1534973e+002 -1.1307033e+002 -1.1579347e+002
  9.2666667e-001 -1.1899289e+002 -1.1396727e+002 -1.1535191e+002 -1.1312097e+002 -1.1581294e+002
  9.3333333e-001 -1.1897830e+002 -1.1400156e+002 -1.1537369e+002 -1.1314592e+002 -1.1580502e+002
  9.4000000e-001 -1.1899330e+002 -1.1403595e+002 -1.1538527e+002 -1.1317772e+002 -1.1581656e+002
  9.4666667e-001 -1.1899800e+002 -1.1406540e+002 -1.1537016e+002 -1.1325725e+002 -1.1582497e+002
  9.5333333e-001 -1.1897112e+002 -1.1410185e+002 -1.1537932e+002 -1.1331020e+002 -1.1580565e+002
  9.6000000e-001 -1.1895721e+002 -1.1412405e+002 -1.1541240e+002 -1.1334070e+002 -1.1579715e+002
  9.6666667e-001 -1.1897629e+002 -1.1414371e+002 -1.1543933e+002 -1.1338321e+002 -1.1575118e+002
  9.7333333e-001 -1.1896002e+002 -1.1416069e+002 -1.1544562e+002 -1.1339307e+002 -1.1571536e+002
  9.8000000e-001 -1.1895265e+002 -1.1415378e+002 -1.1544040e+002 -1.1341612e+002 -1.1567679e+002
  9.8666667e-001 -1.1898090e+002 -1.1414209e+002 -1.1542108e+002 -1.1343582e+002 -1.1566075e+002
  9.9333333e-001 -1.1898933e+002 -1.1411063e+002 -1.1540645e+002 -1.1347205e+002 -1.1562347e+002
  1.0000000e+000 -1.1902559e+002 -1.1411816e+002 -1.1542062e+002 -1.1350224e+002 -1.1560075e+002
  1.0066667e+000 -1.1907379e+002 -1.1413977e+002 -1.1544009e+002 -1.1354417e+002 -1.1556607e+002
  1.0133333e+000 -1.1907953e+002 -1.1413966e+002 -1.1546581e+002 -1.1355634e+002 -1.1550319e+002
  1.0200000e+000 -1.1908551e+002 -1.1415384e+002 -1.1545491e+002 -1.1354404e+002 -1.1545232e+002
  1.0266667e+000 -1.1909695e+002 -1.1414690e+002 -1.1542770e+002 -1.1353319e+002 -1.1544005e+002
  1.0333333e+000 -1.1913171e+002 -1.1412174e+002 -1.1542954e+002 -1.1354724e+002 -1.1543308e+002
  1.0400000e+000 -1.1913220e+002 -1.1412193e+002 -1.1544319e+002 -1.1357873e+002 -1.1537489e+002
  1.0466667e+000 -1.1910497e+002 -1.1412286e+002 -1.1543234e+002 -1.1364821e+002 -1.1529144e+002
  1.0533333e+000 -1.1904868e+002 -1.1414595e+002 -1.1544545e+002 -1.1371092e+002 -1.1523744e+002
  1.0600000e+000 -1.1902002e+002 -1.1412650e+002 -1.1547699e+002 -1.1375772e+002 -1.1522038e+002
  1.0666667e+000 -1.1902123e+002 -1.1414873e+002 -1.1549628e+002 -1.1382257e+002 -1.1522415e+002
  1.0733333e+000 -1.1901462e+002 -1.1415625e+002 -1.1550882e+002 -1.1385609e+002 -1.1520766e+002
  1.0800000e+000 -1.1903146e+002 -1.1412537e+002 -1.1550130e+002 -1.1389424e+002 -1.1515067e+002
  1.0866667e+000 -1.1900287e+002 -1.1412550e+002 -1.1550945e+002 -1.1393575e+002 -1.1512080e+002
  1.0933333e+000 -1.1893948e+002 -1.1415488e+002 -1.1552095e+002 -1.1397929e+002 -1.1510988e+002
  1.1000000e+000 -1.1890088e+002 -1.1417340e+002 -1.1553728e+002 -1.1401959e+002 -1.1510017e+002
  1.1066667e+000 -1.1888664e+002 -1.1418195e+002 -1.1556059e+002 -1.1403139e+002 -1.1508752e+002
  1.1133333e+000 -1.1887071e+002 -1.1416020e+002 -1.1558406e+002 -1.1403297e+002 -1.1509316e+002
  1.1200000e+000 -1.1883867e+002 -1.1417250e+002 -1.1558276e+002 -1.1404939e+002 -1.1505423e+002
  1.1266667e+000 -1.1879463e+002 -1.1417687e+002 -1.1557794e+002 -1.1406606e+002 -1.1503067e+002
  1.1333333e+000 -1.1875969e+002 -1.1418553e+002 -1.1558075e+002 -1.1408904e+002 -1.1503236e+002
  1.1400000e+000 -1.1873018e+002 -1.1419069e+002 -1.1559367e+002 -1.1411035e+002 -1.1504836e+002
  1.1466667e+000 -1.1870479e+002 -1.1419766e+002 -1.1562175e+002 -1.1413461e+002 -1.1507925e+002
  1.1533333e+000 -1.1867938e+002 -1.1418861e+002 -1.1562361e+002 -1.1416480e+002 -1.1509126e+002
  1.1600000e+000 -1.1865367e+002 -1.1418846e+002 -1.1564085e+002 -1.1419611e+002 -1.1508279e+002
  1.1666667e+000 -1.1864154e+002 -1.1415695e+002 -1.1564732e+002 -1.1420454e+002 -1.1509619e+002
  1.1733333e+000 -1.1860815e+002 -1.1415288e+002 -1.1564580e+002 -1.1422977e+002 -1.1509599e+002
  1.1800000e+000 -1.1857060e+002 -1.1411969e+002 -1.1563481e+002 -1.1364291e+002 -1.1510652e+002
  1.1866667e+000 -1.1854656e+002 -1.1409885e+002 -1.1564877e+002 -1.1370775e+002 -1.1513313e+002
  1.1933333e+000 -1.1852333e+002 -1.1407442e+002 -1.1568752e+002 -1.1431479e+002 -1.1514403e+002
  1.2000000e+000 -1.1851192e+002 -1.1404863e+002 -1.1571343e+002 -1.1432620e+002 -1.1513048e+002
  1.2066667e+000 -1.1850972e+002 -1.1405064e+002 -1.1573932e+002 -1.1434168e+002 -1.1512717e+002
  1.2133333e+000 -1.1852585e+002 -1.1404283e+002 -1.1572145e+002 -1.1438084e+002 -1.1513403e+002
  1.2200000e+000 -1.1850787e+002 -1.1400940e+002 -1.1571773e+002 -1.1439415e+002 -1.1511938e+002
  1.2266667e+000 -1.1849188e+002 -1.1398355e+002 -1.1572754e+002 -1.1389998e+002 -1.1512042e+002
  1.2333333e+000 -1.1846513e+002 -1.1397084e+002 -1.1573052e+002 -1.1395218e+002 -1.1513742e+002
  1.2400000e+000 -1.1845885e+002 -1.1398480e+002 -1.1571785e+002 -1.1465494e+002 -1.1515820e+002
  1.2466667e+000 -1.1846861e+002 -1.1399019e+002 -1.1573151e+002 -1.1468636e+002 -1.1516611e+002
  1.2533333e+000 -1.1847957e+002 -1.1396101e+002 -1.1573265e+002 -1.1467110e+002 -1.1516138e+002
  1.2600000e+000 -1.1850787e+002 -1.1395352e+002 -1.1574681e+002 -1.1468124e+002 -1.1515080e+002
  1.2666667e+000 -1.1851808e+002 -1.1393831e+002 -1.1575046e+002 -1.1473891e+002 -1.1514255e+002
  1.2733333e+000 -1.1852167e+002 -1.1396350e+002 -1.1574593e+002 -1.1476796e+002 -1.1514462e+002
  1.2800000e+000 -1.1852814e+002 -1.1397826e+002 -1.1577434e+002 -1.1462103e+002 -1.1516495e+002
  1.2866667e+000 -1.1854166e+002 -1.1397432e+002 -1.1581227e+002 -1.1460864e+002 -1.1515761e+002
  1.2933333e+000 -1.1855762e+002 -1.1395386e+002 -1.1579776e+002 -1.1461113e+002 -1.1517465e+002
  1.3000000e+000 -1.1859090e+002 -1.1392276e+002 -1.1581311e+002 -1.1464195e+002 -1.1516690e+002
  1.3066667e+000 -1.1862734e+002 -1.1395442e+002 -1.1584000e+002 -1.1463826e+002 -1.1514894e+002
  1.3133333e+000 -1.1864233e+002 -1.1398601e+002 -1.1583914e+002 -1.1466103e+002 -1.1515360e+002
  1.3200000e+000 -1.1866341e+002 -1.1398801e+002 -1.1583969e+002 -1.1465501e+002 -1.1514310e+002
  1.3266667e+000 -1.1868901e+002 -1.1396571e+002 -1.1582224e+002 -1.1464763e+002 -1.1514005e+002
  1.3333333e+000 -1.1871089e+002 -1.1394841e+002 -1.1583789e+002 -1.1468736e+002 -1.1514490e+002
  1.3400000e+000 -1.1877290e+002 -1.1396661e+002 -1.1586163e+002 -1.1470267e+002 -1.1518280e+002
  1.3466667e+000 -1.1885112e+002 -1.1399617e+002 -1.1591324e+002 -1.1473717e+002 -1.1520296e+002
  1.3533333e+000 -1.1893106e+002 -1.1398726e+002 -1.1595319e+002 -1.1477457e+002 -1.1521429e+002
  1.3600000e+000 -1.1898866e+002 -1.1388867e+002 -1.1596550e+002 -1.1478299e+002 -1.1519328e+002
  1.3666667e+000 -1.1901773e+002 -1.1410783e+002 -1.1596889e+002 -1.1482285e+002 -1.1494240e+002
  1.3733333e+000 -1.1906340e+002 -1.1410155e+002 -1.1596182e+002 -1.1488112e+002 -1.1538399e+002
  1.3800000e+000 -1.1916266e+002 -1.1416161e+002 -1.1601402e+002 -1.1492789e+002 -1.1542119e+002
  1.3866667e+000 -1.1925487e+002 -1.1418723e+002 -1.1608261e+002 -1.1493582e+002 -1.1546890e+002
  1.3933333e+000 -1.1933359e+002 -1.1413553e+002 -1.1610609e+002 -1.1494292e+002 -1.1554846e+002
  1.4000000e+000 -1.1937325e+002 -1.1407919e+002 -1.1613373e+002 -1.1488696e+002 -1.1547455e+002
  1.4066667e+000 -1.1939328e+002 -1.1406497e+002 -1.1617659e+002 -1.1477556e+002 -1.1550389e+002
  1.4133333e+000 -1.1939304e+002 -1.1407256e+002 -1.1622453e+002 -1.1473613e+002 -1.1554950e+002
  1.4200000e+000 -1.1936462e+002 -1.1410152e+002 -1.1625101e+002 -1.1518312e+002 -1.1557256e+002
  1.4266667e+000 -1.1930336e+002 -1.1413696e+002 -1.1627838e+002 -1.1521471e+002 -1.1560826e+002
  1.4333333e+000 -1.1910928e+002 -1.1415971e+002 -1.1632095e+002 -1.1529533e+002 -1.1565930e+002
  1.4400000e+000 -1.1948448e+002 -1.1418518e+002 -1.1636554e+002 -1.1534715e+002 -1.1573773e+002
  1.4466667e+000 -1.1952948e+002 -1.1421564e+002 -1.1639461e+002 -1.1541174e+002 -1.1581822e+002
  1.4533333e+000 -1.1954134e+002 -1.1421854e+002 -1.1642270e+002 -1.1542792e+002 -1.1587122e+002
  1.4600000e+000 -1.1958343e+002 -1.1425580e+002 -1.1644110e+002 -1.1549316e+002 -1.1592931e+002
  1.4666667e+000 -1.1950267e+002 -1.1426515e+002 -1.1648412e+002 -1.1549980e+002 -1.1597617e+002
  1.4733333e+000 -1.1950882e+002 -1.1428760e+002 -1.1652446e+002 -1.1554480e+002 -1.1603479e+002
  1.4800000e+000 -1.1949614e+002 -1.1430760e+002 -1.1652449e+002 -1.1561771e+002 -1.1609589e+002
  1.4866667e+000 -1.1949234e+002 -1.1433557e+002 -1.1653641e+002 -1.1570918e+002 -1.1615279e+002
  1.4933333e+000 -1.1949596e+002 -1.1435475e+002 -1.1641310e+002 -1.1529877e+002 -1.1621935e+002
  1.5000000e+000 -1.1952034e+002 -1.1437877e+002 -1.1673000e+002 -1.1542996e+002 -1.1629152e+002
  1.5066667e+000 -1.1955718e+002 -1.1441055e+002 -1.1672841e+002 -1.1557857e+002 -1.1634393e+002
  1.5133333e+000 -1.1958752e+002 -1.1440494e+002 -1.1672000e+002 -1.1570104e+002 -1.1639690e+002
  1.5200000e+000 -1.1964002e+002 -1.1440614e+002 -1.1671481e+002 -1.1584822e+002 -1.1645087e+002
  1.5266667e+000 -1.1969031e+002 -1.1444511e+002 -1.1678923e+002 -1.1596960e+002 -1.1646545e+002
  1.5333333e+000 -1.1974374e+002 -1.1448767e+002 -1.1673320e+002 -1.1608301e+002 -1.1651851e+002
  1.5400000e+000 -1.1980905e+002 -1.1451054e+002 -1.1674005e+002 -1.1620635e+002 -1.1658186e+002
  1.5466667e+000 -1.1986983e+002 -1.1454330e+002 -1.1677316e+002 -1.1628885e+002 -1.1664867e+002
  1.5533333e+000 -1.1992158e+002 -1.1454735e+002 -1.1677036e+002 -1.1637135e+002 -1.1670158e+002
  1.5600000e+000 -1.1995837e+002 -1.1452679e+002 -1.1677623e+002 -1.1646674e+002 -1.1673241e+002
  1.5666667e+000 -1.2000444e+002 -1.1451770e+002 -1.1679152e+002 -1.1653378e+002 -1.1675819e+002
  1.5733333e+000 -1.2006882e+002 -1.1455838e+002 -1.1680507e+002 -1.1661823e+002 -1.1677649e+002
  1.5800000e+000 -1.2014356e+002 -1.1458516e+002 -1.1683780e+002 -1.1670424e+002 -1.1684119e+002
  1.5866667e+000 -1.2018616e+002 -1.1462706e+002 -1.1686466e+002 -1.1677535e+002 -1.1689931e+002
  1.5933333e+000 -1.2024883e+002 -1.1463785e+002 -1.1687717e+002 -1.1682518e+002 -1.1693698e+002
  1.6000000e+000 -1.2037242e+002 -1.1462717e+002 -1.1690018e+002 -1.1685570e+002 -1.1695230e+002
  1.6066667e+000 -1.2059123e+002 -1.1465671e+002 -1.1691379e+002 -1.1689299e+002 -1.1697444e+002
  1.6133333e+000 -1.2041606e+002 -1.1467610e+002 -1.1691155e+002 -1.1695070e+002 -1.1699664e+002
  1.6200000e+000 -1.2042406e+002 -1.1472418e+002 -1.1694569e+002 -1.1702519e+002 -1.1703017e+002
  1.6266667e+000 -1.2042340e+002 -1.1474709e+002 -1.1697774e+002 -1.1708522e+002 -1.1707211e+002
  1.6333333e+000 -1.2042761e+002 -1.1476807e+002 -1.1699362e+002 -1.1712399e+002 -1.1711177e+002
  1.6400000e+000 -1.2015517e+002 -1.1477315e+002 -1.1701588e+002 -1.1719302e+002 -1.1723511e+002
  1.6466667e+000 -1.2021828e+002 -1.1477307e+002 -1.1702837e+002 -1.1724898e+002 -1.1744908e+002
  1.6533333e+000 -1.2025514e+002 -1.1478798e+002 -1.1706397e+002 -1.1729042e+002 -1.1721860e+002
  1.6600000e+000 -1.2026361e+002 -1.1482495e+002 -1.1709738e+002 -1.1735214e+002 -1.1723877e+002
  1.6666667e+000 -1.2026874e+002 -1.1484666e+002 -1.1712714e+002 -1.1749164e+002 -1.1727351e+002
  1.6733333e+000 -1.2028331e+002 -1.1485617e+002 -1.1713391e+002 -1.1752910e+002 -1.1730165e+002
  1.6800000e+000 -1.2028314e+002 -1.1487320e+002 -1.1716322e+002 -1.1760887e+002 -1.1726660e+002
  1.6866667e+000 -1.2028670e+002 -1.1489084e+002 -1.1721068e+002 -1.1768082e+002 -1.1730489e+002
  1.6933333e+000 -1.2027309e+002 -1.1491443e+002 -1.1731532e+002 -1.1768646e+002 -1.1715753e+002
  1.7000000e+000 -1.2027461e+002 -1.1490005e+002 -1.1746381e+002 -1.1772475e+002 -1.1725481e+002
  1.7066667e+000 -1.2025034e+002 -1.1488738e+002 -1.1757309e+002 -1.1778029e+002 -1.1731250e+002
  1.7133333e+000 -1.2018036e+002 -1.1489656e+002 -1.1732315e+002 -1.1783966e+002 -1.1734871e+002
  1.7200000e+000 -1.2013892e+002 -1.1490202e+002 -1.1731220e+002 -1.1789017e+002 -1.1741501e+002
  1.7266667e+000 -1.2013353e+002 -1.1493967e+002 -1.1765846e+002 -1.1796523e+002 -1.1745869e+002
  1.7333333e+000 -1.2011800e+002 -1.1495560e+002 -1.1767535e+002 -1.1803574e+002 -1.1748766e+002
  1.7400000e+000 -1.2011864e+002 -1.1497852e+002 -1.1762372e+002 -1.1810230e+002 -1.1750559e+002
  1.7466667e+000 -1.2013580e+002 -1.1502397e+002 -1.1740373e+002 -1.1818573e+002 -1.1754198e+002
  1.7533333e+000 -1.2012672e+002 -1.1504518e+002 -1.1743517e+002 -1.1827417e+002 -1.1758525e+002
  1.7600000e+000 -1.2009488e+002 -1.1506792e+002 -1.1734924e+002 -1.1835998e+002 -1.1764218e+002
  1.7666667e+000 -1.2006975e+002 -1.1508086e+002 -1.1754340e+002 -1.1846565e+002 -1.1766292e+002
  1.7733333e+000 -1.2005012e+002 -1.1513059e+002 -1.1754347e+002 -1.1856270e+002 -1.1770813e+002
  1.7800000e+000 -1.1999674e+002 -1.1525118e+002 -1.1738744e+002 -1.1866362e+002 -1.1774693e+002
  1.7866667e+000 -1.1998177e+002 -1.1539464e+002 -1.1744640e+002 -1.1877380e+002 -1.1780231e+002
  1.7933333e+000 -1.1997060e+002 -1.1520537e+002 -1.1772630e+002 -1.1885391e+002 -1.1786237e+002
  1.8000000e+000 -1.1998024e+002 -1.1518304e+002 -1.1774658e+002 -1.1889449e+002 -1.1790268e+002
  1.8066667e+000 -1.1999297e+002 -1.1517659e+002 -1.1767395e+002 -1.1900032e+002 -1.1793501e+002
  1.8133333e+000 -1.1999773e+002 -1.1514539e+002 -1.1778903e+002 -1.1930740e+002 -1.1796104e+002
  1.8200000e+000 -1.2002593e+002 -1.1516850e+002 -1.1784056e+002 -1.1921162e+002 -1.1801099e+002
  1.8266667e+000 -1.2006506e+002 -1.1518594e+002 -1.1783566e+002 -1.1925514e+002 -1.1807942e+002
  1.8333333e+000 -1.2004901e+002 -1.1519963e+002 -1.1782667e+002 -1.1934697e+002 -1.1815743e+002
  1.8400000e+000 -1.2002966e+002 -1.1519266e+002 -1.1778796e+002 -1.1939995e+002 -1.1819376e+002
  1.8466667e+000 -1.1998840e+002 -1.1515764e+002 -1.1783867e+002 -1.1939801e+002 -1.1824362e+002
  1.8533333e+000 -1.1996123e+002 -1.1466277e+002 -1.1793178e+002 -1.1920496e+002 -1.1831537e+002
  1.8600000e+000 -1.1994592e+002 -1.1477905e+002 -1.1797694e+002 -1.1929533e+002 -1.1838709e+002
  1.8666667e+000 -1.1992864e+002 -1.1487314e+002 -1.1805276e+002 -1.1937186e+002 -1.1847377e+002
  1.8733333e+000 -1.1993918e+002 -1.1492864e+002 -1.1814745e+002 -1.1945657e+002 -1.1854974e+002
  1.8800000e+000 -1.1997119e+002 -1.1498276e+002 -1.1814243e+002 -1.1952887e+002 -1.1862212e+002
  1.8866667e+000 -1.1995412e+002 -1.1500540e+002 -1.1815915e+002 -1.1960950e+002 -1.1869742e+002
  1.8933333e+000 -1.1994144e+002 -1.1501411e+002 -1.1822137e+002 -1.1965211e+002 -1.1875421e+002
  1.9000000e+000 -1.1991669e+002 -1.1504141e+002 -1.1831244e+002 -1.1968758e+002 -1.1880940e+002
  1.9066667e+000 -1.1986180e+002 -1.1506337e+002 -1.1834488e+002 -1.1972014e+002 -1.1883804e+002
  1.9133333e+000 -1.1982607e+002 -1.1506938e+002 -1.1843459e+002 -1.1979112e+002 -1.1887708e+002
  1.9200000e+000 -1.1983391e+002 -1.1506876e+002 -1.1841722e+002 -1.1986145e+002 -1.1891235e+002
  1.9266667e+000 -1.1984178e+002 -1.1507979e+002 -1.1843274e+002 -1.1992052e+002 -1.1895975e+002
  1.9333333e+000 -1.1982558e+002 -1.1509163e+002 -1.1847778e+002 -1.1998915e+002 -1.1899377e+002
  1.9400000e+000 -1.1980553e+002 -1.1509367e+002 -1.1847241e+002 -1.2005576e+002 -1.1901798e+002
  1.9466667e+000 -1.1980148e+002 -1.1508736e+002 -1.1844281e+002 -1.2010532e+002 -1.1903537e+002
  1.9533333e+000 -1.1979161e+002 -1.1507256e+002 -1.1857677e+002 -1.2017621e+002 -1.1906693e+002
  1.9600000e+000 -1.1979251e+002 -1.1509323e+002 -1.1862906e+002 -1.2026053e+002 -1.1911231e+002
  1.9666667e+000 -1.1980243e+002 -1.1512264e+002 -1.1855734e+002 -1.2032745e+002 -1.1916707e+002
  1.9733333e+000 -1.1983685e+002 -1.1512471e+002 -1.1850736e+002 -1.2039499e+002 -1.1921025e+002
  1.9800000e+000 -1.1984746e+002 -1.1512526e+002 -1.1855393e+002 -1.2044231e+002 -1.1922922e+002
  1.9866667e+000 -1.1980370e+002 -1.1512558e+002 -1.1862784e+002 -1.2048232e+002 -1.1888342e+002
  1.9933333e+000 -1.1983014e+002 -1.1514264e+002 -1.1858991e+002 -1.2055370e+002 -1.1894319e+002
  2.0000000e+000 -1.1985745e+002 -1.1515146e+002 -1.1868341e+002 -1.2063269e+002 -1.1894667e+002
