 -5.0000000e-001  1.9493909e+002  1.9208887e+002  1.9630409e+002  1.9480371e+002  1.9471175e+002
 -4.9333333e-001  1.9493639e+002  1.9210851e+002  1.9631477e+002  1.9480846e+002  1.9472348e+002
 -4.8666667e-001  1.9492290e+002  1.9212791e+002  1.9633269e+002  1.9479605e+002  1.9473241e+002
 -4.8000000e-001  1.9493112e+002  1.9212558e+002  1.9632965e+002  1.9480453e+002  1.9473869e+002
 -4.7333333e-001  1.9493230e+002  1.9214510e+002  1.9629947e+002  1.9481676e+002  1.9473111e+002
 -4.6666667e-001  1.9493086e+002  1.9219690e+002  1.9629088e+002  1.9481163e+002  1.9473152e+002
 -4.6000000e-001  1.9493623e+002  1.9221295e+002  1.9628436e+002  1.9480541e+002  1.9472624e+002
 -4.5333333e-001  1.9493820e+002  1.9222221e+002  1.9628134e+002  1.9481293e+002  1.9472627e+002
 -4.4666667e-001  1.9494481e+002  1.9224516e+002  1.9627937e+002  1.9482956e+002  1.9473254e+002
 -4.4000000e-001  1.9494562e+002  1.9225984e+002  1.9626945e+002  1.9483116e+002  1.9472934e+002
 -4.3333333e-001  1.9496173e+002  1.9228514e+002  1.9624793e+002  1.9481905e+002  1.9475415e+002
 -4.2666667e-001  1.9496216e+002  1.9231360e+002  1.9622664e+002  1.9480605e+002  1.9476283e+002
 -4.2000000e-001  1.9497516e+002  1.9231972e+002  1.9621809e+002  1.9480103e+002  1.9475699e+002
 -4.1333333e-001  1.9498692e+002  1.9231722e+002  1.9620256e+002  1.9480051e+002  1.9477327e+002
 -4.0666667e-001  1.9499397e+002  1.9233135e+002  1.9619258e+002  1.9481842e+002  1.9478543e+002
 -4.0000000e-001  1.9500375e+002  1.9235150e+002  1.9616612e+002  1.9482068e+002  1.9478862e+002
 -3.9333333e-001  1.9501062e+002  1.9237236e+002  1.9614740e+002  1.9483275e+002  1.9478209e+002
 -3.8666667e-001  1.9501602e+002  1.9239815e+002  1.9614392e+002  1.9484724e+002  1.9479753e+002
 -3.8000000e-001  1.9502712e+002  1.9241649e+002  1.9612325e+002  1.9485573e+002  1.9479781e+002
 -3.7333333e-001  1.9502828e+002  1.9242641e+002  1.9610849e+002  1.9484604e+002  1.9478883e+002
 -3.6666667e-001  1.9502655e+002  1.9243413e+002  1.9611639e+002  1.9486577e+002  1.9479100e+002
 -3.6000000e-001  1.9504796e+002  1.9244516e+002  1.9611452e+002  1.9486879e+002  1.9478122e+002
 -3.5333333e-001  1.9505310e+002  1.9245607e+002  1.9610512e+002  1.9486890e+002  1.9476237e+002
 -3.4666667e-001  1.9502622e+002  1.9246463e+002  1.9611488e+002  1.9486406e+002  1.9476852e+002
 -3.4000000e-001  1.9504489e+002  1.9247928e+002  1.9610373e+002  1.9487132e+002  1.9478239e+002
 -3.3333333e-001  1.9506638e+002  1.9247032e+002  1.9610286e+002  1.9488274e+002  1.9477025e+002
 -3.2666667e-001  1.9505229e+002  1.9242374e+002  1.9612015e+002  1.9488214e+002  1.9477470e+002
 -3.2000000e-001  1.9505103e+002  1.9239801e+002  1.9610231e+002  1.9488356e+002  1.9477033e+002
 -3.1333333e-001  1.9506790e+002  1.9240862e+002  1.9609888e+002  1.9488718e+002  1.9474712e+002
 -3.0666667e-001  1.9506900e+002  1.9238744e+002  1.9610658e+002  1.9491878e+002  1.9475281e+002
 -3.0000000e-001  1.9508685e+002  1.9237048e+002  1.9611041e+002  1.9491951e+002  1.9475577e+002
 -2.9333333e-001  1.9510521e+002  1.9236775e+002  1.9612535e+002  1.9491042e+002  1.9473590e+002
 -2.8666667e-001  1.9511610e+002  1.9235004e+002  1.9612250e+002  1.9490570e+002  1.9471420e+002
 -2.8000000e-001  1.9511906e+002  1.9233868e+002  1.9610791e+002  1.9492142e+002  1.9471117e+002
 -2.7333333e-001  1.9511110e+002  1.9232852e+002  1.9611482e+002  1.9496368e+002  1.9472028e+002
 -2.6666667e-001  1.9511114e+002  1.9230794e+002  1.9612485e+002  1.9497670e+002  1.9470699e+002
 -2.6000000e-001  1.9512585e+002  1.9227641e+002  1.9613776e+002  1.9498102e+002  1.9470100e+002
 -2.5333333e-001  1.9513797e+002  1.9226379e+002  1.9613269e+002  1.9497313e+002  1.9470725e+002
 -2.4666667e-001  1.9512665e+002  1.9225925e+002  1.9610576e+002  1.9498097e+002  1.9471205e+002
 -2.4000000e-001  1.9511264e+002  1.9225807e+002  1.9608990e+002  1.9497295e+002  1.9469118e+002
 -2.3333333e-001  1.9512862e+002  1.9223377e+002  1.9607144e+002  1.9498859e+002  1.9466690e+002
 -2.2666667e-001  1.9512547e+002  1.9222102e+002  1.9606509e+002  1.9501085e+002  1.9464712e+002
 -2.2000000e-001  1.9511055e+002  1.9220140e+002  1.9605887e+002  1.9502533e+002  1.9465691e+002
 -2.1333333e-001  1.9510779e+002  1.9218311e+002  1.9604160e+002  1.9504410e+002  1.9468700e+002
 -2.0666667e-001  1.9508888e+002  1.9218230e+002  1.9601331e+002  1.9504913e+002  1.9468687e+002
 -2.0000000e-001  1.9508661e+002  1.9215858e+002  1.9600264e+002  1.9507205e+002  1.9467333e+002
 -1.9333333e-001  1.9508650e+002  1.9210823e+002  1.9599438e+002  1.9511458e+002  1.9465442e+002
 -1.8666667e-001  1.9507265e+002  1.9208946e+002  1.9599606e+002  1.9510831e+002  1.9465247e+002
 -1.8000000e-001  1.9508095e+002  1.9206880e+002  1.9600865e+002  1.9510410e+002  1.9465530e+002
 -1.7333333e-001  1.9509790e+002  1.9204813e+002  1.9600360e+002  1.9511473e+002  1.9465240e+002
 -1.6666667e-001  1.9509953e+002  1.9204758e+002  1.9600212e+002  1.9512140e+002  1.9464255e+002
 -1.6000000e-001  1.9509944e+002  1.9202571e+002  1.9601074e+002  1.9513184e+002  1.9464418e+002
 -1.5333333e-001  1.9509004e+002  1.9200952e+002  1.9600420e+002  1.9514317e+002  1.9465341e+002
 -1.4666667e-001  1.9506075e+002  1.9200452e+002  1.9600169e+002  1.9514392e+002  1.9464711e+002
 -1.4000000e-001  1.9505656e+002  1.9199045e+002  1.9601798e+002  1.9517454e+002  1.9461711e+002
 -1.3333333e-001  1.9506294e+002  1.9199232e+002  1.9602568e+002  1.9521353e+002  1.9460716e+002
 -1.2666667e-001  1.9507474e+002  1.9197649e+002  1.9602013e+002  1.9520271e+002  1.9461507e+002
 -1.2000000e-001  1.9508112e+002  1.9196104e+002  1.9603146e+002  1.9518188e+002  1.9461034e+002
 -1.1333333e-001  1.9507758e+002  1.9195563e+002  1.9604140e+002  1.9516707e+002  1.9461046e+002
 -1.0666667e-001  1.9507201e+002  1.9194575e+002  1.9603276e+002  1.9516071e+002  1.9462573e+002
 -1.0000000e-001  1.9504211e+002  1.9194934e+002  1.9602808e+002  1.9516038e+002  1.9462209e+002
 -9.3333333e-002  1.9503801e+002  1.9195494e+002  1.9602263e+002  1.9516997e+002  1.9460197e+002
 -8.6666667e-002  1.9504205e+002  1.9195561e+002  1.9603307e+002  1.9517364e+002  1.9458485e+002
 -8.0000000e-002  1.9502740e+002  1.9197022e+002  1.9601811e+002  1.9515445e+002  1.9458014e+002
 -7.3333333e-002  1.9503178e+002  1.9197832e+002  1.9600237e+002  1.9513741e+002  1.9458153e+002
 -6.6666667e-002  1.9503890e+002  1.9198944e+002  1.9601114e+002  1.9509830e+002  1.9459351e+002
 -6.0000000e-002  1.9502449e+002  1.9201271e+002  1.9601854e+002  1.9508490e+002  1.9460295e+002
 -5.3333333e-002  1.9502122e+002  1.9201680e+002  1.9600722e+002  1.9505005e+002  1.9458678e+002
 -4.6666667e-002  1.9502574e+002  1.9201483e+002  1.9600818e+002  1.9500703e+002  1.9458093e+002
 -4.0000000e-002  1.9498785e+002  1.9203722e+002  1.9601109e+002  1.9496976e+002  1.9458022e+002
 -3.3333333e-002  1.9497186e+002  1.9206499e+002  1.9602698e+002  1.9495233e+002  1.9457738e+002
 -2.6666667e-002  1.9497707e+002  1.9206628e+002  1.9603830e+002  1.9492650e+002  1.9457178e+002
 -2.0000000e-002  1.9498566e+002  1.9208769e+002  1.9603111e+002  1.9489409e+002  1.9459258e+002
 -1.3333333e-002  1.9497267e+002  1.9210637e+002  1.9601540e+002  1.9484575e+002  1.9459686e+002
 -6.6666667e-003  1.9496812e+002  1.9212936e+002  1.9601710e+002  1.9481812e+002  1.9458652e+002
  0.0000000e+000  1.9496114e+002  1.9216380e+002  1.9601520e+002  1.9479192e+002  1.9459605e+002
  6.6666667e-003  1.9495453e+002  1.9215912e+002  1.9601958e+002  1.9477583e+002  1.9461890e+002
  1.3333333e-002  1.9494424e+002  1.9216327e+002  1.9602365e+002  1.9472548e+002  1.9462874e+002
  2.0000000e-002  1.9495552e+002  1.9219890e+002  1.9602489e+002  1.9470187e+002  1.9462880e+002
  2.6666667e-002  1.9495874e+002  1.9222549e+002  1.9602339e+002  1.9467473e+002  1.9462823e+002
  3.3333333e-002  1.9495520e+002  1.9224504e+002  1.9601329e+002  1.9462408e+002  1.9462436e+002
  4.0000000e-002  1.9495169e+002  1.9229224e+002  1.9599287e+002  1.9457568e+002  1.9465695e+002
  4.6666667e-002  1.9497603e+002  1.9230141e+002  1.9598206e+002  1.9453842e+002  1.9465004e+002
  5.3333333e-002  1.9498279e+002  1.9229932e+002  1.9597809e+002  1.9450841e+002  1.9464156e+002
  6.0000000e-002  1.9498404e+002  1.9230319e+002  1.9595720e+002  1.9447496e+002  1.9464403e+002
  6.6666667e-002  1.9499382e+002  1.9231715e+002  1.9591540e+002  1.9444693e+002  1.9463321e+002
  7.3333333e-002  1.9499513e+002  1.9233279e+002  1.9587553e+002  1.9443471e+002  1.9462878e+002
  8.0000000e-002  1.9499776e+002  1.9235663e+002  1.9584586e+002  1.9443224e+002  1.9462010e+002
  8.6666667e-002  1.9500980e+002  1.9235844e+002  1.9579094e+002  1.9439972e+002  1.9461104e+002
  9.3333333e-002  1.9503851e+002  1.9236287e+002  1.9573557e+002  1.9437814e+002  1.9458485e+002
  1.0000000e-001  1.9503857e+002  1.9237335e+002  1.9570027e+002  1.9436320e+002  1.9455725e+002
  1.0666667e-001  1.9504066e+002  1.9235661e+002  1.9564287e+002  1.9433482e+002  1.9453462e+002
  1.1333333e-001  1.9501930e+002  1.9236044e+002  1.9559303e+002  1.9429701e+002  1.9450783e+002
  1.2000000e-001  1.9500862e+002  1.9233084e+002  1.9555019e+002  1.9425014e+002  1.9451462e+002
  1.2666667e-001  1.9498753e+002  1.9229237e+002  1.9552538e+002  1.9421639e+002  1.9450768e+002
  1.3333333e-001  1.9492438e+002  1.9225142e+002  1.9551877e+002  1.9417735e+002  1.9448811e+002
  1.4000000e-001  1.9486494e+002  1.9219104e+002  1.9549336e+002  1.9412633e+002  1.9447484e+002
  1.4666667e-001  1.9485103e+002  1.9211083e+002  1.9547069e+002  1.9408054e+002  1.9446883e+002
  1.5333333e-001  1.9488576e+002  1.9202466e+002  1.9548204e+002  1.9403069e+002  1.9446951e+002
  1.6000000e-001  1.9495241e+002  1.9194298e+002  1.9547607e+002  1.9397903e+002  1.9446158e+002
  1.6666667e-001  1.9501419e+002  1.9185602e+002  1.9545973e+002  1.9392479e+002  1.9446107e+002
  1.7333333e-001  1.9500940e+002  1.9176433e+002  1.9542557e+002  1.9384514e+002  1.9443749e+002
  1.8000000e-001  1.9493147e+002  1.9163149e+002  1.9537297e+002  1.9376556e+002  1.9438968e+002
  1.8666667e-001  1.9476363e+002  1.9146059e+002  1.9530675e+002  1.9364148e+002  1.9431711e+002
  1.9333333e-001  1.9455719e+002  1.9129884e+002  1.9522827e+002  1.9343983e+002  1.9420912e+002
  2.0000000e-001  1.9431244e+002  1.9109082e+002  1.9512567e+002  1.9320012e+002  1.9403793e+002
  2.0666667e-001  1.9401985e+002  1.9083633e+002  1.9500436e+002  1.9296025e+002  1.9383077e+002
  2.1333333e-001  1.9368387e+002  1.9054952e+002  1.9487631e+002  1.9273787e+002  1.9361580e+002
  2.2000000e-001  1.9326855e+002  1.9026504e+002  1.9473134e+002  1.9250156e+002  1.9339429e+002
  2.2666667e-001  1.9282170e+002  1.8994284e+002  1.9458008e+002  1.9228395e+002  1.9314258e+002
  2.3333333e-001  1.9237468e+002  1.8957509e+002  1.9444038e+002  1.9205908e+002  1.9291678e+002
  2.4000000e-001  1.9194379e+002  1.8919305e+002  1.9430392e+002  1.9179575e+002  1.9274078e+002
  2.4666667e-001  1.9151061e+002  1.8874918e+002  1.9411914e+002  1.9154781e+002  1.9258305e+002
  2.5333333e-001  1.9104688e+002  1.8826590e+002  1.9394298e+002  1.9127351e+002  1.9244054e+002
  2.6000000e-001  1.9050551e+002  1.8773877e+002  1.9376450e+002  1.9102036e+002  1.9232695e+002
  2.6666667e-001  1.8993799e+002  1.8721915e+002  1.9353235e+002  1.9075635e+002  1.9219656e+002
  2.7333333e-001  1.8930046e+002  1.8671349e+002  1.9332709e+002  1.9045193e+002  1.9203062e+002
  2.8000000e-001  1.8851610e+002  1.8620039e+002  1.9310114e+002  1.9003983e+002  1.9184698e+002
  2.8666667e-001  1.8771281e+002  1.8572917e+002  1.9282459e+002  1.8950299e+002  1.9164821e+002
  2.9333333e-001  1.8695505e+002  1.8537593e+002  1.9243999e+002  1.8902006e+002  1.9140967e+002
  3.0000000e-001  1.8621628e+002  1.8506496e+002  1.9194487e+002  1.8859732e+002  1.9111449e+002
  3.0666667e-001  1.8548880e+002  1.8478731e+002  1.9135762e+002  1.8816655e+002  1.9071208e+002
  3.1333333e-001  1.8479271e+002  1.8457347e+002  1.9072861e+002  1.8781000e+002  1.9023875e+002
  3.2000000e-001  1.8417931e+002  1.8438469e+002  1.9005803e+002  1.8755150e+002  1.8967699e+002
  3.2666667e-001  1.8364052e+002  1.8432665e+002  1.8937874e+002  1.8735606e+002  1.8906689e+002
  3.3333333e-001  1.8315840e+002  1.8442897e+002  1.8870403e+002  1.8711328e+002  1.8844475e+002
  3.4000000e-001  1.8271178e+002  1.8466452e+002  1.8804077e+002  1.8687460e+002  1.8777689e+002
  3.4666667e-001  1.8229161e+002  1.8491328e+002  1.8739906e+002  1.8665288e+002  1.8709734e+002
  3.5333333e-001  1.8174229e+002  1.8506456e+002  1.8681511e+002  1.8639116e+002  1.8647919e+002
  3.6000000e-001  1.8094348e+002  1.8503484e+002  1.8626631e+002  1.8603093e+002  1.8596184e+002
  3.6666667e-001  1.7983716e+002  1.8484828e+002  1.8573827e+002  1.8558557e+002  1.8555425e+002
  3.7333333e-001  1.7848587e+002  1.8450832e+002  1.8529927e+002  1.8501914e+002  1.8525911e+002
  3.8000000e-001  1.7704486e+002  1.8396536e+002  1.8486885e+002  1.8441969e+002  1.8507709e+002
  3.8666667e-001  1.7566362e+002  1.8330113e+002  1.8443221e+002  1.8374666e+002  1.8495029e+002
  3.9333333e-001  1.7445764e+002  1.8270764e+002  1.8393771e+002  1.8295769e+002  1.8482565e+002
  4.0000000e-001  1.7341328e+002  1.8236147e+002  1.8336632e+002  1.8225545e+002  1.8454782e+002
  4.0666667e-001  1.7258060e+002  1.8215685e+002  1.8267113e+002  1.8165199e+002  1.8407281e+002
  4.1333333e-001  1.7189163e+002  1.8215659e+002  1.8191072e+002  1.8109683e+002  1.8345566e+002
  4.2000000e-001  1.7126683e+002  1.8226791e+002  1.8111221e+002  1.8060963e+002  1.8272078e+002
  4.2666667e-001  1.7060283e+002  1.8227887e+002  1.8027083e+002  1.8015929e+002  1.8191252e+002
  4.3333333e-001  1.6991202e+002  1.8226195e+002  1.7941814e+002  1.7971350e+002  1.8106055e+002
  4.4000000e-001  1.6917642e+002  1.8214471e+002  1.7858929e+002  1.7923833e+002  1.8014685e+002
  4.4666667e-001  1.6837361e+002  1.8186429e+002  1.7779617e+002  1.7873279e+002  1.7929225e+002
  4.5333333e-001  1.6758896e+002  1.8148836e+002  1.7706599e+002  1.7817004e+002  1.7851717e+002
  4.6000000e-001  1.6683301e+002  1.8116399e+002  1.7640742e+002  1.7755023e+002  1.7773593e+002
  4.6666667e-001  1.6608267e+002  1.8078648e+002  1.7590706e+002  1.7695758e+002  1.7701242e+002
  4.7333333e-001  1.6530130e+002  1.8037009e+002  1.7551135e+002  1.7636394e+002  1.7630891e+002
  4.8000000e-001  1.6448979e+002  1.7997292e+002  1.7513023e+002  1.7573422e+002  1.7560449e+002
  4.8666667e-001  1.6367262e+002  1.7959053e+002  1.7468806e+002  1.7519888e+002  1.7489607e+002
  4.9333333e-001  1.6282556e+002  1.7931911e+002  1.7422218e+002  1.7474193e+002  1.7418567e+002
  5.0000000e-001  1.6199759e+002  1.7902786e+002  1.7370007e+002  1.7431377e+002  1.7345197e+002
  5.0666667e-001  1.6116058e+002  1.7873364e+002  1.7315791e+002  1.7389311e+002  1.7271153e+002
  5.1333333e-001  1.6028976e+002  1.7854942e+002  1.7260474e+002  1.7341919e+002  1.7201086e+002
  5.2000000e-001  1.5943428e+002  1.7842541e+002  1.7202379e+002  1.7293401e+002  1.7133041e+002
  5.2666667e-001  1.5857001e+002  1.7830672e+002  1.7144106e+002  1.7256689e+002  1.7066882e+002
  5.3333333e-001  1.5766518e+002  1.7816115e+002  1.7148990e+002  1.7231100e+002  1.7004236e+002
  5.4000000e-001  1.5673261e+002  1.7803375e+002  1.7089525e+002  1.7209311e+002  1.6941232e+002
  5.4666667e-001  1.5577200e+002  1.7795056e+002  1.7024007e+002  1.7184047e+002  1.6883365e+002
  5.5333333e-001  1.5476247e+002  1.7792819e+002  1.6867168e+002  1.7157417e+002  1.6831006e+002
  5.6000000e-001  1.5364383e+002  1.7791130e+002  1.6776579e+002  1.7134587e+002  1.6783717e+002
  5.6666667e-001  1.5250044e+002  1.7788907e+002  1.6673173e+002  1.7107823e+002  1.6737070e+002
  5.7333333e-001  1.5146034e+002  1.7786464e+002  1.6564107e+002  1.7078839e+002  1.6692329e+002
  5.8000000e-001  1.5055205e+002  1.7782455e+002  1.6454306e+002  1.7055318e+002  1.6648230e+002
  5.8666667e-001  1.4976891e+002  1.7774518e+002  1.6349429e+002  1.7114832e+002  1.6603355e+002
  5.9333333e-001  1.4930115e+002  1.7768291e+002  1.6251798e+002  1.7100417e+002  1.6564984e+002
  6.0000000e-001  1.4910814e+002  1.7768228e+002  1.6166000e+002  1.7076750e+002  1.6526071e+002
  6.0666667e-001  1.4898978e+002  1.7765660e+002  1.6087370e+002  1.7054799e+002  1.6486328e+002
  6.1333333e-001  1.4895021e+002  1.7760413e+002  1.6017262e+002  1.7040366e+002  1.6448596e+002
  6.2000000e-001  1.4896962e+002  1.7759357e+002  1.5952524e+002  1.7015788e+002  1.6404175e+002
  6.2666667e-001  1.4891721e+002  1.7766086e+002  1.5890402e+002  1.6982538e+002  1.6361847e+002
  6.3333333e-001  1.4884621e+002  1.7769388e+002  1.5824669e+002  1.6952873e+002  1.6326236e+002
  6.4000000e-001  1.4882277e+002  1.7762949e+002  1.5751186e+002  1.6915695e+002  1.6285547e+002
  6.4666667e-001  1.4885054e+002  1.7763124e+002  1.5674725e+002  1.6887137e+002  1.6232475e+002
  6.5333333e-001  1.4888066e+002  1.7765233e+002  1.5609923e+002  1.6858406e+002  1.6186627e+002
  6.6000000e-001  1.4886230e+002  1.7759148e+002  1.5536148e+002  1.6829018e+002  1.6143506e+002
  6.6666667e-001  1.4879013e+002  1.7756520e+002  1.5456273e+002  1.6712314e+002  1.6095018e+002
  6.7333333e-001  1.4874499e+002  1.7749818e+002  1.5378496e+002  1.6691795e+002  1.6043764e+002
  6.8000000e-001  1.4865611e+002  1.7745020e+002  1.5292108e+002  1.6676134e+002  1.5995651e+002
  6.8666667e-001  1.4858191e+002  1.7741995e+002  1.5215392e+002  1.6659314e+002  1.5949857e+002
  6.9333333e-001  1.4850655e+002  1.7736618e+002  1.5147545e+002  1.6647739e+002  1.5907028e+002
  7.0000000e-001  1.4839140e+002  1.7737599e+002  1.5088086e+002  1.6638812e+002  1.5875323e+002
  7.0666667e-001  1.4827673e+002  1.7741051e+002  1.5042807e+002  1.6633737e+002  1.5847339e+002
  7.1333333e-001  1.4828491e+002  1.7744132e+002  1.5009814e+002  1.6640289e+002  1.5929826e+002
  7.2000000e-001  1.4833888e+002  1.7750981e+002  1.4981958e+002  1.6650974e+002  1.5912941e+002
  7.2666667e-001  1.4836920e+002  1.7761385e+002  1.4966165e+002  1.6666064e+002  1.5899188e+002
  7.3333333e-001  1.4853313e+002  1.7766890e+002  1.4959061e+002  1.6677835e+002  1.5890550e+002
  7.4000000e-001  1.4866074e+002  1.7770573e+002  1.4960875e+002  1.6683623e+002  1.5881276e+002
  7.4666667e-001  1.4967445e+002  1.7779915e+002  1.4975696e+002  1.6700169e+002  1.5864278e+002
  7.5333333e-001  1.4980734e+002  1.7788110e+002  1.5005489e+002  1.6710204e+002  1.5844887e+002
  7.6000000e-001  1.4886049e+002  1.7793430e+002  1.5037125e+002  1.6710672e+002  1.5844391e+002
  7.6666667e-001  1.4887706e+002  1.7804370e+002  1.5058449e+002  1.6715947e+002  1.5838536e+002
  7.7333333e-001  1.4890668e+002  1.7811365e+002  1.5068999e+002  1.6719524e+002  1.5809590e+002
  7.8000000e-001  1.4890465e+002  1.7817404e+002  1.5065418e+002  1.6721718e+002  1.5791229e+002
  7.8666667e-001  1.4887915e+002  1.7824973e+002  1.5042136e+002  1.6717088e+002  1.5784523e+002
  7.9333333e-001  1.4887227e+002  1.7831363e+002  1.5012561e+002  1.6718098e+002  1.5779181e+002
  8.0000000e-001  1.4889255e+002  1.7837450e+002  1.4991962e+002  1.6721092e+002  1.5775011e+002
  8.0666667e-001  1.4893356e+002  1.7840814e+002  1.4988402e+002  1.6720563e+002  1.5771584e+002
  8.1333333e-001  1.4894112e+002  1.7846851e+002  1.4992070e+002  1.6720836e+002  1.5760504e+002
  8.2000000e-001  1.4895212e+002  1.7850870e+002  1.4999087e+002  1.6727756e+002  1.5757987e+002
  8.2666667e-001  1.4900639e+002  1.7855573e+002  1.5016869e+002  1.6741673e+002  1.5764317e+002
  8.3333333e-001  1.4909720e+002  1.7860393e+002  1.5049509e+002  1.6757741e+002  1.5761357e+002
  8.4000000e-001  1.4917822e+002  1.7863422e+002  1.5104533e+002  1.6775468e+002  1.5757115e+002
  8.4666667e-001  1.4925707e+002  1.7868584e+002  1.5172621e+002  1.6794116e+002  1.5755728e+002
  8.5333333e-001  1.4937572e+002  1.7875574e+002  1.5235179e+002  1.6817218e+002  1.5751863e+002
  8.6000000e-001  1.4951379e+002  1.7883910e+002  1.5268855e+002  1.6844702e+002  1.5758392e+002
  8.6666667e-001  1.4963228e+002  1.7888960e+002  1.5297704e+002  1.6872960e+002  1.5762267e+002
  8.7333333e-001  1.4974237e+002  1.7899229e+002  1.5364865e+002  1.6904050e+002  1.5767183e+002
  8.8000000e-001  1.4983261e+002  1.7906296e+002  1.5497228e+002  1.6928369e+002  1.5772435e+002
  8.8666667e-001  1.4985831e+002  1.7914726e+002  1.5702237e+002  1.6951765e+002  1.5775839e+002
  8.9333333e-001  1.4987944e+002  1.7924391e+002  1.5985339e+002  1.6975888e+002  1.5781738e+002
  9.0000000e-001  1.4994045e+002  1.7932787e+002  1.6316447e+002  1.7003096e+002  1.5788062e+002
  9.0666667e-001  1.4999660e+002  1.7943152e+002  1.6648708e+002  1.7024451e+002  1.5791319e+002
  9.1333333e-001  1.4999419e+002  1.7951277e+002  1.6956426e+002  1.7044444e+002  1.5793886e+002
  9.2000000e-001  1.5000987e+002  1.7959929e+002  1.7227307e+002  1.7072134e+002  1.5807201e+002
  9.2666667e-001  1.5010261e+002  1.7968544e+002  1.7476710e+002  1.7094580e+002  1.5808691e+002
  9.3333333e-001  1.5020578e+002  1.7979831e+002  1.7724724e+002  1.7117049e+002  1.5810217e+002
  9.4000000e-001  1.5028056e+002  1.7990959e+002  1.7967656e+002  1.7140031e+002  1.5820831e+002
  9.4666667e-001  1.5037087e+002  1.8001030e+002  1.8202663e+002  1.7159032e+002  1.5817575e+002
  9.5333333e-001  1.5051453e+002  1.8011485e+002  1.8418568e+002  1.7181090e+002  1.5822647e+002
  9.6000000e-001  1.5060428e+002  1.8022559e+002  1.8610425e+002  1.7203684e+002  1.5833939e+002
  9.6666667e-001  1.5062807e+002  1.8031589e+002  1.8800360e+002  1.7224731e+002  1.5832454e+002
  9.7333333e-001  1.5068927e+002  1.8041440e+002  1.8992024e+002  1.7246040e+002  1.5825490e+002
  9.8000000e-001  1.5079663e+002  1.8049554e+002  1.9178638e+002  1.7266574e+002  1.5835693e+002
  9.8666667e-001  1.5092912e+002  1.8059999e+002  1.9362421e+002  1.7290776e+002  1.5840302e+002
  9.9333333e-001  1.5099478e+002  1.8065941e+002  1.9525001e+002  1.7318362e+002  1.5829773e+002
  1.0000000e+000  1.5103908e+002  1.8073071e+002  1.9659557e+002  1.7345383e+002  1.5835138e+002
  1.0066667e+000  1.5110765e+002  1.8083344e+002  1.9767267e+002  1.7369804e+002  1.5842516e+002
  1.0133333e+000  1.5120572e+002  1.8088934e+002  1.9841038e+002  1.7396725e+002  1.5735292e+002
  1.0200000e+000  1.5132487e+002  1.8095657e+002  1.9883519e+002  1.7424670e+002  1.5852714e+002
  1.0266667e+000  1.5148085e+002  1.8101221e+002  1.9900339e+002  1.7452669e+002  1.5864638e+002
  1.0333333e+000  1.5164259e+002  1.8107069e+002  1.9897693e+002  1.7484071e+002  1.5753528e+002
  1.0400000e+000  1.5178987e+002  1.8116139e+002  1.9882347e+002  1.7517654e+002  1.5749626e+002
  1.0466667e+000  1.5197293e+002  1.8123106e+002  1.9856912e+002  1.7551772e+002  1.5756262e+002
  1.0533333e+000  1.5220886e+002  1.8131648e+002  1.9824835e+002  1.7588126e+002  1.5763939e+002
  1.0600000e+000  1.5249536e+002  1.8141975e+002  1.9783363e+002  1.7626010e+002  1.5764887e+002
  1.0666667e+000  1.5279099e+002  1.8153069e+002  1.9737883e+002  1.7663924e+002  1.5770373e+002
  1.0733333e+000  1.5310698e+002  1.8164702e+002  1.9679996e+002  1.7704011e+002  1.5781497e+002
  1.0800000e+000  1.5352217e+002  1.8178670e+002  1.9600966e+002  1.7744670e+002  1.5790352e+002
  1.0866667e+000  1.5395522e+002  1.8195166e+002  1.9517479e+002  1.7784522e+002  1.5797693e+002
  1.0933333e+000  1.5436398e+002  1.8212549e+002  1.9462318e+002  1.7822124e+002  1.5812659e+002
  1.1000000e+000  1.5476466e+002  1.8226622e+002  1.9413489e+002  1.7858809e+002  1.5831892e+002
  1.1066667e+000  1.5514800e+002  1.8242105e+002  1.9321669e+002  1.7895128e+002  1.5856403e+002
  1.1133333e+000  1.5555620e+002  1.8262297e+002  1.9209319e+002  1.7928589e+002  1.5889371e+002
  1.1200000e+000  1.5593103e+002  1.8280147e+002  1.9075130e+002  1.7960942e+002  1.5918948e+002
  1.1266667e+000  1.5631670e+002  1.8296304e+002  1.8922313e+002  1.7993507e+002  1.5951561e+002
  1.1333333e+000  1.5672690e+002  1.8315042e+002  1.8782436e+002  1.8024416e+002  1.5992311e+002
  1.1400000e+000  1.5711063e+002  1.8336997e+002  1.8554985e+002  1.8050359e+002  1.6034786e+002
  1.1466667e+000  1.5748242e+002  1.8361639e+002  1.8396974e+002  1.8076939e+002  1.6081424e+002
  1.1533333e+000  1.5792412e+002  1.8387035e+002  1.8257411e+002  1.8104153e+002  1.6130118e+002
  1.1600000e+000  1.5837558e+002  1.8414877e+002  1.8126854e+002  1.8132062e+002  1.6181778e+002
  1.1666667e+000  1.5885741e+002  1.8445874e+002  1.8038046e+002  1.8159180e+002  1.6230428e+002
  1.1733333e+000  1.5936905e+002  1.8478665e+002  1.7964043e+002  1.8186847e+002  1.6281157e+002
  1.1800000e+000  1.5981851e+002  1.8511591e+002  1.7856426e+002  1.8209784e+002  1.6336562e+002
  1.1866667e+000  1.6030760e+002  1.8543118e+002  1.7750229e+002  1.8236096e+002  1.6395291e+002
  1.1933333e+000  1.6091719e+002  1.8576132e+002  1.7645273e+002  1.8264253e+002  1.6451845e+002
  1.2000000e+000  1.6154350e+002  1.8613855e+002  1.7523422e+002  1.8293451e+002  1.6509923e+002
  1.2066667e+000  1.6216425e+002  1.8652414e+002  1.7402844e+002  1.8324522e+002  1.6568680e+002
  1.2133333e+000  1.6281111e+002  1.8691397e+002  1.7276828e+002  1.8351755e+002  1.6627091e+002
  1.2200000e+000  1.6347873e+002  1.8727203e+002  1.7153572e+002  1.8378209e+002  1.6692177e+002
  1.2266667e+000  1.6417613e+002  1.8765819e+002  1.7016597e+002  1.8406227e+002  1.6762563e+002
  1.2333333e+000  1.6490175e+002  1.8808249e+002  1.6890192e+002  1.8438559e+002  1.6834457e+002
  1.2400000e+000  1.6562436e+002  1.8854558e+002  1.6764998e+002  1.8468747e+002  1.6904556e+002
  1.2466667e+000  1.6632364e+002  1.8901109e+002  1.6633815e+002  1.8502853e+002  1.6972771e+002
  1.2533333e+000  1.6708601e+002  1.8946533e+002  1.6524002e+002  1.8534772e+002  1.7042348e+002
  1.2600000e+000  1.6789331e+002  1.8999872e+002  1.6436922e+002  1.8562805e+002  1.7110143e+002
  1.2666667e+000  1.6874632e+002  1.9055902e+002  1.6364516e+002  1.8592879e+002  1.7176459e+002
  1.2733333e+000  1.6966260e+002  1.9107840e+002  1.6295462e+002  1.8622430e+002  1.7239291e+002
  1.2800000e+000  1.7056506e+002  1.9162483e+002  1.6235060e+002  1.8650102e+002  1.7298225e+002
  1.2866667e+000  1.7145343e+002  1.9219885e+002  1.6181967e+002  1.8674870e+002  1.7355985e+002
  1.2933333e+000  1.7231538e+002  1.9269621e+002  1.6133667e+002  1.8692798e+002  1.7411057e+002
  1.3000000e+000  1.7326538e+002  1.9318646e+002  1.6082899e+002  1.8712965e+002  1.7470137e+002
  1.3066667e+000  1.7432665e+002  1.9366689e+002  1.6037407e+002  1.8729903e+002  1.7527324e+002
  1.3133333e+000  1.7540247e+002  1.9412209e+002  1.5985176e+002  1.8743617e+002  1.7584061e+002
  1.3200000e+000  1.7658232e+002  1.9450626e+002  1.5919814e+002  1.8761762e+002  1.7639870e+002
  1.3266667e+000  1.7778214e+002  1.9484029e+002  1.5851450e+002  1.8780774e+002  1.7704399e+002
  1.3333333e+000  1.7892299e+002  1.9513475e+002  1.5790730e+002  1.8796005e+002  1.7765114e+002
  1.3400000e+000  1.8000728e+002  1.9534717e+002  1.5716425e+002  1.8809566e+002  1.7826926e+002
  1.3466667e+000  1.8112180e+002  1.9543558e+002  1.5637700e+002  1.8821050e+002  1.7882454e+002
  1.3533333e+000  1.8211665e+002  1.9547972e+002  1.5564650e+002  1.8835693e+002  1.7937056e+002
  1.3600000e+000  1.8291345e+002  1.9550145e+002  1.5473412e+002  1.8847974e+002  1.7989250e+002
  1.3666667e+000  1.8367195e+002  1.9543585e+002  1.5390776e+002  1.8857970e+002  1.8034824e+002
  1.3733333e+000  1.8433295e+002  1.9539275e+002  1.5316177e+002  1.8863484e+002  1.8080290e+002
  1.3800000e+000  1.8485017e+002  1.9532018e+002  1.5240747e+002  1.8870380e+002  1.8119229e+002
  1.3866667e+000  1.8532907e+002  1.9528464e+002  1.5171730e+002  1.8874383e+002  1.8150075e+002
  1.3933333e+000  1.8574352e+002  1.9529872e+002  1.5100601e+002  1.8875931e+002  1.8178302e+002
  1.4000000e+000  1.8612999e+002  1.9531532e+002  1.5017990e+002  1.8878532e+002  1.8201927e+002
  1.4066667e+000  1.8647127e+002  1.9534967e+002  1.4949561e+002  1.8882820e+002  1.8220789e+002
  1.4133333e+000  1.8681471e+002  1.9534776e+002  1.4848358e+002  1.8890419e+002  1.8238570e+002
  1.4200000e+000  1.8719836e+002  1.9548853e+002  1.4789197e+002  1.8894476e+002  1.8257959e+002
  1.4266667e+000  1.8759094e+002  1.9546732e+002  1.4735220e+002  1.8895058e+002  1.8282402e+002
  1.4333333e+000  1.8789998e+002  1.9542435e+002  1.4693507e+002  1.8897020e+002  1.8307587e+002
  1.4400000e+000  1.8824383e+002  1.9532930e+002  1.4714835e+002  1.8900658e+002  1.8339157e+002
  1.4466667e+000  1.8857989e+002  1.9525200e+002  1.4730000e+002  1.8903784e+002  1.8373228e+002
  1.4533333e+000  1.8887131e+002  1.9520120e+002  1.4711363e+002  1.8904771e+002  1.8408763e+002
  1.4600000e+000  1.8913423e+002  1.9508357e+002  1.4698094e+002  1.8910394e+002  1.8444363e+002
  1.4666667e+000  1.8931290e+002  1.9501814e+002  1.4699852e+002  1.8915991e+002  1.8476090e+002
  1.4733333e+000  1.8956715e+002  1.9497853e+002  1.4670458e+002  1.8917505e+002  1.8507082e+002
  1.4800000e+000  1.8978755e+002  1.9483746e+002  1.4687410e+002  1.8920380e+002  1.8536717e+002
  1.4866667e+000  1.9003082e+002  1.9469031e+002  1.4707976e+002  1.8923216e+002  1.8559255e+002
  1.4933333e+000  1.9028807e+002  1.9455150e+002  1.4737344e+002  1.8924226e+002  1.8573219e+002
  1.5000000e+000  1.9055011e+002  1.9439868e+002  1.4769345e+002  1.8928378e+002  1.8584065e+002
  1.5066667e+000  1.9085869e+002  1.9424597e+002  1.4801800e+002  1.8934024e+002  1.8588657e+002
  1.5133333e+000  1.9125687e+002  1.9408798e+002  1.4841098e+002  1.8942047e+002  1.8596878e+002
  1.5200000e+000  1.9160246e+002  1.9387477e+002  1.4884302e+002  1.8950047e+002  1.8605040e+002
  1.5266667e+000  1.9216023e+002  1.9365633e+002  1.4932727e+002  1.8957729e+002  1.8608000e+002
  1.5333333e+000  1.9255756e+002  1.9354719e+002  1.4986542e+002  1.8963376e+002  1.8612875e+002
  1.5400000e+000  1.9279959e+002  1.9339569e+002  1.5043474e+002  1.8973393e+002  1.8622502e+002
  1.5466667e+000  1.9310101e+002  1.9323863e+002  1.5101236e+002  1.8982642e+002  1.8631967e+002
  1.5533333e+000  1.9270876e+002  1.9327583e+002  1.5157893e+002  1.8989592e+002  1.8642857e+002
  1.5600000e+000  1.9373183e+002  1.9321004e+002  1.5213997e+002  1.8998206e+002  1.8655510e+002
  1.5666667e+000  1.9484795e+002  1.9301140e+002  1.5271956e+002  1.9008254e+002  1.8668843e+002
  1.5733333e+000  1.9417328e+002  1.9295653e+002  1.5333621e+002  1.9019882e+002  1.8684897e+002
  1.5800000e+000  1.9369421e+002  1.9293657e+002  1.5394011e+002  1.9030075e+002  1.8701502e+002
  1.5866667e+000  1.9457846e+002  1.9301999e+002  1.5455641e+002  1.9040033e+002  1.8716594e+002
  1.5933333e+000  1.9481761e+002  1.9303793e+002  1.5522540e+002  1.9047620e+002  1.8733952e+002
  1.6000000e+000  1.9502290e+002  1.9294862e+002  1.5591315e+002  1.9050514e+002  1.8755835e+002
  1.6066667e+000  1.9518027e+002  1.9298894e+002  1.5666435e+002  1.9051825e+002  1.8777701e+002
  1.6133333e+000  1.9531653e+002  1.9276872e+002  1.5748904e+002  1.9057018e+002  1.8797318e+002
  1.6200000e+000  1.9546852e+002  1.9287286e+002  1.5832793e+002  1.9062653e+002  1.8816019e+002
  1.6266667e+000  1.9557973e+002  1.9295215e+002  1.5919830e+002  1.9065344e+002  1.8836112e+002
  1.6333333e+000  1.9567433e+002  1.9302155e+002  1.6011124e+002  1.9066733e+002  1.8856372e+002
  1.6400000e+000  1.9578377e+002  1.9301608e+002  1.6104265e+002  1.9069550e+002  1.8874200e+002
  1.6466667e+000  1.9585971e+002  1.9314960e+002  1.6200964e+002  1.9071266e+002  1.8888081e+002
  1.6533333e+000  1.9594399e+002  1.9325626e+002  1.6298450e+002  1.9071188e+002  1.8903824e+002
  1.6600000e+000  1.9601323e+002  1.9337083e+002  1.6395273e+002  1.9074475e+002  1.8919945e+002
  1.6666667e+000  1.9609312e+002  1.9357117e+002  1.6486314e+002  1.9074764e+002  1.8932094e+002
  1.6733333e+000  1.9613554e+002  1.9364742e+002  1.6575617e+002  1.9072652e+002  1.8944711e+002
  1.6800000e+000  1.9611317e+002  1.9370271e+002  1.6663339e+002  1.9072711e+002  1.8958221e+002
  1.6866667e+000  1.9610724e+002  1.9384049e+002  1.6747806e+002  1.9069658e+002  1.8971902e+002
  1.6933333e+000  1.9610733e+002  1.9395596e+002  1.6834523e+002  1.9068218e+002  1.8985426e+002
  1.7000000e+000  1.9609683e+002  1.9415212e+002  1.6923019e+002  1.9071887e+002  1.9000806e+002
  1.7066667e+000  1.9609679e+002  1.9424797e+002  1.7015079e+002  1.9070711e+002  1.9017459e+002
  1.7133333e+000  1.9606331e+002  1.9429942e+002  1.7110545e+002  1.9069516e+002  1.9033905e+002
  1.7200000e+000  1.9600420e+002  1.9426561e+002  1.7206703e+002  1.9068813e+002  1.9046303e+002
  1.7266667e+000  1.9597063e+002  1.9426282e+002  1.7305795e+002  1.9067752e+002  1.9061678e+002
  1.7333333e+000  1.9593494e+002  1.9421535e+002  1.7404102e+002  1.9065865e+002  1.9082147e+002
  1.7400000e+000  1.9586501e+002  1.9424542e+002  1.7490605e+002  1.9065407e+002  1.9097101e+002
  1.7466667e+000  1.9579163e+002  1.9430737e+002  1.7570865e+002  1.9065149e+002  1.9110414e+002
  1.7533333e+000  1.9577364e+002  1.9414345e+002  1.7647179e+002  1.9065076e+002  1.9123505e+002
  1.7600000e+000  1.9575385e+002  1.9398540e+002  1.7717653e+002  1.9065135e+002  1.9133299e+002
  1.7666667e+000  1.9570099e+002  1.9397273e+002  1.7783110e+002  1.9069222e+002  1.9146034e+002
  1.7733333e+000  1.9565849e+002  1.9396378e+002  1.7843384e+002  1.9073241e+002  1.9159532e+002
  1.7800000e+000  1.9564691e+002  1.9394501e+002  1.7901177e+002  1.9075320e+002  1.9168060e+002
  1.7866667e+000  1.9560284e+002  1.9388974e+002  1.7950998e+002  1.9079727e+002  1.9178001e+002
  1.7933333e+000  1.9552306e+002  1.9392127e+002  1.8002846e+002  1.9079407e+002  1.9189265e+002
  1.8000000e+000  1.9549005e+002  1.9387303e+002  1.8056978e+002  1.9081319e+002  1.9197151e+002
  1.8066667e+000  1.9543600e+002  1.9370813e+002  1.8103066e+002  1.9082683e+002  1.9203862e+002
  1.8133333e+000  1.9539793e+002  1.9364742e+002  1.8154336e+002  1.9083740e+002  1.9208533e+002
  1.8200000e+000  1.9538568e+002  1.9362814e+002  1.8207697e+002  1.9086836e+002  1.9210181e+002
  1.8266667e+000  1.9459402e+002  1.9346317e+002  1.8260590e+002  1.9088785e+002  1.9210619e+002
  1.8333333e+000  1.9543015e+002  1.9349326e+002  1.8315814e+002  1.9089743e+002  1.9212389e+002
  1.8400000e+000  1.9519997e+002  1.9347881e+002  1.8371440e+002  1.9088690e+002  1.9215508e+002
  1.8466667e+000  1.9509071e+002  1.9337799e+002  1.8427951e+002  1.9090096e+002  1.9213561e+002
  1.8533333e+000  1.9501724e+002  1.9331540e+002  1.8487808e+002  1.9088350e+002  1.9214374e+002
  1.8600000e+000  1.9504485e+002  1.9329575e+002  1.8550026e+002  1.9088792e+002  1.9215370e+002
  1.8666667e+000  1.9408128e+002  1.9328328e+002  1.8610326e+002  1.9089589e+002  1.9215155e+002
  1.8733333e+000  1.9398241e+002  1.9324117e+002  1.8667642e+002  1.9086223e+002  1.9216676e+002
  1.8800000e+000  1.9464149e+002  1.9321812e+002  1.8726559e+002  1.9082753e+002  1.9217831e+002
  1.8866667e+000  1.9544092e+002  1.9323891e+002  1.8783591e+002  1.9082428e+002  1.9219075e+002
  1.8933333e+000  1.9438298e+002  1.9318747e+002  1.8837665e+002  1.9085089e+002  1.9221094e+002
  1.9000000e+000  1.9345467e+002  1.9312958e+002  1.8884787e+002  1.9088571e+002  1.9220561e+002
  1.9066667e+000  1.9419864e+002  1.9301065e+002  1.8935420e+002  1.9090088e+002  1.9221639e+002
  1.9133333e+000  1.9377451e+002  1.9300305e+002  1.8984328e+002  1.9090538e+002  1.9224896e+002
  1.9200000e+000  1.9358955e+002  1.9295839e+002  1.9028439e+002  1.9089688e+002  1.9222144e+002
  1.9266667e+000  1.9354163e+002  1.9293657e+002  1.9069644e+002  1.9092163e+002  1.9221065e+002
  1.9333333e+000  1.9242873e+002  1.9301761e+002  1.9101880e+002  1.9092165e+002  1.9221759e+002
  1.9400000e+000  1.9287721e+002  1.9295750e+002  1.9136585e+002  1.9090697e+002  1.9223277e+002
  1.9466667e+000  1.9349956e+002  1.9289360e+002  1.9169238e+002  1.9089995e+002  1.9222310e+002
  1.9533333e+000  1.9240569e+002  1.9280663e+002  1.9194519e+002  1.9089882e+002  1.9219373e+002
  1.9600000e+000  1.9218733e+002  1.9265797e+002  1.9222496e+002  1.9086554e+002  1.9215006e+002
  1.9666667e+000  1.9094029e+002  1.9248262e+002  1.9246147e+002  1.9085176e+002  1.9210605e+002
  1.9733333e+000  1.9078834e+002  1.9241930e+002  1.9265671e+002  1.9084639e+002  1.9204416e+002
  1.9800000e+000  1.9144475e+002  1.9231285e+002  1.9281432e+002  1.9083667e+002  1.9199619e+002
  1.9866667e+000  1.9109807e+002  1.9188612e+002  1.9296988e+002  1.9081699e+002  1.9196179e+002
  1.9933333e+000  1.9090297e+002  1.9179999e+002  1.9311523e+002  1.9079192e+002  1.9189731e+002
  2.0000000e+000  1.9070288e+002  1.9225407e+002  1.9322656e+002  1.9078841e+002  1.9183160e+002
