 -5.0000000e-001 -1.2179892e+002 -1.2092239e+002 -1.1961444e+002 -1.1995885e+002 -1.1947087e+002
 -4.9333333e-001 -1.2178743e+002 -1.2091696e+002 -1.1959471e+002 -1.2001643e+002 -1.1943701e+002
 -4.8666667e-001 -1.2180344e+002 -1.2093510e+002 -1.1961592e+002 -1.2003297e+002 -1.1956392e+002
 -4.8000000e-001 -1.2177399e+002 -1.2094756e+002 -1.1961644e+002 -1.1999762e+002 -1.1946727e+002
 -4.7333333e-001 -1.2178114e+002 -1.2096103e+002 -1.1961696e+002 -1.1995584e+002 -1.1949316e+002
 -4.6666667e-001 -1.2180269e+002 -1.2097217e+002 -1.1961124e+002 -1.1993300e+002 -1.1945854e+002
 -4.6000000e-001 -1.2178368e+002 -1.2097745e+002 -1.1963031e+002 -1.1994177e+002 -1.1950398e+002
 -4.5333333e-001 -1.2178999e+002 -1.2099522e+002 -1.1963400e+002 -1.1995981e+002 -1.1955641e+002
 -4.4666667e-001 -1.2180400e+002 -1.2096356e+002 -1.1963272e+002 -1.2008057e+002 -1.1953816e+002
 -4.4000000e-001 -1.2180661e+002 -1.2096646e+002 -1.1966065e+002 -1.2006039e+002 -1.1947240e+002
 -4.3333333e-001 -1.2182753e+002 -1.2099808e+002 -1.1968269e+002 -1.1994547e+002 -1.1941328e+002
 -4.2666667e-001 -1.2182031e+002 -1.2099037e+002 -1.1968070e+002 -1.1996161e+002 -1.1944765e+002
 -4.2000000e-001 -1.2179991e+002 -1.2099411e+002 -1.1968323e+002 -1.1998097e+002 -1.1947315e+002
 -4.1333333e-001 -1.2182027e+002 -1.2097537e+002 -1.1970102e+002 -1.2004463e+002 -1.1946361e+002
 -4.0666667e-001 -1.2179311e+002 -1.2098326e+002 -1.1970099e+002 -1.2008127e+002 -1.1946005e+002
 -4.0000000e-001 -1.2182466e+002 -1.2099577e+002 -1.1971294e+002 -1.2007039e+002 -1.1950934e+002
 -3.9333333e-001 -1.2180824e+002 -1.2098108e+002 -1.1970917e+002 -1.2009676e+002 -1.1938112e+002
 -3.8666667e-001 -1.2179660e+002 -1.2096162e+002 -1.1973026e+002 -1.2004041e+002 -1.1946762e+002
 -3.8000000e-001 -1.2178917e+002 -1.2095851e+002 -1.1973604e+002 -1.2007349e+002 -1.1955368e+002
 -3.7333333e-001 -1.2177524e+002 -1.2096169e+002 -1.1972353e+002 -1.2015681e+002 -1.1950560e+002
 -3.6666667e-001 -1.2180133e+002 -1.2095229e+002 -1.1972978e+002 -1.2004038e+002 -1.1939539e+002
 -3.6000000e-001 -1.2181143e+002 -1.2095223e+002 -1.1973047e+002 -1.2013622e+002 -1.1950029e+002
 -3.5333333e-001 -1.2175363e+002 -1.2095357e+002 -1.1973566e+002 -1.2004802e+002 -1.1949565e+002
 -3.4666667e-001 -1.2178273e+002 -1.2095375e+002 -1.1973140e+002 -1.2006403e+002 -1.1945297e+002
 -3.4000000e-001 -1.2177168e+002 -1.2095767e+002 -1.1972826e+002 -1.2013573e+002 -1.1943607e+002
 -3.3333333e-001 -1.2178333e+002 -1.2095619e+002 -1.1974976e+002 -1.1996829e+002 -1.1936153e+002
 -3.2666667e-001 -1.2180002e+002 -1.2095242e+002 -1.1974802e+002 -1.2002147e+002 -1.1938541e+002
 -3.2000000e-001 -1.2179363e+002 -1.2090939e+002 -1.1972093e+002 -1.2002081e+002 -1.1947743e+002
 -3.1333333e-001 -1.2177704e+002 -1.2090978e+002 -1.1973998e+002 -1.2005618e+002 -1.1949036e+002
 -3.0666667e-001 -1.2180956e+002 -1.2090524e+002 -1.1971935e+002 -1.2005513e+002 -1.1941194e+002
 -3.0000000e-001 -1.2180630e+002 -1.2087740e+002 -1.1973143e+002 -1.2015854e+002 -1.1946576e+002
 -2.9333333e-001 -1.2178024e+002 -1.2086952e+002 -1.1971976e+002 -1.2020642e+002 -1.1951813e+002
 -2.8666667e-001 -1.2179422e+002 -1.2085469e+002 -1.1971985e+002 -1.2022705e+002 -1.1949008e+002
 -2.8000000e-001 -1.2179553e+002 -1.2085057e+002 -1.1970610e+002 -1.2019467e+002 -1.1945940e+002
 -2.7333333e-001 -1.2180617e+002 -1.2085548e+002 -1.1970831e+002 -1.2026234e+002 -1.1946500e+002
 -2.6666667e-001 -1.2182439e+002 -1.2083958e+002 -1.1968684e+002 -1.2021910e+002 -1.1945749e+002
 -2.6000000e-001 -1.2182788e+002 -1.2084712e+002 -1.1967575e+002 -1.2023814e+002 -1.1951721e+002
 -2.5333333e-001 -1.2182877e+002 -1.2081685e+002 -1.1967593e+002 -1.2033315e+002 -1.1942500e+002
 -2.4666667e-001 -1.2180458e+002 -1.2080153e+002 -1.1968526e+002 -1.2037041e+002 -1.1951100e+002
 -2.4000000e-001 -1.2181899e+002 -1.2078098e+002 -1.1970247e+002 -1.2043860e+002 -1.1950647e+002
 -2.3333333e-001 -1.2180510e+002 -1.2079636e+002 -1.1968623e+002 -1.2036101e+002 -1.1951276e+002
 -2.2666667e-001 -1.2182272e+002 -1.2080216e+002 -1.1968373e+002 -1.2038519e+002 -1.1947620e+002
 -2.2000000e-001 -1.2181453e+002 -1.2077863e+002 -1.1968083e+002 -1.2034798e+002 -1.1948694e+002
 -2.1333333e-001 -1.2183717e+002 -1.2075705e+002 -1.1968564e+002 -1.2045505e+002 -1.1951619e+002
 -2.0666667e-001 -1.2180524e+002 -1.2072607e+002 -1.1971045e+002 -1.2042893e+002 -1.1948801e+002
 -2.0000000e-001 -1.2181108e+002 -1.2071527e+002 -1.1971468e+002 -1.2036781e+002 -1.1951732e+002
 -1.9333333e-001 -1.2182643e+002 -1.2072356e+002 -1.1968591e+002 -1.2047192e+002 -1.1959575e+002
 -1.8666667e-001 -1.2183351e+002 -1.2069826e+002 -1.1969353e+002 -1.2058195e+002 -1.1957321e+002
 -1.8000000e-001 -1.2181450e+002 -1.2067206e+002 -1.1968118e+002 -1.2045926e+002 -1.1955371e+002
 -1.7333333e-001 -1.2180281e+002 -1.2065265e+002 -1.1970679e+002 -1.2046092e+002 -1.1951251e+002
 -1.6666667e-001 -1.2181053e+002 -1.2062837e+002 -1.1969586e+002 -1.2055798e+002 -1.1951111e+002
 -1.6000000e-001 -1.2179436e+002 -1.2060048e+002 -1.1969601e+002 -1.2060260e+002 -1.1952769e+002
 -1.5333333e-001 -1.2179497e+002 -1.2058566e+002 -1.1969310e+002 -1.2054157e+002 -1.1951041e+002
 -1.4666667e-001 -1.2180974e+002 -1.2054312e+002 -1.1967638e+002 -1.2056657e+002 -1.1950942e+002
 -1.4000000e-001 -1.2178201e+002 -1.2047952e+002 -1.1967006e+002 -1.2057086e+002 -1.1944254e+002
 -1.3333333e-001 -1.2177171e+002 -1.2044464e+002 -1.1965323e+002 -1.2051871e+002 -1.1958893e+002
 -1.2666667e-001 -1.2178871e+002 -1.2037332e+002 -1.1964659e+002 -1.2049641e+002 -1.1951849e+002
 -1.2000000e-001 -1.2177409e+002 -1.2033617e+002 -1.1966132e+002 -1.2052214e+002 -1.1943890e+002
 -1.1333333e-001 -1.2174745e+002 -1.2028159e+002 -1.1963911e+002 -1.2055487e+002 -1.1938544e+002
 -1.0666667e-001 -1.2175011e+002 -1.2023579e+002 -1.1964261e+002 -1.2052075e+002 -1.1944772e+002
 -1.0000000e-001 -1.2173210e+002 -1.2081096e+002 -1.1961437e+002 -1.2048439e+002 -1.1945670e+002
 -9.3333333e-002 -1.2174832e+002 -1.2083292e+002 -1.1960472e+002 -1.2040149e+002 -1.1948317e+002
 -8.6666667e-002 -1.2175235e+002 -1.2084224e+002 -1.1959772e+002 -1.2041959e+002 -1.1944180e+002
 -8.0000000e-002 -1.2174374e+002 -1.2084149e+002 -1.1959920e+002 -1.2040619e+002 -1.1940894e+002
 -7.3333333e-002 -1.2175002e+002 -1.2083675e+002 -1.1959892e+002 -1.2044742e+002 -1.1950906e+002
 -6.6666667e-002 -1.2177347e+002 -1.2079466e+002 -1.1959105e+002 -1.2051816e+002 -1.1939912e+002
 -6.0000000e-002 -1.2175966e+002 -1.2077609e+002 -1.1959515e+002 -1.2048253e+002 -1.1946341e+002
 -5.3333333e-002 -1.2175592e+002 -1.2081371e+002 -1.1959064e+002 -1.2051878e+002 -1.1960928e+002
 -4.6666667e-002 -1.2175081e+002 -1.2079248e+002 -1.1958385e+002 -1.2049521e+002 -1.1949721e+002
 -4.0000000e-002 -1.2173109e+002 -1.2079898e+002 -1.1959422e+002 -1.2039857e+002 -1.1949704e+002
 -3.3333333e-002 -1.2177361e+002 -1.2079762e+002 -1.1956882e+002 -1.2043669e+002 -1.1944533e+002
 -2.6666667e-002 -1.2173685e+002 -1.2082175e+002 -1.1957304e+002 -1.2055432e+002 -1.1943596e+002
 -2.0000000e-002 -1.2175743e+002 -1.2078592e+002 -1.1957553e+002 -1.2065533e+002 -1.1948134e+002
 -1.3333333e-002 -1.2179070e+002 -1.2078688e+002 -1.1960130e+002 -1.2061908e+002 -1.1945093e+002
 -6.6666667e-003 -1.2177557e+002 -1.2080872e+002 -1.1960190e+002 -1.2055550e+002 -1.1939429e+002
  0.0000000e+000 -1.2175295e+002 -1.2077951e+002 -1.1957690e+002 -1.2047669e+002 -1.1946742e+002
  6.6666667e-003 -1.2174196e+002 -1.2081874e+002 -1.1955804e+002 -1.2060570e+002 -1.1940887e+002
  1.3333333e-002 -1.2173669e+002 -1.2075639e+002 -1.1951251e+002 -1.2042326e+002 -1.1946440e+002
  2.0000000e-002 -1.2172653e+002 -1.2020236e+002 -1.1945947e+002 -1.2051173e+002 -1.1947472e+002
  2.6666667e-002 -1.2173743e+002 -1.2024229e+002 -1.1943306e+002 -1.2036301e+002 -1.1937694e+002
  3.3333333e-002 -1.2278070e+002 -1.2027367e+002 -1.1938800e+002 -1.2027785e+002 -1.1932474e+002
  4.0000000e-002 -1.2277936e+002 -1.2025940e+002 -1.1936014e+002 -1.2025031e+002 -1.1930443e+002
  4.6666667e-002 -1.2265874e+002 -1.2027927e+002 -1.1928679e+002 -1.2029115e+002 -1.1923558e+002
  5.3333333e-002 -1.2251762e+002 -1.2026563e+002 -1.1925952e+002 -1.2020064e+002 -1.1913881e+002
  6.0000000e-002 -1.2244533e+002 -1.2024370e+002 -1.1926758e+002 -1.2024762e+002 -1.1916562e+002
  6.6666667e-002 -1.2246913e+002 -1.2023468e+002 -1.1927138e+002 -1.2013573e+002 -1.1904437e+002
  7.3333333e-002 -1.2249408e+002 -1.2024153e+002 -1.1922652e+002 -1.2007706e+002 -1.1900543e+002
  8.0000000e-002 -1.2245555e+002 -1.2019885e+002 -1.1918083e+002 -1.1955849e+002 -1.1902824e+002
  8.6666667e-002 -1.2238501e+002 -1.2017233e+002 -1.1911491e+002 -1.1957718e+002 -1.1896721e+002
  9.3333333e-002 -1.2237059e+002 -1.2018713e+002 -1.1905116e+002 -1.1963474e+002 -1.1895764e+002
  1.0000000e-001 -1.2230490e+002 -1.2013339e+002 -1.1899899e+002 -1.1962460e+002 -1.1885609e+002
  1.0666667e-001 -1.2228371e+002 -1.2008769e+002 -1.1894492e+002 -1.1957048e+002 -1.1892546e+002
  1.1333333e-001 -1.2223595e+002 -1.2000851e+002 -1.1887251e+002 -1.1939123e+002 -1.1880194e+002
  1.2000000e-001 -1.2199667e+002 -1.1991872e+002 -1.1881970e+002 -1.1926140e+002 -1.1873921e+002
  1.2666667e-001 -1.2169391e+002 -1.1983749e+002 -1.1874149e+002 -1.1918684e+002 -1.1869507e+002
  1.3333333e-001 -1.2145520e+002 -1.1973102e+002 -1.1865401e+002 -1.1923908e+002 -1.1844014e+002
  1.4000000e-001 -1.2120268e+002 -1.1968288e+002 -1.1857677e+002 -1.1910680e+002 -1.1830458e+002
  1.4666667e-001 -1.2108463e+002 -1.1965036e+002 -1.1847719e+002 -1.1909157e+002 -1.1824947e+002
  1.5333333e-001 -1.2097900e+002 -1.1965067e+002 -1.1838059e+002 -1.1888965e+002 -1.1815967e+002
  1.6000000e-001 -1.2104848e+002 -1.1967165e+002 -1.1823761e+002 -1.1895863e+002 -1.1810426e+002
  1.6666667e-001 -1.2112724e+002 -1.1975179e+002 -1.1816234e+002 -1.1902243e+002 -1.1831780e+002
  1.7333333e-001 -1.2116661e+002 -1.1986864e+002 -1.1810101e+002 -1.1926105e+002 -1.1824089e+002
  1.8000000e-001 -1.2132434e+002 -1.1999649e+002 -1.1804697e+002 -1.1945978e+002 -1.1821500e+002
  1.8666667e-001 -1.2075678e+002 -1.2021793e+002 -1.1803397e+002 -1.1956316e+002 -1.1832523e+002
  1.9333333e-001 -1.2089468e+002 -1.2044794e+002 -1.1807910e+002 -1.1984729e+002 -1.1834488e+002
  2.0000000e-001 -1.2110191e+002 -1.2071448e+002 -1.1817308e+002 -1.2012499e+002 -1.1847311e+002
  2.0666667e-001 -1.2136740e+002 -1.2105974e+002 -1.1833670e+002 -1.2051584e+002 -1.1856473e+002
  2.1333333e-001 -1.2167549e+002 -1.2147669e+002 -1.1854831e+002 -1.2089717e+002 -1.1874425e+002
  2.2000000e-001 -1.2190360e+002 -1.2189711e+002 -1.1876856e+002 -1.2132275e+002 -1.1889739e+002
  2.2666667e-001 -1.2212169e+002 -1.2224030e+002 -1.1901386e+002 -1.2153883e+002 -1.1920271e+002
  2.3333333e-001 -1.2240485e+002 -1.2254942e+002 -1.1929907e+002 -1.2189146e+002 -1.1960729e+002
  2.4000000e-001 -1.2276108e+002 -1.2276608e+002 -1.1959871e+002 -1.2232015e+002 -1.1997270e+002
  2.4666667e-001 -1.2317961e+002 -1.2300992e+002 -1.1997917e+002 -1.2348393e+002 -1.2098676e+002
  2.5333333e-001 -1.2361717e+002 -1.2331827e+002 -1.2036316e+002 -1.2396962e+002 -1.2142854e+002
  2.6000000e-001 -1.2408354e+002 -1.2380936e+002 -1.2079092e+002 -1.2454196e+002 -1.2191078e+002
  2.6666667e-001 -1.2451680e+002 -1.2436989e+002 -1.2128439e+002 -1.2514589e+002 -1.2237360e+002
  2.7333333e-001 -1.2524156e+002 -1.2487204e+002 -1.2182161e+002 -1.2567328e+002 -1.2281392e+002
  2.8000000e-001 -1.2545761e+002 -1.2483501e+002 -1.2236452e+002 -1.2608832e+002 -1.2324704e+002
  2.8666667e-001 -1.2565063e+002 -1.2512734e+002 -1.2301808e+002 -1.2636838e+002 -1.2373547e+002
  2.9333333e-001 -1.2599026e+002 -1.2539374e+002 -1.2359515e+002 -1.2654681e+002 -1.2420329e+002
  3.0000000e-001 -1.2629791e+002 -1.2575722e+002 -1.2363213e+002 -1.2674144e+002 -1.2461684e+002
  3.0666667e-001 -1.2654099e+002 -1.2617293e+002 -1.2394115e+002 -1.2693897e+002 -1.2498778e+002
  3.1333333e-001 -1.2688463e+002 -1.2664177e+002 -1.2429123e+002 -1.2718559e+002 -1.2515099e+002
  3.2000000e-001 -1.2713133e+002 -1.2689047e+002 -1.2470602e+002 -1.2746385e+002 -1.2549822e+002
  3.2666667e-001 -1.2735187e+002 -1.2728349e+002 -1.2507346e+002 -1.2778529e+002 -1.2577251e+002
  3.3333333e-001 -1.2756459e+002 -1.2768448e+002 -1.2550739e+002 -1.2813814e+002 -1.2612178e+002
  3.4000000e-001 -1.2775955e+002 -1.2797539e+002 -1.2582431e+002 -1.2855103e+002 -1.2719395e+002
  3.4666667e-001 -1.2802771e+002 -1.2824580e+002 -1.2613052e+002 -1.2895456e+002 -1.2759082e+002
  3.5333333e-001 -1.2822376e+002 -1.2855507e+002 -1.2658077e+002 -1.2941119e+002 -1.2795694e+002
  3.6000000e-001 -1.2830678e+002 -1.2881545e+002 -1.2696304e+002 -1.2936063e+002 -1.2837651e+002
  3.6666667e-001 -1.2852742e+002 -1.2897855e+002 -1.2745471e+002 -1.2976068e+002 -1.2877960e+002
  3.7333333e-001 -1.2876247e+002 -1.2924976e+002 -1.2788820e+002 -1.3068132e+002 -1.2918561e+002
  3.8000000e-001 -1.2900177e+002 -1.2949341e+002 -1.2828151e+002 -1.3096078e+002 -1.2957053e+002
  3.8666667e-001 -1.2921962e+002 -1.2975832e+002 -1.2864149e+002 -1.3125411e+002 -1.2989442e+002
  3.9333333e-001 -1.2943037e+002 -1.2992160e+002 -1.2908037e+002 -1.3154573e+002 -1.3016815e+002
  4.0000000e-001 -1.2956032e+002 -1.3005096e+002 -1.2958807e+002 -1.3174190e+002 -1.3050046e+002
  4.0666667e-001 -1.2982603e+002 -1.3012085e+002 -1.2996054e+002 -1.3187291e+002 -1.3081940e+002
  4.1333333e-001 -1.3014272e+002 -1.3033510e+002 -1.3047513e+002 -1.3200191e+002 -1.3108792e+002
  4.2000000e-001 -1.3055197e+002 -1.3042789e+002 -1.3098080e+002 -1.3214786e+002 -1.3131171e+002
  4.2666667e-001 -1.3096327e+002 -1.3050955e+002 -1.3131606e+002 -1.3232195e+002 -1.3144858e+002
  4.3333333e-001 -1.3127536e+002 -1.3068257e+002 -1.3154782e+002 -1.3248473e+002 -1.3161749e+002
  4.4000000e-001 -1.3157211e+002 -1.3078677e+002 -1.3164149e+002 -1.3271474e+002 -1.3176399e+002
  4.4666667e-001 -1.3189502e+002 -1.3093262e+002 -1.3272910e+002 -1.3294521e+002 -1.3198154e+002
  4.5333333e-001 -1.3205769e+002 -1.3109988e+002 -1.3300745e+002 -1.3322717e+002 -1.3217877e+002
  4.6000000e-001 -1.3242186e+002 -1.3122273e+002 -1.3251273e+002 -1.3348903e+002 -1.3240495e+002
  4.6666667e-001 -1.3268785e+002 -1.3143057e+002 -1.3273793e+002 -1.3374789e+002 -1.3261888e+002
  4.7333333e-001 -1.3291289e+002 -1.3156457e+002 -1.3271759e+002 -1.3396028e+002 -1.3281554e+002
  4.8000000e-001 -1.3308495e+002 -1.3166425e+002 -1.3286789e+002 -1.3415596e+002 -1.3293584e+002
  4.8666667e-001 -1.3322441e+002 -1.3170471e+002 -1.3287593e+002 -1.3436775e+002 -1.3307869e+002
  4.9333333e-001 -1.3344830e+002 -1.3190169e+002 -1.3285071e+002 -1.3459764e+002 -1.3322226e+002
  5.0000000e-001 -1.3357909e+002 -1.3191612e+002 -1.3296780e+002 -1.3478505e+002 -1.3340848e+002
  5.0666667e-001 -1.3378836e+002 -1.3187694e+002 -1.3289667e+002 -1.3491632e+002 -1.3355882e+002
  5.1333333e-001 -1.3408322e+002 -1.3172252e+002 -1.3289063e+002 -1.3506978e+002 -1.3369490e+002
  5.2000000e-001 -1.3412413e+002 -1.3166174e+002 -1.3288446e+002 -1.3519278e+002 -1.3384212e+002
  5.2666667e-001 -1.3426427e+002 -1.3150075e+002 -1.3278079e+002 -1.3530972e+002 -1.3399974e+002
  5.3333333e-001 -1.3440418e+002 -1.3122864e+002 -1.3256349e+002 -1.3539603e+002 -1.3412093e+002
  5.4000000e-001 -1.3458298e+002 -1.3104778e+002 -1.3246283e+002 -1.3549840e+002 -1.3422572e+002
  5.4666667e-001 -1.3478467e+002 -1.3071074e+002 -1.3243791e+002 -1.3558369e+002 -1.3431599e+002
  5.5333333e-001 -1.3502223e+002 -1.3059343e+002 -1.3232794e+002 -1.3562642e+002 -1.3441229e+002
  5.6000000e-001 -1.3524368e+002 -1.3060924e+002 -1.3301604e+002 -1.3569933e+002 -1.3452763e+002
  5.6666667e-001 -1.3531511e+002 -1.3046239e+002 -1.3288533e+002 -1.3577777e+002 -1.3463600e+002
  5.7333333e-001 -1.3540056e+002 -1.3039076e+002 -1.3188927e+002 -1.3587108e+002 -1.3475330e+002
  5.8000000e-001 -1.3557342e+002 -1.3051245e+002 -1.3167879e+002 -1.3592758e+002 -1.3489635e+002
  5.8666667e-001 -1.3566580e+002 -1.3058255e+002 -1.3145769e+002 -1.3596896e+002 -1.3503839e+002
  5.9333333e-001 -1.3573332e+002 -1.3075618e+002 -1.3133752e+002 -1.3600001e+002 -1.3514136e+002
  6.0000000e-001 -1.3580856e+002 -1.3067683e+002 -1.3127467e+002 -1.3601277e+002 -1.3518369e+002
  6.0666667e-001 -1.3578833e+002 -1.3076341e+002 -1.3113490e+002 -1.3600014e+002 -1.3528124e+002
  6.1333333e-001 -1.3593359e+002 -1.3073767e+002 -1.3108267e+002 -1.3595061e+002 -1.3536353e+002
  6.2000000e-001 -1.3596143e+002 -1.3083441e+002 -1.3095270e+002 -1.3585626e+002 -1.3540869e+002
  6.2666667e-001 -1.3595460e+002 -1.3089650e+002 -1.3078160e+002 -1.3573462e+002 -1.3549124e+002
  6.3333333e-001 -1.3604161e+002 -1.3090985e+002 -1.3063539e+002 -1.3495018e+002 -1.3552426e+002
  6.4000000e-001 -1.3609396e+002 -1.3098668e+002 -1.3040445e+002 -1.3476054e+002 -1.3558666e+002
  6.4666667e-001 -1.3606288e+002 -1.3094742e+002 -1.3055078e+002 -1.3461145e+002 -1.3562944e+002
  6.5333333e-001 -1.3614917e+002 -1.3100290e+002 -1.3068391e+002 -1.3477161e+002 -1.3568236e+002
  6.6000000e-001 -1.3622459e+002 -1.3103126e+002 -1.3087343e+002 -1.3463338e+002 -1.3572301e+002
  6.6666667e-001 -1.3627722e+002 -1.3103639e+002 -1.3125005e+002 -1.3451062e+002 -1.3575310e+002
  6.7333333e-001 -1.3638971e+002 -1.3108888e+002 -1.3153691e+002 -1.3433815e+002 -1.3579073e+002
  6.8000000e-001 -1.3642174e+002 -1.3118970e+002 -1.3191859e+002 -1.3414209e+002 -1.3579953e+002
  6.8666667e-001 -1.3642671e+002 -1.3123422e+002 -1.3215575e+002 -1.3400412e+002 -1.3577683e+002
  6.9333333e-001 -1.3642644e+002 -1.3122908e+002 -1.3226265e+002 -1.3384134e+002 -1.3577904e+002
  7.0000000e-001 -1.3642644e+002 -1.3112485e+002 -1.3245566e+002 -1.3367477e+002 -1.3576163e+002
  7.0666667e-001 -1.3641637e+002 -1.3118301e+002 -1.3252986e+002 -1.3347838e+002 -1.3576379e+002
  7.1333333e-001 -1.3632469e+002 -1.3115836e+002 -1.3259898e+002 -1.3325917e+002 -1.3577895e+002
  7.2000000e-001 -1.3629401e+002 -1.3114781e+002 -1.3263452e+002 -1.3300128e+002 -1.3577367e+002
  7.2666667e-001 -1.3630985e+002 -1.3113422e+002 -1.3291615e+002 -1.3276781e+002 -1.3572511e+002
  7.3333333e-001 -1.3623570e+002 -1.3119760e+002 -1.3314659e+002 -1.3263310e+002 -1.3557333e+002
  7.4000000e-001 -1.3592749e+002 -1.3111789e+002 -1.3386537e+002 -1.3252603e+002 -1.3544769e+002
  7.4666667e-001 -1.3606807e+002 -1.3102164e+002 -1.3398434e+002 -1.3242580e+002 -1.3524971e+002
  7.5333333e-001 -1.3575284e+002 -1.3100316e+002 -1.3414867e+002 -1.3230212e+002 -1.3507509e+002
  7.6000000e-001 -1.3541179e+002 -1.3098216e+002 -1.3441360e+002 -1.3212213e+002 -1.3492013e+002
  7.6666667e-001 -1.3503955e+002 -1.3098422e+002 -1.3473088e+002 -1.3197748e+002 -1.3467108e+002
  7.7333333e-001 -1.3479834e+002 -1.3095499e+002 -1.3434418e+002 -1.3179421e+002 -1.3397549e+002
  7.8000000e-001 -1.3445012e+002 -1.3091435e+002 -1.3458820e+002 -1.3163965e+002 -1.3373163e+002
  7.8666667e-001 -1.3414410e+002 -1.3089546e+002 -1.3538315e+002 -1.3143985e+002 -1.3363651e+002
  7.9333333e-001 -1.3379457e+002 -1.3079387e+002 -1.3567647e+002 -1.3117864e+002 -1.3354040e+002
  8.0000000e-001 -1.3349287e+002 -1.3058356e+002 -1.3595105e+002 -1.3097835e+002 -1.3350703e+002
  8.0666667e-001 -1.3327475e+002 -1.3086784e+002 -1.3616780e+002 -1.3083089e+002 -1.3334543e+002
  8.1333333e-001 -1.3304883e+002 -1.3087926e+002 -1.3630983e+002 -1.3065337e+002 -1.3332446e+002
  8.2000000e-001 -1.3289243e+002 -1.3078622e+002 -1.3639307e+002 -1.3052026e+002 -1.3343283e+002
  8.2666667e-001 -1.3270197e+002 -1.3072484e+002 -1.3644760e+002 -1.3045155e+002 -1.3333313e+002
  8.3333333e-001 -1.3254520e+002 -1.3052324e+002 -1.3656726e+002 -1.3038466e+002 -1.3317276e+002
  8.4000000e-001 -1.3245020e+002 -1.3043304e+002 -1.3666356e+002 -1.3031753e+002 -1.3303879e+002
  8.4666667e-001 -1.3231763e+002 -1.3032158e+002 -1.3680010e+002 -1.3020380e+002 -1.3292789e+002
  8.5333333e-001 -1.3214644e+002 -1.3030658e+002 -1.3704962e+002 -1.3011310e+002 -1.3282385e+002
  8.6000000e-001 -1.3198758e+002 -1.3020306e+002 -1.3723004e+002 -1.3005531e+002 -1.3271086e+002
  8.6666667e-001 -1.3202885e+002 -1.3030893e+002 -1.3726479e+002 -1.3001594e+002 -1.3262639e+002
  8.7333333e-001 -1.3195213e+002 -1.3024277e+002 -1.3713277e+002 -1.2987843e+002 -1.3258005e+002
  8.8000000e-001 -1.3195161e+002 -1.3019768e+002 -1.3683398e+002 -1.2967351e+002 -1.3256897e+002
  8.8666667e-001 -1.3179474e+002 -1.2999780e+002 -1.3659644e+002 -1.2982027e+002 -1.3258369e+002
  8.9333333e-001 -1.3154799e+002 -1.2972000e+002 -1.3670395e+002 -1.2962309e+002 -1.3257964e+002
  9.0000000e-001 -1.3184862e+002 -1.2961285e+002 -1.3702254e+002 -1.2930487e+002 -1.3255023e+002
  9.0666667e-001 -1.3173865e+002 -1.2951546e+002 -1.3735605e+002 -1.2899087e+002 -1.3249110e+002
  9.1333333e-001 -1.3154591e+002 -1.2948502e+002 -1.3729570e+002 -1.2863300e+002 -1.3244571e+002
  9.2000000e-001 -1.3134872e+002 -1.2935208e+002 -1.3678943e+002 -1.2868169e+002 -1.3238115e+002
  9.2666667e-001 -1.3114832e+002 -1.2929839e+002 -1.3651352e+002 -1.2841982e+002 -1.3228690e+002
  9.3333333e-001 -1.3095949e+002 -1.2910483e+002 -1.3595581e+002 -1.2834126e+002 -1.3217316e+002
  9.4000000e-001 -1.3110451e+002 -1.3005783e+002 -1.3591536e+002 -1.2821294e+002 -1.3210358e+002
  9.4666667e-001 -1.3104500e+002 -1.3000554e+002 -1.3599710e+002 -1.2805606e+002 -1.3196407e+002
  9.5333333e-001 -1.3086783e+002 -1.2996777e+002 -1.3612756e+002 -1.2782999e+002 -1.3176697e+002
  9.6000000e-001 -1.3052853e+002 -1.2979617e+002 -1.3620117e+002 -1.2770717e+002 -1.3197859e+002
  9.6666667e-001 -1.3053091e+002 -1.2967738e+002 -1.3651579e+002 -1.2763181e+002 -1.3179912e+002
  9.7333333e-001 -1.3043552e+002 -1.2956671e+002 -1.3658354e+002 -1.2757745e+002 -1.3165135e+002
  9.8000000e-001 -1.3028224e+002 -1.2948639e+002 -1.3662556e+002 -1.2751862e+002 -1.3151311e+002
  9.8666667e-001 -1.3057744e+002 -1.2942934e+002 -1.3644163e+002 -1.2745848e+002 -1.3110573e+002
  9.9333333e-001 -1.3046892e+002 -1.2936705e+002 -1.3637683e+002 -1.2753304e+002 -1.3087886e+002
  1.0000000e+000 -1.3001456e+002 -1.2927681e+002             NaN -1.2745017e+002 -1.3069591e+002
  1.0066667e+000 -1.2959392e+002 -1.2920320e+002 -1.3526985e+002 -1.2737695e+002 -1.3050575e+002
  1.0133333e+000 -1.2896172e+002 -1.2914468e+002 -1.3475850e+002 -1.2736859e+002 -1.3027979e+002
  1.0200000e+000 -1.2879593e+002 -1.2910542e+002 -1.3421361e+002 -1.2718922e+002 -1.3031757e+002
  1.0266667e+000 -1.2857898e+002 -1.2924875e+002 -1.3410452e+002 -1.2713295e+002 -1.3013290e+002
  1.0333333e+000 -1.2822214e+002 -1.2884462e+002 -1.3481340e+002 -1.2704381e+002 -1.3003447e+002
  1.0400000e+000 -1.2814319e+002 -1.2868723e+002 -1.3536661e+002 -1.2695071e+002 -1.2988997e+002
  1.0466667e+000 -1.2813649e+002 -1.2867700e+002 -1.3565707e+002 -1.2689911e+002 -1.2929900e+002
  1.0533333e+000 -1.2812643e+002 -1.2860182e+002 -1.3521733e+002 -1.2685602e+002 -1.2947704e+002
  1.0600000e+000 -1.2802211e+002 -1.2848656e+002 -1.3433278e+002 -1.2678534e+002 -1.2934206e+002
  1.0666667e+000 -1.2792427e+002 -1.2839774e+002 -1.3388823e+002 -1.2671352e+002 -1.2900070e+002
  1.0733333e+000 -1.2767336e+002 -1.2827690e+002 -1.3443272e+002 -1.2675519e+002 -1.2883650e+002
  1.0800000e+000 -1.2755650e+002 -1.2812822e+002 -1.3556371e+002 -1.2653445e+002 -1.2871141e+002
  1.0866667e+000 -1.2737337e+002 -1.2798704e+002 -1.3687105e+002 -1.2637936e+002 -1.2857538e+002
  1.0933333e+000 -1.2722401e+002 -1.2782588e+002 -1.3739029e+002 -1.2623338e+002 -1.2879788e+002
  1.1000000e+000 -1.2706715e+002 -1.2772070e+002 -1.3748247e+002 -1.2617880e+002 -1.2879681e+002
  1.1066667e+000 -1.2691715e+002 -1.2756265e+002 -1.3734450e+002 -1.2616702e+002 -1.2878214e+002
  1.1133333e+000 -1.2667007e+002 -1.2740271e+002 -1.3706192e+002 -1.2505293e+002 -1.2869518e+002
  1.1200000e+000 -1.2644711e+002 -1.2723073e+002 -1.3759602e+002 -1.2482208e+002 -1.2859944e+002
  1.1266667e+000 -1.2626994e+002 -1.2708785e+002 -1.3811085e+002 -1.2455081e+002 -1.2847118e+002
  1.1333333e+000 -1.2601665e+002 -1.2606624e+002 -1.3796521e+002 -1.2435890e+002 -1.2837154e+002
  1.1400000e+000 -1.2592793e+002 -1.2602373e+002 -1.3757253e+002 -1.2413217e+002 -1.2828220e+002
  1.1466667e+000 -1.2573380e+002 -1.2588794e+002 -1.3725478e+002 -1.2392242e+002 -1.2812338e+002
  1.1533333e+000 -1.2555808e+002 -1.2574147e+002 -1.3711955e+002 -1.2374725e+002 -1.2798216e+002
  1.1600000e+000 -1.2538390e+002 -1.2550420e+002 -1.3713426e+002 -1.2372272e+002 -1.2787436e+002
  1.1666667e+000 -1.2512215e+002 -1.2536966e+002 -1.3703273e+002 -1.2407431e+002 -1.2778357e+002
  1.1733333e+000 -1.2504799e+002 -1.2538797e+002 -1.3763857e+002 -1.2384877e+002 -1.2765352e+002
  1.1800000e+000 -1.2499010e+002 -1.2530533e+002 -1.3741061e+002 -1.2364887e+002 -1.2749312e+002
  1.1866667e+000 -1.2483513e+002 -1.2519077e+002 -1.3716257e+002 -1.2356726e+002 -1.2733302e+002
  1.1933333e+000 -1.2462578e+002 -1.2505708e+002 -1.3687654e+002 -1.2332813e+002 -1.2719298e+002
  1.2000000e+000 -1.2450655e+002 -1.2488461e+002 -1.3687743e+002 -1.2310655e+002 -1.2707158e+002
  1.2066667e+000 -1.2431424e+002 -1.2472916e+002 -1.3667174e+002 -1.2285599e+002 -1.2696519e+002
  1.2133333e+000 -1.2411786e+002 -1.2456125e+002 -1.3627769e+002 -1.2270042e+002 -1.2685873e+002
  1.2200000e+000 -1.2346921e+002 -1.2441519e+002 -1.3558823e+002 -1.2231889e+002 -1.2677095e+002
  1.2266667e+000 -1.2336037e+002 -1.2446217e+002 -1.3535375e+002 -1.2209168e+002 -1.2657634e+002
  1.2333333e+000 -1.2312279e+002 -1.2342583e+002 -1.3511456e+002 -1.2183461e+002 -1.2639406e+002
  1.2400000e+000 -1.2296468e+002 -1.2306245e+002 -1.3487448e+002 -1.2163109e+002 -1.2624324e+002
  1.2466667e+000 -1.2278783e+002 -1.2258069e+002 -1.3451613e+002 -1.2138158e+002 -1.2605315e+002
  1.2533333e+000 -1.2255986e+002 -1.2225316e+002 -1.3431203e+002 -1.2114079e+002 -1.2593835e+002
  1.2600000e+000 -1.2289394e+002 -1.2186917e+002 -1.3429178e+002 -1.2089893e+002 -1.2577890e+002
  1.2666667e+000 -1.2290788e+002 -1.2134816e+002 -1.3480374e+002 -1.2063701e+002 -1.2472307e+002
  1.2733333e+000 -1.2271393e+002 -1.2088348e+002 -1.3470683e+002 -1.2041962e+002 -1.2403333e+002
  1.2800000e+000 -1.2257568e+002 -1.2069269e+002 -1.3460112e+002 -1.2015689e+002 -1.2390005e+002
  1.2866667e+000 -1.2217806e+002 -1.2033115e+002 -1.3443779e+002 -1.1996054e+002 -1.2371034e+002
  1.2933333e+000 -1.2221964e+002 -1.1988579e+002 -1.3427212e+002 -1.1970886e+002 -1.2361983e+002
  1.3000000e+000 -1.2191873e+002 -1.1940648e+002 -1.3414526e+002 -1.1955373e+002 -1.2348155e+002
  1.3066667e+000 -1.2170410e+002 -1.1896251e+002 -1.3398787e+002 -1.1933678e+002 -1.2334758e+002
  1.3133333e+000 -1.2044379e+002 -1.1852502e+002 -1.3379050e+002 -1.1917400e+002 -1.2318428e+002
  1.3200000e+000 -1.2032388e+002 -1.1800844e+002 -1.3294783e+002 -1.1901538e+002 -1.2291145e+002
  1.3266667e+000 -1.2022269e+002 -1.1753413e+002 -1.3288400e+002 -1.1889142e+002 -1.2237447e+002
  1.3333333e+000 -1.2028214e+002 -1.1705162e+002 -1.3277875e+002 -1.1876305e+002 -1.2235542e+002
  1.3400000e+000 -1.2002452e+002 -1.1668613e+002 -1.3278319e+002 -1.1868747e+002 -1.2245271e+002
  1.3466667e+000 -1.1987866e+002 -1.1621899e+002 -1.3258499e+002 -1.1859871e+002 -1.2210768e+002
  1.3533333e+000 -1.1960788e+002 -1.1572691e+002 -1.3237608e+002 -1.1852081e+002 -1.2228740e+002
  1.3600000e+000 -1.1938309e+002 -1.1527501e+002 -1.3229903e+002 -1.1848624e+002 -1.2208514e+002
  1.3666667e+000 -1.1922017e+002 -1.1470969e+002 -1.3213722e+002 -1.1844885e+002 -1.2188275e+002
  1.3733333e+000 -1.1918657e+002 -1.1412561e+002 -1.3209557e+002 -1.1842593e+002 -1.2146674e+002
  1.3800000e+000 -1.1921442e+002 -1.1353532e+002 -1.3207667e+002 -1.1846159e+002 -1.2150316e+002
  1.3866667e+000 -1.1909595e+002 -1.1293446e+002 -1.3202014e+002 -1.1845178e+002 -1.2135123e+002
  1.3933333e+000 -1.1913750e+002 -1.1234914e+002 -1.3230821e+002 -1.1862553e+002 -1.2093494e+002
  1.4000000e+000 -1.1918575e+002 -1.1174869e+002 -1.3225050e+002 -1.1847633e+002 -1.2074612e+002
  1.4066667e+000 -1.1911821e+002 -1.1117479e+002 -1.3221845e+002 -1.1846903e+002 -1.2059187e+002
  1.4133333e+000 -1.1904565e+002 -1.1066307e+002 -1.3232449e+002 -1.1841135e+002 -1.2067268e+002
  1.4200000e+000 -1.1898259e+002 -1.1019457e+002 -1.3228413e+002 -1.1819661e+002 -1.2041898e+002
  1.4266667e+000 -1.1895577e+002 -1.0981026e+002 -1.3207906e+002 -1.1821709e+002 -1.2019263e+002
  1.4333333e+000 -1.1892183e+002 -1.0944705e+002 -1.3197243e+002 -1.1819389e+002 -1.2001453e+002
  1.4400000e+000 -1.1880173e+002 -1.1000516e+002 -1.3159064e+002 -1.1817325e+002 -1.1987618e+002
  1.4466667e+000 -1.1836195e+002             NaN -1.3186345e+002 -1.1811719e+002 -1.1976288e+002
  1.4533333e+000 -1.1829540e+002             NaN -1.3184451e+002 -1.1809850e+002 -1.1956532e+002
  1.4600000e+000 -1.1822655e+002             NaN -1.3182835e+002 -1.1807437e+002 -1.1947101e+002
  1.4666667e+000 -1.1819811e+002             NaN -1.3166071e+002 -1.1807617e+002 -1.1935268e+002
  1.4733333e+000 -1.1806757e+002             NaN -1.3169147e+002 -1.1810289e+002 -1.1922296e+002
  1.4800000e+000 -1.1803352e+002 -1.0895894e+002 -1.3148685e+002 -1.1813538e+002 -1.1903838e+002
  1.4866667e+000 -1.1798866e+002 -1.0919237e+002 -1.3132501e+002 -1.1819338e+002 -1.1884815e+002
  1.4933333e+000 -1.1798680e+002 -1.0936919e+002 -1.3117577e+002 -1.1820087e+002 -1.1873312e+002
  1.5000000e+000 -1.1792268e+002 -1.0937572e+002 -1.3107616e+002 -1.1820326e+002 -1.1854169e+002
  1.5066667e+000 -1.1790875e+002 -1.0947958e+002 -1.3105357e+002 -1.1822269e+002 -1.1831690e+002
  1.5133333e+000 -1.1782343e+002 -1.0978629e+002 -1.3102705e+002 -1.1820381e+002 -1.1791173e+002
  1.5200000e+000 -1.1780161e+002 -1.0994727e+002 -1.3097301e+002 -1.1821968e+002 -1.1782208e+002
  1.5266667e+000 -1.1775526e+002 -1.1018706e+002 -1.3079660e+002 -1.1822095e+002 -1.1769754e+002
  1.5333333e+000 -1.1774480e+002 -1.1000641e+002 -1.3081749e+002 -1.1820602e+002 -1.1759068e+002
  1.5400000e+000 -1.1755284e+002 -1.1057968e+002 -1.3087982e+002 -1.1821553e+002 -1.1748749e+002
  1.5466667e+000 -1.1762230e+002             NaN -1.3071123e+002 -1.1823463e+002 -1.1738196e+002
  1.5533333e+000 -1.1720325e+002             NaN -1.3056621e+002 -1.1824466e+002 -1.1725951e+002
  1.5600000e+000 -1.1712019e+002             NaN -1.3044106e+002 -1.1826225e+002 -1.1719147e+002
  1.5666667e+000 -1.1700916e+002             NaN -1.3034041e+002 -1.1829903e+002 -1.1708177e+002
  1.5733333e+000 -1.1693663e+002 -1.1180128e+002 -1.2997897e+002 -1.1834361e+002 -1.1701779e+002
  1.5800000e+000 -1.1688110e+002 -1.1206522e+002 -1.2990891e+002 -1.1839195e+002 -1.1692296e+002
  1.5866667e+000 -1.1685291e+002 -1.1214857e+002 -1.2978145e+002 -1.1843279e+002 -1.1688055e+002
  1.5933333e+000 -1.1686122e+002 -1.1220425e+002 -1.2965900e+002 -1.1850356e+002 -1.1682707e+002
  1.6000000e+000 -1.1687521e+002 -1.1158780e+002 -1.2953911e+002 -1.1854465e+002 -1.1678478e+002
  1.6066667e+000 -1.1694821e+002 -1.1184860e+002 -1.2942566e+002 -1.1862329e+002 -1.1675992e+002
  1.6133333e+000 -1.1702049e+002 -1.1200017e+002 -1.2930672e+002 -1.1869244e+002 -1.1675339e+002
  1.6200000e+000 -1.1706227e+002 -1.1210361e+002 -1.2917310e+002 -1.1878279e+002 -1.1672284e+002
  1.6266667e+000 -1.1710410e+002 -1.1220331e+002 -1.2906821e+002 -1.1886284e+002 -1.1669315e+002
  1.6333333e+000 -1.1717387e+002 -1.1222379e+002 -1.2903442e+002 -1.1895134e+002 -1.1666902e+002
  1.6400000e+000 -1.1723628e+002 -1.1213727e+002 -1.2898145e+002 -1.1897675e+002 -1.1668140e+002
  1.6466667e+000 -1.1723421e+002 -1.1222765e+002 -1.2889383e+002 -1.1904518e+002 -1.1665743e+002
  1.6533333e+000 -1.1722589e+002 -1.1237056e+002 -1.2876775e+002 -1.1907390e+002 -1.1664137e+002
  1.6600000e+000 -1.1722748e+002 -1.1232690e+002 -1.2862682e+002 -1.1912515e+002 -1.1659019e+002
  1.6666667e+000 -1.1721687e+002 -1.1237769e+002 -1.2850346e+002 -1.1912453e+002 -1.1659151e+002
  1.6733333e+000 -1.1722636e+002 -1.1305544e+002 -1.2842030e+002 -1.1916199e+002 -1.1660036e+002
  1.6800000e+000 -1.1720232e+002 -1.1326985e+002 -1.2842380e+002 -1.1917151e+002 -1.1661476e+002
  1.6866667e+000 -1.1716019e+002 -1.1340555e+002 -1.2840662e+002 -1.1920685e+002 -1.1663356e+002
  1.6933333e+000 -1.1713686e+002 -1.1348196e+002 -1.2825780e+002 -1.1919939e+002 -1.1666367e+002
  1.7000000e+000 -1.1710170e+002 -1.1343240e+002 -1.2816682e+002 -1.1918532e+002 -1.1664857e+002
  1.7066667e+000 -1.1709377e+002 -1.1329100e+002 -1.2802934e+002 -1.1921208e+002 -1.1668424e+002
  1.7133333e+000 -1.1706424e+002 -1.1308760e+002 -1.2800595e+002 -1.1921138e+002 -1.1671085e+002
  1.7200000e+000 -1.1707260e+002 -1.1282362e+002 -1.2798311e+002 -1.1918906e+002 -1.1675813e+002
  1.7266667e+000 -1.1707303e+002 -1.1263341e+002 -1.2796019e+002 -1.1918553e+002 -1.1679434e+002
  1.7333333e+000 -1.1712306e+002 -1.1250446e+002 -1.2792825e+002 -1.1918919e+002 -1.1682680e+002
  1.7400000e+000 -1.1713229e+002 -1.1238611e+002 -1.2781520e+002 -1.1920479e+002 -1.1684049e+002
  1.7466667e+000 -1.1714964e+002 -1.1232587e+002 -1.2780016e+002 -1.1919009e+002 -1.1688515e+002
  1.7533333e+000 -1.1717567e+002 -1.1232922e+002 -1.2777594e+002 -1.1918575e+002 -1.1691290e+002
  1.7600000e+000 -1.1719530e+002 -1.1231924e+002 -1.2772133e+002 -1.1919157e+002 -1.1692976e+002
  1.7666667e+000 -1.1720795e+002 -1.1223784e+002 -1.2775690e+002 -1.1916379e+002 -1.1696086e+002
  1.7733333e+000 -1.1721461e+002 -1.1224756e+002 -1.2762228e+002 -1.1913120e+002 -1.1694272e+002
  1.7800000e+000 -1.1719087e+002 -1.1237706e+002 -1.2739473e+002 -1.1909692e+002 -1.1695299e+002
  1.7866667e+000 -1.1719087e+002 -1.1262431e+002 -1.2745784e+002 -1.1904161e+002 -1.1697611e+002
  1.7933333e+000 -1.1718074e+002 -1.1251285e+002             NaN -1.1900702e+002 -1.1699052e+002
  1.8000000e+000 -1.1716603e+002 -1.1250629e+002 -1.2744321e+002 -1.1896773e+002 -1.1698476e+002
  1.8066667e+000 -1.1714484e+002 -1.1261713e+002 -1.2763295e+002 -1.1893811e+002 -1.1702269e+002
  1.8133333e+000 -1.1712869e+002 -1.1264877e+002 -1.2761499e+002 -1.1888475e+002 -1.1705424e+002
  1.8200000e+000 -1.1708435e+002 -1.1273882e+002 -1.2754399e+002 -1.1884703e+002 -1.1706023e+002
  1.8266667e+000 -1.1704996e+002 -1.1269063e+002 -1.2782820e+002 -1.1880788e+002 -1.1708249e+002
  1.8333333e+000 -1.1702998e+002 -1.1285515e+002 -1.2784969e+002 -1.1875766e+002 -1.1709055e+002
  1.8400000e+000 -1.1698337e+002 -1.1285619e+002 -1.2794118e+002 -1.1872279e+002 -1.1710451e+002
  1.8466667e+000 -1.1694135e+002 -1.1298738e+002 -1.2792372e+002 -1.1869452e+002 -1.1717079e+002
  1.8533333e+000 -1.1688930e+002 -1.1296329e+002 -1.2769565e+002 -1.1867447e+002 -1.1719185e+002
  1.8600000e+000 -1.1687927e+002 -1.1294186e+002 -1.2774722e+002 -1.1866515e+002 -1.1719444e+002
  1.8666667e+000 -1.1686790e+002 -1.1299788e+002 -1.2761598e+002 -1.1865250e+002 -1.1719519e+002
  1.8733333e+000 -1.1683253e+002 -1.1293176e+002 -1.2759128e+002 -1.1863808e+002 -1.1722989e+002
  1.8800000e+000 -1.1676762e+002 -1.1293959e+002 -1.2770578e+002 -1.1863007e+002 -1.1723186e+002
  1.8866667e+000 -1.1672989e+002 -1.1302605e+002 -1.2778375e+002 -1.1864716e+002 -1.1723161e+002
  1.8933333e+000 -1.1667248e+002 -1.1295956e+002 -1.2779376e+002 -1.1867526e+002 -1.1722540e+002
  1.9000000e+000 -1.1661270e+002 -1.1301822e+002 -1.2789539e+002 -1.1862068e+002 -1.1721988e+002
  1.9066667e+000 -1.1653369e+002 -1.1296796e+002 -1.2797134e+002 -1.1860735e+002 -1.1723186e+002
  1.9133333e+000 -1.1646979e+002 -1.1300923e+002 -1.2805890e+002 -1.1860925e+002 -1.1726384e+002
  1.9200000e+000 -1.1644016e+002 -1.1303062e+002 -1.2813669e+002 -1.1858226e+002 -1.1727542e+002
  1.9266667e+000 -1.1637535e+002 -1.1308495e+002 -1.2817963e+002 -1.1855858e+002 -1.1727904e+002
  1.9333333e+000 -1.1631174e+002 -1.1310341e+002 -1.2821797e+002 -1.1855496e+002 -1.1728278e+002
  1.9400000e+000 -1.1646332e+002 -1.1311232e+002 -1.2828012e+002 -1.1856038e+002 -1.1726141e+002
  1.9466667e+000 -1.1641092e+002 -1.1309145e+002 -1.2834741e+002 -1.1856671e+002 -1.1724535e+002
  1.9533333e+000 -1.1638023e+002 -1.1309767e+002 -1.2856485e+002 -1.1855254e+002 -1.1728111e+002
  1.9600000e+000 -1.1651277e+002 -1.1306560e+002 -1.2867378e+002 -1.1856841e+002 -1.1729146e+002
  1.9666667e+000 -1.1652383e+002 -1.1307503e+002 -1.2870738e+002 -1.1854289e+002 -1.1730635e+002
  1.9733333e+000 -1.1641425e+002 -1.1301535e+002 -1.2886819e+002 -1.1855216e+002 -1.1731783e+002
  1.9800000e+000 -1.1650324e+002 -1.1323169e+002 -1.2908379e+002 -1.1856384e+002 -1.1735466e+002
  1.9866667e+000 -1.1654268e+002 -1.1325917e+002 -1.2919367e+002 -1.1856978e+002 -1.1734572e+002
  1.9933333e+000 -1.1655711e+002 -1.1325075e+002 -1.2944665e+002 -1.1854674e+002 -1.1734703e+002
  2.0000000e+000 -1.1660686e+002 -1.1332091e+002 -1.2954826e+002 -1.1856839e+002 -1.1737114e+002
