 -5.0000000e-001  3.8087090e+000  6.8119400e-001  1.6461800e-001 -1.8685250e+000 -7.9564000e-001
 -4.9333333e-001  3.8273190e+000  6.9438200e-001  1.7607700e-001 -1.8709010e+000 -8.0712700e-001
 -4.8666667e-001  3.8390410e+000  6.8379100e-001  1.7447100e-001 -1.8883850e+000 -8.1586000e-001
 -4.8000000e-001  3.8442960e+000  6.9608800e-001  1.7575300e-001 -1.8781300e+000 -8.1412300e-001
 -4.7333333e-001  3.8747170e+000  6.7991400e-001  1.9542000e-001 -1.8648920e+000 -8.1612800e-001
 -4.6666667e-001  3.8783420e+000  6.7098000e-001  1.8161000e-001 -1.8922650e+000 -8.1816600e-001
 -4.6000000e-001  3.9018810e+000  6.8736500e-001  1.8062200e-001 -1.8621190e+000 -8.2147600e-001
 -4.5333333e-001  3.8929010e+000  6.7090500e-001  1.7089000e-001 -1.8583570e+000 -8.3785800e-001
 -4.4666667e-001  3.8965110e+000  6.7125900e-001  1.9079600e-001 -1.8580590e+000 -8.5000300e-001
 -4.4000000e-001  3.9003040e+000  6.5950100e-001  2.0324900e-001 -1.8590690e+000 -8.4852200e-001
 -4.3333333e-001  3.8953830e+000  6.5192400e-001  2.0022100e-001 -1.8700710e+000 -8.3741000e-001
 -4.2666667e-001  3.8735120e+000  6.5282400e-001  1.7892900e-001 -1.8707370e+000 -8.2686700e-001
 -4.2000000e-001  3.8481800e+000  6.4488600e-001  1.8800000e-001 -1.8765300e+000 -8.3459800e-001
 -4.1333333e-001  3.8275890e+000  6.2879400e-001  1.8719200e-001 -1.8914090e+000 -8.2623100e-001
 -4.0666667e-001  3.8127330e+000  6.3209000e-001  1.9132600e-001 -1.8847850e+000 -8.1335100e-001
 -4.0000000e-001  3.8095290e+000  6.2663600e-001  1.9954600e-001 -1.8822510e+000 -8.0992200e-001
 -3.9333333e-001  3.7778470e+000  6.2877800e-001  2.2873400e-001 -1.9100000e+000 -8.0382500e-001
 -3.8666667e-001  3.7431790e+000  6.4349100e-001  2.0537000e-001 -1.9256450e+000 -7.8738400e-001
 -3.8000000e-001  3.7298460e+000  6.3808300e-001  1.9787700e-001 -1.9162720e+000 -7.7613400e-001
 -3.7333333e-001  3.6857990e+000  6.4231000e-001  2.1250400e-001 -1.9195050e+000 -7.7880600e-001
 -3.6666667e-001  3.6705390e+000  6.3771600e-001  2.0924700e-001 -1.9105170e+000 -7.9257000e-001
 -3.6000000e-001  3.6332640e+000  6.6181800e-001  2.1578700e-001 -1.9262950e+000 -7.8606700e-001
 -3.5333333e-001  3.6148990e+000  6.4594600e-001  2.2844700e-001 -1.9307670e+000 -7.8626600e-001
 -3.4666667e-001  3.5946540e+000  6.4262600e-001  2.2960600e-001 -1.9389940e+000 -7.7327600e-001
 -3.4000000e-001  3.5782740e+000  6.4028800e-001  2.1025800e-001 -1.9397840e+000 -7.8212900e-001
 -3.3333333e-001  3.5555780e+000  6.4988400e-001  2.1755400e-001 -1.9574660e+000 -7.8057800e-001
 -3.2666667e-001  3.5194950e+000  6.6214600e-001  2.2261700e-001 -1.9706350e+000 -7.8754300e-001
 -3.2000000e-001  3.4780900e+000  6.5347200e-001  2.3083400e-001 -1.9712160e+000 -7.8825300e-001
 -3.1333333e-001  3.4479570e+000  6.6104300e-001  2.3058800e-001 -1.9867880e+000 -7.9358900e-001
 -3.0666667e-001  3.4286780e+000  6.4668400e-001  2.1363300e-001 -1.9727050e+000 -7.9208500e-001
 -3.0000000e-001  3.4006750e+000  6.2573000e-001  2.1738400e-001 -1.9602110e+000 -7.9535900e-001
 -2.9333333e-001  3.3738560e+000  6.3542900e-001  2.2960000e-001 -1.9558080e+000 -7.9640100e-001
 -2.8666667e-001  3.3592680e+000  6.3615500e-001  2.3640400e-001 -1.9829770e+000 -7.8774700e-001
 -2.8000000e-001  3.3352030e+000  6.3594800e-001  2.1851000e-001 -1.9999620e+000 -7.9460700e-001
 -2.7333333e-001  3.3101960e+000  6.2465900e-001  2.3840300e-001 -1.9758520e+000 -8.0305700e-001
 -2.6666667e-001  3.2622720e+000  6.2509400e-001  2.4552600e-001 -1.9811510e+000 -8.0391800e-001
 -2.6000000e-001  3.2443110e+000  6.1958200e-001  2.4490300e-001 -1.9782890e+000 -7.8557200e-001
 -2.5333333e-001  3.2210770e+000  6.2087800e-001  2.5745000e-001 -1.9787470e+000 -7.8047400e-001
 -2.4666667e-001  3.2106710e+000  6.2259800e-001  2.5559400e-001 -1.9754690e+000 -7.9972700e-001
 -2.4000000e-001  3.2003470e+000  6.2408000e-001  2.6198300e-001 -1.9693510e+000 -7.9384800e-001
 -2.3333333e-001  3.1830290e+000  6.1522900e-001  2.7307800e-001 -1.9802750e+000 -8.0015500e-001
 -2.2666667e-001  3.1664100e+000  6.3345600e-001  2.5934200e-001 -1.9639480e+000 -8.0817200e-001
 -2.2000000e-001  3.1780060e+000  6.2385900e-001  2.7466600e-001 -1.9860580e+000 -7.9990000e-001
 -2.1333333e-001  3.1419500e+000  6.1442400e-001  2.7137200e-001 -1.9722440e+000 -8.0623000e-001
 -2.0666667e-001  3.1279800e+000  6.2489700e-001  3.0293600e-001 -1.9886500e+000 -8.0753400e-001
 -2.0000000e-001  3.1162900e+000  6.3513200e-001  2.9261800e-001 -1.9772790e+000 -8.0182100e-001
 -1.9333333e-001  3.1319180e+000  6.4791700e-001  3.0336800e-001 -1.9803640e+000 -7.9142600e-001
 -1.8666667e-001  3.1366080e+000  6.6931500e-001  3.1161600e-001 -1.9826490e+000 -7.7736200e-001
 -1.8000000e-001  3.1517630e+000  6.8903900e-001  3.2299600e-001 -1.9791920e+000 -7.9165000e-001
 -1.7333333e-001  3.1843000e+000  7.2925700e-001  3.3849400e-001 -1.9787630e+000 -7.8935500e-001
 -1.6666667e-001  3.1964270e+000  7.5134200e-001  3.4487600e-001 -1.9842290e+000 -7.9180200e-001
 -1.6000000e-001  3.2420340e+000  7.6027700e-001  3.4980400e-001 -1.9781200e+000 -7.8750600e-001
 -1.5333333e-001  3.2759190e+000  7.6886500e-001  3.4728800e-001 -1.9707470e+000 -7.8234900e-001
 -1.4666667e-001  3.3028580e+000  7.7298500e-001  3.4684300e-001 -2.0208980e+000 -8.1026400e-001
 -1.4000000e-001  3.3396210e+000  7.9415500e-001  3.4797800e-001 -2.0080940e+000 -8.1485200e-001
 -1.3333333e-001  3.3765740e+000  8.0192000e-001  3.3895800e-001 -1.9922900e+000 -8.2123700e-001
 -1.2666667e-001  3.4224310e+000  8.1801400e-001  3.5933500e-001 -2.0057390e+000 -8.1119500e-001
 -1.2000000e-001  3.4564990e+000  8.1185800e-001  3.4793600e-001 -2.0078440e+000 -8.4179900e-001
 -1.1333333e-001  3.5228750e+000  8.3166600e-001  3.5557400e-001 -2.0071980e+000 -8.2796400e-001
 -1.0666667e-001  3.5740570e+000  8.1436800e-001  3.3382200e-001 -2.0080800e+000 -8.4131700e-001
 -1.0000000e-001  3.6715660e+000  8.2785300e-001  3.3202600e-001 -2.0037740e+000 -8.4379600e-001
 -9.3333333e-002  3.7888620e+000  8.3202500e-001  3.2540300e-001 -1.9925100e+000 -8.5036500e-001
 -8.6666667e-002  3.8951510e+000  8.4704300e-001  3.2497000e-001 -2.0092530e+000 -8.4919600e-001
 -8.0000000e-002  3.9627290e+000  8.3405100e-001  3.3599400e-001 -2.0142060e+000 -8.6091800e-001
 -7.3333333e-002  4.0182020e+000  8.5042300e-001  3.1961200e-001 -1.9845110e+000 -8.4556000e-001
 -6.6666667e-002  4.1052290e+000  8.5521300e-001  3.1316000e-001 -1.9748350e+000 -8.3865700e-001
 -6.0000000e-002  4.1915730e+000  8.3570500e-001  2.9653100e-001 -1.9778860e+000 -8.2827700e-001
 -5.3333333e-002  4.2424540e+000  8.3595100e-001  3.0614400e-001 -1.9659070e+000 -8.3302500e-001
 -4.6666667e-002  4.2834490e+000  8.4278800e-001  3.1510600e-001 -1.9692860e+000 -8.4428400e-001
 -4.0000000e-002  4.2931980e+000  8.4854400e-001  3.1485700e-001 -1.9669320e+000 -8.2403900e-001
 -3.3333333e-002  4.3550450e+000  8.3822800e-001  3.3538900e-001 -1.9477490e+000 -8.2106900e-001
 -2.6666667e-002  4.3831190e+000  8.3702100e-001  3.3760900e-001 -1.9607080e+000 -8.2871100e-001
 -2.0000000e-002  4.4434500e+000  8.4841300e-001  3.2539100e-001 -1.9453540e+000 -8.3168700e-001
 -1.3333333e-002  4.4654970e+000  8.3334100e-001  3.5366700e-001 -1.9096690e+000 -8.3809600e-001
 -6.6666667e-003  4.5128610e+000  8.1607900e-001  3.5852100e-001 -1.9012760e+000 -8.2726200e-001
  0.0000000e+000  4.5558000e+000  8.2517700e-001  3.9033200e-001 -1.8727280e+000 -8.0121900e-001
  6.6666667e-003  4.5861660e+000  8.5785800e-001  4.2141900e-001 -1.7840920e+000 -7.8362700e-001
  1.3333333e-002  4.6621320e+000  8.9896600e-001  4.5096100e-001 -1.7360920e+000 -7.6815900e-001
  2.0000000e-002  4.7365110e+000  9.3154300e-001  5.1583800e-001 -1.6916230e+000 -7.2907400e-001
  2.6666667e-002  4.7827230e+000  9.6244200e-001  5.7454100e-001 -1.6511220e+000 -7.1183400e-001
  3.3333333e-002  4.8542480e+000  1.0079600e+000  6.4075900e-001 -1.6057780e+000 -7.1421500e-001
  4.0000000e-002  4.8902140e+000  1.0182990e+000  6.5699200e-001 -1.5867870e+000 -7.1904400e-001
  4.6666667e-002  4.9046390e+000  1.0111890e+000  6.9090100e-001 -1.5644150e+000 -7.2176500e-001
  5.3333333e-002  4.9060040e+000  9.8228700e-001  6.9756500e-001 -1.5881280e+000 -7.4592000e-001
  6.0000000e-002  4.8668380e+000  9.4630300e-001  7.1341800e-001 -1.5924200e+000 -7.5689800e-001
  6.6666667e-002  4.8328230e+000  9.1210800e-001  7.6025000e-001 -1.5442030e+000 -7.8180900e-001
  7.3333333e-002  4.8115200e+000  8.9337700e-001  8.0388100e-001 -1.5713400e+000 -7.9728600e-001
  8.0000000e-002  4.8012500e+000  8.9058300e-001  8.6626100e-001 -1.5469280e+000 -7.8822900e-001
  8.6666667e-002  4.8087520e+000  9.1023700e-001  9.1143700e-001 -1.5332240e+000 -7.7381700e-001
  9.3333333e-002  4.8168420e+000  9.0190300e-001  9.5302900e-001 -1.5335670e+000 -7.6325500e-001
  1.0000000e-001  4.8442060e+000  8.8818900e-001  9.9201200e-001 -1.5589230e+000 -7.6187200e-001
  1.0666667e-001  4.8517200e+000  8.6844900e-001  1.0302230e+000 -1.5954400e+000 -7.6366200e-001
  1.1333333e-001  4.8600700e+000  8.4055000e-001  1.0356980e+000 -1.5918280e+000 -7.9718200e-001
  1.2000000e-001  4.8370710e+000  7.9507200e-001  1.0347610e+000 -1.6091100e+000 -8.1565000e-001
  1.2666667e-001  4.8084020e+000  7.5435500e-001  1.0164750e+000 -1.6391740e+000 -8.4166200e-001
  1.3333333e-001  4.8177310e+000  7.1597600e-001  9.9409500e-001 -1.6622110e+000 -8.7983000e-001
  1.4000000e-001  4.8202680e+000  6.9307600e-001  9.8062400e-001 -1.6748750e+000 -9.0546700e-001
  1.4666667e-001  4.8145650e+000  6.7978800e-001  9.7641700e-001 -1.6727870e+000 -9.3537800e-001
  1.5333333e-001  4.7911890e+000  6.5124100e-001  9.3916800e-001 -1.6818570e+000 -9.4268100e-001
  1.6000000e-001  4.7622490e+000  6.0732600e-001  9.5134500e-001 -1.6865470e+000 -9.3743000e-001
  1.6666667e-001  4.7752950e+000  6.1161000e-001  9.3891800e-001 -1.6680730e+000 -9.4067100e-001
  1.7333333e-001  4.8125540e+000  6.3088300e-001  9.7087100e-001 -1.6748520e+000 -9.2842400e-001
  1.8000000e-001  4.8506510e+000  6.3207100e-001  9.6068800e-001 -1.6970950e+000 -9.1098500e-001
  1.8666667e-001  4.8604130e+000  6.7172500e-001  9.6449500e-001 -1.7433160e+000 -8.9970600e-001
  1.9333333e-001  4.8541800e+000  6.8125100e-001  9.4982100e-001 -1.7750220e+000 -9.1513800e-001
  2.0000000e-001  4.8603900e+000  7.0535000e-001  9.1208800e-001 -1.8231800e+000 -9.6019800e-001
  2.0666667e-001  4.8686220e+000  6.9527100e-001  8.4981200e-001 -1.9142200e+000 -1.0021750e+000
  2.1333333e-001  4.8942820e+000  6.6354700e-001  8.0443100e-001 -1.9741400e+000 -1.0254390e+000
  2.2000000e-001  4.9427360e+000  6.4243100e-001  7.7075800e-001 -2.0534330e+000 -1.0478310e+000
  2.2666667e-001  5.0026960e+000  6.2125900e-001  7.6405000e-001 -2.1317790e+000 -1.0829750e+000
  2.3333333e-001  5.0347230e+000  5.8038000e-001  7.5365000e-001 -2.2189460e+000 -1.1032910e+000
  2.4000000e-001  5.0899060e+000  5.7451200e-001  7.2425600e-001 -2.3135640e+000 -1.1617670e+000
  2.4666667e-001  5.1248390e+000  5.4397200e-001  6.6207700e-001 -2.4079830e+000 -1.2243280e+000
  2.5333333e-001  5.1535690e+000  4.8287000e-001  6.3447600e-001 -2.4703140e+000 -1.3104680e+000
  2.6000000e-001  5.1949650e+000  4.3753400e-001  6.2371100e-001 -2.5253870e+000 -1.3938270e+000
  2.6666667e-001  5.2102240e+000  3.7679300e-001  5.7300900e-001 -2.5988970e+000 -1.4916140e+000
  2.7333333e-001  5.1849980e+000  3.6173200e-001  5.5873600e-001 -2.6343460e+000 -1.5438260e+000
  2.8000000e-001  5.2119620e+000  2.7533700e-001  5.3104100e-001 -2.6524710e+000 -1.5938580e+000
  2.8666667e-001  5.2600070e+000  2.4146000e-001  5.0533600e-001 -2.6426190e+000 -1.6908330e+000
  2.9333333e-001  5.2695990e+000  1.7421000e-001  5.0406900e-001 -2.6712990e+000 -1.7659840e+000
  3.0000000e-001  5.2816980e+000  1.5786200e-001  4.5599800e-001 -2.7073830e+000 -1.8323230e+000
  3.0666667e-001  5.2815910e+000  8.7435000e-002  4.3161500e-001 -2.7313960e+000 -1.9794700e+000
  3.1333333e-001  5.2055990e+000 -3.1870000e-002  4.3221200e-001 -2.7870880e+000 -2.1031980e+000
  3.2000000e-001  5.1304820e+000 -2.0539900e-001  3.3543300e-001 -2.8692390e+000 -2.2335380e+000
  3.2666667e-001  5.0019430e+000 -3.9692700e-001  1.8766600e-001 -2.9482300e+000 -2.4092300e+000
  3.3333333e-001  4.8432820e+000 -5.8019200e-001  4.8003000e-002 -3.0329900e+000 -2.6006610e+000
  3.4000000e-001  4.7442220e+000 -7.6352600e-001 -1.5411000e-001 -3.0591920e+000 -2.7132500e+000
  3.4666667e-001  4.6663160e+000 -9.8018200e-001 -3.9584600e-001 -3.1596430e+000 -2.8407910e+000
  3.5333333e-001  4.5964070e+000 -1.2124700e+000 -6.8624300e-001 -3.2901530e+000 -2.9590470e+000
  3.6000000e-001  4.5394970e+000 -1.4095640e+000 -1.0099430e+000 -3.4136420e+000 -3.0732880e+000
  3.6666667e-001  4.5704550e+000 -1.6061870e+000 -1.3316210e+000 -3.5323190e+000 -3.1663040e+000
  3.7333333e-001  4.6805260e+000 -1.7410500e+000 -1.6767400e+000 -3.6698420e+000 -3.2933180e+000
  3.8000000e-001  4.8530190e+000 -1.8588130e+000 -2.0118270e+000 -3.8177450e+000 -3.3523780e+000
  3.8666667e-001  5.0455200e+000 -1.9841010e+000 -2.3572130e+000 -3.9522870e+000 -3.3988030e+000
  3.9333333e-001  5.2731680e+000 -2.1171460e+000 -2.6722010e+000 -4.0678320e+000 -3.4807160e+000
  4.0000000e-001  5.4755240e+000 -2.2832600e+000 -2.8815520e+000 -4.2447200e+000 -3.6183960e+000
  4.0666667e-001  6.1211710e+000 -2.4522940e+000 -3.0718730e+000 -4.4010450e+000 -3.7516240e+000
  4.1333333e-001  6.3509460e+000 -2.5543000e+000 -3.2315330e+000 -4.5233370e+000 -3.8437280e+000
  4.2000000e-001  6.4677400e+000 -2.6096070e+000 -3.2975850e+000 -4.6993540e+000 -3.9845630e+000
  4.2666667e-001  6.5265530e+000 -2.6144920e+000 -3.3447650e+000 -4.8057740e+000 -4.1648010e+000
  4.3333333e-001  6.6207650e+000 -2.6097460e+000 -3.3911620e+000 -4.8638170e+000 -4.2589520e+000
  4.4000000e-001  6.7292290e+000 -2.5866470e+000 -3.3351740e+000 -4.9682160e+000 -4.3642760e+000
  4.4666667e-001  6.7905480e+000 -2.5323440e+000 -3.2431080e+000 -5.0191230e+000 -4.4893810e+000
  4.5333333e-001  6.8497690e+000 -2.4726220e+000 -3.1659610e+000 -5.1586090e+000 -4.6098870e+000
  4.6000000e-001  6.8993670e+000 -2.4745320e+000 -3.0618340e+000 -5.3115020e+000 -4.8109770e+000
  4.6666667e-001  7.0793410e+000 -2.4559200e+000 -2.9507010e+000 -5.4268620e+000 -4.9825230e+000
  4.7333333e-001  7.1904120e+000 -2.4123910e+000 -2.8409610e+000 -5.5499740e+000 -5.1489290e+000
  4.8000000e-001  7.3298710e+000 -2.4000590e+000 -2.6814000e+000 -5.6028690e+000 -5.2578140e+000
  4.8666667e-001  7.3895790e+000 -2.3718670e+000 -2.5251090e+000 -5.7089460e+000 -5.3397630e+000
  4.9333333e-001  7.5323700e+000 -2.4116780e+000 -2.3801200e+000 -5.7252540e+000 -5.3405150e+000
  5.0000000e-001  7.6221770e+000 -2.4885510e+000 -2.2372000e+000 -5.8415780e+000 -5.3314220e+000
  5.0666667e-001  7.6029870e+000 -2.5809290e+000 -2.1003860e+000 -5.8364830e+000 -5.3024660e+000
  5.1333333e-001  7.5938400e+000 -2.6516050e+000 -1.9723430e+000 -5.8750160e+000 -5.2572890e+000
  5.2000000e-001  7.6451680e+000 -2.7857160e+000 -1.8454250e+000 -5.8731370e+000 -5.1784530e+000
  5.2666667e-001  7.5439360e+000 -2.8674020e+000 -1.7425640e+000 -5.8801750e+000 -5.0883270e+000
  5.3333333e-001  7.4284430e+000 -3.0055360e+000 -1.6979500e+000 -5.8424650e+000 -5.0100340e+000
  5.4000000e-001  7.3104170e+000 -3.0632450e+000 -1.6378640e+000 -5.7941700e+000 -4.9582840e+000
  5.4666667e-001  7.3053470e+000 -2.6345450e+000 -1.5656860e+000 -5.8025570e+000 -4.9411790e+000
  5.5333333e-001  7.3200160e+000 -2.6853640e+000 -1.5019740e+000 -5.7744420e+000 -4.9712140e+000
  5.6000000e-001  7.3023140e+000 -2.6662000e+000 -1.4626910e+000 -5.8350500e+000 -5.0059300e+000
  5.6666667e-001  7.3231290e+000 -2.7047370e+000 -1.4085080e+000 -5.7945900e+000 -5.0909600e+000
  5.7333333e-001  7.2145030e+000 -2.6107080e+000 -1.3774000e+000 -5.8198920e+000 -5.1748140e+000
  5.8000000e-001  7.2912000e+000 -2.5156060e+000 -1.3791000e+000 -5.8136800e+000 -5.2314330e+000
  5.8666667e-001  7.3321460e+000 -2.4579630e+000 -1.3443430e+000 -5.8388120e+000 -5.2962480e+000
  5.9333333e-001  7.3780950e+000 -2.3056620e+000 -1.3542100e+000 -5.8715690e+000 -5.3223840e+000
  6.0000000e-001  7.3940420e+000 -2.1163390e+000 -1.3758410e+000 -5.8730520e+000 -5.3480660e+000
  6.0666667e-001  7.5337050e+000 -2.0370540e+000 -1.3852590e+000 -5.8946710e+000 -5.3711180e+000
  6.1333333e-001  7.6274290e+000 -1.8851470e+000 -1.4512530e+000 -5.9041820e+000 -5.3832660e+000
  6.2000000e-001  7.9285240e+000 -1.8379490e+000 -1.5282930e+000 -5.8753200e+000 -5.4115410e+000
  6.2666667e-001  8.1990080e+000 -1.7415410e+000 -1.5939490e+000 -5.8533660e+000 -5.4194430e+000
  6.3333333e-001  8.4086740e+000 -1.6535440e+000 -1.6336730e+000 -5.7318880e+000 -5.3910010e+000
  6.4000000e-001  8.4442820e+000 -1.5985710e+000 -1.6652360e+000 -5.6223170e+000 -5.3878050e+000
  6.4666667e-001  8.3681490e+000 -1.5187840e+000 -1.6655830e+000 -5.4509810e+000 -5.4169990e+000
  6.5333333e-001  8.3228370e+000 -1.4023000e+000 -1.6037850e+000 -5.2649230e+000 -5.4042240e+000
  6.6000000e-001  8.2763640e+000 -1.1280920e+000 -1.5115230e+000 -5.0818870e+000 -5.3934640e+000
  6.6666667e-001  8.3433610e+000 -9.4809600e-001 -1.3578710e+000 -4.9389390e+000 -5.4114460e+000
  6.7333333e-001  8.4941520e+000 -7.4904800e-001 -1.2269970e+000 -4.7940170e+000 -5.4320580e+000
  6.8000000e-001  8.6388880e+000 -5.9618500e-001 -1.1093990e+000 -4.6637930e+000 -5.4633380e+000
  6.8666667e-001  8.6863440e+000 -4.9138200e-001 -1.0028690e+000 -4.6093510e+000 -5.4984870e+000
  6.9333333e-001  8.7035160e+000 -3.5353500e-001 -9.0164900e-001 -4.5876790e+000 -5.5143200e+000
  7.0000000e-001  8.6958920e+000 -2.2353200e-001 -8.2085200e-001 -4.5872130e+000 -5.5103230e+000
  7.0666667e-001  8.6394780e+000 -1.8859000e-001 -7.4200600e-001 -4.6042520e+000 -5.5230680e+000
  7.1333333e-001  8.7233860e+000 -4.1171000e-002 -6.3299500e-001 -4.6343950e+000 -5.5617480e+000
  7.2000000e-001  8.6943830e+000  3.3730000e-002 -5.3506800e-001 -4.7029370e+000 -5.5568930e+000
  7.2666667e-001  8.6714590e+000  1.0250800e-001 -4.4075500e-001 -4.7225490e+000 -5.5474580e+000
  7.3333333e-001  8.6913150e+000  1.6268700e-001 -3.4094700e-001 -4.7384900e+000 -5.5404770e+000
  7.4000000e-001  8.7622890e+000  1.5717400e-001 -2.6064800e-001 -4.7256330e+000 -5.5449470e+000
  7.4666667e-001  8.7154780e+000  1.7662400e-001 -1.8869500e-001 -4.7338710e+000 -5.5098870e+000
  7.5333333e-001  8.7434880e+000  1.7452600e-001 -1.3757600e-001 -4.6978650e+000 -5.5026240e+000
  7.6000000e-001  8.8430650e+000  2.0240200e-001 -1.0478000e-001 -4.6754480e+000 -5.4910190e+000
  7.6666667e-001  8.8738420e+000  1.8271100e-001 -1.9564000e-002 -4.6201780e+000 -5.4541480e+000
  7.7333333e-001  8.9304480e+000  1.5260100e-001  3.8660000e-002 -4.5640670e+000 -5.4071670e+000
  7.8000000e-001  8.9620880e+000  1.3235800e-001  9.6648000e-002 -4.4150060e+000 -5.3667940e+000
  7.8666667e-001  9.0380770e+000  1.1142300e-001  1.4281400e-001 -4.2919060e+000 -5.3595690e+000
  7.9333333e-001  9.1322980e+000  3.7699000e-002  1.6907100e-001 -4.2063290e+000 -5.3150620e+000
  8.0000000e-001  9.1355470e+000 -7.2700000e-003  1.9451300e-001 -4.1080850e+000 -5.2801160e+000
  8.0666667e-001  9.1196450e+000 -7.6405000e-002  2.3910300e-001 -3.9790150e+000 -5.2672710e+000
  8.1333333e-001  9.2164560e+000 -1.0679500e-001  2.6381100e-001 -3.9168480e+000 -5.2767910e+000
  8.2000000e-001  9.3048190e+000 -1.6479200e-001  3.3498300e-001 -3.8736020e+000 -5.2541790e+000
  8.2666667e-001  9.3627860e+000 -1.3336000e-001  3.8471000e-001 -3.8568400e+000 -5.2605990e+000
  8.3333333e-001  9.4545170e+000 -1.1161500e-001  4.3750500e-001 -3.8429690e+000 -5.2278480e+000
  8.4000000e-001  9.4986460e+000 -1.1740900e-001  4.6597000e-001 -3.8481950e+000 -5.2437140e+000
  8.4666667e-001  9.5706680e+000 -1.3807200e-001  4.7424400e-001 -3.8195610e+000 -5.2822100e+000
  8.5333333e-001  9.5657460e+000 -1.5116600e-001  5.0157800e-001 -3.7932290e+000 -5.3074030e+000
  8.6000000e-001  9.5976050e+000 -1.5855200e-001  5.6498900e-001 -3.8247430e+000 -5.3349130e+000
  8.6666667e-001  9.6562170e+000 -1.7141800e-001  6.3926700e-001 -3.8859670e+000 -5.3267520e+000
  8.7333333e-001  9.6611410e+000 -1.9805800e-001  7.2290200e-001 -3.9855470e+000 -5.2879230e+000
  8.8000000e-001  9.6497620e+000 -1.4102700e-001  7.8386900e-001 -4.0580570e+000 -5.2892070e+000
  8.8666667e-001  9.7052390e+000 -1.6527700e-001  8.4727700e-001 -4.1107770e+000 -5.3202940e+000
  8.9333333e-001  9.6386960e+000 -1.6300200e-001  9.2802700e-001 -4.1262510e+000 -5.3665920e+000
  9.0000000e-001  9.6710610e+000 -1.2546700e-001  1.0074190e+000 -4.1523310e+000 -5.3525860e+000
  9.0666667e-001  9.6720380e+000 -1.5141200e-001  1.0966960e+000 -4.1732050e+000 -5.3429620e+000
  9.1333333e-001  9.7276640e+000 -1.3091300e-001  1.1925920e+000 -4.1909580e+000 -5.3532930e+000
  9.2000000e-001  9.7118160e+000 -1.1625000e-001  1.2679470e+000 -4.1651620e+000 -5.3864900e+000
  9.2666667e-001  9.7229420e+000 -1.5755800e-001  1.3396420e+000 -4.1152530e+000 -5.3820560e+000
  9.3333333e-001  9.6848380e+000 -1.8367400e-001  1.3894800e+000 -4.0748190e+000 -5.3634840e+000
  9.4000000e-001  9.6729310e+000 -1.5114800e-001  1.4466350e+000 -4.0172470e+000 -5.3133070e+000
  9.4666667e-001  9.7232420e+000 -1.5016600e-001  1.4849970e+000 -3.9427110e+000 -5.2927580e+000
  9.5333333e-001  9.7357840e+000 -9.2442000e-002  1.5551180e+000 -3.8992270e+000 -5.3052440e+000
  9.6000000e-001  9.7686920e+000 -6.5059000e-002  1.6705390e+000 -3.8842290e+000 -5.3318970e+000
  9.6666667e-001  9.8034890e+000 -3.1873000e-002  1.7599040e+000 -3.8592740e+000 -5.3598880e+000
  9.7333333e-001  9.8376250e+000  3.3920000e-003  1.8074770e+000 -3.8448570e+000 -5.3821840e+000
  9.8000000e-001  9.8133380e+000  6.0059000e-002  1.8427020e+000 -3.8455400e+000 -5.3819490e+000
  9.8666667e-001  9.8325190e+000  5.0006000e-002  1.8670670e+000 -3.8138990e+000 -5.3956570e+000
  9.9333333e-001  9.8519690e+000  8.1852000e-002  1.9069560e+000 -3.7899610e+000 -5.4273020e+000
  1.0000000e+000  9.8636150e+000  7.2412000e-002  1.9702720e+000 -3.7916490e+000 -5.5026460e+000
  1.0066667e+000  9.8768940e+000  1.4815200e-001  2.0323400e+000 -3.7798320e+000 -5.5723980e+000
  1.0133333e+000  9.8528610e+000  1.7458200e-001  2.0893140e+000 -3.7831750e+000 -5.6178210e+000
  1.0200000e+000  9.8629050e+000  2.1183000e-001  2.1213050e+000 -3.7718090e+000 -5.6574260e+000
  1.0266667e+000  9.7777430e+000  2.2463600e-001  2.1266080e+000 -3.7607450e+000 -5.7077790e+000
  1.0333333e+000  9.7687520e+000  2.9941400e-001  2.1666280e+000 -3.7299810e+000 -5.7824580e+000
  1.0400000e+000  9.7626400e+000  3.4687100e-001  2.1799560e+000 -3.7261160e+000 -5.8886330e+000
  1.0466667e+000  9.7481430e+000  3.7491000e-001  2.2110120e+000 -3.7076060e+000 -5.9781630e+000
  1.0533333e+000  9.6913490e+000  3.4766900e-001  2.2450530e+000 -3.6856680e+000 -6.0351610e+000
  1.0600000e+000  9.6890970e+000  3.0451800e-001  2.3099450e+000 -3.6722010e+000 -6.0605890e+000
  1.0666667e+000  9.7027140e+000  2.7993400e-001  2.3518830e+000 -3.6539920e+000 -6.1163640e+000
  1.0733333e+000  9.7258090e+000  2.3173900e-001  2.3578720e+000 -3.6551430e+000 -6.1858630e+000
  1.0800000e+000  9.7419020e+000  1.9456200e-001  2.3269560e+000 -3.6686530e+000 -6.2445300e+000
  1.0866667e+000  9.7489990e+000  1.9603300e-001  2.3105690e+000 -3.6743900e+000 -6.3182220e+000
  1.0933333e+000  9.7356690e+000  1.9081800e-001  2.3370010e+000 -3.6845260e+000 -6.3548200e+000
  1.1000000e+000  9.7267110e+000  2.1792500e-001  2.3634900e+000 -3.6800590e+000 -6.3768800e+000
  1.1066667e+000  9.7137170e+000  2.6219900e-001  2.3660360e+000 -3.6941300e+000 -6.3703940e+000
  1.1133333e+000  9.6987600e+000  3.0986200e-001  2.3540540e+000 -3.7210470e+000 -6.3586100e+000
  1.1200000e+000  9.6835540e+000  3.4728200e-001  2.3545870e+000 -3.7384540e+000 -6.3599350e+000
  1.1266667e+000  9.6144440e+000  3.9468600e-001  2.3579140e+000 -3.7515520e+000 -6.3528230e+000
  1.1333333e+000  9.5827770e+000  3.8321700e-001  2.3807190e+000 -3.7583240e+000 -6.3229630e+000
  1.1400000e+000  9.5310000e+000  3.8435800e-001  2.3793600e+000 -3.7513120e+000 -6.2720770e+000
  1.1466667e+000  9.4873050e+000  4.2270000e-001  2.3736880e+000 -3.7788730e+000 -6.2272360e+000
  1.1533333e+000  9.4362620e+000  4.0402900e-001  2.3742980e+000 -3.7902050e+000 -6.1791830e+000
  1.1600000e+000  9.4293390e+000  3.7460800e-001  2.3894810e+000 -3.7988220e+000 -6.1601820e+000
  1.1666667e+000  9.4030650e+000  3.9498300e-001  2.4212730e+000 -3.8136970e+000 -6.1329690e+000
  1.1733333e+000  9.4008760e+000  4.0626200e-001  2.4165660e+000 -3.8057060e+000 -6.1105810e+000
  1.1800000e+000  9.3511350e+000  4.5736900e-001  2.3838760e+000 -3.8085220e+000 -6.0781090e+000
  1.1866667e+000  9.3417830e+000  4.5375900e-001  2.3774260e+000 -3.8334720e+000 -6.0622320e+000
  1.1933333e+000  9.3812730e+000  4.2749100e-001  2.4118840e+000 -3.8509190e+000 -6.0673900e+000
  1.2000000e+000  9.3701490e+000  3.9442300e-001  2.4424260e+000 -3.8851110e+000 -6.0438180e+000
  1.2066667e+000  9.4178370e+000  4.0949500e-001  2.4330740e+000 -3.8903160e+000 -6.0606140e+000
  1.2133333e+000  9.3837120e+000  3.7344600e-001  2.3958110e+000 -3.8947760e+000 -6.0614380e+000
  1.2200000e+000  9.3912830e+000  3.3556300e-001  2.3706180e+000 -3.9029550e+000 -6.0512350e+000
  1.2266667e+000  9.3323050e+000  3.4633100e-001  2.3934650e+000 -3.9245320e+000 -6.0453880e+000
  1.2333333e+000  9.3214600e+000  3.3894200e-001  2.3937840e+000 -3.9384630e+000 -6.0365460e+000
  1.2400000e+000  9.3413370e+000  3.4171200e-001  2.3672960e+000 -3.9669760e+000 -6.0488000e+000
  1.2466667e+000  9.3583530e+000  3.2902600e-001  2.3702850e+000 -3.9614490e+000 -6.0454070e+000
  1.2533333e+000  9.3857730e+000  2.8007800e-001  2.3571250e+000 -3.9600940e+000 -6.0741130e+000
  1.2600000e+000  9.4108350e+000  2.2892900e-001  2.3761410e+000 -3.9601340e+000 -6.0978460e+000
  1.2666667e+000  9.4086400e+000  2.2460300e-001  2.3650330e+000 -3.9685490e+000 -6.1056360e+000
  1.2733333e+000  9.3626440e+000  2.4322200e-001  2.3525120e+000 -3.9911360e+000 -6.0692830e+000
  1.2800000e+000  9.4336920e+000  2.5907800e-001  2.3609360e+000 -4.0433680e+000 -6.0439070e+000
  1.2866667e+000  9.4514020e+000  2.0480200e-001  2.4022680e+000 -4.1138560e+000 -6.0586290e+000
  1.2933333e+000  9.4788420e+000  1.8534600e-001  2.4095920e+000 -4.1307650e+000 -6.0565610e+000
  1.3000000e+000  9.5088400e+000  1.2733900e-001  2.4197110e+000 -4.1542370e+000 -6.0536890e+000
  1.3066667e+000  9.5253310e+000  2.1017400e-001  2.4557260e+000 -4.1936720e+000 -6.0469750e+000
  1.3133333e+000  9.5762510e+000  2.5837100e-001  2.4782940e+000 -4.2313460e+000 -6.0158390e+000
  1.3200000e+000  9.6005480e+000  2.6551000e-001  2.4756450e+000 -4.3031340e+000 -6.0102350e+000
  1.3266667e+000  9.5989070e+000  2.2490600e-001  2.4627060e+000 -4.3280660e+000 -5.9853800e+000
  1.3333333e+000  9.5901010e+000  1.9235800e-001  2.4971480e+000 -4.3517170e+000 -5.9375190e+000
  1.3400000e+000  9.6687540e+000  1.9168400e-001  2.5451780e+000 -4.3826150e+000 -5.8861280e+000
  1.3466667e+000  9.7142850e+000  2.1672700e-001  2.6233790e+000 -4.4202120e+000 -5.8724000e+000
  1.3533333e+000  9.7257220e+000  1.7098300e-001  2.6653270e+000 -4.4643830e+000 -5.8454140e+000
  1.3600000e+000  9.7203680e+000  1.5526000e-001  2.6811840e+000 -4.5156720e+000 -5.8263240e+000
  1.3666667e+000  9.7250110e+000  1.3413200e-001  2.6987710e+000 -4.5417820e+000 -5.8370480e+000
  1.3733333e+000  9.7408300e+000  6.9251000e-002  2.7382700e+000 -4.5410100e+000 -5.8339950e+000
  1.3800000e+000  9.7778830e+000  5.2080000e-002  2.7897430e+000 -4.5115490e+000 -5.8123160e+000
  1.3866667e+000  9.7745790e+000  5.1983000e-002  2.8383880e+000 -4.5112510e+000 -5.7884730e+000
  1.3933333e+000  9.7695850e+000  1.4328000e-002  2.8715480e+000 -4.5178980e+000 -5.7484250e+000
  1.4000000e+000  9.7474790e+000 -1.0013000e-002  2.9355020e+000 -4.5687990e+000 -5.6801930e+000
  1.4066667e+000  9.7751110e+000 -4.5565000e-002  2.9969600e+000 -4.5925890e+000 -5.6227240e+000
  1.4133333e+000  9.7307070e+000 -6.8969000e-002  3.0437160e+000 -4.5724990e+000 -5.5604840e+000
  1.4200000e+000  9.7045270e+000 -1.2384700e-001  3.0492430e+000 -4.5336120e+000 -5.5144760e+000
  1.4266667e+000  9.6945270e+000 -1.2535300e-001  3.0849910e+000 -4.4778020e+000 -5.4580250e+000
  1.4333333e+000  9.6692660e+000 -2.1305100e-001  3.1508750e+000 -4.4133580e+000 -5.3776270e+000
  1.4400000e+000  9.6823300e+000 -2.3924300e-001  3.2107880e+000 -4.3704900e+000 -5.2817500e+000
  1.4466667e+000  9.7119760e+000 -2.9151900e-001  3.2142660e+000 -4.3389820e+000 -5.1932160e+000
  1.4533333e+000  9.7448820e+000 -3.4954300e-001  3.2239800e+000 -4.2811140e+000 -5.1021560e+000
  1.4600000e+000  9.8034470e+000 -3.9544500e-001  3.2883850e+000 -4.2405000e+000 -5.0295290e+000
  1.4666667e+000  9.8284730e+000 -4.2728600e-001  3.3590690e+000 -4.2038540e+000 -4.9520000e+000
  1.4733333e+000  9.8452090e+000 -3.8656600e-001  3.4094490e+000 -4.1591410e+000 -4.8613490e+000
  1.4800000e+000  9.7990060e+000 -4.0357300e-001  3.4017070e+000 -4.1158440e+000 -4.7673460e+000
  1.4866667e+000  9.8086570e+000 -3.9896300e-001  3.4061010e+000 -4.0824340e+000 -4.6871720e+000
  1.4933333e+000  9.7655670e+000 -4.1237500e-001  3.4232550e+000 -4.0352350e+000 -4.5892990e+000
  1.5000000e+000  9.7637740e+000 -4.0839900e-001  3.4668300e+000 -3.9858610e+000 -4.4569250e+000
  1.5066667e+000  9.7484240e+000 -3.8941000e-001  3.4985770e+000 -3.9181320e+000 -4.3231800e+000
  1.5133333e+000  9.7025510e+000 -4.4455100e-001  3.5210710e+000 -3.8645010e+000 -4.2089690e+000
  1.5200000e+000  9.7933780e+000 -4.6611900e-001  3.5271790e+000 -3.7966080e+000 -4.1083140e+000
  1.5266667e+000  9.7842250e+000 -4.3747500e-001  3.5426130e+000 -3.7573720e+000 -4.0391320e+000
  1.5333333e+000  9.7468100e+000 -3.9505700e-001  3.5680260e+000 -3.7119320e+000 -3.9375760e+000
  1.5400000e+000  9.7893480e+000 -3.6637900e-001  3.6065530e+000 -3.6705390e+000 -3.8655380e+000
  1.5466667e+000  9.8501740e+000 -3.5095900e-001  3.6558720e+000 -3.6351530e+000 -3.7920990e+000
  1.5533333e+000  9.8912690e+000 -3.9309100e-001  3.6532080e+000 -3.5923930e+000 -3.7324420e+000
  1.5600000e+000  9.8922880e+000 -4.1781600e-001  3.6570660e+000 -3.5258630e+000 -3.7135160e+000
  1.5666667e+000  9.9337900e+000 -4.2358400e-001  3.6617680e+000 -3.4724320e+000 -3.6954970e+000
  1.5733333e+000  9.9485410e+000 -3.9945400e-001  3.7046020e+000 -3.3805990e+000 -3.6692330e+000
  1.5800000e+000  9.9552940e+000 -3.9934600e-001  3.7640150e+000 -3.3260920e+000 -3.6512270e+000
  1.5866667e+000  1.0034110e+001 -3.9759200e-001  3.8154830e+000 -3.2743270e+000 -3.6303650e+000
  1.5933333e+000  1.0047744e+001 -4.1679500e-001  3.8493610e+000 -3.2266730e+000 -3.6288490e+000
  1.6000000e+000  1.0066242e+001 -4.2036800e-001  3.8872190e+000 -3.1993860e+000 -3.6320380e+000
  1.6066667e+000  1.0077691e+001 -3.8427300e-001  3.9151020e+000 -3.1350650e+000 -3.6317500e+000
  1.6133333e+000  1.0121211e+001 -3.6616200e-001  3.9298210e+000 -3.0419780e+000 -3.6339970e+000
  1.6200000e+000  1.0097445e+001 -3.5537300e-001  3.9760350e+000 -2.9579350e+000 -3.6345000e+000
  1.6266667e+000  1.0117691e+001 -3.0295000e-001  3.9972280e+000 -2.8965420e+000 -3.6236360e+000
  1.6333333e+000  1.0088273e+001 -2.8551700e-001  4.0117150e+000 -2.8588440e+000 -3.6407310e+000
  1.6400000e+000  1.0106346e+001 -2.9540300e-001  4.0512490e+000 -2.8000930e+000 -3.6609570e+000
  1.6466667e+000  1.0115202e+001 -3.2871400e-001  4.0848000e+000 -2.7829280e+000 -3.6571960e+000
  1.6533333e+000  1.0061984e+001 -3.4403600e-001  4.1098470e+000 -2.7562850e+000 -3.6253440e+000
  1.6600000e+000  1.0041962e+001 -2.9253000e-001  4.1179840e+000 -2.7192650e+000 -3.5847210e+000
  1.6666667e+000  1.0024342e+001 -2.8987000e-001  4.1086670e+000 -2.7420820e+000 -3.5595130e+000
  1.6733333e+000  1.0031948e+001 -2.6761300e-001  4.1005970e+000 -2.7234490e+000 -3.5404550e+000
  1.6800000e+000  1.0016004e+001 -2.7744400e-001  4.1271190e+000 -2.7271500e+000 -3.5232990e+000
  1.6866667e+000  1.0038969e+001 -2.8447900e-001  4.1587300e+000 -2.6770140e+000 -3.4960980e+000
  1.6933333e+000  9.9769200e+000 -2.1154000e-001  4.1527330e+000 -2.6352000e+000 -3.4755390e+000
  1.7000000e+000  9.9339280e+000 -2.5518400e-001  4.1260160e+000 -2.6346270e+000 -3.4574250e+000
  1.7066667e+000  9.8615320e+000 -2.6057200e-001  4.0731760e+000 -2.6252320e+000 -3.4708390e+000
  1.7133333e+000  9.7785080e+000 -2.3385000e-001  4.0732940e+000 -2.5981330e+000 -3.4576490e+000
  1.7200000e+000  9.7517360e+000 -2.4492300e-001  4.0954330e+000 -2.5452170e+000 -3.4301810e+000
  1.7266667e+000  9.6872940e+000 -2.2573200e-001  4.1134480e+000 -2.4939050e+000 -3.4182780e+000
  1.7333333e+000  9.6270070e+000 -2.4032000e-001  4.1099800e+000 -2.4346510e+000 -3.4071200e+000
  1.7400000e+000  9.6606520e+000 -2.6787600e-001  4.1039200e+000 -2.3967050e+000 -3.3790910e+000
  1.7466667e+000  9.6817570e+000 -2.2400500e-001  4.0875200e+000 -2.3673560e+000 -3.3355910e+000
  1.7533333e+000  9.6599240e+000 -1.8940000e-001  4.1145740e+000 -2.3238170e+000 -3.2970330e+000
  1.7600000e+000  9.6346130e+000 -1.5323900e-001  4.1279610e+000 -2.2528500e+000 -3.2524960e+000
  1.7666667e+000  9.6131430e+000 -1.4210000e-001  4.1143720e+000 -2.2052440e+000 -3.2193010e+000
  1.7733333e+000  9.5798700e+000 -1.1654200e-001  4.0863650e+000 -2.1447840e+000 -3.1665630e+000
  1.7800000e+000  9.5133090e+000 -1.3039100e-001  4.0582280e+000 -2.0894790e+000 -3.1050270e+000
  1.7866667e+000  9.4973480e+000 -9.5657000e-002  4.0859590e+000 -2.0140370e+000 -3.0432560e+000
  1.7933333e+000  9.5035710e+000 -1.1544400e-001  4.1187900e+000 -1.9484760e+000 -2.9783560e+000
  1.8000000e+000  9.5102790e+000 -1.1235300e-001  4.1326650e+000 -1.9010020e+000 -2.9557080e+000
  1.8066667e+000  9.5019810e+000 -1.5625200e-001  4.1300590e+000 -1.8839810e+000 -2.9349730e+000
  1.8133333e+000  9.4737950e+000 -1.7842300e-001  4.1139830e+000 -1.8313910e+000 -2.9032500e+000
  1.8200000e+000  9.5252980e+000 -1.8791600e-001  4.1692490e+000 -1.7542310e+000 -2.8661730e+000
  1.8266667e+000  9.5649410e+000 -1.9420600e-001  4.2057140e+000 -1.6600450e+000 -2.8486250e+000
  1.8333333e+000  9.5515060e+000 -1.7805200e-001  4.2257000e+000 -1.6192070e+000 -2.8164370e+000
  1.8400000e+000  9.5627200e+000 -2.1169100e-001  4.2100850e+000 -1.5986530e+000 -2.7905980e+000
  1.8466667e+000  9.5441870e+000 -2.2738000e-001  4.1879930e+000 -1.5937390e+000 -2.7493360e+000
  1.8533333e+000  9.4954240e+000 -2.5349300e-001  4.2038500e+000 -1.5716210e+000 -2.7195280e+000
  1.8600000e+000  9.4470530e+000 -2.0603700e-001  4.2274010e+000 -1.5492520e+000 -2.6757120e+000
  1.8666667e+000  9.4316820e+000 -2.6480100e-001  4.2450020e+000 -1.4993940e+000 -2.6325380e+000
  1.8733333e+000  9.4516130e+000 -2.5992900e-001  4.2569220e+000 -1.4334310e+000 -2.5907820e+000
  1.8800000e+000  9.4803920e+000 -2.9141000e-001  4.2449890e+000 -1.4017050e+000 -2.5265140e+000
  1.8866667e+000  9.4351620e+000 -2.7407000e-001  4.2684200e+000 -1.3542770e+000 -2.4715770e+000
  1.8933333e+000  9.4555320e+000 -2.1017100e-001  4.3044670e+000 -1.3565870e+000 -2.4084060e+000
  1.9000000e+000  9.3864560e+000 -1.9877700e-001  4.3193930e+000 -1.3685320e+000 -2.3478170e+000
  1.9066667e+000  9.3261010e+000 -1.8598800e-001  4.3430250e+000 -1.3858230e+000 -2.2887420e+000
  1.9133333e+000  9.2359340e+000 -2.3633000e-001  4.3578200e+000 -1.3907780e+000 -2.2444950e+000
  1.9200000e+000  9.2482350e+000 -2.7161300e-001  4.3991030e+000 -1.3902130e+000 -2.2325480e+000
  1.9266667e+000  9.2208340e+000 -2.8940000e-001  4.4378370e+000 -1.3732490e+000 -2.2206650e+000
  1.9333333e+000  9.2559910e+000 -2.4775400e-001  4.4148250e+000 -1.3818150e+000 -2.2204420e+000
  1.9400000e+000  9.2546630e+000 -2.7695400e-001  4.3767060e+000 -1.4343470e+000 -2.2180730e+000
  1.9466667e+000  9.2412400e+000 -2.3655400e-001  4.3864110e+000 -1.4462320e+000 -2.2287960e+000
  1.9533333e+000  9.2722570e+000 -2.5204600e-001  4.4122900e+000 -1.4507310e+000 -2.2434930e+000
  1.9600000e+000  9.2304030e+000 -2.5258800e-001  4.4254720e+000 -1.4606390e+000 -2.2646420e+000
  1.9666667e+000  9.2560420e+000 -1.9940900e-001  4.3966800e+000 -1.5022080e+000 -2.2946780e+000
  1.9733333e+000  9.2930770e+000 -2.1949200e-001  4.3737580e+000 -1.5288490e+000 -2.3213730e+000
  1.9800000e+000  9.3093260e+000 -2.2084200e-001  4.3752860e+000 -1.5497870e+000 -2.3432640e+000
  1.9866667e+000  9.3047800e+000 -2.3864500e-001  4.3653040e+000 -1.5827810e+000 -2.3841660e+000
  1.9933333e+000  9.3400990e+000 -2.2266300e-001  4.3403340e+000 -1.6201580e+000 -2.4226320e+000
  2.0000000e+000  9.3377870e+000 -1.9414800e-001  4.3409400e+000 -1.6414680e+000 -2.4721570e+000
