 -5.0000000e-001 -5.0901775e+001 -4.9168880e+001 -4.8214169e+001 -4.8686844e+001 -4.8901062e+001
 -4.9333333e-001 -5.0910526e+001 -4.9165173e+001 -4.8222546e+001 -4.8688747e+001 -4.8890095e+001
 -4.8666667e-001 -5.0891743e+001 -4.9174431e+001 -4.8220772e+001 -4.8709656e+001 -4.8900318e+001
 -4.8000000e-001 -5.0886814e+001 -4.9203812e+001 -4.8206448e+001 -4.8736443e+001 -4.8902702e+001
 -4.7333333e-001 -5.0873020e+001 -4.9198597e+001 -4.8225471e+001 -4.8746372e+001 -4.8899876e+001
 -4.6666667e-001 -5.0876247e+001 -4.9192295e+001 -4.8230717e+001 -4.8784016e+001 -4.8922298e+001
 -4.6000000e-001 -5.0861423e+001 -4.9196888e+001 -4.8228977e+001 -4.8782990e+001 -4.8936298e+001
 -4.5333333e-001 -5.0846718e+001 -4.9200066e+001 -4.8225937e+001 -4.8758392e+001 -4.8928989e+001
 -4.4666667e-001 -5.0869305e+001 -4.9174446e+001 -4.8216129e+001 -4.8779209e+001 -4.8968239e+001
 -4.4000000e-001 -5.0878204e+001 -4.9207802e+001 -4.8224342e+001 -4.8811642e+001 -4.9000607e+001
 -4.3333333e-001 -5.0876053e+001 -4.9192135e+001 -4.8227142e+001 -4.8783825e+001 -4.8977467e+001
 -4.2666667e-001 -5.0869862e+001 -4.9157509e+001 -4.8217648e+001 -4.8764034e+001 -4.8972385e+001
 -4.2000000e-001 -5.0893875e+001 -4.9163219e+001 -4.8224476e+001 -4.8747532e+001 -4.8995872e+001
 -4.1333333e-001 -5.0910431e+001 -4.9161346e+001 -4.8220997e+001 -4.8741585e+001 -4.9041702e+001
 -4.0666667e-001 -5.0868420e+001 -4.9147808e+001 -4.8217209e+001 -4.8722706e+001 -4.9060493e+001
 -4.0000000e-001 -5.0865177e+001 -4.9114773e+001 -4.8217731e+001 -4.8718281e+001 -4.9047665e+001
 -3.9333333e-001 -5.0869530e+001 -4.9108921e+001 -4.8200890e+001 -4.8698399e+001 -4.9052013e+001
 -3.8666667e-001 -5.0894272e+001 -4.9124744e+001 -4.8214672e+001 -4.8702339e+001 -4.9058758e+001
 -3.8000000e-001 -5.0874908e+001 -4.9118263e+001 -4.8214546e+001 -4.8691216e+001 -4.9038143e+001
 -3.7333333e-001 -5.0873737e+001 -4.9112778e+001 -4.8209435e+001 -4.8687580e+001 -4.9037308e+001
 -3.6666667e-001 -5.0857113e+001 -4.9106167e+001 -4.8230850e+001 -4.8666840e+001 -4.9039833e+001
 -3.6000000e-001 -5.0842697e+001 -4.9077328e+001 -4.8225712e+001 -4.8655258e+001 -4.9017090e+001
 -3.5333333e-001 -5.0878258e+001 -4.9062523e+001 -4.8207474e+001 -4.8667442e+001 -4.8964027e+001
 -3.4666667e-001 -5.0883400e+001 -4.9042370e+001 -4.8190063e+001 -4.8701904e+001 -4.8904629e+001
 -3.4000000e-001 -5.0881516e+001 -4.9040943e+001 -4.8214180e+001 -4.8730625e+001 -4.8901928e+001
 -3.3333333e-001 -5.0876305e+001 -4.9029713e+001 -4.8229191e+001 -4.8734650e+001 -4.8846893e+001
 -3.2666667e-001 -5.0889812e+001 -4.8967899e+001 -4.8216057e+001 -4.8748039e+001 -4.8829296e+001
 -3.2000000e-001 -5.0878616e+001 -4.8948750e+001 -4.8230766e+001 -4.8723621e+001 -4.8796078e+001
 -3.1333333e-001 -5.0866898e+001 -4.8912720e+001 -4.8228558e+001 -4.8721306e+001 -4.8759525e+001
 -3.0666667e-001 -5.0883194e+001 -4.8907646e+001 -4.8183308e+001 -4.8721573e+001 -4.8727535e+001
 -3.0000000e-001 -5.0887146e+001 -4.8914513e+001 -4.8185360e+001 -4.8740795e+001 -4.8707146e+001
 -2.9333333e-001 -5.0878258e+001 -4.8899940e+001 -4.8205978e+001 -4.8758732e+001 -4.8661278e+001
 -2.8666667e-001 -5.0897915e+001 -4.8848976e+001 -4.8205864e+001 -4.8781818e+001 -4.8619297e+001
 -2.8000000e-001 -5.0906677e+001 -4.8837261e+001 -4.8216518e+001 -4.8790775e+001 -4.8610458e+001
 -2.7333333e-001 -5.0886177e+001 -4.8820789e+001 -4.8212353e+001 -4.8769943e+001 -4.8589989e+001
 -2.6666667e-001 -5.0875027e+001 -4.8828220e+001 -4.8197250e+001 -4.8765415e+001 -4.8570431e+001
 -2.6000000e-001 -5.0855583e+001 -4.8805222e+001 -4.8201134e+001 -4.8748013e+001 -4.8573250e+001
 -2.5333333e-001 -5.0836727e+001 -4.8776623e+001 -4.8201809e+001 -4.8767605e+001 -4.8561527e+001
 -2.4666667e-001 -5.0856564e+001 -4.8764194e+001 -4.8205853e+001 -4.8785835e+001 -4.8533627e+001
 -2.4000000e-001 -5.0854298e+001 -4.8774563e+001 -4.8227192e+001 -4.8788960e+001 -4.8556213e+001
 -2.3333333e-001 -5.0882999e+001 -4.8798649e+001 -4.8209171e+001 -4.8767361e+001 -4.8558559e+001
 -2.2666667e-001 -5.0888542e+001 -4.8806232e+001 -4.8210247e+001 -4.8789158e+001 -4.8570423e+001
 -2.2000000e-001 -5.0866287e+001 -4.8848862e+001 -4.8219097e+001 -4.8761761e+001 -4.8579628e+001
 -2.1333333e-001 -5.0852863e+001 -4.8864372e+001 -4.8233883e+001 -4.8728127e+001 -4.8567165e+001
 -2.0666667e-001 -5.0855701e+001 -4.8886822e+001 -4.8225712e+001 -4.8716927e+001 -4.8555126e+001
 -2.0000000e-001 -5.0867916e+001 -4.8917042e+001 -4.8229656e+001 -4.8739941e+001 -4.8570480e+001
 -1.9333333e-001 -5.0882523e+001 -4.8912891e+001 -4.8244186e+001 -4.8747883e+001 -4.8550758e+001
 -1.8666667e-001 -5.0888992e+001 -4.8897015e+001 -4.8219570e+001 -4.8731941e+001 -4.8545654e+001
 -1.8000000e-001 -5.0883392e+001 -4.8929577e+001 -4.8211578e+001 -4.8721462e+001 -4.8537434e+001
 -1.7333333e-001 -5.0892349e+001 -4.8934067e+001 -4.8239662e+001 -4.8743443e+001 -4.8545334e+001
 -1.6666667e-001 -5.0871399e+001 -4.8893829e+001 -4.8199150e+001 -4.8737648e+001 -4.8553013e+001
 -1.6000000e-001 -5.0851147e+001 -4.8886177e+001 -4.8190376e+001 -4.8747261e+001 -4.8550434e+001
 -1.5333333e-001 -5.0868992e+001 -4.8898006e+001 -4.8200073e+001 -4.8743813e+001 -4.8556580e+001
 -1.4666667e-001 -5.0857601e+001 -4.8851196e+001 -4.8206848e+001 -4.8731571e+001 -4.8592190e+001
 -1.4000000e-001 -5.0828041e+001 -4.8862816e+001 -4.8202312e+001 -4.8723522e+001 -4.8576317e+001
 -1.3333333e-001 -5.0836014e+001 -4.8859180e+001 -4.8184139e+001 -4.8729717e+001 -4.8576637e+001
 -1.2666667e-001 -5.0855324e+001 -4.8855881e+001 -4.8194355e+001 -4.8751804e+001 -4.8578648e+001
 -1.2000000e-001 -5.0831879e+001 -4.8861668e+001 -4.8211372e+001 -4.8740131e+001 -4.8579365e+001
 -1.1333333e-001 -5.0839363e+001 -4.8870571e+001 -4.8198105e+001 -4.8758503e+001 -4.8569351e+001
 -1.0666667e-001 -5.0851276e+001 -4.8891975e+001 -4.8201801e+001 -4.8756134e+001 -4.8565834e+001
 -1.0000000e-001 -5.0845692e+001 -4.8882950e+001 -4.8189034e+001 -4.8790272e+001 -4.8560921e+001
 -9.3333333e-002 -5.0861889e+001 -4.8899834e+001 -4.8189270e+001 -4.8761448e+001 -4.8556919e+001
 -8.6666667e-002 -5.0858284e+001 -4.8906513e+001 -4.8175655e+001 -4.8760807e+001 -4.8586769e+001
 -8.0000000e-002 -5.0858253e+001 -4.8874187e+001 -4.8190590e+001 -4.8748230e+001 -4.8597797e+001
 -7.3333333e-002 -5.0861813e+001 -4.8892590e+001 -4.8191925e+001 -4.8768749e+001 -4.8612564e+001
 -6.6666667e-002 -5.0875633e+001 -4.8904236e+001 -4.8200974e+001 -4.8775932e+001 -4.8631725e+001
 -6.0000000e-002 -5.0875713e+001 -4.8912487e+001 -4.8189034e+001 -4.8739452e+001 -4.8635399e+001
 -5.3333333e-002 -5.0896755e+001 -4.8921066e+001 -4.8184238e+001 -4.8742821e+001 -4.8647995e+001
 -4.6666667e-002 -5.0879162e+001 -4.8892418e+001 -4.8154652e+001 -4.8733921e+001 -4.8636227e+001
 -4.0000000e-002 -5.0862972e+001 -4.8913147e+001 -4.8170639e+001 -4.8742962e+001 -4.8648449e+001
 -3.3333333e-002 -5.0870022e+001 -4.8881054e+001 -4.8155685e+001 -4.8747887e+001 -4.8657154e+001
 -2.6666667e-002 -5.0883984e+001 -4.8851345e+001 -4.8152363e+001 -4.8712391e+001 -4.8662678e+001
 -2.0000000e-002 -5.0842205e+001 -4.8875023e+001 -4.8169029e+001 -4.8664494e+001 -4.8665169e+001
 -1.3333333e-002 -5.0819954e+001 -4.8900402e+001 -4.8157608e+001 -4.8677032e+001 -4.8665688e+001
 -6.6666667e-003 -5.0834808e+001 -4.8891846e+001 -4.8176563e+001 -4.8673809e+001 -4.8655281e+001
  0.0000000e+000 -5.0825829e+001 -4.8899712e+001 -4.8178299e+001 -4.8645153e+001 -4.8701447e+001
  6.6666667e-003 -5.0818138e+001 -4.8912109e+001 -4.8195820e+001 -4.8680874e+001 -4.8674767e+001
  1.3333333e-002 -5.0842560e+001 -4.8935375e+001 -4.8205524e+001 -4.8661888e+001 -4.8684322e+001
  2.0000000e-002 -5.0826355e+001 -4.8923790e+001 -4.8195385e+001 -4.8657272e+001 -4.8685471e+001
  2.6666667e-002 -5.0858768e+001 -4.8916981e+001 -4.8198910e+001 -4.8675304e+001 -4.8697765e+001
  3.3333333e-002 -5.0853302e+001 -4.8941177e+001 -4.8211395e+001 -4.8681839e+001 -4.8704094e+001
  4.0000000e-002 -5.0842224e+001 -4.8920238e+001 -4.8211197e+001 -4.8666561e+001 -4.8712547e+001
  4.6666667e-002 -5.0868553e+001 -4.8920448e+001 -4.8210800e+001 -4.8698338e+001 -4.8708454e+001
  5.3333333e-002 -5.0893139e+001 -4.8942699e+001 -4.8240173e+001 -4.8735821e+001 -4.8722576e+001
  6.0000000e-002 -5.0910515e+001 -4.8963985e+001 -4.8266972e+001 -4.8757542e+001 -4.8782139e+001
  6.6666667e-002 -5.0935860e+001 -4.9006001e+001 -4.8282452e+001 -4.8785732e+001 -4.8798702e+001
  7.3333333e-002 -5.0954632e+001 -4.9017773e+001 -4.8310047e+001 -4.8787720e+001 -4.8814064e+001
  8.0000000e-002 -5.0975430e+001 -4.9033432e+001 -4.8355965e+001 -4.8794674e+001 -4.8840931e+001
  8.6666667e-002 -5.0990807e+001 -4.9022873e+001 -4.8350243e+001 -4.8811993e+001 -4.8871613e+001
  9.3333333e-002 -5.1006927e+001 -4.9037354e+001 -4.8366962e+001 -4.8839069e+001 -4.8894363e+001
  1.0000000e-001 -5.0979164e+001 -4.9041954e+001 -4.8414318e+001 -4.8841587e+001 -4.8929398e+001
  1.0666667e-001 -5.0980568e+001 -4.9026016e+001 -4.8401287e+001 -4.8857159e+001 -4.8945946e+001
  1.1333333e-001 -5.0945133e+001 -4.9405422e+001 -4.8389458e+001 -4.8881279e+001 -4.8966251e+001
  1.2000000e-001 -5.0948853e+001 -4.9421677e+001 -4.8414360e+001 -4.8889313e+001 -4.8990303e+001
  1.2666667e-001 -5.0945728e+001 -4.9476196e+001 -4.8436874e+001 -4.8928036e+001 -4.8997086e+001
  1.3333333e-001 -5.0963875e+001 -4.9525959e+001 -4.8420971e+001 -4.8949139e+001 -4.9019993e+001
  1.4000000e-001 -5.0975323e+001 -4.9281345e+001 -4.8447742e+001 -4.8998596e+001 -4.9050011e+001
  1.4666667e-001 -5.0984058e+001 -4.9369831e+001 -4.8502697e+001 -4.9051674e+001 -4.9069241e+001
  1.5333333e-001 -5.0972866e+001 -4.9503223e+001 -4.8548191e+001 -4.9138561e+001 -4.9075844e+001
  1.6000000e-001 -5.0973927e+001 -4.9648540e+001 -4.8567253e+001 -4.9193909e+001 -4.9112411e+001
  1.6666667e-001 -5.1018120e+001 -4.9777977e+001 -4.8543457e+001 -4.9243397e+001 -4.9145866e+001
  1.7333333e-001 -5.1066769e+001 -4.9916035e+001 -4.8476448e+001 -4.9320488e+001 -4.9187862e+001
  1.8000000e-001 -5.1383469e+001 -5.0009964e+001 -4.8412643e+001 -4.9408989e+001 -4.9208588e+001
  1.8666667e-001 -5.1462952e+001 -5.0152016e+001 -4.8352570e+001 -4.9460350e+001 -4.9299381e+001
  1.9333333e-001 -5.1254539e+001 -5.0355118e+001 -4.8364079e+001 -4.9498055e+001 -4.9382614e+001
  2.0000000e-001 -5.1362717e+001 -5.0608345e+001 -4.8501503e+001 -4.9568382e+001 -4.9424587e+001
  2.0666667e-001 -5.1524769e+001 -5.0906364e+001 -4.8789948e+001 -4.9605968e+001 -4.9502171e+001
  2.1333333e-001 -5.1736286e+001 -5.1159134e+001 -4.9411072e+001 -4.9645981e+001 -4.9618057e+001
  2.2000000e-001 -5.1914547e+001 -5.1334850e+001 -4.9814438e+001 -4.9682915e+001 -4.9784443e+001
  2.2666667e-001 -5.2028999e+001 -5.1406441e+001 -5.0211708e+001 -4.9752483e+001 -4.9972080e+001
  2.3333333e-001 -5.2041615e+001 -5.1313187e+001 -5.0606678e+001 -4.9815342e+001 -5.0218407e+001
  2.4000000e-001 -5.2046471e+001 -5.1165016e+001 -5.0872723e+001 -4.9863968e+001 -5.0507515e+001
  2.4666667e-001 -5.2073238e+001 -5.0948009e+001 -5.0830437e+001 -4.9920807e+001 -5.0687767e+001
  2.5333333e-001 -5.2192558e+001 -5.0745708e+001 -5.1079449e+001 -4.9960411e+001 -5.0861557e+001
  2.6000000e-001 -5.2324608e+001 -5.0520569e+001 -5.1247860e+001 -4.9986195e+001 -5.1024944e+001
  2.6666667e-001 -5.2504387e+001 -5.0343212e+001 -5.1276920e+001 -5.0018734e+001 -5.1154400e+001
  2.7333333e-001 -5.2620918e+001 -5.0180416e+001 -5.1295578e+001 -5.0070038e+001 -5.1254009e+001
  2.8000000e-001 -5.2671318e+001 -5.0074791e+001 -5.1218204e+001 -5.0049099e+001 -5.1315605e+001
  2.8666667e-001 -5.2620548e+001 -4.9895386e+001 -5.1165436e+001 -4.9987484e+001 -5.1316822e+001
  2.9333333e-001 -5.2461620e+001 -4.9728970e+001 -5.1050266e+001 -5.0001434e+001 -5.1272926e+001
  3.0000000e-001 -5.2283676e+001 -4.9626366e+001 -5.0874130e+001 -4.9940193e+001 -5.1173164e+001
  3.0666667e-001 -5.2102631e+001 -4.9550484e+001 -5.0667404e+001 -4.9904881e+001 -5.1062550e+001
  3.1333333e-001 -5.1911049e+001 -4.9465511e+001 -5.0418789e+001 -4.9855412e+001 -5.0889214e+001
  3.2000000e-001 -5.1743946e+001 -4.9401932e+001 -5.0191166e+001 -4.9770107e+001 -5.0631149e+001
  3.2666667e-001 -5.1866257e+001 -4.9384151e+001 -5.0004799e+001 -4.9612167e+001 -5.0378628e+001
  3.3333333e-001 -5.1673065e+001 -4.9320553e+001 -4.9829819e+001 -4.9460678e+001 -5.0077961e+001
  3.4000000e-001 -5.1200500e+001 -4.9227058e+001 -4.9727638e+001 -4.9242405e+001 -4.9738392e+001
  3.4666667e-001 -5.1128963e+001 -4.9010834e+001 -4.9587017e+001 -4.9002434e+001 -4.9448994e+001
  3.5333333e-001 -5.1041088e+001 -4.8799095e+001 -4.9442207e+001 -4.8797626e+001 -4.9167599e+001
  3.6000000e-001 -5.0980732e+001 -4.8580696e+001 -4.9275307e+001 -4.8557358e+001 -4.8877205e+001
  3.6666667e-001 -5.0973694e+001 -4.8413975e+001 -4.9139458e+001 -4.8326694e+001 -4.8579300e+001
  3.7333333e-001 -5.1047298e+001 -4.8277039e+001 -4.9042439e+001 -4.8140057e+001 -4.8304573e+001
  3.8000000e-001 -5.1191841e+001 -4.8193367e+001 -4.8999020e+001 -4.7990993e+001 -4.8066467e+001
  3.8666667e-001 -5.1451118e+001 -4.8126083e+001 -4.8899757e+001 -4.7820869e+001 -4.7937920e+001
  3.9333333e-001 -5.1717979e+001 -4.8041302e+001 -4.8774963e+001 -4.7667469e+001 -4.7863064e+001
  4.0000000e-001 -5.2009369e+001 -4.7988308e+001 -4.8685307e+001 -4.7571060e+001 -4.7832726e+001
  4.0666667e-001 -5.2256657e+001 -4.7940113e+001 -4.8626904e+001 -4.7499069e+001 -4.7813675e+001
  4.1333333e-001 -5.2522984e+001 -4.7864265e+001 -4.8581959e+001 -4.7467560e+001 -4.7873688e+001
  4.2000000e-001 -5.2822960e+001 -4.7841076e+001 -4.8627220e+001 -4.7417389e+001 -4.7967144e+001
  4.2666667e-001 -5.2976364e+001 -4.7837723e+001 -4.8631645e+001 -4.7368549e+001 -4.8024559e+001
  4.3333333e-001 -5.3011570e+001 -4.7812904e+001 -4.8640709e+001 -4.7274361e+001 -4.8060677e+001
  4.4000000e-001 -5.3018944e+001 -4.7813206e+001 -4.8635212e+001 -4.7168137e+001 -4.8041355e+001
  4.4666667e-001 -5.2993050e+001 -4.7698505e+001 -4.8611980e+001 -4.7006611e+001 -4.7950642e+001
  4.5333333e-001 -5.3026897e+001 -4.7606956e+001 -4.8619404e+001 -4.6869888e+001 -4.7824245e+001
  4.6000000e-001 -5.3235146e+001 -4.7526741e+001 -4.8605679e+001 -4.6740955e+001 -4.7647415e+001
  4.6666667e-001 -5.3633869e+001 -4.7386520e+001 -4.8561462e+001 -4.6612713e+001 -4.7492184e+001
  4.7333333e-001 -5.4195236e+001 -4.7262108e+001 -4.8416176e+001 -4.6533463e+001 -4.7278641e+001
  4.8000000e-001 -5.4788067e+001 -4.7210171e+001 -4.8322311e+001 -4.6446491e+001 -4.7082542e+001
  4.8666667e-001 -5.5292854e+001 -4.7198830e+001 -4.8262943e+001 -4.6375740e+001 -4.6901035e+001
  4.9333333e-001 -5.5477570e+001 -4.7137138e+001 -4.8188995e+001 -4.6306587e+001 -4.6791412e+001
  5.0000000e-001 -5.5372581e+001 -4.7049751e+001 -4.8199509e+001 -4.6270191e+001 -4.6737785e+001
  5.0666667e-001 -5.5202583e+001 -4.6881920e+001 -4.8235146e+001 -4.6237957e+001 -4.6717342e+001
  5.1333333e-001 -5.5082638e+001 -4.6685886e+001 -4.8235207e+001 -4.6154148e+001 -4.6667034e+001
  5.2000000e-001 -5.4956493e+001 -4.6476025e+001 -4.8239777e+001 -4.6031456e+001 -4.6631805e+001
  5.2666667e-001 -5.4694981e+001 -4.6212524e+001 -4.8161133e+001 -4.5900448e+001 -4.6601933e+001
  5.3333333e-001 -5.4184574e+001 -4.5848080e+001 -4.7944893e+001 -4.5779057e+001 -4.6553677e+001
  5.4000000e-001 -5.3448620e+001 -4.5505451e+001 -4.7732712e+001 -4.5573380e+001 -4.6539394e+001
  5.4666667e-001 -5.2536564e+001 -4.5253815e+001 -4.7498627e+001 -4.5393559e+001 -4.6479198e+001
  5.5333333e-001 -5.1682674e+001 -4.5000568e+001 -4.7194405e+001 -4.5212791e+001 -4.6431419e+001
  5.6000000e-001 -5.1141003e+001 -4.4878834e+001 -4.6884354e+001 -4.5111095e+001 -4.6373802e+001
  5.6666667e-001 -5.0964630e+001 -4.4842308e+001 -4.6552879e+001 -4.5025509e+001 -4.6245777e+001
  5.7333333e-001 -5.1168488e+001 -4.4840973e+001 -4.6289650e+001 -4.4969040e+001 -4.6122665e+001
  5.8000000e-001 -5.1755447e+001 -4.4830391e+001 -4.6091808e+001 -4.4960869e+001 -4.6002766e+001
  5.8666667e-001 -5.2504272e+001 -4.4783108e+001 -4.6013382e+001 -4.4947285e+001 -4.5896503e+001
  5.9333333e-001 -5.3385471e+001 -4.4762306e+001 -4.5994144e+001 -4.4890278e+001 -4.5762939e+001
  6.0000000e-001 -5.4275036e+001 -4.4738934e+001 -4.6041210e+001 -4.4779877e+001 -4.5650299e+001
  6.0666667e-001 -5.5251793e+001 -4.4631966e+001 -4.6117020e+001 -4.4688824e+001 -4.5495232e+001
  6.1333333e-001 -5.6057205e+001 -4.4528061e+001 -4.6185112e+001 -4.4616703e+001 -4.5352222e+001
  6.2000000e-001 -5.6686440e+001 -4.4472229e+001 -4.6227879e+001 -4.4525444e+001 -4.5232494e+001
  6.2666667e-001 -5.7456917e+001 -4.4437546e+001 -4.6282066e+001 -4.4459373e+001 -4.5178120e+001
  6.3333333e-001 -5.8202473e+001 -4.4379307e+001 -4.6295410e+001 -4.4430901e+001 -4.5109184e+001
  6.4000000e-001 -5.8819431e+001 -4.4331726e+001 -4.6292179e+001 -4.4452286e+001 -4.5085350e+001
  6.4666667e-001 -5.9088657e+001 -4.4249405e+001 -4.6276672e+001 -4.4478951e+001 -4.5096386e+001
  6.5333333e-001 -5.8952984e+001 -4.4112106e+001 -4.6298908e+001 -4.4515030e+001 -4.5044918e+001
  6.6000000e-001 -5.8547569e+001 -4.3976124e+001 -4.6218853e+001 -4.4560738e+001 -4.5004940e+001
  6.6666667e-001 -5.8057865e+001 -4.3810665e+001 -4.6065701e+001 -4.4565842e+001 -4.5010685e+001
  6.7333333e-001 -5.7642216e+001 -4.3634098e+001 -4.5959534e+001 -4.4559273e+001 -4.4962032e+001
  6.8000000e-001 -5.7302017e+001 -4.3474880e+001 -4.5821651e+001 -4.4511929e+001 -4.4888954e+001
  6.8666667e-001 -5.6907970e+001 -4.3311680e+001 -4.5701557e+001 -4.4469135e+001 -4.4794956e+001
  6.9333333e-001 -5.6451790e+001 -4.3235973e+001 -4.5561230e+001 -4.4398605e+001 -4.4678387e+001
  7.0000000e-001 -5.5918686e+001 -4.3172615e+001 -4.5449200e+001 -4.4396343e+001 -4.4604431e+001
  7.0666667e-001 -5.5307289e+001 -4.3172085e+001 -4.5403805e+001 -4.4394314e+001 -4.4554672e+001
  7.1333333e-001 -5.4555691e+001 -4.3274849e+001 -4.5365242e+001 -4.4399738e+001 -4.4499802e+001
  7.2000000e-001 -5.3664349e+001 -4.3409973e+001 -4.5296825e+001 -4.4433659e+001 -4.4456017e+001
  7.2666667e-001 -5.2826294e+001 -4.3550644e+001 -4.5277969e+001 -4.4449154e+001 -4.4372009e+001
  7.3333333e-001 -5.2281590e+001 -4.3688107e+001 -4.5228825e+001 -4.4480968e+001 -4.4274563e+001
  7.4000000e-001 -5.2133415e+001 -4.3731476e+001 -4.5246155e+001 -4.4472664e+001 -4.4205235e+001
  7.4666667e-001 -5.2431072e+001 -4.3715466e+001 -4.5275650e+001 -4.4469959e+001 -4.4164917e+001
  7.5333333e-001 -5.3128494e+001 -4.3694046e+001 -4.5305878e+001 -4.4414707e+001 -4.4121937e+001
  7.6000000e-001 -5.3992378e+001 -4.3679893e+001 -4.5321613e+001 -4.4395313e+001 -4.4077961e+001
  7.6666667e-001 -5.4828045e+001 -4.3691402e+001 -4.5315968e+001 -4.4410007e+001 -4.4033859e+001
  7.7333333e-001 -5.5571533e+001 -4.3741619e+001 -4.5338211e+001 -4.4452202e+001 -4.4024342e+001
  7.8000000e-001 -5.6060204e+001 -4.3842773e+001 -4.5355576e+001 -4.4509888e+001 -4.4026150e+001
  7.8666667e-001 -5.6337891e+001 -4.3924660e+001 -4.5429150e+001 -4.4565605e+001 -4.4036217e+001
  7.9333333e-001 -5.6348503e+001 -4.3950634e+001 -4.5493374e+001 -4.4662624e+001 -4.4056396e+001
  8.0000000e-001 -5.6208683e+001 -4.3960697e+001 -4.5541317e+001 -4.4726818e+001 -4.4082420e+001
  8.0666667e-001 -5.6025970e+001 -4.3946552e+001 -4.5574432e+001 -4.4815651e+001 -4.4095951e+001
  8.1333333e-001 -5.5835747e+001 -4.3945538e+001 -4.5647659e+001 -4.4978424e+001 -4.4098267e+001
  8.2000000e-001 -5.5556953e+001 -4.3913963e+001 -4.5690342e+001 -4.5062988e+001 -4.4154884e+001
  8.2666667e-001 -5.5305096e+001 -4.3904305e+001 -4.5713959e+001 -4.5105507e+001 -4.4213070e+001
  8.3333333e-001 -5.4979763e+001 -4.3873188e+001 -4.5713070e+001 -4.5148434e+001 -4.4309460e+001
  8.4000000e-001 -5.4657383e+001 -4.3913101e+001 -4.5700417e+001 -4.5216022e+001 -4.4365185e+001
  8.4666667e-001 -5.4461456e+001 -4.4029083e+001 -4.5674446e+001 -4.5267086e+001 -4.4438389e+001
  8.5333333e-001 -5.4263546e+001 -4.4153378e+001 -4.5588490e+001 -4.5323402e+001 -4.4482731e+001
  8.6000000e-001 -5.4210453e+001 -4.4342987e+001 -4.5453960e+001 -4.5391838e+001 -4.4484470e+001
  8.6666667e-001 -5.4129299e+001 -4.4552814e+001 -4.5339413e+001 -4.5451855e+001 -4.4544540e+001
  8.7333333e-001 -5.4104057e+001 -4.4736931e+001 -4.5259201e+001 -4.5517857e+001 -4.4561901e+001
  8.8000000e-001 -5.4063171e+001 -4.4899784e+001 -4.5245945e+001 -4.5629616e+001 -4.4575882e+001
  8.8666667e-001 -5.4101902e+001 -4.5037590e+001 -4.5254017e+001 -4.5765190e+001 -4.4623302e+001
  8.9333333e-001 -5.4113068e+001 -4.5103626e+001 -4.5289791e+001 -4.5818192e+001 -4.4643589e+001
  9.0000000e-001 -5.4001820e+001 -4.5100010e+001 -4.5341801e+001 -4.5854141e+001 -4.4644466e+001
  9.0666667e-001 -5.3802631e+001 -4.5146412e+001 -4.5416702e+001 -4.5904522e+001 -4.4608818e+001
  9.1333333e-001 -5.3477829e+001 -4.5176624e+001 -4.5473545e+001 -4.5963467e+001 -4.4600540e+001
  9.2000000e-001 -5.3140408e+001 -4.5163300e+001 -4.5583633e+001 -4.5999626e+001 -4.4628826e+001
  9.2666667e-001 -5.2885941e+001 -4.5243187e+001 -4.5684975e+001 -4.6064301e+001 -4.4635811e+001
  9.3333333e-001 -5.2725010e+001 -4.5266243e+001 -4.5791996e+001 -4.6156437e+001 -4.4686508e+001
  9.4000000e-001 -5.2713852e+001 -4.5278580e+001 -4.5889072e+001 -4.6258526e+001 -4.4770950e+001
  9.4666667e-001 -5.2778099e+001 -4.5358643e+001 -4.5957817e+001 -4.6379612e+001 -4.4874348e+001
  9.5333333e-001 -5.2886528e+001 -4.5363693e+001 -4.6022846e+001 -4.6501160e+001 -4.4951244e+001
  9.6000000e-001 -5.3031628e+001 -4.5393730e+001 -4.6074528e+001 -4.6638218e+001 -4.5029503e+001
  9.6666667e-001 -5.3139946e+001 -4.5425266e+001 -4.6083836e+001 -4.6711685e+001 -4.5132214e+001
  9.7333333e-001 -5.3162907e+001 -4.5491291e+001 -4.6045311e+001 -4.6797245e+001 -4.5173782e+001
  9.8000000e-001 -5.3084911e+001 -4.5594349e+001 -4.5998997e+001 -4.6898079e+001 -4.5273705e+001
  9.8666667e-001 -5.2929348e+001 -4.5695385e+001 -4.5859062e+001 -4.7020134e+001 -4.5357208e+001
  9.9333333e-001 -5.2752018e+001 -4.5845982e+001 -4.5756969e+001 -4.7107803e+001 -4.5437641e+001
  1.0000000e+000 -5.2604244e+001 -4.5999039e+001 -4.5662647e+001 -4.7230408e+001 -4.5510704e+001
  1.0066667e+000 -5.2466114e+001 -4.6105343e+001 -4.5639771e+001 -4.7355480e+001 -4.5602573e+001
  1.0133333e+000 -5.2373951e+001 -4.6219532e+001 -4.5632847e+001 -4.7476425e+001 -4.5615623e+001
  1.0200000e+000 -5.2205872e+001 -4.6355824e+001 -4.5689167e+001 -4.7580620e+001 -4.5640133e+001
  1.0266667e+000 -5.2066521e+001 -4.6441372e+001 -4.5737354e+001 -4.7668854e+001 -4.5684631e+001
  1.0333333e+000 -5.1923080e+001 -4.6450790e+001 -4.5877399e+001 -4.7719505e+001 -4.5718025e+001
  1.0400000e+000 -5.1689945e+001 -4.6504379e+001 -4.5986374e+001 -4.7812088e+001 -4.5739536e+001
  1.0466667e+000 -5.1470943e+001 -4.6503490e+001 -4.6049389e+001 -4.7857281e+001 -4.5759914e+001
  1.0533333e+000 -5.1252827e+001 -4.6528961e+001 -4.6085175e+001 -4.7891342e+001 -4.5838039e+001
  1.0600000e+000 -5.1084774e+001 -4.6510490e+001 -4.6156891e+001 -4.7930813e+001 -4.5900692e+001
  1.0666667e+000 -5.1030426e+001 -4.6477280e+001 -4.6185547e+001 -4.7965157e+001 -4.5937569e+001
  1.0733333e+000 -5.1111481e+001 -4.6482216e+001 -4.6140686e+001 -4.8027065e+001 -4.6077908e+001
  1.0800000e+000 -5.1257866e+001 -4.6483879e+001 -4.6119267e+001 -4.8029797e+001 -4.6209400e+001
  1.0866667e+000 -5.1444038e+001 -4.6483326e+001 -4.6103962e+001 -4.8053108e+001 -4.6344292e+001
  1.0933333e+000 -5.1691814e+001 -4.6484638e+001 -4.6061569e+001 -4.8108665e+001 -4.6439617e+001
  1.1000000e+000 -5.1960579e+001 -4.6514118e+001 -4.6041435e+001 -4.8148380e+001 -4.6543941e+001
  1.1066667e+000 -5.2128101e+001 -4.6558254e+001 -4.5971241e+001 -4.8176422e+001 -4.6666172e+001
  1.1133333e+000 -5.2215786e+001 -4.6623840e+001 -4.5956161e+001 -4.8203865e+001 -4.6738892e+001
  1.1200000e+000 -5.2255596e+001 -4.6691513e+001 -4.5941658e+001 -4.8269184e+001 -4.6818848e+001
  1.1266667e+000 -5.2223930e+001 -4.6709141e+001 -4.5936939e+001 -4.8317139e+001 -4.6947132e+001
  1.1333333e+000 -5.2126717e+001 -4.6834435e+001 -4.5923332e+001 -4.8285648e+001 -4.7083347e+001
  1.1400000e+000 -5.2105412e+001 -4.6993015e+001 -4.5922554e+001 -4.8319847e+001 -4.7156315e+001
  1.1466667e+000 -5.2082073e+001 -4.7096943e+001 -4.5952911e+001 -4.8364449e+001 -4.7207478e+001
  1.1533333e+000 -5.1967064e+001 -4.7212971e+001 -4.5917404e+001 -4.8347260e+001 -4.7257050e+001
  1.1600000e+000 -5.1879826e+001 -4.7385502e+001 -4.5891331e+001 -4.8392796e+001 -4.7311680e+001
  1.1666667e+000 -5.1795502e+001 -4.7511635e+001 -4.5896580e+001 -4.8444061e+001 -4.7399864e+001
  1.1733333e+000 -5.1696171e+001 -4.7562202e+001 -4.5884830e+001 -4.8443920e+001 -4.7466339e+001
  1.1800000e+000 -5.1561798e+001 -4.7660946e+001 -4.5871021e+001 -4.8486145e+001 -4.7494583e+001
  1.1866667e+000 -5.1462753e+001 -4.7766052e+001 -4.5867168e+001 -4.8516701e+001 -4.7615837e+001
  1.1933333e+000 -5.1391384e+001 -4.7803120e+001 -4.5841808e+001 -4.8508846e+001 -4.7672417e+001
  1.2000000e+000 -5.1363571e+001 -4.7782459e+001 -4.5812305e+001 -4.8541443e+001 -4.7730755e+001
  1.2066667e+000 -5.1344967e+001 -4.7814259e+001 -4.5745949e+001 -4.8610287e+001 -4.7793663e+001
  1.2133333e+000 -5.1411854e+001 -4.7811813e+001 -4.5698738e+001 -4.8612110e+001 -4.7883160e+001
  1.2200000e+000 -5.1518627e+001 -4.7808735e+001 -4.5710018e+001 -4.8673275e+001 -4.7969227e+001
  1.2266667e+000 -5.1716537e+001 -4.7789894e+001 -4.5731819e+001 -4.8795280e+001 -4.8062397e+001
  1.2333333e+000 -5.1924549e+001 -4.7773613e+001 -4.5719151e+001 -4.8815254e+001 -4.8153904e+001
  1.2400000e+000 -5.2057491e+001 -4.7798096e+001 -4.5742546e+001 -4.8843555e+001 -4.8241707e+001
  1.2466667e+000 -5.2109943e+001 -4.7856991e+001 -4.5729195e+001 -4.8901031e+001 -4.8327877e+001
  1.2533333e+000 -5.2118179e+001 -4.7849892e+001 -4.5716808e+001 -4.8947945e+001 -4.8410473e+001
  1.2600000e+000 -5.2049107e+001 -4.7911552e+001 -4.5705101e+001 -4.8970043e+001 -4.8504993e+001
  1.2666667e+000 -5.1973637e+001 -4.7958500e+001 -4.5714363e+001 -4.9053638e+001 -4.8587032e+001
  1.2733333e+000 -5.1913242e+001 -4.8013603e+001 -4.5697609e+001 -4.9117580e+001 -4.8647625e+001
  1.2800000e+000 -5.1858131e+001 -4.8048286e+001 -4.5684536e+001 -4.9149231e+001 -4.8696793e+001
  1.2866667e+000 -5.1805382e+001 -4.8105484e+001 -4.5645947e+001 -4.9201988e+001 -4.8753254e+001
  1.2933333e+000 -5.1711296e+001 -4.8195354e+001 -4.5577412e+001 -4.9254665e+001 -4.8778393e+001
  1.3000000e+000 -5.1589394e+001 -4.8246891e+001 -4.5529205e+001 -4.9241196e+001 -4.8808331e+001
  1.3066667e+000 -5.1552513e+001 -4.8247532e+001 -4.5514137e+001 -4.9263821e+001 -4.8890892e+001
  1.3133333e+000 -5.1497475e+001 -4.8245777e+001 -4.5481781e+001 -4.9295887e+001 -4.8944511e+001
  1.3200000e+000 -5.1450977e+001 -4.8289066e+001 -4.5452496e+001 -4.9299824e+001 -4.9005394e+001
  1.3266667e+000 -5.1457199e+001 -4.8268791e+001 -4.5361320e+001 -4.9343792e+001 -4.9067299e+001
  1.3333333e+000 -5.1512894e+001 -4.8249672e+001 -4.5314255e+001 -4.9388367e+001 -4.9090534e+001
  1.3400000e+000 -5.1566456e+001 -4.8273525e+001 -4.5255970e+001 -4.9422951e+001 -4.9162037e+001
  1.3466667e+000 -5.1658165e+001 -4.8271400e+001 -4.5213760e+001 -4.9453102e+001 -4.9200108e+001
  1.3533333e+000 -5.1749409e+001 -4.8247772e+001 -4.5180538e+001 -4.9494358e+001 -4.9209042e+001
  1.3600000e+000 -5.1824291e+001 -4.8272190e+001 -4.5160881e+001 -4.9510750e+001 -4.9295643e+001
  1.3666667e+000 -5.1891716e+001 -4.8340256e+001 -4.5156445e+001 -4.9581627e+001 -4.9326286e+001
  1.3733333e+000 -5.1919979e+001 -4.8386200e+001 -4.5093452e+001 -4.9646236e+001 -4.9421947e+001
  1.3800000e+000 -5.1925301e+001 -4.8393570e+001 -4.5021484e+001 -4.9681736e+001 -4.9501698e+001
  1.3866667e+000 -5.1902294e+001 -4.8401497e+001 -4.4948849e+001 -4.9734131e+001 -4.9542374e+001
  1.3933333e+000 -5.1850372e+001 -4.8382133e+001 -4.4850109e+001 -4.9709026e+001 -4.9635475e+001
  1.4000000e+000 -5.1837261e+001 -4.8412338e+001 -4.4749401e+001 -4.9757412e+001 -4.9681950e+001
  1.4066667e+000 -5.1831463e+001 -4.8491154e+001 -4.4746910e+001 -4.9808868e+001 -4.9772823e+001
  1.4133333e+000 -5.1777786e+001 -4.8550968e+001 -4.4724224e+001 -4.9831661e+001 -4.9791435e+001
  1.4200000e+000 -5.1722473e+001 -4.8667763e+001 -4.4706127e+001 -4.9871338e+001 -4.9917496e+001
  1.4266667e+000 -5.1691380e+001 -4.8743092e+001 -4.4694103e+001 -4.9923698e+001 -5.0029202e+001
  1.4333333e+000 -5.1690170e+001 -4.8867130e+001 -4.4689262e+001 -4.9973297e+001 -5.0187515e+001
  1.4400000e+000 -5.1660061e+001 -4.8959225e+001 -4.4678753e+001 -5.0004215e+001 -5.0321888e+001
  1.4466667e+000 -5.1629303e+001 -4.9069851e+001 -4.4718819e+001 -5.0056408e+001 -5.0478645e+001
  1.4533333e+000 -5.1657505e+001 -4.9169239e+001 -4.4714222e+001 -5.0106789e+001 -5.0635956e+001
  1.4600000e+000 -5.1715469e+001 -4.9287785e+001 -4.4715805e+001 -5.0147839e+001 -5.0784527e+001
  1.4666667e+000 -5.1800190e+001 -4.9390633e+001 -4.4710468e+001 -5.0225399e+001 -5.0834484e+001
  1.4733333e+000 -5.1869061e+001 -4.9497822e+001 -4.4688030e+001 -5.0321537e+001 -5.0921612e+001
  1.4800000e+000 -5.1940628e+001 -4.9631435e+001 -4.4662956e+001 -5.0374275e+001 -5.1014317e+001
  1.4866667e+000 -5.1969990e+001 -4.9737190e+001 -4.4626678e+001 -5.0497879e+001 -5.1102371e+001
  1.4933333e+000 -5.1937244e+001 -4.9827415e+001 -4.4600540e+001 -5.0506958e+001 -5.1177612e+001
  1.5000000e+000 -5.1929878e+001 -4.9828350e+001 -4.4531940e+001 -5.0591064e+001 -5.1228054e+001
  1.5066667e+000 -5.1860676e+001 -4.9822937e+001 -4.4537811e+001 -5.0665710e+001 -5.1289215e+001
  1.5133333e+000 -5.1756409e+001 -4.9882935e+001 -4.4533348e+001 -5.0717758e+001 -5.1311069e+001
  1.5200000e+000 -5.1654408e+001 -4.9916206e+001 -4.4523701e+001 -5.0804558e+001 -5.1321869e+001
  1.5266667e+000 -5.1598301e+001 -4.9914413e+001 -4.4508854e+001 -5.0862202e+001 -5.1322689e+001
  1.5333333e+000 -5.1538902e+001 -4.9988605e+001 -4.4472916e+001 -5.0919876e+001 -5.1352943e+001
  1.5400000e+000 -5.1860821e+001 -4.9994522e+001 -4.4444710e+001 -5.1010559e+001 -5.1358833e+001
  1.5466667e+000 -5.1754707e+001 -5.0035896e+001 -4.4448677e+001 -5.1017059e+001 -5.1452324e+001
  1.5533333e+000 -5.1377819e+001 -5.0084625e+001 -4.4438969e+001 -5.1129490e+001 -5.1486694e+001
  1.5600000e+000 -5.1679836e+001 -5.0118393e+001 -4.4499954e+001 -5.1185535e+001 -5.1480682e+001
  1.5666667e+000 -5.1692562e+001 -5.0047073e+001 -4.4528515e+001 -5.1279148e+001 -5.1514809e+001
  1.5733333e+000 -5.1356899e+001 -5.0061626e+001 -4.4578003e+001 -5.1355854e+001 -5.1578072e+001
  1.5800000e+000 -5.1792225e+001 -5.0061501e+001 -4.4612568e+001 -5.1437275e+001 -5.1603203e+001
  1.5866667e+000 -5.1785141e+001 -5.0044613e+001 -4.4698032e+001 -5.1474827e+001 -5.1624916e+001
  1.5933333e+000 -5.1850941e+001 -5.0059097e+001 -4.4765186e+001 -5.1551544e+001 -5.1698376e+001
  1.6000000e+000 -5.1884018e+001 -5.0113091e+001 -4.4796463e+001 -5.1605034e+001 -5.1738579e+001
  1.6066667e+000 -5.1989391e+001 -5.0139999e+001 -4.4852257e+001 -5.1668766e+001 -5.1766804e+001
  1.6133333e+000 -5.2005264e+001 -5.0182198e+001 -4.4826004e+001 -5.1759735e+001 -5.1831181e+001
  1.6200000e+000 -5.2053459e+001 -5.0276623e+001 -4.4753208e+001 -5.1793583e+001 -5.1832867e+001
  1.6266667e+000 -5.2137531e+001 -5.0332466e+001 -4.4680759e+001 -5.1840038e+001 -5.1875610e+001
  1.6333333e+000 -5.2111439e+001 -5.0412651e+001 -4.4598778e+001 -5.1864445e+001 -5.1938690e+001
  1.6400000e+000 -5.2117237e+001 -5.0487896e+001 -4.4630089e+001 -5.1906544e+001 -5.1980450e+001
  1.6466667e+000 -5.2116009e+001 -5.0550426e+001 -4.4633549e+001 -5.1933041e+001 -5.1993790e+001
  1.6533333e+000 -5.2126492e+001 -5.0594852e+001 -4.4651459e+001 -5.1971111e+001 -5.2013477e+001
  1.6600000e+000 -5.2145077e+001 -5.0641338e+001 -4.4649868e+001 -5.1986351e+001 -5.2028416e+001
  1.6666667e+000 -5.2155170e+001 -5.0719074e+001 -4.4664093e+001 -5.1986790e+001 -5.2038986e+001
  1.6733333e+000 -5.2225983e+001 -5.0826344e+001 -4.4740639e+001 -5.2009773e+001 -5.2039421e+001
  1.6800000e+000 -5.2284626e+001 -5.0904675e+001 -4.4779732e+001 -5.2016331e+001 -5.2041870e+001
  1.6866667e+000 -5.2296097e+001 -5.0968380e+001 -4.4834576e+001 -5.2064457e+001 -5.2063412e+001
  1.6933333e+000 -5.2252609e+001 -5.1030178e+001 -4.4910816e+001 -5.2104519e+001 -5.2082508e+001
  1.7000000e+000 -5.2287563e+001 -5.1114086e+001 -4.4989605e+001 -5.2109131e+001 -5.2148689e+001
  1.7066667e+000 -5.2215950e+001 -5.1175545e+001 -4.5077419e+001 -5.2074883e+001 -5.2176777e+001
  1.7133333e+000 -5.2173241e+001 -5.1252186e+001 -4.5171402e+001 -5.2110298e+001 -5.2193993e+001
  1.7200000e+000 -5.2093864e+001 -5.1281311e+001 -4.5217773e+001 -5.2187080e+001 -5.2204601e+001
  1.7266667e+000 -5.2016041e+001 -5.1297653e+001 -4.5284306e+001 -5.2250626e+001 -5.2204868e+001
  1.7333333e+000 -5.2029613e+001 -5.1398617e+001 -4.5332951e+001 -5.2223202e+001 -5.2258347e+001
  1.7400000e+000 -5.2085674e+001 -5.1475155e+001 -4.5440796e+001 -5.2264458e+001 -5.2283562e+001
  1.7466667e+000 -5.2114555e+001 -5.1499561e+001 -4.5514206e+001 -5.2312160e+001 -5.2298916e+001
  1.7533333e+000 -5.2158703e+001 -5.1571014e+001 -4.5623798e+001 -5.2323116e+001 -5.2273891e+001
  1.7600000e+000 -5.2139797e+001 -5.1633934e+001 -4.5720566e+001 -5.2335350e+001 -5.2259743e+001
  1.7666667e+000 -5.2213387e+001 -5.1662460e+001 -4.5818401e+001 -5.2378220e+001 -5.2318558e+001
  1.7733333e+000 -5.2216278e+001 -5.1710987e+001 -4.5834976e+001 -5.2457355e+001 -5.2320770e+001
  1.7800000e+000 -5.2197163e+001 -5.1745007e+001 -4.5815380e+001 -5.2461964e+001 -5.2293262e+001
  1.7866667e+000 -5.2197620e+001 -5.1763874e+001 -4.5814941e+001 -5.2439648e+001 -5.2311394e+001
  1.7933333e+000 -5.2184071e+001 -5.1840073e+001 -4.5801128e+001 -5.2539230e+001 -5.2329090e+001
  1.8000000e+000 -5.2235264e+001 -5.1908154e+001 -4.5814571e+001 -5.2584461e+001 -5.2289032e+001
  1.8066667e+000 -5.2198772e+001 -5.2281197e+001 -4.5824730e+001 -5.2570374e+001 -5.2270992e+001
  1.8133333e+000 -5.2157803e+001 -5.2367008e+001 -4.5778229e+001 -5.2583519e+001 -5.2244251e+001
  1.8200000e+000 -5.2168007e+001 -5.2321533e+001 -4.5732483e+001 -5.2630707e+001 -5.2255840e+001
  1.8266667e+000 -5.2126492e+001 -5.2470036e+001 -4.5739021e+001 -5.2627533e+001 -5.2246918e+001
  1.8333333e+000 -5.2180130e+001 -5.2540485e+001 -4.5709866e+001 -5.2678909e+001 -5.2257362e+001
  1.8400000e+000 -5.2176723e+001 -5.2615425e+001 -4.5716141e+001 -5.2705952e+001 -5.2284122e+001
  1.8466667e+000 -5.2192089e+001 -5.2679539e+001 -4.5707230e+001 -5.2755383e+001 -5.2271824e+001
  1.8533333e+000 -5.2227993e+001 -5.2733803e+001 -4.5719692e+001 -5.2753269e+001 -5.2279602e+001
  1.8600000e+000 -5.2217598e+001 -5.2791943e+001 -4.5676746e+001 -5.2692631e+001 -5.2315525e+001
  1.8666667e+000 -5.2270691e+001 -5.2846371e+001 -4.5672676e+001 -5.2703110e+001 -5.2266914e+001
  1.8733333e+000 -5.2256096e+001 -5.2883606e+001 -4.5725788e+001 -5.2717449e+001 -5.2259224e+001
  1.8800000e+000 -5.2205593e+001 -5.2850956e+001 -4.5735809e+001 -5.2706482e+001 -5.2260822e+001
  1.8866667e+000 -5.2208649e+001 -5.2892475e+001 -4.5683006e+001 -5.2744541e+001 -5.2254631e+001
  1.8933333e+000 -5.2244469e+001 -5.2927715e+001 -4.5573143e+001 -5.2742592e+001 -5.2266457e+001
  1.9000000e+000 -5.2219784e+001 -5.2985268e+001 -4.5543747e+001 -5.2778351e+001 -5.2244297e+001
  1.9066667e+000 -5.2268074e+001 -5.2906399e+001 -4.5472515e+001 -5.2753162e+001 -5.2216198e+001
  1.9133333e+000 -5.2314526e+001 -5.2933491e+001 -4.5393101e+001 -5.2711082e+001 -5.2210152e+001
  1.9200000e+000 -5.2324776e+001 -5.2829163e+001 -4.5303909e+001 -5.2670647e+001 -5.2191200e+001
  1.9266667e+000 -5.2332516e+001 -5.2836781e+001 -4.5224079e+001 -5.2683727e+001 -5.2211254e+001
  1.9333333e+000 -5.2352062e+001 -5.2809940e+001 -4.5186081e+001 -5.2705978e+001 -5.2168110e+001
  1.9400000e+000 -5.2277798e+001 -5.2898628e+001 -4.5160351e+001 -5.2718628e+001 -5.2129612e+001
  1.9466667e+000 -5.2251942e+001 -5.2903820e+001 -4.5180401e+001 -5.2724125e+001 -5.2118206e+001
  1.9533333e+000 -5.2241104e+001 -5.2819386e+001 -4.5156563e+001 -5.2700424e+001 -5.2085098e+001
  1.9600000e+000 -5.2198685e+001 -5.2837170e+001 -4.5144299e+001 -5.2723698e+001 -5.2064644e+001
  1.9666667e+000 -5.2148586e+001 -5.2859905e+001 -4.5144600e+001 -5.2697067e+001 -5.2095558e+001
  1.9733333e+000 -5.2163807e+001 -5.2912895e+001 -4.5140778e+001 -5.2680859e+001 -5.2059429e+001
  1.9800000e+000 -5.2146229e+001 -5.2937984e+001 -4.5172157e+001 -5.2694954e+001 -5.2061901e+001
  1.9866667e+000 -5.2156971e+001 -5.2883389e+001 -4.5254501e+001 -5.2704758e+001 -5.2008900e+001
  1.9933333e+000 -5.2102200e+001 -5.2841022e+001 -4.5339413e+001 -5.2661282e+001 -5.2015327e+001
  2.0000000e+000 -5.2114162e+001 -5.2833210e+001 -4.5323078e+001 -5.2648575e+001 -5.1996952e+001
