 -5.0000000e-001  1.9633771e+002  1.9243198e+002  1.9561562e+002  1.9284770e+002  1.9421729e+002
 -4.9333333e-001  1.9634560e+002  1.9242206e+002  1.9562711e+002  1.9286638e+002  1.9419524e+002
 -4.8666667e-001  1.9636556e+002  1.9243858e+002  1.9562830e+002  1.9288295e+002  1.9419914e+002
 -4.8000000e-001  1.9634712e+002  1.9243814e+002  1.9563144e+002  1.9288811e+002  1.9420070e+002
 -4.7333333e-001  1.9634459e+002  1.9244386e+002  1.9562958e+002  1.9291072e+002  1.9419897e+002
 -4.6666667e-001  1.9635747e+002  1.9246048e+002  1.9563611e+002  1.9294309e+002  1.9421584e+002
 -4.6000000e-001  1.9635588e+002  1.9245325e+002  1.9564909e+002  1.9295340e+002  1.9420906e+002
 -4.5333333e-001  1.9634670e+002  1.9244713e+002  1.9565962e+002  1.9296462e+002  1.9420064e+002
 -4.4666667e-001  1.9633926e+002  1.9245285e+002  1.9567197e+002  1.9298521e+002  1.9418974e+002
 -4.4000000e-001  1.9637027e+002  1.9245548e+002  1.9570354e+002  1.9303081e+002  1.9417502e+002
 -4.3333333e-001  1.9638069e+002  1.9245773e+002  1.9570615e+002  1.9305379e+002  1.9418135e+002
 -4.2666667e-001  1.9637665e+002  1.9248239e+002  1.9570167e+002  1.9308014e+002  1.9417896e+002
 -4.2000000e-001  1.9636058e+002  1.9249973e+002  1.9571248e+002  1.9310681e+002  1.9419746e+002
 -4.1333333e-001  1.9634973e+002  1.9252388e+002  1.9570772e+002  1.9313031e+002  1.9418791e+002
 -4.0666667e-001  1.9635188e+002  1.9254677e+002  1.9570845e+002  1.9315916e+002  1.9417352e+002
 -4.0000000e-001  1.9633504e+002  1.9254889e+002  1.9573283e+002  1.9319658e+002  1.9417165e+002
 -3.9333333e-001  1.9633751e+002  1.9255394e+002  1.9572972e+002  1.9321564e+002  1.9418030e+002
 -3.8666667e-001  1.9632922e+002  1.9257060e+002  1.9572435e+002  1.9323064e+002  1.9420187e+002
 -3.8000000e-001  1.9631203e+002  1.9258118e+002  1.9571687e+002  1.9323715e+002  1.9419669e+002
 -3.7333333e-001  1.9629930e+002  1.9261601e+002  1.9571297e+002  1.9324902e+002  1.9420577e+002
 -3.6666667e-001  1.9628742e+002  1.9264186e+002  1.9572124e+002  1.9327690e+002  1.9418733e+002
 -3.6000000e-001  1.9630425e+002  1.9265909e+002  1.9574197e+002  1.9330959e+002  1.9418097e+002
 -3.5333333e-001  1.9630904e+002  1.9269617e+002  1.9572919e+002  1.9332607e+002  1.9418446e+002
 -3.4666667e-001  1.9629835e+002  1.9272241e+002  1.9570886e+002  1.9333722e+002  1.9418480e+002
 -3.4000000e-001  1.9628632e+002  1.9274300e+002  1.9570770e+002  1.9335884e+002  1.9418977e+002
 -3.3333333e-001  1.9627748e+002  1.9277000e+002  1.9571538e+002  1.9339391e+002  1.9419849e+002
 -3.2666667e-001  1.9627756e+002  1.9279294e+002  1.9571004e+002  1.9340741e+002  1.9419841e+002
 -3.2000000e-001  1.9629332e+002  1.9280631e+002  1.9569896e+002  1.9342416e+002  1.9421057e+002
 -3.1333333e-001  1.9628908e+002  1.9283086e+002  1.9569638e+002  1.9344209e+002  1.9423180e+002
 -3.0666667e-001  1.9627565e+002  1.9288608e+002  1.9567169e+002  1.9344521e+002  1.9424705e+002
 -3.0000000e-001  1.9629117e+002  1.9290987e+002  1.9567502e+002  1.9345073e+002  1.9424268e+002
 -2.9333333e-001  1.9628696e+002  1.9292693e+002  1.9566321e+002  1.9346561e+002  1.9423022e+002
 -2.8666667e-001  1.9628252e+002  1.9294316e+002  1.9565234e+002  1.9347365e+002  1.9424110e+002
 -2.8000000e-001  1.9627963e+002  1.9297492e+002  1.9564763e+002  1.9347623e+002  1.9425914e+002
 -2.7333333e-001  1.9628656e+002  1.9301219e+002  1.9563861e+002  1.9348518e+002  1.9428995e+002
 -2.6666667e-001  1.9627637e+002  1.9305107e+002  1.9564761e+002  1.9348782e+002  1.9428317e+002
 -2.6000000e-001  1.9626604e+002  1.9308005e+002  1.9563702e+002  1.9348462e+002  1.9428909e+002
 -2.5333333e-001  1.9628526e+002  1.9310384e+002  1.9562685e+002  1.9350473e+002  1.9430489e+002
 -2.4666667e-001  1.9628593e+002  1.9313315e+002  1.9564342e+002  1.9351100e+002  1.9432048e+002
 -2.4000000e-001  1.9629282e+002  1.9315564e+002  1.9564191e+002  1.9352374e+002  1.9430887e+002
 -2.3333333e-001  1.9628416e+002  1.9315608e+002  1.9562201e+002  1.9351096e+002  1.9430032e+002
 -2.2666667e-001  1.9628223e+002  1.9318164e+002  1.9560672e+002  1.9349287e+002  1.9432413e+002
 -2.2000000e-001  1.9627663e+002  1.9320001e+002  1.9560568e+002  1.9351549e+002  1.9433066e+002
 -2.1333333e-001  1.9626276e+002  1.9320546e+002  1.9559621e+002  1.9353069e+002  1.9433072e+002
 -2.0666667e-001  1.9625888e+002  1.9323885e+002  1.9559871e+002  1.9353270e+002  1.9434717e+002
 -2.0000000e-001  1.9626306e+002  1.9326729e+002  1.9560053e+002  1.9350923e+002  1.9437659e+002
 -1.9333333e-001  1.9626990e+002  1.9328389e+002  1.9561014e+002  1.9349831e+002  1.9437978e+002
 -1.8666667e-001  1.9626520e+002  1.9329242e+002  1.9560356e+002  1.9351784e+002  1.9437834e+002
 -1.8000000e-001  1.9624435e+002  1.9332765e+002  1.9560153e+002  1.9353798e+002  1.9437691e+002
 -1.7333333e-001  1.9626611e+002  1.9334389e+002  1.9560106e+002  1.9354112e+002  1.9435124e+002
 -1.6666667e-001  1.9626267e+002  1.9336641e+002  1.9557423e+002  1.9352954e+002  1.9430531e+002
 -1.6000000e-001  1.9625343e+002  1.9340643e+002  1.9555975e+002  1.9352910e+002  1.9429656e+002
 -1.5333333e-001  1.9626154e+002  1.9342156e+002  1.9557593e+002  1.9353444e+002  1.9430780e+002
 -1.4666667e-001  1.9628191e+002  1.9341470e+002  1.9558551e+002  1.9353448e+002  1.9434354e+002
 -1.4000000e-001  1.9630101e+002  1.9342494e+002  1.9558995e+002  1.9353116e+002  1.9435715e+002
 -1.3333333e-001  1.9628604e+002  1.9344136e+002  1.9559711e+002  1.9352263e+002  1.9433647e+002
 -1.2666667e-001  1.9627416e+002  1.9344647e+002  1.9559605e+002  1.9352631e+002  1.9431476e+002
 -1.2000000e-001  1.9629968e+002  1.9344435e+002  1.9561185e+002  1.9353516e+002  1.9429036e+002
 -1.1333333e-001  1.9630206e+002  1.9343202e+002  1.9563022e+002  1.9353081e+002  1.9427477e+002
 -1.0666667e-001  1.9628043e+002  1.9343852e+002  1.9563449e+002  1.9352628e+002  1.9426373e+002
 -1.0000000e-001  1.9628714e+002  1.9345082e+002  1.9563068e+002  1.9351334e+002  1.9426839e+002
 -9.3333333e-002  1.9629732e+002  1.9343494e+002  1.9562451e+002  1.9348828e+002  1.9425565e+002
 -8.6666667e-002  1.9629233e+002  1.9341962e+002  1.9563515e+002  1.9348685e+002  1.9422276e+002
 -8.0000000e-002  1.9630438e+002  1.9341817e+002  1.9567488e+002  1.9349304e+002  1.9422002e+002
 -7.3333333e-002  1.9630247e+002  1.9341126e+002  1.9568875e+002  1.9349625e+002  1.9419379e+002
 -6.6666667e-002  1.9626592e+002  1.9337648e+002  1.9568866e+002  1.9349588e+002  1.9416159e+002
 -6.0000000e-002  1.9625296e+002  1.9335568e+002  1.9568932e+002  1.9349310e+002  1.9416353e+002
 -5.3333333e-002  1.9626292e+002  1.9332179e+002  1.9570636e+002  1.9349295e+002  1.9418939e+002
 -4.6666667e-002  1.9623961e+002  1.9329109e+002  1.9573531e+002  1.9348164e+002  1.9418483e+002
 -4.0000000e-002  1.9622578e+002  1.9327837e+002  1.9574754e+002  1.9345590e+002  1.9419025e+002
 -3.3333333e-002  1.9624680e+002  1.9325560e+002  1.9576210e+002  1.9344081e+002  1.9419459e+002
 -2.6666667e-002  1.9623576e+002  1.9320938e+002  1.9578456e+002  1.9342403e+002  1.9417278e+002
 -2.0000000e-002  1.9622826e+002  1.9318532e+002  1.9577489e+002  1.9339972e+002  1.9415207e+002
 -1.3333333e-002  1.9625194e+002  1.9316505e+002  1.9575450e+002  1.9339294e+002  1.9414598e+002
 -6.6666667e-003  1.9624979e+002  1.9314735e+002  1.9577106e+002  1.9338066e+002  1.9415787e+002
  0.0000000e+000  1.9624106e+002  1.9311494e+002  1.9577562e+002  1.9338750e+002  1.9417217e+002
  6.6666667e-003  1.9624677e+002  1.9308675e+002  1.9578630e+002  1.9338348e+002  1.9415982e+002
  1.3333333e-002  1.9625412e+002  1.9305989e+002  1.9578917e+002  1.9338103e+002  1.9412836e+002
  2.0000000e-002  1.9623956e+002  1.9304199e+002  1.9579485e+002  1.9339700e+002  1.9410411e+002
  2.6666667e-002  1.9623244e+002  1.9301388e+002  1.9579485e+002  1.9339082e+002  1.9411983e+002
  3.3333333e-002  1.9622971e+002  1.9295815e+002  1.9577971e+002  1.9336783e+002  1.9414452e+002
  4.0000000e-002  1.9621547e+002  1.9291409e+002  1.9578172e+002  1.9333731e+002  1.9415404e+002
  4.6666667e-002  1.9619871e+002  1.9288500e+002  1.9576901e+002  1.9333794e+002  1.9416077e+002
  5.3333333e-002  1.9619153e+002  1.9285098e+002  1.9576431e+002  1.9332684e+002  1.9419148e+002
  6.0000000e-002  1.9618668e+002  1.9282614e+002  1.9576427e+002  1.9328313e+002  1.9419672e+002
  6.6666667e-002  1.9616928e+002  1.9279111e+002  1.9574913e+002  1.9326318e+002  1.9418762e+002
  7.3333333e-002  1.9614388e+002  1.9275218e+002  1.9573543e+002  1.9323459e+002  1.9416884e+002
  8.0000000e-002  1.9613736e+002  1.9272505e+002  1.9569925e+002  1.9321870e+002  1.9416431e+002
  8.6666667e-002  1.9614142e+002  1.9270550e+002  1.9565311e+002  1.9319809e+002  1.9416473e+002
  9.3333333e-002  1.9612895e+002  1.9268764e+002  1.9564079e+002  1.9316402e+002  1.9416717e+002
  1.0000000e-001  1.9612007e+002  1.9266038e+002  1.9563991e+002  1.9313268e+002  1.9416080e+002
  1.0666667e-001  1.9609172e+002  1.9262700e+002  1.9560062e+002  1.9309677e+002  1.9416101e+002
  1.1333333e-001  1.9604941e+002  1.9258160e+002  1.9554283e+002  1.9302939e+002  1.9415343e+002
  1.2000000e-001  1.9597810e+002  1.9248820e+002  1.9547208e+002  1.9298990e+002  1.9413422e+002
  1.2666667e-001  1.9585001e+002  1.9239325e+002  1.9539830e+002  1.9291823e+002  1.9411675e+002
  1.3333333e-001  1.9563899e+002  1.9233247e+002  1.9530148e+002  1.9278841e+002  1.9407684e+002
  1.4000000e-001  1.9539298e+002  1.9231062e+002  1.9513670e+002  1.9266989e+002  1.9403746e+002
  1.4666667e-001  1.9518724e+002  1.9232008e+002  1.9493955e+002  1.9256377e+002  1.9399994e+002
  1.5333333e-001  1.9505531e+002  1.9237192e+002  1.9476178e+002  1.9249413e+002  1.9395233e+002
  1.6000000e-001  1.9494531e+002  1.9242227e+002  1.9460858e+002  1.9243323e+002  1.9388779e+002
  1.6666667e-001  1.9484222e+002  1.9241338e+002  1.9444771e+002  1.9233771e+002  1.9381320e+002
  1.7333333e-001  1.9471391e+002  1.9239175e+002  1.9427228e+002  1.9222734e+002  1.9373915e+002
  1.8000000e-001  1.9461185e+002  1.9234793e+002  1.9407250e+002  1.9211818e+002  1.9365607e+002
  1.8666667e-001  1.9451636e+002  1.9227397e+002  1.9383484e+002  1.9204533e+002  1.9353639e+002
  1.9333333e-001  1.9438301e+002  1.9218231e+002  1.9355476e+002  1.9198363e+002  1.9332765e+002
  2.0000000e-001  1.9427582e+002  1.9205878e+002  1.9320949e+002  1.9191405e+002  1.9309569e+002
  2.0666667e-001  1.9423006e+002  1.9190044e+002  1.9278330e+002  1.9186671e+002  1.9287834e+002
  2.1333333e-001  1.9422694e+002  1.9169530e+002  1.9230827e+002  1.9177197e+002  1.9263977e+002
  2.2000000e-001  1.9423735e+002  1.9151151e+002  1.9180110e+002  1.9162326e+002  1.9243791e+002
  2.2666667e-001  1.9432292e+002  1.9132349e+002  1.9120020e+002  1.9153668e+002  1.9224928e+002
  2.3333333e-001  1.9448669e+002  1.9114079e+002  1.9050001e+002  1.9138806e+002  1.9203694e+002
  2.4000000e-001  1.9467693e+002  1.9089381e+002  1.8974468e+002  1.9118935e+002  1.9179266e+002
  2.4666667e-001  1.9487935e+002  1.9059363e+002  1.8889445e+002  1.9089670e+002  1.9151041e+002
  2.5333333e-001  1.9503552e+002  1.9014392e+002  1.8799373e+002  1.9051660e+002  1.9124434e+002
  2.6000000e-001  1.9506061e+002  1.8953870e+002  1.8704025e+002  1.9008960e+002  1.9102272e+002
  2.6666667e-001  1.9486522e+002  1.8880777e+002  1.8611862e+002  1.8956912e+002  1.9074464e+002
  2.7333333e-001  1.9443188e+002  1.8794832e+002  1.8519457e+002  1.8902589e+002  1.9036485e+002
  2.8000000e-001  1.9379054e+002  1.8702365e+002  1.8426259e+002  1.8847957e+002  1.8990379e+002
  2.8666667e-001  1.9296841e+002  1.8613590e+002  1.8339000e+002  1.8791846e+002  1.8939514e+002
  2.9333333e-001  1.9208395e+002  1.8535814e+002  1.8259639e+002  1.8731958e+002  1.8886559e+002
  3.0000000e-001  1.9113132e+002  1.8467726e+002  1.8190034e+002  1.8675200e+002  1.8829576e+002
  3.0666667e-001  1.9015595e+002  1.8407451e+002  1.8159273e+002  1.8624968e+002  1.8772730e+002
  3.1333333e-001  1.8922458e+002  1.8354482e+002  1.8083231e+002  1.8580131e+002  1.8720308e+002
  3.2000000e-001  1.8839940e+002  1.8312552e+002  1.7966158e+002  1.8542896e+002  1.8669005e+002
  3.2666667e-001  1.8768176e+002  1.8276353e+002  1.7932472e+002  1.8509767e+002  1.8621374e+002
  3.3333333e-001  1.8704156e+002  1.8242372e+002  1.7905266e+002  1.8485646e+002  1.8577496e+002
  3.4000000e-001  1.8649847e+002  1.8210367e+002  1.7885956e+002  1.8471127e+002  1.8532486e+002
  3.4666667e-001  1.8617851e+002  1.8171118e+002  1.7867964e+002  1.8456430e+002  1.8492905e+002
  3.5333333e-001  1.8609407e+002  1.8121484e+002  1.7840739e+002  1.8444914e+002  1.8461883e+002
  3.6000000e-001  1.8607275e+002  1.8060675e+002  1.7796912e+002  1.8439560e+002  1.8433341e+002
  3.6666667e-001  1.8581868e+002  1.7991670e+002  1.7731705e+002  1.8429507e+002  1.8402023e+002
  3.7333333e-001  1.8521732e+002  1.7918973e+002  1.7654356e+002  1.8408997e+002  1.8364636e+002
  3.8000000e-001  1.8436104e+002  1.7849460e+002  1.7566100e+002  1.8387473e+002  1.8328287e+002
  3.8666667e-001  1.8337628e+002  1.7781731e+002  1.7479710e+002  1.8363231e+002  1.8278267e+002
  3.9333333e-001  1.8235998e+002  1.7713741e+002  1.7417572e+002  1.8333597e+002  1.8217581e+002
  4.0000000e-001  1.8144550e+002  1.7650311e+002  1.7379450e+002  1.8307945e+002  1.8151160e+002
  4.0666667e-001  1.8066963e+002  1.7594338e+002  1.7361835e+002  1.8283618e+002  1.8083144e+002
  4.1333333e-001  1.8003273e+002  1.7543982e+002  1.7351894e+002  1.8264835e+002  1.8019258e+002
  4.2000000e-001  1.7956418e+002  1.7490675e+002  1.7329227e+002  1.8246338e+002  1.7955969e+002
  4.2666667e-001  1.7915488e+002  1.7436496e+002  1.7294496e+002  1.8233286e+002  1.7906047e+002
  4.3333333e-001  1.7859836e+002  1.7375830e+002  1.7239972e+002  1.8221684e+002  1.7858667e+002
  4.4000000e-001  1.7773425e+002  1.7305337e+002  1.7155173e+002  1.8206596e+002  1.7805309e+002
  4.4666667e-001  1.7654321e+002  1.7238310e+002  1.7057826e+002  1.8190877e+002  1.7752824e+002
  4.5333333e-001  1.7517250e+002  1.7172337e+002  1.6954649e+002  1.8177684e+002  1.7701298e+002
  4.6000000e-001  1.7374107e+002  1.7108069e+002  1.6905131e+002  1.8160985e+002  1.7647490e+002
  4.6666667e-001  1.7234485e+002  1.7046208e+002  1.6800865e+002  1.8136548e+002  1.7586374e+002
  4.7333333e-001  1.7101152e+002  1.6987268e+002  1.6709316e+002  1.8112035e+002  1.7515160e+002
  4.8000000e-001  1.6973273e+002  1.6929903e+002  1.6623793e+002  1.8087302e+002  1.7445956e+002
  4.8666667e-001  1.6856284e+002  1.6869844e+002  1.6494064e+002  1.8064948e+002  1.7378416e+002
  4.9333333e-001  1.6763504e+002  1.6809859e+002  1.6437006e+002  1.8038847e+002  1.7303793e+002
  5.0000000e-001  1.6690642e+002  1.6746405e+002  1.6385872e+002  1.8011946e+002  1.7233781e+002
  5.0666667e-001  1.6636871e+002  1.6683789e+002  1.6341184e+002  1.7988835e+002  1.7175407e+002
  5.1333333e-001  1.6605513e+002  1.6616864e+002  1.6309000e+002  1.7966258e+002  1.7115436e+002
  5.2000000e-001  1.6600890e+002  1.6549934e+002  1.6293521e+002  1.7940520e+002  1.7063995e+002
  5.2666667e-001  1.6615778e+002  1.6487744e+002  1.6287427e+002  1.7922551e+002  1.7022914e+002
  5.3333333e-001  1.6638193e+002  1.6429244e+002  1.6282997e+002  1.7908234e+002  1.6976096e+002
  5.4000000e-001  1.6652168e+002  1.6461154e+002  1.6268938e+002  1.7892696e+002  1.6935010e+002
  5.4666667e-001  1.6651753e+002  1.6401080e+002  1.6255002e+002  1.7877272e+002  1.6981403e+002
  5.5333333e-001  1.6628200e+002  1.6352972e+002  1.6237677e+002  1.7861881e+002  1.6956999e+002
  5.6000000e-001  1.6562312e+002  1.6296309e+002  1.6220207e+002  1.7848978e+002  1.6921455e+002
  5.6666667e-001  1.6442352e+002  1.6291952e+002  1.6191126e+002  1.7839407e+002  1.6894696e+002
  5.7333333e-001  1.6278827e+002  1.6234973e+002  1.6164014e+002  1.7831757e+002  1.6869806e+002
  5.8000000e-001  1.6094313e+002  1.6185439e+002  1.6127895e+002  1.7824806e+002  1.6828754e+002
  5.8666667e-001  1.5916509e+002  1.6149298e+002  1.6079472e+002  1.7817265e+002  1.6801587e+002
  5.9333333e-001  1.5753734e+002  1.6102609e+002  1.6035414e+002  1.7812898e+002  1.6769386e+002
  6.0000000e-001  1.5602686e+002  1.6052997e+002  1.5977295e+002  1.7809410e+002  1.6725642e+002
  6.0666667e-001  1.5474605e+002  1.6011809e+002  1.5964926e+002  1.7810812e+002  1.6700700e+002
  6.1333333e-001  1.5387015e+002  1.5969438e+002  1.5914760e+002  1.7815495e+002  1.6667207e+002
  6.2000000e-001  1.5335785e+002  1.5932010e+002  1.5860971e+002  1.7818059e+002  1.6624019e+002
  6.2666667e-001  1.5320197e+002  1.5892902e+002  1.5814883e+002  1.7815231e+002  1.6586969e+002
  6.3333333e-001  1.5335422e+002  1.5805441e+002  1.5752203e+002  1.7811729e+002  1.6545229e+002
  6.4000000e-001  1.5378220e+002  1.5767223e+002  1.5815559e+002  1.7812804e+002  1.6506282e+002
  6.4666667e-001  1.5428798e+002  1.5727444e+002  1.5782576e+002  1.7809804e+002  1.6453673e+002
  6.5333333e-001  1.5459859e+002  1.5684322e+002  1.5766762e+002  1.7802251e+002  1.6469931e+002
  6.6000000e-001  1.5468475e+002  1.5642665e+002  1.5755266e+002  1.7801683e+002  1.6432730e+002
  6.6666667e-001  1.5449291e+002  1.5444083e+002  1.5746617e+002  1.7802515e+002  1.6388240e+002
  6.7333333e-001  1.5409795e+002  1.5401267e+002  1.5749358e+002  1.7798967e+002  1.6351729e+002
  6.8000000e-001  1.5364735e+002  1.5369151e+002  1.5777647e+002  1.7795502e+002  1.6323895e+002
  6.8666667e-001  1.5301172e+002  1.5334961e+002  1.5767572e+002  1.7793115e+002  1.6302443e+002
  6.9333333e-001  1.5244907e+002  1.5322852e+002  1.5761343e+002  1.7789293e+002  1.6293188e+002
  7.0000000e-001  1.5209993e+002  1.5306801e+002  1.5747977e+002  1.7784608e+002  1.6282819e+002
  7.0666667e-001  1.5188182e+002  1.5301500e+002  1.5722104e+002  1.7783353e+002  1.6263174e+002
  7.1333333e-001  1.5178575e+002  1.5306964e+002  1.5697177e+002  1.7782428e+002  1.6247208e+002
  7.2000000e-001  1.5180775e+002  1.5308505e+002  1.5641022e+002  1.7787529e+002  1.6239265e+002
  7.2666667e-001  1.5195944e+002  1.5305202e+002  1.5474210e+002  1.7793750e+002  1.6243967e+002
  7.3333333e-001  1.5227803e+002  1.5306992e+002  1.5458217e+002  1.7800566e+002  1.6236678e+002
  7.4000000e-001  1.5267397e+002  1.5307480e+002  1.5578720e+002  1.7803601e+002  1.6167307e+002
  7.4666667e-001  1.5315898e+002  1.5491397e+002  1.5563559e+002  1.7804542e+002  1.6153036e+002
  7.5333333e-001  1.5374249e+002  1.5503568e+002  1.5547542e+002  1.7812561e+002  1.6189131e+002
  7.6000000e-001  1.5439243e+002  1.5506226e+002  1.5394101e+002  1.7822960e+002  1.6180142e+002
  7.6666667e-001  1.5510306e+002  1.5319498e+002  1.5388405e+002  1.7829156e+002  1.6173508e+002
  7.7333333e-001  1.5583833e+002  1.5323114e+002  1.5386827e+002  1.7834451e+002  1.6163841e+002
  7.8000000e-001  1.5649019e+002  1.5326384e+002  1.5383038e+002  1.7846712e+002  1.6140405e+002
  7.8666667e-001  1.5696942e+002  1.5493199e+002  1.5379858e+002  1.7860255e+002  1.6125403e+002
  7.9333333e-001  1.5742003e+002  1.5546179e+002  1.5379829e+002  1.7870560e+002  1.6127397e+002
  8.0000000e-001  1.5795200e+002  1.5566449e+002  1.5387289e+002  1.7883307e+002  1.6118545e+002
  8.0666667e-001  1.5846469e+002  1.5493587e+002  1.5383756e+002  1.7895281e+002  1.6105580e+002
  8.1333333e-001  1.5901372e+002  1.5524782e+002  1.5379504e+002  1.7908009e+002  1.6117316e+002
  8.2000000e-001  1.5980821e+002  1.5556720e+002  1.5376672e+002  1.7920982e+002  1.6125765e+002
  8.2666667e-001  1.6083467e+002  1.5560565e+002  1.5414395e+002  1.7932294e+002  1.6095787e+002
  8.3333333e-001  1.6208356e+002  1.5604265e+002  1.5408498e+002  1.7944716e+002  1.6106819e+002
  8.4000000e-001  1.6348300e+002  1.5640309e+002  1.5404385e+002  1.7956616e+002  1.6125867e+002
  8.4666667e-001  1.6495071e+002  1.5677860e+002  1.5397778e+002  1.7969714e+002  1.6137831e+002
  8.5333333e-001  1.6651567e+002  1.5714479e+002  1.5396359e+002  1.7980658e+002  1.6150412e+002
  8.6000000e-001  1.6797235e+002  1.5745105e+002  1.5396289e+002  1.7985919e+002  1.6166521e+002
  8.6666667e-001  1.6922565e+002  1.5776738e+002  1.5388666e+002  1.7997397e+002  1.6184140e+002
  8.7333333e-001  1.7021498e+002  1.5805614e+002  1.5383478e+002  1.8008791e+002  1.6187454e+002
  8.8000000e-001  1.7094391e+002  1.5831963e+002  1.5388736e+002  1.8017586e+002  1.6189819e+002
  8.8666667e-001  1.7142282e+002  1.5858550e+002  1.5398831e+002  1.8025076e+002  1.6192984e+002
  8.9333333e-001  1.7168370e+002  1.5885149e+002  1.5355627e+002  1.8032001e+002  1.6196585e+002
  9.0000000e-001  1.7172345e+002  1.5913977e+002  1.5399956e+002  1.8044270e+002  1.6109352e+002
  9.0666667e-001  1.7157018e+002  1.5950185e+002  1.5402878e+002  1.8053409e+002  1.6123561e+002
  9.1333333e-001  1.7129691e+002  1.5990314e+002  1.5406763e+002  1.8063225e+002  1.6138832e+002
  9.2000000e-001  1.7091565e+002  1.6030730e+002  1.5395927e+002  1.8070264e+002  1.6152753e+002
  9.2666667e-001  1.7048659e+002  1.6075253e+002  1.5367004e+002  1.8077022e+002  1.6166454e+002
  9.3333333e-001  1.7023569e+002  1.6119128e+002  1.5357193e+002  1.8081480e+002  1.6184219e+002
  9.4000000e-001  1.7023213e+002  1.6155835e+002  1.5346899e+002  1.8089389e+002  1.6203587e+002
  9.4666667e-001  1.7045837e+002  1.6194087e+002  1.5337485e+002  1.8097479e+002  1.6229923e+002
  9.5333333e-001  1.7103375e+002  1.6227869e+002  1.5341303e+002  1.8108456e+002  1.6261656e+002
  9.6000000e-001  1.7180220e+002  1.6260886e+002  1.5336908e+002  1.8120203e+002  1.6293581e+002
  9.6666667e-001  1.7255296e+002  1.6296924e+002  1.5334105e+002  1.8129407e+002  1.6326781e+002
  9.7333333e-001  1.7322691e+002  1.6334201e+002  1.5326839e+002  1.8139551e+002  1.6360187e+002
  9.8000000e-001  1.7380783e+002  1.6373033e+002  1.5320605e+002  1.8150124e+002  1.6396773e+002
  9.8666667e-001  1.7432399e+002  1.6412163e+002  1.5314874e+002  1.8159421e+002  1.6436269e+002
  9.9333333e-001  1.7461961e+002  1.6447427e+002  1.5315137e+002  1.8169052e+002  1.6475455e+002
  1.0000000e+000  1.7474048e+002  1.6487244e+002  1.5309564e+002  1.8182546e+002  1.6513013e+002
  1.0066667e+000  1.7466226e+002  1.6527812e+002  1.5293504e+002  1.8196909e+002  1.6548488e+002
  1.0133333e+000  1.7442523e+002  1.6563368e+002  1.5283633e+002  1.8209497e+002  1.6587302e+002
  1.0200000e+000  1.7410996e+002  1.6599814e+002  1.5283989e+002  1.8221549e+002  1.6624152e+002
  1.0266667e+000  1.7371960e+002  1.6636890e+002  1.5272551e+002  1.8233859e+002  1.6656163e+002
  1.0333333e+000  1.7321120e+002  1.6674120e+002  1.5276689e+002  1.8242322e+002  1.6688820e+002
  1.0400000e+000  1.7268663e+002  1.6711621e+002  1.5271758e+002  1.8255989e+002  1.6723651e+002
  1.0466667e+000  1.7220283e+002  1.6743324e+002  1.5248253e+002  1.8268965e+002  1.6759470e+002
  1.0533333e+000  1.7177628e+002  1.6775438e+002  1.5237077e+002  1.8281334e+002  1.6793959e+002
  1.0600000e+000  1.7145583e+002  1.6813997e+002  1.5223172e+002  1.8294624e+002  1.6834354e+002
  1.0666667e+000  1.7119130e+002  1.6851309e+002  1.5208806e+002  1.8307098e+002  1.6877838e+002
  1.0733333e+000  1.7094745e+002  1.6889711e+002  1.5197778e+002  1.8319183e+002  1.6923958e+002
  1.0800000e+000  1.7077879e+002  1.6930510e+002  1.5176227e+002  1.8330512e+002  1.6967464e+002
  1.0866667e+000  1.7066835e+002  1.6972499e+002  1.5157483e+002  1.8341334e+002  1.7017088e+002
  1.0933333e+000  1.7056140e+002  1.7015297e+002  1.5136607e+002  1.8352550e+002  1.7072386e+002
  1.1000000e+000  1.7047054e+002  1.7060901e+002  1.5125702e+002  1.8362473e+002  1.7126657e+002
  1.1066667e+000  1.7039006e+002  1.7108868e+002  1.5115637e+002  1.8371924e+002  1.7185768e+002
  1.1133333e+000  1.7034222e+002  1.7155276e+002  1.5109119e+002  1.8385286e+002  1.7244026e+002
  1.1200000e+000  1.7026689e+002  1.7204599e+002  1.5098071e+002  1.8397177e+002  1.7295242e+002
  1.1266667e+000  1.7018588e+002  1.7256047e+002  1.5088213e+002  1.8409198e+002  1.7345279e+002
  1.1333333e+000  1.7015399e+002  1.7300653e+002  1.5082382e+002  1.8418794e+002  1.7390939e+002
  1.1400000e+000  1.7003369e+002  1.7343097e+002  1.5085158e+002  1.8429602e+002  1.7436577e+002
  1.1466667e+000  1.6984642e+002  1.7385355e+002  1.5083986e+002  1.8439819e+002  1.7481844e+002
  1.1533333e+000  1.6967335e+002  1.7426512e+002  1.5066649e+002  1.8451323e+002  1.7527878e+002
  1.1600000e+000  1.6948538e+002  1.7463448e+002  1.5053633e+002  1.8462878e+002  1.7580238e+002
  1.1666667e+000  1.6921578e+002  1.7500674e+002  1.5045960e+002  1.8475090e+002  1.7635288e+002
  1.1733333e+000  1.6891992e+002  1.7538425e+002  1.5056902e+002  1.8486084e+002  1.7690906e+002
  1.1800000e+000  1.6863547e+002  1.7576353e+002  1.5063937e+002  1.8495227e+002  1.7746971e+002
  1.1866667e+000  1.6837911e+002  1.7613275e+002  1.5055472e+002  1.8504457e+002  1.7800893e+002
  1.1933333e+000  1.6810919e+002  1.7648424e+002  1.5049786e+002  1.8515073e+002  1.7851932e+002
  1.2000000e+000  1.6786459e+002  1.7688803e+002  1.5039047e+002  1.8530351e+002  1.7902914e+002
  1.2066667e+000  1.6766625e+002  1.7731285e+002  1.5031400e+002  1.8545711e+002  1.7946625e+002
  1.2133333e+000  1.6750890e+002  1.7772380e+002  1.5030237e+002  1.8558566e+002  1.7992129e+002
  1.2200000e+000  1.6735660e+002  1.7816103e+002  1.5025580e+002  1.8571422e+002  1.8039717e+002
  1.2266667e+000  1.6724925e+002  1.7857593e+002  1.5022276e+002  1.8584822e+002  1.8084023e+002
  1.2333333e+000  1.6717493e+002  1.7903291e+002  1.5017659e+002  1.8597842e+002  1.8129385e+002
  1.2400000e+000  1.6714636e+002  1.7943399e+002  1.5004596e+002  1.8611610e+002  1.8175748e+002
  1.2466667e+000  1.6715269e+002  1.7982352e+002  1.5000873e+002  1.8630983e+002  1.8216663e+002
  1.2533333e+000  1.6720149e+002  1.8020737e+002  1.4994371e+002  1.8648280e+002  1.8256955e+002
  1.2600000e+000  1.6722620e+002  1.8061108e+002  1.4998465e+002  1.8664049e+002  1.8297383e+002
  1.2666667e+000  1.6732423e+002  1.8095938e+002  1.5001276e+002  1.8679619e+002  1.8332176e+002
  1.2733333e+000  1.6743654e+002  1.8126947e+002  1.4999596e+002  1.8700649e+002  1.8364015e+002
  1.2800000e+000  1.6748283e+002  1.8159955e+002  1.4997322e+002  1.8720668e+002  1.8394482e+002
  1.2866667e+000  1.6755934e+002  1.8194792e+002  1.5001978e+002  1.8737842e+002  1.8423109e+002
  1.2933333e+000  1.6766180e+002  1.8231212e+002  1.5012578e+002  1.8753702e+002  1.8455849e+002
  1.3000000e+000  1.6778711e+002  1.8272479e+002  1.5015300e+002  1.8769678e+002  1.8488303e+002
  1.3066667e+000  1.6788992e+002  1.8316324e+002  1.5011411e+002  1.8786803e+002  1.8518831e+002
  1.3133333e+000  1.6798856e+002  1.8356065e+002  1.5011198e+002  1.8799957e+002  1.8551022e+002
  1.3200000e+000  1.6811929e+002  1.8396236e+002  1.5005090e+002  1.8813229e+002  1.8579973e+002
  1.3266667e+000  1.6816536e+002  1.8440024e+002  1.5001872e+002  1.8830069e+002  1.8612848e+002
  1.3333333e+000  1.6825725e+002  1.8478929e+002  1.4997669e+002  1.8843199e+002  1.8648991e+002
  1.3400000e+000  1.6835457e+002  1.8508958e+002  1.4991490e+002  1.8856462e+002  1.8679402e+002
  1.3466667e+000  1.6841046e+002  1.8541299e+002  1.4988066e+002  1.8868399e+002  1.8702422e+002
  1.3533333e+000  1.6843913e+002  1.8574944e+002  1.4993863e+002  1.8877231e+002  1.8726724e+002
  1.3600000e+000  1.6849188e+002  1.8608841e+002  1.4996373e+002  1.8888776e+002  1.8752554e+002
  1.3666667e+000  1.6859970e+002  1.8636945e+002  1.5000337e+002  1.8902469e+002  1.8776140e+002
  1.3733333e+000  1.6868182e+002  1.8664598e+002  1.5003595e+002  1.8917847e+002  1.8803815e+002
  1.3800000e+000  1.6879195e+002  1.8698128e+002  1.4999454e+002  1.8934897e+002  1.8828551e+002
  1.3866667e+000  1.6893591e+002  1.8734526e+002  1.4990214e+002  1.8952506e+002  1.8853493e+002
  1.3933333e+000  1.6905556e+002  1.8774985e+002  1.4999667e+002  1.8962482e+002  1.8877177e+002
  1.4000000e+000  1.6922697e+002  1.8810544e+002  1.5013872e+002  1.8974295e+002  1.8900034e+002
  1.4066667e+000  1.6940265e+002  1.8843964e+002  1.5008656e+002  1.8988837e+002  1.8925255e+002
  1.4133333e+000  1.6955450e+002  1.8878684e+002  1.5002669e+002  1.9003598e+002  1.8953314e+002
  1.4200000e+000  1.6979257e+002  1.8910645e+002  1.5010474e+002  1.9017157e+002  1.8983719e+002
  1.4266667e+000  1.7003131e+002  1.8944739e+002  1.5005835e+002  1.9026680e+002  1.9008289e+002
  1.4333333e+000  1.7029279e+002  1.8975902e+002  1.4993121e+002  1.9037135e+002  1.9030838e+002
  1.4400000e+000  1.7057513e+002  1.9004923e+002  1.4996303e+002  1.9052692e+002  1.9055847e+002
  1.4466667e+000  1.7081401e+002  1.9032837e+002  1.5000101e+002  1.9064360e+002  1.9075438e+002
  1.4533333e+000  1.7108127e+002  1.9057930e+002  1.5010719e+002  1.9073994e+002  1.9093645e+002
  1.4600000e+000  1.7134146e+002  1.9080762e+002  1.5009489e+002  1.9086673e+002  1.9110251e+002
  1.4666667e+000  1.7155745e+002  1.9104215e+002  1.4997795e+002  1.9100932e+002  1.9121550e+002
  1.4733333e+000  1.7180023e+002  1.9127528e+002  1.4996419e+002  1.9111398e+002  1.9135178e+002
  1.4800000e+000  1.7203209e+002  1.9149220e+002  1.4997781e+002  1.9120891e+002  1.9150841e+002
  1.4866667e+000  1.7219707e+002  1.9171977e+002  1.5002184e+002  1.9132895e+002  1.9163232e+002
  1.4933333e+000  1.7234033e+002  1.9194211e+002  1.5008856e+002  1.9142921e+002  1.9174030e+002
  1.5000000e+000  1.7248528e+002  1.9215858e+002  1.5023335e+002  1.9152918e+002  1.9183984e+002
  1.5066667e+000  1.7264269e+002  1.9232526e+002  1.5031340e+002  1.9162851e+002  1.9192937e+002
  1.5133333e+000  1.7274512e+002  1.9248337e+002  1.5033597e+002  1.9170216e+002  1.9205499e+002
  1.5200000e+000  1.7285216e+002  1.9267302e+002  1.5044092e+002  1.9182675e+002  1.9220161e+002
  1.5266667e+000  1.7297009e+002  1.9285326e+002  1.5037064e+002  1.9192487e+002  1.9235469e+002
  1.5333333e+000  1.7313991e+002  1.9304973e+002  1.5033311e+002  1.9202803e+002  1.9251930e+002
  1.5400000e+000  1.7330139e+002  1.9320558e+002  1.5037563e+002  1.9216110e+002  1.9270990e+002
  1.5466667e+000  1.7344379e+002  1.9334880e+002  1.5041190e+002  1.9228676e+002  1.9290221e+002
  1.5533333e+000  1.7366885e+002  1.9346927e+002  1.5044225e+002  1.9236983e+002  1.9309619e+002
  1.5600000e+000  1.7390717e+002  1.9363425e+002  1.5044812e+002  1.9243700e+002  1.9327611e+002
  1.5666667e+000  1.7416963e+002  1.9379872e+002  1.5039812e+002  1.9254713e+002  1.9348335e+002
  1.5733333e+000  1.7446481e+002  1.9395010e+002  1.5036028e+002  1.9266060e+002  1.9366071e+002
  1.5800000e+000  1.7478851e+002  1.9408629e+002  1.5044760e+002  1.9275749e+002  1.9378575e+002
  1.5866667e+000  1.7513135e+002  1.9419399e+002  1.5052907e+002  1.9287480e+002  1.9385751e+002
  1.5933333e+000  1.7547000e+002  1.9435969e+002  1.5051685e+002  1.9297900e+002  1.9398781e+002
  1.6000000e+000  1.7581923e+002  1.9452663e+002  1.5056947e+002  1.9309946e+002  1.9412924e+002
  1.6066667e+000  1.7618658e+002  1.9462985e+002  1.5072339e+002  1.9320238e+002  1.9423462e+002
  1.6133333e+000  1.7653151e+002  1.9470337e+002  1.5080852e+002  1.9327968e+002  1.9432782e+002
  1.6200000e+000  1.7685309e+002  1.9484068e+002  1.5091524e+002  1.9336536e+002  1.9443571e+002
  1.6266667e+000  1.7714168e+002  1.9497710e+002  1.5089621e+002  1.9345204e+002  1.9455846e+002
  1.6333333e+000  1.7740753e+002  1.9505827e+002  1.5092018e+002  1.9352193e+002  1.9468867e+002
  1.6400000e+000  1.7767731e+002  1.9515491e+002  1.5106064e+002  1.9360333e+002  1.9478116e+002
  1.6466667e+000  1.7785628e+002  1.9525137e+002  1.5111215e+002  1.9367795e+002  1.9486491e+002
  1.6533333e+000  1.7806319e+002  1.9530824e+002  1.5116612e+002  1.9379215e+002  1.9495775e+002
  1.6600000e+000  1.7827603e+002  1.9535548e+002  1.5122130e+002  1.9389058e+002  1.9504732e+002
  1.6666667e+000  1.7850995e+002  1.9540228e+002  1.5121974e+002  1.9398912e+002  1.9515437e+002
  1.6733333e+000  1.7877579e+002  1.9547275e+002  1.5113722e+002  1.9406116e+002  1.9524518e+002
  1.6800000e+000  1.7898874e+002  1.9554553e+002  1.5103087e+002  1.9413481e+002  1.9530780e+002
  1.6866667e+000  1.7924539e+002  1.9561539e+002  1.5105235e+002  1.9417693e+002  1.9536856e+002
  1.6933333e+000  1.7952182e+002  1.9567584e+002  1.5105965e+002  1.9420152e+002  1.9541177e+002
  1.7000000e+000  1.7981021e+002  1.9575119e+002  1.5105739e+002  1.9430286e+002  1.9547887e+002
  1.7066667e+000  1.8013686e+002  1.9583301e+002  1.5100278e+002  1.9440912e+002  1.9555861e+002
  1.7133333e+000  1.8047559e+002  1.9589313e+002  1.5095866e+002  1.9444585e+002  1.9563753e+002
  1.7200000e+000  1.8083102e+002  1.9596352e+002  1.5101567e+002  1.9452794e+002  1.9571898e+002
  1.7266667e+000  1.8116031e+002  1.9605322e+002  1.5107199e+002  1.9459755e+002  1.9578224e+002
  1.7333333e+000  1.8149115e+002  1.9613939e+002  1.5108173e+002  1.9467661e+002  1.9585500e+002
  1.7400000e+000  1.8189024e+002  1.9618991e+002  1.5112747e+002  1.9478055e+002  1.9589278e+002
  1.7466667e+000  1.8226715e+002  1.9623930e+002  1.5111877e+002  1.9482346e+002  1.9592371e+002
  1.7533333e+000  1.8257396e+002  1.9633337e+002  1.5112738e+002  1.9485571e+002  1.9595587e+002
  1.7600000e+000  1.8288170e+002  1.9645372e+002  1.5120091e+002  1.9493550e+002  1.9598467e+002
  1.7666667e+000  1.8313881e+002  1.9656531e+002  1.5111324e+002  1.9502557e+002  1.9603568e+002
  1.7733333e+000  1.8340749e+002  1.9665848e+002  1.5105196e+002  1.9508908e+002  1.9607408e+002
  1.7800000e+000  1.8368799e+002  1.9668651e+002  1.5113214e+002  1.9510083e+002  1.9608176e+002
  1.7866667e+000  1.8397066e+002  1.9669305e+002  1.5120569e+002  1.9512180e+002  1.9606696e+002
  1.7933333e+000  1.8425732e+002  1.9669774e+002  1.5110252e+002  1.9515214e+002  1.9605939e+002
  1.8000000e+000  1.8450824e+002  1.9664983e+002  1.5110944e+002  1.9520033e+002  1.9607304e+002
  1.8066667e+000  1.8473717e+002  1.9661112e+002  1.5123172e+002  1.9527367e+002  1.9608050e+002
  1.8133333e+000  1.8495787e+002  1.9659981e+002  1.5121330e+002  1.9534418e+002  1.9605284e+002
  1.8200000e+000  1.8522180e+002  1.9657352e+002  1.5119901e+002  1.9538727e+002  1.9601237e+002
  1.8266667e+000  1.8554121e+002  1.9654706e+002  1.5126190e+002  1.9542561e+002  1.9601125e+002
  1.8333333e+000  1.8584554e+002  1.9645111e+002  1.5120335e+002  1.9543916e+002  1.9599411e+002
  1.8400000e+000  1.8612476e+002  1.9638182e+002  1.5119202e+002  1.9545557e+002  1.9594917e+002
  1.8466667e+000  1.8644345e+002  1.9635320e+002  1.5123909e+002  1.9542970e+002  1.9592229e+002
  1.8533333e+000  1.8674114e+002  1.9629361e+002  1.5117921e+002  1.9541356e+002  1.9593225e+002
  1.8600000e+000  1.8703159e+002  1.9623531e+002  1.5123833e+002  1.9540642e+002  1.9590791e+002
  1.8666667e+000  1.8734979e+002  1.9623442e+002  1.5122435e+002  1.9540823e+002  1.9589416e+002
  1.8733333e+000  1.8764423e+002  1.9621576e+002  1.5125012e+002  1.9541441e+002  1.9588519e+002
  1.8800000e+000  1.8792084e+002  1.9614108e+002  1.5128792e+002  1.9542442e+002  1.9583884e+002
  1.8866667e+000  1.8817569e+002  1.9609451e+002  1.5123198e+002  1.9543231e+002  1.9580942e+002
  1.8933333e+000  1.8842152e+002  1.9607439e+002  1.5120609e+002  1.9539978e+002  1.9577237e+002
  1.9000000e+000  1.8868529e+002  1.9606851e+002  1.5127550e+002  1.9536990e+002  1.9576898e+002
  1.9066667e+000  1.8891888e+002  1.9604471e+002  1.5121219e+002  1.9539122e+002  1.9573370e+002
  1.9133333e+000  1.8918024e+002  1.9599483e+002  1.5105115e+002  1.9542395e+002  1.9565483e+002
  1.9200000e+000  1.8942131e+002  1.9595575e+002  1.5102766e+002  1.9539796e+002  1.9558888e+002
  1.9266667e+000  1.8963205e+002  1.9590808e+002  1.5107172e+002  1.9535080e+002  1.9554572e+002
  1.9333333e+000  1.8986272e+002  1.9589760e+002  1.5110458e+002  1.9535169e+002  1.9550473e+002
  1.9400000e+000  1.9007857e+002  1.9590811e+002  1.5099674e+002  1.9538548e+002  1.9543300e+002
  1.9466667e+000  1.9030403e+002  1.9587823e+002  1.5104369e+002  1.9539392e+002  1.9535785e+002
  1.9533333e+000  1.9054399e+002  1.9585281e+002  1.5103702e+002  1.9535155e+002  1.9530457e+002
  1.9600000e+000  1.9077846e+002  1.9584464e+002  1.5107147e+002  1.9531120e+002  1.9524368e+002
  1.9666667e+000  1.9096678e+002  1.9580396e+002  1.5117517e+002  1.9528685e+002  1.9519759e+002
  1.9733333e+000  1.9120877e+002  1.9580768e+002  1.5109555e+002  1.9529561e+002  1.9515782e+002
  1.9800000e+000  1.9143950e+002  1.9578697e+002  1.5104826e+002  1.9529681e+002  1.9511234e+002
  1.9866667e+000  1.9166324e+002  1.9577377e+002  1.5106130e+002  1.9526656e+002  1.9506810e+002
  1.9933333e+000  1.9186324e+002  1.9576808e+002  1.5108189e+002  1.9523549e+002  1.9498781e+002
  2.0000000e+000  1.9206104e+002  1.9570699e+002  1.5071706e+002  1.9522174e+002  1.9492688e+002
