 -5.0000000e-001 -1.1950021e+002 -1.2113301e+002 -1.2147553e+002 -1.2295172e+002 -1.1967375e+002 -1.2077470e+002 -1.2027200e+002
 -4.9333333e-001 -1.1945431e+002 -1.2112195e+002 -1.2149684e+002 -1.2297060e+002 -1.1965067e+002 -1.2078587e+002 -1.2027268e+002
 -4.8666667e-001 -1.1942918e+002 -1.2108940e+002 -1.2150433e+002 -1.2297781e+002 -1.1966135e+002 -1.2080316e+002 -1.2027139e+002
 -4.8000000e-001 -1.1950906e+002 -1.2109326e+002 -1.2145848e+002 -1.2294539e+002 -1.1965875e+002 -1.2077016e+002 -1.2026617e+002
 -4.7333333e-001 -1.1948529e+002 -1.2111260e+002 -1.2148779e+002 -1.2296161e+002 -1.1965665e+002 -1.2078522e+002 -1.2026776e+002
 -4.6666667e-001 -1.1951524e+002 -1.2109929e+002 -1.2144928e+002 -1.2294961e+002 -1.1967801e+002 -1.2078339e+002 -1.2026181e+002
 -4.6000000e-001 -1.1952794e+002 -1.2106306e+002 -1.2140108e+002 -1.2295549e+002 -1.1968394e+002 -1.2078175e+002 -1.2026053e+002
 -4.5333333e-001 -1.1953108e+002 -1.2111790e+002 -1.2147984e+002 -1.2297713e+002 -1.1965668e+002 -1.2078281e+002 -1.2022932e+002
 -4.4666667e-001 -1.1943532e+002 -1.2111781e+002 -1.2148714e+002 -1.2296658e+002 -1.1964023e+002 -1.2076907e+002 -1.2021454e+002
 -4.4000000e-001 -1.1948227e+002 -1.2107686e+002 -1.2151533e+002 -1.2297069e+002 -1.1962886e+002 -1.2076451e+002 -1.2021260e+002
 -4.3333333e-001 -1.1948010e+002 -1.2108312e+002 -1.2150728e+002 -1.2297653e+002 -1.1965675e+002 -1.2078951e+002 -1.2022539e+002
 -4.2666667e-001 -1.1952516e+002 -1.2110626e+002 -1.2153507e+002 -1.2298337e+002 -1.1967213e+002 -1.2078262e+002 -1.2020848e+002
 -4.2000000e-001 -1.1950633e+002 -1.2108705e+002 -1.2155632e+002 -1.2299582e+002 -1.1966930e+002 -1.2079079e+002 -1.2021648e+002
 -4.1333333e-001 -1.1953952e+002 -1.2110938e+002 -1.2158331e+002 -1.2300151e+002 -1.1964566e+002 -1.2079765e+002 -1.2024290e+002
 -4.0666667e-001 -1.1953508e+002 -1.2107260e+002 -1.2159863e+002 -1.2301376e+002 -1.1964709e+002 -1.2078328e+002 -1.2021582e+002
 -4.0000000e-001 -1.1949727e+002 -1.2106082e+002 -1.2151517e+002 -1.2303252e+002 -1.1964818e+002 -1.2080896e+002 -1.2022189e+002
 -3.9333333e-001 -1.1948833e+002 -1.2111124e+002 -1.2157889e+002 -1.2303929e+002 -1.1964331e+002 -1.2079828e+002 -1.2023396e+002
 -3.8666667e-001 -1.1957826e+002 -1.2107591e+002 -1.2168507e+002 -1.2304109e+002 -1.1964793e+002 -1.2079202e+002 -1.2020798e+002
 -3.8000000e-001 -1.1957604e+002 -1.2106787e+002 -1.2168347e+002 -1.2304689e+002 -1.1965059e+002 -1.2079213e+002 -1.2020842e+002
 -3.7333333e-001 -1.1963681e+002 -1.2107973e+002 -1.2168478e+002 -1.2304036e+002 -1.1964247e+002 -1.2079880e+002 -1.2022414e+002
 -3.6666667e-001 -1.1963144e+002 -1.2108299e+002 -1.2160498e+002 -1.2303915e+002 -1.1965291e+002 -1.2081792e+002 -1.2021478e+002
 -3.6000000e-001 -1.1956819e+002 -1.2111466e+002 -1.2152989e+002 -1.2307822e+002 -1.1963889e+002 -1.2082088e+002 -1.2020779e+002
 -3.5333333e-001 -1.1961565e+002 -1.2109903e+002 -1.2154108e+002 -1.2304285e+002 -1.1964279e+002 -1.2081592e+002 -1.2021188e+002
 -3.4666667e-001 -1.1960808e+002 -1.2110164e+002 -1.2150252e+002 -1.2306369e+002 -1.1965553e+002 -1.2081877e+002 -1.2022089e+002
 -3.4000000e-001 -1.1966435e+002 -1.2109891e+002 -1.2157385e+002 -1.2303267e+002 -1.1963677e+002 -1.2082573e+002 -1.2018861e+002
 -3.3333333e-001 -1.1964917e+002 -1.2112473e+002 -1.2153107e+002 -1.2305119e+002 -1.1963991e+002 -1.2083871e+002 -1.2020473e+002
 -3.2666667e-001 -1.1963362e+002 -1.2109534e+002 -1.2155228e+002 -1.2304376e+002 -1.1964883e+002 -1.2083669e+002 -1.2020396e+002
 -3.2000000e-001 -1.1959032e+002 -1.2111452e+002 -1.2151965e+002 -1.2302516e+002 -1.1961594e+002 -1.2084038e+002 -1.2021930e+002
 -3.1333333e-001 -1.1961777e+002 -1.2110304e+002 -1.2157320e+002 -1.2302626e+002 -1.1962515e+002 -1.2083357e+002 -1.2020613e+002
 -3.0666667e-001 -1.1969659e+002 -1.2111528e+002 -1.2154945e+002 -1.2301945e+002 -1.1961438e+002 -1.2085109e+002 -1.2020911e+002
 -3.0000000e-001 -1.1967938e+002 -1.2112088e+002 -1.2154813e+002 -1.2303899e+002 -1.1962807e+002 -1.2084338e+002 -1.2021149e+002
 -2.9333333e-001 -1.1972176e+002 -1.2109921e+002 -1.2151178e+002 -1.2303473e+002 -1.1962495e+002 -1.2085988e+002 -1.2020783e+002
 -2.8666667e-001 -1.1974477e+002 -1.2111386e+002 -1.2143547e+002 -1.2302060e+002 -1.1961108e+002 -1.2086966e+002 -1.2020372e+002
 -2.8000000e-001 -1.1970538e+002 -1.2115678e+002 -1.2145007e+002 -1.2301257e+002 -1.1959961e+002 -1.2085582e+002 -1.2019473e+002
 -2.7333333e-001 -1.1963411e+002 -1.2110986e+002 -1.2158870e+002 -1.2300262e+002 -1.1963342e+002 -1.2086095e+002 -1.2018820e+002
 -2.6666667e-001 -1.1964267e+002 -1.2111069e+002 -1.2146107e+002 -1.2300412e+002 -1.1963228e+002 -1.2086603e+002 -1.2018478e+002
 -2.6000000e-001 -1.1969318e+002 -1.2113620e+002 -1.2156348e+002 -1.2301631e+002 -1.1962335e+002 -1.2085777e+002 -1.2017586e+002
 -2.5333333e-001 -1.1974329e+002 -1.2111729e+002 -1.2155675e+002 -1.2300989e+002 -1.1963471e+002 -1.2086913e+002 -1.2018485e+002
 -2.4666667e-001 -1.1974716e+002 -1.2109621e+002 -1.2150525e+002 -1.2301386e+002 -1.1960190e+002 -1.2086305e+002 -1.2017700e+002
 -2.4000000e-001 -1.1971747e+002 -1.2110039e+002 -1.2148651e+002 -1.2298312e+002 -1.1960474e+002 -1.2087056e+002 -1.2017158e+002
 -2.3333333e-001 -1.1968135e+002 -1.2110205e+002 -1.2144234e+002 -1.2298601e+002 -1.1961911e+002 -1.2086125e+002 -1.2016118e+002
 -2.2666667e-001 -1.1971478e+002 -1.2110449e+002 -1.2145413e+002 -1.2297467e+002 -1.1959840e+002 -1.2087447e+002 -1.2015881e+002
 -2.2000000e-001 -1.1959004e+002 -1.2112949e+002 -1.2135800e+002 -1.2297308e+002 -1.1960674e+002 -1.2087447e+002 -1.2015924e+002
 -2.1333333e-001 -1.1955963e+002 -1.2110883e+002 -1.2142021e+002 -1.2298637e+002 -1.1958589e+002 -1.2087280e+002 -1.2013788e+002
 -2.0666667e-001 -1.1965228e+002 -1.2109250e+002 -1.2132854e+002 -1.2297003e+002 -1.1958600e+002 -1.2087276e+002 -1.2013965e+002
 -2.0000000e-001 -1.1957895e+002 -1.2108446e+002 -1.2131836e+002 -1.2296181e+002 -1.1958908e+002 -1.2088936e+002 -1.2014058e+002
 -1.9333333e-001 -1.1959914e+002 -1.2109721e+002 -1.2130142e+002 -1.2295445e+002 -1.1959332e+002 -1.2089226e+002 -1.2013031e+002
 -1.8666667e-001 -1.1959219e+002 -1.2110280e+002 -1.2133136e+002 -1.2295538e+002 -1.1959091e+002 -1.2089116e+002 -1.2013031e+002
 -1.8000000e-001 -1.1958302e+002 -1.2112965e+002 -1.2129106e+002 -1.2295918e+002 -1.1957944e+002 -1.2089807e+002 -1.2013649e+002
 -1.7333333e-001 -1.1957867e+002 -1.2110107e+002 -1.2131429e+002 -1.2293527e+002 -1.1956955e+002 -1.2088240e+002 -1.2012495e+002
 -1.6666667e-001 -1.1964542e+002 -1.2107425e+002 -1.2129437e+002 -1.2295148e+002 -1.1958748e+002 -1.2087598e+002 -1.2013203e+002
 -1.6000000e-001 -1.1959958e+002 -1.2113577e+002 -1.2134732e+002 -1.2295252e+002 -1.1955963e+002 -1.2087505e+002 -1.2013965e+002
 -1.5333333e-001 -1.1958737e+002 -1.2113326e+002 -1.2140259e+002 -1.2294432e+002 -1.1957707e+002 -1.2089533e+002 -1.2012308e+002
 -1.4666667e-001 -1.1953996e+002 -1.2113118e+002 -1.2138939e+002 -1.2294692e+002 -1.1959015e+002 -1.2089920e+002 -1.2011617e+002
 -1.4000000e-001 -1.1959026e+002 -1.2112354e+002 -1.2148714e+002 -1.2294951e+002 -1.1956903e+002 -1.2090463e+002 -1.2011890e+002
 -1.3333333e-001 -1.1961047e+002 -1.2114023e+002 -1.2148267e+002 -1.2295303e+002 -1.1958202e+002 -1.2088179e+002 -1.2010466e+002
 -1.2666667e-001 -1.1957446e+002 -1.2113774e+002 -1.2141943e+002 -1.2293982e+002 -1.1957384e+002 -1.2091267e+002 -1.2012965e+002
 -1.2000000e-001 -1.1959360e+002 -1.2117792e+002 -1.2144943e+002 -1.2294377e+002 -1.1957539e+002 -1.2090709e+002 -1.2011226e+002
 -1.1333333e-001 -1.1953429e+002 -1.2114339e+002 -1.2149286e+002 -1.2296779e+002 -1.1957877e+002 -1.2091333e+002 -1.2011317e+002
 -1.0666667e-001 -1.1958337e+002 -1.2114563e+002 -1.2142018e+002 -1.2296143e+002 -1.1957256e+002 -1.2089166e+002 -1.2012816e+002
 -1.0000000e-001 -1.1953830e+002 -1.2111760e+002 -1.2134830e+002 -1.2296606e+002 -1.1958400e+002 -1.2089087e+002 -1.2015074e+002
 -9.3333333e-002 -1.1953171e+002 -1.2116254e+002 -1.2137767e+002 -1.2298169e+002 -1.1958215e+002 -1.2088893e+002 -1.2012619e+002
 -8.6666667e-002 -1.1949852e+002 -1.2114038e+002 -1.2140131e+002 -1.2295134e+002 -1.1958641e+002 -1.2090753e+002 -1.2011220e+002
 -8.0000000e-002 -1.1949638e+002 -1.2113933e+002 -1.2134702e+002 -1.2295686e+002 -1.1957750e+002 -1.2092177e+002 -1.2011317e+002
 -7.3333333e-002 -1.1956191e+002 -1.2114915e+002 -1.2134245e+002 -1.2294153e+002 -1.1955936e+002 -1.2091507e+002 -1.2010417e+002
 -6.6666667e-002 -1.1953885e+002 -1.2112973e+002 -1.2135791e+002 -1.2294069e+002 -1.1954108e+002 -1.2091400e+002 -1.2010442e+002
 -6.0000000e-002 -1.1959415e+002 -1.2113492e+002 -1.2134169e+002 -1.2296216e+002 -1.1951505e+002 -1.2091945e+002 -1.2009045e+002
 -5.3333333e-002 -1.1944852e+002 -1.2112367e+002 -1.2132532e+002 -1.2295708e+002 -1.1951666e+002 -1.2090286e+002 -1.2009676e+002
 -4.6666667e-002 -1.1947627e+002 -1.2115579e+002 -1.2129912e+002 -1.2296263e+002 -1.1949738e+002 -1.2093390e+002 -1.2010643e+002
 -4.0000000e-002 -1.1956830e+002 -1.2116577e+002 -1.2139562e+002 -1.2297139e+002 -1.1951199e+002 -1.2094051e+002 -1.2009488e+002
 -3.3333333e-002 -1.1956969e+002 -1.2117377e+002 -1.2135114e+002 -1.2296806e+002 -1.1953316e+002 -1.2092194e+002 -1.2009209e+002
 -2.6666667e-002 -1.1957954e+002 -1.2114645e+002 -1.2123085e+002 -1.2299188e+002 -1.1953920e+002 -1.2092865e+002 -1.2006384e+002
 -2.0000000e-002 -1.1952527e+002 -1.2118658e+002 -1.2124443e+002 -1.2298962e+002 -1.1955354e+002 -1.2092879e+002 -1.2008137e+002
 -1.3333333e-002 -1.1950139e+002 -1.2118355e+002 -1.2132134e+002 -1.2301749e+002 -1.1956751e+002 -1.2094168e+002 -1.2008089e+002
 -6.6666667e-003 -1.1952860e+002 -1.2119923e+002 -1.2128098e+002 -1.2301807e+002 -1.1955248e+002 -1.2093732e+002 -1.2007991e+002
  0.0000000e+000 -1.1950118e+002 -1.2116249e+002 -1.2123894e+002 -1.2301721e+002 -1.1957577e+002 -1.2091466e+002 -1.2004805e+002
  6.6666667e-003 -1.1952942e+002 -1.2110799e+002 -1.2123998e+002 -1.2297612e+002 -1.1957289e+002 -1.2087851e+002 -1.2001076e+002
  1.3333333e-002 -1.1955217e+002 -1.2106419e+002 -1.2117044e+002 -1.2297235e+002 -1.1953961e+002 -1.2086568e+002 -1.1997952e+002
  2.0000000e-002 -1.1952625e+002 -1.2105455e+002 -1.2116304e+002 -1.2295169e+002 -1.1950948e+002 -1.2083707e+002 -1.1995108e+002
  2.6666667e-002 -1.1944707e+002 -1.2102179e+002 -1.2106693e+002 -1.2290962e+002 -1.1945784e+002 -1.2079962e+002 -1.1988945e+002
  3.3333333e-002 -1.1945581e+002 -1.2094109e+002 -1.2110785e+002 -1.2286020e+002 -1.1941353e+002 -1.2074399e+002 -1.1981206e+002
  4.0000000e-002 -1.1939829e+002 -1.2090134e+002 -1.2097188e+002 -1.2283051e+002 -1.1937099e+002 -1.2070400e+002 -1.1975935e+002
  4.6666667e-002 -1.1942339e+002 -1.2088711e+002 -1.2097051e+002 -1.2282039e+002 -1.1935603e+002 -1.2066544e+002 -1.1970252e+002
  5.3333333e-002 -1.1945142e+002 -1.2090111e+002 -1.2095271e+002 -1.2280165e+002 -1.1930350e+002 -1.2063304e+002 -1.1969193e+002
  6.0000000e-002 -1.1946205e+002 -1.2088466e+002 -1.2105389e+002 -1.2279247e+002 -1.1929446e+002 -1.2059982e+002 -1.1967427e+002
  6.6666667e-002 -1.1942470e+002 -1.2085338e+002 -1.2104935e+002 -1.2279283e+002 -1.1928044e+002 -1.2060091e+002 -1.1967624e+002
  7.3333333e-002 -1.1946683e+002 -1.2078325e+002 -1.2107854e+002 -1.2276357e+002 -1.1922922e+002 -1.2059187e+002 -1.1963380e+002
  8.0000000e-002 -1.1947682e+002 -1.2075984e+002 -1.2111711e+002 -1.2274553e+002 -1.1917178e+002 -1.2055507e+002 -1.1960736e+002
  8.6666667e-002 -1.1942436e+002 -1.2067946e+002 -1.2112254e+002 -1.2269475e+002 -1.1912653e+002 -1.2051952e+002 -1.1958669e+002
  9.3333333e-002 -1.1919946e+002 -1.2065869e+002 -1.2099373e+002 -1.2266084e+002 -1.1907034e+002 -1.2048261e+002 -1.1955310e+002
  1.0000000e-001 -1.1912688e+002 -1.2043262e+002 -1.2095367e+002 -1.2262836e+002 -1.1901781e+002 -1.2041478e+002 -1.1950392e+002
  1.0666667e-001 -1.1918857e+002 -1.2036716e+002 -1.2086260e+002 -1.2253684e+002 -1.1891982e+002 -1.2034248e+002 -1.1941142e+002
  1.1333333e-001 -1.1915381e+002 -1.2022792e+002 -1.2076984e+002 -1.2153990e+002 -1.1885495e+002 -1.2023669e+002 -1.1927042e+002
  1.2000000e-001 -1.1903029e+002 -1.2011099e+002 -1.2065669e+002 -1.2132423e+002 -1.1882091e+002 -1.2016428e+002 -1.1913657e+002
  1.2666667e-001 -1.1860822e+002 -1.2001505e+002 -1.2047545e+002 -1.2122675e+002 -1.1875504e+002 -1.2011414e+002 -1.1901016e+002
  1.3333333e-001 -1.1855139e+002 -1.1993590e+002 -1.2029448e+002 -1.2121979e+002 -1.1865311e+002 -1.2013266e+002 -1.1901787e+002
  1.4000000e-001 -1.1849631e+002 -1.1989920e+002 -1.2024132e+002 -1.2135048e+002 -1.1856097e+002 -1.2015108e+002 -1.1916693e+002
  1.4666667e-001 -1.1848292e+002 -1.1991509e+002 -1.2016971e+002 -1.2147966e+002 -1.1850778e+002 -1.2035702e+002 -1.1942290e+002
  1.5333333e-001 -1.1840651e+002 -1.2000650e+002 -1.2024672e+002 -1.2150815e+002 -1.1856841e+002 -1.2051340e+002 -1.1977943e+002
  1.6000000e-001 -1.1852858e+002 -1.2015515e+002 -1.2031410e+002 -1.2143010e+002 -1.1872655e+002 -1.2069342e+002 -1.2023680e+002
  1.6666667e-001 -1.1872337e+002 -1.2040141e+002 -1.2036523e+002 -1.2142136e+002 -1.1898410e+002 -1.2089032e+002 -1.2077658e+002
  1.7333333e-001 -1.1891045e+002 -1.2072754e+002 -1.2057965e+002 -1.2157433e+002 -1.1932173e+002 -1.2120058e+002 -1.2135854e+002
  1.8000000e-001 -1.1918288e+002 -1.2125374e+002 -1.2074831e+002 -1.2166432e+002 -1.1969504e+002 -1.2156455e+002 -1.2190447e+002
  1.8666667e-001 -1.1969003e+002 -1.2198175e+002 -1.2100526e+002 -1.2185878e+002 -1.2014941e+002 -1.2195725e+002 -1.2231059e+002
  1.9333333e-001 -1.2039267e+002 -1.2268546e+002 -1.2103946e+002 -1.2216246e+002 -1.2072975e+002 -1.2174120e+002 -1.2274258e+002
  2.0000000e-001 -1.2133897e+002 -1.2366289e+002 -1.2153976e+002 -1.2259300e+002 -1.2140208e+002 -1.2219951e+002 -1.2294843e+002
  2.0666667e-001 -1.2238821e+002 -1.2464897e+002 -1.2212981e+002 -1.2297678e+002 -1.2215570e+002 -1.2307349e+002 -1.2299793e+002
  2.1333333e-001 -1.2370464e+002 -1.2534570e+002 -1.2274553e+002 -1.2354524e+002 -1.2288979e+002 -1.2335536e+002 -1.2305986e+002
  2.2000000e-001 -1.2493745e+002 -1.2551332e+002 -1.2335646e+002 -1.2381853e+002 -1.2345096e+002 -1.2327432e+002 -1.2323024e+002
  2.2666667e-001 -1.2559108e+002 -1.2512277e+002 -1.2419641e+002 -1.2405753e+002 -1.2378641e+002 -1.2350014e+002 -1.2359049e+002
  2.3333333e-001 -1.2586337e+002 -1.2513416e+002 -1.2454616e+002 -1.2475006e+002 -1.2398424e+002 -1.2378690e+002 -1.2400432e+002
  2.4000000e-001 -1.2541333e+002 -1.2538980e+002 -1.2473489e+002 -1.2502048e+002 -1.2307838e+002 -1.2439684e+002 -1.2450913e+002
  2.4666667e-001 -1.2504073e+002 -1.2616591e+002 -1.2522618e+002 -1.2537100e+002 -1.2313734e+002 -1.2475411e+002 -1.2480243e+002
  2.5333333e-001 -1.2440634e+002 -1.2651993e+002 -1.2554149e+002 -1.2577499e+002 -1.2387563e+002 -1.2510414e+002 -1.2497977e+002
  2.6000000e-001 -1.2437421e+002 -1.2706421e+002 -1.2569435e+002 -1.2609955e+002 -1.2396233e+002 -1.2509512e+002 -1.2515675e+002
  2.6666667e-001 -1.2518834e+002 -1.2725761e+002 -1.2578107e+002 -1.2637094e+002 -1.2385516e+002 -1.2490816e+002 -1.2541130e+002
  2.7333333e-001 -1.2567902e+002 -1.2758118e+002 -1.2577060e+002 -1.2681693e+002 -1.2343965e+002 -1.2454677e+002 -1.2575308e+002
  2.8000000e-001 -1.2563754e+002 -1.2824864e+002 -1.2543947e+002 -1.2721715e+002 -1.2367364e+002 -1.2450060e+002 -1.2602403e+002
  2.8666667e-001 -1.2506589e+002 -1.2866805e+002 -1.2546791e+002 -1.2823218e+002 -1.2385605e+002 -1.2461670e+002 -1.2627814e+002
  2.9333333e-001 -1.2459471e+002 -1.2909584e+002 -1.2564691e+002 -1.2853172e+002 -1.2424989e+002 -1.2494368e+002 -1.2674278e+002
  3.0000000e-001 -1.2468121e+002 -1.2939153e+002 -1.2612585e+002 -1.2878227e+002 -1.2498556e+002 -1.2516681e+002 -1.2723923e+002
  3.0666667e-001 -1.2578819e+002 -1.2965495e+002 -1.2641458e+002 -1.2934494e+002 -1.2595285e+002 -1.2536281e+002 -1.2768669e+002
  3.1333333e-001 -1.2618002e+002 -1.2987396e+002 -1.2640065e+002 -1.3047554e+002 -1.2692586e+002 -1.2636182e+002 -1.2808199e+002
  3.2000000e-001 -1.2649843e+002 -1.3006935e+002 -1.2707427e+002 -1.3091318e+002 -1.2775337e+002 -1.2665366e+002 -1.2849251e+002
  3.2666667e-001 -1.2673761e+002 -1.3002745e+002 -1.2846800e+002 -1.3125223e+002 -1.2825941e+002 -1.2708315e+002 -1.2885423e+002
  3.3333333e-001 -1.2707886e+002 -1.2967523e+002 -1.2910763e+002 -1.3145866e+002 -1.2866141e+002 -1.2752377e+002 -1.2921796e+002
  3.4000000e-001 -1.2763554e+002 -1.2913780e+002 -1.2962091e+002 -1.3149155e+002 -1.2902846e+002 -1.2806207e+002 -1.2964903e+002
  3.4666667e-001 -1.2834814e+002 -1.2884282e+002 -1.2975284e+002 -1.3141936e+002 -1.2933055e+002 -1.2855095e+002 -1.3008455e+002
  3.5333333e-001 -1.2904542e+002 -1.2893571e+002 -1.3004698e+002 -1.3127568e+002 -1.2961513e+002 -1.2887492e+002 -1.3040961e+002
  3.6000000e-001 -1.2955283e+002 -1.2908737e+002 -1.3087137e+002 -1.3114218e+002 -1.2978915e+002 -1.2933311e+002 -1.3071312e+002
  3.6666667e-001 -1.3001228e+002 -1.2919736e+002 -1.3080322e+002 -1.3103330e+002 -1.3066557e+002 -1.2955679e+002 -1.3078287e+002
  3.7333333e-001 -1.3050133e+002 -1.2958406e+002 -1.3071167e+002 -1.3093054e+002 -1.3135469e+002 -1.2962540e+002 -1.3074887e+002
  3.8000000e-001 -1.3093256e+002 -1.2971159e+002 -1.3085754e+002 -1.3085365e+002 -1.3156296e+002 -1.2972034e+002 -1.3071368e+002
  3.8666667e-001 -1.3134581e+002 -1.2979713e+002 -1.3087004e+002 -1.3075107e+002 -1.3180087e+002 -1.2964520e+002 -1.3080658e+002
  3.9333333e-001 -1.3179483e+002 -1.3045685e+002 -1.3081059e+002 -1.3055594e+002 -1.3198398e+002 -1.2936446e+002 -1.3091475e+002
  4.0000000e-001 -1.3240860e+002 -1.2952783e+002 -1.3069118e+002 -1.3023984e+002 -1.3196178e+002 -1.2933446e+002 -1.3114603e+002
  4.0666667e-001 -1.3243694e+002 -1.2689108e+002 -1.3047340e+002 -1.2929492e+002 -1.3203781e+002 -1.2934074e+002 -1.3139346e+002
  4.1333333e-001 -1.3216554e+002 -1.2579182e+002 -1.3038503e+002 -1.2901559e+002 -1.3193268e+002 -1.2945415e+002 -1.3161565e+002
  4.2000000e-001 -1.3194078e+002 -1.2668440e+002 -1.3032216e+002 -1.2880173e+002 -1.3221736e+002 -1.2963026e+002 -1.3179466e+002
  4.2666667e-001 -1.3226419e+002 -1.2820827e+002 -1.3034906e+002 -1.2869867e+002 -1.3224644e+002 -1.2973247e+002 -1.3192040e+002
  4.3333333e-001 -1.3302615e+002 -1.2912201e+002 -1.3043732e+002 -1.2925850e+002 -1.3182422e+002 -1.2982085e+002 -1.3205792e+002
  4.4000000e-001 -1.3286371e+002 -1.2975380e+002 -1.3055801e+002 -1.2929120e+002 -1.3106244e+002 -1.2984711e+002 -1.3219885e+002
  4.4666667e-001 -1.3245190e+002 -1.2933637e+002 -1.3064973e+002 -1.2930373e+002 -1.3025880e+002 -1.2989633e+002 -1.3236949e+002
  4.5333333e-001 -1.3152779e+002 -1.2821310e+002 -1.3063692e+002 -1.2938644e+002 -1.2939896e+002 -1.2990349e+002 -1.3253911e+002
  4.6000000e-001 -1.3053734e+002 -1.2705333e+002 -1.3057869e+002 -1.2949646e+002 -1.2895926e+002 -1.2991557e+002 -1.3273149e+002
  4.6666667e-001 -1.3001709e+002 -1.2642561e+002 -1.3044665e+002 -1.2954436e+002 -1.2933000e+002 -1.2993407e+002 -1.3294051e+002
  4.7333333e-001 -1.2993369e+002 -1.2668475e+002 -1.3029164e+002 -1.2964558e+002 -1.3018645e+002 -1.2998789e+002 -1.3310353e+002
  4.8000000e-001 -1.3005632e+002 -1.2754623e+002 -1.3012996e+002 -1.2970354e+002 -1.3094016e+002 -1.3008676e+002 -1.3316632e+002
  4.8666667e-001 -1.2992709e+002 -1.2849443e+002 -1.3013976e+002 -1.2973987e+002 -1.3128984e+002 -1.3021381e+002 -1.3332033e+002
  4.9333333e-001 -1.2937283e+002 -1.2909532e+002 -1.3015741e+002 -1.2981082e+002 -1.3114078e+002 -1.3028784e+002 -1.3346236e+002
  5.0000000e-001 -1.2841792e+002 -1.2927325e+002 -1.3026997e+002 -1.2992128e+002 -1.2978076e+002 -1.3038220e+002 -1.3370300e+002
  5.0666667e-001 -1.2755850e+002 -1.2913695e+002 -1.3035355e+002 -1.3006053e+002 -1.2844273e+002 -1.3051288e+002 -1.3380472e+002
  5.1333333e-001 -1.2734938e+002 -1.2906702e+002 -1.3042584e+002 -1.3025295e+002 -1.2795718e+002 -1.3067964e+002 -1.3394321e+002
  5.2000000e-001 -1.2760169e+002 -1.2916040e+002 -1.3049525e+002 -1.3052522e+002 -1.2914441e+002 -1.3087872e+002 -1.3406302e+002
  5.2666667e-001 -1.2699629e+002 -1.2949698e+002 -1.3055591e+002 -1.3078325e+002 -1.3009192e+002 -1.3109274e+002 -1.3403626e+002
  5.3333333e-001 -1.2685294e+002 -1.2990611e+002 -1.3072098e+002 -1.3103204e+002 -1.3070828e+002 -1.3132239e+002 -1.3407002e+002
  5.4000000e-001 -1.2715259e+002 -1.3029089e+002 -1.3094736e+002 -1.3118716e+002 -1.3083406e+002 -1.3149960e+002 -1.3410689e+002
  5.4666667e-001 -1.2697742e+002 -1.3051160e+002 -1.3125836e+002 -1.3126749e+002 -1.3054954e+002 -1.3164793e+002 -1.3414801e+002
  5.5333333e-001 -1.2712062e+002 -1.3051829e+002 -1.3157446e+002 -1.3134560e+002 -1.3025754e+002 -1.3176955e+002 -1.3417484e+002
  5.6000000e-001 -1.2739864e+002 -1.3053769e+002 -1.3182005e+002 -1.3147263e+002 -1.3022304e+002 -1.3190273e+002 -1.3422794e+002
  5.6666667e-001 -1.2756169e+002 -1.3048982e+002 -1.3209357e+002 -1.3159480e+002 -1.2981062e+002 -1.3203749e+002 -1.3429088e+002
  5.7333333e-001 -1.2749290e+002 -1.3060768e+002 -1.3234113e+002 -1.3175777e+002 -1.3006512e+002 -1.3218669e+002 -1.3445062e+002
  5.8000000e-001 -1.2672109e+002 -1.3093680e+002 -1.3255313e+002 -1.3193321e+002 -1.3076923e+002 -1.3242635e+002 -1.3465343e+002
  5.8666667e-001 -1.2655138e+002 -1.3105983e+002 -1.3275708e+002 -1.3206967e+002 -1.3082156e+002 -1.3269151e+002 -1.3481758e+002
  5.9333333e-001 -1.2660913e+002 -1.3104787e+002 -1.3303584e+002 -1.3220935e+002 -1.3086324e+002 -1.3296504e+002 -1.3495767e+002
  6.0000000e-001 -1.2674144e+002 -1.3097090e+002 -1.3331317e+002 -1.3241115e+002 -1.3029385e+002 -1.3324545e+002 -1.3510866e+002
  6.0666667e-001 -1.2682860e+002 -1.3090614e+002 -1.3293892e+002 -1.3262885e+002 -1.3013798e+002 -1.3350061e+002 -1.3509201e+002
  6.1333333e-001 -1.2690479e+002 -1.3102330e+002 -1.3330337e+002 -1.3288019e+002 -1.3044841e+002 -1.3374019e+002 -1.3498991e+002
  6.2000000e-001 -1.2688722e+002 -1.3096141e+002 -1.3394574e+002 -1.3310016e+002 -1.3025563e+002 -1.3393829e+002 -1.3503358e+002
  6.2666667e-001 -1.2681909e+002 -1.3103967e+002 -1.3442090e+002 -1.3328949e+002 -1.2975645e+002 -1.3409668e+002 -1.3505971e+002
  6.3333333e-001 -1.2675765e+002 -1.3114749e+002 -1.3460500e+002 -1.3345894e+002 -1.2890282e+002 -1.3421747e+002 -1.3519678e+002
  6.4000000e-001 -1.2673573e+002 -1.3133078e+002 -1.3489404e+002 -1.3359932e+002 -1.2758913e+002 -1.3437923e+002 -1.3530505e+002
  6.4666667e-001 -1.2657292e+002 -1.3143535e+002 -1.3511774e+002 -1.3373999e+002 -1.2690974e+002 -1.3455138e+002 -1.3528290e+002
  6.5333333e-001 -1.2644389e+002 -1.3165619e+002 -1.3489204e+002 -1.3389033e+002 -1.2673798e+002 -1.3476144e+002 -1.3513158e+002
  6.6000000e-001 -1.2683081e+002 -1.3180275e+002 -1.3492824e+002 -1.3403508e+002 -1.2773015e+002 -1.3494655e+002 -1.3500411e+002
  6.6666667e-001 -1.2668976e+002 -1.3193787e+002 -1.3501325e+002 -1.3418404e+002 -1.2809010e+002 -1.3513879e+002 -1.3504181e+002
  6.7333333e-001 -1.2634415e+002 -1.3201990e+002 -1.3548723e+002 -1.3436356e+002 -1.2902437e+002 -1.3533063e+002 -1.3510883e+002
  6.8000000e-001 -1.2591475e+002 -1.3208701e+002 -1.3563377e+002 -1.3455127e+002 -1.2957065e+002 -1.3546451e+002 -1.3522362e+002
  6.8666667e-001 -1.2540633e+002 -1.3220529e+002 -1.3577782e+002 -1.3479840e+002 -1.2876485e+002 -1.3552765e+002 -1.3535901e+002
  6.9333333e-001 -1.2502196e+002 -1.3231697e+002 -1.3586385e+002 -1.3495223e+002 -1.2701471e+002 -1.3555371e+002 -1.3535756e+002
  7.0000000e-001 -1.2468012e+002 -1.3234782e+002 -1.3585416e+002 -1.3504411e+002 -1.2603900e+002 -1.3568196e+002 -1.3544768e+002
  7.0666667e-001 -1.2454967e+002 -1.3243518e+002 -1.3605206e+002 -1.3508342e+002 -1.2636212e+002 -1.3594557e+002 -1.3595886e+002
  7.1333333e-001 -1.2446576e+002 -1.3252400e+002 -1.3607289e+002 -1.3517345e+002 -1.2674805e+002 -1.3606412e+002 -1.3601822e+002
  7.2000000e-001 -1.2433388e+002 -1.3260877e+002 -1.3589766e+002 -1.3523741e+002 -1.2722305e+002 -1.3614179e+002 -1.3600758e+002
  7.2666667e-001 -1.2420758e+002 -1.3263559e+002 -1.3585136e+002 -1.3534729e+002 -1.2735324e+002 -1.3615953e+002 -1.3603778e+002
  7.3333333e-001 -1.2399155e+002 -1.3281833e+002 -1.3592635e+002 -1.3548062e+002 -1.2703375e+002 -1.3588141e+002 -1.3609576e+002
  7.4000000e-001 -1.2367944e+002 -1.3310144e+002 -1.3576791e+002 -1.3556873e+002 -1.2647310e+002 -1.3591481e+002 -1.3614607e+002
  7.4666667e-001 -1.2343161e+002 -1.3315718e+002 -1.3581007e+002 -1.3564105e+002 -1.2601775e+002 -1.3588405e+002 -1.3617018e+002
  7.5333333e-001 -1.2309393e+002 -1.3321217e+002 -1.3585915e+002 -1.3568335e+002 -1.2578294e+002 -1.3631847e+002 -1.3615591e+002
  7.6000000e-001 -1.2289845e+002 -1.3313853e+002 -1.3577191e+002 -1.3570517e+002 -1.2563115e+002 -1.3636868e+002 -1.3614546e+002
  7.6666667e-001 -1.2268912e+002 -1.3313475e+002 -1.3535088e+002 -1.3573236e+002 -1.2537221e+002 -1.3640865e+002 -1.3611752e+002
  7.7333333e-001 -1.2243826e+002 -1.3308772e+002 -1.3533296e+002 -1.3575865e+002 -1.2508479e+002 -1.3648279e+002 -1.3610075e+002
  7.8000000e-001 -1.2213734e+002 -1.3316257e+002 -1.3521643e+002 -1.3584396e+002 -1.2479350e+002 -1.3653622e+002 -1.3558708e+002
  7.8666667e-001 -1.2196542e+002 -1.3324594e+002 -1.3516470e+002 -1.3588156e+002 -1.2457788e+002 -1.3657774e+002 -1.3557136e+002
  7.9333333e-001 -1.2160702e+002 -1.3327620e+002 -1.3500801e+002 -1.3595244e+002 -1.2450012e+002 -1.3660745e+002 -1.3556638e+002
  8.0000000e-001 -1.2139876e+002 -1.3332172e+002 -1.3528006e+002 -1.3601875e+002 -1.2449254e+002 -1.3643945e+002 -1.3556105e+002
  8.0666667e-001 -1.2130641e+002 -1.3313696e+002 -1.3527878e+002 -1.3607097e+002 -1.2446251e+002 -1.3643561e+002 -1.3572324e+002
  8.1333333e-001 -1.2122656e+002 -1.3312724e+002 -1.3525877e+002 -1.3610829e+002 -1.2438654e+002 -1.3641486e+002 -1.3587625e+002
  8.2000000e-001 -1.2121137e+002 -1.3321846e+002 -1.3543306e+002 -1.3618936e+002 -1.2425845e+002 -1.3639142e+002 -1.3596954e+002
  8.2666667e-001 -1.2118626e+002 -1.3336888e+002 -1.3549287e+002 -1.3626997e+002 -1.2411852e+002 -1.3634911e+002 -1.3598167e+002
  8.3333333e-001 -1.2120784e+002 -1.3340903e+002 -1.3553143e+002 -1.3634184e+002 -1.2401462e+002 -1.3629070e+002 -1.3593587e+002
  8.4000000e-001 -1.2116121e+002 -1.3345630e+002 -1.3541724e+002 -1.3636993e+002 -1.2393130e+002 -1.3613420e+002 -1.3588394e+002
  8.4666667e-001 -1.2110526e+002 -1.3343890e+002 -1.3613014e+002 -1.3636458e+002 -1.2387900e+002 -1.3596568e+002 -1.3585928e+002
  8.5333333e-001 -1.2112627e+002 -1.3339740e+002 -1.3617491e+002 -1.3637988e+002 -1.2380159e+002 -1.3581418e+002 -1.3588690e+002
  8.6000000e-001 -1.2112148e+002 -1.3333489e+002 -1.3619878e+002 -1.3635268e+002 -1.2369876e+002 -1.3565221e+002 -1.3594765e+002
  8.6666667e-001 -1.2092764e+002 -1.3371428e+002 -1.3622719e+002 -1.3634450e+002 -1.2350819e+002 -1.3558647e+002 -1.3600211e+002
  8.7333333e-001 -1.2083527e+002 -1.3381407e+002 -1.3625207e+002 -1.3634338e+002 -1.2324220e+002 -1.3550436e+002 -1.3603090e+002
  8.8000000e-001 -1.2080978e+002 -1.3371298e+002 -1.3624945e+002 -1.3631249e+002 -1.2296941e+002 -1.3543140e+002 -1.3599458e+002
  8.8666667e-001 -1.2078453e+002 -1.3333063e+002 -1.3640768e+002 -1.3627116e+002 -1.2271635e+002 -1.3529948e+002 -1.3593941e+002
  8.9333333e-001 -1.2076289e+002 -1.3335400e+002 -1.3644429e+002 -1.3622838e+002 -1.2252866e+002 -1.3512978e+002 -1.3586909e+002
  9.0000000e-001 -1.2075229e+002 -1.3326479e+002 -1.3648438e+002 -1.3610710e+002 -1.2241170e+002 -1.3492744e+002 -1.3583826e+002
  9.0666667e-001 -1.2072359e+002 -1.3318767e+002 -1.3649524e+002 -1.3594846e+002 -1.2234654e+002 -1.3470055e+002 -1.3581845e+002
  9.1333333e-001 -1.2097434e+002 -1.3286079e+002 -1.3635634e+002 -1.3580519e+002 -1.2225937e+002 -1.3455489e+002 -1.3583891e+002
  9.2000000e-001 -1.2093912e+002 -1.3303108e+002 -1.3644759e+002 -1.3558099e+002 -1.2219464e+002 -1.3440126e+002 -1.3582719e+002
  9.2666667e-001 -1.2088026e+002 -1.3294463e+002 -1.3649114e+002 -1.3540814e+002 -1.2206036e+002 -1.3427022e+002 -1.3574623e+002
  9.3333333e-001 -1.2076248e+002 -1.3264206e+002 -1.3649857e+002 -1.3518486e+002 -1.2192310e+002 -1.3412897e+002 -1.3562712e+002
  9.4000000e-001 -1.2040524e+002 -1.3243292e+002 -1.3650536e+002 -1.3494147e+002 -1.2180026e+002 -1.3398755e+002 -1.3548825e+002
  9.4666667e-001 -1.2023129e+002 -1.3235436e+002 -1.3680121e+002 -1.3470129e+002 -1.2165915e+002 -1.3388211e+002 -1.3534572e+002
  9.5333333e-001 -1.1912177e+002 -1.3264697e+002 -1.3677785e+002 -1.3449149e+002 -1.2153629e+002 -1.3380594e+002 -1.3480089e+002
  9.6000000e-001 -1.1893216e+002 -1.3281300e+002 -1.3670956e+002 -1.3423933e+002 -1.2147067e+002 -1.3373431e+002 -1.3460568e+002
  9.6666667e-001 -1.1880055e+002 -1.3271628e+002 -1.3668277e+002 -1.3388707e+002 -1.2137846e+002 -1.3368944e+002 -1.3447108e+002
  9.7333333e-001 -1.1910466e+002 -1.3258432e+002 -1.3672626e+002 -1.3350964e+002 -1.2136292e+002 -1.3362628e+002 -1.3433310e+002
  9.8000000e-001 -1.1893575e+002 -1.3237123e+002 -1.3659923e+002 -1.3313721e+002 -1.2135480e+002 -1.3352863e+002 -1.3415408e+002
  9.8666667e-001 -1.1887524e+002 -1.3225804e+002 -1.3662701e+002 -1.3280801e+002 -1.2140183e+002 -1.3350909e+002 -1.3455306e+002
  9.9333333e-001 -1.1897305e+002 -1.3209898e+002 -1.3668298e+002 -1.3179709e+002 -1.2145769e+002 -1.3349625e+002 -1.3380658e+002
  1.0000000e+000 -1.1881862e+002 -1.3203511e+002 -1.3669653e+002 -1.3149291e+002 -1.2147938e+002 -1.3347011e+002 -1.3360681e+002
  1.0066667e+000 -1.1887648e+002 -1.3171661e+002 -1.3675771e+002 -1.3166695e+002 -1.2145952e+002 -1.3342902e+002 -1.3401132e+002
  1.0133333e+000 -1.1884006e+002 -1.3169397e+002 -1.3677510e+002 -1.3148546e+002 -1.2141995e+002 -1.3342088e+002 -1.3394485e+002
  1.0200000e+000 -1.1852092e+002 -1.3162691e+002 -1.3680130e+002 -1.3130312e+002 -1.2136597e+002 -1.3338827e+002 -1.3384456e+002
  1.0266667e+000 -1.1849355e+002 -1.3138861e+002 -1.3680249e+002 -1.3110344e+002 -1.2134242e+002 -1.3335187e+002 -1.3372809e+002
  1.0333333e+000 -1.1847839e+002 -1.3134978e+002 -1.3679575e+002 -1.3088922e+002 -1.2131419e+002 -1.3334168e+002 -1.3366850e+002
  1.0400000e+000 -1.1848328e+002 -1.3164916e+002 -1.3672951e+002 -1.3070283e+002 -1.2130887e+002 -1.3332953e+002 -1.3358727e+002
  1.0466667e+000 -1.1845061e+002 -1.3153435e+002 -1.3598924e+002 -1.3048077e+002 -1.2130904e+002 -1.3329997e+002 -1.3355577e+002
  1.0533333e+000 -1.1836116e+002 -1.3097903e+002 -1.3595512e+002 -1.3027872e+002 -1.2133032e+002 -1.3329108e+002 -1.3345952e+002
  1.0600000e+000 -1.1840151e+002 -1.3083746e+002 -1.3581444e+002 -1.3003018e+002 -1.2136597e+002 -1.3328210e+002 -1.3338792e+002
  1.0666667e+000 -1.1839131e+002 -1.3140802e+002 -1.3575186e+002 -1.2979880e+002 -1.2141707e+002 -1.3323906e+002 -1.3328288e+002
  1.0733333e+000 -1.1826636e+002 -1.3116475e+002 -1.3573178e+002 -1.2952786e+002 -1.2144551e+002 -1.3231590e+002 -1.3258446e+002
  1.0800000e+000 -1.1836055e+002 -1.3047168e+002 -1.3561128e+002 -1.2924481e+002 -1.2147697e+002 -1.3225966e+002 -1.3260207e+002
  1.0866667e+000 -1.1849754e+002 -1.3027879e+002 -1.3551407e+002 -1.2893832e+002 -1.2152422e+002 -1.3207719e+002 -1.3303578e+002
  1.0933333e+000 -1.1868338e+002 -1.3074106e+002 -1.3604086e+002 -1.2867931e+002 -1.2155145e+002 -1.3205214e+002 -1.3234500e+002
  1.1000000e+000 -1.1889673e+002 -1.3081738e+002 -1.3598787e+002 -1.2841724e+002 -1.2159940e+002 -1.3192963e+002 -1.3211368e+002
  1.1066667e+000 -1.1879999e+002 -1.3062238e+002 -1.3591934e+002 -1.2818016e+002 -1.2164749e+002 -1.3190791e+002 -1.3268790e+002
  1.1133333e+000 -1.1856215e+002 -1.3011649e+002 -1.3586999e+002 -1.2797243e+002 -1.2169620e+002 -1.3193236e+002 -1.3260529e+002
  1.1200000e+000 -1.1860310e+002 -1.2984352e+002 -1.3579141e+002 -1.2780815e+002 -1.2173103e+002 -1.3181014e+002 -1.3257094e+002
  1.1266667e+000 -1.1855952e+002 -1.2963168e+002 -1.3567021e+002 -1.2759956e+002 -1.2178056e+002 -1.3172295e+002 -1.3253093e+002
  1.1333333e+000 -1.1857660e+002 -1.2939014e+002 -1.3554421e+002 -1.2740686e+002 -1.2184876e+002 -1.3172820e+002 -1.3248259e+002
  1.1400000e+000 -1.1850765e+002 -1.2913942e+002 -1.3504010e+002 -1.2688757e+002 -1.2191080e+002 -1.3164592e+002 -1.3239978e+002
  1.1466667e+000 -1.1844647e+002 -1.2892661e+002 -1.3519022e+002 -1.2656752e+002 -1.2194984e+002 -1.3161620e+002 -1.3235452e+002
  1.1533333e+000 -1.1845670e+002 -1.2861154e+002 -1.3615645e+002 -1.2624942e+002 -1.2201372e+002 -1.3169647e+002 -1.3223142e+002
  1.1600000e+000 -1.1840765e+002 -1.2827982e+002 -1.3626611e+002 -1.2603258e+002 -1.2205962e+002 -1.3154846e+002 -1.3211891e+002
  1.1666667e+000 -1.1891240e+002 -1.2798383e+002 -1.3626839e+002 -1.2592288e+002 -1.2207697e+002 -1.3155161e+002 -1.3203500e+002
  1.1733333e+000 -1.1899458e+002 -1.2773201e+002 -1.3630246e+002 -1.2603810e+002 -1.2209248e+002 -1.3155878e+002 -1.3192850e+002
  1.1800000e+000 -1.1901404e+002 -1.2747902e+002 -1.3597224e+002 -1.2585182e+002 -1.2211774e+002 -1.3163774e+002 -1.3182338e+002
  1.1866667e+000 -1.1895296e+002 -1.2731218e+002 -1.3486984e+002 -1.2509190e+002 -1.2214609e+002 -1.3158847e+002 -1.3169714e+002
  1.1933333e+000 -1.1932107e+002 -1.2712448e+002 -1.3561464e+002 -1.2497537e+002 -1.2221100e+002 -1.3153076e+002 -1.3155626e+002
  1.2000000e+000 -1.1931548e+002 -1.2699139e+002 -1.3651587e+002 -1.2481230e+002 -1.2227628e+002 -1.3155466e+002 -1.3140573e+002
  1.2066667e+000 -1.1930924e+002 -1.2682393e+002 -1.3585779e+002 -1.2474869e+002 -1.2230611e+002 -1.3154581e+002 -1.3125237e+002
  1.2133333e+000 -1.1934197e+002 -1.2672287e+002 -1.3569307e+002 -1.2467539e+002 -1.2236386e+002 -1.3153009e+002 -1.3113979e+002
  1.2200000e+000 -1.1940134e+002 -1.2665164e+002 -1.3551349e+002 -1.2448439e+002 -1.2236725e+002 -1.3158685e+002 -1.3104904e+002
  1.2266667e+000 -1.1943742e+002 -1.2658273e+002 -1.3610260e+002 -1.2423399e+002 -1.2244118e+002 -1.3150089e+002 -1.3093248e+002
  1.2333333e+000 -1.1948494e+002 -1.2657419e+002 -1.3606860e+002 -1.2463446e+002 -1.2249651e+002 -1.3155904e+002 -1.3083546e+002
  1.2400000e+000 -1.1962709e+002 -1.2653539e+002 -1.3729555e+002 -1.2454131e+002 -1.2251631e+002 -1.3153810e+002 -1.3070653e+002
  1.2466667e+000 -1.1964870e+002 -1.2646730e+002             NaN -1.2445366e+002 -1.2261813e+002 -1.3156061e+002 -1.3056944e+002
  1.2533333e+000 -1.1943169e+002 -1.2642320e+002             NaN -1.2438396e+002 -1.2269350e+002 -1.3152141e+002 -1.3040598e+002
  1.2600000e+000 -1.1971857e+002 -1.2637300e+002             NaN -1.2428825e+002 -1.2269461e+002 -1.3148448e+002 -1.3026164e+002
  1.2666667e+000 -1.1972984e+002 -1.2632513e+002             NaN -1.2422441e+002 -1.2269101e+002 -1.3146701e+002 -1.3013181e+002
  1.2733333e+000 -1.1966359e+002 -1.2629912e+002             NaN -1.2419141e+002 -1.2268597e+002 -1.3148003e+002 -1.3000388e+002
  1.2800000e+000 -1.1964067e+002 -1.2626013e+002             NaN -1.2412235e+002 -1.2272510e+002 -1.3140401e+002 -1.2985393e+002
  1.2866667e+000 -1.1936443e+002 -1.2626411e+002 -1.3945839e+002 -1.2405324e+002 -1.2273857e+002 -1.3133087e+002 -1.2972246e+002
  1.2933333e+000 -1.1943964e+002 -1.2623424e+002 -1.3898360e+002 -1.2397568e+002 -1.2277535e+002 -1.3123390e+002 -1.2958482e+002
  1.3000000e+000 -1.1947574e+002 -1.2620805e+002 -1.3848384e+002 -1.2390344e+002 -1.2279363e+002 -1.3115036e+002 -1.2948505e+002
  1.3066667e+000 -1.1952628e+002 -1.2617003e+002 -1.3904186e+002 -1.2386584e+002 -1.2280225e+002 -1.3110329e+002 -1.2937123e+002
  1.3133333e+000 -1.1951135e+002 -1.2612863e+002 -1.4014317e+002 -1.2377823e+002 -1.2276338e+002 -1.3097461e+002 -1.2927937e+002
  1.3200000e+000 -1.1956018e+002 -1.2613084e+002 -1.4123331e+002 -1.2368926e+002 -1.2274344e+002 -1.3089931e+002 -1.2916258e+002
  1.3266667e+000 -1.1956436e+002 -1.2614301e+002 -1.4139406e+002 -1.2364478e+002 -1.2272113e+002 -1.3080261e+002 -1.2909122e+002
  1.3333333e+000 -1.1958759e+002 -1.2616309e+002 -1.4025856e+002 -1.2357742e+002 -1.2269997e+002 -1.3080699e+002 -1.2903706e+002
  1.3400000e+000 -1.1960474e+002 -1.2615836e+002 -1.3888695e+002 -1.2355095e+002 -1.2266647e+002 -1.3067172e+002 -1.2899489e+002
  1.3466667e+000 -1.1963515e+002 -1.2615576e+002             NaN -1.2354303e+002 -1.2261847e+002 -1.3066902e+002 -1.2895725e+002
  1.3533333e+000 -1.1967217e+002 -1.2614795e+002             NaN -1.2344322e+002 -1.2257109e+002 -1.3064090e+002 -1.2889397e+002
  1.3600000e+000 -1.1969757e+002 -1.2614528e+002             NaN -1.2335637e+002 -1.2255650e+002 -1.3051070e+002 -1.2879520e+002
  1.3666667e+000 -1.1975905e+002 -1.2615820e+002             NaN -1.2332246e+002 -1.2253877e+002 -1.3044521e+002 -1.2874255e+002
  1.3733333e+000 -1.1978708e+002 -1.2617584e+002             NaN -1.2329826e+002 -1.2252634e+002 -1.3042737e+002 -1.2864748e+002
  1.3800000e+000 -1.1980293e+002 -1.2624844e+002             NaN -1.2327176e+002 -1.2251006e+002 -1.3044594e+002 -1.2857494e+002
  1.3866667e+000 -1.1986440e+002 -1.2629788e+002             NaN -1.2326367e+002 -1.2247829e+002 -1.3032922e+002 -1.2853259e+002
  1.3933333e+000 -1.1989436e+002 -1.2630759e+002             NaN -1.2326895e+002 -1.2243858e+002 -1.3042119e+002 -1.2844266e+002
  1.4000000e+000 -1.1993524e+002 -1.2632677e+002             NaN -1.2320364e+002 -1.2244252e+002 -1.3027824e+002 -1.2839621e+002
  1.4066667e+000 -1.1994092e+002 -1.2634505e+002             NaN -1.2313614e+002 -1.2241446e+002 -1.3030405e+002 -1.2827315e+002
  1.4133333e+000 -1.1994991e+002 -1.2637480e+002             NaN -1.2310877e+002 -1.2239793e+002 -1.3021213e+002 -1.2818652e+002
  1.4200000e+000 -1.1993521e+002 -1.2643218e+002             NaN -1.2307800e+002 -1.2239033e+002 -1.3019374e+002 -1.2811755e+002
  1.4266667e+000 -1.1999655e+002 -1.2641988e+002             NaN -1.2306789e+002 -1.2237695e+002 -1.3015637e+002 -1.2806581e+002
  1.4333333e+000 -1.2002133e+002 -1.2643706e+002             NaN -1.2301468e+002 -1.2235294e+002 -1.3020061e+002 -1.2804196e+002
  1.4400000e+000 -1.2002248e+002 -1.2647742e+002             NaN -1.2298967e+002 -1.2231641e+002 -1.3008829e+002 -1.2799602e+002
  1.4466667e+000 -1.2008278e+002 -1.2649373e+002 -1.3800784e+002 -1.2294667e+002 -1.2229111e+002 -1.3015479e+002 -1.2796796e+002
  1.4533333e+000 -1.2008957e+002 -1.2649857e+002 -1.3698628e+002 -1.2284036e+002 -1.2229211e+002 -1.3006149e+002 -1.2791190e+002
  1.4600000e+000 -1.2010274e+002 -1.2650386e+002 -1.3631888e+002 -1.2280746e+002 -1.2233423e+002 -1.3092847e+002 -1.2786238e+002
  1.4666667e+000 -1.2011015e+002 -1.2651305e+002 -1.3508456e+002 -1.2271559e+002 -1.2226146e+002 -1.2987401e+002 -1.2781299e+002
  1.4733333e+000 -1.2013870e+002 -1.2647171e+002 -1.3416364e+002 -1.2261519e+002 -1.2224300e+002 -1.2993633e+002 -1.2774474e+002
  1.4800000e+000 -1.2018678e+002 -1.2645088e+002 -1.3391327e+002 -1.2253462e+002 -1.2222289e+002 -1.2990411e+002 -1.2771135e+002
  1.4866667e+000 -1.2025645e+002 -1.2642824e+002 -1.3402756e+002 -1.2243112e+002 -1.2221245e+002 -1.2992343e+002 -1.2772151e+002
  1.4933333e+000 -1.2027489e+002 -1.2636966e+002 -1.3372472e+002 -1.2236644e+002 -1.2220256e+002 -1.2978659e+002 -1.2774321e+002
  1.5000000e+000 -1.2034303e+002 -1.2633614e+002 -1.3364958e+002 -1.2227403e+002 -1.2220660e+002 -1.2969363e+002 -1.2772296e+002
  1.5066667e+000 -1.2033522e+002 -1.2629697e+002 -1.3434473e+002 -1.2216866e+002 -1.2214104e+002 -1.2968616e+002 -1.2764415e+002
  1.5133333e+000 -1.2033160e+002 -1.2626411e+002             NaN -1.2209140e+002 -1.2211732e+002 -1.2945981e+002 -1.2761983e+002
  1.5200000e+000 -1.2035817e+002 -1.2627181e+002             NaN -1.2198755e+002 -1.2211350e+002 -1.2933028e+002 -1.2762749e+002
  1.5266667e+000 -1.2044153e+002 -1.2621704e+002             NaN -1.2194487e+002 -1.2211408e+002 -1.2932057e+002 -1.2759670e+002
  1.5333333e+000 -1.2050490e+002 -1.2620245e+002             NaN -1.2186646e+002 -1.2210208e+002 -1.2928912e+002 -1.2759995e+002
  1.5400000e+000 -1.2053137e+002 -1.2615178e+002             NaN -1.2182013e+002 -1.2204468e+002 -1.2927553e+002 -1.2758760e+002
  1.5466667e+000 -1.2062648e+002 -1.2609746e+002             NaN -1.2174934e+002 -1.2202711e+002 -1.2907742e+002 -1.2756123e+002
  1.5533333e+000 -1.2033623e+002 -1.2610104e+002             NaN -1.2165372e+002 -1.2202519e+002 -1.2893202e+002 -1.2752028e+002
  1.5600000e+000 -1.2070140e+002 -1.2612015e+002 -1.3231603e+002 -1.2157727e+002 -1.2202063e+002 -1.2888350e+002 -1.2745378e+002
  1.5666667e+000 -1.2074194e+002 -1.2613017e+002 -1.3316202e+002 -1.2151502e+002 -1.2201900e+002 -1.2880429e+002 -1.2746005e+002
  1.5733333e+000 -1.2072369e+002 -1.2612337e+002 -1.3380513e+002 -1.2149391e+002 -1.2203973e+002 -1.2874843e+002 -1.2744141e+002
  1.5800000e+000 -1.2074277e+002 -1.2609561e+002 -1.3214378e+002 -1.2146208e+002 -1.2202594e+002 -1.2864064e+002 -1.2669257e+002
  1.5866667e+000 -1.2055089e+002 -1.2608079e+002 -1.3257307e+002 -1.2142775e+002 -1.2200504e+002 -1.2862550e+002 -1.2648917e+002
  1.5933333e+000 -1.2058676e+002 -1.2607837e+002 -1.3207661e+002 -1.2135092e+002 -1.2198787e+002 -1.2849248e+002 -1.2656801e+002
  1.6000000e+000 -1.2065315e+002 -1.2606670e+002 -1.3103560e+002 -1.2124831e+002 -1.2200626e+002 -1.2849951e+002 -1.2729706e+002
  1.6066667e+000 -1.2088945e+002 -1.2608733e+002 -1.3191025e+002 -1.2122910e+002 -1.2197704e+002 -1.2841150e+002 -1.2727261e+002
  1.6133333e+000 -1.2090570e+002 -1.2610150e+002             NaN -1.2115703e+002 -1.2194234e+002 -1.2818895e+002 -1.2721327e+002
  1.6200000e+000 -1.2102193e+002 -1.2613449e+002             NaN -1.2113464e+002 -1.2193965e+002 -1.2807040e+002 -1.2711514e+002
  1.6266667e+000 -1.2107848e+002 -1.2611754e+002             NaN -1.2108971e+002 -1.2189233e+002 -1.2798724e+002 -1.2700615e+002
  1.6333333e+000 -1.2108403e+002 -1.2609551e+002 -1.3263138e+002 -1.2104840e+002 -1.2184239e+002 -1.2783342e+002 -1.2687927e+002
  1.6400000e+000 -1.2112828e+002 -1.2610637e+002 -1.3250740e+002 -1.2100659e+002 -1.2178146e+002 -1.2776540e+002 -1.2665752e+002
  1.6466667e+000 -1.2112511e+002 -1.2611653e+002 -1.3241447e+002 -1.2097762e+002 -1.2176090e+002 -1.2761491e+002 -1.2614935e+002
  1.6533333e+000 -1.2079434e+002 -1.2613765e+002             NaN -1.2093642e+002 -1.2171207e+002 -1.2744283e+002 -1.2614397e+002
  1.6600000e+000 -1.2087343e+002 -1.2611470e+002             NaN -1.2094673e+002 -1.2167787e+002 -1.2799249e+002 -1.2599013e+002
  1.6666667e+000 -1.2090065e+002 -1.2603848e+002 -1.3190231e+002 -1.2094064e+002 -1.2165683e+002 -1.2786880e+002 -1.2649649e+002
  1.6733333e+000 -1.2093042e+002 -1.2603268e+002 -1.3215308e+002 -1.2091216e+002 -1.2163440e+002 -1.2696816e+002 -1.2646231e+002
  1.6800000e+000 -1.2097540e+002 -1.2607332e+002 -1.3276668e+002 -1.2088251e+002 -1.2157803e+002 -1.2677324e+002 -1.2642198e+002
  1.6866667e+000 -1.2102766e+002 -1.2602132e+002 -1.3293887e+002 -1.2084905e+002 -1.2150220e+002 -1.2655145e+002 -1.2636821e+002
  1.6933333e+000 -1.2105635e+002 -1.2597368e+002 -1.3324031e+002 -1.2084480e+002 -1.2147047e+002 -1.2641390e+002 -1.2628926e+002
  1.7000000e+000 -1.2106993e+002 -1.2594611e+002 -1.3383147e+002 -1.2081566e+002 -1.2139226e+002 -1.2716481e+002 -1.2621822e+002
  1.7066667e+000 -1.2105096e+002 -1.2593419e+002 -1.3127269e+002 -1.2083717e+002 -1.2131453e+002 -1.2695656e+002 -1.2614981e+002
  1.7133333e+000 -1.2107651e+002 -1.2588466e+002 -1.3303775e+002 -1.2037480e+002 -1.2127606e+002 -1.2592838e+002 -1.2610776e+002
  1.7200000e+000 -1.2108725e+002 -1.2587975e+002 -1.3307669e+002 -1.2044486e+002 -1.2124123e+002 -1.2576334e+002 -1.2610176e+002
  1.7266667e+000 -1.2114255e+002 -1.2583820e+002 -1.3297806e+002 -1.2052335e+002 -1.2118254e+002 -1.2573180e+002 -1.2604332e+002
  1.7333333e+000 -1.2116487e+002 -1.2578674e+002 -1.3276291e+002 -1.2050761e+002 -1.2109641e+002 -1.2580164e+002 -1.2597528e+002
  1.7400000e+000 -1.2118628e+002 -1.2574724e+002 -1.3285222e+002 -1.2046671e+002 -1.2099239e+002 -1.2567743e+002 -1.2590163e+002
  1.7466667e+000 -1.2119394e+002 -1.2570117e+002 -1.3317635e+002 -1.2052055e+002 -1.2089848e+002 -1.2562976e+002 -1.2581041e+002
  1.7533333e+000 -1.2122214e+002 -1.2567949e+002 -1.3351237e+002 -1.2039961e+002 -1.2081505e+002 -1.2549916e+002 -1.2572241e+002
  1.7600000e+000 -1.2123552e+002 -1.2565085e+002 -1.3368895e+002 -1.2047931e+002 -1.2071036e+002 -1.2539235e+002 -1.2567186e+002
  1.7666667e+000 -1.2129767e+002 -1.2560419e+002 -1.3350006e+002 -1.2043947e+002 -1.2062354e+002 -1.2537999e+002 -1.2560719e+002
  1.7733333e+000 -1.2130295e+002 -1.2554933e+002 -1.3297357e+002 -1.2050777e+002 -1.2053638e+002 -1.2530246e+002 -1.2554523e+002
  1.7800000e+000 -1.2131709e+002 -1.2551950e+002 -1.3228441e+002 -1.2052092e+002 -1.2048496e+002 -1.2514033e+002 -1.2549674e+002
  1.7866667e+000 -1.2131838e+002 -1.2551791e+002 -1.3175299e+002 -1.2058629e+002 -1.2041980e+002 -1.2518561e+002 -1.2540010e+002
  1.7933333e+000 -1.2136081e+002 -1.2549745e+002 -1.3141713e+002 -1.2049663e+002 -1.2033543e+002 -1.2517072e+002 -1.2530994e+002
  1.8000000e+000 -1.2141403e+002 -1.2553658e+002 -1.3093808e+002 -1.2048207e+002 -1.2023979e+002 -1.2594621e+002 -1.2526262e+002
  1.8066667e+000 -1.2144472e+002 -1.2542613e+002 -1.3064468e+002 -1.2057643e+002 -1.2012436e+002 -1.2581947e+002 -1.2519505e+002
  1.8133333e+000 -1.2144898e+002 -1.2539308e+002 -1.3058446e+002 -1.2057359e+002 -1.2005632e+002 -1.2573694e+002 -1.2515488e+002
  1.8200000e+000 -1.2142676e+002 -1.2536781e+002 -1.3049217e+002 -1.2049110e+002 -1.1999283e+002 -1.2564601e+002 -1.2507687e+002
  1.8266667e+000 -1.2143343e+002 -1.2533211e+002 -1.3044983e+002 -1.2069817e+002 -1.1992311e+002 -1.2556230e+002 -1.2500630e+002
  1.8333333e+000 -1.2145633e+002 -1.2530240e+002 -1.3035210e+002 -1.2062175e+002 -1.1989101e+002 -1.2543018e+002 -1.2492204e+002
  1.8400000e+000 -1.2148135e+002 -1.2525162e+002 -1.3024918e+002 -1.2061784e+002 -1.1981245e+002 -1.2531151e+002 -1.2482935e+002
  1.8466667e+000 -1.2144392e+002 -1.2522411e+002 -1.3003529e+002 -1.2066501e+002 -1.1974651e+002 -1.2528297e+002 -1.2472142e+002
  1.8533333e+000 -1.2144096e+002 -1.2518121e+002 -1.2992171e+002 -1.2075522e+002 -1.1965889e+002 -1.2521872e+002 -1.2464320e+002
  1.8600000e+000 -1.2146996e+002 -1.2512357e+002 -1.2910597e+002 -1.2071191e+002 -1.1956029e+002 -1.2508690e+002 -1.2450972e+002
  1.8666667e+000 -1.2146332e+002 -1.2511877e+002             NaN -1.2071178e+002 -1.1972652e+002 -1.2497286e+002 -1.2444254e+002
  1.8733333e+000 -1.2143753e+002 -1.2510432e+002             NaN -1.2082442e+002 -1.1965865e+002 -1.2482959e+002 -1.2386609e+002
  1.8800000e+000 -1.2141097e+002 -1.2505248e+002 -1.2767042e+002 -1.2078554e+002 -1.1960103e+002 -1.2469782e+002 -1.2375238e+002
  1.8866667e+000 -1.2138800e+002 -1.2500250e+002 -1.2815836e+002 -1.2082596e+002 -1.1960352e+002 -1.2459198e+002 -1.2373285e+002
  1.8933333e+000 -1.2141611e+002 -1.2495606e+002 -1.2792729e+002 -1.2082931e+002 -1.1949693e+002 -1.2451515e+002 -1.2358821e+002
  1.9000000e+000 -1.2140657e+002 -1.2492778e+002 -1.2772789e+002 -1.2088255e+002 -1.1950740e+002 -1.2439552e+002 -1.2339414e+002
  1.9066667e+000 -1.2139078e+002 -1.2488939e+002 -1.2792757e+002 -1.2092038e+002 -1.1946677e+002 -1.2428680e+002 -1.2366482e+002
  1.9133333e+000 -1.2133745e+002 -1.2486235e+002 -1.2722360e+002 -1.2095152e+002 -1.1943262e+002 -1.2412643e+002 -1.2368056e+002
  1.9200000e+000 -1.2132825e+002 -1.2479262e+002 -1.2717163e+002 -1.2091348e+002 -1.1942011e+002 -1.2397246e+002 -1.2361191e+002
  1.9266667e+000 -1.2135918e+002 -1.2476741e+002 -1.2705798e+002 -1.2088753e+002 -1.1942328e+002 -1.2386432e+002 -1.2361240e+002
  1.9333333e+000 -1.2137874e+002 -1.2474709e+002 -1.2693993e+002 -1.2091998e+002 -1.1935066e+002 -1.2378850e+002 -1.2361862e+002
  1.9400000e+000 -1.2139633e+002 -1.2467590e+002 -1.2701402e+002 -1.2100465e+002 -1.1932513e+002 -1.2369382e+002 -1.2359377e+002
  1.9466667e+000 -1.2137401e+002 -1.2461212e+002 -1.2726915e+002 -1.2107433e+002 -1.1924284e+002 -1.2356943e+002 -1.2300555e+002
  1.9533333e+000 -1.2132420e+002 -1.2458723e+002 -1.2756607e+002 -1.2103687e+002 -1.1910455e+002 -1.2345487e+002 -1.2287640e+002
  1.9600000e+000 -1.2128882e+002 -1.2452138e+002 -1.2792783e+002 -1.2108052e+002 -1.1906210e+002 -1.2335588e+002 -1.2281477e+002
  1.9666667e+000 -1.2127858e+002 -1.2451917e+002 -1.2812660e+002 -1.2098509e+002 -1.1906641e+002 -1.2327390e+002 -1.2277783e+002
  1.9733333e+000 -1.2130216e+002 -1.2402417e+002 -1.2863553e+002 -1.2085452e+002 -1.1900028e+002 -1.2317934e+002 -1.2275714e+002
  1.9800000e+000 -1.2131131e+002 -1.2397713e+002             NaN -1.2092844e+002 -1.1891931e+002 -1.2304964e+002 -1.2276291e+002
  1.9866667e+000 -1.2129144e+002 -1.2392284e+002             NaN -1.2103053e+002 -1.1884613e+002 -1.2298514e+002 -1.2267838e+002
  1.9933333e+000 -1.2181792e+002 -1.2384706e+002 -1.2816663e+002 -1.2105132e+002 -1.1883249e+002 -1.2297511e+002 -1.2256349e+002
  2.0000000e+000 -1.2181860e+002 -1.2380608e+002 -1.3033240e+002 -1.2106075e+002 -1.1875237e+002 -1.2299713e+002 -1.2319226e+002
