 -5.0000000e-001 -2.4325500e-001 -2.4319500e-001 -2.4318900e-001 -2.4316800e-001 -2.4320400e-001 -2.4322200e-001 -2.4319900e-001
 -4.9333333e-001 -2.4320000e-001 -2.4321300e-001 -2.4320000e-001 -2.4316100e-001 -2.4322800e-001 -2.4322100e-001 -2.4321000e-001
 -4.8666667e-001 -2.4322200e-001 -2.4321700e-001 -2.4318600e-001 -2.4315000e-001 -2.4319800e-001 -2.4320800e-001 -2.4321100e-001
 -4.8000000e-001 -2.4323500e-001 -2.4318800e-001 -2.4320000e-001 -2.4312900e-001 -2.4318100e-001 -2.4318500e-001 -2.4319300e-001
 -4.7333333e-001 -2.4318600e-001 -2.4320700e-001 -2.4318800e-001 -2.4313800e-001 -2.4318400e-001 -2.4320200e-001 -2.4322400e-001
 -4.6666667e-001 -2.4321600e-001 -2.4323100e-001 -2.4320400e-001 -2.4314000e-001 -2.4316000e-001 -2.4321800e-001 -2.4319300e-001
 -4.6000000e-001 -2.4319900e-001 -2.4321000e-001 -2.4315700e-001 -2.4314800e-001 -2.4320700e-001 -2.4320800e-001 -2.4322100e-001
 -4.5333333e-001 -2.4320100e-001 -2.4321700e-001 -2.4320400e-001 -2.4320700e-001 -2.4318200e-001 -2.4321300e-001 -2.4318000e-001
 -4.4666667e-001 -2.4318600e-001 -2.4319100e-001 -2.4316500e-001 -2.4316300e-001 -2.4320900e-001 -2.4320100e-001 -2.4318600e-001
 -4.4000000e-001 -2.4323600e-001 -2.4324000e-001 -2.4313900e-001 -2.4316900e-001 -2.4317300e-001 -2.4324200e-001 -2.4321100e-001
 -4.3333333e-001 -2.4321200e-001 -2.4324500e-001 -2.4314600e-001 -2.4313300e-001 -2.4321000e-001 -2.4322200e-001 -2.4322600e-001
 -4.2666667e-001 -2.4317000e-001 -2.4320800e-001 -2.4315500e-001 -2.4313900e-001 -2.4320300e-001 -2.4320300e-001 -2.4323100e-001
 -4.2000000e-001 -2.4314300e-001 -2.4321000e-001 -2.4316700e-001 -2.4315700e-001 -2.4320400e-001 -2.4326200e-001 -2.4319300e-001
 -4.1333333e-001 -2.4315800e-001 -2.4322900e-001 -2.4313200e-001 -2.4315400e-001 -2.4321400e-001 -2.4328100e-001 -2.4318500e-001
 -4.0666667e-001 -2.4314000e-001 -2.4320900e-001 -2.4316700e-001 -2.4315000e-001 -2.4317700e-001 -2.4323600e-001 -2.4321100e-001
 -4.0000000e-001 -2.4318600e-001 -2.4321300e-001 -2.4315700e-001 -2.4317000e-001 -2.4320500e-001 -2.4322600e-001 -2.4320200e-001
 -3.9333333e-001 -2.4321100e-001 -2.4326200e-001 -2.4317700e-001 -2.4318700e-001 -2.4319300e-001 -2.4322100e-001 -2.4318200e-001
 -3.8666667e-001 -2.4318000e-001 -2.4324300e-001 -2.4317400e-001 -2.4315800e-001 -2.4321700e-001 -2.4321600e-001 -2.4318900e-001
 -3.8000000e-001 -2.4316400e-001 -2.4326200e-001 -2.4315700e-001 -2.4316300e-001 -2.4321600e-001 -2.4322600e-001 -2.4315700e-001
 -3.7333333e-001 -2.4314100e-001 -2.4322600e-001 -2.4315700e-001 -2.4319100e-001 -2.4323700e-001 -2.4325000e-001 -2.4320500e-001
 -3.6666667e-001 -2.4313600e-001 -2.4322300e-001 -2.4315500e-001 -2.4318100e-001 -2.4321200e-001 -2.4322500e-001 -2.4319400e-001
 -3.6000000e-001 -2.4320300e-001 -2.4322300e-001 -2.4314500e-001 -2.4313100e-001 -2.4317200e-001 -2.4324000e-001 -2.4316200e-001
 -3.5333333e-001 -2.4322100e-001 -2.4324200e-001 -2.4312200e-001 -2.4314600e-001 -2.4318600e-001 -2.4320100e-001 -2.4315100e-001
 -3.4666667e-001 -2.4318300e-001 -2.4322900e-001 -2.4315400e-001 -2.4316600e-001 -2.4319600e-001 -2.4320300e-001 -2.4320000e-001
 -3.4000000e-001 -2.4318300e-001 -2.4321700e-001 -2.4311100e-001 -2.4316800e-001 -2.4322300e-001 -2.4320400e-001 -2.4317100e-001
 -3.3333333e-001 -2.4316900e-001 -2.4320100e-001 -2.4311300e-001 -2.4318000e-001 -2.4321000e-001 -2.4321100e-001 -2.4317800e-001
 -3.2666667e-001 -2.4315900e-001 -2.4318800e-001 -2.4311300e-001 -2.4318300e-001 -2.4318100e-001 -2.4321500e-001 -2.4316900e-001
 -3.2000000e-001 -2.4317000e-001 -2.4325400e-001 -2.4313800e-001 -2.4318000e-001 -2.4315700e-001 -2.4321800e-001 -2.4316200e-001
 -3.1333333e-001 -2.4315200e-001 -2.4320300e-001 -2.4315800e-001 -2.4315300e-001 -2.4321900e-001 -2.4316500e-001 -2.4312200e-001
 -3.0666667e-001 -2.4308700e-001 -2.4321700e-001 -2.4315700e-001 -2.4319500e-001 -2.4324100e-001 -2.4321600e-001 -2.4310800e-001
 -3.0000000e-001 -2.4313000e-001 -2.4319200e-001 -2.4314700e-001 -2.4321100e-001 -2.4321700e-001 -2.4323800e-001 -2.4316500e-001
 -2.9333333e-001 -2.4312200e-001 -2.4319400e-001 -2.4316100e-001 -2.4320500e-001 -2.4318800e-001 -2.4319200e-001 -2.4316400e-001
 -2.8666667e-001 -2.4316200e-001 -2.4318600e-001 -2.4316700e-001 -2.4317200e-001 -2.4320500e-001 -2.4321500e-001 -2.4318700e-001
 -2.8000000e-001 -2.4313300e-001 -2.4319700e-001 -2.4317000e-001 -2.4314600e-001 -2.4320800e-001 -2.4323000e-001 -2.4317200e-001
 -2.7333333e-001 -2.4315500e-001 -2.4321400e-001 -2.4316000e-001 -2.4316100e-001 -2.4322800e-001 -2.4319800e-001 -2.4317800e-001
 -2.6666667e-001 -2.4311900e-001 -2.4322100e-001 -2.4318600e-001 -2.4317500e-001 -2.4319600e-001 -2.4315700e-001 -2.4318600e-001
 -2.6000000e-001 -2.4315400e-001 -2.4322900e-001 -2.4321200e-001 -2.4309500e-001 -2.4321000e-001 -2.4318200e-001 -2.4312400e-001
 -2.5333333e-001 -2.4316000e-001 -2.4325400e-001 -2.4319600e-001 -2.4314200e-001 -2.4320400e-001 -2.4322400e-001 -2.4314600e-001
 -2.4666667e-001 -2.4315600e-001 -2.4322200e-001 -2.4318200e-001 -2.4315100e-001 -2.4317500e-001 -2.4320700e-001 -2.4318400e-001
 -2.4000000e-001 -2.4313700e-001 -2.4324700e-001 -2.4319300e-001 -2.4313600e-001 -2.4320400e-001 -2.4320200e-001 -2.4313600e-001
 -2.3333333e-001 -2.4319400e-001 -2.4326300e-001 -2.4321500e-001 -2.4316700e-001 -2.4319000e-001 -2.4325300e-001 -2.4315900e-001
 -2.2666667e-001 -2.4315700e-001 -2.4325500e-001 -2.4323100e-001 -2.4312600e-001 -2.4318500e-001 -2.4323500e-001 -2.4320200e-001
 -2.2000000e-001 -2.4317400e-001 -2.4321900e-001 -2.4322400e-001 -2.4311700e-001 -2.4318700e-001 -2.4319500e-001 -2.4319200e-001
 -2.1333333e-001 -2.4315100e-001 -2.4320300e-001 -2.4320700e-001 -2.4314700e-001 -2.4320600e-001 -2.4321600e-001 -2.4319500e-001
 -2.0666667e-001 -2.4318400e-001 -2.4319600e-001 -2.4322800e-001 -2.4311800e-001 -2.4319500e-001 -2.4321700e-001 -2.4319800e-001
 -2.0000000e-001 -2.4318800e-001 -2.4317900e-001 -2.4320700e-001 -2.4317500e-001 -2.4316400e-001 -2.4317400e-001 -2.4315900e-001
 -1.9333333e-001 -2.4319500e-001 -2.4322800e-001 -2.4324300e-001 -2.4315100e-001 -2.4320600e-001 -2.4319600e-001 -2.4316400e-001
 -1.8666667e-001 -2.4317100e-001 -2.4319800e-001 -2.4327000e-001 -2.4312700e-001 -2.4321400e-001 -2.4321700e-001 -2.4319000e-001
 -1.8000000e-001 -2.4319600e-001 -2.4322700e-001 -2.4327300e-001 -2.4318000e-001 -2.4315400e-001 -2.4321800e-001 -2.4320700e-001
 -1.7333333e-001 -2.4318000e-001 -2.4320300e-001 -2.4328400e-001 -2.4317600e-001 -2.4315600e-001 -2.4324000e-001 -2.4322800e-001
 -1.6666667e-001 -2.4317900e-001 -2.4312400e-001 -2.4325200e-001 -2.4317400e-001 -2.4320900e-001 -2.4321700e-001 -2.4320600e-001
 -1.6000000e-001 -2.4314000e-001 -2.4320500e-001 -2.4326600e-001 -2.4318600e-001 -2.4324100e-001 -2.4322400e-001 -2.4317600e-001
 -1.5333333e-001 -2.4318200e-001 -2.4320200e-001 -2.4321300e-001 -2.4317900e-001 -2.4318900e-001 -2.4323600e-001 -2.4317700e-001
 -1.4666667e-001 -2.4318100e-001 -2.4321100e-001 -2.4319500e-001 -2.4317100e-001 -2.4322600e-001 -2.4323600e-001 -2.4317000e-001
 -1.4000000e-001 -2.4317300e-001 -2.4320600e-001 -2.4320500e-001 -2.4315100e-001 -2.4322400e-001 -2.4323600e-001 -2.4319800e-001
 -1.3333333e-001 -2.4320300e-001 -2.4318100e-001 -2.4320700e-001 -2.4313900e-001 -2.4322000e-001 -2.4321600e-001 -2.4320200e-001
 -1.2666667e-001 -2.4319800e-001 -2.4320100e-001 -2.4320700e-001 -2.4313300e-001 -2.4320500e-001 -2.4318600e-001 -2.4321200e-001
 -1.2000000e-001 -2.4320800e-001 -2.4321900e-001 -2.4322200e-001 -2.4317300e-001 -2.4318600e-001 -2.4321000e-001 -2.4319400e-001
 -1.1333333e-001 -2.4320800e-001 -2.4321100e-001 -2.4323000e-001 -2.4316600e-001 -2.4320600e-001 -2.4324500e-001 -2.4319300e-001
 -1.0666667e-001 -2.4321300e-001 -2.4320400e-001 -2.4320700e-001 -2.4318200e-001 -2.4317200e-001 -2.4323900e-001 -2.4315400e-001
 -1.0000000e-001 -2.4317400e-001 -2.4322900e-001 -2.4322200e-001 -2.4320300e-001 -2.4319100e-001 -2.4321700e-001 -2.4314800e-001
 -9.3333333e-002 -2.4320800e-001 -2.4324700e-001 -2.4319000e-001 -2.4316200e-001 -2.4320100e-001 -2.4321900e-001 -2.4317200e-001
 -8.6666667e-002 -2.4323000e-001 -2.4320200e-001 -2.4316100e-001 -2.4315900e-001 -2.4319300e-001 -2.4319600e-001 -2.4318600e-001
 -8.0000000e-002 -2.4324400e-001 -2.4321700e-001 -2.4318600e-001 -2.4316100e-001 -2.4319000e-001 -2.4321100e-001 -2.4322300e-001
 -7.3333333e-002 -2.4321900e-001 -2.4321000e-001 -2.4319200e-001 -2.4317700e-001 -2.4320200e-001 -2.4323600e-001 -2.4320700e-001
 -6.6666667e-002 -2.4320300e-001 -2.4323400e-001 -2.4322400e-001 -2.4315300e-001 -2.4322300e-001 -2.4324600e-001 -2.4319500e-001
 -6.0000000e-002 -2.4320700e-001 -2.4318700e-001 -2.4325200e-001 -2.4315900e-001 -2.4320200e-001 -2.4319700e-001 -2.4319700e-001
 -5.3333333e-002 -2.4324500e-001 -2.4318500e-001 -2.4327100e-001 -2.4318300e-001 -2.4318800e-001 -2.4317700e-001 -2.4318700e-001
 -4.6666667e-002 -2.4318800e-001 -2.4320100e-001 -2.4325300e-001 -2.4318500e-001 -2.4319900e-001 -2.4317300e-001 -2.4317300e-001
 -4.0000000e-002 -2.4323500e-001 -2.4321200e-001 -2.4324000e-001 -2.4315600e-001 -2.4320900e-001 -2.4316800e-001 -2.4320300e-001
 -3.3333333e-002 -2.4322700e-001 -2.4323900e-001 -2.4323400e-001 -2.4313200e-001 -2.4318700e-001 -2.4321500e-001 -2.4319800e-001
 -2.6666667e-002 -2.4320000e-001 -2.4327000e-001 -2.4325800e-001 -2.4319100e-001 -2.4320300e-001 -2.4324700e-001 -2.4323600e-001
 -2.0000000e-002 -2.4324900e-001 -2.4335300e-001 -2.4332000e-001 -2.4326500e-001 -2.4325300e-001 -2.4329500e-001 -2.4323700e-001
 -1.3333333e-002 -2.4325800e-001 -2.4348000e-001 -2.4338300e-001 -2.4329100e-001 -2.4332400e-001 -2.4345300e-001 -2.4330200e-001
 -6.6666667e-003 -2.4327900e-001 -2.4362000e-001 -2.4351300e-001 -2.4344900e-001 -2.4339600e-001 -2.4359100e-001 -2.4338400e-001
  0.0000000e+000 -2.4345800e-001 -2.4385600e-001 -2.4369300e-001 -2.4366100e-001 -2.4358300e-001 -2.4380100e-001 -2.4353900e-001
  6.6666667e-003 -2.4359700e-001 -2.4423500e-001 -2.4386600e-001 -2.4396700e-001 -2.4380500e-001 -2.4410000e-001 -2.4378100e-001
  1.3333333e-002 -2.4376900e-001 -2.4457000e-001 -2.4423300e-001 -2.4431200e-001 -2.4410600e-001 -2.4447800e-001 -2.4406600e-001
  2.0000000e-002 -2.4410000e-001 -2.4495800e-001 -2.4459100e-001 -2.4466900e-001 -2.4445800e-001 -2.4483400e-001 -2.4442500e-001
  2.6666667e-002 -2.4443100e-001 -2.4536200e-001 -2.4500500e-001 -2.4506800e-001 -2.4486000e-001 -2.4528900e-001 -2.4479100e-001
  3.3333333e-002 -2.4476800e-001 -2.4576200e-001 -2.4546800e-001 -2.4550500e-001 -2.4528300e-001 -2.4572200e-001 -2.4524800e-001
  4.0000000e-002 -2.4523900e-001 -2.4622900e-001 -2.4592400e-001 -2.4591300e-001 -2.4570000e-001 -2.4617600e-001 -2.4570800e-001
  4.6666667e-002 -2.4572700e-001 -2.4669100e-001 -2.4638300e-001 -2.4633800e-001 -2.4614400e-001 -2.4660500e-001 -2.4614900e-001
  5.3333333e-002 -2.4613500e-001 -2.4711700e-001 -2.4685800e-001 -2.4679300e-001 -2.4659000e-001 -2.4713600e-001 -2.4663700e-001
  6.0000000e-002 -2.4662800e-001 -2.4757900e-001 -2.4736000e-001 -2.4726500e-001 -2.4702500e-001 -2.4763800e-001 -2.4705200e-001
  6.6666667e-002 -2.4707400e-001 -2.4816100e-001 -2.4785100e-001 -2.4779600e-001 -2.4753600e-001 -2.4815600e-001 -2.4754200e-001
  7.3333333e-002 -2.4756500e-001 -2.4882900e-001 -2.4844500e-001 -2.4837600e-001 -2.4812400e-001 -2.4879500e-001 -2.4811500e-001
  8.0000000e-002 -2.4812600e-001 -2.4952000e-001 -2.4904600e-001 -2.4905200e-001 -2.4875800e-001 -2.4947200e-001 -2.4874200e-001
  8.6666667e-002 -2.4872200e-001 -2.5030700e-001 -2.4974800e-001 -2.4978700e-001 -2.4945800e-001 -2.5020000e-001 -2.4946300e-001
  9.3333333e-002 -2.4942000e-001 -2.5113300e-001 -2.5057000e-001 -2.5056000e-001 -2.5023900e-001 -2.5096300e-001 -2.5014100e-001
  1.0000000e-001 -2.5017500e-001 -2.5190800e-001 -2.5134600e-001 -2.5137500e-001 -2.5104200e-001 -2.5180700e-001 -2.5093500e-001
  1.0666667e-001 -2.5093500e-001 -2.5270900e-001 -2.5214500e-001 -2.5224600e-001 -2.5186900e-001 -2.5269100e-001 -2.5178200e-001
  1.1333333e-001 -2.5177800e-001 -2.5353500e-001 -2.5301600e-001 -2.5306700e-001 -2.5264600e-001 -2.5347900e-001 -2.5261300e-001
  1.2000000e-001 -2.5262100e-001 -2.5433300e-001 -2.5379800e-001 -2.5384100e-001 -2.5343700e-001 -2.5430500e-001 -2.5345200e-001
  1.2666667e-001 -2.5341500e-001 -2.5517900e-001 -2.5465300e-001 -2.5467000e-001 -2.5425400e-001 -2.5517900e-001 -2.5425400e-001
  1.3333333e-001 -2.5425100e-001 -2.5606200e-001 -2.5547600e-001 -2.5552600e-001 -2.5508700e-001 -2.5601700e-001 -2.5505200e-001
  1.4000000e-001 -2.5510100e-001 -2.5698900e-001 -2.5639100e-001 -2.5641800e-001 -2.5595600e-001 -2.5695300e-001 -2.5591600e-001
  1.4666667e-001 -2.5595900e-001 -2.5799600e-001 -2.5733400e-001 -2.5736200e-001 -2.5687600e-001 -2.5794700e-001 -2.5683600e-001
  1.5333333e-001 -2.5684900e-001 -2.5901300e-001 -2.5832300e-001 -2.5835700e-001 -2.5788600e-001 -2.5892700e-001 -2.5779500e-001
  1.6000000e-001 -2.5784000e-001 -2.6009200e-001 -2.5933100e-001 -2.5943400e-001 -2.5894700e-001 -2.5996900e-001 -2.5876400e-001
  1.6666667e-001 -2.5883400e-001 -2.6124600e-001 -2.6046600e-001 -2.6052700e-001 -2.6001800e-001 -2.6104700e-001 -2.5973000e-001
  1.7333333e-001 -2.5994900e-001 -2.6237600e-001 -2.6151200e-001 -2.6170200e-001 -2.6119300e-001 -2.6212900e-001 -2.6082500e-001
  1.8000000e-001 -2.6100800e-001 -2.6352900e-001 -2.6268600e-001 -2.6285100e-001 -2.6237200e-001 -2.6328900e-001 -2.6196200e-001
  1.8666667e-001 -2.6209800e-001 -2.6477300e-001 -2.6385900e-001 -2.6413300e-001 -2.6358000e-001 -2.6447800e-001 -2.6317400e-001
  1.9333333e-001 -2.6322600e-001 -2.6603200e-001 -2.6506500e-001 -2.6547200e-001 -2.6479100e-001 -2.6567100e-001 -2.6442000e-001
  2.0000000e-001 -2.6440600e-001 -2.6735100e-001 -2.6631600e-001 -2.6680500e-001 -2.6609600e-001 -2.6698300e-001 -2.6576400e-001
  2.0666667e-001 -2.6559500e-001 -2.6869900e-001 -2.6758000e-001 -2.6813700e-001 -2.6742300e-001 -2.6825200e-001 -2.6717300e-001
  2.1333333e-001 -2.6683000e-001 -2.7015600e-001 -2.6889400e-001 -2.6949500e-001 -2.6876400e-001 -2.6964600e-001 -2.6867100e-001
  2.2000000e-001 -2.6807400e-001 -2.7170300e-001 -2.7032200e-001 -2.7092000e-001 -2.7019200e-001 -2.7111300e-001 -2.7023300e-001
  2.2666667e-001 -2.6945200e-001 -2.7332900e-001 -2.7186500e-001 -2.7233800e-001 -2.7165900e-001 -2.7260200e-001 -2.7181600e-001
  2.3333333e-001 -2.7094600e-001 -2.7493600e-001 -2.7343500e-001 -2.7378300e-001 -2.7312200e-001 -2.7420900e-001 -2.7327400e-001
  2.4000000e-001 -2.7260900e-001 -2.7653800e-001 -2.7514100e-001 -2.7519300e-001 -2.7463800e-001 -2.7588800e-001 -2.7469500e-001
  2.4666667e-001 -2.7433500e-001 -2.7804100e-001 -2.7685000e-001 -2.7671100e-001 -2.7613300e-001 -2.7754300e-001 -2.7602800e-001
  2.5333333e-001 -2.7608400e-001 -2.7953900e-001 -2.7851100e-001 -2.7829500e-001 -2.7757900e-001 -2.7928700e-001 -2.7730600e-001
  2.6000000e-001 -2.7796100e-001 -2.8108900e-001 -2.8013300e-001 -2.7986900e-001 -2.7912300e-001 -2.8102400e-001 -2.7865500e-001
  2.6666667e-001 -2.7966600e-001 -2.8257100e-001 -2.8169400e-001 -2.8151800e-001 -2.8063400e-001 -2.8271800e-001 -2.7998700e-001
  2.7333333e-001 -2.8130300e-001 -2.8406800e-001 -2.8319800e-001 -2.8321700e-001 -2.8221400e-001 -2.8427200e-001 -2.8145000e-001
  2.8000000e-001 -2.8279200e-001 -2.8562600e-001 -2.8463700e-001 -2.8487700e-001 -2.8391600e-001 -2.8583000e-001 -2.8286700e-001
  2.8666667e-001 -2.8420200e-001 -2.8726300e-001 -2.8619700e-001 -2.8661200e-001 -2.8566900e-001 -2.8745000e-001 -2.8432600e-001
  2.9333333e-001 -2.8556800e-001 -2.8902700e-001 -2.8772000e-001 -2.8834200e-001 -2.8749000e-001 -2.8907100e-001 -2.8569700e-001
  3.0000000e-001 -2.8703100e-001 -2.9072600e-001 -2.8928000e-001 -2.9002900e-001 -2.8924500e-001 -2.9069300e-001 -2.8716900e-001
  3.0666667e-001 -2.8853800e-001 -2.9256200e-001 -2.9093800e-001 -2.9172000e-001 -2.9103600e-001 -2.9244100e-001 -2.8864000e-001
  3.1333333e-001 -2.9009600e-001 -2.9435500e-001 -2.9261200e-001 -2.9341700e-001 -2.9279300e-001 -2.9412900e-001 -2.9006000e-001
  3.2000000e-001 -2.9169000e-001 -2.9606900e-001 -2.9429600e-001 -2.9503500e-001 -2.9439400e-001 -2.9583800e-001 -2.9153200e-001
  3.2666667e-001 -2.9343700e-001 -2.9779100e-001 -2.9602200e-001 -2.9661700e-001 -2.9598100e-001 -2.9759400e-001 -2.9299800e-001
  3.3333333e-001 -2.9521400e-001 -2.9940000e-001 -2.9779600e-001 -2.9813800e-001 -2.9758000e-001 -2.9917400e-001 -2.9453500e-001
  3.4000000e-001 -2.9698500e-001 -3.0098800e-001 -2.9958800e-001 -2.9973800e-001 -2.9903900e-001 -3.0081000e-001 -2.9602000e-001
  3.4666667e-001 -2.9884000e-001 -3.0253900e-001 -3.0141200e-001 -3.0141900e-001 -3.0065600e-001 -3.0244100e-001 -2.9756500e-001
  3.5333333e-001 -3.0074400e-001 -3.0419800e-001 -3.0328500e-001 -3.0309900e-001 -3.0224400e-001 -3.0406700e-001 -2.9910100e-001
  3.6000000e-001 -3.0260500e-001 -3.0573100e-001 -3.0503000e-001 -3.0477100e-001 -3.0396200e-001 -3.0567600e-001 -3.0068300e-001
  3.6666667e-001 -3.0444600e-001 -3.0734300e-001 -3.0669500e-001 -3.0646000e-001 -3.0572500e-001 -3.0737500e-001 -3.0228700e-001
  3.7333333e-001 -3.0609900e-001 -3.0899100e-001 -3.0825900e-001 -3.0814800e-001 -3.0742000e-001 -3.0909000e-001 -3.0398600e-001
  3.8000000e-001 -3.0765200e-001 -3.1063500e-001 -3.0975900e-001 -3.0988600e-001 -3.0902000e-001 -3.1085600e-001 -3.0565100e-001
  3.8666667e-001 -3.0906300e-001 -3.1216800e-001 -3.1130300e-001 -3.1160000e-001 -3.1047900e-001 -3.1260900e-001 -3.0737500e-001
  3.9333333e-001 -3.1035600e-001 -3.1371700e-001 -3.1282300e-001 -3.1329800e-001 -3.1198600e-001 -3.1433000e-001 -3.0912900e-001
  4.0000000e-001 -3.1173800e-001 -3.1523700e-001 -3.1442400e-001 -3.1497600e-001 -3.1358900e-001 -3.1598200e-001 -3.1093200e-001
  4.0666667e-001 -3.1305700e-001 -3.1681400e-001 -3.1604900e-001 -3.1658900e-001 -3.1513700e-001 -3.1761700e-001 -3.1281500e-001
  4.1333333e-001 -3.1448500e-001 -3.1847300e-001 -3.1773700e-001 -3.1821100e-001 -3.1689500e-001 -3.1920300e-001 -3.1467400e-001
  4.2000000e-001 -3.1598100e-001 -3.2006400e-001 -3.1941500e-001 -3.1986300e-001 -3.1870200e-001 -3.2080900e-001 -3.1660100e-001
  4.2666667e-001 -3.1755800e-001 -3.2169500e-001 -3.2113800e-001 -3.2149700e-001 -3.2063200e-001 -3.2243000e-001 -3.1849500e-001
  4.3333333e-001 -3.1922400e-001 -3.2332900e-001 -3.2291700e-001 -3.2313400e-001 -3.2257600e-001 -3.2404400e-001 -3.2045300e-001
  4.4000000e-001 -3.2101600e-001 -3.2500700e-001 -3.2468100e-001 -3.2479900e-001 -3.2450900e-001 -3.2567600e-001 -3.2249100e-001
  4.4666667e-001 -3.2282900e-001 -3.2667400e-001 -3.2646400e-001 -3.2650900e-001 -3.2628900e-001 -3.2735100e-001 -3.2456700e-001
  4.5333333e-001 -3.2473900e-001 -3.2833400e-001 -3.2814100e-001 -3.2811500e-001 -3.2797800e-001 -3.2901000e-001 -3.2662700e-001
  4.6000000e-001 -3.2669900e-001 -3.3000700e-001 -3.2975800e-001 -3.2979300e-001 -3.2951400e-001 -3.3072600e-001 -3.2871300e-001
  4.6666667e-001 -3.2873000e-001 -3.3174400e-001 -3.3139200e-001 -3.3150300e-001 -3.3102900e-001 -3.3245700e-001 -3.3080100e-001
  4.7333333e-001 -3.3081800e-001 -3.3353700e-001 -3.3296100e-001 -3.3318700e-001 -3.3234300e-001 -3.3422700e-001 -3.3289000e-001
  4.8000000e-001 -3.3281500e-001 -3.3532500e-001 -3.3454200e-001 -3.3489500e-001 -3.3372900e-001 -3.3594900e-001 -3.3475800e-001
  4.8666667e-001 -3.3463100e-001 -3.3717200e-001 -3.3617300e-001 -3.3658800e-001 -3.3510200e-001 -3.3764100e-001 -3.3661000e-001
  4.9333333e-001 -3.3637000e-001 -3.3899400e-001 -3.3785700e-001 -3.3828400e-001 -3.3646500e-001 -3.3929700e-001 -3.3822600e-001
  5.0000000e-001 -3.3795800e-001 -3.4088900e-001 -3.3954700e-001 -3.3995700e-001 -3.3791400e-001 -3.4092800e-001 -3.3976800e-001
  5.0666667e-001 -3.3938000e-001 -3.4277300e-001 -3.4129700e-001 -3.4162800e-001 -3.3942600e-001 -3.4250700e-001 -3.4113000e-001
  5.1333333e-001 -3.4076500e-001 -3.4455800e-001 -3.4301000e-001 -3.4321900e-001 -3.4098100e-001 -3.4412600e-001 -3.4242200e-001
  5.2000000e-001 -3.4210400e-001 -3.4627100e-001 -3.4472800e-001 -3.4486400e-001 -3.4255000e-001 -3.4582500e-001 -3.4372700e-001
  5.2666667e-001 -3.4346900e-001 -3.4782000e-001 -3.4643200e-001 -3.4657500e-001 -3.4418300e-001 -3.4746300e-001 -3.4507300e-001
  5.3333333e-001 -3.4488100e-001 -3.4920500e-001 -3.4813400e-001 -3.4828700e-001 -3.4590500e-001 -3.4915100e-001 -3.4641000e-001
  5.4000000e-001 -3.4631300e-001 -3.5070800e-001 -3.4977900e-001 -3.4999000e-001 -3.4756000e-001 -3.5092000e-001 -3.4787200e-001
  5.4666667e-001 -3.4771400e-001 -3.5223900e-001 -3.5142000e-001 -3.5163400e-001 -3.4931600e-001 -3.5258500e-001 -3.4931100e-001
  5.5333333e-001 -3.4921000e-001 -3.5383300e-001 -3.5305200e-001 -3.5337200e-001 -3.5112300e-001 -3.5435500e-001 -3.5078600e-001
  5.6000000e-001 -3.5073100e-001 -3.5540200e-001 -3.5470100e-001 -3.5516900e-001 -3.5296500e-001 -3.5611000e-001 -3.5232100e-001
  5.6666667e-001 -3.5219000e-001 -3.5708500e-001 -3.5635500e-001 -3.5683100e-001 -3.5488500e-001 -3.5773500e-001 -3.5390200e-001
  5.7333333e-001 -3.5364700e-001 -3.5865200e-001 -3.5808700e-001 -3.5848900e-001 -3.5673000e-001 -3.5937800e-001 -3.5552200e-001
  5.8000000e-001 -3.5514100e-001 -3.6029600e-001 -3.5975500e-001 -3.6011000e-001 -3.5859500e-001 -3.6103100e-001 -3.5719600e-001
  5.8666667e-001 -3.5668100e-001 -3.6203900e-001 -3.6139500e-001 -3.6172600e-001 -3.6052700e-001 -3.6269200e-001 -3.5890500e-001
  5.9333333e-001 -3.5818100e-001 -3.6379300e-001 -3.6309600e-001 -3.6337300e-001 -3.6245800e-001 -3.6428900e-001 -3.6063100e-001
  6.0000000e-001 -3.5966900e-001 -3.6558100e-001 -3.6485100e-001 -3.6502700e-001 -3.6433500e-001 -3.6599100e-001 -3.6245700e-001
  6.0666667e-001 -3.6120900e-001 -3.6742400e-001 -3.6653500e-001 -3.6674800e-001 -3.6622700e-001 -3.6772900e-001 -3.6434500e-001
  6.1333333e-001 -3.6279000e-001 -3.6931400e-001 -3.6816900e-001 -3.6843000e-001 -3.6786100e-001 -3.6942800e-001 -3.6627800e-001
  6.2000000e-001 -3.6434200e-001 -3.7116600e-001 -3.6980300e-001 -3.7016700e-001 -3.6937100e-001 -3.7111100e-001 -3.6829500e-001
  6.2666667e-001 -3.6592000e-001 -3.7297900e-001 -3.7141100e-001 -3.7184500e-001 -3.7080800e-001 -3.7281000e-001 -3.7031300e-001
  6.3333333e-001 -3.6754600e-001 -3.7467100e-001 -3.7306900e-001 -3.7350700e-001 -3.7223700e-001 -3.7453800e-001 -3.7232500e-001
  6.4000000e-001 -3.6915000e-001 -3.7632100e-001 -3.7480000e-001 -3.7520800e-001 -3.7372200e-001 -3.7624700e-001 -3.7448700e-001
  6.4666667e-001 -3.7073200e-001 -3.7786100e-001 -3.7652700e-001 -3.7691000e-001 -3.7524000e-001 -3.7789900e-001 -3.7649300e-001
  6.5333333e-001 -3.7240200e-001 -3.7937300e-001 -3.7820500e-001 -3.7855300e-001 -3.7675800e-001 -3.7955400e-001 -3.7834900e-001
  6.6000000e-001 -3.7412300e-001 -3.8088000e-001 -3.7991600e-001 -3.8019900e-001 -3.7831100e-001 -3.8119600e-001 -3.8009000e-001
  6.6666667e-001 -3.7587500e-001 -3.8244500e-001 -3.8168300e-001 -3.8183400e-001 -3.7984200e-001 -3.8285600e-001 -3.8168400e-001
  6.7333333e-001 -3.7763500e-001 -3.8405200e-001 -3.8334100e-001 -3.8346900e-001 -3.8143500e-001 -3.8446400e-001 -3.8322100e-001
  6.8000000e-001 -3.7939800e-001 -3.8576000e-001 -3.8501100e-001 -3.8515100e-001 -3.8306100e-001 -3.8617100e-001 -3.8457200e-001
  6.8666667e-001 -3.8125600e-001 -3.8750500e-001 -3.8674300e-001 -3.8691300e-001 -3.8471700e-001 -3.8787700e-001 -3.8593800e-001
  6.9333333e-001 -3.8304500e-001 -3.8929000e-001 -3.8837300e-001 -3.8864800e-001 -3.8639400e-001 -3.8956400e-001 -3.8728500e-001
  7.0000000e-001 -3.8497000e-001 -3.9108600e-001 -3.8999300e-001 -3.9027300e-001 -3.8810600e-001 -3.9121900e-001 -3.8876100e-001
  7.0666667e-001 -3.8686000e-001 -3.9283900e-001 -3.9159100e-001 -3.9193100e-001 -3.8987600e-001 -3.9285200e-001 -3.9019700e-001
  7.1333333e-001 -3.8888200e-001 -3.9459400e-001 -3.9326900e-001 -3.9355600e-001 -3.9164500e-001 -3.9451500e-001 -3.9164100e-001
  7.2000000e-001 -3.9085800e-001 -3.9628000e-001 -3.9490900e-001 -3.9518600e-001 -3.9348500e-001 -3.9623200e-001 -3.9324100e-001
  7.2666667e-001 -3.9287700e-001 -3.9791100e-001 -3.9661700e-001 -3.9687600e-001 -3.9536900e-001 -3.9788500e-001 -3.9493900e-001
  7.3333333e-001 -3.9499400e-001 -3.9948700e-001 -3.9832600e-001 -3.9849500e-001 -3.9728600e-001 -3.9954800e-001 -3.9664800e-001
  7.4000000e-001 -3.9714000e-001 -4.0097500e-001 -4.0008700e-001 -4.0018200e-001 -3.9924400e-001 -4.0117400e-001 -3.9839300e-001
  7.4666667e-001 -3.9931100e-001 -4.0255200e-001 -4.0175700e-001 -4.0180100e-001 -4.0116300e-001 -4.0279700e-001 -4.0013500e-001
  7.5333333e-001 -4.0142300e-001 -4.0421700e-001 -4.0347400e-001 -4.0352900e-001 -4.0303500e-001 -4.0451700e-001 -4.0197500e-001
  7.6000000e-001 -4.0340400e-001 -4.0589000e-001 -4.0515000e-001 -4.0521400e-001 -4.0479400e-001 -4.0621800e-001 -4.0387800e-001
  7.6666667e-001 -4.0531900e-001 -4.0764900e-001 -4.0674400e-001 -4.0689100e-001 -4.0633500e-001 -4.0790200e-001 -4.0585400e-001
  7.7333333e-001 -4.0708600e-001 -4.0944000e-001 -4.0834400e-001 -4.0861900e-001 -4.0784900e-001 -4.0958700e-001 -4.0779800e-001
  7.8000000e-001 -4.0863300e-001 -4.1122300e-001 -4.0997300e-001 -4.1028700e-001 -4.0932900e-001 -4.1128900e-001 -4.0964900e-001
  7.8666667e-001 -4.1014700e-001 -4.1299200e-001 -4.1162300e-001 -4.1192900e-001 -4.1078000e-001 -4.1292900e-001 -4.1137600e-001
  7.9333333e-001 -4.1153300e-001 -4.1467400e-001 -4.1323800e-001 -4.1361100e-001 -4.1225300e-001 -4.1457300e-001 -4.1302800e-001
  8.0000000e-001 -4.1274800e-001 -4.1623900e-001 -4.1490200e-001 -4.1521400e-001 -4.1381500e-001 -4.1625300e-001 -4.1452300e-001
  8.0666667e-001 -4.1397300e-001 -4.1783100e-001 -4.1651600e-001 -4.1689500e-001 -4.1539900e-001 -4.1790300e-001 -4.1599900e-001
  8.1333333e-001 -4.1529400e-001 -4.1945500e-001 -4.1832900e-001 -4.1853200e-001 -4.1699900e-001 -4.1955200e-001 -4.1742700e-001
  8.2000000e-001 -4.1668000e-001 -4.2104800e-001 -4.2003600e-001 -4.2020900e-001 -4.1869000e-001 -4.2122700e-001 -4.1892600e-001
  8.2666667e-001 -4.1807300e-001 -4.2266900e-001 -4.2166300e-001 -4.2187800e-001 -4.2042700e-001 -4.2285800e-001 -4.2053600e-001
  8.3333333e-001 -4.1951100e-001 -4.2435200e-001 -4.2336600e-001 -4.2352900e-001 -4.2220700e-001 -4.2450000e-001 -4.2208100e-001
  8.4000000e-001 -4.2099400e-001 -4.2601300e-001 -4.2504400e-001 -4.2522500e-001 -4.2399500e-001 -4.2620100e-001 -4.2376100e-001
  8.4666667e-001 -4.2247700e-001 -4.2778400e-001 -4.2667000e-001 -4.2683800e-001 -4.2586700e-001 -4.2790900e-001 -4.2548000e-001
  8.5333333e-001 -4.2405700e-001 -4.2951000e-001 -4.2831100e-001 -4.2855000e-001 -4.2770300e-001 -4.2951300e-001 -4.2722600e-001
  8.6000000e-001 -4.2571100e-001 -4.3130200e-001 -4.2995000e-001 -4.3021900e-001 -4.2955600e-001 -4.3127900e-001 -4.2900000e-001
  8.6666667e-001 -4.2732600e-001 -4.3301400e-001 -4.3160600e-001 -4.3189400e-001 -4.3128500e-001 -4.3292300e-001 -4.3091800e-001
  8.7333333e-001 -4.2903700e-001 -4.3463100e-001 -4.3326400e-001 -4.3355700e-001 -4.3295700e-001 -4.3456500e-001 -4.3279300e-001
  8.8000000e-001 -4.3076800e-001 -4.3623200e-001 -4.3494500e-001 -4.3524800e-001 -4.3443300e-001 -4.3619100e-001 -4.3456600e-001
  8.8666667e-001 -4.3258200e-001 -4.3788200e-001 -4.3660600e-001 -4.3694100e-001 -4.3594800e-001 -4.3789600e-001 -4.3625300e-001
  8.9333333e-001 -4.3441700e-001 -4.3950700e-001 -4.3842300e-001 -4.3859100e-001 -4.3743500e-001 -4.3957800e-001 -4.3794000e-001
  9.0000000e-001 -4.3630700e-001 -4.4115100e-001 -4.4008600e-001 -4.4034400e-001 -4.3907900e-001 -4.4130800e-001 -4.3957200e-001
  9.0666667e-001 -4.3819600e-001 -4.4282900e-001 -4.4176400e-001 -4.4200700e-001 -4.4075500e-001 -4.4296500e-001 -4.4100800e-001
  9.1333333e-001 -4.4015200e-001 -4.4452800e-001 -4.4342600e-001 -4.4367100e-001 -4.4234500e-001 -4.4463300e-001 -4.4256500e-001
  9.2000000e-001 -4.4212400e-001 -4.4617900e-001 -4.4507900e-001 -4.4529900e-001 -4.4404800e-001 -4.4628800e-001 -4.4410500e-001
  9.2666667e-001 -4.4415400e-001 -4.4792600e-001 -4.4670100e-001 -4.4699500e-001 -4.4578800e-001 -4.4792800e-001 -4.4577200e-001
  9.3333333e-001 -4.4619100e-001 -4.4964700e-001 -4.4834600e-001 -4.4863500e-001 -4.4756700e-001 -4.4964000e-001 -4.4746900e-001
  9.4000000e-001 -4.4814200e-001 -4.5138200e-001 -4.5006000e-001 -4.5034500e-001 -4.4940900e-001 -4.5131800e-001 -4.4919600e-001
  9.4666667e-001 -4.5004000e-001 -4.5299100e-001 -4.5173000e-001 -4.5199100e-001 -4.5118400e-001 -4.5295500e-001 -4.5102500e-001
  9.5333333e-001 -4.5173300e-001 -4.5458100e-001 -4.5341000e-001 -4.5367800e-001 -4.5292500e-001 -4.5454700e-001 -4.5284900e-001
  9.6000000e-001 -4.5327000e-001 -4.5620600e-001 -4.5501500e-001 -4.5531500e-001 -4.5449300e-001 -4.5616600e-001 -4.5451900e-001
  9.6666667e-001 -4.5473000e-001 -4.5787300e-001 -4.5671700e-001 -4.5691600e-001 -4.5608400e-001 -4.5780500e-001 -4.5622000e-001
  9.7333333e-001 -4.5608600e-001 -4.5948300e-001 -4.5841100e-001 -4.5862700e-001 -4.5768800e-001 -4.5949300e-001 -4.5786300e-001
  9.8000000e-001 -4.5750600e-001 -4.6118800e-001 -4.6008700e-001 -4.6021900e-001 -4.5922200e-001 -4.6118800e-001 -4.5943300e-001
  9.8666667e-001 -4.5900000e-001 -4.6290900e-001 -4.6174700e-001 -4.6194300e-001 -4.6086700e-001 -4.6289900e-001 -4.6104300e-001
  9.9333333e-001 -4.6052300e-001 -4.6452900e-001 -4.6345900e-001 -4.6368000e-001 -4.6246000e-001 -4.6455500e-001 -4.6259000e-001
  1.0000000e+000 -4.6211200e-001 -4.6625800e-001 -4.6502000e-001 -4.6531000e-001 -4.6416600e-001 -4.6618700e-001 -4.6418300e-001
  1.0066667e+000 -4.6373700e-001 -4.6792500e-001 -4.6665100e-001 -4.6694700e-001 -4.6591400e-001 -4.6783500e-001 -4.6588300e-001
  1.0133333e+000 -4.6547100e-001 -4.6966300e-001 -4.6835200e-001 -4.6861100e-001 -4.6766900e-001 -4.6949000e-001 -4.6758900e-001
  1.0200000e+000 -4.6724400e-001 -4.7129200e-001 -4.7000900e-001 -4.7028800e-001 -4.6943100e-001 -4.7120200e-001 -4.6939800e-001
  1.0266667e+000 -4.6908300e-001 -4.7295000e-001 -4.7172900e-001 -4.7195500e-001 -4.7120800e-001 -4.7280000e-001 -4.7116500e-001
  1.0333333e+000 -4.7097300e-001 -4.7461200e-001 -4.7335200e-001 -4.7364600e-001 -4.7288000e-001 -4.7455400e-001 -4.7282600e-001
  1.0400000e+000 -4.7289700e-001 -4.7619900e-001 -4.7503600e-001 -4.7534500e-001 -4.7453300e-001 -4.7623700e-001 -4.7453800e-001
  1.0466667e+000 -4.7467300e-001 -4.7787100e-001 -4.7667500e-001 -4.7699000e-001 -4.7612600e-001 -4.7789100e-001 -4.7614100e-001
  1.0533333e+000 -4.7643000e-001 -4.7954400e-001 -4.7837400e-001 -4.7857600e-001 -4.7770700e-001 -4.7948900e-001 -4.7772000e-001
  1.0600000e+000 -4.7812100e-001 -4.8123600e-001 -4.8008800e-001 -4.8027200e-001 -4.7924500e-001 -4.8120000e-001 -4.7928700e-001
  1.0666667e+000 -4.7962800e-001 -4.8293200e-001 -4.8176600e-001 -4.8199300e-001 -4.8086400e-001 -4.8285900e-001 -4.8093700e-001
  1.0733333e+000 -4.8122400e-001 -4.8459000e-001 -4.8348000e-001 -4.8367100e-001 -4.8255400e-001 -4.8451300e-001 -4.8257800e-001
  1.0800000e+000 -4.8267900e-001 -4.8627000e-001 -4.8516000e-001 -4.8529500e-001 -4.8432600e-001 -4.8620300e-001 -4.8426300e-001
  1.0866667e+000 -4.8414800e-001 -4.8799100e-001 -4.8675600e-001 -4.8695200e-001 -4.8604500e-001 -4.8786900e-001 -4.8601000e-001
  1.0933333e+000 -4.8574600e-001 -4.8959600e-001 -4.8838300e-001 -4.8858500e-001 -4.8777800e-001 -4.8952700e-001 -4.8768100e-001
  1.1000000e+000 -4.8741800e-001 -4.9129800e-001 -4.9006100e-001 -4.9021600e-001 -4.8945600e-001 -4.9122100e-001 -4.8939800e-001
  1.1066667e+000 -4.8910000e-001 -4.9302000e-001 -4.9173400e-001 -4.9197100e-001 -4.9116000e-001 -4.9290200e-001 -4.9109600e-001
  1.1133333e+000 -4.9084700e-001 -4.9463200e-001 -4.9346600e-001 -4.9361500e-001 -4.9290000e-001 -4.9456200e-001 -4.9281500e-001
  1.1200000e+000 -4.9276600e-001 -4.9623800e-001 -4.9515600e-001 -4.9528200e-001 -4.9455900e-001 -4.9617700e-001 -4.9454100e-001
  1.1266667e+000 -4.9458600e-001 -4.9789200e-001 -4.9681300e-001 -4.9697000e-001 -4.9610600e-001 -4.9785900e-001 -4.9611900e-001
  1.1333333e+000 -4.9635900e-001 -4.9951300e-001 -4.9849100e-001 -4.9861600e-001 -4.9767700e-001 -4.9955600e-001 -4.9769400e-001
  1.1400000e+000 -4.9811300e-001 -5.0122900e-001 -5.0014800e-001 -5.0033400e-001 -4.9929600e-001 -5.0120100e-001 -4.9927800e-001
  1.1466667e+000 -4.9969400e-001 -5.0298000e-001 -5.0180100e-001 -5.0198900e-001 -5.0096200e-001 -5.0284900e-001 -5.0096600e-001
  1.1533333e+000 -5.0133900e-001 -5.0467500e-001 -5.0348700e-001 -5.0368300e-001 -5.0271600e-001 -5.0456200e-001 -5.0268100e-001
  1.1600000e+000 -5.0285200e-001 -5.0634400e-001 -5.0519300e-001 -5.0534600e-001 -5.0453100e-001 -5.0624800e-001 -5.0439200e-001
  1.1666667e+000 -5.0442300e-001 -5.0801900e-001 -5.0685000e-001 -5.0700700e-001 -5.0625500e-001 -5.0789200e-001 -5.0615000e-001
  1.1733333e+000 -5.0599500e-001 -5.0973600e-001 -5.0850900e-001 -5.0868000e-001 -5.0794600e-001 -5.0958300e-001 -5.0784400e-001
  1.1800000e+000 -5.0761400e-001 -5.1133900e-001 -5.1020900e-001 -5.1038800e-001 -5.0955300e-001 -5.1124800e-001 -5.0946200e-001
  1.1866667e+000 -5.0924200e-001 -5.1300700e-001 -5.1192600e-001 -5.1208200e-001 -5.1124900e-001 -5.1293200e-001 -5.1114800e-001
  1.1933333e+000 -5.1103300e-001 -5.1467100e-001 -5.1362200e-001 -5.1373200e-001 -5.1289300e-001 -5.1462400e-001 -5.1277700e-001
  1.2000000e+000 -5.1287100e-001 -5.1636700e-001 -5.1531300e-001 -5.1541400e-001 -5.1447400e-001 -5.1628500e-001 -5.1444800e-001
  1.2066667e+000 -5.1456200e-001 -5.1802300e-001 -5.1695800e-001 -5.1700800e-001 -5.1611900e-001 -5.1788100e-001 -5.1608500e-001
  1.2133333e+000 -5.1636800e-001 -5.1970400e-001 -5.1861400e-001 -5.1873000e-001 -5.1781000e-001 -5.1959200e-001 -5.1774600e-001
  1.2200000e+000 -5.1807000e-001 -5.2141200e-001 -5.2030200e-001 -5.2043300e-001 -5.1945300e-001 -5.2132800e-001 -5.1941500e-001
  1.2266667e+000 -5.1968200e-001 -5.2308400e-001 -5.2198200e-001 -5.2205300e-001 -5.2111500e-001 -5.2299400e-001 -5.2104800e-001
  1.2333333e+000 -5.2121000e-001 -5.2473100e-001 -5.2362400e-001 -5.2376100e-001 -5.2283600e-001 -5.2460400e-001 -5.2278700e-001
  1.2400000e+000 -5.2280100e-001 -5.2640700e-001 -5.2528000e-001 -5.2541800e-001 -5.2457900e-001 -5.2630200e-001 -5.2453600e-001
  1.2466667e+000 -5.2445300e-001 -5.2802400e-001 -5.2688900e-001 -5.2712500e-001 -5.2627300e-001 -5.2794000e-001 -5.2616800e-001
  1.2533333e+000 -5.2613100e-001 -5.2964500e-001 -5.2856000e-001 -5.2876600e-001 -5.2800100e-001 -5.2962900e-001 -5.2786300e-001
  1.2600000e+000 -5.2781900e-001 -5.3131600e-001 -5.3024400e-001 -5.3038400e-001 -5.2962600e-001 -5.3129400e-001 -5.2951300e-001
  1.2666667e+000 -5.2956500e-001 -5.3300700e-001 -5.3191000e-001 -5.3203200e-001 -5.3126900e-001 -5.3298400e-001 -5.3118400e-001
  1.2733333e+000 -5.3128100e-001 -5.3470500e-001 -5.3366100e-001 -5.3374300e-001 -5.3291600e-001 -5.3469400e-001 -5.3284400e-001
  1.2800000e+000 -5.3306000e-001 -5.3639400e-001 -5.3532400e-001 -5.3535000e-001 -5.3448900e-001 -5.3629200e-001 -5.3447200e-001
  1.2866667e+000 -5.3472600e-001 -5.3807100e-001 -5.3696500e-001 -5.3707700e-001 -5.3620900e-001 -5.3798400e-001 -5.3617500e-001
  1.2933333e+000 -5.3647600e-001 -5.3974400e-001 -5.3864100e-001 -5.3878900e-001 -5.3789700e-001 -5.3967600e-001 -5.3779900e-001
  1.3000000e+000 -5.3806700e-001 -5.4140100e-001 -5.4017200e-001 -5.4046000e-001 -5.3963900e-001 -5.4130600e-001 -5.3953500e-001
  1.3066667e+000 -5.3962400e-001 -5.4316700e-001 -5.4181900e-001 -5.4212900e-001 -5.4127100e-001 -5.4297300e-001 -5.4116900e-001
  1.3133333e+000 -5.4119000e-001 -5.4482500e-001 -5.4335800e-001 -5.4383200e-001 -5.4295400e-001 -5.4469200e-001 -5.4284700e-001
  1.3200000e+000 -5.4286000e-001 -5.4649200e-001 -5.4489800e-001 -5.4550700e-001 -5.4468000e-001 -5.4642000e-001 -5.4456400e-001
  1.3266667e+000 -5.4454900e-001 -5.4813900e-001 -5.4655900e-001 -5.4713800e-001 -5.4642900e-001 -5.4805400e-001 -5.4631000e-001
  1.3333333e+000 -5.4632100e-001 -5.4979500e-001 -5.4816300e-001 -5.4877600e-001 -5.4811100e-001 -5.4972000e-001 -5.4797900e-001
  1.3400000e+000 -5.4801900e-001 -5.5144800e-001 -5.4978400e-001 -5.5048300e-001 -5.4974200e-001 -5.5133100e-001 -5.4960500e-001
  1.3466667e+000 -5.4967700e-001 -5.5303400e-001 -5.5144600e-001 -5.5215700e-001 -5.5130500e-001 -5.5301000e-001 -5.5120200e-001
  1.3533333e+000 -5.5139000e-001 -5.5474700e-001 -5.5307900e-001 -5.5381500e-001 -5.5298300e-001 -5.5476200e-001 -5.5286000e-001
  1.3600000e+000 -5.5312800e-001 -5.5643300e-001 -5.5461500e-001 -5.5546400e-001 -5.5463700e-001 -5.5643600e-001 -5.5453600e-001
  1.3666667e+000 -5.5477600e-001 -5.5809000e-001 -5.5621900e-001 -5.5716900e-001 -5.5634500e-001 -5.5816700e-001 -5.5623800e-001
  1.3733333e+000 -5.5642300e-001 -5.5976500e-001 -5.5786800e-001 -5.5886300e-001 -5.5796900e-001 -5.5976100e-001 -5.5790100e-001
  1.3800000e+000 -5.5807100e-001 -5.6139100e-001 -5.5961400e-001 -5.6044300e-001 -5.5973900e-001 -5.6143300e-001 -5.5958700e-001
  1.3866667e+000 -5.5974200e-001 -5.6306700e-001 -5.6131600e-001 -5.6210800e-001 -5.6143100e-001 -5.6308400e-001 -5.6124600e-001
  1.3933333e+000 -5.6130300e-001 -5.6469400e-001 -5.6304200e-001 -5.6386600e-001 -5.6307800e-001 -5.6476300e-001 -5.6289900e-001
  1.4000000e+000 -5.6296100e-001 -5.6643700e-001 -5.6491000e-001 -5.6551100e-001 -5.6472600e-001 -5.6652100e-001 -5.6459400e-001
  1.4066667e+000 -5.6456700e-001 -5.6808800e-001 -5.6674000e-001 -5.6717000e-001 -5.6641500e-001 -5.6817000e-001 -5.6623800e-001
  1.4133333e+000 -5.6627600e-001 -5.6973200e-001 -5.6858500e-001 -5.6884300e-001 -5.6803400e-001 -5.6985900e-001 -5.6794300e-001
  1.4200000e+000 -5.6799400e-001 -5.7138100e-001 -5.7043700e-001 -5.7048600e-001 -5.6980800e-001 -5.7148100e-001 -5.6966300e-001
  1.4266667e+000 -5.6976900e-001 -5.7311300e-001 -5.7213800e-001 -5.7216900e-001 -5.7142900e-001 -5.7313100e-001 -5.7132800e-001
  1.4333333e+000 -5.7140500e-001 -5.7470800e-001 -5.7370300e-001 -5.7382000e-001 -5.7305200e-001 -5.7479700e-001 -5.7290200e-001
  1.4400000e+000 -5.7310500e-001 -5.7637700e-001 -5.7524700e-001 -5.7545400e-001 -5.7465800e-001 -5.7643600e-001 -5.7449500e-001
  1.4466667e+000 -5.7476800e-001 -5.7811400e-001 -5.7663600e-001 -5.7714100e-001 -5.7631200e-001 -5.7815700e-001 -5.7625600e-001
  1.4533333e+000 -5.7640100e-001 -5.7987800e-001 -5.7801100e-001 -5.7890400e-001 -5.7805000e-001 -5.7989800e-001 -5.7798800e-001
  1.4600000e+000 -5.7799000e-001 -5.8152700e-001 -5.7951100e-001 -5.8060600e-001 -5.7977100e-001 -5.8154700e-001 -5.7972100e-001
  1.4666667e+000 -5.7969400e-001 -5.8311400e-001 -5.8119000e-001 -5.8221100e-001 -5.8149500e-001 -5.8315500e-001 -5.8135500e-001
  1.4733333e+000 -5.8138000e-001 -5.8475100e-001 -5.8276600e-001 -5.8387300e-001 -5.8314900e-001 -5.8481000e-001 -5.8300500e-001
  1.4800000e+000 -5.8304700e-001 -5.8640700e-001 -5.8448500e-001 -5.8553000e-001 -5.8486600e-001 -5.8648400e-001 -5.8464100e-001
  1.4866667e+000 -5.8467700e-001 -5.8807800e-001 -5.8628300e-001 -5.8719000e-001 -5.8648000e-001 -5.8817700e-001 -5.8641900e-001
  1.4933333e+000 -5.8640800e-001 -5.8973100e-001 -5.8808500e-001 -5.8886700e-001 -5.8816600e-001 -5.8979500e-001 -5.8800700e-001
  1.5000000e+000 -5.8809700e-001 -5.9147500e-001 -5.9006400e-001 -5.9069300e-001 -5.8976400e-001 -5.9146400e-001 -5.8967700e-001
  1.5066667e+000 -5.8980700e-001 -5.9314600e-001 -5.9196300e-001 -5.9229300e-001 -5.9139800e-001 -5.9310500e-001 -5.9136700e-001
  1.5133333e+000 -5.9149700e-001 -5.9473300e-001 -5.9379000e-001 -5.9393500e-001 -5.9311800e-001 -5.9480100e-001 -5.9305100e-001
  1.5200000e+000 -5.9317300e-001 -5.9642100e-001 -5.9550400e-001 -5.9559700e-001 -5.9478200e-001 -5.9644600e-001 -5.9467200e-001
  1.5266667e+000 -5.9478700e-001 -5.9814200e-001 -5.9710500e-001 -5.9728400e-001 -5.9651700e-001 -5.9815400e-001 -5.9632200e-001
  1.5333333e+000 -5.9642100e-001 -5.9982100e-001 -5.9863500e-001 -5.9895200e-001 -5.9810500e-001 -5.9979900e-001 -5.9800000e-001
  1.5400000e+000 -5.9805000e-001 -6.0152800e-001 -6.0007700e-001 -6.0059400e-001 -5.9981800e-001 -6.0151800e-001 -5.9973600e-001
  1.5466667e+000 -5.9976800e-001 -6.0320300e-001 -6.0155500e-001 -6.0226600e-001 -6.0147900e-001 -6.0313400e-001 -6.0140200e-001
  1.5533333e+000 -6.0144600e-001 -6.0484800e-001 -6.0302300e-001 -6.0398600e-001 -6.0320200e-001 -6.0482700e-001 -6.0308000e-001
  1.5600000e+000 -6.0312700e-001 -6.0646500e-001 -6.0448800e-001 -6.0560200e-001 -6.0484400e-001 -6.0645100e-001 -6.0471400e-001
  1.5666667e+000 -6.0485100e-001 -6.0814100e-001 -6.0598400e-001 -6.0720700e-001 -6.0646400e-001 -6.0812700e-001 -6.0640900e-001
  1.5733333e+000 -6.0656700e-001 -6.0982000e-001 -6.0761100e-001 -6.0887500e-001 -6.0815300e-001 -6.0985400e-001 -6.0802300e-001
  1.5800000e+000 -6.0813300e-001 -6.1149700e-001 -6.0920800e-001 -6.1056500e-001 -6.0976800e-001 -6.1145600e-001 -6.0974300e-001
  1.5866667e+000 -6.0987300e-001 -6.1319400e-001 -6.1083700e-001 -6.1225500e-001 -6.1149700e-001 -6.1312800e-001 -6.1139900e-001
  1.5933333e+000 -6.1153400e-001 -6.1487500e-001 -6.1253300e-001 -6.1389500e-001 -6.1313400e-001 -6.1477600e-001 -6.1304800e-001
  1.6000000e+000 -6.1314300e-001 -6.1649700e-001 -6.1421100e-001 -6.1559100e-001 -6.1485000e-001 -6.1641300e-001 -6.1475600e-001
  1.6066667e+000 -6.1481700e-001 -6.1811100e-001 -6.1593600e-001 -6.1725500e-001 -6.1653400e-001 -6.1807900e-001 -6.1644600e-001
  1.6133333e+000 -6.1646400e-001 -6.1984600e-001 -6.1761000e-001 -6.1887800e-001 -6.1818400e-001 -6.1976200e-001 -6.1813200e-001
  1.6200000e+000 -6.1811300e-001 -6.2154800e-001 -6.1934000e-001 -6.2056300e-001 -6.1989100e-001 -6.2148500e-001 -6.1978000e-001
  1.6266667e+000 -6.1981600e-001 -6.2320800e-001 -6.2108200e-001 -6.2227200e-001 -6.2150700e-001 -6.2314500e-001 -6.2144200e-001
  1.6333333e+000 -6.2147600e-001 -6.2480800e-001 -6.2291900e-001 -6.2395000e-001 -6.2314100e-001 -6.2481400e-001 -6.2304600e-001
  1.6400000e+000 -6.2318300e-001 -6.2649100e-001 -6.2480700e-001 -6.2562000e-001 -6.2477500e-001 -6.2642600e-001 -6.2474800e-001
  1.6466667e+000 -6.2480200e-001 -6.2813800e-001 -6.2665900e-001 -6.2725600e-001 -6.2642200e-001 -6.2808500e-001 -6.2638300e-001
  1.6533333e+000 -6.2654000e-001 -6.2988900e-001 -6.2839800e-001 -6.2888800e-001 -6.2802800e-001 -6.2980100e-001 -6.2805200e-001
  1.6600000e+000 -6.2819500e-001 -6.3152900e-001 -6.3009100e-001 -6.3054200e-001 -6.2972500e-001 -6.3144400e-001 -6.2975300e-001
  1.6666667e+000 -6.2983600e-001 -6.3319900e-001 -6.3178100e-001 -6.3222700e-001 -6.3137500e-001 -6.3314700e-001 -6.3142300e-001
  1.6733333e+000 -6.3150200e-001 -6.3486200e-001 -6.3340000e-001 -6.3392400e-001 -6.3310100e-001 -6.3480800e-001 -6.3304100e-001
  1.6800000e+000 -6.3320800e-001 -6.3650500e-001 -6.3493300e-001 -6.3560900e-001 -6.3488700e-001 -6.3649200e-001 -6.3474400e-001
  1.6866667e+000 -6.3480600e-001 -6.3818400e-001 -6.3643100e-001 -6.3725400e-001 -6.3654400e-001 -6.3812400e-001 -6.3646500e-001
  1.6933333e+000 -6.3641800e-001 -6.3982000e-001 -6.3804700e-001 -6.3895000e-001 -6.3819800e-001 -6.3977800e-001 -6.3800700e-001
  1.7000000e+000 -6.3808900e-001 -6.4141600e-001 -6.3970300e-001 -6.4062900e-001 -6.3982800e-001 -6.4142600e-001 -6.3964200e-001
  1.7066667e+000 -6.3976500e-001 -6.4318700e-001 -6.4135300e-001 -6.4227200e-001 -6.4151900e-001 -6.4311600e-001 -6.4133900e-001
  1.7133333e+000 -6.4139500e-001 -6.4495700e-001 -6.4305000e-001 -6.4397800e-001 -6.4303600e-001 -6.4483000e-001 -6.4304700e-001
  1.7200000e+000 -6.4310700e-001 -6.4653100e-001 -6.4484000e-001 -6.4559600e-001 -6.4468500e-001 -6.4652700e-001 -6.4470600e-001
  1.7266667e+000 -6.4483800e-001 -6.4817700e-001 -6.4661000e-001 -6.4723200e-001 -6.4637400e-001 -6.4817000e-001 -6.4632700e-001
  1.7333333e+000 -6.4645100e-001 -6.4979200e-001 -6.4835400e-001 -6.4895500e-001 -6.4806400e-001 -6.4982000e-001 -6.4794000e-001
  1.7400000e+000 -6.4809500e-001 -6.5145100e-001 -6.4998000e-001 -6.5054200e-001 -6.4970800e-001 -6.5149000e-001 -6.4960000e-001
  1.7466667e+000 -6.4975800e-001 -6.5318900e-001 -6.5169900e-001 -6.5223000e-001 -6.5137100e-001 -6.5318300e-001 -6.5130400e-001
  1.7533333e+000 -6.5138800e-001 -6.5492400e-001 -6.5326800e-001 -6.5390800e-001 -6.5310000e-001 -6.5485300e-001 -6.5297800e-001
  1.7600000e+000 -6.5312200e-001 -6.5662100e-001 -6.5492600e-001 -6.5559500e-001 -6.5480500e-001 -6.5657900e-001 -6.5470100e-001
  1.7666667e+000 -6.5480500e-001 -6.5826200e-001 -6.5648900e-001 -6.5728100e-001 -6.5649300e-001 -6.5815100e-001 -6.5634300e-001
  1.7733333e+000 -6.5653300e-001 -6.5983600e-001 -6.5811600e-001 -6.5895200e-001 -6.5807500e-001 -6.5978700e-001 -6.5805500e-001
  1.7800000e+000 -6.5813700e-001 -6.6151500e-001 -6.5965200e-001 -6.6061800e-001 -6.5976500e-001 -6.6151600e-001 -6.5972200e-001
  1.7866667e+000 -6.5976700e-001 -6.6321500e-001 -6.6139100e-001 -6.6230000e-001 -6.6138600e-001 -6.6314900e-001 -6.6130000e-001
  1.7933333e+000 -6.6147500e-001 -6.6488100e-001 -6.6313800e-001 -6.6397500e-001 -6.6307500e-001 -6.6490000e-001 -6.6296700e-001
  1.8000000e+000 -6.6312100e-001 -6.6666300e-001 -6.6473000e-001 -6.6569900e-001 -6.6479800e-001 -6.6656300e-001 -6.6474900e-001
  1.8066667e+000 -6.6490900e-001 -6.6830600e-001 -6.6649200e-001 -6.6734800e-001 -6.6636900e-001 -6.6831300e-001 -6.6642700e-001
  1.8133333e+000 -6.6659500e-001 -6.6987800e-001 -6.6832100e-001 -6.6900800e-001 -6.6803500e-001 -6.6994100e-001 -6.6807300e-001
  1.8200000e+000 -6.6826000e-001 -6.7160500e-001 -6.7000400e-001 -6.7062100e-001 -6.6974100e-001 -6.7153500e-001 -6.6969200e-001
  1.8266667e+000 -6.6985700e-001 -6.7320600e-001 -6.7168300e-001 -6.7226000e-001 -6.7145800e-001 -6.7329200e-001 -6.7140000e-001
  1.8333333e+000 -6.7138200e-001 -6.7495900e-001             NaN -6.7395800e-001 -6.7314400e-001 -6.7501900e-001 -6.7300900e-001
  1.8400000e+000 -6.7311800e-001 -6.7674200e-001             NaN -6.7568000e-001 -6.7485300e-001 -6.7680700e-001 -6.7477700e-001
  1.8466667e+000 -6.7481400e-001 -6.7843700e-001             NaN -6.7736900e-001 -6.7654500e-001 -6.7852000e-001 -6.7652900e-001
  1.8533333e+000 -6.7653800e-001 -6.8001400e-001 -6.7821800e-001 -6.7907000e-001 -6.7818500e-001 -6.8013100e-001 -6.7825800e-001
  1.8600000e+000 -6.7824600e-001 -6.8174500e-001 -6.8002100e-001 -6.8076800e-001 -6.7993400e-001 -6.8178700e-001 -6.7982500e-001
  1.8666667e+000 -6.8002400e-001 -6.8335000e-001 -6.8180300e-001 -6.8247900e-001 -6.8152200e-001 -6.8345700e-001 -6.8157600e-001
  1.8733333e+000 -6.8165200e-001 -6.8502800e-001 -6.8356300e-001 -6.8410800e-001 -6.8310100e-001 -6.8509700e-001 -6.8317900e-001
  1.8800000e+000 -6.8329400e-001 -6.8670300e-001 -6.8529200e-001 -6.8570100e-001 -6.8481600e-001 -6.8681700e-001 -6.8486100e-001
  1.8866667e+000 -6.8494600e-001 -6.8842300e-001 -6.8701300e-001 -6.8738800e-001 -6.8655600e-001 -6.8853700e-001 -6.8653100e-001
  1.8933333e+000 -6.8663900e-001 -6.9013800e-001 -6.8881600e-001 -6.8906400e-001 -6.8823900e-001 -6.9019000e-001 -6.8820800e-001
  1.9000000e+000 -6.8837700e-001 -6.9175500e-001 -6.9041800e-001 -6.9071300e-001 -6.8995100e-001 -6.9177100e-001 -6.8996300e-001
  1.9066667e+000 -6.9005200e-001 -6.9335600e-001             NaN -6.9244800e-001 -6.9162500e-001 -6.9344000e-001 -6.9163300e-001
  1.9133333e+000 -6.9165400e-001 -6.9501200e-001             NaN -6.9411700e-001 -6.9321200e-001 -6.9503800e-001 -6.9328000e-001
  1.9200000e+000 -6.9329000e-001 -6.9667500e-001             NaN -6.9577600e-001 -6.9487600e-001 -6.9672300e-001 -6.9489200e-001
  1.9266667e+000 -6.9488700e-001 -6.9842200e-001 -6.9595600e-001 -6.9747200e-001 -6.9661400e-001 -6.9849800e-001 -6.9645900e-001
  1.9333333e+000 -6.9663700e-001 -7.0015400e-001 -6.9836200e-001 -6.9914600e-001 -6.9825900e-001 -7.0011200e-001 -6.9820400e-001
  1.9400000e+000 -6.9840400e-001 -7.0180500e-001 -7.0008800e-001 -7.0083000e-001 -6.9991000e-001 -7.0171700e-001 -6.9994200e-001
  1.9466667e+000 -7.0005400e-001 -7.0343600e-001 -7.0187700e-001 -7.0249900e-001 -7.0151600e-001 -7.0340800e-001 -7.0158100e-001
  1.9533333e+000 -7.0171000e-001 -7.0501800e-001 -7.0360700e-001 -7.0414600e-001 -7.0319400e-001 -7.0503200e-001 -7.0319800e-001
  1.9600000e+000 -7.0335700e-001 -7.0667300e-001 -7.0531700e-001 -7.0574600e-001 -7.0485800e-001 -7.0673600e-001 -7.0482300e-001
  1.9666667e+000 -7.0499500e-001 -7.0844600e-001 -7.0698700e-001 -7.0746100e-001 -7.0652000e-001 -7.0840800e-001 -7.0650000e-001
  1.9733333e+000 -7.0663200e-001 -7.1008700e-001 -7.0872400e-001 -7.0916100e-001 -7.0821500e-001 -7.1004800e-001 -7.0815900e-001
  1.9800000e+000 -7.0828300e-001 -7.1184200e-001 -7.1035300e-001 -7.1080800e-001 -7.0990200e-001 -7.1176000e-001 -7.0982200e-001
  1.9866667e+000 -7.0998400e-001 -7.1341400e-001 -7.1196300e-001 -7.1241200e-001 -7.1157100e-001 -7.1337900e-001 -7.1145300e-001
  1.9933333e+000 -7.1164600e-001 -7.1504600e-001 -7.1360800e-001 -7.1401900e-001 -7.1321300e-001 -7.1491000e-001 -7.1310100e-001
  2.0000000e+000 -7.1323500e-001 -7.1664800e-001 -7.1514100e-001 -7.1568400e-001 -7.1486100e-001 -7.1661100e-001 -7.1477300e-001
