 -5.0000000e-001  1.4376500e+000  6.4577700e-001  3.7041450e+000  6.2162320e+000  2.1803490e+000  1.6194070e+000  3.5333140e+000
 -4.9333333e-001  1.4423730e+000  6.4610100e-001  3.6814450e+000  6.1937600e+000  2.1771140e+000  1.6213630e+000  3.5377420e+000
 -4.8666667e-001  1.4256800e+000  6.5348000e-001  3.6827830e+000  6.1743660e+000  2.1785790e+000  1.6436490e+000  3.5346320e+000
 -4.8000000e-001  1.4256550e+000  6.4638300e-001  3.6711000e+000  6.1678710e+000  2.1617040e+000  1.6177960e+000  3.5464790e+000
 -4.7333333e-001  1.4307750e+000  6.6151400e-001  3.6695060e+000  6.1840220e+000  2.1743890e+000  1.6272140e+000  3.5297150e+000
 -4.6666667e-001  1.4340780e+000  6.5295000e-001  3.6991550e+000  6.1809770e+000  2.1948690e+000  1.6203740e+000  3.5316140e+000
 -4.6000000e-001  1.4554450e+000  6.5676500e-001  3.6678550e+000  6.1831410e+000  2.1888590e+000  1.6107340e+000  3.5427440e+000
 -4.5333333e-001  1.4375650e+000  6.4678700e-001  3.6805360e+000  6.2040890e+000  2.1858380e+000  1.6148720e+000  3.5249180e+000
 -4.4666667e-001  1.4540470e+000  6.5272600e-001  3.6826300e+000  6.1886110e+000  2.1709530e+000  1.5988920e+000  3.5355260e+000
 -4.4000000e-001  1.4561520e+000  6.5729400e-001  3.6881220e+000  6.2113580e+000  2.1911210e+000  1.6073480e+000  3.5140830e+000
 -4.3333333e-001  1.4506130e+000  6.6157200e-001  3.6808390e+000  6.2235900e+000  2.2023670e+000  1.6170230e+000  3.5202670e+000
 -4.2666667e-001  1.4392290e+000  6.5098800e-001  3.7113690e+000  6.2185540e+000  2.1986260e+000  1.6124030e+000  3.5217020e+000
 -4.2000000e-001  1.4503660e+000  6.4938600e-001  3.6903300e+000  6.2329730e+000  2.2213860e+000  1.6296250e+000  3.5181360e+000
 -4.1333333e-001  1.4450680e+000  6.4532200e-001  3.6981980e+000  6.2605450e+000  2.2060040e+000  1.6298400e+000  3.5245870e+000
 -4.0666667e-001  1.4606180e+000  6.5068900e-001  3.7052020e+000  6.2750730e+000  2.2302700e+000  1.6210110e+000  3.5221670e+000
 -4.0000000e-001  1.4574580e+000  6.4845700e-001  3.7006250e+000  6.2815310e+000  2.2275060e+000  1.6281370e+000  3.5275770e+000
 -3.9333333e-001  1.4583150e+000  6.4922200e-001  3.7066400e+000  6.2756270e+000  2.2190130e+000  1.6209330e+000  3.5177260e+000
 -3.8666667e-001  1.4543540e+000  6.5028200e-001  3.6926500e+000  6.2699040e+000  2.2437730e+000  1.6256680e+000  3.5215800e+000
 -3.8000000e-001  1.4535870e+000  6.5453600e-001  3.6839400e+000  6.2891490e+000  2.2431610e+000  1.6306400e+000  3.5249490e+000
 -3.7333333e-001  1.4637220e+000  6.5749900e-001  3.6967480e+000  6.2933290e+000  2.2477980e+000  1.6413090e+000  3.5149000e+000
 -3.6666667e-001  1.4613400e+000  6.6287500e-001  3.6792640e+000  6.2985900e+000  2.2530130e+000  1.6412260e+000  3.5274830e+000
 -3.6000000e-001  1.4616830e+000  6.6494300e-001  3.6916640e+000  6.3094840e+000  2.2469150e+000  1.6434040e+000  3.5290430e+000
 -3.5333333e-001  1.4725810e+000  6.7251600e-001  3.7025330e+000  6.3047890e+000  2.2486810e+000  1.6456980e+000  3.5263700e+000
 -3.4666667e-001  1.4623430e+000  6.6688000e-001  3.6991110e+000  6.3150870e+000  2.2476670e+000  1.6373440e+000  3.5231190e+000
 -3.4000000e-001  1.4694250e+000  6.6910000e-001  3.6824350e+000  6.3151220e+000  2.2512560e+000  1.6645840e+000  3.5137860e+000
 -3.3333333e-001  1.4540260e+000  6.8602500e-001  3.6677910e+000  6.3189820e+000  2.2559650e+000  1.6478360e+000  3.5252780e+000
 -3.2666667e-001  1.4521630e+000  6.7547200e-001  3.6711080e+000  6.3205340e+000  2.2598600e+000  1.6565860e+000  3.5230060e+000
 -3.2000000e-001  1.4479750e+000  6.7423300e-001  3.6547810e+000  6.2951480e+000  2.2766880e+000  1.6361600e+000  3.5295450e+000
 -3.1333333e-001  1.4593630e+000  6.7369300e-001  3.6539230e+000  6.3284370e+000  2.2741660e+000  1.6633100e+000  3.5199330e+000
 -3.0666667e-001  1.4595000e+000  6.7625200e-001  3.6683450e+000  6.3220530e+000  2.2699580e+000  1.6560990e+000  3.5339320e+000
 -3.0000000e-001  1.4497320e+000  6.8356800e-001  3.6625650e+000  6.3228210e+000  2.2740140e+000  1.6514580e+000  3.5370300e+000
 -2.9333333e-001  1.4607420e+000  6.7892100e-001  3.6501620e+000  6.3208430e+000  2.2675430e+000  1.6505170e+000  3.5283030e+000
 -2.8666667e-001  1.4425240e+000  6.7561900e-001  3.6693790e+000  6.2996540e+000  2.2650970e+000  1.6656500e+000  3.5192530e+000
 -2.8000000e-001  1.4500840e+000  6.7908900e-001  3.6607140e+000  6.3013950e+000  2.2665550e+000  1.6478600e+000  3.5130380e+000
 -2.7333333e-001  1.4320330e+000  6.7116300e-001  3.6554480e+000  6.2868360e+000  2.2872010e+000  1.6697190e+000  3.5091120e+000
 -2.6666667e-001  1.4357420e+000  6.7121400e-001  3.6615330e+000  6.2725170e+000  2.2807990e+000  1.6666100e+000  3.5020290e+000
 -2.6000000e-001  1.4202390e+000  6.7471600e-001  3.6703920e+000  6.2861680e+000  2.2831150e+000  1.6623460e+000  3.5134100e+000
 -2.5333333e-001  1.4305810e+000  6.9291300e-001  3.6609520e+000  6.2677690e+000  2.2788060e+000  1.6875540e+000  3.5066390e+000
 -2.4666667e-001  1.4162670e+000  6.8347200e-001  3.6622920e+000  6.2667630e+000  2.2613520e+000  1.6662710e+000  3.4991920e+000
 -2.4000000e-001  1.4006130e+000  6.7428300e-001  3.6779040e+000  6.2635930e+000  2.2612250e+000  1.6518410e+000  3.4843750e+000
 -2.3333333e-001  1.3838630e+000  6.8325400e-001  3.6701720e+000  6.2638490e+000  2.2851300e+000  1.6647400e+000  3.4839060e+000
 -2.2666667e-001  1.3848070e+000  6.9773300e-001  3.6740310e+000  6.2660830e+000  2.2732280e+000  1.6606590e+000  3.4707060e+000
 -2.2000000e-001  1.3855630e+000  6.9397300e-001  3.6820350e+000  6.2571430e+000  2.2728060e+000  1.6387250e+000  3.4522370e+000
 -2.1333333e-001  1.3664730e+000  6.7714800e-001  3.6708330e+000  6.2698520e+000  2.2773820e+000  1.6274720e+000  3.4565890e+000
 -2.0666667e-001  1.3704960e+000  6.8741800e-001  3.6659240e+000  6.2687310e+000  2.2819440e+000  1.6318240e+000  3.4352640e+000
 -2.0000000e-001  1.3631650e+000  6.6528700e-001  3.6464180e+000  6.2594660e+000  2.2654050e+000  1.6319230e+000  3.4386080e+000
 -1.9333333e-001  1.3647040e+000  6.7705700e-001  3.6554130e+000  6.2641250e+000  2.2801390e+000  1.6226640e+000  3.4235540e+000
 -1.8666667e-001  1.3740880e+000  6.7932800e-001  3.6596830e+000  6.2656990e+000  2.2770530e+000  1.6201690e+000  3.4296230e+000
 -1.8000000e-001  1.3777690e+000  6.8787800e-001  3.6359500e+000  6.2826820e+000  2.2669120e+000  1.6144220e+000  3.4187520e+000
 -1.7333333e-001  1.3500940e+000  6.9665600e-001  3.6649560e+000  6.2681520e+000  2.2780330e+000  1.6024130e+000  3.4077680e+000
 -1.6666667e-001  1.3808330e+000  6.8132500e-001  3.6697950e+000  6.2760160e+000  2.2854410e+000  1.6131660e+000  3.4031790e+000
 -1.6000000e-001  1.3568230e+000  6.9947700e-001  3.6552830e+000  6.2819190e+000  2.2629710e+000  1.6077580e+000  3.3982640e+000
 -1.5333333e-001  1.3617620e+000  6.9455000e-001  3.6499800e+000  6.3010020e+000  2.2832490e+000  1.6144630e+000  3.3981380e+000
 -1.4666667e-001  1.3849100e+000  7.0447200e-001  3.6453280e+000  6.2897550e+000  2.2778190e+000  1.6101230e+000  3.3872440e+000
 -1.4000000e-001  1.4016090e+000  7.0215500e-001  3.6598440e+000  6.3074460e+000  2.2848940e+000  1.6061410e+000  3.3866140e+000
 -1.3333333e-001  1.3870530e+000  7.2033100e-001  3.6408170e+000  6.3029640e+000  2.2875590e+000  1.6028200e+000  3.3549850e+000
 -1.2666667e-001  1.3931060e+000  7.1750800e-001  3.6704360e+000  6.2954180e+000  2.2605580e+000  1.6124860e+000  3.3544420e+000
 -1.2000000e-001  1.3880220e+000  7.3508200e-001  3.6612010e+000  6.3037790e+000  2.2656850e+000  1.6180350e+000  3.3519640e+000
 -1.1333333e-001  1.3854860e+000  7.0694800e-001  3.6338840e+000  6.2984430e+000  2.2744430e+000  1.6048970e+000  3.3447720e+000
 -1.0666667e-001  1.4021720e+000  7.1471800e-001  3.6691020e+000  6.2835770e+000  2.2737930e+000  1.6107880e+000  3.3486480e+000
 -1.0000000e-001  1.3895790e+000  7.2430200e-001  3.6466100e+000  6.2731240e+000  2.2616890e+000  1.6204850e+000  3.3417270e+000
 -9.3333333e-002  1.4001570e+000  7.3360600e-001  3.6501370e+000  6.3086090e+000  2.2777500e+000  1.6260460e+000  3.3335590e+000
 -8.6666667e-002  1.4120750e+000  7.2511500e-001  3.6610660e+000  6.2870040e+000  2.2530540e+000  1.6451450e+000  3.3147740e+000
 -8.0000000e-002  1.4047600e+000  7.1366000e-001  3.6391610e+000  6.2839060e+000  2.2595750e+000  1.6518960e+000  3.3132960e+000
 -7.3333333e-002  1.4109300e+000  7.2342700e-001  3.6268220e+000  6.2590640e+000  2.2630950e+000  1.6615010e+000  3.3084840e+000
 -6.6666667e-002  1.4161980e+000  7.3447000e-001  3.6359000e+000  6.2542940e+000  2.2568790e+000  1.6611480e+000  3.2756310e+000
 -6.0000000e-002  1.4469070e+000  7.1861600e-001  3.6330910e+000  6.2764350e+000  2.2560940e+000  1.6468920e+000  3.2728440e+000
 -5.3333333e-002  1.4222760e+000  7.2238100e-001  3.6070070e+000  6.2726590e+000  2.2411240e+000  1.6467680e+000  3.2645260e+000
 -4.6666667e-002  1.4378700e+000  7.2207200e-001  3.6191610e+000  6.2583770e+000  2.2222610e+000  1.6586530e+000  3.2618040e+000
 -4.0000000e-002  1.4148700e+000  7.2419000e-001  3.6009130e+000  6.2692480e+000  2.2427450e+000  1.6645630e+000  3.2392930e+000
 -3.3333333e-002  1.4070350e+000  7.2962400e-001  3.6048960e+000  6.2703790e+000  2.2518720e+000  1.6561800e+000  3.2373710e+000
 -2.6666667e-002  1.4078280e+000  7.3574100e-001  3.5964880e+000  6.2605770e+000  2.2537120e+000  1.6619780e+000  3.1998180e+000
 -2.0000000e-002  1.4009030e+000  7.3249700e-001  3.5972790e+000  6.2687380e+000  2.2523860e+000  1.6538460e+000  3.1924680e+000
 -1.3333333e-002  1.3855820e+000  7.0289700e-001  3.6065010e+000  6.2755840e+000  2.2509780e+000  1.6605330e+000  3.1788360e+000
 -6.6666667e-003  1.3801350e+000  7.0551000e-001  3.5723390e+000  6.2567090e+000  2.2372250e+000  1.6462710e+000  3.1535920e+000
  0.0000000e+000  1.3802710e+000  6.6930000e-001  3.5726090e+000  6.2289430e+000  2.2150470e+000  1.6107950e+000  3.1165430e+000
  6.6666667e-003  1.3641970e+000  6.3758500e-001  3.5206850e+000  6.1909950e+000  2.1874230e+000  1.5626390e+000  3.0566540e+000
  1.3333333e-002  1.3364100e+000  6.0463700e-001  3.4895250e+000  6.1735290e+000  2.1544290e+000  1.5341820e+000  3.0062630e+000
  2.0000000e-002  1.3053430e+000  5.7458500e-001  3.4467000e+000  6.1240850e+000  2.0766590e+000  1.4760150e+000  2.9399980e+000
  2.6666667e-002  1.2652580e+000  5.3404000e-001  3.3987760e+000  6.0834470e+000  2.0165640e+000  1.4568020e+000  2.8681030e+000
  3.3333333e-002  1.2198530e+000  5.1657100e-001  3.3811580e+000  6.0204100e+000  1.9599530e+000  1.4282870e+000  2.7829790e+000
  4.0000000e-002  1.1903980e+000  5.2805400e-001  3.3258340e+000  6.0045110e+000  1.9105040e+000  1.4044870e+000  2.7181150e+000
  4.6666667e-002  1.1362810e+000  5.5162200e-001  3.2992450e+000  5.9901100e+000  1.8784240e+000  1.3851240e+000  2.6525220e+000
  5.3333333e-002  1.1028900e+000  5.5966100e-001  3.3101670e+000  6.0166310e+000  1.8461950e+000  1.3681710e+000  2.6436350e+000
  6.0000000e-002  1.1012580e+000  5.8842100e-001  3.3103830e+000  6.0099430e+000  1.8570270e+000  1.3606820e+000  2.6272500e+000
  6.6666667e-002  1.0870120e+000  5.7048600e-001  3.3132480e+000  6.0190990e+000  1.8494550e+000  1.3600360e+000  2.6377240e+000
  7.3333333e-002  1.1059130e+000  5.6842900e-001  3.3159770e+000  6.0043500e+000  1.8271110e+000  1.3443970e+000  2.6109190e+000
  8.0000000e-002  1.1294930e+000  5.6500300e-001  3.3258420e+000  5.9811090e+000  1.8104560e+000  1.3330700e+000  2.6133840e+000
  8.6666667e-002  1.1370670e+000  5.5564900e-001  3.3063040e+000  5.9452480e+000  1.7962320e+000  1.3151250e+000  2.5901920e+000
  9.3333333e-002  1.1203940e+000  5.3698900e-001  3.2671630e+000  5.9060880e+000  1.7504110e+000  1.2818090e+000  2.5793030e+000
  1.0000000e-001  1.0999440e+000  5.2719700e-001  3.2500220e+000  5.9006830e+000  1.7178740e+000  1.2411760e+000  2.5939880e+000
  1.0666667e-001  1.0827810e+000  5.4651900e-001  3.2391090e+000  5.9025870e+000  1.6700980e+000  1.2711520e+000  2.5960300e+000
  1.1333333e-001  1.0757570e+000  5.5909500e-001  3.2247200e+000  5.9079190e+000  1.6747090e+000  1.2970150e+000  2.6304720e+000
  1.2000000e-001  1.0672660e+000  5.9854300e-001  3.2149130e+000  5.9170110e+000  1.7316890e+000  1.3079190e+000  2.6552640e+000
  1.2666667e-001  1.0852020e+000  6.0935200e-001  3.2235570e+000  5.8826490e+000  1.7666270e+000  1.3656760e+000  2.6920970e+000
  1.3333333e-001  1.1090030e+000  6.1263700e-001  3.2494210e+000  5.8657470e+000  1.8145520e+000  1.4105750e+000  2.8055190e+000
  1.4000000e-001  1.1340630e+000  6.6676800e-001  3.2734020e+000  5.8980500e+000  1.8615910e+000  1.5358510e+000  3.0520480e+000
  1.4666667e-001  1.1694620e+000  7.8329400e-001  3.2531530e+000  5.9699730e+000  1.8869070e+000  1.7963070e+000  3.4687270e+000
  1.5333333e-001  1.2378240e+000  9.8858100e-001  3.2519990e+000  6.1140510e+000  1.9963140e+000  2.1061690e+000  4.1629250e+000
  1.6000000e-001  1.4505090e+000  1.3115410e+000  3.3006470e+000  6.2491970e+000  2.2153000e+000  2.4835590e+000  5.1026070e+000
  1.6666667e-001  1.7752420e+000  1.7727820e+000  3.4502520e+000  6.4420520e+000  2.6077640e+000  2.9873430e+000  6.2045070e+000
  1.7333333e-001  2.2643630e+000  2.3940180e+000  3.6827930e+000  6.7589110e+000  3.2070160e+000  3.6584480e+000  7.4588760e+000
  1.8000000e-001  2.9149330e+000  3.3142310e+000  4.0294740e+000  7.2413110e+000  4.0063230e+000  4.5027560e+000  8.7159450e+000
  1.8666667e-001  3.8781990e+000  4.5781370e+000  4.5457720e+000  7.9371210e+000  5.0492060e+000  5.4800090e+000  9.8991260e+000
  1.9333333e-001  5.1833250e+000  6.2251260e+000  5.3581940e+000  8.7940100e+000  6.3956630e+000  6.5279550e+000  1.0784094e+001
  2.0000000e-001  6.8661560e+000  8.1128380e+000  6.5667530e+000  9.6126500e+000  7.8639100e+000  7.5067120e+000  1.1443995e+001
  2.0666667e-001  8.8918880e+000  9.9238660e+000  8.1540580e+000  1.0426557e+001  9.3798800e+000  8.3449490e+000  1.1988442e+001
  2.1333333e-001  1.1118932e+001  1.1276261e+001  9.7043910e+000  1.1072911e+001  1.0787263e+001  9.0707230e+000  1.2431027e+001
  2.2000000e-001  1.3389563e+001  1.2166945e+001  1.0949561e+001  1.1642322e+001  1.1876824e+001  9.6531760e+000  1.2849573e+001
  2.2666667e-001  1.5132900e+001  1.2875340e+001  1.1888322e+001  1.2131890e+001  1.2739991e+001  1.0153401e+001  1.3363843e+001
  2.3333333e-001  1.5788124e+001  1.3552441e+001  1.2639893e+001  1.2609177e+001  1.3374573e+001  1.0612605e+001  1.3891568e+001
  2.4000000e-001  1.5885313e+001  1.4187855e+001  1.3281704e+001  1.3081653e+001  1.3871412e+001  1.1089266e+001  1.4334001e+001
  2.4666667e-001  1.5576397e+001  1.4722748e+001  1.3880381e+001  1.3478087e+001  1.4360041e+001  1.1499156e+001  1.4626051e+001
  2.5333333e-001  1.5364402e+001  1.5108153e+001  1.4425079e+001  1.3743141e+001  1.4814973e+001  1.1849645e+001  1.4683084e+001
  2.6000000e-001  1.5723660e+001  1.5269858e+001  1.4768922e+001  1.3820464e+001  1.5100356e+001  1.2087133e+001  1.4602985e+001
  2.6666667e-001  1.6335190e+001  1.5165228e+001  1.5027277e+001  1.3789182e+001  1.5188507e+001  1.2134542e+001  1.4436154e+001
  2.7333333e-001  1.6734589e+001  1.4883215e+001  1.5097325e+001  1.3612552e+001  1.5171824e+001  1.2160879e+001  1.4212005e+001
  2.8000000e-001  1.6840574e+001  1.4614786e+001  1.5072076e+001  1.3408481e+001  1.5252989e+001  1.2271581e+001  1.3936708e+001
  2.8666667e-001  1.6689102e+001  1.4306586e+001  1.5054233e+001  1.3153152e+001  1.6082748e+001  1.2471327e+001  1.3656905e+001
  2.9333333e-001  1.6500513e+001  1.3896203e+001  1.5081269e+001  1.2736222e+001  1.6805195e+001  1.2835533e+001  1.3526818e+001
  3.0000000e-001  1.6549301e+001  1.3237137e+001  1.5896021e+001  1.2254113e+001  1.7828876e+001  1.3300774e+001  1.3457644e+001
  3.0666667e-001  1.6890692e+001  1.2480312e+001  1.6229469e+001  1.1832310e+001  1.9215277e+001  1.3675643e+001  1.3422564e+001
  3.1333333e-001  1.7248611e+001  1.1705274e+001  1.6794533e+001  1.1399177e+001  2.0583158e+001  1.3920351e+001  1.3371141e+001
  3.2000000e-001  1.7424820e+001  1.0911679e+001  1.7311140e+001  1.0927573e+001  2.1433891e+001  1.4044536e+001  1.3287925e+001
  3.2666667e-001  1.7264696e+001  1.0143127e+001  1.7915518e+001  1.0475319e+001  2.2497614e+001  1.4071340e+001  1.3245064e+001
  3.3333333e-001  1.7082657e+001  9.4416020e+000  1.8559690e+001  1.0023940e+001  2.3310623e+001  1.4051362e+001  1.3342148e+001
  3.4000000e-001  1.6958763e+001  8.8383100e+000  1.8660830e+001  9.4992050e+000  2.3939381e+001  1.4111649e+001  1.3598618e+001
  3.4666667e-001  1.7074940e+001  8.6617790e+000  1.9217268e+001  9.0561430e+000  2.4475929e+001  1.4337258e+001  1.4023390e+001
  3.5333333e-001  1.7295010e+001  9.0881310e+000  1.9573174e+001  8.7473830e+000  2.5101191e+001  1.4650924e+001  1.4469428e+001
  3.6000000e-001  1.7548119e+001  9.9582390e+000  1.9584274e+001  8.5426150e+000  2.5824081e+001  1.5019939e+001  1.4859962e+001
  3.6666667e-001  1.7731316e+001  1.0710396e+001  1.9420597e+001  8.3928220e+000  2.6560993e+001  1.5309054e+001  1.5128299e+001
  3.7333333e-001  1.7964764e+001  1.0986802e+001  1.9217777e+001  8.2439180e+000  2.7254274e+001  1.5422440e+001  1.5349005e+001
  3.8000000e-001  1.8334192e+001  1.0959916e+001  1.9041977e+001  8.2045850e+000  2.7890459e+001  1.5318701e+001  1.5555347e+001
  3.8666667e-001  1.8800865e+001  1.0827814e+001  1.8844196e+001  8.1601150e+000  2.8360512e+001  1.5031960e+001  1.5809941e+001
  3.9333333e-001  1.9384069e+001  1.0390978e+001  1.8598972e+001  8.0848020e+000  2.8680426e+001  1.4738279e+001  1.6101021e+001
  4.0000000e-001  1.9951380e+001  8.7429730e+000  1.8412655e+001  7.9744640e+000  2.8971029e+001  1.4516428e+001  1.6478855e+001
  4.0666667e-001  2.0575945e+001  5.9868370e+000  1.8292242e+001  7.9569030e+000  2.9470367e+001  1.4417377e+001  1.6881771e+001
  4.1333333e-001  2.1369619e+001  4.5797940e+000  1.8192673e+001  7.9863830e+000  2.9887121e+001  1.4472033e+001  1.7252455e+001
  4.2000000e-001  2.2374105e+001  5.0513080e+000  1.8082010e+001  8.1281020e+000  3.0144600e+001  1.4691696e+001  1.7514469e+001
  4.2666667e-001  2.3330128e+001  7.2039340e+000  1.8026110e+001  8.3918550e+000  3.0080349e+001  1.4634777e+001  1.7722284e+001
  4.3333333e-001  2.4155172e+001  9.1327280e+000  1.8125437e+001  8.7711730e+000  2.9999264e+001  1.4379702e+001  1.7886620e+001
  4.4000000e-001  2.4743471e+001  1.0906826e+001  1.8355434e+001  9.1499330e+000  2.9735769e+001  1.4441848e+001  1.8058151e+001
  4.4666667e-001  2.4791807e+001  1.1100042e+001  1.8635715e+001  9.5308950e+000  2.9590183e+001  1.4460952e+001  1.8170292e+001
  4.5333333e-001  2.4125475e+001  1.0504526e+001  1.8911434e+001  9.9528050e+000  2.9107811e+001  1.4473886e+001  1.8281118e+001
  4.6000000e-001  2.3315966e+001  9.4636540e+000  1.9002956e+001  1.0348797e+001  2.8659260e+001  1.4546991e+001  1.8381536e+001
  4.6666667e-001  2.2869062e+001  8.7259280e+000  1.9102449e+001  1.0691312e+001  2.8387358e+001  1.4725309e+001  1.8482769e+001
  4.7333333e-001  2.2894459e+001  8.8540470e+000  1.9114616e+001  1.1072442e+001  2.8299433e+001  1.4909720e+001  1.8551186e+001
  4.8000000e-001  2.3147356e+001  9.7139310e+000  1.9145704e+001  1.1418109e+001  2.8249283e+001  1.5191844e+001  1.8536451e+001
  4.8666667e-001  2.3286037e+001  1.0931515e+001  1.9234976e+001  1.1720517e+001  2.8107851e+001  1.5360231e+001  1.8513239e+001
  4.9333333e-001  2.2929119e+001  1.2037264e+001  1.9476776e+001  1.2074887e+001  2.7525879e+001  1.5530538e+001  1.8516712e+001
  5.0000000e-001  2.2187798e+001  1.2598739e+001  1.9758543e+001  1.2393654e+001  2.6017799e+001  1.6023191e+001  1.8639677e+001
  5.0666667e-001  2.1617630e+001  1.2642512e+001  2.0033092e+001  1.2673679e+001  2.4239517e+001  1.6137360e+001  1.8718918e+001
  5.1333333e-001  2.1750690e+001  1.2547787e+001  2.0210829e+001  1.2994799e+001  2.3523493e+001  1.6325958e+001  1.8819607e+001
  5.2000000e-001  2.2421204e+001  1.2506201e+001  2.0483864e+001  1.3283216e+001  2.4137663e+001  1.6521576e+001  1.8860851e+001
  5.2666667e-001  2.2978018e+001  1.2681129e+001  2.0656887e+001  1.3589915e+001  2.4989243e+001  1.6738165e+001  1.8863768e+001
  5.3333333e-001  2.3153769e+001  1.2956610e+001  2.0881632e+001  1.3826479e+001  2.5501629e+001  1.6951048e+001  1.8880743e+001
  5.4000000e-001  2.3057314e+001  1.3353554e+001  2.1137295e+001  1.3947231e+001  2.5501339e+001  1.7135124e+001  1.8880333e+001
  5.4666667e-001  2.2960403e+001  1.3629759e+001  2.1497211e+001  1.4012027e+001  2.4836983e+001  1.7325253e+001  1.8879972e+001
  5.5333333e-001  2.3006720e+001  1.3817831e+001  2.1913153e+001  1.4059125e+001  2.4165247e+001  1.7452841e+001  1.8809994e+001
  5.6000000e-001  2.3155043e+001  1.3829803e+001  2.2310856e+001  1.4122802e+001  2.3869883e+001  1.7638792e+001  1.8716558e+001
  5.6666667e-001  2.3235754e+001  1.3892470e+001  2.2719944e+001  1.4200124e+001  2.3864151e+001  1.7760593e+001  1.8570526e+001
  5.7333333e-001  2.3149336e+001  1.4002113e+001  2.3089067e+001  1.4247919e+001  2.3918427e+001  1.7850073e+001  1.8504158e+001
  5.8000000e-001  2.2927309e+001  1.4220966e+001  2.3353342e+001  1.4335491e+001  2.3829969e+001  1.7944319e+001  1.8422209e+001
  5.8666667e-001  2.2735901e+001  1.4417819e+001  2.3566675e+001  1.4362881e+001  2.3558632e+001  1.8007046e+001  1.8333084e+001
  5.9333333e-001  2.2629211e+001  1.4513624e+001  2.3766027e+001  1.4435184e+001  2.3135906e+001  1.8012302e+001  1.8200603e+001
  6.0000000e-001  2.2662071e+001  1.4527805e+001  2.3956348e+001  1.4447337e+001  2.2514471e+001  1.8022694e+001  1.8067997e+001
  6.0666667e-001  2.2658394e+001  1.4529769e+001  2.4187794e+001  1.4473762e+001  2.1683039e+001  1.8002888e+001  1.7914730e+001
  6.1333333e-001  2.2670380e+001  1.4538280e+001  2.4475693e+001  1.4480268e+001  2.0697056e+001  1.7926739e+001  1.7732016e+001
  6.2000000e-001  2.2387350e+001  1.4567983e+001  2.4799665e+001  1.4457863e+001  1.9656141e+001  1.7818752e+001  1.7584253e+001
  6.2666667e-001  2.2241159e+001  1.4603488e+001  2.5183733e+001  1.4400996e+001  1.8639383e+001  1.7718565e+001  1.7424282e+001
  6.3333333e-001  2.1955835e+001  1.4584421e+001  2.5552042e+001  1.4321647e+001  1.7611197e+001  1.7595943e+001  1.7250137e+001
  6.4000000e-001  2.1805775e+001  1.4630034e+001  2.5898455e+001  1.4247149e+001  1.6603344e+001  1.7510233e+001  1.7041407e+001
  6.4666667e-001  2.1518255e+001  1.4642880e+001  2.6135586e+001  1.4162366e+001  1.5659230e+001  1.7425228e+001  1.6804966e+001
  6.5333333e-001  2.1225065e+001  1.4846641e+001  2.6249115e+001  1.4024905e+001  1.5401918e+001  1.7409672e+001  1.6534052e+001
  6.6000000e-001  2.0926399e+001  1.4915453e+001  2.6246155e+001  1.3923744e+001  1.6058926e+001  1.7386938e+001  1.6275354e+001
  6.6666667e-001  2.0806278e+001  1.4972881e+001  2.6171774e+001  1.3771625e+001  1.7202688e+001  1.7376682e+001  1.6075123e+001
  6.7333333e-001  2.0504292e+001  1.4924218e+001  2.6098284e+001  1.3683448e+001  1.8142595e+001  1.7381306e+001  1.5964389e+001
  6.8000000e-001  2.0315565e+001  1.4815519e+001  2.6017393e+001  1.3582261e+001  1.8250399e+001  1.7389154e+001  1.5928589e+001
  6.8666667e-001  1.9881842e+001  1.4665818e+001  2.5909746e+001  1.3526073e+001  1.7538025e+001  1.7380005e+001  1.5855104e+001
  6.9333333e-001  1.9452696e+001  1.4544975e+001  2.5866821e+001  1.3458403e+001  1.6355656e+001  1.7366606e+001  1.5757998e+001
  7.0000000e-001  1.8929792e+001  1.4375844e+001  2.5843733e+001  1.3375284e+001  1.5327368e+001  1.7345171e+001  1.5629375e+001
  7.0666667e-001  1.8444239e+001  1.4193271e+001  2.5835903e+001  1.3256858e+001  1.4958763e+001  1.7363924e+001  1.5538199e+001
  7.1333333e-001  1.8087847e+001  1.4062898e+001  2.5779984e+001  1.3206759e+001  1.5012344e+001  1.7412104e+001  1.5429763e+001
  7.2000000e-001  1.7851126e+001  1.3965732e+001  2.5723139e+001  1.3174024e+001  1.5097031e+001  1.7405979e+001  1.5269989e+001
  7.2666667e-001  1.7639128e+001  1.3883505e+001  2.5576353e+001  1.3235511e+001  1.4969099e+001  1.7386343e+001  1.5119780e+001
  7.3333333e-001  1.7423889e+001  1.3842752e+001  2.5338346e+001  1.3336232e+001  1.4481009e+001  1.7294392e+001  1.4987594e+001
  7.4000000e-001  1.7152477e+001  1.3859926e+001  2.5150049e+001  1.3458581e+001  1.3841293e+001  1.7149574e+001  1.4865073e+001
  7.4666667e-001  1.6911261e+001  1.3820086e+001  2.4982674e+001  1.3537683e+001  1.3319813e+001  1.6952467e+001  1.4709919e+001
  7.5333333e-001  1.6628159e+001  1.3765959e+001  2.4811972e+001  1.3582465e+001  1.3001422e+001  1.6764452e+001  1.4525292e+001
  7.6000000e-001  1.6381639e+001  1.3735487e+001  2.4551268e+001  1.3605709e+001  1.2832728e+001  1.6595640e+001  1.4336784e+001
  7.6666667e-001  1.6146021e+001  1.3636225e+001  2.4227655e+001  1.3630414e+001  1.2668398e+001  1.6453835e+001  1.4123777e+001
  7.7333333e-001  1.5928500e+001  1.3500116e+001  2.3930403e+001  1.3647874e+001  1.2486228e+001  1.6283281e+001  1.3955148e+001
  7.8000000e-001  1.5747145e+001  1.3417967e+001  2.3600271e+001  1.3712074e+001  1.2318920e+001  1.6083117e+001  1.3814131e+001
  7.8666667e-001  1.5583523e+001  1.3322194e+001  2.3226639e+001  1.3707574e+001  1.2243451e+001  1.5840202e+001  1.3673038e+001
  7.9333333e-001  1.5492382e+001  1.3234915e+001  2.2771006e+001  1.3701897e+001  1.2257022e+001  1.5629182e+001  1.3551418e+001
  8.0000000e-001  1.5422416e+001  1.3130054e+001  2.2274227e+001  1.3712670e+001  1.2307098e+001  1.5415774e+001  1.3505452e+001
  8.0666667e-001  1.5341285e+001  1.3058765e+001  2.1756477e+001  1.3688664e+001  1.2311537e+001  1.5189537e+001  1.3530697e+001
  8.1333333e-001  1.5217465e+001  1.2993455e+001  2.1270950e+001  1.3655837e+001  1.2255044e+001  1.4934200e+001  1.3595663e+001
  8.2000000e-001  1.5101202e+001  1.2942270e+001  2.0871822e+001  1.3646205e+001  1.2125237e+001  1.4704802e+001  1.3605350e+001
  8.2666667e-001  1.4950278e+001  1.2880247e+001  2.0451931e+001  1.3620631e+001  1.1960713e+001  1.4470307e+001  1.3586973e+001
  8.3333333e-001  1.4757404e+001  1.2795531e+001  2.0090717e+001  1.3620600e+001  1.1824719e+001  1.4293043e+001  1.3551965e+001
  8.4000000e-001  1.4482479e+001  1.2724960e+001  1.9766066e+001  1.3543954e+001  1.1730427e+001  1.4052661e+001  1.3489888e+001
  8.4666667e-001  1.4194644e+001  1.2609007e+001  1.9435850e+001  1.3449400e+001  1.1671918e+001  1.3824682e+001  1.3393088e+001
  8.5333333e-001  1.3957323e+001  1.2495062e+001  1.9098335e+001  1.3388671e+001  1.1627403e+001  1.3636555e+001  1.3358492e+001
  8.6000000e-001  1.3710952e+001  1.2372705e+001  1.8771906e+001  1.3282062e+001  1.1601410e+001  1.3461040e+001  1.3344484e+001
  8.6666667e-001  1.3501637e+001  1.2244411e+001  1.8434874e+001  1.3176538e+001  1.1533835e+001  1.3364484e+001  1.3363904e+001
  8.7333333e-001  1.3268379e+001  1.2056870e+001  1.8091932e+001  1.3098310e+001  1.1412931e+001  1.3269865e+001  1.3355397e+001
  8.8000000e-001  1.2986189e+001  1.1918534e+001  1.7778759e+001  1.2998548e+001  1.1299462e+001  1.3190175e+001  1.3323703e+001
  8.8666667e-001  1.2746714e+001  1.1780537e+001  1.7507280e+001  1.2848947e+001  1.1155414e+001  1.3046289e+001  1.3307592e+001
  8.9333333e-001  1.2474043e+001  1.1672167e+001  1.7240932e+001  1.2695546e+001  1.1057283e+001  1.2925104e+001  1.3293958e+001
  9.0000000e-001  1.2243925e+001  1.1531511e+001  1.7016714e+001  1.2535369e+001  1.0916437e+001  1.2773267e+001  1.3317076e+001
  9.0666667e-001  1.2008830e+001  1.1368294e+001  1.6838966e+001  1.2433722e+001  1.0786304e+001  1.2643538e+001  1.3318054e+001
  9.1333333e-001  1.1760900e+001  1.1166008e+001  1.6743069e+001  1.2312534e+001  1.0669264e+001  1.2557046e+001  1.3406366e+001
  9.2000000e-001  1.1538933e+001  1.1040038e+001  1.6635592e+001  1.2198769e+001  1.0548393e+001  1.2473019e+001  1.3456217e+001
  9.2666667e-001  1.1298715e+001  1.0877941e+001  1.6544954e+001  1.2127918e+001  1.0363327e+001  1.2383560e+001  1.3454185e+001
  9.3333333e-001  1.1051132e+001  1.0780237e+001  1.6430130e+001  1.1979288e+001  1.0144614e+001  1.2279677e+001  1.3436028e+001
  9.4000000e-001  1.0800388e+001  1.0642280e+001  1.6345007e+001  1.1857698e+001  9.9338870e+000  1.2157782e+001  1.3370667e+001
  9.4666667e-001  1.0572805e+001  1.0547147e+001  1.6247072e+001  1.1766000e+001  9.7277240e+000  1.2102424e+001  1.3293700e+001
  9.5333333e-001  1.0366163e+001  1.0448030e+001  1.6084671e+001  1.1730627e+001  9.5612930e+000  1.2026782e+001  1.3303033e+001
  9.6000000e-001  1.0163186e+001  1.0369584e+001  1.5885307e+001  1.1729782e+001  9.4467740e+000  1.1981399e+001  1.3332788e+001
  9.6666667e-001  1.0050396e+001  1.0350569e+001  1.5641456e+001  1.1671584e+001  9.3690320e+000  1.1943174e+001  1.3341551e+001
  9.7333333e-001  1.0012080e+001  1.0325298e+001  1.5395512e+001  1.1610086e+001  9.3825200e+000  1.1865050e+001  1.3350727e+001
  9.8000000e-001  9.9707950e+000  1.0424675e+001  1.5135877e+001  1.1538978e+001  9.3877360e+000  1.1770926e+001  1.3359478e+001
  9.8666667e-001  9.9554870e+000  1.0422934e+001  1.4927855e+001  1.1487444e+001  9.4491750e+000  1.1717926e+001  1.3412275e+001
  9.9333333e-001  9.9447360e+000  1.0449297e+001  1.4732881e+001  1.1505420e+001  9.4948910e+000  1.1677161e+001  1.3476752e+001
  1.0000000e+000  9.8279290e+000  1.0456477e+001  1.4515607e+001  1.1586245e+001  9.5513930e+000  1.1621812e+001  1.3537863e+001
  1.0066667e+000  9.7065960e+000  1.0442463e+001  1.4365203e+001  1.1667309e+001  9.5350080e+000  1.1534973e+001  1.3595725e+001
  1.0133333e+000  9.4927670e+000  1.0451381e+001  1.4204887e+001  1.1749586e+001  9.4537420e+000  1.1503035e+001  1.3608541e+001
  1.0200000e+000  9.2825170e+000  1.0420537e+001  1.4069241e+001  1.1767982e+001  9.3651870e+000  1.1420580e+001  1.3630215e+001
  1.0266667e+000  9.1207630e+000  1.0357485e+001  1.3962058e+001  1.1802635e+001  9.2550350e+000  1.1369350e+001  1.3628131e+001
  1.0333333e+000  8.9501040e+000  1.0342436e+001  1.3875161e+001  1.1761093e+001  9.2110600e+000  1.1333924e+001  1.3633183e+001
  1.0400000e+000  8.7826810e+000  1.0326443e+001  1.3756251e+001  1.1804542e+001  9.1418840e+000  1.1269365e+001  1.3623987e+001
  1.0466667e+000  8.6068210e+000  1.0289357e+001  1.3619876e+001  1.1790378e+001  9.1022990e+000  1.1193670e+001  1.3665293e+001
  1.0533333e+000  8.3984770e+000  1.0228222e+001  1.3508518e+001  1.1737913e+001  9.1059350e+000  1.1108333e+001  1.3599671e+001
  1.0600000e+000  8.2548700e+000  1.0139064e+001  1.3362488e+001  1.1641517e+001  9.0900770e+000  1.1059705e+001  1.3552268e+001
  1.0666667e+000  8.1934880e+000  1.0072610e+001  1.3185505e+001  1.1516322e+001  9.0809290e+000  1.0944294e+001  1.3465515e+001
  1.0733333e+000  8.2119940e+000  1.0011232e+001  1.3039954e+001  1.1390099e+001  9.0591220e+000  1.0860106e+001  1.3394784e+001
  1.0800000e+000  8.3061540e+000  9.9281460e+000  1.2840212e+001  1.1265926e+001  9.0197840e+000  1.0727097e+001  1.3327898e+001
  1.0866667e+000  8.3774180e+000  9.8329150e+000  1.2662485e+001  1.1086194e+001  8.9814160e+000  1.0615196e+001  1.3222513e+001
  1.0933333e+000  8.4504500e+000  9.7804950e+000  1.2464919e+001  1.0924875e+001  8.9203370e+000  1.0496243e+001  1.3139706e+001
  1.1000000e+000  8.4184330e+000  9.7842210e+000  1.2234160e+001  1.0747149e+001  8.8299860e+000  1.0447809e+001  1.3019227e+001
  1.1066667e+000  8.3379860e+000  9.7665440e+000  1.1991511e+001  1.0573958e+001  8.8208940e+000  1.0401892e+001  1.2901417e+001
  1.1133333e+000  8.2375530e+000  9.7697570e+000  1.1778247e+001  1.0387320e+001  8.8108040e+000  1.0346428e+001  1.2875607e+001
  1.1200000e+000  8.2302820e+000  9.7522920e+000  1.1547608e+001  1.0279185e+001  8.8296720e+000  1.0277070e+001  1.2838561e+001
  1.1266667e+000  8.1554080e+000  9.7850450e+000  1.1251409e+001  1.0095689e+001  8.8383720e+000  1.0216690e+001  1.2826847e+001
  1.1333333e+000  8.0911920e+000  9.8059590e+000  1.1035329e+001  9.9592860e+000  8.8913960e+000  1.0191480e+001  1.2796700e+001
  1.1400000e+000  7.9540060e+000  9.8414290e+000  1.0911234e+001  9.7944300e+000  8.9382750e+000  1.0205411e+001  1.2772963e+001
  1.1466667e+000  7.8805200e+000  9.9607770e+000  1.0897672e+001  9.6996240e+000  8.9437760e+000  1.0239232e+001  1.2748602e+001
  1.1533333e+000  7.8471130e+000  1.0005316e+001  1.0939228e+001  9.6144810e+000  8.9590170e+000  1.0278596e+001  1.2681377e+001
  1.1600000e+000  7.8085290e+000  1.0045403e+001  1.1095358e+001  9.4916480e+000  8.8836370e+000  1.0307425e+001  1.2616526e+001
  1.1666667e+000  7.7910760e+000  1.0149929e+001  1.1307360e+001  9.4033560e+000  8.8450550e+000  1.0350905e+001  1.2550428e+001
  1.1733333e+000  7.7501090e+000  1.0258448e+001  1.1558474e+001  9.2869750e+000  8.7352670e+000  1.0420222e+001  1.2476680e+001
  1.1800000e+000  7.6676710e+000  1.0323622e+001  1.1920006e+001  9.2103170e+000  8.6801830e+000  1.0469723e+001  1.2406511e+001
  1.1866667e+000  7.5714680e+000  1.0432463e+001  1.3153192e+001  9.1799550e+000  8.6179220e+000  1.0505137e+001  1.2374084e+001
  1.1933333e+000  7.4329420e+000  1.0505838e+001  1.5490937e+001  9.1247560e+000  8.6197950e+000  1.0536997e+001  1.2297447e+001
  1.2000000e+000  7.3027410e+000  1.0585337e+001  1.8279440e+001  9.1324850e+000  8.6035470e+000  1.0608973e+001  1.2217296e+001
  1.2066667e+000  7.1410070e+000  1.0610962e+001  2.0963779e+001  9.0745550e+000  8.6220420e+000  1.0635401e+001  1.2142273e+001
  1.2133333e+000  7.0279170e+000  1.0628380e+001  2.3438786e+001  9.0333050e+000  8.6531630e+000  1.0686069e+001  1.2088631e+001
  1.2200000e+000  6.9562660e+000  1.0628495e+001  2.5897085e+001  8.9998110e+000  8.6064640e+000  1.0668406e+001  1.2070702e+001
  1.2266667e+000  6.9031780e+000  1.0648368e+001  2.8577087e+001  8.9482430e+000  8.6066270e+000  1.0648097e+001  1.2035818e+001
  1.2333333e+000  6.8924980e+000  1.0641082e+001  3.1542702e+001  8.9009380e+000  8.6217140e+000  1.0582598e+001  1.2040949e+001
  1.2400000e+000  6.8366370e+000  1.0634589e+001  3.4535427e+001  8.8640770e+000  8.5615600e+000  1.0554120e+001  1.1982359e+001
  1.2466667e+000  6.8419630e+000  1.0597548e+001  3.7386417e+001  8.8071350e+000  8.5104240e+000  1.0495288e+001  1.1889111e+001
  1.2533333e+000  6.8051060e+000  1.0520907e+001  3.9916763e+001  8.7725050e+000  8.5317960e+000  1.0414842e+001  1.1842177e+001
  1.2600000e+000  6.7486130e+000  1.0440090e+001  4.2058876e+001  8.6949550e+000  8.4370520e+000  1.0325706e+001  1.1801191e+001
  1.2666667e+000  6.6489320e+000  1.0393332e+001  4.3771717e+001  8.6501450e+000  8.3699210e+000  1.0213480e+001  1.1792949e+001
  1.2733333e+000  6.5266130e+000  1.0314034e+001  4.4861584e+001  8.6211440e+000  8.3124800e+000  1.0114789e+001  1.1776504e+001
  1.2800000e+000  6.4236420e+000  1.0230395e+001  4.5186497e+001  8.6246560e+000  8.2360970e+000  1.0012870e+001  1.1709103e+001
  1.2866667e+000  6.3381000e+000  1.0186754e+001  4.4708672e+001  8.6022950e+000  8.1903140e+000  9.8870550e+000  1.1708220e+001
  1.2933333e+000  6.2951310e+000  1.0116372e+001  4.3683285e+001  8.5543340e+000  8.0710070e+000  9.7728510e+000  1.1707960e+001
  1.3000000e+000  6.2439660e+000  1.0080588e+001  4.2338047e+001  8.5160300e+000  8.0210750e+000  9.6454300e+000  1.1699814e+001
  1.3066667e+000  6.1830210e+000  1.0019637e+001  4.0795780e+001  8.4957440e+000  7.8945730e+000  9.5408750e+000  1.1675155e+001
  1.3133333e+000  6.0990390e+000  9.9375470e+000  3.9750214e+001  8.4462360e+000  7.7788660e+000  9.4395390e+000  1.1671518e+001
  1.3200000e+000  6.0631070e+000  9.8614390e+000  3.7998638e+001  8.3883500e+000  7.6306690e+000  9.3431050e+000  1.1654750e+001
  1.3266667e+000  5.9949640e+000  9.8176790e+000  3.5253590e+001  8.3359120e+000  7.4951630e+000  9.2792130e+000  1.1628131e+001
  1.3333333e+000  5.9282500e+000  9.7584030e+000  3.1609509e+001  8.2907430e+000  7.3190390e+000  9.2271950e+000  1.1577247e+001
  1.3400000e+000  5.8673800e+000  9.7041110e+000  2.8386883e+001  8.2067100e+000  7.1757620e+000  9.1976850e+000  1.1548214e+001
  1.3466667e+000  5.7858220e+000  9.6280070e+000  2.6606730e+001  8.1417090e+000  7.0293100e+000  9.1194360e+000  1.1487867e+001
  1.3533333e+000  5.7502760e+000  9.5558160e+000  2.6973606e+001  8.0419310e+000  6.8696600e+000  9.1009700e+000  1.1468158e+001
  1.3600000e+000  5.6974930e+000  9.4781990e+000  2.8298061e+001  7.9620410e+000  6.7282460e+000  9.0566840e+000  1.1439848e+001
  1.3666667e+000  5.7229220e+000  9.3851700e+000  2.9112118e+001  7.8678520e+000  6.5958070e+000  9.0545020e+000  1.1379153e+001
  1.3733333e+000  5.7127930e+000  9.3232810e+000  3.0442656e+001  7.7840920e+000  6.4597770e+000  9.0459610e+000  1.1307453e+001
  1.3800000e+000  5.7459720e+000  9.2840460e+000  3.2942028e+001  7.6871810e+000  6.3656550e+000  9.0387720e+000  1.1228254e+001
  1.3866667e+000  5.7481350e+000  9.2338750e+000  3.4921780e+001  7.5963380e+000  6.3022180e+000  9.0130190e+000  1.1161762e+001
  1.3933333e+000  5.7673490e+000  9.2289090e+000  3.5715282e+001  7.4947590e+000  6.2135590e+000  9.0023110e+000  1.1112873e+001
  1.4000000e+000  5.7742160e+000  9.1634110e+000  3.5144875e+001  7.3982480e+000  6.1613930e+000  8.9727660e+000  1.1109158e+001
  1.4066667e+000  5.8103980e+000  9.1328090e+000  3.4856834e+001  7.2983190e+000  6.0996480e+000  8.9526220e+000  1.1058011e+001
  1.4133333e+000  5.7815130e+000  9.0949210e+000  3.5045856e+001  7.1857300e+000  6.0873140e+000  8.9007570e+000  1.1009849e+001
  1.4200000e+000  5.7713840e+000  9.0637120e+000  3.4094460e+001  7.1107660e+000  6.0311220e+000  8.8409960e+000  1.1002486e+001
  1.4266667e+000  5.7132910e+000  9.0020530e+000  3.2598156e+001  7.0314440e+000  5.9784560e+000  8.7757760e+000  1.0986689e+001
  1.4333333e+000  5.6566350e+000  8.9198450e+000  3.0278223e+001  6.9671730e+000  5.9689890e+000  8.7232000e+000  1.0976542e+001
  1.4400000e+000  5.6369800e+000  8.8807370e+000  2.9412283e+001  6.9328150e+000  5.9769910e+000  8.7020520e+000  1.0984324e+001
  1.4466667e+000  5.5854610e+000  8.7941320e+000  2.8333347e+001  6.8826770e+000  5.9396510e+000  8.6201500e+000  1.0991434e+001
  1.4533333e+000  5.5789810e+000  8.7413330e+000  2.7146391e+001  6.8135620e+000  5.9252420e+000  8.5535900e+000  1.0957689e+001
  1.4600000e+000  5.5224450e+000  8.6553220e+000  2.6036556e+001  6.7629930e+000  5.9234490e+000  8.4775420e+000  1.0925585e+001
  1.4666667e+000  5.4543510e+000  8.5872020e+000  2.4966433e+001  6.6854030e+000  5.8730940e+000  8.3745560e+000  1.0865713e+001
  1.4733333e+000  5.4121780e+000  8.5280130e+000  2.3515709e+001  6.6148960e+000  5.8556340e+000  8.3321150e+000  1.0831808e+001
  1.4800000e+000  5.3287990e+000  8.4307530e+000  2.2187147e+001  6.5511040e+000  5.7958240e+000  8.2397770e+000  1.0790739e+001
  1.4866667e+000  5.3157610e+000  8.3658980e+000  2.0892790e+001  6.5111750e+000  5.7818460e+000  8.1771610e+000  1.0733122e+001
  1.4933333e+000  5.2376470e+000  8.3015210e+000  2.0271959e+001  6.4466330e+000  5.7558360e+000  8.1151440e+000  1.0736341e+001
  1.5000000e+000  5.1951640e+000  8.2293600e+000  1.9309557e+001  6.3711500e+000  5.7017500e+000  8.0434830e+000  1.0725452e+001
  1.5066667e+000  5.1175310e+000  8.1532560e+000  1.8591894e+001  6.2677100e+000  5.6515880e+000  7.9454050e+000  1.0636184e+001
  1.5133333e+000  5.0781480e+000  8.1093800e+000  1.8010134e+001  6.1553170e+000  5.6139530e+000  7.8608660e+000  1.0603077e+001
  1.5200000e+000  5.0338210e+000  8.0829630e+000  1.6496357e+001  6.0142360e+000  5.5757920e+000  7.7840300e+000  1.0562784e+001
  1.5266667e+000  5.0378880e+000  8.0177230e+000  1.5834112e+001  5.8830830e+000  5.5416240e+000  7.7272340e+000  1.0532886e+001
  1.5333333e+000  4.9921680e+000  7.9873740e+000  1.5344872e+001  5.7600960e+000  5.4761700e+000  7.6865960e+000  1.0514421e+001
  1.5400000e+000  5.0348160e+000  7.9450860e+000  1.6259640e+001  5.6470140e+000  5.4118740e+000  7.6400360e+000  1.0492049e+001
  1.5466667e+000  5.0415440e+000  7.9473390e+000  1.5736608e+001  5.5313520e+000  5.3743860e+000  7.5746740e+000  1.0470789e+001
  1.5533333e+000  5.0678560e+000  7.9582170e+000  1.4256101e+001  5.4541170e+000  5.3678390e+000  7.5690240e+000  1.0427403e+001
  1.5600000e+000  5.0689740e+000  7.9577150e+000  1.2673896e+001  5.3796700e+000  5.3410500e+000  7.5352940e+000  1.0399526e+001
  1.5666667e+000  5.1063150e+000  7.9601000e+000  1.2780537e+001  5.3053620e+000  5.3731810e+000  7.4986500e+000  1.0376730e+001
  1.5733333e+000  5.1266370e+000  7.9237190e+000  1.2590944e+001  5.2419740e+000  5.3965480e+000  7.4779860e+000  1.0316993e+001
  1.5800000e+000  5.1334340e+000  7.8772580e+000  1.0357983e+001  5.1892460e+000  5.4153160e+000  7.4893730e+000  1.0302275e+001
  1.5866667e+000  5.1312400e+000  7.8787400e+000  1.0384302e+001  5.1545780e+000  5.4079790e+000  7.5120660e+000  1.0252977e+001
  1.5933333e+000  5.2022100e+000  7.8778450e+000  9.4389640e+000  5.1375510e+000  5.4154330e+000  7.5107470e+000  1.0192703e+001
  1.6000000e+000  5.2463020e+000  7.8440120e+000  8.0782770e+000  5.1095130e+000  5.4272370e+000  7.5086900e+000  1.0099006e+001
  1.6066667e+000  5.2930600e+000  7.8625980e+000  8.6809550e+000  5.1285040e+000  5.3971070e+000  7.4710070e+000  1.0015524e+001
  1.6133333e+000  5.8302640e+000  7.8534450e+000             NaN  5.0838520e+000  5.3332210e+000  7.4753420e+000  9.9522250e+000
  1.6200000e+000  5.8607550e+000  7.8378130e+000             NaN  5.0631260e+000  5.2943290e+000  7.4254800e+000  9.8394740e+000
  1.6266667e+000  5.3580650e+000  7.8148900e+000             NaN  5.0322420e+000  5.2470390e+000  7.4307070e+000  9.7232380e+000
  1.6333333e+000  5.3738990e+000  7.7771420e+000  8.3739410e+000  4.9788410e+000  5.1995900e+000  7.4311660e+000  9.6569820e+000
  1.6400000e+000  5.4282040e+000  7.7787480e+000  8.4361850e+000  4.9562090e+000  5.1302350e+000  7.4376660e+000  9.5140780e+000
  1.6466667e+000  5.4642250e+000  7.7768090e+000  8.5538590e+000  4.9555530e+000  5.0230040e+000  7.4391990e+000  9.4172340e+000
  1.6533333e+000  5.4584660e+000  7.7767400e+000             NaN  4.9213730e+000  4.9310320e+000  7.3787820e+000  9.3145810e+000
  1.6600000e+000  5.4526160e+000  7.7597800e+000             NaN  4.9406300e+000  4.8727050e+000  7.3658770e+000  9.1843280e+000
  1.6666667e+000  5.4528200e+000  7.7475260e+000  9.0228040e+000  4.8837810e+000  4.7614810e+000  7.3604550e+000  9.0980100e+000
  1.6733333e+000  5.4732930e+000  7.7422180e+000  9.2549750e+000  4.8564800e+000  4.6520730e+000  7.3512820e+000  9.0311750e+000
  1.6800000e+000  5.4756130e+000  7.7363570e+000  9.8092530e+000  4.8184200e+000  4.5281470e+000  7.3722240e+000  8.9338150e+000
  1.6866667e+000  5.5271730e+000  7.6966220e+000  9.9846800e+000  4.8275600e+000  4.3603120e+000  7.3786240e+000  8.8618250e+000
  1.6933333e+000  5.5387540e+000  7.6438870e+000  1.0266539e+001  4.8124590e+000  4.2396650e+000  7.4059020e+000  8.8107040e+000
  1.7000000e+000  5.5468910e+000  7.5994410e+000  1.0789824e+001  4.8270280e+000  4.1061010e+000  7.4267340e+000  8.7219130e+000
  1.7066667e+000  5.5213880e+000  7.5866200e+000  8.4363290e+000  4.8418640e+000  3.9279950e+000  7.3855660e+000  8.6304930e+000
  1.7133333e+000  5.5209980e+000  7.5992790e+000  1.0335290e+001  4.8597750e+000  3.8128760e+000  7.3511100e+000  8.5638550e+000
  1.7200000e+000  5.5330610e+000  7.5719210e+000  1.0491697e+001  4.8951060e+000  3.7013320e+000  7.3661240e+000  8.5355660e+000
  1.7266667e+000  5.5737100e+000  7.5546010e+000  1.0599368e+001  4.9180720e+000  3.5450500e+000  7.3689800e+000  8.4824900e+000
  1.7333333e+000  5.5920770e+000  7.5014110e+000  1.0598944e+001  4.9349150e+000  3.4071330e+000  7.4394770e+000  8.4117010e+000
  1.7400000e+000  6.1736900e+000  7.4569390e+000  1.1035904e+001  4.9184170e+000  3.2661000e+000  7.4758530e+000  8.3438740e+000
  1.7466667e+000  6.1859630e+000  7.4079220e+000  1.1352637e+001  4.9103660e+000  3.1074540e+000  7.5208850e+000  8.2246260e+000
  1.7533333e+000  6.1709360e+000  7.4157530e+000  1.1958311e+001  4.9482470e+000  2.9668570e+000  7.5214480e+000  8.0942420e+000
  1.7600000e+000  6.2585800e+000  7.3509750e+000  1.2111947e+001  4.9677390e+000  2.8594410e+000  7.5210780e+000  7.9971010e+000
  1.7666667e+000  6.2500840e+000  7.3235570e+000  1.2108019e+001  5.0136480e+000  2.7379490e+000  7.4691720e+000  7.8788340e+000
  1.7733333e+000  6.2487580e+000  7.2956310e+000  1.1728532e+001  5.0241020e+000  2.6087280e+000  7.4671560e+000  7.7805260e+000
  1.7800000e+000  6.2163310e+000  7.2953880e+000  1.1050336e+001  5.0478470e+000  2.5103290e+000  7.4474390e+000  7.6890700e+000
  1.7866667e+000  6.2945360e+000  7.2724970e+000  1.0559607e+001  5.0815070e+000  2.3434240e+000  7.4259510e+000  7.5746130e+000
  1.7933333e+000  6.2505740e+000  7.2446090e+000  1.0086776e+001  5.0762670e+000  2.2291270e+000  7.3786820e+000  7.4691710e+000
  1.8000000e+000  6.2301750e+000  7.2469520e+000  9.6564410e+000  5.0516990e+000  2.0785170e+000  7.3360360e+000  7.4060660e+000
  1.8066667e+000  6.2447890e+000  7.1694270e+000  9.5646920e+000  5.0385480e+000  1.9193970e+000  7.2757670e+000  7.3111590e+000
  1.8133333e+000  6.2674230e+000  7.1444750e+000  9.8221870e+000  5.0049580e+000  1.7748590e+000  7.2485910e+000  7.2380940e+000
  1.8200000e+000  6.2261060e+000  7.1212840e+000  1.0236770e+001  4.9810810e+000  1.6139280e+000  7.2099310e+000  7.1436350e+000
  1.8266667e+000  6.2501650e+000  7.1208600e+000  1.0745952e+001  4.9934940e+000  1.5086180e+000  7.1878610e+000  7.0915890e+000
  1.8333333e+000  6.1665170e+000  7.1097780e+000  1.1225093e+001  4.9924400e+000  1.4234780e+000  7.1316430e+000  7.0063100e+000
  1.8400000e+000  6.1174210e+000  7.0990720e+000  1.1734221e+001  4.9814860e+000  1.3095410e+000  7.0886860e+000  6.8962970e+000
  1.8466667e+000  6.1380620e+000  7.0939510e+000  1.1942231e+001  4.9229480e+000  1.2411700e+000  7.1396820e+000  6.8116950e+000
  1.8533333e+000  6.0950410e+000  7.0616000e+000  1.2038976e+001  4.8994920e+000  1.1407920e+000  7.0965300e+000  6.7482750e+000
  1.8600000e+000  5.5547020e+000  7.0196500e+000  1.1916405e+001  4.8985030e+000  1.0564630e+000  7.0678630e+000  6.6445040e+000
  1.8666667e+000  5.5112090e+000  7.0212550e+000             NaN  4.8987720e+000  1.0056290e+000  7.0033360e+000  6.5612850e+000
  1.8733333e+000  5.4876860e+000  6.9700360e+000             NaN  4.8336840e+000  9.7247600e-001  6.9642600e+000  6.4692550e+000
  1.8800000e+000  5.4399850e+000  6.9362820e+000  1.1431709e+001  4.8100080e+000  8.9682000e-001  6.9040250e+000  6.3265470e+000
  1.8866667e+000  5.9565880e+000  6.9106680e+000  1.2200947e+001  4.8207750e+000  8.7382800e-001  6.8584750e+000  6.2365890e+000
  1.8933333e+000  5.9408930e+000  6.8954750e+000  1.2448096e+001  4.8145560e+000  7.6695500e-001  6.8058630e+000  6.1542810e+000
  1.9000000e+000  6.0049920e+000  6.8514160e+000  1.2609101e+001  4.7735290e+000  7.3906700e-001  6.7008620e+000  6.0510990e+000
  1.9066667e+000  5.9459640e+000  6.8052280e+000  1.3155749e+001  4.7737440e+000  6.8815200e-001  6.6129470e+000  5.9427630e+000
  1.9133333e+000  5.3865650e+000  6.7504690e+000  1.2881091e+001  4.7802330e+000  6.6043900e-001  6.5272500e+000  5.8179640e+000
  1.9200000e+000  5.3859740e+000  6.6961940e+000  1.3242930e+001  4.8080660e+000  5.9286900e-001  6.4536430e+000  5.7030430e+000
  1.9266667e+000  5.4012580e+000  6.6276370e+000  1.3473390e+001  4.8154120e+000  5.6727000e-001  6.4304700e+000  5.6210370e+000
  1.9333333e+000  5.4063240e+000  6.5995530e+000  1.3926044e+001  4.8572950e+000  5.8877300e-001  6.3761920e+000  5.5295860e+000
  1.9400000e+000  5.4167700e+000  6.5659720e+000  1.4443830e+001  4.8536790e+000  5.2434200e-001  6.3156840e+000  5.4396950e+000
  1.9466667e+000  5.8836690e+000  6.5566530e+000  1.4965185e+001  4.9068350e+000  4.6257400e-001  6.2810230e+000  5.3950350e+000
  1.9533333e+000  5.8301930e+000  6.5508910e+000  1.5542233e+001  4.9292580e+000  3.9562500e-001  6.2476280e+000  5.3262030e+000
  1.9600000e+000  5.3767300e+000  6.5326110e+000  1.6130301e+001  4.9611320e+000  3.2205000e-001  6.2159390e+000  5.2409760e+000
  1.9666667e+000  5.4180440e+000  6.5471250e+000  1.6408224e+001  4.9960730e+000  2.7916700e-001  6.2218720e+000  5.2284810e+000
  1.9733333e+000  5.4095750e+000  6.5641000e+000  1.6940294e+001  5.0075280e+000  2.4248700e-001  6.2464590e+000  5.2342370e+000
  1.9800000e+000  5.3867140e+000  6.5457790e+000             NaN  4.9979410e+000  1.8667300e-001  6.2043500e+000  5.2105540e+000
  1.9866667e+000  5.3882260e+000  6.5038720e+000             NaN  5.0399270e+000  1.3581900e-001  6.1689230e+000  5.1896620e+000
  1.9933333e+000  5.3487280e+000  6.4832320e+000  1.6684694e+001  5.0279460e+000  3.8572000e-002  6.1885770e+000  5.1726400e+000
  2.0000000e+000  5.3077220e+000  6.5106350e+000  1.8030645e+001  5.0706910e+000 -7.1170000e-003  6.1943450e+000  5.1271540e+000
