 -5.0000000e-001 -4.2016815e+001 -4.4212421e+001 -4.2758671e+001 -4.2205051e+001 -4.1628109e+001
 -4.9333333e-001 -4.2005798e+001 -4.4196972e+001 -4.2753674e+001 -4.2200081e+001 -4.1626266e+001
 -4.8666667e-001 -4.2016773e+001 -4.4193691e+001 -4.2749317e+001 -4.2204597e+001 -4.1632778e+001
 -4.8000000e-001 -4.2015289e+001 -4.4199154e+001 -4.2758499e+001 -4.2210171e+001 -4.1626465e+001
 -4.7333333e-001 -4.2009548e+001 -4.4189262e+001 -4.2759636e+001 -4.2205162e+001 -4.1619476e+001
 -4.6666667e-001 -4.2011299e+001 -4.4178585e+001 -4.2748070e+001 -4.2186729e+001 -4.1626522e+001
 -4.6000000e-001 -4.2014668e+001 -4.4170876e+001 -4.2735291e+001 -4.2173073e+001 -4.1618011e+001
 -4.5333333e-001 -4.2001053e+001 -4.4164326e+001 -4.2737972e+001 -4.2164112e+001 -4.1617893e+001
 -4.4666667e-001 -4.1996578e+001 -4.4149555e+001 -4.2743866e+001 -4.2156254e+001 -4.1610046e+001
 -4.4000000e-001 -4.2003750e+001 -4.4146439e+001 -4.2751522e+001 -4.2139565e+001 -4.1600815e+001
 -4.3333333e-001 -4.2006676e+001 -4.4144669e+001 -4.2739723e+001 -4.2122093e+001 -4.1605358e+001
 -4.2666667e-001 -4.2010162e+001 -4.4137486e+001 -4.2744190e+001 -4.2120071e+001 -4.1598122e+001
 -4.2000000e-001 -4.2004326e+001 -4.4132809e+001 -4.2762505e+001 -4.2108204e+001 -4.1603504e+001
 -4.1333333e-001 -4.1999393e+001 -4.4124557e+001 -4.2774746e+001 -4.2093342e+001 -4.1608505e+001
 -4.0666667e-001 -4.2000336e+001 -4.4119617e+001 -4.2771324e+001 -4.2083027e+001 -4.1595188e+001
 -4.0000000e-001 -4.1989746e+001 -4.4102188e+001 -4.2766899e+001 -4.2053490e+001 -4.1598850e+001
 -3.9333333e-001 -4.1988739e+001 -4.4077015e+001 -4.2759689e+001 -4.2020626e+001 -4.1617069e+001
 -3.8666667e-001 -4.1991692e+001 -4.4071968e+001 -4.2764095e+001 -4.1996574e+001 -4.1625175e+001
 -3.8000000e-001 -4.1995029e+001 -4.4069054e+001 -4.2779861e+001 -4.1954372e+001 -4.1630707e+001
 -3.7333333e-001 -4.1989891e+001 -4.4057529e+001 -4.2782299e+001 -4.1922565e+001 -4.1640255e+001
 -3.6666667e-001 -4.1989559e+001 -4.4044033e+001 -4.2791565e+001 -4.1914383e+001 -4.1634247e+001
 -3.6000000e-001 -4.2004631e+001 -4.4031723e+001 -4.2803482e+001 -4.1908550e+001 -4.1627533e+001
 -3.5333333e-001 -4.2005005e+001 -4.4026386e+001 -4.2801308e+001 -4.1896523e+001 -4.1619255e+001
 -3.4666667e-001 -4.1999176e+001 -4.4001678e+001 -4.2799088e+001 -4.1873539e+001 -4.1627483e+001
 -3.4000000e-001 -4.1995632e+001 -4.3988430e+001 -4.2803486e+001 -4.1862415e+001 -4.1640877e+001
 -3.3333333e-001 -4.1996040e+001 -4.3973938e+001 -4.2802486e+001 -4.1857018e+001 -4.1648846e+001
 -3.2666667e-001 -4.1990623e+001 -4.3956863e+001 -4.2804165e+001 -4.1850006e+001 -4.1650066e+001
 -3.2000000e-001 -4.2006927e+001 -4.3936356e+001 -4.2808472e+001 -4.1840515e+001 -4.1655666e+001
 -3.1333333e-001 -4.2010582e+001 -4.3927151e+001 -4.2805119e+001 -4.1823360e+001 -4.1663620e+001
 -3.0666667e-001 -4.2005505e+001 -4.3924126e+001 -4.2797226e+001 -4.1805370e+001 -4.1671597e+001
 -3.0000000e-001 -4.2006847e+001 -4.3900330e+001 -4.2801476e+001 -4.1812164e+001 -4.1659637e+001
 -2.9333333e-001 -4.2007870e+001 -4.3877911e+001 -4.2813419e+001 -4.1815952e+001 -4.1652325e+001
 -2.8666667e-001 -4.2013065e+001 -4.3862236e+001 -4.2828316e+001 -4.1794674e+001 -4.1665371e+001
 -2.8000000e-001 -4.2006969e+001 -4.3855999e+001 -4.2836426e+001 -4.1786999e+001 -4.1657043e+001
 -2.7333333e-001 -4.2016174e+001 -4.3844833e+001 -4.2842018e+001 -4.1799599e+001 -4.1660564e+001
 -2.6666667e-001 -4.2020947e+001 -4.3831997e+001 -4.2850452e+001 -4.1784569e+001 -4.1669174e+001
 -2.6000000e-001 -4.2007988e+001 -4.3814308e+001 -4.2847752e+001 -4.1778637e+001 -4.1659187e+001
 -2.5333333e-001 -4.2006741e+001 -4.3796619e+001 -4.2848293e+001 -4.1780334e+001 -4.1658253e+001
 -2.4666667e-001 -4.2003441e+001 -4.3781075e+001 -4.2851624e+001 -4.1771755e+001 -4.1664600e+001
 -2.4000000e-001 -4.2002090e+001 -4.3749146e+001 -4.2850815e+001 -4.1782898e+001 -4.1646244e+001
 -2.3333333e-001 -4.1995110e+001 -4.3721992e+001 -4.2849888e+001 -4.1789917e+001 -4.1634487e+001
 -2.2666667e-001 -4.1985214e+001 -4.3705608e+001 -4.2854206e+001 -4.1774170e+001 -4.1638329e+001
 -2.2000000e-001 -4.1973873e+001 -4.3679226e+001 -4.2859772e+001 -4.1765961e+001 -4.1632275e+001
 -2.1333333e-001 -4.1972313e+001 -4.3659691e+001 -4.2860233e+001 -4.1756042e+001 -4.1627094e+001
 -2.0666667e-001 -4.1973049e+001 -4.3637650e+001 -4.2856483e+001 -4.1757584e+001 -4.1632908e+001
 -2.0000000e-001 -4.1973503e+001 -4.3612377e+001 -4.2843784e+001 -4.1757458e+001 -4.1645912e+001
 -1.9333333e-001 -4.1972244e+001 -4.3585670e+001 -4.2851818e+001 -4.1740425e+001 -4.1655296e+001
 -1.8666667e-001 -4.1969677e+001 -4.3567654e+001 -4.2857700e+001 -4.1738098e+001 -4.1660175e+001
 -1.8000000e-001 -4.1962688e+001 -4.3553944e+001 -4.2870995e+001 -4.1739582e+001 -4.1660847e+001
 -1.7333333e-001 -4.1963261e+001 -4.3534012e+001 -4.2865475e+001 -4.1728481e+001 -4.1659306e+001
 -1.6666667e-001 -4.1969891e+001 -4.3525669e+001 -4.2844051e+001 -4.1734001e+001 -4.1639606e+001
 -1.6000000e-001 -4.1969677e+001 -4.3516354e+001 -4.2839645e+001 -4.1737553e+001 -4.1632843e+001
 -1.5333333e-001 -4.1978333e+001 -4.3498833e+001 -4.2844101e+001 -4.1731064e+001 -4.1650261e+001
 -1.4666667e-001 -4.1986965e+001 -4.3489857e+001 -4.2846401e+001 -4.1721779e+001 -4.1671421e+001
 -1.4000000e-001 -4.1992371e+001 -4.3490940e+001 -4.2854927e+001 -4.1711548e+001 -4.1680134e+001
 -1.3333333e-001 -4.1991089e+001 -4.3485828e+001 -4.2850605e+001 -4.1704475e+001 -4.1668919e+001
 -1.2666667e-001 -4.1986961e+001 -4.3476902e+001 -4.2840076e+001 -4.1709267e+001 -4.1655018e+001
 -1.2000000e-001 -4.1996128e+001 -4.3485092e+001 -4.2840019e+001 -4.1725151e+001 -4.1651363e+001
 -1.1333333e-001 -4.1995598e+001 -4.3488857e+001 -4.2833660e+001 -4.1736824e+001 -4.1660015e+001
 -1.0666667e-001 -4.1979080e+001 -4.3490356e+001 -4.2824585e+001 -4.1754696e+001 -4.1670921e+001
 -1.0000000e-001 -4.1983311e+001 -4.3497940e+001 -4.2826759e+001 -4.1758934e+001 -4.1679626e+001
 -9.3333333e-002 -4.1990479e+001 -4.3507542e+001 -4.2825668e+001 -4.1762535e+001 -4.1668453e+001
 -8.6666667e-002 -4.1991928e+001 -4.3516411e+001 -4.2827965e+001 -4.1774265e+001 -4.1660595e+001
 -8.0000000e-002 -4.1994022e+001 -4.3522423e+001 -4.2827431e+001 -4.1781506e+001 -4.1668835e+001
 -7.3333333e-002 -4.1991913e+001 -4.3529621e+001 -4.2817242e+001 -4.1787388e+001 -4.1666882e+001
 -6.6666667e-002 -4.1975964e+001 -4.3525867e+001 -4.2812916e+001 -4.1786945e+001 -4.1655766e+001
 -6.0000000e-002 -4.1970627e+001 -4.3536022e+001 -4.2804329e+001 -4.1785290e+001 -4.1655651e+001
 -5.3333333e-002 -4.1975189e+001 -4.3555996e+001 -4.2809772e+001 -4.1792072e+001 -4.1671532e+001
 -4.6666667e-002 -4.1966740e+001 -4.3561989e+001 -4.2812588e+001 -4.1792904e+001 -4.1674160e+001
 -4.0000000e-002 -4.1962677e+001 -4.3573566e+001 -4.2804356e+001 -4.1775486e+001 -4.1680618e+001
 -3.3333333e-002 -4.1968452e+001 -4.3589249e+001 -4.2802052e+001 -4.1765999e+001 -4.1689426e+001
 -2.6666667e-002 -4.1971188e+001 -4.3599682e+001 -4.2799797e+001 -4.1772991e+001 -4.1673779e+001
 -2.0000000e-002 -4.1979900e+001 -4.3606426e+001 -4.2793545e+001 -4.1784607e+001 -4.1668304e+001
 -1.3333333e-002 -4.1985973e+001 -4.3608620e+001 -4.2777279e+001 -4.1789711e+001 -4.1681484e+001
 -6.6666667e-003 -4.1977184e+001 -4.3612049e+001 -4.2771729e+001 -4.1794189e+001 -4.1693066e+001
  0.0000000e+000 -4.1977562e+001 -4.3626976e+001 -4.2782288e+001 -4.1797760e+001 -4.1703114e+001
  6.6666667e-003 -4.1970493e+001 -4.3646870e+001 -4.2789623e+001 -4.1807217e+001 -4.1687611e+001
  1.3333333e-002 -4.1975281e+001 -4.3649586e+001 -4.2780830e+001 -4.1831066e+001 -4.1667942e+001
  2.0000000e-002 -4.1976658e+001 -4.3653568e+001 -4.2784061e+001 -4.1850327e+001 -4.1663494e+001
  2.6666667e-002 -4.1964764e+001 -4.3663166e+001 -4.2789604e+001 -4.1853462e+001 -4.1666801e+001
  3.3333333e-002 -4.1970875e+001 -4.3667839e+001 -4.2779118e+001 -4.1851067e+001 -4.1672543e+001
  4.0000000e-002 -4.1972591e+001 -4.3678444e+001 -4.2774258e+001 -4.1833115e+001 -4.1693748e+001
  4.6666667e-002 -4.1962620e+001 -4.3674816e+001 -4.2773075e+001 -4.1821606e+001 -4.1700394e+001
  5.3333333e-002 -4.1963356e+001 -4.3662556e+001 -4.2784229e+001 -4.1820213e+001 -4.1694298e+001
  6.0000000e-002 -4.1958931e+001 -4.3673035e+001 -4.2785397e+001 -4.1813534e+001 -4.1686993e+001
  6.6666667e-002 -4.1960094e+001 -4.3690479e+001 -4.2786503e+001 -4.1842751e+001 -4.1681946e+001
  7.3333333e-002 -4.1963505e+001 -4.3706936e+001 -4.2792622e+001 -4.1876431e+001 -4.1663574e+001
  8.0000000e-002 -4.1970482e+001 -4.3711369e+001 -4.2788849e+001 -4.1904434e+001 -4.1644623e+001
  8.6666667e-002 -4.1980164e+001 -4.3718731e+001 -4.2784973e+001 -4.1911339e+001 -4.1632702e+001
  9.3333333e-002 -4.1997356e+001 -4.3731720e+001 -4.2790234e+001 -4.1912285e+001 -4.1641129e+001
  1.0000000e-001 -4.2025860e+001 -4.3753090e+001 -4.2804333e+001 -4.1924908e+001 -4.1647678e+001
  1.0666667e-001 -4.2042564e+001 -4.3771553e+001 -4.2814472e+001 -4.1926842e+001 -4.1659958e+001
  1.1333333e-001 -4.2047970e+001 -4.3778278e+001 -4.2818539e+001 -4.1945358e+001 -4.1658470e+001
  1.2000000e-001 -4.2048634e+001 -4.3797997e+001 -4.2803616e+001 -4.1990932e+001 -4.1658306e+001
  1.2666667e-001 -4.2052731e+001 -4.3823215e+001 -4.2793152e+001 -4.2033817e+001 -4.1668926e+001
  1.3333333e-001 -4.2071846e+001 -4.3882324e+001 -4.2772766e+001 -4.2057285e+001 -4.1661320e+001
  1.4000000e-001 -4.2146812e+001 -4.3988808e+001 -4.2707283e+001 -4.2101952e+001 -4.1635803e+001
  1.4666667e-001 -4.2284431e+001 -4.4098976e+001 -4.2607426e+001 -4.2179955e+001 -4.1615002e+001
  1.5333333e-001 -4.2442329e+001 -4.4198483e+001 -4.2495560e+001 -4.2259495e+001 -4.1592186e+001
  1.6000000e-001 -4.2608673e+001 -4.4252815e+001 -4.2402977e+001 -4.2317547e+001 -4.1568768e+001
  1.6666667e-001 -4.2765789e+001 -4.4246872e+001 -4.2331348e+001 -4.2366055e+001 -4.1537334e+001
  1.7333333e-001 -4.2881290e+001 -4.4206970e+001 -4.2275154e+001 -4.2400539e+001 -4.1502365e+001
  1.8000000e-001 -4.2986195e+001 -4.4139275e+001 -4.2240940e+001 -4.2431335e+001 -4.1450108e+001
  1.8666667e-001 -4.3098907e+001 -4.4059650e+001 -4.2188671e+001 -4.2493145e+001 -4.1392082e+001
  1.9333333e-001 -4.3200714e+001 -4.3994152e+001 -4.2091805e+001 -4.2555595e+001 -4.1294388e+001
  2.0000000e-001 -4.3305210e+001 -4.3972126e+001 -4.1955563e+001 -4.2647133e+001 -4.1167984e+001
  2.0666667e-001 -4.3439262e+001 -4.3949947e+001 -4.1797760e+001 -4.2743080e+001 -4.1057571e+001
  2.1333333e-001 -4.3597679e+001 -4.3891209e+001 -4.1630730e+001 -4.2790249e+001 -4.0932190e+001
  2.2000000e-001 -4.3704525e+001 -4.3828693e+001 -4.1473820e+001 -4.2836060e+001 -4.0817776e+001
  2.2666667e-001 -4.3876400e+001 -4.3750710e+001 -4.1320953e+001 -4.2875149e+001 -4.0686203e+001
  2.3333333e-001 -4.4125748e+001 -4.3664059e+001 -4.1193138e+001 -4.2891880e+001 -4.0561543e+001
  2.4000000e-001 -4.4398769e+001 -4.3531208e+001 -4.1082291e+001 -4.2886349e+001 -4.0507904e+001
  2.4666667e-001 -4.4727318e+001 -4.3371849e+001 -4.0956631e+001 -4.2779839e+001 -4.0489491e+001
  2.5333333e-001 -4.5054047e+001 -4.3104843e+001 -4.0790134e+001 -4.2591370e+001 -4.0537899e+001
  2.6000000e-001 -4.5297058e+001 -4.2716293e+001 -4.0589832e+001 -4.2341621e+001 -4.0651581e+001
  2.6666667e-001 -4.5406364e+001 -4.2229980e+001 -4.0496910e+001 -4.2058403e+001 -4.0711403e+001
  2.7333333e-001 -4.5349194e+001 -4.1688618e+001 -4.0459801e+001 -4.1773518e+001 -4.0701721e+001
  2.8000000e-001 -4.5127106e+001 -4.1203281e+001 -4.0460857e+001 -4.1525311e+001 -4.0595215e+001
  2.8666667e-001 -4.4780464e+001 -4.0855194e+001 -4.0588291e+001 -4.1331772e+001 -4.0407238e+001
  2.9333333e-001 -4.4434681e+001 -4.0700020e+001 -4.0788731e+001 -4.1189453e+001 -4.0178555e+001
  3.0000000e-001 -4.4091957e+001 -4.0728420e+001 -4.1106205e+001 -4.1152580e+001 -3.9874065e+001
  3.0666667e-001 -4.3814850e+001 -4.0942757e+001 -4.1850327e+001 -4.1180206e+001 -3.9583900e+001
  3.1333333e-001 -4.3686150e+001 -4.1293457e+001 -4.2233814e+001 -4.1317272e+001 -3.9396919e+001
  3.2000000e-001 -4.3749836e+001 -4.1735352e+001 -4.2275425e+001 -4.1558891e+001 -3.9283684e+001
  3.2666667e-001 -4.4000786e+001 -4.2196911e+001 -4.3117661e+001 -4.1848843e+001 -3.9269604e+001
  3.3333333e-001 -4.4445095e+001 -4.2670933e+001 -4.4043240e+001 -4.2232758e+001 -3.9345562e+001
  3.4000000e-001 -4.5090389e+001 -4.3090504e+001 -4.5021687e+001 -4.2682049e+001 -3.9490059e+001
  3.4666667e-001 -4.5956230e+001 -4.3370872e+001 -4.5951885e+001 -4.3142998e+001 -3.9726265e+001
  3.5333333e-001 -4.7028358e+001 -4.3520027e+001 -4.6714031e+001 -4.3621555e+001 -4.0067905e+001
  3.6000000e-001 -4.8149418e+001 -4.3516323e+001 -4.7226223e+001 -4.4161507e+001 -4.0484886e+001
  3.6666667e-001 -4.9010071e+001 -4.3439152e+001 -4.7396301e+001 -4.4668415e+001 -4.0902191e+001
  3.7333333e-001 -4.9404446e+001 -4.3375793e+001 -4.7232471e+001 -4.5071850e+001 -4.1304314e+001
  3.8000000e-001 -4.9385536e+001 -4.3364613e+001 -4.6806015e+001 -4.5445530e+001 -4.1701080e+001
  3.8666667e-001 -4.9111351e+001 -4.3389187e+001 -4.6304260e+001 -4.5751553e+001 -4.1966274e+001
  3.9333333e-001 -4.8745625e+001 -4.3438438e+001 -4.5881149e+001 -4.5926395e+001 -4.2090763e+001
  4.0000000e-001 -4.8401611e+001 -4.3506210e+001 -4.5575054e+001 -4.6063622e+001 -4.2079826e+001
  4.0666667e-001 -4.8134773e+001 -4.3575172e+001 -4.5434978e+001 -4.6153564e+001 -4.1977585e+001
  4.1333333e-001 -4.7990654e+001 -4.3648720e+001 -4.5412327e+001 -4.6227627e+001 -4.1872013e+001
  4.2000000e-001 -4.8000980e+001 -4.3694733e+001 -4.5435970e+001 -4.6286453e+001 -4.1745945e+001
  4.2666667e-001 -4.8145813e+001 -4.3728645e+001 -4.5508350e+001 -4.6376080e+001 -4.1692314e+001
  4.3333333e-001 -4.8402020e+001 -4.3724274e+001 -4.5171219e+001 -4.6467194e+001 -4.1661102e+001
  4.4000000e-001 -4.8553799e+001 -4.3643341e+001 -4.5040436e+001 -4.7224403e+001 -4.1604885e+001
  4.4666667e-001 -4.8559029e+001 -4.3587856e+001 -4.4918385e+001 -4.7245216e+001 -4.1562630e+001
  4.5333333e-001 -4.8526302e+001 -4.3557026e+001 -4.5146702e+001 -4.7309837e+001 -4.1536308e+001
  4.6000000e-001 -4.8476402e+001 -4.3547810e+001 -4.5534306e+001 -4.5696259e+001 -4.1589382e+001
  4.6666667e-001 -4.8196568e+001 -4.3586216e+001 -4.5459049e+001 -4.6598804e+001 -4.1664318e+001
  4.7333333e-001 -4.8135990e+001 -4.3627476e+001 -4.4374123e+001 -4.6641487e+001 -4.1695499e+001
  4.8000000e-001 -4.7360081e+001 -4.3708370e+001 -4.5420479e+001 -4.6702538e+001 -4.1781590e+001
  4.8666667e-001 -4.8192543e+001 -4.3818344e+001 -4.4721382e+001 -4.6886311e+001 -4.1890472e+001
  4.9333333e-001 -4.8175560e+001 -4.3968678e+001 -4.4742161e+001 -4.7021511e+001 -4.1964951e+001
  5.0000000e-001 -4.8265739e+001 -4.4126263e+001 -4.4844799e+001 -4.7107990e+001 -4.2099812e+001
  5.0666667e-001 -4.8484554e+001 -4.3887093e+001 -4.4957630e+001 -4.7263073e+001 -4.1954063e+001
  5.1333333e-001 -4.8783482e+001 -4.4392151e+001 -4.4975452e+001 -4.7380077e+001 -4.1432663e+001
  5.2000000e-001 -4.9153229e+001 -4.4580376e+001 -4.5072140e+001 -4.7445683e+001 -4.1638393e+001
  5.2666667e-001 -4.9525154e+001 -4.4763252e+001 -4.5253536e+001 -4.7567383e+001 -4.2952347e+001
  5.3333333e-001 -4.9932507e+001 -4.5068756e+001 -4.5393909e+001 -4.7713932e+001 -4.3114471e+001
  5.4000000e-001 -5.0193504e+001 -4.5625576e+001 -4.5348698e+001 -4.7782356e+001 -4.3350571e+001
  5.4666667e-001 -5.0215649e+001 -4.5860386e+001 -4.5295479e+001 -4.7908905e+001 -4.3883484e+001
  5.5333333e-001 -4.8869377e+001 -4.6146629e+001 -4.5310551e+001 -4.8011677e+001 -4.4191505e+001
  5.6000000e-001 -4.9643368e+001 -4.6447369e+001 -4.5329659e+001 -4.8071362e+001 -4.4386642e+001
  5.6666667e-001 -5.0005337e+001 -4.7282940e+001 -4.5266838e+001 -4.8154240e+001 -4.4572418e+001
  5.7333333e-001 -5.0237717e+001 -4.7615524e+001 -4.5314354e+001 -4.8249729e+001 -4.4828621e+001
  5.8000000e-001 -5.0562771e+001 -4.7902439e+001 -4.5468998e+001 -4.8404415e+001 -4.5016964e+001
  5.8666667e-001 -5.1037498e+001 -4.8227169e+001 -4.5607494e+001 -4.8517918e+001 -4.5155926e+001
  5.9333333e-001 -5.1521961e+001 -4.8543686e+001 -4.5738262e+001 -4.8671787e+001 -4.5285980e+001
  6.0000000e-001 -5.1976048e+001 -4.8814072e+001 -4.5818302e+001 -4.8890053e+001 -4.5494602e+001
  6.0666667e-001 -5.2388424e+001 -4.9145119e+001 -4.6487038e+001 -4.9141422e+001 -4.5650780e+001
  6.1333333e-001 -5.2643909e+001 -4.9440075e+001 -4.6614475e+001 -4.9352638e+001 -4.5818535e+001
  6.2000000e-001 -5.2709377e+001 -4.9718006e+001 -4.6731903e+001 -4.9584572e+001 -4.5986710e+001
  6.2666667e-001 -5.2694561e+001 -5.0019009e+001 -4.6880943e+001 -4.9840012e+001 -4.6114651e+001
  6.3333333e-001 -5.2648598e+001 -4.9979481e+001 -4.6635731e+001 -5.0020237e+001 -4.6210152e+001
  6.4000000e-001 -5.2628868e+001 -5.0345715e+001 -4.6937984e+001 -5.0285870e+001 -4.6265076e+001
  6.4666667e-001 -5.2612820e+001 -5.0741722e+001 -4.6961300e+001 -5.0501717e+001 -4.6307903e+001
  6.5333333e-001 -5.2597893e+001 -5.1151421e+001 -4.7072880e+001 -5.0653732e+001 -4.7088474e+001
  6.6000000e-001 -5.2568790e+001 -5.1489021e+001 -4.7187233e+001 -5.0844593e+001 -4.7188469e+001
  6.6666667e-001 -5.2489090e+001 -5.1021709e+001 -4.7236740e+001 -5.1069286e+001 -4.7203388e+001
  6.7333333e-001 -5.2374729e+001 -5.1290848e+001 -4.7391785e+001 -5.1202194e+001 -4.7254608e+001
  6.8000000e-001 -5.2167408e+001 -5.1621761e+001 -4.7896519e+001 -5.1341267e+001 -4.7329426e+001
  6.8666667e-001 -5.1863338e+001 -5.1952675e+001 -4.8011494e+001 -5.1535591e+001 -4.7382874e+001
  6.9333333e-001 -5.1495956e+001 -5.2354225e+001 -4.8091087e+001 -5.1714977e+001 -4.7560810e+001
  7.0000000e-001 -5.1115116e+001 -5.2740639e+001 -4.8249550e+001 -5.1893475e+001 -4.7696571e+001
  7.0666667e-001 -5.0742355e+001 -5.3231323e+001 -4.8351246e+001 -5.2100346e+001 -4.7799694e+001
  7.1333333e-001 -5.0371571e+001 -5.3826729e+001 -4.8422382e+001 -5.2346165e+001 -4.7912434e+001
  7.2000000e-001 -5.0026302e+001 -5.4434536e+001 -4.8136780e+001 -5.2557930e+001 -4.7991428e+001
  7.2666667e-001 -4.9685211e+001 -5.5114399e+001 -4.7582561e+001 -5.2705181e+001 -4.8149910e+001
  7.3333333e-001 -4.9353767e+001 -5.5846756e+001 -4.7716801e+001 -5.2937927e+001 -4.8398029e+001
  7.4000000e-001 -4.8985611e+001 -5.6567905e+001 -4.8499699e+001 -5.3152443e+001 -4.8015991e+001
  7.4666667e-001 -4.8594074e+001 -5.8171917e+001 -4.8481815e+001 -5.3319786e+001 -4.8197395e+001
  7.5333333e-001 -4.8192982e+001 -5.8967529e+001 -4.8482384e+001 -5.3483612e+001 -4.8977077e+001
  7.6000000e-001 -4.7795200e+001 -5.9800350e+001 -4.7784698e+001 -5.3661694e+001 -4.9205624e+001
  7.6666667e-001 -4.7415096e+001 -5.9642914e+001 -4.7757381e+001 -5.3876152e+001 -4.9432171e+001
  7.7333333e-001 -4.7050491e+001 -6.0288837e+001 -4.7796005e+001 -5.4008842e+001 -4.9600071e+001
  7.8000000e-001 -4.6734177e+001 -6.0977177e+001 -4.7790104e+001 -5.4090294e+001 -4.9769539e+001
  7.8666667e-001 -4.6444233e+001 -6.2546898e+001 -4.7795815e+001 -5.4154785e+001 -4.9962681e+001
  7.9333333e-001 -4.6163868e+001 -6.3680920e+001 -4.7748177e+001 -5.4255215e+001 -5.0163708e+001
  8.0000000e-001 -4.5898170e+001 -6.4459610e+001 -4.7651268e+001 -5.4359547e+001 -5.0229355e+001
  8.0666667e-001 -4.5670986e+001 -6.4988823e+001 -4.7649990e+001 -5.4444897e+001 -5.0284634e+001
  8.1333333e-001 -4.5495125e+001 -6.5749390e+001 -4.7782650e+001 -5.4509689e+001 -5.0454937e+001
  8.2000000e-001 -4.5383614e+001 -6.6534279e+001 -4.7803150e+001 -5.4628845e+001 -5.0627892e+001
  8.2666667e-001 -4.5292416e+001 -6.6878906e+001 -4.8199600e+001 -5.4791969e+001 -5.0298935e+001
  8.3333333e-001 -4.5222698e+001 -6.7664948e+001 -4.8197598e+001 -5.4826870e+001 -5.0503433e+001
  8.4000000e-001 -4.5169365e+001 -6.8423195e+001 -4.8238663e+001 -5.4934906e+001 -5.0771290e+001
  8.4666667e-001 -4.5133339e+001 -6.9147667e+001 -4.8212196e+001 -5.4964474e+001 -5.1044144e+001
  8.5333333e-001 -4.5109962e+001 -6.9850075e+001 -4.8194500e+001 -5.5007515e+001 -5.1312950e+001
  8.6000000e-001 -4.5146618e+001 -7.0444359e+001 -4.8196667e+001 -5.5082451e+001 -5.1624088e+001
  8.6666667e-001 -4.5243217e+001 -7.0963318e+001 -4.8144535e+001 -5.5109547e+001 -5.1960346e+001
  8.7333333e-001 -4.5399487e+001 -7.1494270e+001 -4.8069881e+001 -5.5209728e+001 -5.2253189e+001
  8.8000000e-001 -4.5622299e+001 -7.1973427e+001 -4.8092354e+001 -5.5205364e+001 -5.2524120e+001
  8.8666667e-001 -4.5886715e+001 -7.2354126e+001 -4.8137890e+001 -5.5235844e+001 -5.2790188e+001
  8.9333333e-001 -4.6160202e+001 -7.2680305e+001 -4.7617435e+001 -5.5248383e+001 -5.3168377e+001
  9.0000000e-001 -4.6397972e+001 -7.3014297e+001 -4.8118160e+001 -5.5233910e+001 -5.3410439e+001
  9.0666667e-001 -4.6635803e+001 -7.3338242e+001 -4.8159103e+001 -5.5264065e+001 -5.3834969e+001
  9.1333333e-001 -4.6828346e+001 -7.3684357e+001 -4.8190983e+001 -5.5276424e+001 -5.4258286e+001
  9.2000000e-001 -4.6967094e+001 -7.3938972e+001 -4.8138187e+001 -5.5190609e+001 -5.4720856e+001
  9.2666667e-001 -4.7130569e+001 -7.4174194e+001 -4.7982010e+001 -5.5196491e+001 -5.5155449e+001
  9.3333333e-001 -4.7406738e+001 -7.4366379e+001 -4.7960468e+001 -5.5218887e+001 -5.5653282e+001
  9.4000000e-001 -4.7806984e+001 -7.4557823e+001 -4.7936417e+001 -5.5143494e+001 -5.6101288e+001
  9.4666667e-001 -4.8248600e+001 -7.4617996e+001 -4.7940609e+001 -5.5066029e+001 -5.6549580e+001
  9.5333333e-001 -4.8662281e+001 -7.4551430e+001 -4.8020416e+001 -5.5046597e+001 -5.7097404e+001
  9.6000000e-001 -4.8975723e+001 -7.4539948e+001 -4.7978645e+001 -5.5038101e+001 -5.7638176e+001
  9.6666667e-001 -4.9210548e+001 -7.4381653e+001 -4.7993649e+001 -5.4920029e+001 -5.8221661e+001
  9.7333333e-001 -4.9439545e+001 -7.4196342e+001 -4.8035450e+001 -5.4839771e+001 -5.8871723e+001
  9.8000000e-001 -4.9686832e+001 -7.4100250e+001 -4.8017330e+001 -5.4892769e+001 -5.9528496e+001
  9.8666667e-001 -4.9919403e+001 -7.3909370e+001 -4.7959713e+001 -5.4850933e+001 -6.0173798e+001
  9.9333333e-001 -5.0135910e+001 -7.3719696e+001 -4.7926430e+001 -5.4778713e+001 -6.0959396e+001
  1.0000000e+000 -5.0393272e+001 -7.3497452e+001 -4.7872105e+001 -5.4770226e+001 -6.1668316e+001
  1.0066667e+000 -5.0655640e+001 -7.3253059e+001 -4.7817894e+001 -5.4736591e+001 -6.2330006e+001
  1.0133333e+000 -5.0857510e+001 -7.3062080e+001 -4.7754242e+001 -5.4728794e+001 -6.3027874e+001
  1.0200000e+000 -5.0985561e+001 -7.2832199e+001 -4.7746918e+001 -5.4726868e+001 -6.3704609e+001
  1.0266667e+000 -5.1059589e+001 -7.2611656e+001 -4.7749325e+001 -5.4688477e+001 -6.4328590e+001
  1.0333333e+000 -5.1078152e+001 -7.2433311e+001 -4.7779533e+001 -5.4615582e+001 -6.5021965e+001
  1.0400000e+000 -5.1104324e+001 -7.2377434e+001 -4.7749557e+001 -5.4528847e+001 -6.5717712e+001
  1.0466667e+000 -5.1166836e+001 -7.2287766e+001 -4.7645123e+001 -5.4485699e+001 -6.6286613e+001
  1.0533333e+000 -5.1256344e+001 -7.2223106e+001 -4.7666527e+001 -5.4450832e+001 -6.7005981e+001
  1.0600000e+000 -5.1377548e+001 -7.2191071e+001 -4.7660107e+001 -5.4486141e+001 -6.7743156e+001
  1.0666667e+000 -5.1516857e+001 -7.2173729e+001 -4.7709198e+001 -5.4439339e+001 -6.8357498e+001
  1.0733333e+000 -5.1656761e+001 -7.2113289e+001 -4.7737217e+001 -5.4282814e+001 -6.8956718e+001
  1.0800000e+000 -5.1792149e+001 -7.2111061e+001 -4.7802319e+001 -5.4206890e+001 -6.9510002e+001
  1.0866667e+000 -5.1973606e+001 -7.2100769e+001 -4.7944191e+001 -5.4237926e+001 -7.0080040e+001
  1.0933333e+000 -5.2162643e+001 -7.2049767e+001 -4.8065083e+001 -5.4191944e+001 -7.0652969e+001
  1.1000000e+000 -5.1601933e+001 -7.2130051e+001 -4.8184170e+001 -5.4011444e+001 -7.1151268e+001
  1.1066667e+000 -5.1787182e+001 -7.2134247e+001 -4.8262379e+001 -5.3973270e+001 -7.1617378e+001
  1.1133333e+000 -5.1915150e+001 -7.2162987e+001 -4.8383492e+001 -5.3961567e+001 -7.2106880e+001
  1.1200000e+000 -5.2058647e+001 -7.2187149e+001 -4.8464855e+001 -5.3906986e+001 -7.2461311e+001
  1.1266667e+000 -5.2185253e+001 -7.2212288e+001 -4.8565594e+001 -5.3892891e+001 -7.2845360e+001
  1.1333333e+000 -5.2305939e+001 -7.2266922e+001 -4.8687084e+001 -5.3739346e+001 -7.3254738e+001
  1.1400000e+000 -5.2402988e+001 -7.2168396e+001 -4.8790489e+001 -5.3643379e+001 -7.3441246e+001
  1.1466667e+000 -5.2546490e+001 -7.2085365e+001 -4.8901211e+001 -5.3561779e+001 -7.3553268e+001
  1.1533333e+000 -5.2743103e+001 -7.2092171e+001 -4.8906170e+001 -5.3479870e+001 -7.3706184e+001
  1.1600000e+000 -5.2885620e+001 -7.1922523e+001 -4.8913654e+001 -5.3392303e+001 -7.3830498e+001
  1.1666667e+000 -5.3043938e+001 -7.1773460e+001 -4.8922619e+001 -5.3303116e+001 -7.3866768e+001
  1.1733333e+000 -5.3195568e+001 -7.1692505e+001 -4.9011765e+001 -5.3205151e+001 -7.3855194e+001
  1.1800000e+000 -5.3374321e+001 -7.1535545e+001 -4.9141224e+001 -5.3113014e+001 -7.3915398e+001
  1.1866667e+000 -5.3590134e+001 -7.1368317e+001 -4.9172146e+001 -5.3026661e+001 -7.3824394e+001
  1.1933333e+000 -5.3775127e+001 -7.1241882e+001 -4.9214241e+001 -5.2947453e+001 -7.3670486e+001
  1.2000000e+000 -5.3984589e+001 -7.1185616e+001 -4.9181084e+001 -5.2864002e+001 -7.3506104e+001
  1.2066667e+000 -5.4317780e+001 -7.1019608e+001 -4.9221775e+001 -5.2779144e+001 -7.3312378e+001
  1.2133333e+000 -5.5239594e+001 -7.0855507e+001 -4.9314281e+001 -5.2689423e+001 -7.3143211e+001
  1.2200000e+000 -5.5550690e+001 -7.0759918e+001 -4.9336071e+001 -5.2607620e+001 -7.2804955e+001
  1.2266667e+000 -5.5923008e+001 -7.0627335e+001 -4.9340542e+001 -5.2515198e+001 -7.2425163e+001
  1.2333333e+000 -5.6321594e+001 -7.0518898e+001 -4.9310574e+001 -5.2414593e+001 -7.2082085e+001
  1.2400000e+000 -5.6703823e+001 -7.0335510e+001 -4.9267941e+001 -5.2338707e+001 -7.1747566e+001
  1.2466667e+000 -5.6990997e+001 -7.0157692e+001 -4.9315331e+001 -5.2284142e+001 -7.1352379e+001
  1.2533333e+000 -5.7417706e+001 -7.0039711e+001 -4.9300179e+001 -5.2219559e+001 -7.0875244e+001
  1.2600000e+000 -5.7802921e+001 -6.9858337e+001 -4.9248707e+001 -5.2139328e+001 -7.0406799e+001
  1.2666667e+000 -5.8072346e+001 -6.9242912e+001 -4.9270031e+001 -5.2068287e+001 -6.9930466e+001
  1.2733333e+000 -5.8364704e+001 -6.9516014e+001 -4.9248978e+001 -5.2005451e+001 -6.9419319e+001
  1.2800000e+000 -5.8652855e+001 -6.9330566e+001 -4.9251820e+001 -5.1950428e+001 -6.8864014e+001
  1.2866667e+000 -5.8999756e+001 -6.9161354e+001 -4.9318829e+001 -5.1895134e+001 -6.8304977e+001
  1.2933333e+000 -5.9373638e+001 -6.8996689e+001 -4.9437031e+001 -5.1832489e+001 -6.7774895e+001
  1.3000000e+000 -5.9721516e+001 -6.8836533e+001 -4.9444824e+001 -5.1754383e+001 -6.7099701e+001
  1.3066667e+000 -6.0034386e+001 -6.8720886e+001 -4.9407768e+001 -5.1670925e+001 -6.6429420e+001
  1.3133333e+000 -6.0336773e+001 -6.8615852e+001 -4.9453415e+001 -5.1575565e+001 -6.5912476e+001
  1.3200000e+000 -6.0648884e+001 -6.8482201e+001 -4.9504646e+001 -5.1492874e+001 -6.5404121e+001
  1.3266667e+000 -6.0896343e+001 -6.8313217e+001 -4.9596523e+001 -5.1409832e+001 -6.4927765e+001
  1.3333333e+000 -6.1116444e+001 -6.8171593e+001 -4.9616535e+001 -5.1321011e+001 -6.4335739e+001
  1.3400000e+000 -6.1430305e+001 -6.8002113e+001 -4.9612595e+001 -5.1207951e+001 -6.4432755e+001
  1.3466667e+000 -6.1642590e+001 -6.7806259e+001 -4.9701420e+001 -5.1091206e+001 -6.3234097e+001
  1.3533333e+000 -6.1775059e+001 -6.7609856e+001 -4.9726402e+001 -5.0979645e+001 -6.2673603e+001
  1.3600000e+000 -6.1986794e+001 -6.7404343e+001 -4.9699265e+001 -5.0876831e+001 -6.2152542e+001
  1.3666667e+000 -6.2120750e+001 -6.7225883e+001 -4.9766911e+001 -5.0817078e+001 -6.1637138e+001
  1.3733333e+000 -6.2232292e+001 -6.7052246e+001 -4.9821892e+001 -5.0726387e+001 -6.1146347e+001
  1.3800000e+000 -6.2412426e+001 -6.6916336e+001 -4.9796974e+001 -5.0628197e+001 -6.0628586e+001
  1.3866667e+000 -6.2555847e+001 -6.6789467e+001 -4.9772472e+001 -5.0554424e+001 -6.0098724e+001
  1.3933333e+000 -6.2704136e+001 -6.6668724e+001 -4.9827759e+001 -5.0464008e+001 -5.9552319e+001
  1.4000000e+000 -6.2917824e+001 -6.6532280e+001 -4.9893486e+001 -5.0361496e+001 -5.9083916e+001
  1.4066667e+000 -6.3111507e+001 -6.6390556e+001 -4.9780682e+001 -5.0260323e+001 -5.8623009e+001
  1.4133333e+000 -6.3256458e+001 -6.6237061e+001 -4.9648838e+001 -5.0184872e+001 -5.8165195e+001
  1.4200000e+000 -6.3383495e+001 -6.6045479e+001 -4.9783684e+001 -5.0100437e+001 -5.7743137e+001
  1.4266667e+000 -6.3527706e+001 -6.5832489e+001 -4.9826530e+001 -4.9960850e+001 -5.7357540e+001
  1.4333333e+000 -6.3657181e+001 -6.5566063e+001 -4.9774681e+001 -4.9841286e+001 -5.6984325e+001
  1.4400000e+000 -6.3855335e+001 -6.5275856e+001 -4.9780003e+001 -4.9765808e+001 -5.6614662e+001
  1.4466667e+000 -6.4021606e+001 -6.5005638e+001 -4.9831051e+001 -4.9693230e+001 -5.6243496e+001
  1.4533333e+000 -6.4095032e+001 -6.4650040e+001 -4.9922897e+001 -4.9578056e+001 -5.5879955e+001
  1.4600000e+000 -6.3522987e+001 -6.4298264e+001 -4.9950432e+001 -4.9489273e+001 -5.5505669e+001
  1.4666667e+000 -6.4580208e+001 -6.4012291e+001 -5.0040810e+001 -4.9453091e+001 -5.5115292e+001
  1.4733333e+000 -6.4758781e+001 -6.3698673e+001 -5.0130051e+001 -4.9390480e+001 -5.4715157e+001
  1.4800000e+000 -6.4894829e+001 -6.3368629e+001 -5.0151058e+001 -4.9299480e+001 -5.4318295e+001
  1.4866667e+000 -6.5876244e+001 -6.3051212e+001 -5.0268833e+001 -4.9231598e+001 -5.3944500e+001
  1.4933333e+000 -6.5355545e+001 -6.2737316e+001 -5.0373898e+001 -4.9188992e+001 -5.3552044e+001
  1.5000000e+000 -6.4672592e+001 -6.2404270e+001 -5.0480309e+001 -4.9111469e+001 -5.3148315e+001
  1.5066667e+000 -6.4726624e+001 -6.2036804e+001 -5.0603512e+001 -4.9029240e+001 -5.2758739e+001
  1.5133333e+000 -6.4932617e+001 -6.1690521e+001 -5.0678551e+001 -4.8982098e+001 -5.2360729e+001
  1.5200000e+000 -6.5829567e+001 -6.1350883e+001 -5.0760227e+001 -4.8952927e+001 -5.2017624e+001
  1.5266667e+000 -6.5970810e+001 -6.1016178e+001 -5.0816238e+001 -4.8920208e+001 -5.1703651e+001
  1.5333333e+000 -6.6219627e+001 -6.0694798e+001 -5.0926666e+001 -4.8877140e+001 -5.1353634e+001
  1.5400000e+000 -6.6339333e+001 -6.0335487e+001 -5.1056335e+001 -4.8859825e+001 -5.1068295e+001
  1.5466667e+000 -6.6439148e+001 -6.0002831e+001 -5.1192482e+001 -4.8839615e+001 -5.0790497e+001
  1.5533333e+000 -6.6584587e+001 -5.9681675e+001 -5.1369534e+001 -4.8778118e+001 -5.0507984e+001
  1.5600000e+000 -6.6747314e+001 -5.9354084e+001 -5.1546532e+001 -4.8734295e+001 -5.0293377e+001
  1.5666667e+000 -6.6915314e+001 -5.9058884e+001 -5.1649853e+001 -4.8710079e+001 -5.0095863e+001
  1.5733333e+000 -6.7095879e+001 -5.8784534e+001 -5.1723637e+001 -4.8675549e+001 -4.9899738e+001
  1.5800000e+000 -6.7292587e+001 -5.8509579e+001 -5.1866474e+001 -4.8642780e+001 -4.9652210e+001
  1.5866667e+000 -6.7471779e+001 -5.8221107e+001 -5.2006313e+001 -4.8609612e+001 -4.9431133e+001
  1.5933333e+000 -6.7659721e+001 -5.7950844e+001 -5.2022739e+001 -4.8580524e+001 -4.9262718e+001
  1.6000000e+000 -6.7873322e+001 -5.7691719e+001 -5.2126442e+001 -4.8558064e+001 -4.9103817e+001
  1.6066667e+000 -6.8049423e+001 -5.7413197e+001 -5.2259045e+001 -4.8532116e+001 -4.8949543e+001
  1.6133333e+000 -6.8192833e+001 -5.7131157e+001 -5.2296543e+001 -4.8525764e+001 -4.8806213e+001
  1.6200000e+000 -6.8343201e+001 -5.6848888e+001 -5.2417824e+001 -4.8523384e+001 -4.8686768e+001
  1.6266667e+000 -6.8460381e+001 -5.6579441e+001 -5.2454296e+001 -4.8501141e+001 -4.8574650e+001
  1.6333333e+000 -6.8525314e+001 -5.6304260e+001 -5.2611237e+001 -4.8465748e+001 -4.8453125e+001
  1.6400000e+000 -6.8545349e+001 -5.6001041e+001 -5.2835293e+001 -4.8426708e+001 -4.8330479e+001
  1.6466667e+000 -6.8521660e+001 -5.5713917e+001 -5.2936375e+001 -4.8421276e+001 -4.8234531e+001
  1.6533333e+000 -6.8501839e+001 -5.5437206e+001 -5.3004509e+001 -4.8443226e+001 -4.8125496e+001
  1.6600000e+000 -6.8469574e+001 -5.5147144e+001 -5.3138775e+001 -4.8469360e+001 -4.8005775e+001
  1.6666667e+000 -6.8442558e+001 -5.4831944e+001 -5.3340820e+001 -4.8460846e+001 -4.7912193e+001
  1.6733333e+000 -6.8453110e+001 -5.4552074e+001 -5.3463741e+001 -4.8436077e+001 -4.7832825e+001
  1.6800000e+000 -6.8477753e+001 -5.4325459e+001 -5.3533260e+001 -4.8444489e+001 -4.7770344e+001
  1.6866667e+000 -6.8547394e+001 -5.4094189e+001 -5.3626205e+001 -4.8418797e+001 -4.7703964e+001
  1.6933333e+000 -6.8594986e+001 -5.3823833e+001 -5.3644230e+001 -4.8380516e+001 -4.7627270e+001
  1.7000000e+000 -6.8623413e+001 -5.3573761e+001 -5.3587238e+001 -4.8409981e+001 -4.7589420e+001
  1.7066667e+000 -6.8667542e+001 -5.3338463e+001 -5.3513260e+001 -4.8434559e+001 -4.7572308e+001
  1.7133333e+000 -6.8708633e+001 -5.3073925e+001 -5.3497490e+001 -4.8402889e+001 -4.7558205e+001
  1.7200000e+000 -6.8749977e+001 -5.2859371e+001 -5.3504772e+001 -4.8382221e+001 -4.7557167e+001
  1.7266667e+000 -6.8771828e+001 -5.2688419e+001 -5.3531822e+001 -4.8387817e+001 -4.7561836e+001
  1.7333333e+000 -6.8806602e+001 -5.2528732e+001 -5.3615482e+001 -4.8408234e+001 -4.7583733e+001
  1.7400000e+000 -6.8863815e+001 -5.2360046e+001 -5.3649845e+001 -4.8427143e+001 -4.7614750e+001
  1.7466667e+000 -6.8900665e+001 -5.2211109e+001 -5.3705070e+001 -4.8427959e+001 -4.7625786e+001
  1.7533333e+000 -6.8893547e+001 -5.2127178e+001 -5.3688713e+001 -4.8416775e+001 -4.7638630e+001
  1.7600000e+000 -6.8882835e+001 -5.2061489e+001 -5.3690033e+001 -4.8435387e+001 -4.7662537e+001
  1.7666667e+000 -6.8894577e+001 -5.2015305e+001 -5.3747059e+001 -4.8454506e+001 -4.7719315e+001
  1.7733333e+000 -6.8902412e+001 -5.1974552e+001 -5.3687790e+001 -4.8452248e+001 -4.7765568e+001
  1.7800000e+000 -6.8891884e+001 -5.1913048e+001 -5.3764397e+001 -4.8419525e+001 -4.7808380e+001
  1.7866667e+000 -6.8848534e+001 -5.1854435e+001 -5.3804092e+001 -4.8399857e+001 -4.7862659e+001
  1.7933333e+000 -6.8805092e+001 -5.1793262e+001 -5.3662697e+001 -4.8384239e+001 -4.7933086e+001
  1.8000000e+000 -6.8743332e+001 -5.1719044e+001 -5.3706852e+001 -4.8373329e+001 -4.8017979e+001
  1.8066667e+000 -6.8642197e+001 -5.1667587e+001 -5.3790577e+001 -4.8384674e+001 -4.8094658e+001
  1.8133333e+000 -6.8545021e+001 -5.1607967e+001 -5.3691124e+001 -4.8387474e+001 -4.8151718e+001
  1.8200000e+000 -6.8488983e+001 -5.1577812e+001 -5.3716927e+001 -4.8403297e+001 -4.8184948e+001
  1.8266667e+000 -6.8450157e+001 -5.1565308e+001 -5.3788620e+001 -4.8414898e+001 -4.8250324e+001
  1.8333333e+000 -6.8382187e+001 -5.1530289e+001 -5.3724842e+001 -4.8420601e+001 -4.8323372e+001
  1.8400000e+000 -6.8289474e+001 -5.1551060e+001 -5.3770435e+001 -4.8417358e+001 -4.8419598e+001
  1.8466667e+000 -6.8205498e+001 -5.1563221e+001 -5.3819656e+001 -4.8398693e+001 -4.8519558e+001
  1.8533333e+000 -6.8127296e+001 -5.1560074e+001 -5.3722515e+001 -4.8394707e+001 -4.8604439e+001
  1.8600000e+000 -6.8046715e+001 -5.1588680e+001 -5.3810246e+001 -4.8386559e+001 -4.8671986e+001
  1.8666667e+000 -6.7960861e+001 -5.1664589e+001 -5.3859673e+001 -4.8416378e+001 -4.8762871e+001
  1.8733333e+000 -6.7867805e+001 -5.1728725e+001 -5.3883926e+001 -4.8420990e+001 -4.8847214e+001
  1.8800000e+000 -6.7773567e+001 -5.1755848e+001 -5.3947338e+001 -4.8402302e+001 -4.8909161e+001
  1.8866667e+000 -6.7689011e+001 -5.1805820e+001 -5.3968182e+001 -4.8426247e+001 -4.8983517e+001
  1.8933333e+000 -6.7591026e+001 -5.1872826e+001 -5.4131908e+001 -4.8452911e+001 -4.9020355e+001
  1.9000000e+000 -6.7484871e+001 -5.1956833e+001 -5.4388367e+001 -4.8466560e+001 -4.9049335e+001
  1.9066667e+000 -6.7369606e+001 -5.2055748e+001 -5.4565891e+001 -4.8520569e+001 -4.9074997e+001
  1.9133333e+000 -6.7260971e+001 -5.2147621e+001 -5.4583046e+001 -4.8585007e+001 -4.9074436e+001
  1.9200000e+000 -6.7140244e+001 -5.2250202e+001 -5.4725010e+001 -4.8609047e+001 -4.9064320e+001
  1.9266667e+000 -6.6980949e+001 -5.2348122e+001 -5.5048580e+001 -4.8631718e+001 -4.9068615e+001
  1.9333333e+000 -6.6825882e+001 -5.2458038e+001 -5.5357048e+001 -4.8682255e+001 -4.9069305e+001
  1.9400000e+000 -6.6672539e+001 -5.2554775e+001 -5.5628967e+001 -4.8784714e+001 -4.9035984e+001
  1.9466667e+000 -6.6526352e+001 -5.2652599e+001 -5.6017456e+001 -4.8858307e+001 -4.8992470e+001
  1.9533333e+000 -6.6400085e+001 -5.2758274e+001 -5.6289066e+001 -4.8901947e+001 -4.8988007e+001
  1.9600000e+000 -6.6257980e+001 -5.2848579e+001 -5.6645561e+001 -4.8975834e+001 -4.8971004e+001
  1.9666667e+000 -6.6094612e+001 -5.2948639e+001 -5.7085022e+001 -4.9016277e+001 -4.8953529e+001
  1.9733333e+000 -6.5941071e+001 -5.3094238e+001 -5.7431667e+001 -4.9071896e+001 -4.8937553e+001
  1.9800000e+000 -6.5775871e+001 -5.3206974e+001 -5.7891460e+001 -4.9145332e+001 -4.8931404e+001
  1.9866667e+000 -6.5582893e+001 -5.3326580e+001 -5.8422516e+001 -4.9216019e+001 -4.8920891e+001
  1.9933333e+000 -6.5404564e+001 -5.3459568e+001 -5.8879597e+001 -4.9318619e+001 -4.8876194e+001
  2.0000000e+000 -6.5249580e+001 -5.3558643e+001 -5.8704929e+001 -4.9396191e+001 -4.8824001e+001
