 -5.0000000e-001 -1.2431847e+002 -1.2062422e+002 -1.2167981e+002 -1.1925760e+002 -1.2053738e+002 -1.1997614e+002 -1.1864661e+002
 -4.9333333e-001 -1.2430867e+002 -1.2064539e+002 -1.2163268e+002 -1.1932938e+002 -1.2058258e+002 -1.1999735e+002 -1.1864377e+002
 -4.8666667e-001 -1.2431403e+002 -1.2051679e+002 -1.2170332e+002 -1.1933730e+002 -1.2056306e+002 -1.1998982e+002 -1.1865059e+002
 -4.8000000e-001 -1.2430243e+002 -1.2049646e+002 -1.2167252e+002 -1.1925758e+002 -1.2054952e+002 -1.1998450e+002 -1.1863518e+002
 -4.7333333e-001 -1.2431700e+002 -1.2046220e+002 -1.2173125e+002 -1.1927531e+002 -1.2057667e+002 -1.2001086e+002 -1.1865442e+002
 -4.6666667e-001 -1.2430318e+002 -1.2056329e+002 -1.2179729e+002 -1.1931718e+002 -1.2056960e+002 -1.1998854e+002 -1.1863272e+002
 -4.6000000e-001 -1.2431065e+002 -1.2050203e+002 -1.2170795e+002 -1.1931992e+002 -1.2053192e+002 -1.2001215e+002 -1.1863767e+002
 -4.5333333e-001 -1.2430345e+002 -1.2049200e+002 -1.2165997e+002 -1.1928455e+002 -1.2050911e+002 -1.2000215e+002 -1.1865567e+002
 -4.4666667e-001 -1.2430643e+002 -1.2052718e+002 -1.2176305e+002 -1.1935585e+002 -1.2054468e+002 -1.2000330e+002 -1.1865567e+002
 -4.4000000e-001 -1.2432082e+002 -1.2048270e+002 -1.2181461e+002 -1.1930902e+002 -1.2057184e+002 -1.1999541e+002 -1.1864063e+002
 -4.3333333e-001 -1.2433777e+002 -1.2039890e+002 -1.2170915e+002 -1.1932011e+002 -1.2055980e+002 -1.2002693e+002 -1.1867346e+002
 -4.2666667e-001 -1.2434110e+002 -1.2043707e+002 -1.2178796e+002 -1.1925151e+002 -1.2054025e+002 -1.2001349e+002 -1.1864900e+002
 -4.2000000e-001 -1.2433771e+002 -1.2048408e+002 -1.2175139e+002 -1.1925293e+002 -1.2054782e+002 -1.2001875e+002 -1.1866341e+002
 -4.1333333e-001 -1.2435336e+002 -1.2050084e+002 -1.2177939e+002 -1.1920848e+002 -1.2051630e+002 -1.2001680e+002 -1.1869176e+002
 -4.0666667e-001 -1.2434050e+002 -1.2047665e+002 -1.2188677e+002 -1.1932683e+002 -1.2054376e+002 -1.2000761e+002 -1.1869029e+002
 -4.0000000e-001 -1.2434465e+002 -1.2041534e+002 -1.2189803e+002 -1.1938208e+002 -1.2052425e+002 -1.2000595e+002 -1.1869444e+002
 -3.9333333e-001 -1.2435167e+002 -1.2039177e+002 -1.2190059e+002 -1.1935658e+002 -1.2053458e+002 -1.2000488e+002 -1.1869348e+002
 -3.8666667e-001 -1.2436238e+002 -1.2039795e+002 -1.2186316e+002 -1.1934261e+002 -1.2053233e+002 -1.2001253e+002 -1.1870695e+002
 -3.8000000e-001 -1.2432738e+002 -1.2045767e+002 -1.2190121e+002 -1.1931369e+002 -1.2055168e+002 -1.2003409e+002 -1.1873430e+002
 -3.7333333e-001 -1.2434872e+002 -1.2054643e+002 -1.2189810e+002 -1.1922643e+002 -1.2055328e+002 -1.2005119e+002 -1.1872763e+002
 -3.6666667e-001 -1.2434637e+002 -1.2057561e+002 -1.2183365e+002 -1.1929088e+002 -1.2052780e+002 -1.2005368e+002 -1.1873875e+002
 -3.6000000e-001 -1.2435661e+002 -1.2051325e+002 -1.2182024e+002 -1.1929385e+002 -1.2057285e+002 -1.2006859e+002 -1.1873277e+002
 -3.5333333e-001 -1.2433156e+002 -1.2049876e+002 -1.2183759e+002 -1.1929140e+002 -1.2053990e+002 -1.2006747e+002 -1.1874602e+002
 -3.4666667e-001 -1.2434244e+002 -1.2047600e+002 -1.2186845e+002 -1.1930962e+002 -1.2057091e+002 -1.2007182e+002 -1.1876399e+002
 -3.4000000e-001 -1.2434193e+002 -1.2055328e+002 -1.2178305e+002 -1.1936765e+002 -1.2056766e+002 -1.2007782e+002 -1.1875186e+002
 -3.3333333e-001 -1.2435410e+002 -1.2054305e+002 -1.2174934e+002 -1.1930246e+002 -1.2056209e+002 -1.2008852e+002 -1.1877698e+002
 -3.2666667e-001 -1.2435342e+002 -1.2055158e+002 -1.2177062e+002 -1.1932468e+002 -1.2057558e+002 -1.2010899e+002 -1.1876820e+002
 -3.2000000e-001 -1.2436139e+002 -1.2046138e+002 -1.2182590e+002 -1.1937247e+002 -1.2054895e+002 -1.2013768e+002 -1.1878285e+002
 -3.1333333e-001 -1.2435550e+002 -1.2048991e+002 -1.2181223e+002 -1.1937154e+002 -1.2060304e+002 -1.2013799e+002 -1.1877690e+002
 -3.0666667e-001 -1.2435136e+002 -1.2053775e+002 -1.2174448e+002 -1.1938071e+002 -1.2058823e+002 -1.2014113e+002 -1.1877107e+002
 -3.0000000e-001 -1.2436964e+002 -1.2062015e+002 -1.2175049e+002 -1.1932903e+002 -1.2058649e+002 -1.2014179e+002 -1.1878264e+002
 -2.9333333e-001 -1.2435454e+002 -1.2062616e+002 -1.2178194e+002 -1.1932295e+002 -1.2059619e+002 -1.2016339e+002 -1.1878072e+002
 -2.8666667e-001 -1.2435855e+002 -1.2062213e+002 -1.2177452e+002 -1.1937703e+002 -1.2062476e+002 -1.2016338e+002 -1.1876813e+002
 -2.8000000e-001 -1.2435271e+002 -1.2052573e+002 -1.2183231e+002 -1.1933943e+002 -1.2065492e+002 -1.2016432e+002 -1.1877039e+002
 -2.7333333e-001 -1.2436200e+002 -1.2052299e+002 -1.2177458e+002 -1.1938931e+002 -1.2061839e+002 -1.2022214e+002 -1.1875687e+002
 -2.6666667e-001 -1.2435115e+002 -1.2053987e+002 -1.2182581e+002 -1.1931093e+002 -1.2058234e+002 -1.2024091e+002 -1.1877629e+002
 -2.6000000e-001 -1.2434959e+002 -1.2057730e+002 -1.2186151e+002 -1.1937718e+002 -1.2059447e+002 -1.2026483e+002 -1.1877794e+002
 -2.5333333e-001 -1.2431470e+002 -1.2065233e+002 -1.2183229e+002 -1.1938606e+002 -1.2061314e+002 -1.2030319e+002 -1.1877460e+002
 -2.4666667e-001 -1.2433473e+002 -1.2060736e+002 -1.2176840e+002 -1.1932343e+002 -1.2058006e+002 -1.2031749e+002 -1.1877940e+002
 -2.4000000e-001 -1.2436505e+002 -1.2068675e+002 -1.2177505e+002 -1.1940445e+002 -1.2058331e+002 -1.2034593e+002 -1.1877985e+002
 -2.3333333e-001 -1.2436052e+002 -1.2067705e+002 -1.2170331e+002 -1.1938602e+002 -1.2059381e+002 -1.2037086e+002 -1.1878383e+002
 -2.2666667e-001 -1.2436183e+002 -1.2068213e+002 -1.2170584e+002 -1.1933574e+002 -1.2062044e+002 -1.2041022e+002 -1.1876550e+002
 -2.2000000e-001 -1.2438385e+002 -1.2062665e+002 -1.2174541e+002 -1.1927884e+002 -1.2058659e+002 -1.2043715e+002 -1.1876854e+002
 -2.1333333e-001 -1.2439539e+002 -1.2067867e+002 -1.2176970e+002 -1.1935907e+002 -1.2060895e+002 -1.2042806e+002 -1.1876674e+002
 -2.0666667e-001 -1.2439549e+002 -1.2064069e+002 -1.2181018e+002 -1.1930733e+002 -1.2062640e+002 -1.2046291e+002 -1.1877947e+002
 -2.0000000e-001 -1.2439488e+002 -1.2067102e+002 -1.2181955e+002 -1.1943311e+002 -1.2061787e+002 -1.2051062e+002 -1.1875763e+002
 -1.9333333e-001 -1.2436632e+002 -1.2056747e+002 -1.2181174e+002 -1.1934255e+002 -1.2061107e+002 -1.2052943e+002 -1.1874417e+002
 -1.8666667e-001 -1.2436896e+002 -1.2060190e+002 -1.2176442e+002 -1.1931995e+002 -1.2059769e+002 -1.2055067e+002 -1.1875853e+002
 -1.8000000e-001 -1.2440414e+002 -1.2058458e+002 -1.2180012e+002 -1.1933052e+002 -1.2059737e+002 -1.2058223e+002 -1.1874974e+002
 -1.7333333e-001 -1.2440379e+002 -1.2060591e+002 -1.2175992e+002 -1.1932413e+002 -1.2061119e+002 -1.2059970e+002 -1.1874339e+002
 -1.6666667e-001 -1.2437300e+002 -1.2053258e+002 -1.2176677e+002 -1.1938599e+002 -1.2062558e+002 -1.2061708e+002 -1.1873361e+002
 -1.6000000e-001 -1.2438879e+002 -1.2056070e+002 -1.2181406e+002 -1.1933981e+002 -1.2059329e+002 -1.2062448e+002 -1.1872652e+002
 -1.5333333e-001 -1.2436853e+002 -1.2059345e+002 -1.2181180e+002 -1.1931407e+002 -1.2059264e+002 -1.2062299e+002 -1.1872203e+002
 -1.4666667e-001 -1.2438164e+002 -1.2058621e+002 -1.2181772e+002 -1.1930360e+002 -1.2058026e+002 -1.2065323e+002 -1.1872340e+002
 -1.4000000e-001 -1.2438866e+002 -1.2052753e+002 -1.2177910e+002 -1.1933170e+002 -1.2059695e+002 -1.2068033e+002 -1.1875174e+002
 -1.3333333e-001 -1.2437334e+002 -1.2061638e+002 -1.2174745e+002 -1.1934158e+002 -1.2061867e+002 -1.2067261e+002 -1.1874756e+002
 -1.2666667e-001 -1.2439591e+002 -1.2063321e+002 -1.2171188e+002 -1.1928181e+002 -1.2061992e+002 -1.2065118e+002 -1.1875047e+002
 -1.2000000e-001 -1.2437337e+002 -1.2053136e+002 -1.2179356e+002 -1.1933473e+002 -1.2061531e+002 -1.2066422e+002 -1.1874992e+002
 -1.1333333e-001 -1.2436411e+002 -1.2057089e+002 -1.2175526e+002 -1.1925092e+002 -1.2063504e+002 -1.2066321e+002 -1.1874039e+002
 -1.0666667e-001 -1.2436426e+002 -1.2060792e+002 -1.2175768e+002 -1.1925935e+002 -1.2060310e+002 -1.2066550e+002 -1.1876422e+002
 -1.0000000e-001 -1.2436516e+002 -1.2061061e+002 -1.2178972e+002 -1.1930968e+002 -1.2061211e+002 -1.2066432e+002 -1.1873816e+002
 -9.3333333e-002 -1.2437978e+002 -1.2061165e+002 -1.2172983e+002 -1.1938516e+002 -1.2060211e+002 -1.2067749e+002 -1.1874840e+002
 -8.6666667e-002 -1.2438371e+002 -1.2052397e+002 -1.2176228e+002 -1.1931476e+002 -1.2060982e+002 -1.2066173e+002 -1.1873985e+002
 -8.0000000e-002 -1.2438678e+002 -1.2055130e+002 -1.2181155e+002 -1.1937276e+002 -1.2059889e+002 -1.2063435e+002 -1.1875185e+002
 -7.3333333e-002 -1.2440729e+002 -1.2051086e+002 -1.2170489e+002 -1.1931915e+002 -1.2055995e+002 -1.2062637e+002 -1.1874518e+002
 -6.6666667e-002 -1.2440076e+002 -1.2049583e+002 -1.2174500e+002 -1.1935782e+002 -1.2061446e+002 -1.2062935e+002 -1.1873329e+002
 -6.0000000e-002 -1.2441184e+002 -1.2054086e+002 -1.2170241e+002 -1.1936729e+002 -1.2063432e+002 -1.2060280e+002 -1.1873454e+002
 -5.3333333e-002 -1.2440576e+002 -1.2052799e+002 -1.2173984e+002 -1.1931290e+002 -1.2062357e+002 -1.2061276e+002 -1.1873157e+002
 -4.6666667e-002 -1.2439912e+002 -1.2061867e+002 -1.2165637e+002 -1.1938522e+002 -1.2060408e+002 -1.2058258e+002 -1.1875302e+002
 -4.0000000e-002 -1.2439906e+002 -1.2050130e+002 -1.2173895e+002 -1.1936920e+002 -1.2063097e+002 -1.2056984e+002 -1.1874384e+002
 -3.3333333e-002 -1.2440161e+002 -1.2046449e+002 -1.2180597e+002 -1.1936882e+002 -1.2063257e+002 -1.2056384e+002 -1.1875020e+002
 -2.6666667e-002 -1.2439882e+002 -1.2053084e+002 -1.2168898e+002 -1.1935942e+002 -1.2063913e+002 -1.2054663e+002 -1.1874452e+002
 -2.0000000e-002 -1.2439618e+002 -1.2046021e+002 -1.2171130e+002 -1.1934224e+002 -1.2065195e+002 -1.2053876e+002 -1.1874522e+002
 -1.3333333e-002 -1.2438402e+002 -1.2040887e+002 -1.2162129e+002 -1.1930522e+002 -1.2062047e+002 -1.2053558e+002 -1.1876933e+002
 -6.6666667e-003 -1.2440366e+002 -1.2045212e+002 -1.2164000e+002 -1.1924982e+002 -1.2063847e+002 -1.2051518e+002 -1.1877670e+002
  0.0000000e+000 -1.2440099e+002 -1.2049649e+002 -1.2169432e+002 -1.1928432e+002 -1.2062585e+002 -1.2052563e+002 -1.1879195e+002
  6.6666667e-003 -1.2444218e+002 -1.2053803e+002 -1.2183327e+002 -1.1938582e+002 -1.2063820e+002 -1.2053883e+002 -1.1880766e+002
  1.3333333e-002 -1.2445436e+002 -1.2050163e+002 -1.2182947e+002 -1.1947972e+002 -1.2063692e+002 -1.2060512e+002 -1.1886670e+002
  2.0000000e-002 -1.2451079e+002 -1.2052863e+002 -1.2186556e+002 -1.1939304e+002 -1.2070413e+002 -1.2060725e+002 -1.1891850e+002
  2.6666667e-002 -1.2454736e+002 -1.2057132e+002 -1.2192250e+002 -1.1948398e+002 -1.2075861e+002 -1.2064366e+002 -1.1896175e+002
  3.3333333e-002 -1.2454878e+002 -1.2072902e+002 -1.2186777e+002 -1.1956207e+002 -1.2082092e+002 -1.2065990e+002 -1.1904776e+002
  4.0000000e-002 -1.2456895e+002 -1.2089403e+002 -1.2181195e+002 -1.1959018e+002 -1.2081311e+002 -1.2069222e+002 -1.1908316e+002
  4.6666667e-002 -1.2460788e+002 -1.2091278e+002 -1.2188670e+002 -1.1959592e+002 -1.2081940e+002 -1.2069426e+002 -1.1911136e+002
  5.3333333e-002 -1.2461517e+002 -1.2097324e+002 -1.2188152e+002 -1.1965491e+002 -1.2086378e+002 -1.2070735e+002 -1.1912367e+002
  6.0000000e-002 -1.2464632e+002 -1.2104132e+002 -1.2194190e+002 -1.1958582e+002 -1.2092429e+002 -1.2070172e+002 -1.1915775e+002
  6.6666667e-002 -1.2464490e+002 -1.2107042e+002 -1.2198230e+002 -1.1960100e+002 -1.2090179e+002 -1.2068175e+002 -1.1918523e+002
  7.3333333e-002 -1.2467226e+002 -1.2116246e+002 -1.2198537e+002 -1.1962302e+002 -1.2093797e+002 -1.2066432e+002 -1.1924080e+002
  8.0000000e-002 -1.2470837e+002 -1.2120636e+002 -1.2201251e+002 -1.1969998e+002 -1.2096069e+002 -1.2065620e+002 -1.1930713e+002
  8.6666667e-002 -1.2474751e+002 -1.2127209e+002 -1.2208345e+002 -1.1973801e+002 -1.2101961e+002 -1.2064780e+002 -1.1937769e+002
  9.3333333e-002 -1.2480055e+002 -1.2131166e+002 -1.2212317e+002 -1.1983554e+002 -1.2108089e+002 -1.2063591e+002 -1.1943912e+002
  1.0000000e-001 -1.2483267e+002 -1.2141556e+002 -1.2225491e+002 -1.1992587e+002 -1.2111397e+002 -1.2065422e+002 -1.1951723e+002
  1.0666667e-001 -1.2488168e+002 -1.2148662e+002 -1.2226439e+002 -1.2005756e+002 -1.2119478e+002 -1.2069695e+002 -1.1955835e+002
  1.1333333e-001 -1.2490787e+002 -1.2151592e+002 -1.2220975e+002 -1.2008572e+002 -1.2127130e+002 -1.2080171e+002 -1.1960930e+002
  1.2000000e-001 -1.2492915e+002 -1.2149619e+002 -1.2225502e+002 -1.2007208e+002 -1.2131221e+002 -1.2093283e+002 -1.1966805e+002
  1.2666667e-001 -1.2501015e+002 -1.2154385e+002 -1.2228015e+002 -1.2018672e+002 -1.2137166e+002 -1.2109656e+002 -1.1972304e+002
  1.3333333e-001 -1.2507121e+002 -1.2175475e+002 -1.2220708e+002 -1.2016536e+002 -1.2135614e+002 -1.2129125e+002 -1.1979758e+002
  1.4000000e-001 -1.2514960e+002 -1.2183092e+002 -1.2219312e+002 -1.2019180e+002 -1.2137166e+002 -1.2145384e+002 -1.1980771e+002
  1.4666667e-001 -1.2523514e+002 -1.2190419e+002 -1.2228416e+002 -1.2019249e+002 -1.2136313e+002 -1.2165337e+002 -1.1985429e+002
  1.5333333e-001 -1.2532887e+002 -1.2177797e+002 -1.2234479e+002 -1.2033899e+002 -1.2141341e+002 -1.2183064e+002 -1.1987798e+002
  1.6000000e-001 -1.2541150e+002 -1.2192828e+002 -1.2235567e+002 -1.2031030e+002 -1.2144424e+002 -1.2204015e+002 -1.1993300e+002
  1.6666667e-001 -1.2549507e+002 -1.2194455e+002 -1.2224286e+002 -1.2029468e+002 -1.2152296e+002 -1.2223868e+002 -1.1995885e+002
  1.7333333e-001 -1.2562692e+002 -1.2205809e+002 -1.2232573e+002 -1.2042015e+002 -1.2163760e+002 -1.2233302e+002 -1.2003845e+002
  1.8000000e-001 -1.2578079e+002 -1.2245645e+002 -1.2248863e+002 -1.2054671e+002 -1.2172492e+002 -1.2236963e+002 -1.2013010e+002
  1.8666667e-001 -1.2593359e+002 -1.2259760e+002 -1.2246750e+002 -1.2056247e+002 -1.2191458e+002 -1.2241266e+002 -1.2021260e+002
  1.9333333e-001 -1.2614137e+002 -1.2277097e+002 -1.2263265e+002 -1.2066159e+002 -1.2213803e+002 -1.2249695e+002 -1.2031172e+002
  2.0000000e-001 -1.2636928e+002 -1.2306035e+002 -1.2275922e+002 -1.2085078e+002 -1.2238667e+002 -1.2267098e+002 -1.2044070e+002
  2.0666667e-001 -1.2662196e+002 -1.2338011e+002 -1.2302019e+002 -1.2088136e+002 -1.2267767e+002 -1.2291547e+002 -1.2054633e+002
  2.1333333e-001 -1.2678835e+002 -1.2376807e+002 -1.2325171e+002 -1.2100227e+002 -1.2297971e+002 -1.2307324e+002 -1.2065984e+002
  2.2000000e-001 -1.2701372e+002 -1.2419446e+002 -1.2339777e+002 -1.2099635e+002 -1.2322217e+002 -1.2316608e+002 -1.2075398e+002
  2.2666667e-001 -1.2722292e+002 -1.2463104e+002 -1.2363051e+002 -1.2100880e+002 -1.2341463e+002 -1.2316310e+002 -1.2083582e+002
  2.3333333e-001 -1.2745579e+002 -1.2513767e+002 -1.2394161e+002 -1.2105698e+002 -1.2360663e+002 -1.2315787e+002 -1.2086899e+002
  2.4000000e-001 -1.2768059e+002 -1.2561836e+002 -1.2447443e+002 -1.2111899e+002 -1.2373561e+002 -1.2314851e+002 -1.2080734e+002
  2.4666667e-001 -1.2789511e+002 -1.2551471e+002 -1.2465463e+002 -1.2112866e+002 -1.2385968e+002 -1.2318636e+002 -1.2073807e+002
  2.5333333e-001 -1.2721182e+002 -1.2575951e+002 -1.2474225e+002 -1.2165497e+002 -1.2393582e+002 -1.2322176e+002 -1.2064545e+002
  2.6000000e-001 -1.2721371e+002 -1.2575397e+002 -1.2477319e+002 -1.2169328e+002 -1.2394669e+002 -1.2323360e+002 -1.2048415e+002
  2.6666667e-001 -1.2721401e+002 -1.2573793e+002 -1.2473517e+002 -1.2168205e+002 -1.2393677e+002 -1.2323108e+002 -1.2030194e+002
  2.7333333e-001 -1.2714865e+002 -1.2553862e+002 -1.2461348e+002 -1.2160342e+002 -1.2385405e+002 -1.2319365e+002 -1.2011438e+002
  2.8000000e-001 -1.2753622e+002 -1.2538583e+002 -1.2440669e+002 -1.2140958e+002 -1.2379506e+002 -1.2313513e+002 -1.1994977e+002
  2.8666667e-001 -1.2746332e+002 -1.2531245e+002 -1.2426796e+002 -1.2092845e+002 -1.2362221e+002 -1.2307898e+002 -1.1973001e+002
  2.9333333e-001 -1.2736124e+002 -1.2525830e+002 -1.2423419e+002 -1.2088442e+002 -1.2351413e+002 -1.2301115e+002 -1.1943686e+002
  3.0000000e-001 -1.2725685e+002 -1.2505067e+002 -1.2414360e+002 -1.2072308e+002 -1.2348292e+002 -1.2287267e+002 -1.1914922e+002
  3.0666667e-001 -1.2709390e+002 -1.2487437e+002 -1.2395398e+002 -1.2054247e+002 -1.2219508e+002 -1.2280130e+002 -1.1886556e+002
  3.1333333e-001 -1.2688318e+002 -1.2463944e+002 -1.2366956e+002 -1.2035129e+002 -1.2204713e+002 -1.2261156e+002 -1.1854535e+002
  3.2000000e-001 -1.2665279e+002 -1.2436607e+002 -1.2337814e+002 -1.2022978e+002 -1.2174786e+002 -1.2244607e+002 -1.1825368e+002
  3.2666667e-001 -1.2646999e+002 -1.2400851e+002 -1.2305489e+002 -1.2006412e+002 -1.2178264e+002 -1.2227199e+002 -1.1798590e+002
  3.3333333e-001 -1.2624168e+002 -1.2435855e+002 -1.2278478e+002 -1.1989813e+002 -1.2162959e+002 -1.2211646e+002 -1.1774379e+002
  3.4000000e-001 -1.2606361e+002 -1.2416867e+002 -1.2258284e+002 -1.1968771e+002 -1.2151686e+002 -1.2198268e+002 -1.1754210e+002
  3.4666667e-001 -1.2589903e+002 -1.2400205e+002 -1.2238165e+002 -1.1944322e+002 -1.2142516e+002 -1.2182860e+002 -1.1739372e+002
  3.5333333e-001 -1.2571437e+002 -1.2395740e+002 -1.2223290e+002 -1.1963054e+002 -1.2121150e+002 -1.2073666e+002 -1.1727608e+002
  3.6000000e-001 -1.2551630e+002 -1.2386404e+002 -1.2139233e+002 -1.1944557e+002 -1.2113785e+002 -1.2054181e+002 -1.1718701e+002
  3.6666667e-001 -1.2533980e+002 -1.2374066e+002 -1.2131245e+002 -1.1934441e+002 -1.2106268e+002 -1.2034905e+002 -1.1710249e+002
  3.7333333e-001 -1.2508763e+002 -1.2364008e+002 -1.2110941e+002 -1.1927870e+002 -1.2105843e+002 -1.2007730e+002 -1.1701434e+002
  3.8000000e-001 -1.2488199e+002 -1.2358447e+002 -1.2096764e+002 -1.1917928e+002 -1.2091078e+002 -1.1988084e+002 -1.1691725e+002
  3.8666667e-001 -1.2465126e+002 -1.2354991e+002 -1.2137376e+002 -1.1908986e+002 -1.2095952e+002 -1.1966037e+002 -1.1683827e+002
  3.9333333e-001 -1.2441913e+002 -1.2351462e+002 -1.2122369e+002 -1.1900287e+002 -1.2098004e+002 -1.1946948e+002 -1.1675160e+002
  4.0000000e-001 -1.2420575e+002 -1.2345503e+002 -1.2103081e+002 -1.1893662e+002 -1.2090379e+002 -1.1914482e+002 -1.1668669e+002
  4.0666667e-001 -1.2396115e+002 -1.2336826e+002 -1.2079361e+002 -1.1884302e+002 -1.2086534e+002 -1.1889314e+002 -1.1660143e+002
  4.1333333e-001 -1.2372983e+002 -1.2326518e+002 -1.2055922e+002 -1.1875662e+002 -1.2088994e+002 -1.1855519e+002 -1.1653203e+002
  4.2000000e-001 -1.2349876e+002 -1.2316608e+002 -1.2034642e+002 -1.1873192e+002 -1.2084346e+002 -1.1821864e+002 -1.1644797e+002
  4.2666667e-001 -1.2273401e+002 -1.2323767e+002 -1.2008272e+002 -1.1867284e+002 -1.2082649e+002 -1.1790091e+002 -1.1632655e+002
  4.3333333e-001 -1.2258836e+002 -1.2263271e+002 -1.1982327e+002 -1.1861565e+002 -1.2074088e+002 -1.1759615e+002 -1.1622601e+002
  4.4000000e-001 -1.2241400e+002 -1.2259052e+002 -1.1955171e+002 -1.1855327e+002 -1.2063088e+002 -1.1722308e+002 -1.1618510e+002
  4.4666667e-001 -1.2222443e+002 -1.2259639e+002 -1.1865173e+002 -1.1845027e+002 -1.2035216e+002 -1.1744586e+002 -1.1612564e+002
  4.5333333e-001 -1.2277278e+002 -1.2315356e+002 -1.1831020e+002 -1.1834383e+002 -1.2032623e+002 -1.1706000e+002 -1.1606091e+002
  4.6000000e-001 -1.2265628e+002 -1.2315408e+002 -1.1819780e+002 -1.1818021e+002 -1.2018239e+002 -1.1665782e+002 -1.1592142e+002
  4.6666667e-001 -1.2260951e+002 -1.2308336e+002 -1.1802333e+002 -1.1801559e+002 -1.2003609e+002 -1.1601395e+002 -1.1572868e+002
  4.7333333e-001 -1.2259197e+002 -1.2291975e+002 -1.1789185e+002 -1.1781499e+002 -1.1991177e+002 -1.1574599e+002 -1.1555228e+002
  4.8000000e-001 -1.2260295e+002 -1.2265311e+002 -1.1778789e+002 -1.1762984e+002 -1.2006073e+002 -1.1540286e+002 -1.1541191e+002
  4.8666667e-001 -1.2258975e+002 -1.2225256e+002 -1.1758525e+002 -1.1747681e+002 -1.1998052e+002 -1.1512056e+002 -1.1526703e+002
  4.9333333e-001 -1.2256213e+002 -1.2157527e+002 -1.1747118e+002 -1.1731986e+002 -1.1996915e+002 -1.1486107e+002 -1.1511458e+002
  5.0000000e-001 -1.2251030e+002 -1.2149429e+002 -1.1741808e+002 -1.1717227e+002 -1.1998589e+002 -1.1452869e+002 -1.1491522e+002
  5.0666667e-001 -1.2248872e+002 -1.2158498e+002 -1.1736275e+002 -1.1706352e+002 -1.1992169e+002 -1.1422932e+002 -1.1473161e+002
  5.1333333e-001 -1.2238525e+002 -1.2198686e+002 -1.1734488e+002 -1.1693021e+002 -1.1984950e+002 -1.1402364e+002 -1.1464359e+002
  5.2000000e-001 -1.2179062e+002 -1.2191017e+002 -1.1734415e+002 -1.1682646e+002 -1.1977115e+002 -1.1439708e+002 -1.1461589e+002
  5.2666667e-001 -1.2180789e+002 -1.2185622e+002 -1.1722678e+002 -1.1671033e+002 -1.1975528e+002 -1.1422110e+002 -1.1462083e+002
  5.3333333e-001 -1.2181297e+002 -1.2183192e+002 -1.1707011e+002 -1.1659496e+002 -1.1981438e+002 -1.1401688e+002 -1.1461098e+002
  5.4000000e-001 -1.2233395e+002 -1.2187395e+002 -1.1766078e+002 -1.1650255e+002 -1.1984981e+002 -1.1381313e+002 -1.1460158e+002
  5.4666667e-001 -1.2219571e+002 -1.2195692e+002 -1.1754727e+002 -1.1637740e+002 -1.1981259e+002 -1.1364442e+002 -1.1462505e+002
  5.5333333e-001 -1.2209131e+002 -1.2198006e+002 -1.1745613e+002 -1.1631647e+002 -1.1976979e+002 -1.1342252e+002 -1.1474864e+002
  5.6000000e-001 -1.2199571e+002 -1.2202066e+002 -1.1741812e+002 -1.1622350e+002 -1.1978265e+002 -1.1323218e+002 -1.1489768e+002
  5.6666667e-001 -1.2190955e+002 -1.2200031e+002 -1.1742157e+002 -1.1613910e+002 -1.1990363e+002 -1.1314720e+002 -1.1501338e+002
  5.7333333e-001 -1.2187701e+002 -1.2192433e+002 -1.1735849e+002 -1.1608652e+002 -1.1999228e+002 -1.1310494e+002 -1.1515698e+002
  5.8000000e-001 -1.2185407e+002 -1.2211581e+002 -1.1730368e+002 -1.1602266e+002 -1.1986208e+002 -1.1268762e+002 -1.1527312e+002
  5.8666667e-001 -1.2183762e+002 -1.2194238e+002 -1.1730434e+002 -1.1597827e+002 -1.2015965e+002 -1.1277396e+002 -1.1538388e+002
  5.9333333e-001 -1.2187611e+002 -1.2198616e+002 -1.1729094e+002 -1.1596704e+002 -1.2027156e+002 -1.1254984e+002 -1.1553778e+002
  6.0000000e-001 -1.2177953e+002 -1.2204056e+002 -1.1732092e+002 -1.1595906e+002 -1.2038078e+002 -1.1272572e+002 -1.1567331e+002
  6.0666667e-001 -1.2186908e+002 -1.2184772e+002 -1.1737561e+002 -1.1595097e+002 -1.2038245e+002 -1.1285329e+002 -1.1559389e+002
  6.1333333e-001 -1.2177541e+002 -1.2191676e+002 -1.1681720e+002 -1.1596079e+002 -1.2040314e+002 -1.1290616e+002 -1.1544620e+002
  6.2000000e-001 -1.2185600e+002 -1.2193716e+002 -1.1682526e+002 -1.1602040e+002 -1.2047739e+002 -1.1298915e+002 -1.1545079e+002
  6.2666667e-001 -1.2195645e+002 -1.2196989e+002 -1.1689813e+002 -1.1610957e+002 -1.2040663e+002 -1.1305682e+002 -1.1545802e+002
  6.3333333e-001 -1.2199197e+002 -1.2206929e+002 -1.1695621e+002 -1.1618823e+002 -1.2048491e+002 -1.1312491e+002 -1.1543366e+002
  6.4000000e-001 -1.2201607e+002 -1.2216809e+002 -1.1698077e+002 -1.1626325e+002 -1.2049670e+002 -1.1316116e+002 -1.1540997e+002
  6.4666667e-001 -1.2205695e+002 -1.2222447e+002 -1.1707930e+002 -1.1635220e+002 -1.2046712e+002 -1.1327818e+002 -1.1540324e+002
  6.5333333e-001 -1.2208737e+002 -1.2220474e+002 -1.1709793e+002 -1.1646397e+002 -1.2045888e+002 -1.1311781e+002 -1.1544060e+002
  6.6000000e-001 -1.2210948e+002 -1.2219917e+002 -1.1727034e+002 -1.1657123e+002 -1.2047257e+002 -1.1317737e+002 -1.1544731e+002
  6.6666667e-001 -1.2216913e+002 -1.2204851e+002 -1.1735353e+002 -1.1669934e+002 -1.2046892e+002 -1.1325987e+002 -1.1547958e+002
  6.7333333e-001 -1.2224043e+002 -1.2231848e+002 -1.1744023e+002 -1.1680797e+002 -1.2040628e+002 -1.1341924e+002 -1.1551988e+002
  6.8000000e-001 -1.2230072e+002 -1.2227867e+002 -1.1763718e+002 -1.1689879e+002 -1.2044813e+002 -1.1331108e+002 -1.1555534e+002
  6.8666667e-001 -1.2236108e+002 -1.2231267e+002 -1.1809882e+002 -1.1694859e+002 -1.2044389e+002 -1.1342905e+002 -1.1559438e+002
  6.9333333e-001 -1.2244598e+002 -1.2231163e+002 -1.1814354e+002 -1.1699608e+002 -1.2037123e+002 -1.1362318e+002 -1.1565361e+002
  7.0000000e-001 -1.2256415e+002 -1.2235242e+002 -1.1814650e+002 -1.1704434e+002 -1.2020107e+002 -1.1373789e+002 -1.1570496e+002
  7.0666667e-001 -1.2262030e+002 -1.2237427e+002 -1.1817833e+002 -1.1705951e+002 -1.2048955e+002 -1.1383405e+002 -1.1572960e+002
  7.1333333e-001 -1.2257808e+002 -1.2241272e+002 -1.1823187e+002 -1.1703925e+002 -1.2052075e+002 -1.1463158e+002 -1.1589294e+002
  7.2000000e-001 -1.2250169e+002 -1.2245396e+002 -1.1831206e+002 -1.1700864e+002 -1.2050555e+002 -1.1466261e+002 -1.1592195e+002
  7.2666667e-001 -1.2244197e+002 -1.2252087e+002 -1.1833908e+002 -1.1697614e+002 -1.2034532e+002 -1.1404953e+002 -1.1600534e+002
  7.3333333e-001 -1.2241065e+002 -1.2257759e+002 -1.1842345e+002 -1.1696283e+002 -1.2035230e+002 -1.1404611e+002 -1.1593494e+002
  7.4000000e-001 -1.2240952e+002 -1.2257848e+002 -1.1852921e+002 -1.1693919e+002 -1.2046289e+002 -1.1402664e+002 -1.1584477e+002
  7.4666667e-001 -1.2244127e+002 -1.2257156e+002 -1.1867166e+002 -1.1691054e+002 -1.2041893e+002 -1.1469870e+002 -1.1585997e+002
  7.5333333e-001 -1.2246288e+002 -1.2253885e+002 -1.1878355e+002 -1.1689709e+002 -1.2035768e+002 -1.1416356e+002 -1.1589595e+002
  7.6000000e-001 -1.2246433e+002 -1.2250597e+002 -1.1890724e+002 -1.1688576e+002 -1.2017081e+002 -1.1426305e+002 -1.1596829e+002
  7.6666667e-001 -1.2249634e+002 -1.2252654e+002 -1.1899101e+002 -1.1688750e+002 -1.2014160e+002 -1.1439204e+002 -1.1603998e+002
  7.7333333e-001 -1.2241225e+002 -1.2258423e+002 -1.1902510e+002 -1.1686813e+002 -1.2016676e+002 -1.1442432e+002 -1.1607854e+002
  7.8000000e-001 -1.2263248e+002 -1.2278458e+002 -1.1905740e+002 -1.1683922e+002 -1.2022345e+002 -1.1446275e+002 -1.1609302e+002
  7.8666667e-001 -1.2277072e+002 -1.2284438e+002 -1.1904472e+002 -1.1682867e+002 -1.2024924e+002 -1.1452797e+002 -1.1616893e+002
  7.9333333e-001 -1.2281078e+002 -1.2290630e+002 -1.1903368e+002 -1.1681368e+002 -1.2034369e+002 -1.1448811e+002 -1.1623230e+002
  8.0000000e-001 -1.2287711e+002 -1.2290492e+002 -1.1904034e+002 -1.1680032e+002 -1.2030667e+002 -1.1499240e+002 -1.1633742e+002
  8.0666667e-001 -1.2296831e+002 -1.2264798e+002 -1.1906992e+002 -1.1681201e+002 -1.2034003e+002 -1.1503885e+002 -1.1643616e+002
  8.1333333e-001 -1.2311150e+002 -1.2272936e+002 -1.1909868e+002 -1.1681996e+002 -1.2039470e+002 -1.1526314e+002 -1.1652118e+002
  8.2000000e-001 -1.2326143e+002 -1.2271043e+002 -1.1911113e+002 -1.1682825e+002 -1.2032890e+002 -1.1534740e+002 -1.1660126e+002
  8.2666667e-001 -1.2338919e+002 -1.2268152e+002 -1.1911910e+002 -1.1684682e+002 -1.2022266e+002 -1.1536186e+002 -1.1664449e+002
  8.3333333e-001 -1.2352574e+002 -1.2263745e+002 -1.1913448e+002 -1.1687065e+002 -1.2016187e+002 -1.1533167e+002 -1.1660288e+002
  8.4000000e-001 -1.2365062e+002 -1.2260844e+002 -1.1916020e+002 -1.1688373e+002 -1.2008946e+002 -1.1506584e+002 -1.1655598e+002
  8.4666667e-001 -1.2376799e+002 -1.2257298e+002 -1.1912090e+002 -1.1687775e+002 -1.1998453e+002 -1.1493413e+002 -1.1650455e+002
  8.5333333e-001 -1.2389932e+002 -1.2255840e+002 -1.1884929e+002 -1.1690321e+002 -1.1992903e+002 -1.1464842e+002 -1.1649364e+002
  8.6000000e-001 -1.2402344e+002 -1.2259680e+002 -1.1862491e+002 -1.1693452e+002 -1.1992680e+002 -1.1535323e+002 -1.1652110e+002
  8.6666667e-001 -1.2416943e+002 -1.2287585e+002 -1.1856084e+002 -1.1694988e+002 -1.1991679e+002 -1.1521959e+002 -1.1654616e+002
  8.7333333e-001 -1.2429643e+002 -1.2292093e+002 -1.1846519e+002 -1.1693326e+002 -1.1994896e+002 -1.1525118e+002 -1.1658662e+002
  8.8000000e-001 -1.2439598e+002 -1.2277539e+002 -1.1855557e+002 -1.1689887e+002 -1.1997409e+002 -1.1529779e+002 -1.1662473e+002
  8.8666667e-001 -1.2436880e+002 -1.2269060e+002 -1.1861865e+002 -1.1686700e+002 -1.2008179e+002 -1.1532251e+002 -1.1663796e+002
  8.9333333e-001 -1.2427449e+002 -1.2283040e+002 -1.1918832e+002 -1.1684874e+002 -1.1987524e+002 -1.1533650e+002 -1.1668369e+002
  9.0000000e-001 -1.2416138e+002 -1.2272257e+002 -1.1922075e+002 -1.1682774e+002 -1.1987791e+002 -1.1527281e+002 -1.1666864e+002
  9.0666667e-001 -1.2407622e+002 -1.2266046e+002 -1.1927045e+002 -1.1683974e+002 -1.1990891e+002 -1.1493907e+002 -1.1664539e+002
  9.1333333e-001 -1.2409491e+002 -1.2263402e+002 -1.1929396e+002 -1.1684035e+002 -1.1986996e+002 -1.1492677e+002 -1.1660399e+002
  9.2000000e-001 -1.2406056e+002 -1.2260866e+002 -1.1930943e+002 -1.1682214e+002 -1.1987196e+002 -1.1493510e+002 -1.1656632e+002
  9.2666667e-001 -1.2403561e+002 -1.2260489e+002 -1.1931421e+002 -1.1679549e+002 -1.1987445e+002 -1.1538786e+002 -1.1651962e+002
  9.3333333e-001 -1.2409169e+002 -1.2257478e+002 -1.1930290e+002 -1.1676926e+002 -1.1989781e+002 -1.1528694e+002 -1.1647463e+002
  9.4000000e-001 -1.2416086e+002 -1.2258969e+002 -1.1929993e+002 -1.1680559e+002 -1.1998407e+002 -1.1525221e+002 -1.1645868e+002
  9.4666667e-001 -1.2427463e+002 -1.2259442e+002 -1.1931168e+002 -1.1682753e+002 -1.2005731e+002 -1.1521405e+002 -1.1650627e+002
  9.5333333e-001 -1.2429968e+002 -1.2259680e+002 -1.1931915e+002 -1.1683987e+002 -1.1969107e+002 -1.1518214e+002 -1.1652608e+002
  9.6000000e-001 -1.2431683e+002 -1.2259270e+002 -1.1934265e+002 -1.1683586e+002 -1.1972456e+002 -1.1514278e+002 -1.1657637e+002
  9.6666667e-001 -1.2428534e+002 -1.2256953e+002 -1.1933505e+002 -1.1683357e+002 -1.1974702e+002 -1.1510709e+002 -1.1660519e+002
  9.7333333e-001 -1.2432367e+002 -1.2278416e+002 -1.1932088e+002 -1.1683496e+002 -1.1968944e+002 -1.1507442e+002 -1.1663080e+002
  9.8000000e-001 -1.2438937e+002 -1.2273824e+002 -1.1927443e+002 -1.1684152e+002 -1.1972003e+002 -1.1504868e+002 -1.1660799e+002
  9.8666667e-001 -1.2446182e+002 -1.2270270e+002 -1.1924622e+002 -1.1683635e+002 -1.1981795e+002 -1.1503330e+002 -1.1660191e+002
  9.9333333e-001 -1.2454338e+002 -1.2274767e+002 -1.1926195e+002 -1.1686060e+002 -1.1985458e+002 -1.1504445e+002 -1.1657143e+002
  1.0000000e+000 -1.2461032e+002 -1.2280017e+002 -1.1928241e+002 -1.1687885e+002 -1.1980124e+002 -1.1505649e+002 -1.1655649e+002
  1.0066667e+000 -1.2468211e+002 -1.2276611e+002 -1.1927100e+002 -1.1690495e+002 -1.1974947e+002 -1.1507625e+002 -1.1650040e+002
  1.0133333e+000 -1.2472137e+002 -1.2276875e+002 -1.1925511e+002 -1.1692711e+002 -1.1981503e+002 -1.1506938e+002 -1.1649895e+002
  1.0200000e+000 -1.2469867e+002 -1.2278897e+002 -1.1922411e+002 -1.1693993e+002 -1.1982454e+002 -1.1507567e+002 -1.1652028e+002
  1.0266667e+000 -1.2461551e+002 -1.2277791e+002 -1.1922987e+002 -1.1694949e+002 -1.1988361e+002 -1.1511438e+002 -1.1652525e+002
  1.0333333e+000 -1.2460701e+002 -1.2283785e+002 -1.1924011e+002 -1.1695728e+002 -1.1991748e+002 -1.1511400e+002 -1.1654913e+002
  1.0400000e+000 -1.2443683e+002 -1.2283832e+002 -1.1925597e+002 -1.1693336e+002 -1.1986540e+002 -1.1522771e+002 -1.1657332e+002
  1.0466667e+000 -1.2427293e+002 -1.2280621e+002 -1.1928366e+002 -1.1691798e+002 -1.1996904e+002 -1.1522975e+002 -1.1658131e+002
  1.0533333e+000 -1.2408275e+002 -1.2274289e+002 -1.1933752e+002 -1.1691731e+002 -1.1993268e+002 -1.1526741e+002 -1.1656413e+002
  1.0600000e+000 -1.2408948e+002 -1.2272752e+002 -1.1937413e+002 -1.1692046e+002 -1.1998218e+002 -1.1532639e+002 -1.1653738e+002
  1.0666667e+000 -1.2416422e+002 -1.2259847e+002 -1.1937390e+002 -1.1695209e+002 -1.1997716e+002 -1.1539536e+002 -1.1651399e+002
  1.0733333e+000 -1.2423015e+002 -1.2262231e+002 -1.1936076e+002 -1.1693378e+002 -1.2005801e+002 -1.1542709e+002 -1.1647952e+002
  1.0800000e+000 -1.2426091e+002 -1.2260716e+002 -1.1934192e+002 -1.1692645e+002 -1.2001930e+002 -1.1544769e+002 -1.1645529e+002
  1.0866667e+000 -1.2427121e+002 -1.2260858e+002 -1.1934282e+002 -1.1691780e+002 -1.2011818e+002 -1.1545302e+002 -1.1645674e+002
  1.0933333e+000 -1.2423033e+002 -1.2262543e+002 -1.1937766e+002 -1.1692271e+002 -1.2001108e+002 -1.1551428e+002 -1.1646898e+002
  1.1000000e+000 -1.2412125e+002 -1.2263548e+002 -1.1945082e+002 -1.1692288e+002 -1.2000002e+002 -1.1556351e+002 -1.1648111e+002
  1.1066667e+000 -1.2440207e+002 -1.2262010e+002 -1.1949478e+002 -1.1695149e+002 -1.2009834e+002 -1.1559088e+002 -1.1651405e+002
  1.1133333e+000 -1.2442497e+002 -1.2254271e+002 -1.1952570e+002 -1.1702107e+002 -1.2005676e+002 -1.1560170e+002 -1.1650310e+002
  1.1200000e+000 -1.2447488e+002 -1.2280206e+002 -1.1954491e+002 -1.1681471e+002 -1.1999190e+002 -1.1559686e+002 -1.1650186e+002
  1.1266667e+000 -1.2436046e+002 -1.2276387e+002 -1.1958955e+002 -1.1679005e+002 -1.2027460e+002 -1.1556789e+002 -1.1649110e+002
  1.1333333e+000 -1.2419698e+002 -1.2271625e+002 -1.1963004e+002 -1.1672713e+002 -1.2026945e+002 -1.1557813e+002 -1.1649619e+002
  1.1400000e+000 -1.2409000e+002 -1.2267076e+002 -1.1968012e+002 -1.1673283e+002 -1.2029755e+002 -1.1562344e+002 -1.1649214e+002
  1.1466667e+000 -1.2404764e+002 -1.2267333e+002 -1.1974173e+002 -1.1674043e+002 -1.2024243e+002 -1.1567116e+002 -1.1647029e+002
  1.1533333e+000 -1.2405434e+002 -1.2260410e+002 -1.1978151e+002 -1.1681838e+002 -1.2022282e+002 -1.1565170e+002 -1.1647151e+002
  1.1600000e+000 -1.2410808e+002 -1.2257530e+002 -1.1981621e+002 -1.1685477e+002 -1.2010294e+002 -1.1562878e+002 -1.1648647e+002
  1.1666667e+000 -1.2417914e+002 -1.2253664e+002 -1.1981297e+002 -1.1689627e+002 -1.2029279e+002 -1.1562271e+002 -1.1650935e+002
  1.1733333e+000 -1.2420316e+002 -1.2250815e+002 -1.1986339e+002 -1.1693408e+002 -1.2028856e+002 -1.1561693e+002 -1.1654640e+002
  1.1800000e+000 -1.2420223e+002 -1.2249353e+002 -1.1989830e+002 -1.1692738e+002 -1.2022034e+002 -1.1564365e+002 -1.1655728e+002
  1.1866667e+000 -1.2417264e+002 -1.2249091e+002 -1.1997510e+002 -1.1690010e+002 -1.2008438e+002 -1.1565187e+002 -1.1659755e+002
  1.1933333e+000 -1.2417776e+002 -1.2250836e+002 -1.2000040e+002 -1.1693498e+002 -1.2036391e+002 -1.1564340e+002 -1.1663779e+002
  1.2000000e+000 -1.2422427e+002 -1.2253249e+002 -1.2000201e+002 -1.1701976e+002 -1.2037251e+002 -1.1564237e+002 -1.1667052e+002
  1.2066667e+000 -1.2419193e+002 -1.2261816e+002 -1.1999583e+002 -1.1704620e+002 -1.2032893e+002 -1.1565648e+002 -1.1668918e+002
  1.2133333e+000 -1.2414731e+002 -1.2259601e+002 -1.1997759e+002 -1.1700307e+002 -1.2024957e+002 -1.1565350e+002 -1.1665718e+002
  1.2200000e+000 -1.2406650e+002 -1.2259636e+002 -1.1994234e+002 -1.1696484e+002 -1.2004862e+002 -1.1564320e+002 -1.1667618e+002
  1.2266667e+000 -1.2402769e+002 -1.2241846e+002 -1.1994655e+002 -1.1694083e+002 -1.2013318e+002 -1.1562968e+002 -1.1669934e+002
  1.2333333e+000 -1.2411179e+002 -1.2264488e+002 -1.1996988e+002 -1.1700258e+002 -1.2010875e+002 -1.1559171e+002 -1.1674910e+002
  1.2400000e+000 -1.2419217e+002 -1.2265735e+002 -1.1998007e+002 -1.1692709e+002 -1.2012758e+002 -1.1556644e+002 -1.1677611e+002
  1.2466667e+000 -1.2426122e+002 -1.2265030e+002 -1.2000441e+002 -1.1689752e+002 -1.2010542e+002 -1.1556952e+002 -1.1677910e+002
  1.2533333e+000 -1.2417111e+002 -1.2249919e+002 -1.1999120e+002 -1.1693037e+002 -1.1999400e+002 -1.1556725e+002 -1.1679242e+002
  1.2600000e+000 -1.2416002e+002 -1.2249609e+002 -1.2000633e+002 -1.1756380e+002 -1.2007602e+002 -1.1556821e+002 -1.1685671e+002
  1.2666667e+000 -1.2435323e+002 -1.2250165e+002 -1.2001930e+002 -1.1758437e+002 -1.2010722e+002 -1.1554266e+002 -1.1689285e+002
  1.2733333e+000 -1.2438129e+002 -1.2250960e+002 -1.1998923e+002 -1.1756659e+002 -1.2011121e+002 -1.1551308e+002 -1.1688915e+002
  1.2800000e+000 -1.2438675e+002 -1.2248589e+002 -1.1998146e+002 -1.1756642e+002 -1.2016881e+002 -1.1549677e+002 -1.1684522e+002
  1.2866667e+000 -1.2420046e+002 -1.2249796e+002 -1.1999202e+002 -1.1757344e+002 -1.2011356e+002 -1.1545734e+002 -1.1684753e+002
  1.2933333e+000 -1.2420569e+002 -1.2248970e+002 -1.2000887e+002 -1.1757396e+002 -1.2010474e+002 -1.1544257e+002 -1.1683991e+002
  1.3000000e+000 -1.2419220e+002 -1.2247943e+002 -1.2001691e+002 -1.1755801e+002 -1.2010840e+002 -1.1544254e+002 -1.1685849e+002
  1.3066667e+000 -1.2421045e+002 -1.2249370e+002 -1.2000226e+002 -1.1758057e+002 -1.2007781e+002 -1.1543507e+002 -1.1687726e+002
  1.3133333e+000 -1.2421152e+002 -1.2248309e+002 -1.2000270e+002 -1.1756300e+002 -1.2012547e+002 -1.1541167e+002 -1.1690063e+002
  1.3200000e+000 -1.2421187e+002 -1.2247086e+002 -1.2000194e+002 -1.1754588e+002 -1.2099211e+002 -1.1535431e+002 -1.1687392e+002
  1.3266667e+000 -1.2442893e+002 -1.2244794e+002 -1.2001953e+002 -1.1754001e+002 -1.2101640e+002 -1.1533077e+002 -1.1688535e+002
  1.3333333e+000 -1.2445322e+002 -1.2245157e+002 -1.2004277e+002 -1.1752530e+002 -1.2098450e+002 -1.1534007e+002 -1.1691490e+002
  1.3400000e+000 -1.2452008e+002 -1.2244730e+002 -1.2005466e+002 -1.1750531e+002 -1.2098181e+002 -1.1535013e+002 -1.1694283e+002
  1.3466667e+000 -1.2451813e+002 -1.2243135e+002 -1.2007214e+002 -1.1753279e+002 -1.2099692e+002 -1.1534030e+002 -1.1697247e+002
  1.3533333e+000 -1.2449838e+002 -1.2238870e+002 -1.2005911e+002 -1.1752741e+002 -1.2101531e+002 -1.1529965e+002 -1.1696156e+002
  1.3600000e+000 -1.2446065e+002 -1.2226936e+002 -1.2005632e+002 -1.1752470e+002 -1.2102135e+002 -1.1532185e+002 -1.1697722e+002
  1.3666667e+000 -1.2438628e+002 -1.2251970e+002 -1.2003387e+002 -1.1752467e+002 -1.2102943e+002 -1.1537399e+002 -1.1697345e+002
  1.3733333e+000 -1.2436044e+002 -1.2252855e+002 -1.2001718e+002 -1.1753062e+002 -1.2101791e+002 -1.1542406e+002 -1.1699387e+002
  1.3800000e+000 -1.2438522e+002 -1.2242799e+002 -1.2001718e+002 -1.1754607e+002 -1.2104979e+002 -1.1547362e+002 -1.1705058e+002
  1.3866667e+000 -1.2440276e+002 -1.2240215e+002 -1.2003474e+002 -1.1758238e+002 -1.2096040e+002 -1.1548723e+002 -1.1710472e+002
  1.3933333e+000 -1.2445905e+002 -1.2242583e+002 -1.2007515e+002 -1.1760565e+002 -1.2098520e+002 -1.1550127e+002 -1.1718251e+002
  1.4000000e+000 -1.2453357e+002 -1.2243399e+002 -1.2012412e+002 -1.1759158e+002 -1.2100108e+002 -1.1554390e+002 -1.1723912e+002
  1.4066667e+000 -1.2459985e+002 -1.2244180e+002 -1.2013501e+002 -1.1759155e+002 -1.2096767e+002 -1.1544084e+002 -1.1728194e+002
  1.4133333e+000 -1.2464369e+002 -1.2243817e+002 -1.2015427e+002 -1.1758035e+002 -1.2098741e+002 -1.1549458e+002 -1.1732250e+002
  1.4200000e+000 -1.2462430e+002 -1.2241798e+002 -1.2016405e+002 -1.1756726e+002 -1.2100531e+002 -1.1556914e+002 -1.1737741e+002
  1.4266667e+000 -1.2467706e+002 -1.2242108e+002 -1.2018806e+002 -1.1760313e+002 -1.2101170e+002 -1.1563936e+002 -1.1744899e+002
  1.4333333e+000 -1.2472919e+002 -1.2241422e+002 -1.2020520e+002 -1.1762898e+002 -1.2101637e+002 -1.1568427e+002 -1.1750667e+002
  1.4400000e+000 -1.2466763e+002 -1.2243633e+002 -1.2024547e+002 -1.1767368e+002 -1.2083734e+002 -1.1581172e+002 -1.1754614e+002
  1.4466667e+000 -1.2452603e+002 -1.2242758e+002 -1.2029561e+002 -1.1765732e+002 -1.2083699e+002 -1.1582369e+002 -1.1758527e+002
  1.4533333e+000 -1.2453499e+002 -1.2242448e+002 -1.2031082e+002 -1.1766171e+002 -1.2085005e+002 -1.1587286e+002 -1.1761868e+002
  1.4600000e+000 -1.2458658e+002 -1.2249446e+002 -1.2033940e+002 -1.1767688e+002 -1.2086699e+002 -1.1594209e+002 -1.1766074e+002
  1.4666667e+000 -1.2466362e+002 -1.2243758e+002 -1.2038281e+002 -1.1768420e+002 -1.2086743e+002 -1.1593341e+002 -1.1769229e+002
  1.4733333e+000 -1.2472746e+002 -1.2243391e+002 -1.2042297e+002 -1.1770567e+002 -1.2107263e+002 -1.1590450e+002 -1.1771133e+002
  1.4800000e+000 -1.2475394e+002 -1.2250719e+002 -1.2046237e+002 -1.1774953e+002 -1.2108649e+002 -1.1604512e+002 -1.1775087e+002
  1.4866667e+000 -1.2474353e+002 -1.2252232e+002 -1.2051288e+002 -1.1776698e+002 -1.2105339e+002 -1.1606146e+002 -1.1777448e+002
  1.4933333e+000 -1.2471271e+002 -1.2250156e+002 -1.2055666e+002 -1.1778206e+002 -1.2104520e+002 -1.1601080e+002 -1.1779460e+002
  1.5000000e+000 -1.2465080e+002 -1.2253169e+002 -1.2059241e+002 -1.1778088e+002 -1.2104903e+002 -1.1606316e+002 -1.1781973e+002
  1.5066667e+000 -1.2456671e+002 -1.2251195e+002 -1.2064375e+002 -1.1780040e+002 -1.2102640e+002 -1.1614755e+002 -1.1786378e+002
  1.5133333e+000 -1.2462395e+002 -1.2252489e+002 -1.2066664e+002 -1.1783746e+002 -1.2098799e+002 -1.1621016e+002 -1.1788214e+002
  1.5200000e+000 -1.2465703e+002 -1.2258003e+002 -1.2069847e+002 -1.1786829e+002 -1.2098792e+002 -1.1623297e+002 -1.1791719e+002
  1.5266667e+000 -1.2461827e+002 -1.2259853e+002 -1.2071123e+002 -1.1788812e+002 -1.2103105e+002 -1.1620221e+002 -1.1793834e+002
  1.5333333e+000 -1.2469629e+002 -1.2241286e+002 -1.2074159e+002 -1.1788239e+002 -1.2103441e+002 -1.1687177e+002 -1.1797650e+002
  1.5400000e+000 -1.2479533e+002 -1.2247594e+002 -1.2077426e+002 -1.1788017e+002 -1.2101592e+002 -1.1686990e+002 -1.1802683e+002
  1.5466667e+000 -1.2482431e+002 -1.2251852e+002 -1.2082016e+002 -1.1791170e+002 -1.2100710e+002 -1.1688124e+002 -1.1808730e+002
  1.5533333e+000 -1.2486025e+002 -1.2255630e+002 -1.2084705e+002 -1.1792107e+002 -1.2088248e+002 -1.1686586e+002 -1.1810672e+002
  1.5600000e+000 -1.2476303e+002 -1.2256508e+002 -1.2087141e+002 -1.1793033e+002 -1.2085869e+002 -1.1700601e+002 -1.1813442e+002
  1.5666667e+000 -1.2472533e+002 -1.2255167e+002 -1.2089630e+002 -1.1792476e+002 -1.2088231e+002 -1.1709393e+002 -1.1815622e+002
  1.5733333e+000 -1.2466248e+002 -1.2270706e+002 -1.2092143e+002 -1.1792247e+002 -1.2086658e+002 -1.1709442e+002 -1.1820146e+002
  1.5800000e+000 -1.2467004e+002 -1.2269026e+002 -1.2097034e+002 -1.1794218e+002 -1.2088327e+002 -1.1707806e+002 -1.1824435e+002
  1.5866667e+000 -1.2467593e+002 -1.2272963e+002 -1.2103293e+002 -1.1797331e+002 -1.2088155e+002 -1.1709787e+002 -1.1828575e+002
  1.5933333e+000 -1.2467506e+002 -1.2274852e+002 -1.2115562e+002 -1.1798631e+002 -1.2087915e+002 -1.1714121e+002 -1.1833041e+002
  1.6000000e+000 -1.2454393e+002 -1.2269620e+002 -1.2127431e+002 -1.1795953e+002 -1.2087750e+002 -1.1714781e+002 -1.1837460e+002
  1.6066667e+000 -1.2464050e+002 -1.2267404e+002 -1.2116243e+002 -1.1791657e+002 -1.2086879e+002 -1.1714027e+002 -1.1841730e+002
  1.6133333e+000 -1.2461766e+002 -1.2268480e+002 -1.2114954e+002 -1.1791705e+002 -1.2084920e+002 -1.1717287e+002 -1.1845705e+002
  1.6200000e+000 -1.2457062e+002 -1.2259702e+002 -1.2122353e+002 -1.1795085e+002 -1.2087317e+002 -1.1722229e+002 -1.1851904e+002
  1.6266667e+000 -1.2460729e+002 -1.2264095e+002 -1.2125031e+002 -1.1798743e+002 -1.2088887e+002 -1.1725844e+002 -1.1855513e+002
  1.6333333e+000 -1.2462260e+002 -1.2264439e+002 -1.2126155e+002 -1.1799046e+002 -1.2092454e+002 -1.1729408e+002 -1.1857524e+002
  1.6400000e+000 -1.2464237e+002 -1.2264526e+002 -1.2124139e+002 -1.1798164e+002 -1.2093726e+002 -1.1728938e+002 -1.1857765e+002
  1.6466667e+000 -1.2465637e+002 -1.2262480e+002 -1.2124022e+002 -1.1797228e+002 -1.2094800e+002 -1.1731119e+002 -1.1860414e+002
  1.6533333e+000 -1.2480762e+002 -1.2260686e+002 -1.2125478e+002 -1.1798787e+002 -1.2093469e+002 -1.1734622e+002 -1.1864661e+002
  1.6600000e+000 -1.2480512e+002 -1.2259595e+002 -1.2118758e+002 -1.1798521e+002 -1.2092064e+002 -1.1739278e+002 -1.1868633e+002
  1.6666667e+000 -1.2478653e+002 -1.2259708e+002 -1.2123079e+002 -1.1799571e+002 -1.2091983e+002 -1.1743575e+002 -1.1868906e+002
  1.6733333e+000 -1.2479907e+002 -1.2258405e+002 -1.2128929e+002 -1.1799039e+002 -1.2094496e+002 -1.1746948e+002 -1.1867879e+002
  1.6800000e+000 -1.2485130e+002 -1.2260254e+002 -1.2141614e+002 -1.1798459e+002 -1.2097209e+002 -1.1751550e+002 -1.1869945e+002
  1.6866667e+000 -1.2483817e+002 -1.2262262e+002 -1.2138904e+002 -1.1799799e+002 -1.2101378e+002 -1.1756393e+002 -1.1870879e+002
  1.6933333e+000 -1.2482481e+002 -1.2264906e+002 -1.2134718e+002 -1.1801614e+002 -1.2100255e+002 -1.1760202e+002 -1.1872578e+002
  1.7000000e+000 -1.2486008e+002 -1.2257071e+002 -1.2145982e+002 -1.1801427e+002 -1.2098769e+002 -1.1765625e+002 -1.1874045e+002
  1.7066667e+000 -1.2489197e+002 -1.2257448e+002 -1.2156091e+002 -1.1800635e+002 -1.2096494e+002 -1.1771382e+002 -1.1877165e+002
  1.7133333e+000 -1.2488942e+002 -1.2261070e+002 -1.2156397e+002 -1.1798926e+002 -1.2097589e+002 -1.1777576e+002 -1.1878648e+002
  1.7200000e+000 -1.2480920e+002 -1.2256711e+002 -1.2162199e+002 -1.1797910e+002 -1.2098308e+002 -1.1783846e+002 -1.1879419e+002
  1.7266667e+000 -1.2482651e+002 -1.2251845e+002 -1.2166492e+002 -1.1798676e+002 -1.2100031e+002 -1.1791249e+002 -1.1879881e+002
  1.7333333e+000 -1.2481833e+002 -1.2260431e+002 -1.2163426e+002 -1.1800621e+002 -1.2100160e+002 -1.1800801e+002 -1.1882648e+002
  1.7400000e+000 -1.2479814e+002 -1.2263416e+002 -1.2176448e+002 -1.1798915e+002 -1.2099445e+002 -1.1812149e+002 -1.1884680e+002
  1.7466667e+000 -1.2482465e+002 -1.2266141e+002 -1.2183313e+002 -1.1796941e+002 -1.2100430e+002 -1.1822917e+002 -1.1887375e+002
  1.7533333e+000 -1.2486762e+002 -1.2264166e+002 -1.2181111e+002 -1.1797757e+002 -1.2101045e+002 -1.1837769e+002 -1.1889825e+002
  1.7600000e+000 -1.2487856e+002 -1.2260420e+002 -1.2184097e+002 -1.1799541e+002 -1.2101582e+002 -1.1850902e+002 -1.1891148e+002
  1.7666667e+000 -1.2489436e+002 -1.2263357e+002 -1.2198540e+002 -1.1798050e+002 -1.2103742e+002 -1.1864011e+002 -1.1895190e+002
  1.7733333e+000 -1.2490707e+002 -1.2263136e+002 -1.2209438e+002 -1.1797730e+002 -1.2106006e+002 -1.1875925e+002 -1.1897347e+002
  1.7800000e+000 -1.2492497e+002 -1.2260792e+002 -1.2206973e+002 -1.1796706e+002 -1.2109627e+002 -1.1886781e+002 -1.1898663e+002
  1.7866667e+000 -1.2495097e+002 -1.2257980e+002 -1.2201955e+002 -1.1796347e+002 -1.2114287e+002 -1.1897070e+002 -1.1898608e+002
  1.7933333e+000 -1.2497305e+002 -1.2245441e+002 -1.2208498e+002 -1.1795396e+002 -1.2119508e+002 -1.1907272e+002 -1.1899901e+002
  1.8000000e+000 -1.2497641e+002 -1.2249554e+002 -1.2215494e+002 -1.1794479e+002 -1.2121841e+002 -1.1915447e+002 -1.1900215e+002
  1.8066667e+000 -1.2497972e+002 -1.2252148e+002 -1.2217239e+002 -1.1795416e+002 -1.2105334e+002 -1.1925324e+002 -1.1900018e+002
  1.8133333e+000 -1.2501354e+002 -1.2255197e+002 -1.2223497e+002 -1.1794908e+002 -1.2104761e+002 -1.1934454e+002 -1.1900519e+002
  1.8200000e+000 -1.2506278e+002 -1.2255565e+002 -1.2225101e+002 -1.1793088e+002 -1.2107713e+002 -1.1945726e+002 -1.1901898e+002
  1.8266667e+000 -1.2509613e+002 -1.2256667e+002 -1.2226357e+002 -1.1796948e+002 -1.2110135e+002 -1.1955171e+002 -1.1899959e+002
  1.8333333e+000 -1.2511867e+002 -1.2247156e+002 -1.2226070e+002 -1.1799219e+002 -1.2107941e+002 -1.1964110e+002 -1.1900180e+002
  1.8400000e+000 -1.2513715e+002 -1.2241286e+002 -1.2232376e+002 -1.1796809e+002 -1.2102864e+002 -1.1970029e+002 -1.1900291e+002
  1.8466667e+000 -1.2517534e+002 -1.2233665e+002 -1.2226892e+002 -1.1793602e+002 -1.2104613e+002 -1.1974471e+002 -1.1899451e+002
  1.8533333e+000 -1.2517304e+002 -1.2261639e+002 -1.2227033e+002 -1.1796668e+002 -1.2107132e+002 -1.1980978e+002 -1.1900768e+002
  1.8600000e+000 -1.2514693e+002 -1.2257036e+002 -1.2236050e+002 -1.1799696e+002 -1.2105971e+002 -1.1986809e+002 -1.1902043e+002
  1.8666667e+000 -1.2510422e+002 -1.2251448e+002 -1.2234102e+002 -1.1799326e+002 -1.2099674e+002 -1.1993977e+002 -1.1900418e+002
  1.8733333e+000 -1.2530811e+002 -1.2242604e+002 -1.2240671e+002 -1.1799539e+002 -1.2102947e+002 -1.2000887e+002 -1.1899155e+002
  1.8800000e+000 -1.2535475e+002 -1.2240373e+002 -1.2244064e+002 -1.1802216e+002 -1.2101125e+002 -1.2005067e+002 -1.1900456e+002
  1.8866667e+000 -1.2529312e+002 -1.2238864e+002 -1.2238545e+002 -1.1803186e+002 -1.2100034e+002 -1.2010809e+002 -1.1902081e+002
  1.8933333e+000 -1.2525470e+002 -1.2243280e+002 -1.2235992e+002 -1.1803297e+002 -1.2101703e+002 -1.2017957e+002 -1.1900940e+002
  1.9000000e+000 -1.2520801e+002 -1.2257112e+002 -1.2238394e+002 -1.1802017e+002 -1.2098319e+002 -1.2024129e+002 -1.1900049e+002
  1.9066667e+000 -1.2517566e+002 -1.2269412e+002 -1.2238280e+002 -1.1798932e+002 -1.2092011e+002 -1.2028729e+002 -1.1900443e+002
  1.9133333e+000 -1.2536762e+002 -1.2269092e+002 -1.2235222e+002 -1.1802460e+002 -1.2095190e+002 -1.2032025e+002 -1.1900159e+002
  1.9200000e+000 -1.2536978e+002 -1.2247241e+002 -1.2246733e+002 -1.1806073e+002 -1.2098544e+002 -1.2037180e+002 -1.1900235e+002
  1.9266667e+000 -1.2527205e+002 -1.2243285e+002 -1.2246312e+002 -1.1806494e+002 -1.2100890e+002 -1.2038689e+002 -1.1900226e+002
  1.9333333e+000 -1.2524606e+002 -1.2238854e+002 -1.2245577e+002 -1.1804240e+002 -1.2100824e+002 -1.2042926e+002 -1.1897298e+002
  1.9400000e+000 -1.2523718e+002 -1.2245903e+002 -1.2243318e+002 -1.1804085e+002 -1.2101520e+002 -1.2047229e+002 -1.1898383e+002
  1.9466667e+000 -1.2526050e+002 -1.2246222e+002 -1.2244325e+002 -1.1806229e+002 -1.2098962e+002 -1.2050310e+002 -1.1900024e+002
  1.9533333e+000 -1.2527423e+002 -1.2254727e+002 -1.2245036e+002 -1.1807735e+002 -1.2101114e+002 -1.2055545e+002 -1.1900262e+002
  1.9600000e+000 -1.2531505e+002 -1.2254910e+002 -1.2246205e+002 -1.1806618e+002 -1.2104361e+002 -1.2059277e+002 -1.1899783e+002
  1.9666667e+000 -1.2535063e+002 -1.2260185e+002 -1.2246916e+002 -1.1806789e+002 -1.2102922e+002 -1.2065506e+002 -1.1899379e+002
  1.9733333e+000 -1.2536620e+002 -1.2253618e+002 -1.2242624e+002 -1.1807317e+002 -1.2104646e+002 -1.2067981e+002 -1.1901828e+002
  1.9800000e+000 -1.2538557e+002 -1.2252312e+002 -1.2243422e+002 -1.1809110e+002 -1.2105272e+002 -1.2071213e+002 -1.1901756e+002
  1.9866667e+000 -1.2538832e+002 -1.2263609e+002 -1.2248410e+002 -1.1810638e+002 -1.2103774e+002 -1.2071779e+002 -1.1900734e+002
  1.9933333e+000 -1.2541876e+002 -1.2271207e+002 -1.2247258e+002 -1.1809978e+002 -1.2102663e+002 -1.2070508e+002 -1.1900160e+002
  2.0000000e+000 -1.2545923e+002 -1.2267989e+002 -1.2252913e+002 -1.1809279e+002 -1.2101834e+002 -1.2070781e+002 -1.1899468e+002
