 -5.0000000e-001 -4.2355709e+001 -4.4093971e+001 -4.1965256e+001 -4.2016842e+001 -4.1644127e+001
 -4.9333333e-001 -4.2365368e+001 -4.4095737e+001 -4.1971195e+001 -4.2011581e+001 -4.1642365e+001
 -4.8666667e-001 -4.2360973e+001 -4.4075920e+001 -4.1984734e+001 -4.2007473e+001 -4.1643570e+001
 -4.8000000e-001 -4.2359177e+001 -4.4049999e+001 -4.1988194e+001 -4.2005894e+001 -4.1651745e+001
 -4.7333333e-001 -4.2354740e+001 -4.4043186e+001 -4.1981312e+001 -4.2001427e+001 -4.1646988e+001
 -4.6666667e-001 -4.2343185e+001 -4.4043427e+001 -4.1978317e+001 -4.1988682e+001 -4.1638142e+001
 -4.6000000e-001 -4.2322697e+001 -4.4043278e+001 -4.1978104e+001 -4.1991116e+001 -4.1630329e+001
 -4.5333333e-001 -4.2314114e+001 -4.4042057e+001 -4.1984665e+001 -4.1994991e+001 -4.1630230e+001
 -4.4666667e-001 -4.2315857e+001 -4.4041218e+001 -4.1991405e+001 -4.1993462e+001 -4.1626930e+001
 -4.4000000e-001 -4.2309544e+001 -4.4039436e+001 -4.1986225e+001 -4.1995884e+001 -4.1617092e+001
 -4.3333333e-001 -4.2293018e+001 -4.4035095e+001 -4.1978012e+001 -4.1994553e+001 -4.1620163e+001
 -4.2666667e-001 -4.2285324e+001 -4.4033226e+001 -4.1978760e+001 -4.1996029e+001 -4.1610287e+001
 -4.2000000e-001 -4.2280098e+001 -4.4033302e+001 -4.1983536e+001 -4.1990746e+001 -4.1598675e+001
 -4.1333333e-001 -4.2261364e+001 -4.4037430e+001 -4.1974277e+001 -4.1991348e+001 -4.1603111e+001
 -4.0666667e-001 -4.2244671e+001 -4.4045326e+001 -4.1990646e+001 -4.1983307e+001 -4.1599506e+001
 -4.0000000e-001 -4.2232235e+001 -4.4048576e+001 -4.1981323e+001 -4.1973042e+001 -4.1602264e+001
 -3.9333333e-001 -4.2214088e+001 -4.4042168e+001 -4.1967026e+001 -4.1980850e+001 -4.1603096e+001
 -3.8666667e-001 -4.2218704e+001 -4.4057808e+001 -4.1980686e+001 -4.1975712e+001 -4.1604870e+001
 -3.8000000e-001 -4.2232941e+001 -4.4073311e+001 -4.1982296e+001 -4.1965897e+001 -4.1589497e+001
 -3.7333333e-001 -4.2215683e+001 -4.4080914e+001 -4.1984226e+001 -4.1973888e+001 -4.1582230e+001
 -3.6666667e-001 -4.2200356e+001 -4.4089825e+001 -4.1983814e+001 -4.1978939e+001 -4.1578091e+001
 -3.6000000e-001 -4.2203403e+001 -4.4099983e+001 -4.1979103e+001 -4.1975616e+001 -4.1574257e+001
 -3.5333333e-001 -4.2190262e+001 -4.4097740e+001 -4.1990963e+001 -4.1961502e+001 -4.1576359e+001
 -3.4666667e-001 -4.2177578e+001 -4.4088326e+001 -4.1999348e+001 -4.1956509e+001 -4.1572994e+001
 -3.4000000e-001 -4.2176765e+001 -4.4094238e+001 -4.2002899e+001 -4.1963341e+001 -4.1576839e+001
 -3.3333333e-001 -4.2170429e+001 -4.4094131e+001 -4.2012798e+001 -4.1967323e+001 -4.1585793e+001
 -3.2666667e-001 -4.2169853e+001 -4.4084919e+001 -4.2022007e+001 -4.1951817e+001 -4.1586521e+001
 -3.2000000e-001 -4.2182076e+001 -4.4091286e+001 -4.2016605e+001 -4.1932697e+001 -4.1586552e+001
 -3.1333333e-001 -4.2174873e+001 -4.4081852e+001 -4.2019802e+001 -4.1931915e+001 -4.1586018e+001
 -3.0666667e-001 -4.2165810e+001 -4.4074020e+001 -4.2036030e+001 -4.1926819e+001 -4.1587395e+001
 -3.0000000e-001 -4.2174191e+001 -4.4076340e+001 -4.2040184e+001 -4.1920921e+001 -4.1587063e+001
 -2.9333333e-001 -4.2179623e+001 -4.4083168e+001 -4.2051067e+001 -4.1919899e+001 -4.1585358e+001
 -2.8666667e-001 -4.2184593e+001 -4.4094238e+001 -4.2057262e+001 -4.1911430e+001 -4.1582203e+001
 -2.8000000e-001 -4.2201481e+001 -4.4100090e+001 -4.2061459e+001 -4.1912918e+001 -4.1577129e+001
 -2.7333333e-001 -4.2205681e+001 -4.4096889e+001 -4.2070042e+001 -4.1931484e+001 -4.1573711e+001
 -2.6666667e-001 -4.2201557e+001 -4.4096092e+001 -4.2059658e+001 -4.1954350e+001 -4.1584999e+001
 -2.6000000e-001 -4.2216759e+001 -4.4099113e+001 -4.2064617e+001 -4.1960442e+001 -4.1586288e+001
 -2.5333333e-001 -4.2222176e+001 -4.4107357e+001 -4.2080940e+001 -4.1950249e+001 -4.1581367e+001
 -2.4666667e-001 -4.2224926e+001 -4.4119766e+001 -4.2072037e+001 -4.1946575e+001 -4.1578896e+001
 -2.4000000e-001 -4.2237469e+001 -4.4123974e+001 -4.2061306e+001 -4.1937241e+001 -4.1575077e+001
 -2.3333333e-001 -4.2243565e+001 -4.4112041e+001 -4.2055206e+001 -4.1934040e+001 -4.1566280e+001
 -2.2666667e-001 -4.2236446e+001 -4.4113792e+001 -4.2050926e+001 -4.1923283e+001 -4.1555145e+001
 -2.2000000e-001 -4.2231598e+001 -4.4128273e+001 -4.2043232e+001 -4.1924484e+001 -4.1561333e+001
 -2.1333333e-001 -4.2226326e+001 -4.4138748e+001 -4.2032841e+001 -4.1919483e+001 -4.1582767e+001
 -2.0666667e-001 -4.2225933e+001 -4.4147598e+001 -4.2030190e+001 -4.1907894e+001 -4.1584557e+001
 -2.0000000e-001 -4.2225014e+001 -4.4160126e+001 -4.2033730e+001 -4.1911541e+001 -4.1575073e+001
 -1.9333333e-001 -4.2230499e+001 -4.4162247e+001 -4.2038429e+001 -4.1918266e+001 -4.1568085e+001
 -1.8666667e-001 -4.2227810e+001 -4.4159588e+001 -4.2041035e+001 -4.1921299e+001 -4.1568031e+001
 -1.8000000e-001 -4.2246483e+001 -4.4163914e+001 -4.2044498e+001 -4.1911407e+001 -4.1556854e+001
 -1.7333333e-001 -4.2250473e+001 -4.4160034e+001 -4.2051037e+001 -4.1914524e+001 -4.1547733e+001
 -1.6666667e-001 -4.2243855e+001 -4.4158997e+001 -4.2050167e+001 -4.1907078e+001 -4.1558266e+001
 -1.6000000e-001 -4.2252186e+001 -4.4162163e+001 -4.2052803e+001 -4.1895752e+001 -4.1555561e+001
 -1.5333333e-001 -4.2245926e+001 -4.4163300e+001 -4.2057220e+001 -4.1889580e+001 -4.1565102e+001
 -1.4666667e-001 -4.2231918e+001 -4.4169144e+001 -4.2076611e+001 -4.1887806e+001 -4.1572468e+001
 -1.4000000e-001 -4.2237183e+001 -4.4177666e+001 -4.2101002e+001 -4.1883606e+001 -4.1553337e+001
 -1.3333333e-001 -4.2242981e+001 -4.4182346e+001 -4.2127502e+001 -4.1886959e+001 -4.1545403e+001
 -1.2666667e-001 -4.2266117e+001 -4.4180584e+001 -4.2132568e+001 -4.1876106e+001 -4.1530983e+001
 -1.2000000e-001 -4.2267921e+001 -4.4196869e+001 -4.2137756e+001 -4.1851414e+001 -4.1523727e+001
 -1.1333333e-001 -4.2263996e+001 -4.4195415e+001 -4.2158287e+001 -4.1831676e+001 -4.1525719e+001
 -1.0666667e-001 -4.2267075e+001 -4.4192066e+001 -4.2166126e+001 -4.1844181e+001 -4.1525913e+001
 -1.0000000e-001 -4.2270973e+001 -4.4202209e+001 -4.2171581e+001 -4.1865345e+001 -4.1532444e+001
 -9.3333333e-002 -4.2269474e+001 -4.4206970e+001 -4.2174183e+001 -4.1859879e+001 -4.1535027e+001
 -8.6666667e-002 -4.2260582e+001 -4.4203518e+001 -4.2175190e+001 -4.1858627e+001 -4.1522148e+001
 -8.0000000e-002 -4.2275322e+001 -4.4206268e+001 -4.2174381e+001 -4.1862522e+001 -4.1512318e+001
 -7.3333333e-002 -4.2276398e+001 -4.4197407e+001 -4.2162346e+001 -4.1871780e+001 -4.1506222e+001
 -6.6666667e-002 -4.2284313e+001 -4.4196590e+001 -4.2165821e+001 -4.1878429e+001 -4.1511642e+001
 -6.0000000e-002 -4.2294121e+001 -4.4202774e+001 -4.2181446e+001 -4.1896976e+001 -4.1507290e+001
 -5.3333333e-002 -4.2287663e+001 -4.4193748e+001 -4.2193359e+001 -4.1903042e+001 -4.1495537e+001
 -4.6666667e-002 -4.2290455e+001 -4.4196262e+001 -4.2196537e+001 -4.1907818e+001 -4.1501125e+001
 -4.0000000e-002 -4.2273865e+001 -4.4193348e+001 -4.2195255e+001 -4.1910671e+001 -4.1506866e+001
 -3.3333333e-002 -4.2266712e+001 -4.4178288e+001 -4.2197689e+001 -4.1937115e+001 -4.1505695e+001
 -2.6666667e-002 -4.2286053e+001 -4.4179893e+001 -4.2188892e+001 -4.1985104e+001 -4.1496994e+001
 -2.0000000e-002 -4.2293667e+001 -4.4200268e+001 -4.2183884e+001 -4.2009441e+001 -4.1512196e+001
 -1.3333333e-002 -4.2293266e+001 -4.4199379e+001 -4.2179150e+001 -4.2012188e+001 -4.1530216e+001
 -6.6666667e-003 -4.2290974e+001 -4.4188606e+001 -4.2175602e+001 -4.2018593e+001 -4.1523926e+001
  0.0000000e+000 -4.2297554e+001 -4.4177399e+001 -4.2175892e+001 -4.2042809e+001 -4.1520317e+001
  6.6666667e-003 -4.2294510e+001 -4.4156918e+001 -4.2184914e+001 -4.2091305e+001 -4.1525887e+001
  1.3333333e-002 -4.2285072e+001 -4.4150959e+001 -4.2184849e+001 -4.2107464e+001 -4.1524975e+001
  2.0000000e-002 -4.2286045e+001 -4.4142281e+001 -4.2172382e+001 -4.2115726e+001 -4.1523163e+001
  2.6666667e-002 -4.2283566e+001 -4.4131981e+001 -4.2161407e+001 -4.2127705e+001 -4.1515995e+001
  3.3333333e-002 -4.2293144e+001 -4.4132759e+001 -4.2154827e+001 -4.2121834e+001 -4.1506130e+001
  4.0000000e-002 -4.2291626e+001 -4.4128876e+001 -4.2155479e+001 -4.2118763e+001 -4.1509083e+001
  4.6666667e-002 -4.2290516e+001 -4.4125244e+001 -4.2152309e+001 -4.2136501e+001 -4.1503193e+001
  5.3333333e-002 -4.2303699e+001 -4.4101570e+001 -4.2152637e+001 -4.2148647e+001 -4.1490845e+001
  6.0000000e-002 -4.2300896e+001 -4.4086094e+001 -4.2146759e+001 -4.2150673e+001 -4.1489414e+001
  6.6666667e-002 -4.2295498e+001 -4.4090981e+001 -4.2142601e+001 -4.2153030e+001 -4.1479996e+001
  7.3333333e-002 -4.2318756e+001 -4.4088226e+001 -4.2155144e+001 -4.2176567e+001 -4.1472946e+001
  8.0000000e-002 -4.2338989e+001 -4.4094120e+001 -4.2166985e+001 -4.2205730e+001 -4.1479092e+001
  8.6666667e-002 -4.2348145e+001 -4.4084473e+001 -4.2164074e+001 -4.2213909e+001 -4.1480736e+001
  9.3333333e-002 -4.2366829e+001 -4.4084850e+001 -4.2169273e+001 -4.2221249e+001 -4.1476509e+001
  1.0000000e-001 -4.2382446e+001 -4.4097248e+001 -4.2184490e+001 -4.2215725e+001 -4.1478313e+001
  1.0666667e-001 -4.2402966e+001 -4.4098213e+001 -4.2178135e+001 -4.2220413e+001 -4.1481159e+001
  1.1333333e-001 -4.2438396e+001 -4.4105812e+001 -4.2183533e+001 -4.2230919e+001 -4.1486595e+001
  1.2000000e-001 -4.2477325e+001 -4.4111008e+001 -4.2213284e+001 -4.2230068e+001 -4.1516529e+001
  1.2666667e-001 -4.2539524e+001 -4.4094906e+001 -4.2230152e+001 -4.2228855e+001 -4.1537617e+001
  1.3333333e-001 -4.2641602e+001 -4.4095345e+001 -4.2255291e+001 -4.2220783e+001 -4.1537266e+001
  1.4000000e-001 -4.2765160e+001 -4.4102489e+001 -4.2271133e+001 -4.2201191e+001 -4.1554916e+001
  1.4666667e-001 -4.2928123e+001 -4.4109917e+001 -4.2277176e+001 -4.2183384e+001 -4.1579475e+001
  1.5333333e-001 -4.3133068e+001 -4.4110954e+001 -4.2273010e+001 -4.2161129e+001 -4.1589977e+001
  1.6000000e-001 -4.3337856e+001 -4.4121349e+001 -4.2260277e+001 -4.2131817e+001 -4.1607201e+001
  1.6666667e-001 -4.3502506e+001 -4.4124950e+001 -4.2254192e+001 -4.2099663e+001 -4.1623264e+001
  1.7333333e-001 -4.3577789e+001 -4.4122688e+001 -4.2232182e+001 -4.2052952e+001 -4.1615345e+001
  1.8000000e-001 -4.3576897e+001 -4.4101315e+001 -4.2187355e+001 -4.2009388e+001 -4.1608162e+001
  1.8666667e-001 -4.3525112e+001 -4.4065163e+001 -4.2130825e+001 -4.1962009e+001 -4.1593864e+001
  1.9333333e-001 -4.3460976e+001 -4.4034332e+001 -4.2062813e+001 -4.1871075e+001 -4.1583904e+001
  2.0000000e-001 -4.3399368e+001 -4.3977196e+001 -4.2001957e+001 -4.1753757e+001 -4.1583279e+001
  2.0666667e-001 -4.3364182e+001 -4.3894650e+001 -4.1933311e+001 -4.1602703e+001 -4.1532364e+001
  2.1333333e-001 -4.3346134e+001 -4.3760693e+001 -4.1829582e+001 -4.1430779e+001 -4.1467239e+001
  2.2000000e-001 -4.3266266e+001 -4.3616982e+001 -4.1715160e+001 -4.1261982e+001 -4.1386776e+001
  2.2666667e-001 -4.3147758e+001 -4.3457211e+001 -4.1615250e+001 -4.1118984e+001 -4.1271992e+001
  2.3333333e-001 -4.3016766e+001 -4.3286449e+001 -4.1541138e+001 -4.1031975e+001 -4.1175613e+001
  2.4000000e-001 -4.2938595e+001 -4.3159386e+001 -4.1475918e+001 -4.0979912e+001 -4.1082153e+001
  2.4666667e-001 -4.2909786e+001 -4.3050407e+001 -4.1413525e+001 -4.0986153e+001 -4.1009567e+001
  2.5333333e-001 -4.2925194e+001 -4.3002167e+001 -4.1393867e+001 -4.1067451e+001 -4.0991253e+001
  2.6000000e-001 -4.2915302e+001 -4.2958752e+001 -4.1378407e+001 -4.1193718e+001 -4.0990864e+001
  2.6666667e-001 -4.2892025e+001 -4.2915119e+001 -4.1355331e+001 -4.1337997e+001 -4.1006184e+001
  2.7333333e-001 -4.2839333e+001 -4.2887558e+001 -4.1375000e+001 -4.1458057e+001 -4.1005253e+001
  2.8000000e-001 -4.2710773e+001 -4.2885601e+001 -4.1414032e+001 -4.1458168e+001 -4.0998539e+001
  2.8666667e-001 -4.2578445e+001 -4.2950199e+001 -4.1404438e+001 -4.1342297e+001 -4.0990902e+001
  2.9333333e-001 -4.2524876e+001 -4.3163265e+001 -4.1348858e+001 -4.1223518e+001 -4.0984974e+001
  3.0000000e-001 -4.2539993e+001 -4.3525257e+001 -4.1246254e+001 -4.1106934e+001 -4.0974880e+001
  3.0666667e-001 -4.2647209e+001 -4.3985546e+001 -4.1055473e+001 -4.0996056e+001 -4.0912148e+001
  3.1333333e-001 -4.2848515e+001 -4.4563068e+001 -4.0821342e+001 -4.1030701e+001 -4.0780571e+001
  3.2000000e-001 -4.3162907e+001 -4.5214512e+001 -4.0536766e+001 -4.1216530e+001 -4.0602013e+001
  3.2666667e-001 -4.3618824e+001 -4.5998402e+001 -4.0241230e+001 -4.1489738e+001 -4.0420612e+001
  3.3333333e-001 -4.4170883e+001 -4.6965416e+001 -3.9950214e+001 -4.1832687e+001 -4.0236824e+001
  3.4000000e-001 -4.4781403e+001 -4.8040279e+001 -3.9691788e+001 -4.2213646e+001 -4.0048508e+001
  3.4666667e-001 -4.5430435e+001 -4.9087711e+001 -3.9527096e+001 -4.2583874e+001 -3.9913204e+001
  3.5333333e-001 -4.6027992e+001 -5.0001270e+001 -3.9461987e+001 -4.2929855e+001 -3.9891994e+001
  3.6000000e-001 -4.6441078e+001 -5.0789330e+001 -3.9471260e+001 -4.3196243e+001 -4.0003567e+001
  3.6666667e-001 -4.6611996e+001 -5.0644554e+001 -3.9540878e+001 -4.3352657e+001 -4.0265568e+001
  3.7333333e-001 -4.6565296e+001 -5.1644218e+001 -3.9701797e+001 -4.3428177e+001 -4.0658081e+001
  3.8000000e-001 -4.6419651e+001 -5.1689613e+001 -3.9892109e+001 -4.3455204e+001 -4.1183239e+001
  3.8666667e-001 -4.6274982e+001 -5.1543224e+001 -4.0117897e+001 -4.3378944e+001 -4.1798817e+001
  3.9333333e-001 -4.6213345e+001 -5.1378483e+001 -4.0328106e+001 -4.3216938e+001 -4.2406357e+001
  4.0000000e-001 -4.6273090e+001 -5.1275082e+001 -4.0520256e+001 -4.3105476e+001 -4.2906605e+001
  4.0666667e-001 -4.6428364e+001 -5.1203682e+001 -4.0678059e+001 -4.2993729e+001 -4.3240761e+001
  4.1333333e-001 -4.6636986e+001 -5.1271778e+001 -4.0813438e+001 -4.2916935e+001 -4.3423561e+001
  4.2000000e-001 -4.6893734e+001 -5.1524647e+001 -4.0953068e+001 -4.2966244e+001 -4.3437057e+001
  4.2666667e-001 -4.7151840e+001 -5.1673050e+001 -4.1101616e+001 -4.2998497e+001 -4.3328926e+001
  4.3333333e-001 -4.7388561e+001 -5.1760864e+001 -4.1281696e+001 -4.2986027e+001 -4.3179806e+001
  4.4000000e-001 -4.7511780e+001 -5.1872784e+001 -4.1530964e+001 -4.3011612e+001 -4.2967201e+001
  4.4666667e-001 -4.7528778e+001 -5.1844498e+001 -4.1874329e+001 -4.2975723e+001 -4.2779888e+001
  4.5333333e-001 -4.7532303e+001 -5.1724926e+001 -4.2223484e+001 -4.2881577e+001 -4.2651588e+001
  4.6000000e-001 -4.7542854e+001 -5.1694656e+001 -4.2589725e+001 -4.2741520e+001 -4.2556675e+001
  4.6666667e-001 -4.7579529e+001 -5.1610332e+001 -4.3051781e+001 -4.2598007e+001 -4.2559383e+001
  4.7333333e-001 -4.7676762e+001 -5.1575760e+001 -4.3542744e+001 -4.2461952e+001 -4.2616001e+001
  4.8000000e-001 -4.7790123e+001 -5.1552059e+001 -4.4016788e+001 -4.2259117e+001 -4.2669682e+001
  4.8666667e-001 -4.7891575e+001 -5.1403900e+001 -4.4388233e+001 -4.1775253e+001 -4.2755333e+001
  4.9333333e-001 -4.7297813e+001 -5.1373238e+001 -4.4710064e+001 -4.1707249e+001 -4.2862629e+001
  5.0000000e-001 -4.7363117e+001 -5.1306000e+001 -4.3970261e+001 -4.1691021e+001 -4.2924473e+001
  5.0666667e-001 -4.9341187e+001 -5.1222740e+001 -4.4120049e+001 -4.2198814e+001 -4.2990616e+001
  5.1333333e-001 -4.8786617e+001 -5.1219158e+001 -4.5258820e+001 -4.2136353e+001 -4.3066257e+001
  5.2000000e-001 -4.9082417e+001 -5.1205708e+001 -4.5451431e+001 -4.2027145e+001 -4.3119690e+001
  5.2666667e-001 -4.9352375e+001 -5.1191906e+001 -4.5658775e+001 -4.2177334e+001 -4.3195839e+001
  5.3333333e-001 -4.8459820e+001 -5.1178703e+001 -4.6071442e+001 -4.2428551e+001 -4.3298813e+001
  5.4000000e-001 -4.9397991e+001 -5.1177898e+001 -4.6311272e+001 -4.2745872e+001 -4.3411377e+001
  5.4666667e-001 -4.9629524e+001 -5.1162552e+001 -4.6547802e+001 -4.2997303e+001 -4.3548203e+001
  5.5333333e-001 -4.9827751e+001 -5.1239655e+001 -4.6559723e+001 -4.3113529e+001 -4.3716251e+001
  5.6000000e-001 -5.0012283e+001 -5.1373848e+001 -4.6725357e+001 -4.3201290e+001 -4.3936134e+001
  5.6666667e-001 -5.0294266e+001 -5.1550552e+001 -4.6896572e+001 -4.3320488e+001 -4.3020477e+001
  5.7333333e-001 -5.0659588e+001 -5.1843506e+001 -4.7086578e+001 -4.3391846e+001 -4.3188900e+001
  5.8000000e-001 -5.1079250e+001 -5.2082214e+001 -4.7263096e+001 -4.3488995e+001 -4.4389820e+001
  5.8666667e-001 -5.1403137e+001 -5.2338997e+001 -4.7425694e+001 -4.3857555e+001 -4.4572651e+001
  5.9333333e-001 -5.1694084e+001 -5.2722816e+001 -4.7667339e+001 -4.3945087e+001 -4.4805992e+001
  6.0000000e-001 -5.2090527e+001 -5.3112270e+001 -4.7888779e+001 -4.4023956e+001 -4.4952282e+001
  6.0666667e-001 -5.2441067e+001 -5.3572178e+001 -4.8158592e+001 -4.4128925e+001 -4.5142796e+001
  6.1333333e-001 -5.2853584e+001 -5.4053745e+001 -4.8452549e+001 -4.4290619e+001 -4.5333912e+001
  6.2000000e-001 -5.3195679e+001 -5.4552517e+001 -4.8720127e+001 -4.4500359e+001 -4.5433338e+001
  6.2666667e-001 -5.3363499e+001 -5.5130245e+001 -4.9083309e+001 -4.4589321e+001 -4.5600224e+001
  6.3333333e-001 -5.3447506e+001 -5.5714764e+001 -4.9480907e+001 -4.4719261e+001 -4.5767040e+001
  6.4000000e-001 -5.3476547e+001 -5.6159801e+001 -4.9761566e+001 -4.4849304e+001 -4.5943634e+001
  6.4666667e-001 -5.3440632e+001 -5.6607323e+001 -5.0035725e+001 -4.4999226e+001 -4.6154747e+001
  6.5333333e-001 -5.3422211e+001 -5.7092892e+001 -5.0432827e+001 -4.5181103e+001 -4.6347897e+001
  6.6000000e-001 -5.3431019e+001 -5.7475761e+001 -5.0745514e+001 -4.5353497e+001 -4.6514709e+001
  6.6666667e-001 -5.3375362e+001 -5.7940933e+001 -5.1063065e+001 -4.5290150e+001 -4.6702080e+001
  6.7333333e-001 -5.3323990e+001 -5.8414497e+001 -5.1456627e+001 -4.5443829e+001 -4.6839386e+001
  6.8000000e-001 -5.3261520e+001 -5.8854008e+001 -5.1843300e+001 -4.5538280e+001 -4.6947475e+001
  6.8666667e-001 -5.3194435e+001 -5.9219162e+001 -5.2186802e+001 -4.5693329e+001 -4.7112148e+001
  6.9333333e-001 -5.3140652e+001 -5.9630177e+001 -5.2516708e+001 -4.5863480e+001 -4.7228546e+001
  7.0000000e-001 -5.3040874e+001 -6.0093891e+001 -5.2735703e+001 -4.5892685e+001 -4.7382893e+001
  7.0666667e-001 -5.2933846e+001 -6.0532047e+001 -5.2967751e+001 -4.5954132e+001 -4.7568176e+001
  7.1333333e-001 -5.2805534e+001 -6.0995682e+001 -5.3141502e+001 -4.6044086e+001 -4.8011871e+001
  7.2000000e-001 -5.2721199e+001 -6.1465401e+001 -5.3219765e+001 -4.6076591e+001 -4.8217697e+001
  7.2666667e-001 -5.2614208e+001 -6.1896454e+001 -5.3255325e+001 -4.6160530e+001 -4.8464554e+001
  7.3333333e-001 -5.2505783e+001 -6.2241951e+001 -5.3289406e+001 -4.6207939e+001 -4.8790821e+001
  7.4000000e-001 -5.2434818e+001 -6.2539139e+001 -5.3261406e+001 -4.6231884e+001 -4.9076847e+001
  7.4666667e-001 -5.2621021e+001 -6.2953583e+001 -5.3292351e+001 -4.6356243e+001 -4.9311798e+001
  7.5333333e-001 -5.2671078e+001 -6.3414661e+001 -5.2575573e+001 -4.6424915e+001 -4.9586636e+001
  7.6000000e-001 -5.2560234e+001 -6.3832279e+001 -5.2818417e+001 -4.6447559e+001 -4.9905972e+001
  7.6666667e-001 -5.2575428e+001 -6.4185493e+001 -5.4037800e+001 -4.6558121e+001 -5.0137802e+001
  7.7333333e-001 -5.2539520e+001 -6.4433479e+001 -5.4126900e+001 -4.6557598e+001 -5.0274036e+001
  7.8000000e-001 -5.2622990e+001 -6.4668427e+001 -5.4098022e+001 -4.6663475e+001 -5.0501514e+001
  7.8666667e-001 -5.2718578e+001 -6.4945541e+001 -5.3987740e+001 -4.6810059e+001 -5.0755173e+001
  7.9333333e-001 -5.2761578e+001 -6.5208946e+001 -5.3948875e+001 -4.6949833e+001 -5.0924786e+001
  8.0000000e-001 -5.2866554e+001 -6.5415779e+001 -5.4640793e+001 -4.7020195e+001 -5.1161755e+001
  8.0666667e-001 -5.3008453e+001 -6.5635269e+001 -5.4485718e+001 -4.7111931e+001 -5.1400642e+001
  8.1333333e-001 -5.3150642e+001 -6.5932259e+001 -5.4340309e+001 -4.7271244e+001 -5.1563133e+001
  8.2000000e-001 -5.3248207e+001 -6.6078751e+001 -5.4117599e+001 -4.7413227e+001 -5.1848354e+001
  8.2666667e-001 -5.3308250e+001 -6.6154030e+001 -5.3796017e+001 -4.7498352e+001 -5.2147308e+001
  8.3333333e-001 -5.3371620e+001 -6.6349297e+001 -5.3433273e+001 -4.7507668e+001 -5.2321693e+001
  8.4000000e-001 -5.3401150e+001 -6.6529701e+001 -5.3049679e+001 -4.7567406e+001 -5.2579247e+001
  8.4666667e-001 -5.3426632e+001 -6.6694199e+001 -5.2687939e+001 -4.7684250e+001 -5.2851189e+001
  8.5333333e-001 -5.3461090e+001 -6.6872314e+001 -5.2160126e+001 -4.7812737e+001 -5.3054821e+001
  8.6000000e-001 -5.3581841e+001 -6.7047775e+001 -5.1532757e+001 -4.7908535e+001 -5.3219334e+001
  8.6666667e-001 -5.3661243e+001 -6.7162132e+001 -5.0962025e+001 -4.8016453e+001 -5.3384865e+001
  8.7333333e-001 -5.3758339e+001 -6.7250580e+001 -5.0378330e+001 -4.8217976e+001 -5.3598537e+001
  8.8000000e-001 -5.3903095e+001 -6.7293381e+001 -4.9779114e+001 -4.8449352e+001 -5.3765697e+001
  8.8666667e-001 -5.4018944e+001 -6.7318024e+001 -4.9153160e+001 -4.8683441e+001 -5.3927635e+001
  8.9333333e-001 -5.4158234e+001 -6.7445923e+001 -4.8556339e+001 -4.8888378e+001 -5.4112591e+001
  9.0000000e-001 -5.4227657e+001 -6.7578384e+001 -4.7992565e+001 -4.9174950e+001 -5.4313770e+001
  9.0666667e-001 -5.4305614e+001 -6.7662834e+001 -4.7346153e+001 -4.9491951e+001 -5.4508686e+001
  9.1333333e-001 -5.4310707e+001 -6.7716446e+001 -4.6975033e+001 -4.9725193e+001 -5.4693119e+001
  9.2000000e-001 -5.4290997e+001 -6.7745018e+001 -4.6707764e+001 -5.0106064e+001 -5.4937031e+001
  9.2666667e-001 -5.4379402e+001 -6.7830727e+001 -4.6535583e+001 -5.0481926e+001 -5.5065216e+001
  9.3333333e-001 -5.4483391e+001 -6.7805229e+001 -4.6428364e+001 -5.0735775e+001 -5.5246094e+001
  9.4000000e-001 -5.4579494e+001 -6.7775200e+001 -4.6346867e+001 -5.1080826e+001 -5.5433666e+001
  9.4666667e-001 -5.4643921e+001 -6.7842186e+001 -4.6202038e+001 -5.1497700e+001 -5.5548843e+001
  9.5333333e-001 -5.4712009e+001 -6.7829117e+001 -4.6000813e+001 -5.1832691e+001 -5.5773594e+001
  9.6000000e-001 -5.4811012e+001 -6.7782394e+001 -4.5749126e+001 -5.2141502e+001 -5.6038647e+001
  9.6666667e-001 -5.4800419e+001 -6.7811455e+001 -4.5500366e+001 -5.2441360e+001 -5.6192421e+001
  9.7333333e-001 -5.4861824e+001 -6.7766319e+001 -4.5269863e+001 -5.2728077e+001 -5.6364407e+001
  9.8000000e-001 -5.4963829e+001 -6.7669975e+001 -4.5018246e+001 -5.3025944e+001 -5.6643353e+001
  9.8666667e-001 -5.4983810e+001 -6.7634712e+001 -4.4756447e+001 -5.3243305e+001 -5.6890484e+001
  9.9333333e-001 -5.4998108e+001 -6.7568192e+001 -4.4450996e+001 -5.3460243e+001 -5.7070889e+001
  1.0000000e+000 -5.5050865e+001 -6.7541145e+001 -4.4050617e+001 -5.3606365e+001 -5.7327126e+001
  1.0066667e+000 -5.5178257e+001 -6.7522247e+001 -4.3588352e+001 -5.3778599e+001 -5.7658401e+001
  1.0133333e+000 -5.5389656e+001 -6.7485046e+001 -4.3013416e+001 -5.3962383e+001 -5.7631069e+001
  1.0200000e+000 -5.5660633e+001 -6.7451904e+001 -4.2242977e+001 -5.4026592e+001 -5.8247814e+001
  1.0266667e+000 -5.5950668e+001 -6.7390373e+001 -4.1309940e+001 -5.4173790e+001 -5.8677830e+001
  1.0333333e+000 -5.6243553e+001 -6.7341354e+001 -4.0330650e+001 -5.4322376e+001 -5.8793724e+001
  1.0400000e+000 -5.6645870e+001 -6.7242905e+001 -3.9424419e+001 -5.4411861e+001 -5.9218197e+001
  1.0466667e+000 -5.7090427e+001 -6.7161598e+001 -3.8672432e+001 -5.4529522e+001 -5.9717697e+001
  1.0533333e+000 -5.7498840e+001 -6.7116188e+001 -3.8152367e+001 -5.4709141e+001 -6.0291924e+001
  1.0600000e+000 -5.7820415e+001 -6.6945732e+001 -3.7818531e+001 -5.4870289e+001 -6.0870880e+001
  1.0666667e+000 -5.8190998e+001 -6.6848221e+001 -3.7607773e+001 -5.4997845e+001 -6.1526985e+001
  1.0733333e+000 -5.8588203e+001 -6.6838562e+001 -3.7518234e+001 -5.5108734e+001 -6.2269775e+001
  1.0800000e+000 -5.8892529e+001 -6.6744476e+001 -3.7560955e+001 -5.5782005e+001 -6.3123600e+001
  1.0866667e+000 -5.9255013e+001 -6.6683449e+001 -3.7829205e+001 -5.5814400e+001 -6.4022461e+001
  1.0933333e+000 -5.9675705e+001 -6.6643394e+001 -3.8509560e+001 -5.5856201e+001 -6.4881187e+001
  1.1000000e+000 -6.0134682e+001 -6.6606880e+001 -3.9447758e+001 -5.5564140e+001 -6.5892273e+001
  1.1066667e+000 -6.0564995e+001 -6.6627106e+001 -4.0215984e+001 -5.5587002e+001 -6.6988609e+001
  1.1133333e+000 -6.1006104e+001 -6.6556587e+001 -4.0931171e+001 -5.5570538e+001 -6.8074631e+001
  1.1200000e+000 -6.1460712e+001 -6.6479752e+001 -4.1574551e+001 -5.5523243e+001 -6.9304977e+001
  1.1266667e+000 -6.1923683e+001 -6.6545273e+001 -4.2163860e+001 -5.5490559e+001 -7.0490746e+001
  1.1333333e+000 -6.2527725e+001 -6.6555740e+001 -4.2970444e+001 -5.5486588e+001 -7.1632317e+001
  1.1400000e+000 -6.3074471e+001 -6.6526352e+001 -4.3417892e+001 -5.5442894e+001 -7.2894463e+001
  1.1466667e+000 -6.3531628e+001 -6.6546387e+001 -4.4410080e+001 -5.5393070e+001 -7.4225243e+001
  1.1533333e+000 -6.4038834e+001 -6.6577232e+001 -4.5637089e+001 -5.5394920e+001 -7.5516228e+001
  1.1600000e+000 -6.4628235e+001 -6.6678757e+001 -4.7064335e+001 -5.5417610e+001 -7.6892342e+001
  1.1666667e+000 -6.5177589e+001 -6.6850029e+001 -4.8744125e+001 -5.5437920e+001 -7.8209732e+001
  1.1733333e+000 -6.5663963e+001 -6.7008591e+001 -5.0327351e+001 -5.5490768e+001 -7.9550514e+001
  1.1800000e+000 -6.6155678e+001 -6.7158852e+001 -5.1652760e+001 -5.5555248e+001 -8.0914658e+001
  1.1866667e+000 -6.6610130e+001 -6.7319550e+001 -5.3007206e+001 -5.5650745e+001 -8.2238785e+001
  1.1933333e+000 -6.7003845e+001 -6.7561523e+001 -5.4332989e+001 -5.5763889e+001 -8.3593994e+001
  1.2000000e+000 -6.7363510e+001 -6.7821136e+001 -5.5545498e+001 -5.5873554e+001 -8.4852005e+001
  1.2066667e+000 -6.7672920e+001 -6.8137199e+001 -5.6818787e+001 -5.6001965e+001 -8.6041061e+001
  1.2133333e+000 -6.7814560e+001 -6.8455063e+001 -5.7945515e+001 -5.6134266e+001 -8.7108627e+001
  1.2200000e+000 -6.7834206e+001 -6.8708427e+001 -5.8866001e+001 -5.6260654e+001 -8.8119553e+001
  1.2266667e+000 -6.7977768e+001 -6.9031349e+001 -5.9507683e+001 -5.6455662e+001 -8.9209946e+001
  1.2333333e+000 -6.8147186e+001 -6.9494408e+001 -6.0030048e+001 -5.6661465e+001 -8.9760971e+001
  1.2400000e+000 -6.8193039e+001 -7.0027161e+001 -6.0338657e+001 -5.6824448e+001 -9.1087158e+001
  1.2466667e+000 -6.8277962e+001 -7.0540741e+001 -6.0441135e+001 -5.7024956e+001 -9.1887604e+001
  1.2533333e+000 -6.8391350e+001 -7.1030983e+001 -6.0599884e+001 -5.7231583e+001 -9.2436462e+001
  1.2600000e+000 -6.7909653e+001 -7.1732346e+001 -6.0876110e+001 -5.7407413e+001 -9.3042419e+001
  1.2666667e+000 -6.8102364e+001 -7.2387161e+001 -6.1309727e+001 -5.7590496e+001 -9.3677307e+001
  1.2733333e+000 -6.8759888e+001 -7.2943275e+001 -6.1713013e+001 -5.7801384e+001 -9.4028961e+001
  1.2800000e+000 -6.8826447e+001 -7.3487579e+001 -6.2105865e+001 -5.8042519e+001 -9.4309937e+001
  1.2866667e+000 -6.8842087e+001 -7.4031586e+001 -6.2471104e+001 -5.8233681e+001 -9.4613007e+001
  1.2933333e+000 -6.8814728e+001 -7.4534958e+001 -6.2738670e+001 -5.8374641e+001 -9.4858032e+001
  1.3000000e+000 -6.8827728e+001 -7.4969902e+001 -6.2991695e+001 -5.8572758e+001 -9.4894806e+001
  1.3066667e+000 -6.8867363e+001 -7.5354294e+001 -6.3448818e+001 -5.8767647e+001 -9.4940094e+001
  1.3133333e+000 -6.8883888e+001 -7.5704575e+001 -6.3850044e+001 -5.8944916e+001 -9.4962067e+001
  1.3200000e+000 -6.8877991e+001 -7.6038094e+001 -6.4093254e+001 -5.9132423e+001 -9.4860291e+001
  1.3266667e+000 -6.8845695e+001 -7.6360283e+001 -6.4413216e+001 -5.9323254e+001 -9.4703949e+001
  1.3333333e+000 -6.8786430e+001 -7.6653419e+001 -6.4792900e+001 -5.9480473e+001 -9.4559723e+001
  1.3400000e+000 -6.8696892e+001 -7.6893944e+001 -6.5138992e+001 -5.9632149e+001 -9.4427124e+001
  1.3466667e+000 -6.8556740e+001 -7.7089600e+001 -6.5520065e+001 -5.9758366e+001 -9.4155426e+001
  1.3533333e+000 -6.8316650e+001 -7.7251534e+001 -6.5927345e+001 -5.9865234e+001 -9.3837311e+001
  1.3600000e+000 -6.7968269e+001 -7.7401764e+001 -6.6423233e+001 -5.9956570e+001 -9.3455414e+001
  1.3666667e+000 -6.7538368e+001 -7.7526558e+001 -6.7059624e+001 -6.0004250e+001 -9.2932861e+001
  1.3733333e+000 -6.7000099e+001 -7.7682655e+001 -6.7595222e+001 -6.0042076e+001 -9.2328674e+001
  1.3800000e+000 -6.6344719e+001 -7.7864281e+001 -6.8265320e+001 -6.0063046e+001 -9.1719299e+001
  1.3866667e+000 -6.5637329e+001 -7.8052879e+001 -6.8945152e+001 -6.0053627e+001 -9.1062744e+001
  1.3933333e+000 -6.4890190e+001 -7.8246910e+001 -6.9575447e+001 -6.0032589e+001 -9.0402008e+001
  1.4000000e+000 -6.4142174e+001 -7.8425156e+001 -7.0216293e+001 -5.9987816e+001 -8.9645569e+001
  1.4066667e+000 -6.3397865e+001 -7.8559692e+001 -7.0915329e+001 -5.9943542e+001 -8.8900330e+001
  1.4133333e+000 -6.2710964e+001 -7.8602692e+001 -7.0723511e+001 -5.9920036e+001 -8.8156662e+001
  1.4200000e+000 -6.2112568e+001 -7.8567917e+001 -7.1348549e+001 -5.9865208e+001 -8.7415855e+001
  1.4266667e+000 -6.1575508e+001 -7.8496895e+001 -7.2008598e+001 -5.9752838e+001 -8.6768318e+001
  1.4333333e+000 -6.1066425e+001 -7.8295296e+001 -7.2761703e+001 -5.9679897e+001 -8.6148117e+001
  1.4400000e+000 -6.0597836e+001 -7.8032158e+001 -7.4601677e+001 -5.9600212e+001 -8.5531387e+001
  1.4466667e+000 -6.0135178e+001 -7.7769791e+001 -7.6377716e+001 -5.9455849e+001 -8.4891861e+001
  1.4533333e+000 -5.9637714e+001 -7.7470924e+001 -7.7321457e+001 -5.9350582e+001 -8.4245720e+001
  1.4600000e+000 -5.9131870e+001 -7.7142319e+001 -7.8240723e+001 -5.9280994e+001 -8.3652237e+001
  1.4666667e+000 -5.8638741e+001 -7.6795242e+001 -7.9220261e+001 -5.9167957e+001 -8.2991318e+001
  1.4733333e+000 -5.8160774e+001 -7.6431732e+001 -7.9385422e+001 -5.9027924e+001 -8.2236511e+001
  1.4800000e+000 -5.7718632e+001 -7.5996628e+001 -8.0491119e+001 -5.8910156e+001 -8.1581497e+001
  1.4866667e+000 -5.7274811e+001 -7.5481148e+001             NaN -5.8810627e+001 -8.0845024e+001
  1.4933333e+000 -5.6833321e+001 -7.4938828e+001             NaN -5.8691483e+001 -8.0245369e+001
  1.5000000e+000 -5.6432419e+001 -7.4356041e+001 -8.3877495e+001 -5.8589348e+001 -7.8555832e+001
  1.5066667e+000 -5.6100121e+001 -7.3776474e+001             NaN -5.8491692e+001 -7.7659752e+001
  1.5133333e+000 -5.5848507e+001 -7.3168098e+001             NaN -5.8401505e+001 -7.6838455e+001
  1.5200000e+000 -5.5684807e+001 -7.2502098e+001             NaN -5.8297733e+001 -7.6720772e+001
  1.5266667e+000 -5.5570015e+001 -7.1863480e+001             NaN -5.8177654e+001 -7.5828758e+001
  1.5333333e+000 -5.5483494e+001 -7.1254402e+001             NaN -5.8074306e+001 -7.4956276e+001
  1.5400000e+000 -5.5396263e+001 -7.0630531e+001 -8.9730934e+001 -5.7988758e+001 -7.4125130e+001
  1.5466667e+000 -5.5302910e+001 -7.0044685e+001 -9.0623688e+001 -5.7892918e+001 -7.3322418e+001
  1.5533333e+000 -5.5195881e+001 -6.9609543e+001             NaN -5.7783772e+001 -7.2563560e+001
  1.5600000e+000 -5.5118324e+001 -6.9097481e+001             NaN -5.7668804e+001 -7.1829628e+001
  1.5666667e+000 -5.5033180e+001 -6.8428337e+001 -9.3177734e+001 -5.7563183e+001 -7.1134384e+001
  1.5733333e+000 -5.4948929e+001 -6.7882492e+001 -9.3987030e+001 -5.7450497e+001 -7.0516884e+001
  1.5800000e+000 -5.4898121e+001 -6.7374672e+001 -9.4693939e+001 -5.7317062e+001 -6.9946159e+001
  1.5866667e+000 -5.4822269e+001 -6.6964821e+001 -9.5275665e+001 -5.7189754e+001 -6.9390434e+001
  1.5933333e+000 -5.4793518e+001 -6.6538498e+001 -9.5849792e+001 -5.7054085e+001 -6.8880577e+001
  1.6000000e+000 -5.4792328e+001 -6.6024841e+001 -9.6360352e+001 -5.6918354e+001 -6.8431923e+001
  1.6066667e+000 -5.4750526e+001 -6.5596191e+001 -9.6744232e+001 -5.6751320e+001 -6.8000893e+001
  1.6133333e+000 -5.4720154e+001 -6.4987473e+001 -9.7154449e+001 -5.6567974e+001 -6.7625450e+001
  1.6200000e+000 -5.4689793e+001 -6.4711349e+001 -9.7586151e+001 -5.6384342e+001 -6.7279060e+001
  1.6266667e+000 -5.4621700e+001 -6.4422905e+001 -9.7929840e+001 -5.6202396e+001 -6.6925484e+001
  1.6333333e+000 -5.4546532e+001 -6.4188469e+001 -9.8258057e+001 -5.6019997e+001 -6.6576874e+001
  1.6400000e+000 -5.4469063e+001 -6.3919662e+001 -9.8510681e+001 -5.5829636e+001 -6.6271881e+001
  1.6466667e+000 -5.4384586e+001 -6.3767277e+001 -9.8687225e+001 -5.5673161e+001 -6.5978508e+001
  1.6533333e+000 -5.4297760e+001 -6.3611717e+001 -9.8780853e+001 -5.5508015e+001 -6.5688934e+001
  1.6600000e+000 -5.4200451e+001 -6.3444481e+001 -9.8720276e+001 -5.5324398e+001 -6.5422531e+001
  1.6666667e+000 -5.4083138e+001 -6.3424671e+001 -9.8647919e+001 -5.5115452e+001 -6.5177246e+001
  1.6733333e+000 -5.3975910e+001 -6.3315430e+001 -9.8472229e+001 -5.4884861e+001 -6.4939133e+001
  1.6800000e+000 -5.3874062e+001 -6.3140450e+001 -9.8151367e+001 -5.4668037e+001 -6.4709755e+001
  1.6866667e+000 -5.3793442e+001 -6.3115074e+001 -9.7733551e+001 -5.4473080e+001 -6.4513519e+001
  1.6933333e+000 -5.3703823e+001 -6.3072578e+001 -9.7342926e+001 -5.4276924e+001 -6.4349174e+001
  1.7000000e+000 -5.3624310e+001 -6.3085819e+001 -9.6913330e+001 -5.4087360e+001 -6.4220535e+001
  1.7066667e+000 -5.3575958e+001 -6.3062275e+001 -9.6501923e+001 -5.3893440e+001 -6.4117920e+001
  1.7133333e+000 -5.3518650e+001 -6.3079113e+001 -9.6075806e+001 -5.3700073e+001 -6.4043121e+001
  1.7200000e+000 -5.3456371e+001 -6.2977596e+001 -9.5631683e+001 -5.3514378e+001 -6.4002228e+001
  1.7266667e+000 -5.3425434e+001 -6.2938862e+001 -9.5281372e+001 -5.3351456e+001 -6.3942379e+001
  1.7333333e+000 -5.3414631e+001 -6.2951374e+001 -9.4750061e+001 -5.3168282e+001 -6.3888294e+001
  1.7400000e+000 -5.3407154e+001 -6.2979473e+001 -9.4216614e+001 -5.2963428e+001 -6.3873436e+001
  1.7466667e+000 -5.3427361e+001 -6.3072685e+001 -9.3805328e+001 -5.2802299e+001 -6.3856579e+001
  1.7533333e+000 -5.3466270e+001 -6.2987404e+001 -9.3156342e+001 -5.2679443e+001 -6.3859600e+001
  1.7600000e+000 -5.3491261e+001 -6.2907997e+001 -9.2442230e+001 -5.2557095e+001 -6.3875214e+001
  1.7666667e+000 -5.3529079e+001 -6.2959743e+001 -9.1810577e+001 -5.2472336e+001 -6.3915680e+001
  1.7733333e+000 -5.3584805e+001 -6.3045380e+001 -9.1155548e+001 -5.2392159e+001 -6.3942272e+001
  1.7800000e+000 -5.3638214e+001 -6.3099808e+001 -9.0461395e+001 -5.2299046e+001 -6.3963833e+001
  1.7866667e+000 -5.3678761e+001 -6.3221886e+001 -8.9786934e+001 -5.2226246e+001 -6.4003098e+001
  1.7933333e+000 -5.3735985e+001 -6.3347866e+001 -8.9168198e+001 -5.2145130e+001 -6.4016281e+001
  1.8000000e+000 -5.3794857e+001 -6.3355915e+001 -8.8607872e+001 -5.2081001e+001 -6.4029800e+001
  1.8066667e+000 -5.3843742e+001 -6.3335766e+001 -8.7998260e+001 -5.2023006e+001 -6.4038223e+001
  1.8133333e+000 -5.3914536e+001 -6.3440254e+001 -8.7404892e+001 -5.1937244e+001 -6.4038765e+001
  1.8200000e+000 -5.3979931e+001 -6.3541271e+001 -8.6838692e+001 -5.1863487e+001 -6.4028206e+001
  1.8266667e+000 -5.4045303e+001 -6.3604103e+001 -8.6163857e+001 -5.1804218e+001 -6.3993622e+001
  1.8333333e+000 -5.4103172e+001 -6.3773232e+001 -8.5451233e+001 -5.1704910e+001 -6.4007721e+001
  1.8400000e+000 -5.4132782e+001 -6.3925114e+001 -8.4662781e+001 -5.1612160e+001 -6.4014610e+001
  1.8466667e+000 -5.4151222e+001 -6.4006134e+001 -8.3832130e+001 -5.1533543e+001 -6.3991100e+001
  1.8533333e+000 -5.4186600e+001 -6.4150017e+001 -8.2987900e+001 -5.1443096e+001 -6.3991825e+001
  1.8600000e+000 -5.4206306e+001 -6.4293640e+001 -8.2224686e+001 -5.1369900e+001 -6.3975105e+001
  1.8666667e+000 -5.4215565e+001 -6.4480972e+001 -8.1483063e+001 -5.1319111e+001 -6.3976963e+001
  1.8733333e+000 -5.4214878e+001 -6.4652176e+001 -8.0717331e+001 -5.1244370e+001 -6.3985985e+001
  1.8800000e+000 -5.4193867e+001 -6.4821785e+001 -7.9951828e+001 -5.1142368e+001 -6.3996948e+001
  1.8866667e+000 -5.4153702e+001 -6.5011505e+001 -7.9227661e+001 -5.1062393e+001 -6.4027977e+001
  1.8933333e+000 -5.4089947e+001 -6.5134209e+001 -7.8530952e+001 -5.1019402e+001 -6.4048386e+001
  1.9000000e+000 -5.3987282e+001 -6.5249260e+001 -7.7834557e+001 -5.0967110e+001 -6.4052994e+001
  1.9066667e+000 -5.3866764e+001 -6.5376671e+001 -7.7227974e+001 -5.0918999e+001 -6.4057945e+001
  1.9133333e+000 -5.3692680e+001 -6.5567795e+001 -7.6617592e+001 -5.0889709e+001 -6.4076050e+001
  1.9200000e+000 -5.3480110e+001 -6.5650826e+001 -7.5974854e+001 -5.0857380e+001 -6.4095734e+001
  1.9266667e+000 -5.3260765e+001 -6.5781441e+001 -7.5398735e+001 -5.0811035e+001 -6.4117485e+001
  1.9333333e+000 -5.2985371e+001 -6.6019707e+001 -7.4774696e+001 -5.0759960e+001 -6.4105316e+001
  1.9400000e+000 -5.2668655e+001 -6.6174393e+001 -7.4148018e+001 -5.0719143e+001 -6.4093719e+001
  1.9466667e+000 -5.2285454e+001 -6.6350105e+001 -7.3565628e+001 -5.0673721e+001 -6.4093079e+001
  1.9533333e+000 -5.1894855e+001 -6.6488174e+001 -7.2947929e+001 -5.0600258e+001 -6.4068382e+001
  1.9600000e+000 -5.1530567e+001 -6.6552536e+001 -7.2313622e+001 -5.0539562e+001 -6.4014252e+001
  1.9666667e+000 -5.1173603e+001 -6.6602859e+001 -7.1660538e+001 -5.0490063e+001 -6.3943489e+001
  1.9733333e+000 -5.0834534e+001 -6.6759163e+001 -7.1010124e+001 -5.0414688e+001 -6.3876709e+001
  1.9800000e+000 -5.0480995e+001 -6.6890289e+001 -7.0311836e+001 -5.0333893e+001 -6.3820606e+001
  1.9866667e+000 -5.0159927e+001 -6.6680290e+001 -6.9595375e+001 -5.0274475e+001 -6.3749039e+001
  1.9933333e+000 -4.9872566e+001 -6.6732109e+001 -6.8874702e+001 -5.0205761e+001 -6.3677860e+001
  2.0000000e+000 -4.9588833e+001 -6.7269478e+001 -6.8097870e+001 -5.0130917e+001 -6.3604759e+001
