 -5.0000000e-001  3.1999495e+001  3.1298584e+001  3.2301205e+001  3.9194550e+001  3.2467381e+001
 -4.9333333e-001  3.2022270e+001  3.1276260e+001  3.2314217e+001  3.9211353e+001  3.2459892e+001
 -4.8666667e-001  3.2055374e+001  3.1276653e+001  3.2337357e+001  3.9178452e+001  3.2466347e+001
 -4.8000000e-001  3.2075424e+001  3.1264925e+001  3.2336960e+001  3.9195389e+001  3.2484440e+001
 -4.7333333e-001  3.2052891e+001  3.1265205e+001  3.2313797e+001  3.9208805e+001  3.2470421e+001
 -4.6666667e-001  3.2061111e+001  3.1279118e+001  3.2306576e+001  3.9183517e+001  3.2446144e+001
 -4.6000000e-001  3.2090733e+001  3.1260294e+001  3.2333385e+001  3.9153648e+001  3.2438999e+001
 -4.5333333e-001  3.2119644e+001  3.1243198e+001  3.2316547e+001  3.9155521e+001  3.2444263e+001
 -4.4666667e-001  3.2143208e+001  3.1245869e+001  3.2351379e+001  3.9179165e+001  3.2456078e+001
 -4.4000000e-001  3.2125294e+001  3.1221943e+001  3.2377079e+001  3.9173275e+001  3.2449265e+001
 -4.3333333e-001  3.2135952e+001  3.1261318e+001  3.2391621e+001  3.9159676e+001  3.2474628e+001
 -4.2666667e-001  3.2160553e+001  3.1282194e+001  3.2373978e+001  3.9152241e+001  3.2515251e+001
 -4.2000000e-001  3.2173000e+001  3.1261526e+001  3.2364574e+001  3.9160709e+001  3.2522705e+001
 -4.1333333e-001  3.2174469e+001  3.1228584e+001  3.2360165e+001  3.9155830e+001  3.2530621e+001
 -4.0666667e-001  3.2203274e+001  3.1234343e+001  3.2371323e+001  3.9163624e+001  3.2531693e+001
 -4.0000000e-001  3.2209377e+001  3.1259960e+001  3.2344799e+001  3.9161469e+001  3.2528172e+001
 -3.9333333e-001  3.2227974e+001  3.1238247e+001  3.2349567e+001  3.9169594e+001  3.2528225e+001
 -3.8666667e-001  3.2209141e+001  3.1226946e+001  3.2355560e+001  3.9194263e+001  3.2545952e+001
 -3.8000000e-001  3.2182453e+001  3.1231306e+001  3.2352570e+001  3.9185772e+001  3.2552082e+001
 -3.7333333e-001  3.2203465e+001  3.1245014e+001  3.2332672e+001  3.9150291e+001  3.2553349e+001
 -3.6666667e-001  3.2190365e+001  3.1238184e+001  3.2373730e+001  3.9166756e+001  3.2571522e+001
 -3.6000000e-001  3.2173615e+001  3.1270748e+001  3.2354282e+001  3.9176804e+001  3.2562679e+001
 -3.5333333e-001  3.2159161e+001  3.1277147e+001  3.2324715e+001  3.9205463e+001  3.2565758e+001
 -3.4666667e-001  3.2143040e+001  3.1302588e+001  3.2322414e+001  3.9201561e+001  3.2591160e+001
 -3.4000000e-001  3.2170097e+001  3.1290958e+001  3.2290398e+001  3.9194668e+001  3.2592995e+001
 -3.3333333e-001  3.2161308e+001  3.1299780e+001  3.2263325e+001  3.9192211e+001  3.2584274e+001
 -3.2666667e-001  3.2168449e+001  3.1263512e+001  3.2255527e+001  3.9188004e+001  3.2610737e+001
 -3.2000000e-001  3.2149754e+001  3.1249138e+001  3.2213860e+001  3.9193649e+001  3.2614029e+001
 -3.1333333e-001  3.2130501e+001  3.1274940e+001  3.2184761e+001  3.9235809e+001  3.2581799e+001
 -3.0666667e-001  3.2136532e+001  3.1243700e+001  3.2167393e+001  3.9259106e+001  3.2617725e+001
 -3.0000000e-001  3.2172684e+001  3.1259211e+001  3.2126339e+001  3.9246506e+001  3.2636894e+001
 -2.9333333e-001  3.2183624e+001  3.1305441e+001  3.2104061e+001  3.9246147e+001  3.2628513e+001
 -2.8666667e-001  3.2170124e+001  3.1269768e+001  3.2037281e+001  3.9227058e+001  3.2625523e+001
 -2.8000000e-001  3.2175537e+001  3.1261274e+001  3.1968540e+001  3.9236141e+001  3.2637047e+001
 -2.7333333e-001  3.2171989e+001  3.1304731e+001  3.1936769e+001  3.9273949e+001  3.2641380e+001
 -2.6666667e-001  3.2160427e+001  3.1304653e+001  3.1905481e+001  3.9268166e+001  3.2649780e+001
 -2.6000000e-001  3.2184536e+001  3.1261011e+001  3.1865171e+001  3.9236763e+001  3.2686935e+001
 -2.5333333e-001  3.2197449e+001  3.1295689e+001  3.1824905e+001  3.9264423e+001  3.2681675e+001
 -2.4666667e-001  3.2203876e+001  3.1297655e+001  3.1751432e+001  3.9258099e+001  3.2682671e+001
 -2.4000000e-001  3.2176716e+001  3.1315851e+001  3.1716404e+001  3.9294060e+001  3.2681568e+001
 -2.3333333e-001  3.2211590e+001  3.1345566e+001  3.1672287e+001  3.9307014e+001  3.2675900e+001
 -2.2666667e-001  3.2221413e+001  3.1350365e+001  3.1643776e+001  3.9350243e+001  3.2686707e+001
 -2.2000000e-001  3.2210041e+001  3.1347317e+001  3.1626272e+001  3.9401306e+001  3.2702568e+001
 -2.1333333e-001  3.2231384e+001  3.1352531e+001  3.1625191e+001  3.9408134e+001  3.2716934e+001
 -2.0666667e-001  3.2207108e+001  3.1362125e+001  3.1589680e+001  3.9442890e+001  3.2726704e+001
 -2.0000000e-001  3.2213940e+001  3.1358410e+001  3.1568499e+001  3.9489365e+001  3.2723797e+001
 -1.9333333e-001  3.2211849e+001  3.1367064e+001  3.1581484e+001  3.9538486e+001  3.2717907e+001
 -1.8666667e-001  3.2241238e+001  3.1366859e+001  3.1582439e+001  3.9559597e+001  3.2721237e+001
 -1.8000000e-001  3.2254887e+001  3.1353464e+001  3.1617613e+001  3.9566395e+001  3.2703690e+001
 -1.7333333e-001  3.2279877e+001  3.1352867e+001  3.1609734e+001  3.9565662e+001  3.2701664e+001
 -1.6666667e-001  3.2288067e+001  3.1396782e+001  3.1664005e+001  3.9595787e+001  3.2711330e+001
 -1.6000000e-001  3.2278027e+001  3.1396246e+001  3.1701832e+001  3.9632618e+001  3.2725510e+001
 -1.5333333e-001  3.2284016e+001  3.1399590e+001  3.1724884e+001  3.9672581e+001  3.2742908e+001
 -1.4666667e-001  3.2250782e+001  3.1413795e+001  3.1743656e+001  3.9684837e+001  3.2712730e+001
 -1.4000000e-001  3.2283169e+001  3.1417955e+001  3.1774956e+001  3.9693359e+001  3.2675907e+001
 -1.3333333e-001  3.2305546e+001  3.1444023e+001  3.1820572e+001  3.9740520e+001  3.2680641e+001
 -1.2666667e-001  3.2314037e+001  3.1458540e+001  3.1858435e+001  3.9747852e+001  3.2693501e+001
 -1.2000000e-001  3.2340195e+001  3.1444191e+001  3.1900501e+001  3.9703350e+001  3.2686073e+001
 -1.1333333e-001  3.2315311e+001  3.1459879e+001  3.1946148e+001  3.9685886e+001  3.2691746e+001
 -1.0666667e-001  3.2313686e+001  3.1491032e+001  3.1968697e+001  3.9680809e+001  3.2696274e+001
 -1.0000000e-001  3.2296257e+001  3.1491093e+001  3.1992462e+001  3.9666718e+001  3.2660854e+001
 -9.3333333e-002  3.2306061e+001  3.1491171e+001  3.2016865e+001  3.9660389e+001  3.2652935e+001
 -8.6666667e-002  3.2322025e+001  3.1484253e+001  3.2055702e+001  3.9632439e+001  3.2616028e+001
 -8.0000000e-002  3.2318012e+001  3.1525148e+001  3.2072910e+001  3.9613945e+001  3.2638409e+001
 -7.3333333e-002  3.2326801e+001  3.1551920e+001  3.2085098e+001  3.9566780e+001  3.2652458e+001
 -6.6666667e-002  3.2328239e+001  3.1533525e+001  3.2107395e+001  3.9523499e+001  3.2660660e+001
 -6.0000000e-002  3.2307491e+001  3.1539953e+001  3.2084759e+001  3.9510586e+001  3.2669636e+001
 -5.3333333e-002  3.2317181e+001  3.1540789e+001  3.2054554e+001  3.9477634e+001  3.2661991e+001
 -4.6666667e-002  3.2323101e+001  3.1505495e+001  3.2067383e+001  3.9439362e+001  3.2667755e+001
 -4.0000000e-002  3.2294559e+001  3.1498518e+001  3.2092205e+001  3.9400406e+001  3.2660751e+001
 -3.3333333e-002  3.2304813e+001  3.1492172e+001  3.2062939e+001  3.9392666e+001  3.2687443e+001
 -2.6666667e-002  3.2288723e+001  3.1466108e+001  3.2075321e+001  3.9379990e+001  3.2698875e+001
 -2.0000000e-002  3.2302597e+001  3.1493446e+001  3.2058331e+001  3.9370995e+001  3.2729782e+001
 -1.3333333e-002  3.2305443e+001  3.1455282e+001  3.2020706e+001  3.9364529e+001  3.2719498e+001
 -6.6666667e-003  3.2310600e+001  3.1428911e+001  3.2021721e+001  3.9364857e+001  3.2726555e+001
  0.0000000e+000  3.2296104e+001  3.1458225e+001  3.1998016e+001  3.9372272e+001  3.2738953e+001
  6.6666667e-003  3.2297211e+001  3.1444162e+001  3.1993488e+001  3.9379658e+001  3.2779549e+001
  1.3333333e-002  3.2314850e+001  3.1434231e+001  3.1976450e+001  3.9387371e+001  3.2782108e+001
  2.0000000e-002  3.2330524e+001  3.1446270e+001  3.1973349e+001  3.9410580e+001  3.2808170e+001
  2.6666667e-002  3.2346409e+001  3.1455231e+001  3.1939909e+001  3.9447449e+001  3.2805984e+001
  3.3333333e-002  3.2318367e+001  3.1463465e+001  3.1920897e+001  3.9490406e+001  3.2829166e+001
  4.0000000e-002  3.2319805e+001  3.1468636e+001  3.1893143e+001  3.9492889e+001  3.2858063e+001
  4.6666667e-002  3.2361042e+001  3.1458910e+001  3.1876001e+001  3.9504284e+001  3.2870041e+001
  5.3333333e-002  3.2382236e+001  3.1472696e+001  3.1832375e+001  3.9560322e+001  3.2891010e+001
  6.0000000e-002  3.2387917e+001  3.1473824e+001  3.1790867e+001  3.9597759e+001  3.2906750e+001
  6.6666667e-002  3.2395031e+001  3.1452322e+001  3.1741219e+001  3.9619316e+001  3.2908222e+001
  7.3333333e-002  3.2391071e+001  3.1435356e+001  3.1662790e+001  3.9645126e+001  3.2907043e+001
  8.0000000e-002  3.2402306e+001  3.1461655e+001  3.1604931e+001  3.9685917e+001  3.2899532e+001
  8.6666667e-002  3.2410263e+001  3.1447636e+001  3.1537483e+001  3.9703007e+001  3.2879593e+001
  9.3333333e-002  3.2443630e+001  3.1430799e+001  3.1461205e+001  3.9720749e+001  3.2894550e+001
  1.0000000e-001  3.2440273e+001  3.1454556e+001  3.1383373e+001  3.9770855e+001  3.2871941e+001
  1.0666667e-001  3.2445580e+001  3.1441154e+001  3.1310711e+001  3.9754543e+001  3.2849518e+001
  1.1333333e-001  3.2416599e+001  3.1462069e+001  3.1229862e+001  3.9749371e+001  3.2866364e+001
  1.2000000e-001  3.2395840e+001  3.1456242e+001  3.1181450e+001  3.9729156e+001  3.2885494e+001
  1.2666667e-001  3.2396446e+001  3.1432182e+001  3.1155331e+001  3.9734638e+001  3.2894505e+001
  1.3333333e-001  3.2342747e+001  3.1447075e+001  3.1161366e+001  3.9750954e+001  3.2880871e+001
  1.4000000e-001  3.2268913e+001  3.1457256e+001  3.1183411e+001  3.9713661e+001  3.2870422e+001
  1.4666667e-001  3.2180897e+001  3.1451628e+001  3.1194475e+001  3.9696770e+001  3.2852264e+001
  1.5333333e-001  3.2150204e+001  3.1405033e+001  3.1265106e+001  3.9705635e+001  3.2853455e+001
  1.6000000e-001  3.2099991e+001  3.1372295e+001  3.1291552e+001  3.9689281e+001  3.2892448e+001
  1.6666667e-001  3.2050484e+001  3.1339972e+001  3.1333431e+001  3.9687771e+001  3.2957611e+001
  1.7333333e-001  3.1937220e+001  3.1299274e+001  3.1390057e+001  3.9664482e+001  3.2970104e+001
  1.8000000e-001  3.1792847e+001  3.1221161e+001  3.1381056e+001  3.9665699e+001  3.2946861e+001
  1.8666667e-001  3.1613947e+001  3.1094458e+001  3.1401115e+001  3.9642319e+001  3.2932365e+001
  1.9333333e-001  3.1460182e+001  3.1036810e+001  3.1410154e+001  3.9579483e+001  3.2883121e+001
  2.0000000e-001  3.1330812e+001  3.0952103e+001  3.1394407e+001  3.9529694e+001  3.2751591e+001
  2.0666667e-001  3.1196415e+001  3.0887243e+001  3.1356621e+001  3.9519325e+001  3.2629627e+001
  2.1333333e-001  3.1079481e+001  3.0832317e+001  3.1290207e+001  3.9542252e+001  3.2565445e+001
  2.2000000e-001  3.0986254e+001  3.0850733e+001  3.1264624e+001  3.9586105e+001  3.2466713e+001
  2.2666667e-001  3.0899725e+001  3.0888899e+001  3.1244278e+001  3.9605560e+001  3.2408752e+001
  2.3333333e-001  3.0857559e+001  3.0901833e+001  3.1223711e+001  3.9617416e+001  3.2385242e+001
  2.4000000e-001  3.0872524e+001  3.0913420e+001  3.1245350e+001  3.9560966e+001  3.2449036e+001
  2.4666667e-001  3.0962221e+001  3.0907091e+001  3.1246983e+001  3.9500977e+001  3.2503872e+001
  2.5333333e-001  3.1161211e+001  3.0933603e+001  3.1309690e+001  3.9406796e+001  3.2556973e+001
  2.6000000e-001  3.1408922e+001  3.1036158e+001  3.1383900e+001  3.9367962e+001  3.2643951e+001
  2.6666667e-001  3.1744204e+001  3.1264378e+001  3.1485044e+001  3.9320705e+001  3.2665424e+001
  2.7333333e-001  3.2151291e+001  3.1581678e+001  3.1668423e+001  3.9364029e+001  3.2675766e+001
  2.8000000e-001  3.2570129e+001  3.1969059e+001  3.1860384e+001  3.9486870e+001  3.2723442e+001
  2.8666667e-001  3.3016476e+001  3.2453365e+001  3.2108437e+001  3.9659718e+001  3.2813606e+001
  2.9333333e-001  3.3533058e+001  3.3072628e+001  3.2355988e+001  3.9947430e+001  3.2884457e+001
  3.0000000e-001  3.4074799e+001  3.3702190e+001  3.2560730e+001  4.0337082e+001  3.2992928e+001
  3.0666667e-001  3.4603653e+001  3.4356148e+001  3.2807648e+001  4.0828163e+001  3.3132458e+001
  3.1333333e-001  3.5112099e+001  3.5093552e+001  3.3156971e+001  4.1365788e+001  3.3393036e+001
  3.2000000e-001  3.5646935e+001  3.5855495e+001  3.3546299e+001  4.1948368e+001  3.3663013e+001
  3.2666667e-001  3.6112808e+001  3.6614719e+001  3.3991882e+001  4.2585373e+001  3.3979954e+001
  3.3333333e-001  3.6563564e+001  3.7375935e+001  3.4507347e+001  4.3220100e+001  3.4391659e+001
  3.4000000e-001  3.7012711e+001  3.8161259e+001  3.5120045e+001  4.3850235e+001  3.4866814e+001
  3.4666667e-001  3.7453518e+001  3.9008354e+001  3.5815182e+001  4.4509647e+001  3.5361576e+001
  3.5333333e-001  3.7848007e+001  3.9762722e+001  3.6503902e+001  4.5185699e+001  3.5906067e+001
  3.6000000e-001  3.8252254e+001  4.0440517e+001  3.7148014e+001  4.5889492e+001  3.6530949e+001
  3.6666667e-001  3.8641884e+001  4.1144684e+001  3.7775902e+001  4.6584652e+001  3.7174747e+001
  3.7333333e-001  3.9043945e+001  4.1824837e+001  3.8425640e+001  4.7249565e+001  3.7845261e+001
  3.8000000e-001  3.9416916e+001  4.2464813e+001  3.9060726e+001  4.7936005e+001  3.8477680e+001
  3.8666667e-001  3.9843502e+001  4.3088436e+001  3.9665009e+001  4.8559719e+001  3.9125305e+001
  3.9333333e-001  4.0404152e+001  4.3687592e+001  4.0289314e+001  4.9139236e+001  3.9807987e+001
  4.0000000e-001  4.0951313e+001  4.4285545e+001  4.0872551e+001  4.9766338e+001  4.0436890e+001
  4.0666667e-001  4.1519459e+001  4.4862488e+001  4.1439674e+001  5.0371292e+001  4.1056561e+001
  4.1333333e-001  4.2195751e+001  4.5378979e+001  4.1972237e+001  5.0925789e+001  4.1703724e+001
  4.2000000e-001  4.2877655e+001  4.5905022e+001  4.2482464e+001  5.1445129e+001  4.2321285e+001
  4.2666667e-001  4.3552818e+001  4.6417080e+001  4.3002731e+001  5.1975391e+001  4.2940693e+001
  4.3333333e-001  4.4141731e+001  4.6966656e+001  4.3516258e+001  5.2466492e+001  4.3530140e+001
  4.4000000e-001  4.4671295e+001  4.7476959e+001  4.3946484e+001  5.2942207e+001  4.4064590e+001
  4.4666667e-001  4.5100887e+001  4.7953480e+001  4.4382317e+001  5.3421341e+001  4.4620220e+001
  4.5333333e-001  4.5506550e+001  4.8435749e+001  4.4843952e+001  5.3863583e+001  4.5264862e+001
  4.6000000e-001  4.5862507e+001  4.8922260e+001  4.5303757e+001  5.4265472e+001  4.5786434e+001
  4.6666667e-001  4.6162788e+001  4.9383598e+001  4.5794376e+001  5.4711971e+001  4.6270287e+001
  4.7333333e-001  4.6401787e+001  4.9817463e+001  4.6342381e+001  5.5170265e+001  4.6822536e+001
  4.8000000e-001  4.6669579e+001  5.0258488e+001  4.6915585e+001  5.5627068e+001  4.7329224e+001
  4.8666667e-001  4.6955132e+001  5.0722488e+001  4.7500576e+001  5.6040436e+001  4.7777409e+001
  4.9333333e-001  4.7254021e+001  5.1185593e+001  4.8006165e+001  5.6444721e+001  4.8282909e+001
  5.0000000e-001  4.7581860e+001  5.1635235e+001  4.8510147e+001  5.6834377e+001  4.8761234e+001
  5.0666667e-001  4.7924065e+001  5.2091785e+001  4.8991123e+001  5.7222305e+001  4.9249428e+001
  5.1333333e-001  4.8251335e+001  5.2494888e+001  4.9457550e+001  5.7545185e+001  4.9771587e+001
  5.2000000e-001  4.8591648e+001  5.2905643e+001  4.9850922e+001  5.7800777e+001  5.0257912e+001
  5.2666667e-001  4.8943375e+001  5.3271996e+001  5.0180672e+001  5.8025188e+001  5.0750877e+001
  5.3333333e-001  4.9269279e+001  5.3624321e+001  5.0503376e+001  5.8255299e+001  5.1270332e+001
  5.4000000e-001  4.9588226e+001  5.3928818e+001  5.0843521e+001  5.8444775e+001  5.1766556e+001
  5.4666667e-001  4.9898758e+001  5.4172348e+001  5.1137238e+001  5.8604580e+001  5.2183887e+001
  5.5333333e-001  5.0156284e+001  5.4362324e+001  5.1435688e+001  5.8782253e+001  5.2604897e+001
  5.6000000e-001  5.0358273e+001  5.4529068e+001  5.1662518e+001  5.8976101e+001  5.2995209e+001
  5.6666667e-001  5.0571712e+001  5.4671265e+001  5.1857155e+001  5.9103157e+001  5.3342857e+001
  5.7333333e-001  5.0798756e+001  5.4773506e+001  5.2010437e+001  5.9203426e+001  5.3664955e+001
  5.8000000e-001  5.1099438e+001  5.4874832e+001  5.2120586e+001  5.9363422e+001  5.3966446e+001
  5.8666667e-001  5.1344524e+001  5.4907089e+001  5.2222195e+001  5.9478489e+001  5.4228874e+001
  5.9333333e-001  5.1580093e+001  5.4902100e+001  5.2370018e+001  5.9565109e+001  5.4491249e+001
  6.0000000e-001  5.1763443e+001  5.4900188e+001  5.2519363e+001  5.9579651e+001  5.4711266e+001
  6.0666667e-001  5.1963799e+001  5.4929405e+001  5.2667053e+001  5.9619083e+001  5.4951359e+001
  6.1333333e-001  5.2172932e+001  5.4918880e+001  5.2822681e+001  5.9601269e+001  5.5204853e+001
  6.2000000e-001  5.2403717e+001  5.4907715e+001  5.3004288e+001  5.9546719e+001  5.5413338e+001
  6.2666667e-001  5.2598862e+001  5.4923809e+001  5.3174118e+001  5.9463852e+001  5.5612133e+001
  6.3333333e-001  5.2778889e+001  5.4948730e+001  5.3332634e+001  5.9362473e+001  5.5841881e+001
  6.4000000e-001  5.2900436e+001  5.4932270e+001  5.3556843e+001  5.9191273e+001  5.6023010e+001
  6.4666667e-001  5.3040871e+001  5.4948303e+001  5.3753151e+001  5.9037868e+001  5.6237026e+001
  6.5333333e-001  5.3228241e+001  5.4946915e+001  5.4017109e+001  5.8911091e+001  5.6444386e+001
  6.6000000e-001  5.3351192e+001  5.4961372e+001  5.4262493e+001  5.8773281e+001  5.6627083e+001
  6.6666667e-001  5.3502121e+001  5.4945679e+001  5.4431046e+001  5.8646061e+001  5.6828133e+001
  6.7333333e-001  5.3655331e+001  5.4925655e+001  5.4573219e+001  5.8538074e+001  5.6945675e+001
  6.8000000e-001  5.3753487e+001  5.4857212e+001  5.4705929e+001  5.8478954e+001  5.7045731e+001
  6.8666667e-001  5.3828785e+001  5.4758900e+001  5.4822380e+001  5.8373405e+001  5.7117767e+001
  6.9333333e-001  5.3882931e+001  5.4645542e+001  5.4896095e+001  5.8303925e+001  5.7206055e+001
  7.0000000e-001  5.3912369e+001  5.4525505e+001  5.4960842e+001  5.8260571e+001  5.7274216e+001
  7.0666667e-001  5.3880119e+001  5.4424084e+001  5.5039795e+001  5.8216751e+001  5.7314842e+001
  7.1333333e-001  5.3825012e+001  5.4288696e+001  5.5226463e+001  5.8165775e+001  5.7365803e+001
  7.2000000e-001  5.3749813e+001  5.4197830e+001  5.5564022e+001  5.8101093e+001  5.7372532e+001
  7.2666667e-001  5.3646809e+001  5.4090603e+001  5.6031536e+001  5.8059219e+001  5.7381634e+001
  7.3333333e-001  5.3572662e+001  5.3931915e+001  5.6556137e+001  5.8021664e+001  5.7386471e+001
  7.4000000e-001  5.3469757e+001  5.3845005e+001  5.7110546e+001  5.7937912e+001  5.7411045e+001
  7.4666667e-001  5.3305973e+001  5.3773380e+001  5.7620960e+001  5.7899303e+001  5.7374157e+001
  7.5333333e-001  5.3195976e+001  5.3643349e+001  5.8117535e+001  5.7868683e+001  5.7299477e+001
  7.6000000e-001  5.3089081e+001  5.3544628e+001  5.8490059e+001  5.7814285e+001  5.7301300e+001
  7.6666667e-001  5.3003597e+001  5.3518322e+001  5.8843868e+001  5.7746826e+001  5.7275482e+001
  7.7333333e-001  5.2898972e+001  5.3434765e+001  5.9265301e+001  5.7651421e+001  5.7232685e+001
  7.8000000e-001  5.2833038e+001  5.3358200e+001  5.9674053e+001  5.7539337e+001  5.7150303e+001
  7.8666667e-001  5.2759281e+001  5.3287426e+001  6.0025364e+001  5.7401340e+001  5.7118786e+001
  7.9333333e-001  5.2675056e+001  5.3224091e+001  6.0327721e+001  5.7310020e+001  5.7093330e+001
  8.0000000e-001  5.2578594e+001  5.3124004e+001  6.0605698e+001  5.7167633e+001  5.7030315e+001
  8.0666667e-001  5.2536274e+001  5.3019699e+001  6.0877956e+001  5.6988632e+001  5.6990143e+001
  8.1333333e-001  5.2468910e+001  5.2896996e+001  6.1149784e+001  5.6757866e+001  5.6930656e+001
  8.2000000e-001  5.2418007e+001  5.2790646e+001  6.1366615e+001  5.6572216e+001  5.6888866e+001
  8.2666667e-001  5.2399921e+001  5.2670403e+001  6.1504585e+001  5.6439896e+001  5.6804295e+001
  8.3333333e-001  5.2395191e+001  5.2547260e+001  6.1634830e+001  5.6243706e+001  5.6740791e+001
  8.4000000e-001  5.2463604e+001  5.2405800e+001  6.1724216e+001  5.6047367e+001  5.6713112e+001
  8.4666667e-001  5.2548096e+001  5.2263859e+001  6.1827419e+001  5.5878998e+001  5.6653488e+001
  8.5333333e-001  5.2598347e+001  5.2137924e+001  6.1998932e+001  5.5703331e+001  5.6603924e+001
  8.6000000e-001  5.2613636e+001  5.2018711e+001  6.2101646e+001  5.5540703e+001  5.6575111e+001
  8.6666667e-001  5.2635727e+001  5.1877335e+001  6.2160229e+001  5.5420818e+001  5.6544769e+001
  8.7333333e-001  5.2668304e+001  5.1799217e+001  6.2249821e+001  5.5356316e+001  5.6515293e+001
  8.8000000e-001  5.2687714e+001  5.1677979e+001  6.2317089e+001  5.5175503e+001  5.6465179e+001
  8.8666667e-001  5.2671093e+001  5.1564274e+001  6.2336132e+001  5.5052776e+001  5.6416176e+001
  8.9333333e-001  5.2582275e+001  5.1443352e+001  6.2281048e+001  5.4905342e+001  5.6322041e+001
  9.0000000e-001  5.2507084e+001  5.1287090e+001  6.2280426e+001  5.4722797e+001  5.6262409e+001
  9.0666667e-001  5.2386829e+001  5.1091217e+001  6.2239807e+001  5.4506653e+001  5.6177551e+001
  9.1333333e-001  5.2255703e+001  5.0872959e+001  6.2110989e+001  5.4298222e+001  5.6104424e+001
  9.2000000e-001  5.2101631e+001  5.0621567e+001  6.1943916e+001  5.4064911e+001  5.6063614e+001
  9.2666667e-001  5.1927582e+001  5.0365032e+001  6.1757477e+001  5.3797302e+001  5.6028919e+001
  9.3333333e-001  5.1812767e+001  5.0139496e+001  6.1643620e+001  5.3519653e+001  5.5987431e+001
  9.4000000e-001  5.1649242e+001  4.9950222e+001  6.1634350e+001  5.3215759e+001  5.5923393e+001
  9.4666667e-001  5.1501163e+001  4.9694611e+001  6.1640804e+001  5.2897545e+001  5.5878876e+001
  9.5333333e-001  5.1414436e+001  4.9430588e+001  6.1640690e+001  5.2557076e+001  5.5805508e+001
  9.6000000e-001  5.1317734e+001  4.9226700e+001  6.1552231e+001  5.2191788e+001  5.5734688e+001
  9.6666667e-001  5.1198742e+001  4.9014309e+001  6.1444145e+001  5.1781120e+001  5.5672649e+001
  9.7333333e-001  5.1052036e+001  4.8768642e+001  6.1304993e+001  5.1364285e+001  5.5596317e+001
  9.8000000e-001  5.0965679e+001  4.8509335e+001  6.1234818e+001  5.0967876e+001  5.5516033e+001
  9.8666667e-001  5.0915157e+001  4.8304459e+001  6.1221466e+001  5.0549873e+001  5.5426117e+001
  9.9333333e-001  5.0859268e+001  4.8074593e+001  6.1250885e+001  5.0139656e+001  5.5331940e+001
  1.0000000e+000  5.0788017e+001  4.7806896e+001  6.1284283e+001  4.9660305e+001  5.5246391e+001
  1.0066667e+000  5.0698235e+001  4.7538574e+001  6.1366615e+001  4.9158283e+001  5.5108608e+001
  1.0133333e+000  5.0568264e+001  4.7302998e+001  6.1398148e+001  4.8662464e+001  5.4992043e+001
  1.0200000e+000  5.0477058e+001  4.7010441e+001  6.1359776e+001  4.8149868e+001  5.4896820e+001
  1.0266667e+000  5.0358292e+001  4.6713394e+001  6.1192963e+001  4.7639702e+001  5.4842072e+001
  1.0333333e+000  5.0212734e+001  4.6371731e+001  6.0809921e+001  4.7102085e+001  5.4770668e+001
  1.0400000e+000  5.0064934e+001  4.6047432e+001  6.0241982e+001  4.6522011e+001  5.4664112e+001
  1.0466667e+000  4.9912502e+001  4.5690586e+001  5.9577267e+001  4.5961918e+001  5.4625168e+001
  1.0533333e+000  4.9778824e+001  4.5316822e+001  5.8927006e+001  4.5375221e+001  5.4582783e+001
  1.0600000e+000  4.9615631e+001  4.4955166e+001  5.8415802e+001  4.4762863e+001  5.4520878e+001
  1.0666667e+000  4.9475296e+001  4.4597897e+001  5.8110859e+001  4.4117931e+001  5.4484661e+001
  1.0733333e+000  4.9267735e+001  4.4234032e+001  5.7918297e+001  4.3536411e+001  5.4442951e+001
  1.0800000e+000  4.9139038e+001  4.3890530e+001  5.7708691e+001  4.2906158e+001  5.4420815e+001
  1.0866667e+000  4.9015678e+001  4.3571804e+001  5.7486916e+001  4.2298134e+001  5.4372505e+001
  1.0933333e+000  4.8840431e+001  4.3203918e+001  5.7316017e+001  4.1699055e+001  5.4309261e+001
  1.1000000e+000  4.8697968e+001  4.2798637e+001  5.7100555e+001  4.1082462e+001  5.4238770e+001
  1.1066667e+000  4.8522499e+001  4.2418896e+001  5.6797134e+001  4.0498081e+001  5.4179611e+001
  1.1133333e+000  4.8392887e+001  4.2052032e+001  5.6478386e+001  3.9875603e+001  5.4113529e+001
  1.1200000e+000  4.8243282e+001  4.1703056e+001  5.6171314e+001  3.9280403e+001  5.3954136e+001
  1.1266667e+000  4.8060696e+001  4.1316677e+001  5.5866333e+001  3.8749634e+001  5.3804073e+001
  1.1333333e+000  4.7846313e+001  4.0915501e+001  5.5543674e+001  3.8164318e+001  5.3676476e+001
  1.1400000e+000  4.7526363e+001  4.0533985e+001  5.5142120e+001  3.7561230e+001  5.3424046e+001
  1.1466667e+000  4.7164326e+001  4.0137852e+001  5.4709702e+001  3.6967728e+001  5.3210968e+001
  1.1533333e+000  4.6793663e+001  3.9736897e+001  5.4269131e+001  3.6322884e+001  5.2948719e+001
  1.1600000e+000  4.6392521e+001  3.9372997e+001  5.3790508e+001  3.5704735e+001  5.2643047e+001
  1.1666667e+000  4.5943550e+001  3.9016888e+001  5.3291733e+001  3.5036510e+001  5.2301781e+001
  1.1733333e+000  4.5412930e+001  3.8606197e+001  5.2886681e+001  3.4400238e+001  5.1939827e+001
  1.1800000e+000  4.4846264e+001  3.8219456e+001  5.2545425e+001  3.3715790e+001  5.1574608e+001
  1.1866667e+000  4.4239365e+001  3.7796173e+001  5.2326412e+001  3.3020771e+001  5.1205784e+001
  1.1933333e+000  4.3621918e+001  3.7349552e+001  5.2211586e+001  3.2397552e+001  5.0804680e+001
  1.2000000e+000  4.3023533e+001  3.6907688e+001  5.2205013e+001  3.1776434e+001  5.0372009e+001
  1.2066667e+000  4.2344215e+001  3.6400692e+001  5.2240578e+001  3.1196453e+001  4.9934597e+001
  1.2133333e+000  4.1614311e+001  3.5882668e+001  5.2324318e+001  3.0639587e+001  4.9421150e+001
  1.2200000e+000  4.0846146e+001  3.5297924e+001  5.2438164e+001  3.0086939e+001  4.8884628e+001
  1.2266667e+000  4.0012405e+001  3.4766792e+001  5.2576340e+001  2.9559484e+001  4.8392002e+001
  1.2333333e+000  3.9195751e+001  3.4170689e+001  5.2735935e+001  2.9108484e+001  4.7892418e+001
  1.2400000e+000  3.8325569e+001  3.3567162e+001  5.2988167e+001  2.8609602e+001  4.7368042e+001
  1.2466667e+000  3.7424011e+001  3.2956585e+001  5.3267357e+001  2.8222603e+001  4.6819778e+001
  1.2533333e+000  3.6539597e+001  3.2318939e+001  5.3516556e+001  2.7792053e+001  4.6251530e+001
  1.2600000e+000  3.5671112e+001  3.1721317e+001  5.3799797e+001  2.7335533e+001  4.5677792e+001
  1.2666667e+000  3.4749207e+001  3.1164753e+001  5.4027279e+001  2.6936615e+001  4.5045387e+001
  1.2733333e+000  3.3828465e+001  3.0570900e+001  5.4212250e+001  2.6559238e+001  4.4463799e+001
  1.2800000e+000  3.2867176e+001  3.0054386e+001  5.4372265e+001  2.6095236e+001  4.3798759e+001
  1.2866667e+000  3.1876726e+001  2.9572739e+001  5.4503075e+001  2.5724485e+001  4.3129292e+001
  1.2933333e+000  3.0844322e+001  2.9008234e+001  5.4611629e+001  2.5263250e+001  4.2439621e+001
  1.3000000e+000  2.9791616e+001  2.8531008e+001  5.4684658e+001  2.4805811e+001  4.1751968e+001
  1.3066667e+000  2.8713491e+001  2.8113596e+001  5.4715202e+001  2.4360458e+001  4.1035866e+001
  1.3133333e+000  2.7605007e+001  2.7693855e+001  5.4722816e+001  2.3934124e+001  4.0290028e+001
  1.3200000e+000  2.6628010e+001  2.7235540e+001  5.4747028e+001  2.3554775e+001  3.9588181e+001
  1.3266667e+000  2.5582466e+001  2.6697248e+001  5.4754250e+001  2.3219044e+001  3.8852234e+001
  1.3333333e+000  2.4596611e+001  2.6094208e+001  5.4738903e+001  2.2873178e+001  3.8111980e+001
  1.3400000e+000  2.3575331e+001  2.5407001e+001  5.4698471e+001  2.2510820e+001  3.7374142e+001
  1.3466667e+000  2.2665117e+001  2.4612322e+001  5.4614365e+001  2.2228775e+001  3.6571186e+001
  1.3533333e+000  2.1844551e+001  2.3777086e+001  5.4541706e+001  2.1951584e+001  3.5814518e+001
  1.3600000e+000  2.1012045e+001  2.2890215e+001  5.4513237e+001  2.1687634e+001  3.4967014e+001
  1.3666667e+000  2.0304636e+001  2.1944216e+001  5.4519539e+001  2.1496916e+001  3.4102345e+001
  1.3733333e+000  1.9587950e+001  2.1046604e+001  5.4543034e+001  2.1279409e+001  3.3249329e+001
  1.3800000e+000  1.8892580e+001  2.0083019e+001  5.4709148e+001  2.1090385e+001  3.2330105e+001
  1.3866667e+000  1.8214140e+001  1.9210659e+001  5.4875107e+001  2.0947538e+001  3.1410463e+001
  1.3933333e+000  1.7617611e+001  1.8414532e+001  5.5048397e+001  2.0817266e+001  3.0407969e+001
  1.4000000e+000  1.7057755e+001  1.7736679e+001  5.5170074e+001  2.0695171e+001  2.9377146e+001
  1.4066667e+000  1.6402174e+001  1.7089512e+001  5.5313511e+001  2.0603682e+001  2.8294353e+001
  1.4133333e+000  1.5829782e+001  1.6485888e+001  5.5448650e+001  2.0544867e+001  2.7229809e+001
  1.4200000e+000  1.5306941e+001  1.6018526e+001  5.5591904e+001  2.0482248e+001  2.6142681e+001
  1.4266667e+000  1.4762117e+001  1.5402990e+001  5.5728271e+001  2.0398653e+001  2.5081041e+001
  1.4333333e+000  1.4145136e+001  1.4842826e+001  5.5911385e+001  2.0332844e+001  2.4071476e+001
  1.4400000e+000  1.3575486e+001  1.4264194e+001  5.6148956e+001  2.0315994e+001  2.3152845e+001
  1.4466667e+000  1.3053404e+001  1.3671385e+001  5.6423271e+001  2.0341343e+001  2.2292021e+001
  1.4533333e+000  1.2536112e+001  1.3086382e+001  5.6730915e+001  2.0282614e+001  2.1533278e+001
  1.4600000e+000  1.2074510e+001  1.2414910e+001  5.7098141e+001  2.0264696e+001  2.0870363e+001
  1.4666667e+000  1.1489280e+001  1.1829463e+001  5.7491165e+001  2.0293001e+001  2.0257446e+001
  1.4733333e+000  1.1094875e+001  1.1259459e+001  5.7929390e+001  2.0336222e+001  1.9711370e+001
  1.4800000e+000  1.0578051e+001  1.0675911e+001  5.8374477e+001  2.0334980e+001  1.9164370e+001
  1.4866667e+000  1.0102366e+001  1.0194583e+001  5.8798462e+001  2.0342983e+001  1.8685516e+001
  1.4933333e+000  9.6839190e+000  9.7317430e+000  5.9222645e+001  2.0363558e+001  1.8166094e+001
  1.5000000e+000  9.2515460e+000  9.3507020e+000  5.9613884e+001  2.0392326e+001  1.7645437e+001
  1.5066667e+000  8.8093040e+000  7.9933380e+000  5.9978317e+001  2.0420677e+001  1.7112738e+001
  1.5133333e+000  8.5614470e+000  7.7169130e+000  6.0363575e+001  2.0472578e+001  1.6672667e+001
  1.5200000e+000  8.2622110e+000  7.4548470e+000  6.0692146e+001  2.0525925e+001  1.6210194e+001
  1.5266667e+000  8.1907030e+000             NaN  6.1051754e+001  2.0611750e+001  1.5777090e+001
  1.5333333e+000  8.0343900e+000             NaN  6.1385937e+001  2.0609417e+001  1.5306408e+001
  1.5400000e+000  7.7584390e+000             NaN  6.1714714e+001  2.0659519e+001  1.4894684e+001
  1.5466667e+000  7.5721860e+000             NaN  6.2006405e+001  2.0723524e+001  1.4552493e+001
  1.5533333e+000  6.7455220e+000             NaN  6.2300575e+001  2.0778196e+001  1.4148848e+001
  1.5600000e+000  7.4128440e+000             NaN  6.2590179e+001  2.0830770e+001  1.3757066e+001
  1.5666667e+000  8.1938580e+000             NaN  6.2880650e+001  2.0901407e+001  1.3432811e+001
  1.5733333e+000  7.1333300e+000             NaN  6.3144199e+001  2.0988089e+001  1.3117602e+001
  1.5800000e+000  6.2621590e+000             NaN  6.3360851e+001  2.1075880e+001  1.2830300e+001
  1.5866667e+000  6.8408220e+000             NaN  6.3595715e+001  2.1164799e+001  1.2539598e+001
  1.5933333e+000  6.7842810e+000             NaN  6.3800243e+001  2.1215382e+001  1.2261151e+001
  1.6000000e+000  6.6797790e+000             NaN  6.3972385e+001  2.1256405e+001  1.2083542e+001
  1.6066667e+000  6.5367350e+000             NaN  6.4135635e+001  2.1328732e+001  1.1934671e+001
  1.6133333e+000  6.4101740e+000             NaN  6.4272224e+001  2.1439859e+001  1.1791009e+001
  1.6200000e+000  6.3234750e+000             NaN  6.4374420e+001  2.1531544e+001  1.1635690e+001
  1.6266667e+000  6.2656640e+000             NaN  6.4478470e+001  2.1583393e+001  1.1551089e+001
  1.6333333e+000  6.1973920e+000             NaN  6.4557701e+001  2.1673374e+001  1.1462328e+001
  1.6400000e+000  6.1648870e+000             NaN  6.4639839e+001  2.1777933e+001  1.1327196e+001
  1.6466667e+000  6.1461170e+000             NaN  6.4737007e+001  2.1841925e+001  1.1242952e+001
  1.6533333e+000  6.1672050e+000             NaN  6.4846542e+001  2.1867064e+001  1.1197804e+001
  1.6600000e+000  6.1987680e+000             NaN  6.4954910e+001  2.1986668e+001  1.1158764e+001
  1.6666667e+000  6.2911060e+000             NaN  6.5018867e+001  2.2037844e+001  1.1076376e+001
  1.6733333e+000  6.3656760e+000             NaN  6.5107697e+001  2.2066090e+001  1.1034507e+001
  1.6800000e+000  6.3986020e+000             NaN  6.5177185e+001  2.2136568e+001  1.1034873e+001
  1.6866667e+000  6.4520030e+000             NaN  6.5171745e+001  2.2167826e+001  1.0986382e+001
  1.6933333e+000  6.5231880e+000             NaN  6.5162117e+001  2.2188959e+001  1.0947298e+001
  1.7000000e+000  6.5498290e+000             NaN  6.5131409e+001  2.2266481e+001  1.0883658e+001
  1.7066667e+000  6.6287110e+000             NaN  6.5022888e+001  2.2298084e+001  1.0859549e+001
  1.7133333e+000  6.6992820e+000             NaN  6.4933907e+001  2.2342886e+001  1.0829944e+001
  1.7200000e+000  6.7351330e+000             NaN  6.4811630e+001  2.2421093e+001  1.0769091e+001
  1.7266667e+000  6.7674420e+000             NaN  6.4631699e+001  2.2418594e+001  1.0771396e+001
  1.7333333e+000  6.8587170e+000             NaN  6.4435493e+001  2.2482134e+001  1.0830652e+001
  1.7400000e+000  6.9226330e+000             NaN  6.4154037e+001  2.2544401e+001  1.0849762e+001
  1.7466667e+000  6.9604130e+000             NaN  6.3846088e+001  2.2565447e+001  1.0837614e+001
  1.7533333e+000  7.0224280e+000             NaN  6.3557335e+001  2.2578964e+001  1.0827486e+001
  1.7600000e+000  7.0888210e+000             NaN  6.3280735e+001  2.2583179e+001  1.0844906e+001
  1.7666667e+000  7.1051440e+000             NaN  6.3008961e+001  2.2610781e+001  1.0908749e+001
  1.7733333e+000  7.1509480e+000             NaN  6.2729160e+001  2.2685514e+001  1.0977755e+001
  1.7800000e+000  7.2471370e+000             NaN  6.2480701e+001  2.2754404e+001  1.1058500e+001
  1.7866667e+000  7.2608650e+000             NaN  6.2210155e+001  2.2792509e+001  1.1138614e+001
  1.7933333e+000  7.2730130e+000             NaN  6.1948902e+001  2.2814215e+001  1.1259060e+001
  1.8000000e+000  7.3300700e+000             NaN  6.1693935e+001  2.2837360e+001  1.1362546e+001
  1.8066667e+000  7.4180080e+000             NaN  6.1405376e+001  2.2850021e+001  1.1428524e+001
  1.8133333e+000  7.4504620e+000             NaN  6.1122665e+001  2.2898987e+001  1.1527955e+001
  1.8200000e+000  7.5593020e+000             NaN  6.0876854e+001  2.3012497e+001  1.1573958e+001
  1.8266667e+000  6.9048030e+000             NaN  6.0620628e+001  2.3060835e+001  1.1631877e+001
  1.8333333e+000  7.8979170e+000             NaN  6.0407261e+001  2.3114658e+001  1.1676178e+001
  1.8400000e+000  7.8158100e+000             NaN  6.0248917e+001  2.3135208e+001  1.1743799e+001
  1.8466667e+000  7.8635950e+000             NaN  6.0089661e+001  2.3189661e+001  1.1806922e+001
  1.8533333e+000  7.9470080e+000             NaN  5.9964268e+001  2.3257162e+001  1.1850087e+001
  1.8600000e+000  8.1207730e+000             NaN  5.9859253e+001  2.3320436e+001  1.1915938e+001
  1.8666667e+000  7.3059110e+000             NaN  5.9753700e+001  2.3378262e+001  1.1962014e+001
  1.8733333e+000  7.3544670e+000             NaN  5.9628674e+001  2.3397953e+001  1.1972931e+001
  1.8800000e+000  8.1891160e+000             NaN  5.9476189e+001  2.3490604e+001  1.2007287e+001
  1.8866667e+000  9.1708530e+000             NaN  5.9376419e+001  2.3527267e+001  1.2052391e+001
  1.8933333e+000  8.2723800e+000             NaN  5.9276630e+001  2.3593121e+001  1.2060011e+001
  1.9000000e+000  7.5750090e+000             NaN  5.9109516e+001  2.3702250e+001  1.2067463e+001
  1.9066667e+000  8.5672250e+000             NaN  5.8984055e+001  2.3753859e+001  1.2116664e+001
  1.9133333e+000  8.3921720e+000             NaN  5.8914742e+001  2.3789324e+001  1.2144407e+001
  1.9200000e+000  8.5041370e+000             NaN  5.8830620e+001  2.3819378e+001  1.2134546e+001
  1.9266667e+000  8.7180280e+000             NaN  5.8740891e+001  2.3862547e+001  1.2126693e+001
  1.9333333e+000  7.9013180e+000             NaN  5.8664070e+001  2.3900257e+001  1.2163704e+001
  1.9400000e+000  8.6953810e+000             NaN  5.8603825e+001  2.3923992e+001  1.2172090e+001
  1.9466667e+000  9.7736680e+000             NaN  5.8619732e+001  2.3962841e+001  1.2181875e+001
  1.9533333e+000  9.0250810e+000             NaN  5.8599922e+001  2.3999285e+001  1.2221965e+001
  1.9600000e+000  9.1914320e+000             NaN  5.8579063e+001  2.4004646e+001  1.2226539e+001
  1.9666667e+000  8.2500650e+000             NaN  5.8584419e+001  2.4038242e+001  1.2238438e+001
  1.9733333e+000  8.4693310e+000             NaN  5.8615524e+001  2.4084097e+001  1.2226668e+001
  1.9800000e+000  9.5015460e+000             NaN  5.8655697e+001  2.4137520e+001  1.2245202e+001
  1.9866667e+000  9.5182220e+000             NaN  5.8717083e+001  2.4193048e+001  1.2305394e+001
  1.9933333e+000  9.6453280e+000             NaN  5.8822578e+001  2.4217707e+001  1.2335373e+001
  2.0000000e+000  9.7544450e+000             NaN  5.8903580e+001  2.4264172e+001  1.2362827e+001
