 -5.0000000e-001 -4.5570873e+001 -4.2622044e+001 -4.5103516e+001 -4.5756481e+001 -4.5328148e+001 -4.3602703e+001 -4.5836388e+001
 -4.9333333e-001 -4.5561817e+001 -4.2609924e+001 -4.5108627e+001 -4.5755783e+001 -4.5320900e+001 -4.3595146e+001 -4.5844780e+001
 -4.8666667e-001 -4.5572445e+001 -4.2618332e+001 -4.5095901e+001 -4.5745495e+001 -4.5307289e+001 -4.3585709e+001 -4.5849144e+001
 -4.8000000e-001 -4.5566711e+001 -4.2625832e+001 -4.5104862e+001 -4.5752899e+001 -4.5297890e+001 -4.3595722e+001 -4.5857048e+001
 -4.7333333e-001 -4.5561520e+001 -4.2630840e+001 -4.5111542e+001 -4.5754982e+001 -4.5297794e+001 -4.3601799e+001 -4.5854641e+001
 -4.6666667e-001 -4.5559772e+001 -4.2632565e+001 -4.5110748e+001 -4.5759903e+001 -4.5294514e+001 -4.3590378e+001 -4.5850742e+001
 -4.6000000e-001 -4.5564327e+001 -4.2638397e+001 -4.5113052e+001 -4.5757847e+001 -4.5289246e+001 -4.3588112e+001 -4.5845421e+001
 -4.5333333e-001 -4.5564621e+001 -4.2640167e+001 -4.5104362e+001 -4.5750999e+001 -4.5290791e+001 -4.3602985e+001 -4.5841255e+001
 -4.4666667e-001 -4.5560535e+001 -4.2633781e+001 -4.5109959e+001 -4.5739155e+001 -4.5296379e+001 -4.3602169e+001 -4.5850666e+001
 -4.4000000e-001 -4.5569122e+001 -4.2625118e+001 -4.5111988e+001 -4.5727436e+001 -4.5300682e+001 -4.3590961e+001 -4.5862961e+001
 -4.3333333e-001 -4.5575783e+001 -4.2632332e+001 -4.5108040e+001 -4.5721798e+001 -4.5305992e+001 -4.3579315e+001 -4.5890640e+001
 -4.2666667e-001 -4.5584183e+001 -4.2640701e+001 -4.5121422e+001 -4.5725342e+001 -4.5306976e+001 -4.3569958e+001 -4.5922073e+001
 -4.2000000e-001 -4.5578117e+001 -4.2643379e+001 -4.5127003e+001 -4.5717506e+001 -4.5301525e+001 -4.3585560e+001 -4.5934860e+001
 -4.1333333e-001 -4.5579517e+001 -4.2653259e+001 -4.5126202e+001 -4.5710663e+001 -4.5304279e+001 -4.3596172e+001 -4.5953068e+001
 -4.0666667e-001 -4.5593910e+001 -4.2655827e+001 -4.5130917e+001 -4.5719543e+001 -4.5303646e+001 -4.3600353e+001 -4.5979118e+001
 -4.0000000e-001 -4.5602173e+001 -4.2649136e+001 -4.5133358e+001 -4.5721615e+001 -4.5315189e+001 -4.3595989e+001 -4.5999565e+001
 -3.9333333e-001 -4.5612907e+001 -4.2646866e+001 -4.5131577e+001 -4.5719196e+001 -4.5318352e+001 -4.3606659e+001 -4.6026169e+001
 -3.8666667e-001 -4.5618099e+001 -4.2659904e+001 -4.5143745e+001 -4.5729168e+001 -4.5305954e+001 -4.3636013e+001 -4.6051987e+001
 -3.8000000e-001 -4.5604527e+001 -4.2660664e+001 -4.5153606e+001 -4.5736057e+001 -4.5305496e+001 -4.3647053e+001 -4.6065918e+001
 -3.7333333e-001 -4.5594486e+001 -4.2659786e+001 -4.5154163e+001 -4.5739349e+001 -4.5328556e+001 -4.3660278e+001 -4.6082203e+001
 -3.6666667e-001 -4.5607048e+001 -4.2650505e+001 -4.5152248e+001 -4.5742470e+001 -4.5334259e+001 -4.3676933e+001 -4.6092060e+001
 -3.6000000e-001 -4.5621086e+001 -4.2650578e+001 -4.5152542e+001 -4.5746914e+001 -4.5332729e+001 -4.3682533e+001 -4.6110878e+001
 -3.5333333e-001 -4.5615349e+001 -4.2663364e+001 -4.5149616e+001 -4.5758736e+001 -4.5336479e+001 -4.3672943e+001 -4.6112686e+001
 -3.4666667e-001 -4.5608017e+001 -4.2660694e+001 -4.5152122e+001 -4.5770073e+001 -4.5326923e+001 -4.3674858e+001 -4.6083717e+001
 -3.4000000e-001 -4.5609676e+001 -4.2668892e+001 -4.5146282e+001 -4.5765842e+001 -4.5318905e+001 -4.3690472e+001 -4.6048035e+001
 -3.3333333e-001 -4.5599377e+001 -4.2680584e+001 -4.5143219e+001 -4.5757668e+001 -4.5325836e+001 -4.3704884e+001 -4.6023109e+001
 -3.2666667e-001 -4.5597588e+001 -4.2670403e+001 -4.5136726e+001 -4.5757771e+001 -4.5327625e+001 -4.3718739e+001 -4.6011753e+001
 -3.2000000e-001 -4.5612103e+001 -4.2674351e+001 -4.5130684e+001 -4.5761982e+001 -4.5321236e+001 -4.3710491e+001 -4.5998459e+001
 -3.1333333e-001 -4.5625820e+001 -4.2683311e+001 -4.5138367e+001 -4.5748653e+001 -4.5330624e+001 -4.3696877e+001 -4.5983566e+001
 -3.0666667e-001 -4.5626953e+001 -4.2673035e+001 -4.5148033e+001 -4.5732944e+001 -4.5340073e+001 -4.3711990e+001 -4.5968956e+001
 -3.0000000e-001 -4.5607231e+001 -4.2675308e+001 -4.5137241e+001 -4.5729877e+001 -4.5336754e+001 -4.3713463e+001 -4.5932869e+001
 -2.9333333e-001 -4.5605968e+001 -4.2687508e+001 -4.5129650e+001 -4.5737900e+001 -4.5321678e+001 -4.3695236e+001 -4.5901199e+001
 -2.8666667e-001 -4.5619019e+001 -4.2691193e+001 -4.5135414e+001 -4.5751995e+001 -4.5324238e+001 -4.3685650e+001 -4.5883038e+001
 -2.8000000e-001 -4.5620472e+001 -4.2684582e+001 -4.5136013e+001 -4.5762890e+001 -4.5342541e+001 -4.3688938e+001 -4.5884476e+001
 -2.7333333e-001 -4.5629650e+001 -4.2686333e+001 -4.5136566e+001 -4.5776989e+001 -4.5344261e+001 -4.3698563e+001 -4.5899616e+001
 -2.6666667e-001 -4.5632481e+001 -4.2697346e+001 -4.5139107e+001 -4.5774117e+001 -4.5336342e+001 -4.3683956e+001 -4.5905632e+001
 -2.6000000e-001 -4.5632694e+001 -4.2695236e+001 -4.5135780e+001 -4.5764580e+001 -4.5336056e+001 -4.3653111e+001 -4.5896149e+001
 -2.5333333e-001 -4.5635757e+001 -4.2688881e+001 -4.5137733e+001 -4.5780350e+001 -4.5346451e+001 -4.3649105e+001 -4.5885288e+001
 -2.4666667e-001 -4.5638428e+001 -4.2686909e+001 -4.5139271e+001 -4.5784203e+001 -4.5346813e+001 -4.3648476e+001 -4.5887768e+001
 -2.4000000e-001 -4.5634640e+001 -4.2674919e+001 -4.5135410e+001 -4.5781410e+001 -4.5326717e+001 -4.3643429e+001 -4.5884422e+001
 -2.3333333e-001 -4.5644447e+001 -4.2666599e+001 -4.5137695e+001 -4.5797974e+001 -4.5331188e+001 -4.3646931e+001 -4.5881100e+001
 -2.2666667e-001 -4.5647507e+001 -4.2657269e+001 -4.5131184e+001 -4.5796173e+001 -4.5343372e+001 -4.3655464e+001 -4.5898434e+001
 -2.2000000e-001 -4.5630016e+001 -4.2645218e+001 -4.5138390e+001 -4.5799702e+001 -4.5339249e+001 -4.3658710e+001 -4.5906788e+001
 -2.1333333e-001 -4.5619125e+001 -4.2629852e+001 -4.5135399e+001 -4.5802155e+001 -4.5338795e+001 -4.3649315e+001 -4.5902016e+001
 -2.0666667e-001 -4.5619926e+001 -4.2627934e+001 -4.5120899e+001 -4.5802383e+001 -4.5330437e+001 -4.3649464e+001 -4.5912224e+001
 -2.0000000e-001 -4.5629654e+001 -4.2630390e+001 -4.5120632e+001 -4.5817211e+001 -4.5324329e+001 -4.3654610e+001 -4.5908360e+001
 -1.9333333e-001 -4.5623329e+001 -4.2621567e+001 -4.5118179e+001 -4.5825222e+001 -4.5329933e+001 -4.3656677e+001 -4.5912422e+001
 -1.8666667e-001 -4.5617737e+001 -4.2621754e+001 -4.5099098e+001 -4.5835041e+001 -4.5336197e+001 -4.3653194e+001 -4.5914780e+001
 -1.8000000e-001 -4.5621269e+001 -4.2620693e+001 -4.5095612e+001 -4.5831982e+001 -4.5337509e+001 -4.3639488e+001 -4.5908730e+001
 -1.7333333e-001 -4.5604118e+001 -4.2617413e+001 -4.5102577e+001 -4.5822716e+001 -4.5336864e+001 -4.3636997e+001 -4.5915379e+001
 -1.6666667e-001 -4.5600742e+001 -4.2616131e+001 -4.5077038e+001 -4.5834091e+001 -4.5346138e+001 -4.3639168e+001 -4.5938881e+001
 -1.6000000e-001 -4.5597897e+001 -4.2610859e+001 -4.5051228e+001 -4.5833237e+001 -4.5338562e+001 -4.3641006e+001 -4.5947948e+001
 -1.5333333e-001 -4.5592834e+001 -4.2635563e+001 -4.5073063e+001 -4.5828663e+001 -4.5329464e+001 -4.3641129e+001 -4.5936031e+001
 -1.4666667e-001 -4.5588058e+001 -4.2648487e+001 -4.5083271e+001 -4.5822468e+001 -4.5337730e+001 -4.3644245e+001 -4.5925117e+001
 -1.4000000e-001 -4.5594307e+001 -4.2631256e+001 -4.5085468e+001 -4.5823498e+001 -4.5340969e+001 -4.3641357e+001 -4.5929970e+001
 -1.3333333e-001 -4.5593498e+001 -4.2625183e+001 -4.5083881e+001 -4.5821491e+001 -4.5349472e+001 -4.3643124e+001 -4.5943699e+001
 -1.2666667e-001 -4.5587479e+001 -4.2628952e+001 -4.5073284e+001 -4.5809849e+001 -4.5350723e+001 -4.3653046e+001 -4.5949394e+001
 -1.2000000e-001 -4.5594025e+001 -4.2629211e+001 -4.5075619e+001 -4.5816498e+001 -4.5342361e+001 -4.3647087e+001 -4.5946087e+001
 -1.1333333e-001 -4.5594521e+001 -4.2628654e+001 -4.5075703e+001 -4.5823818e+001 -4.5348740e+001 -4.3636982e+001 -4.5936848e+001
 -1.0666667e-001 -4.5597500e+001 -4.2624092e+001 -4.5072178e+001 -4.5832550e+001 -4.5344234e+001 -4.3632828e+001 -4.5930088e+001
 -1.0000000e-001 -4.5599228e+001 -4.2629238e+001 -4.5069687e+001 -4.5846840e+001 -4.5342560e+001 -4.3631432e+001 -4.5922775e+001
 -9.3333333e-002 -4.5592072e+001 -4.2630497e+001 -4.5076305e+001 -4.5847748e+001 -4.5349270e+001 -4.3628994e+001 -4.5925152e+001
 -8.6666667e-002 -4.5597706e+001 -4.2623684e+001 -4.5085346e+001 -4.5849785e+001 -4.5357597e+001 -4.3633926e+001 -4.5920361e+001
 -8.0000000e-002 -4.5606499e+001 -4.2623764e+001 -4.5071098e+001 -4.5861908e+001 -4.5357437e+001 -4.3637707e+001 -4.5909382e+001
 -7.3333333e-002 -4.5610016e+001 -4.2603123e+001 -4.5063866e+001 -4.5868401e+001 -4.5359295e+001 -4.3634739e+001 -4.5911793e+001
 -6.6666667e-002 -4.5619259e+001 -4.2588295e+001 -4.5076759e+001 -4.5878582e+001 -4.5379620e+001 -4.3627693e+001 -4.5902275e+001
 -6.0000000e-002 -4.5618565e+001 -4.2584320e+001 -4.5065159e+001 -4.5873619e+001 -4.5394257e+001 -4.3632870e+001 -4.5894512e+001
 -5.3333333e-002 -4.5599377e+001 -4.2583649e+001 -4.5061512e+001 -4.5850002e+001 -4.5389130e+001 -4.3635025e+001 -4.5875744e+001
 -4.6666667e-002 -4.5610733e+001 -4.2565704e+001 -4.5071533e+001 -4.5845512e+001 -4.5393719e+001 -4.3651222e+001 -4.5871365e+001
 -4.0000000e-002 -4.5624313e+001 -4.2557384e+001 -4.5075672e+001 -4.5847427e+001 -4.5408539e+001 -4.3672394e+001 -4.5864140e+001
 -3.3333333e-002 -4.5617260e+001 -4.2568253e+001 -4.5060837e+001 -4.5842583e+001 -4.5415810e+001 -4.3665405e+001 -4.5864288e+001
 -2.6666667e-002 -4.5614487e+001 -4.2567547e+001 -4.5058563e+001 -4.5828537e+001 -4.5440254e+001 -4.3652771e+001 -4.5872421e+001
 -2.0000000e-002 -4.5625622e+001 -4.2565563e+001 -4.5059898e+001 -4.5817863e+001 -4.5458107e+001 -4.3651363e+001 -4.5876827e+001
 -1.3333333e-002 -4.5626709e+001 -4.2571812e+001 -4.5059444e+001 -4.5805077e+001 -4.5467602e+001 -4.3645435e+001 -4.5877464e+001
 -6.6666667e-003 -4.5625122e+001 -4.2574509e+001 -4.5078026e+001 -4.5797852e+001 -4.5473385e+001 -4.3645306e+001 -4.5868923e+001
  0.0000000e+000 -4.5620373e+001 -4.2578522e+001 -4.5072506e+001 -4.5799030e+001 -4.5487228e+001 -4.3641575e+001 -4.5865829e+001
  6.6666667e-003 -4.5620625e+001 -4.2569542e+001 -4.5041004e+001 -4.5781368e+001 -4.5498310e+001 -4.3644703e+001 -4.5867733e+001
  1.3333333e-002 -4.5633736e+001 -4.2564358e+001 -4.5055420e+001 -4.5768467e+001 -4.5505646e+001 -4.3643417e+001 -4.5871586e+001
  2.0000000e-002 -4.5632828e+001 -4.2572784e+001 -4.5067211e+001 -4.5759838e+001 -4.5526218e+001 -4.3636547e+001 -4.5866177e+001
  2.6666667e-002 -4.5622711e+001 -4.2578804e+001 -4.5054535e+001 -4.5738895e+001 -4.5539089e+001 -4.3641739e+001 -4.5864819e+001
  3.3333333e-002 -4.5624382e+001 -4.2578178e+001 -4.5053642e+001 -4.5739658e+001 -4.5535252e+001 -4.3658112e+001 -4.5875145e+001
  4.0000000e-002 -4.5620838e+001 -4.2563244e+001 -4.5069057e+001 -4.5734703e+001 -4.5530384e+001 -4.3706970e+001 -4.5884068e+001
  4.6666667e-002 -4.5618359e+001 -4.2562065e+001 -4.5073818e+001 -4.5716579e+001 -4.5538418e+001 -4.3814369e+001 -4.5892277e+001
  5.3333333e-002 -4.5632500e+001 -4.2572056e+001 -4.5075897e+001 -4.5708717e+001 -4.5545486e+001 -4.3999969e+001 -4.5884426e+001
  6.0000000e-002 -4.5637314e+001 -4.2568859e+001 -4.5075974e+001 -4.5712418e+001 -4.5544685e+001 -4.4281193e+001 -4.5892296e+001
  6.6666667e-002 -4.5629337e+001 -4.2569328e+001 -4.5067760e+001 -4.5720798e+001 -4.5541649e+001 -4.4735523e+001 -4.5945511e+001
  7.3333333e-002 -4.5635822e+001 -4.2572643e+001 -4.5081406e+001 -4.5727333e+001 -4.5541931e+001 -4.5437672e+001 -4.6024948e+001
  8.0000000e-002 -4.5647488e+001 -4.2581608e+001 -4.5088284e+001 -4.5747036e+001 -4.5545929e+001 -4.6424065e+001 -4.6193649e+001
  8.6666667e-002 -4.5665554e+001 -4.2598488e+001 -4.5094891e+001 -4.5772564e+001 -4.5542259e+001 -4.7693787e+001 -4.6494930e+001
  9.3333333e-002 -4.5685780e+001 -4.2627899e+001 -4.5112579e+001 -4.5794060e+001 -4.5541576e+001 -4.9182896e+001 -4.6946110e+001
  1.0000000e-001 -4.5693256e+001 -4.2645245e+001 -4.5115585e+001 -4.5822594e+001 -4.5553852e+001 -5.0839916e+001 -4.7595768e+001
  1.0666667e-001 -4.5701397e+001 -4.2676411e+001 -4.5122330e+001 -4.5888359e+001 -4.5584248e+001 -5.2629200e+001 -4.8558186e+001
  1.1333333e-001 -4.5707363e+001 -4.2745636e+001 -4.5128315e+001 -4.5951122e+001 -4.5653526e+001 -5.4557487e+001 -4.9917664e+001
  1.2000000e-001 -4.5711792e+001 -4.2839733e+001 -4.5160137e+001 -4.6014812e+001 -4.5787731e+001 -5.6569782e+001 -5.1708786e+001
  1.2666667e-001 -4.5742004e+001 -4.2938152e+001 -4.5230488e+001 -4.6204800e+001 -4.6012337e+001 -5.8592403e+001 -5.3941170e+001
  1.3333333e-001 -4.5792850e+001 -4.3053883e+001 -4.5325188e+001 -4.6613697e+001 -4.6334770e+001 -6.0657524e+001 -5.6581013e+001
  1.4000000e-001 -4.5858383e+001 -4.3302975e+001 -4.5419971e+001 -4.7284893e+001 -4.6771400e+001 -6.2785789e+001 -5.9578274e+001
  1.4666667e-001 -4.5970497e+001 -4.3820072e+001 -4.5513073e+001 -4.8276001e+001 -4.7395168e+001 -6.4897430e+001 -6.2813591e+001
  1.5333333e-001 -4.6201145e+001 -4.4647915e+001 -4.5686939e+001 -4.9692432e+001 -4.8280479e+001 -6.7044273e+001 -6.6235428e+001
  1.6000000e-001 -4.6645920e+001 -4.5801300e+001 -4.6044125e+001 -5.1507950e+001 -4.9512203e+001 -6.9393913e+001 -6.9862923e+001
  1.6666667e-001 -4.7304646e+001 -4.7373440e+001 -4.6746761e+001 -5.3811604e+001 -5.1104340e+001 -7.2095612e+001 -7.3791710e+001
  1.7333333e-001 -4.8375542e+001 -4.9461056e+001 -4.7832134e+001 -5.6597992e+001 -5.3120094e+001 -7.5222359e+001 -7.8146538e+001
  1.8000000e-001 -5.0029797e+001 -5.1922733e+001 -4.9318890e+001 -5.9594814e+001 -5.5611519e+001 -7.8644089e+001 -8.2846153e+001
  1.8666667e-001 -5.2201099e+001 -5.4504299e+001 -5.1329350e+001 -6.2704292e+001 -5.8455048e+001 -8.2100372e+001 -8.8121529e+001
  1.9333333e-001 -5.4658978e+001 -5.7297672e+001 -5.3883835e+001 -6.5946617e+001 -6.1414993e+001 -8.5640770e+001 -9.3576355e+001
  2.0000000e-001 -5.7247978e+001 -6.0510956e+001 -5.6760307e+001 -6.9525429e+001 -6.4476624e+001 -8.9214661e+001 -9.8387878e+001
  2.0666667e-001 -6.0031429e+001 -6.4022026e+001 -5.9821323e+001 -7.3407776e+001 -6.7837852e+001 -9.2698486e+001 -1.0220740e+002
  2.1333333e-001 -6.3161663e+001 -6.7901909e+001 -6.3258194e+001 -7.7393700e+001 -7.1518600e+001 -9.5968292e+001 -1.0474733e+002
  2.2000000e-001 -6.6627411e+001 -7.3068794e+001 -6.7023575e+001 -8.1582657e+001 -7.4920113e+001 -9.8633392e+001 -1.0585869e+002
  2.2666667e-001 -7.0303551e+001 -7.7411652e+001 -7.0969025e+001 -8.5707787e+001 -7.9719734e+001 -1.0044244e+002 -1.0568730e+002
  2.3333333e-001 -7.4503143e+001 -8.0725555e+001 -7.5047546e+001 -8.9724464e+001 -8.4314316e+001 -1.0143536e+002             NaN
  2.4000000e-001 -7.8979919e+001 -8.4958733e+001 -7.9549606e+001 -9.3262604e+001 -8.8594444e+001 -1.0159009e+002             NaN
  2.4666667e-001 -8.3324150e+001 -8.8306267e+001 -8.4079567e+001 -9.5658295e+001 -9.1670227e+001             NaN             NaN
  2.5333333e-001 -8.6658302e+001 -8.9868782e+001 -8.8267654e+001 -9.6904297e+001 -9.2947418e+001             NaN             NaN
  2.6000000e-001 -8.8567825e+001 -9.1247711e+001 -9.1138824e+001 -9.7612549e+001 -9.2601135e+001             NaN             NaN
  2.6666667e-001 -8.9201561e+001 -9.2616516e+001 -9.2417267e+001 -9.8477722e+001 -9.1671753e+001             NaN             NaN
  2.7333333e-001 -8.9265114e+001             NaN -9.2956787e+001             NaN -9.0725494e+001             NaN             NaN
  2.8000000e-001 -8.9438728e+001             NaN -9.3729248e+001             NaN -8.9556770e+001             NaN             NaN
  2.8666667e-001 -8.9661385e+001             NaN             NaN             NaN -8.8209000e+001 -8.8601143e+001             NaN
  2.9333333e-001             NaN             NaN             NaN             NaN -8.6793137e+001 -8.3616165e+001 -8.5601410e+001
  3.0000000e-001             NaN             NaN             NaN             NaN -8.4394791e+001 -7.9494774e+001 -8.1646683e+001
  3.0666667e-001             NaN             NaN             NaN             NaN -7.8853584e+001 -7.5168541e+001 -7.7631416e+001
  3.1333333e-001             NaN             NaN             NaN -8.9747437e+001 -7.4721329e+001 -7.0938629e+001 -7.3351036e+001
  3.2000000e-001 -8.5149979e+001             NaN             NaN -8.4816772e+001 -6.9988754e+001 -6.6620071e+001 -6.8754784e+001
  3.2666667e-001 -8.2113770e+001             NaN -8.5591087e+001 -8.0296753e+001 -6.5855293e+001 -6.2156887e+001 -6.4179932e+001
  3.3333333e-001 -7.9060837e+001 -8.3259712e+001 -8.2879166e+001 -7.8024193e+001 -6.2668053e+001 -5.7739681e+001 -5.9875523e+001
  3.4000000e-001 -7.6136795e+001 -8.1117805e+001 -7.9715660e+001 -7.4418968e+001 -5.9191330e+001 -5.3773289e+001 -5.6177574e+001
  3.4666667e-001 -7.3331360e+001 -7.8990814e+001 -7.6237961e+001 -7.0622444e+001 -5.4778553e+001 -5.0680511e+001 -5.3027119e+001
  3.5333333e-001 -7.0162781e+001 -7.6733490e+001 -7.2715134e+001 -6.6873047e+001 -5.0048546e+001 -4.8354595e+001 -5.0394302e+001
  3.6000000e-001 -6.6719513e+001 -7.4328140e+001 -6.8853645e+001 -6.3256035e+001 -4.6143723e+001 -4.6441051e+001 -4.8307938e+001
  3.6666667e-001 -6.2960850e+001 -7.1970566e+001 -6.5030289e+001 -5.9818668e+001 -4.4194523e+001 -4.4824020e+001 -4.7105644e+001
  3.7333333e-001 -5.8879208e+001 -6.9368095e+001 -6.1580864e+001 -5.6746624e+001 -4.4233440e+001 -4.3746613e+001 -4.6684124e+001
  3.8000000e-001 -5.5191074e+001 -6.6476707e+001 -5.8695621e+001 -5.4086086e+001 -4.5757786e+001 -4.3086246e+001 -4.6539368e+001
  3.8666667e-001 -5.2366158e+001 -6.3959812e+001 -5.6873829e+001 -5.1760208e+001 -4.8377037e+001 -4.3195374e+001 -4.6572102e+001
  3.9333333e-001 -5.0404690e+001 -6.1906364e+001 -5.5697681e+001 -4.9812767e+001 -5.1229321e+001 -4.3968956e+001 -4.7014389e+001
  4.0000000e-001 -4.9176289e+001 -5.9917603e+001 -5.4719021e+001 -4.8713451e+001 -5.3350574e+001 -4.4810463e+001 -4.7709335e+001
  4.0666667e-001 -4.8440910e+001 -5.8311520e+001 -5.4122295e+001 -4.8443386e+001 -5.4126469e+001 -4.5569344e+001 -4.8244865e+001
  4.1333333e-001 -4.8288757e+001 -5.7286114e+001 -5.3694637e+001 -4.8728584e+001 -5.3513355e+001 -4.6419720e+001 -4.8475166e+001
  4.2000000e-001 -4.8059696e+001 -5.6475693e+001 -5.2743443e+001 -4.9476032e+001 -5.2876144e+001 -4.7484413e+001 -4.8644791e+001
  4.2666667e-001 -4.7333187e+001 -5.5598740e+001 -5.1717381e+001 -5.0320019e+001 -5.3277828e+001 -4.8433929e+001 -4.8621780e+001
  4.3333333e-001 -4.6371468e+001 -5.4806644e+001 -5.0995110e+001 -5.0895576e+001 -5.4137314e+001 -4.8598572e+001 -4.8681980e+001
  4.4000000e-001 -4.5643677e+001 -5.4144833e+001 -5.0373672e+001 -5.1120934e+001 -5.5086597e+001 -4.7895287e+001 -4.8817593e+001
  4.4666667e-001 -4.5091343e+001 -5.3651844e+001 -5.0114471e+001 -5.1099468e+001 -5.5745537e+001 -4.6907524e+001 -4.8752277e+001
  4.5333333e-001 -4.4736946e+001 -5.3507675e+001 -4.9794582e+001 -5.0990555e+001 -5.5890415e+001 -4.6108936e+001 -4.8673805e+001
  4.6000000e-001 -4.4350243e+001 -5.3700047e+001 -4.9223019e+001 -5.0913429e+001 -5.5439228e+001 -4.5671524e+001 -4.8630730e+001
  4.6666667e-001 -4.3762489e+001 -5.4192711e+001 -4.8158127e+001 -5.0811211e+001 -5.4493702e+001 -4.5519695e+001 -4.8654881e+001
  4.7333333e-001 -4.3266735e+001 -5.4777809e+001 -4.7263691e+001 -5.0885612e+001 -5.3579655e+001 -4.5510395e+001 -4.8686169e+001
  4.8000000e-001 -4.3315525e+001 -5.5328312e+001 -4.7655972e+001 -5.1070538e+001 -5.2801998e+001 -4.5529205e+001 -4.8649784e+001
  4.8666667e-001 -4.3893730e+001 -5.5973164e+001 -4.9092068e+001 -5.1368690e+001 -5.2159771e+001 -4.5358841e+001 -4.8575180e+001
  4.9333333e-001 -4.4813946e+001 -5.6259823e+001 -5.0331638e+001 -5.1803509e+001 -5.1576168e+001 -4.5160336e+001 -4.8545162e+001
  5.0000000e-001 -4.5575756e+001 -5.6333370e+001 -5.0161335e+001 -5.2126286e+001 -5.0927387e+001 -4.5074894e+001 -4.8505287e+001
  5.0666667e-001 -4.6211105e+001 -5.6462872e+001 -4.8931271e+001 -5.2219841e+001 -5.0388073e+001 -4.5054684e+001 -4.8463669e+001
  5.1333333e-001 -4.6911331e+001 -5.6496254e+001 -4.7457397e+001 -5.2086239e+001 -5.0048313e+001 -4.5353390e+001 -4.8461391e+001
  5.2000000e-001 -4.7264008e+001 -5.6619560e+001 -4.6377354e+001 -5.1924438e+001 -4.9919788e+001 -4.5779572e+001 -4.8545769e+001
  5.2666667e-001 -4.7478527e+001 -5.6553406e+001 -4.5964600e+001 -5.1744244e+001 -4.9860977e+001 -4.6152756e+001 -4.8441738e+001
  5.3333333e-001 -4.7989735e+001 -5.6194397e+001 -4.5732994e+001 -5.1510326e+001 -4.9759895e+001 -4.6631889e+001 -4.8104404e+001
  5.4000000e-001 -4.8548084e+001 -5.5889099e+001 -4.5640388e+001 -5.1298206e+001 -5.0014874e+001 -4.6969406e+001 -4.8082302e+001
  5.4666667e-001 -4.8945847e+001 -5.5897861e+001 -4.5812859e+001 -5.1189156e+001 -5.0437981e+001 -4.7123276e+001 -4.8163700e+001
  5.5333333e-001 -4.9369869e+001 -5.6066883e+001 -4.5988525e+001 -5.1069115e+001 -5.0913338e+001 -4.7250309e+001 -4.8245712e+001
  5.6000000e-001 -4.9305504e+001 -5.5906822e+001 -4.6227436e+001 -5.0824673e+001 -5.1623863e+001 -4.7105206e+001 -4.8414623e+001
  5.6666667e-001 -4.8802586e+001 -5.5555988e+001 -4.6309978e+001 -5.0689976e+001 -5.2376793e+001 -4.6897713e+001 -4.8661743e+001
  5.7333333e-001 -4.8033154e+001 -5.5232910e+001 -4.6212605e+001 -5.0773750e+001 -5.3244675e+001 -4.6724194e+001 -4.8868435e+001
  5.8000000e-001 -4.7134182e+001 -5.4928902e+001 -4.6052254e+001 -5.0645664e+001 -5.4170174e+001 -4.6624912e+001 -4.9108749e+001
  5.8666667e-001 -4.6440075e+001 -5.4639587e+001 -4.5820374e+001 -5.0413857e+001 -5.4898571e+001 -4.6539360e+001 -4.9325253e+001
  5.9333333e-001 -4.6228165e+001 -5.4359119e+001 -4.5721401e+001 -5.0484623e+001 -5.5660160e+001 -4.6432144e+001 -4.9605240e+001
  6.0000000e-001 -4.6175465e+001 -5.4100548e+001 -4.5746807e+001 -5.0589561e+001 -5.8031479e+001 -4.6526436e+001 -4.9926533e+001
  6.0666667e-001 -4.6274837e+001 -5.3981647e+001 -4.5986614e+001 -5.0779018e+001 -5.7784317e+001 -4.6568024e+001 -5.0075172e+001
  6.1333333e-001 -4.6616192e+001 -5.3914654e+001 -4.6126850e+001 -5.0931900e+001 -5.8611164e+001 -4.6554890e+001 -5.0241222e+001
  6.2000000e-001 -4.7175262e+001 -5.3683502e+001 -4.6220440e+001 -5.0940212e+001 -5.8046692e+001 -4.6658871e+001 -5.0436504e+001
  6.2666667e-001 -4.7853611e+001 -5.3519955e+001 -4.6264278e+001 -5.1066395e+001 -5.9809277e+001 -4.6795246e+001 -5.0563931e+001
  6.3333333e-001 -4.8494156e+001 -5.3461987e+001 -4.6363953e+001 -5.1146374e+001 -6.0317791e+001 -4.6979198e+001 -5.0772160e+001
  6.4000000e-001 -4.9048557e+001 -5.3163864e+001 -4.6439449e+001 -5.1101334e+001 -6.1006184e+001 -4.6952293e+001 -5.0925999e+001
  6.4666667e-001 -4.9509613e+001 -5.2952721e+001 -4.6479595e+001 -5.1133595e+001 -6.1566082e+001 -4.6963902e+001 -5.0918823e+001
  6.5333333e-001 -5.0108105e+001 -5.2976635e+001 -4.6598343e+001 -5.1193443e+001 -6.2063820e+001 -4.7215824e+001 -5.1057106e+001
  6.6000000e-001 -5.0989025e+001 -5.2814144e+001 -4.6885971e+001 -5.1447556e+001 -6.2579575e+001 -4.7274376e+001 -5.1102398e+001
  6.6666667e-001 -5.1646576e+001 -5.2742443e+001 -4.7085159e+001 -5.1671638e+001 -6.3033543e+001 -4.7269337e+001 -5.1052361e+001
  6.7333333e-001 -5.2172215e+001 -5.2944408e+001 -4.7063522e+001 -5.1951969e+001 -6.3343880e+001 -4.7276875e+001 -5.1126781e+001
  6.8000000e-001 -5.2727718e+001 -5.3176201e+001 -4.7299915e+001 -5.2456528e+001 -6.3825401e+001 -4.7205849e+001 -5.1095295e+001
  6.8666667e-001 -5.3091469e+001 -5.3159039e+001 -4.7564560e+001 -5.2811161e+001 -6.4339745e+001 -4.7210712e+001 -5.1125965e+001
  6.9333333e-001 -5.3706070e+001 -5.3181034e+001 -4.7752754e+001 -5.3016117e+001 -6.4848305e+001 -4.7268120e+001 -5.1225849e+001
  7.0000000e-001 -5.4503361e+001 -5.3448452e+001 -4.7970482e+001 -5.3154598e+001 -6.5371948e+001 -4.7223663e+001 -5.1236446e+001
  7.0666667e-001 -5.5106792e+001 -5.3618687e+001 -4.8356773e+001 -5.3224083e+001 -6.4311302e+001 -4.7235207e+001 -5.1285156e+001
  7.1333333e-001 -5.5674595e+001 -5.3739605e+001 -4.8699436e+001 -5.3254642e+001 -6.6122986e+001 -4.7105377e+001 -5.1418262e+001
  7.2000000e-001 -5.6268951e+001 -5.3857273e+001 -4.8862576e+001 -5.3427597e+001 -6.6451202e+001 -4.7024551e+001 -5.1529221e+001
  7.2666667e-001 -5.6582024e+001 -5.3919571e+001 -4.9196598e+001 -5.3575428e+001 -6.6827675e+001 -4.7098209e+001 -5.1598904e+001
  7.3333333e-001 -5.6329983e+001 -5.3964493e+001 -4.9463181e+001 -5.3619678e+001 -6.7090813e+001 -4.7069054e+001 -5.1743416e+001
  7.4000000e-001 -5.5887527e+001 -5.3838493e+001 -4.9631565e+001 -5.3596725e+001 -6.7160561e+001 -4.6919991e+001 -5.1767128e+001
  7.4666667e-001 -5.5939529e+001 -5.3597343e+001 -4.9886539e+001 -5.3641300e+001 -6.7304817e+001 -4.6827808e+001 -5.1886688e+001
  7.5333333e-001 -5.6307270e+001 -5.3450783e+001 -5.0064316e+001 -5.3660603e+001 -6.7519630e+001 -4.6839306e+001 -5.2133842e+001
  7.6000000e-001 -5.6605648e+001 -5.3573402e+001 -5.0213924e+001 -5.3674961e+001 -6.7652550e+001 -4.6812187e+001 -5.2008568e+001
  7.6666667e-001 -5.6900276e+001 -5.3575974e+001 -5.0416050e+001 -5.3755192e+001 -6.8999229e+001 -4.6843151e+001 -5.1948738e+001
  7.7333333e-001 -5.7354641e+001 -5.3438309e+001 -5.0494450e+001 -5.3797157e+001 -6.9072266e+001 -4.6826302e+001 -5.1992825e+001
  7.8000000e-001 -5.7912472e+001 -5.3402058e+001 -5.0386379e+001 -5.3788364e+001 -6.8310471e+001 -4.6826347e+001 -5.2048897e+001
  7.8666667e-001 -5.8460274e+001 -5.3433510e+001 -5.0281345e+001 -5.3773540e+001 -6.8567024e+001 -4.6746143e+001 -5.2203499e+001
  7.9333333e-001 -5.9091362e+001 -5.3423058e+001 -5.0401886e+001 -5.3749397e+001 -6.8729652e+001 -4.6732170e+001 -5.2171272e+001
  8.0000000e-001 -5.9760262e+001 -5.3387600e+001 -5.0445992e+001 -5.3770233e+001 -6.8876328e+001 -4.6771629e+001 -5.2092327e+001
  8.0666667e-001 -6.0402500e+001 -5.3334431e+001 -5.0421730e+001 -5.3778244e+001 -6.8999504e+001 -4.6867176e+001 -5.2220520e+001
  8.1333333e-001 -6.1002319e+001 -5.3179497e+001 -4.9706417e+001 -5.3844299e+001 -6.9101028e+001 -4.6895355e+001 -5.2311661e+001
  8.2000000e-001 -6.1602951e+001 -5.3121948e+001 -4.9937916e+001 -5.4047905e+001 -6.9208923e+001 -4.6881630e+001 -5.2231228e+001
  8.2666667e-001 -6.2130939e+001 -5.3325451e+001 -5.0018238e+001 -5.4039322e+001 -6.9305069e+001 -4.6857384e+001 -5.2234261e+001
  8.3333333e-001 -6.1555454e+001 -5.3370106e+001 -5.1429577e+001 -5.3929863e+001 -6.9374336e+001 -4.6851475e+001 -5.2238457e+001
  8.4000000e-001 -6.2004601e+001 -5.3353142e+001 -5.1604881e+001 -5.3881950e+001 -6.9464546e+001 -4.6853401e+001 -5.2302406e+001
  8.4666667e-001 -6.3956909e+001 -5.3532303e+001 -5.1933685e+001 -5.3933144e+001 -6.9372841e+001 -4.6935505e+001 -5.2329895e+001
  8.5333333e-001 -6.3864594e+001 -5.3594200e+001 -5.2321064e+001 -5.3862309e+001 -6.9205261e+001 -4.7029903e+001 -5.2335567e+001
  8.6000000e-001 -6.4494522e+001 -5.3574333e+001 -5.2568775e+001 -5.3890572e+001 -6.9169426e+001 -4.7074402e+001 -5.2411148e+001
  8.6666667e-001 -6.6861237e+001 -5.3553486e+001 -5.2902351e+001 -5.3910255e+001 -6.9002930e+001 -4.6962826e+001 -5.2460564e+001
  8.7333333e-001 -6.6328140e+001 -5.3664207e+001 -5.3243240e+001 -5.4064526e+001 -6.8761124e+001 -4.7046280e+001 -5.2515511e+001
  8.8000000e-001 -6.6747864e+001 -5.3715572e+001 -5.3452328e+001 -5.4274559e+001 -6.8478813e+001 -4.7204773e+001 -5.2525784e+001
  8.8666667e-001 -6.7417564e+001 -5.3717438e+001 -5.3664349e+001 -5.4218590e+001 -6.8117111e+001 -4.7241173e+001 -5.2579052e+001
  8.9333333e-001 -6.8074020e+001 -5.3648785e+001 -5.3820370e+001 -5.4474621e+001 -6.7814865e+001 -4.7411358e+001 -5.2656914e+001
  9.0000000e-001 -6.8601784e+001 -5.3606865e+001 -5.3984680e+001 -5.4757694e+001 -6.7346146e+001 -4.7469002e+001 -5.2640579e+001
  9.0666667e-001 -6.9169426e+001 -5.3691643e+001 -5.4158852e+001 -5.4919456e+001 -6.6848068e+001 -4.7435749e+001 -5.2666840e+001
  9.1333333e-001 -6.9722862e+001 -5.3730782e+001 -5.4206047e+001 -5.5111710e+001 -6.6366562e+001 -4.7350368e+001 -5.2631935e+001
  9.2000000e-001 -7.0385185e+001 -5.3714417e+001 -5.4299644e+001 -5.5397293e+001 -6.5934929e+001 -4.7467087e+001 -5.2606529e+001
  9.2666667e-001 -7.1114204e+001 -5.3792118e+001 -5.4400604e+001 -5.5729061e+001 -6.5458176e+001 -4.7494080e+001 -5.2635143e+001
  9.3333333e-001 -7.1745590e+001 -5.3987450e+001 -5.4539391e+001 -5.6059528e+001 -6.4909225e+001 -4.7436626e+001 -5.2589783e+001
  9.4000000e-001 -7.2358513e+001 -5.4038296e+001 -5.4667450e+001 -5.6436623e+001 -6.4437141e+001 -4.7398838e+001 -5.2654362e+001
  9.4666667e-001 -7.3116592e+001 -5.3958183e+001 -5.4769154e+001 -5.7031040e+001 -6.4057304e+001 -4.7476055e+001 -5.2736053e+001
  9.5333333e-001 -7.3781921e+001 -5.3956642e+001 -5.4879570e+001 -5.7664719e+001 -6.3663101e+001 -4.7522850e+001 -5.2700737e+001
  9.6000000e-001 -7.4339890e+001 -5.4074207e+001 -5.4851059e+001 -5.8388412e+001 -6.3336918e+001 -4.7353706e+001 -5.2756409e+001
  9.6666667e-001 -7.4983803e+001 -5.4174770e+001 -5.4860325e+001 -5.9220371e+001 -6.2869343e+001 -4.7371075e+001 -5.2783104e+001
  9.7333333e-001 -7.5610901e+001 -5.4173920e+001 -5.5085400e+001 -6.0219643e+001 -6.2635063e+001 -4.7498108e+001 -5.2683754e+001
  9.8000000e-001 -7.6136627e+001 -5.4220505e+001 -5.5218578e+001 -6.1338070e+001 -6.2872383e+001 -4.7496624e+001 -5.2686649e+001
  9.8666667e-001 -7.6660988e+001 -5.4308960e+001 -5.4295647e+001 -6.2461166e+001 -6.3017025e+001 -4.7471111e+001 -5.2746235e+001
  9.9333333e-001 -7.7093391e+001 -5.4317451e+001 -5.4473499e+001 -6.3602249e+001 -6.1197704e+001 -4.7512543e+001 -5.2729687e+001
  1.0000000e+000 -7.7398788e+001 -5.4362362e+001 -5.5761429e+001 -6.4858711e+001 -6.1432415e+001 -4.7531658e+001 -5.2640144e+001
  1.0066667e+000 -7.7609520e+001 -5.4326813e+001 -5.5886131e+001 -6.6244003e+001 -6.3481331e+001 -4.7450127e+001 -5.2611610e+001
  1.0133333e+000 -7.7863068e+001 -5.4347137e+001 -5.6024227e+001 -6.7706047e+001 -6.1632942e+001 -4.7476547e+001 -5.2644535e+001
  1.0200000e+000 -7.7973541e+001 -5.4437088e+001 -5.6174736e+001 -6.9235542e+001 -6.1744469e+001 -4.7585751e+001 -5.2560032e+001
  1.0266667e+000 -7.8043488e+001 -5.4483402e+001 -5.6372490e+001 -7.0863029e+001 -6.3733799e+001 -4.7673115e+001 -5.2608078e+001
  1.0333333e+000 -7.8209625e+001 -5.4544704e+001 -5.6650272e+001 -7.2634026e+001 -6.1594990e+001 -4.7612698e+001 -5.2728432e+001
  1.0400000e+000 -7.8400772e+001 -5.4687584e+001 -5.7085304e+001 -7.4491837e+001 -6.1533379e+001 -4.7607113e+001 -5.2676117e+001
  1.0466667e+000 -7.8564888e+001 -5.4800014e+001 -5.7734196e+001 -7.5588043e+001 -6.2557518e+001 -4.7662807e+001 -5.2582329e+001
  1.0533333e+000 -7.8628555e+001 -5.4917278e+001 -5.8546219e+001             NaN -6.2325504e+001 -4.7743526e+001 -5.2575157e+001
  1.0600000e+000 -7.8725044e+001 -5.4934536e+001 -5.9417873e+001             NaN -6.0952991e+001 -4.7716320e+001 -5.2645256e+001
  1.0666667e+000 -7.8733429e+001 -5.4993359e+001 -6.0975456e+001             NaN -6.1120674e+001 -4.7676346e+001 -5.2753029e+001
  1.0733333e+000 -7.8681145e+001 -5.5041744e+001 -6.1695419e+001             NaN -6.1284576e+001 -4.7741776e+001 -5.2832703e+001
  1.0800000e+000 -7.8618271e+001 -5.5183796e+001 -6.2234329e+001             NaN -6.1535858e+001 -4.7609352e+001 -5.2879051e+001
  1.0866667e+000 -7.8515831e+001 -5.5312565e+001 -6.2709969e+001             NaN -6.3505489e+001 -4.7676987e+001 -5.2859749e+001
  1.0933333e+000 -7.8437004e+001 -5.5237232e+001 -6.3137062e+001             NaN -6.3708282e+001 -4.7806469e+001 -5.2808628e+001
  1.1000000e+000 -7.8373833e+001 -5.5140507e+001 -6.3536587e+001             NaN -6.3934040e+001 -4.7771820e+001 -5.2948215e+001
  1.1066667e+000 -7.8359322e+001 -5.5209476e+001 -6.3883396e+001             NaN -6.4104073e+001 -4.7743351e+001 -5.2924595e+001
  1.1133333e+000 -7.8377701e+001 -5.5354801e+001 -6.3920223e+001             NaN -6.4210724e+001 -4.7729752e+001 -5.2858425e+001
  1.1200000e+000 -7.8430870e+001 -5.5446045e+001 -6.4161186e+001             NaN -6.4320747e+001 -4.7766838e+001 -5.2919098e+001
  1.1266667e+000 -7.8384361e+001 -5.5595169e+001 -6.4552948e+001             NaN -6.4363785e+001 -4.7755451e+001 -5.2929344e+001
  1.1333333e+000 -7.8221199e+001 -5.5909824e+001 -6.5055511e+001             NaN -6.4459709e+001 -4.7766281e+001 -5.2966305e+001
  1.1400000e+000 -7.8239990e+001 -5.6223671e+001 -6.5663559e+001             NaN -6.4646217e+001 -4.7833725e+001 -5.3056717e+001
  1.1466667e+000 -7.8338165e+001 -5.6546017e+001 -6.6292427e+001             NaN -6.5002197e+001 -4.7818871e+001 -5.3039215e+001
  1.1533333e+000 -7.8304115e+001 -5.6966957e+001 -6.6736458e+001             NaN -6.5434235e+001 -4.7632652e+001 -5.2922443e+001
  1.1600000e+000 -7.8264587e+001 -5.7289818e+001 -6.6983582e+001             NaN -6.4228668e+001 -4.7483078e+001 -5.2862671e+001
  1.1666667e+000 -7.8248497e+001 -5.7695980e+001 -6.6960007e+001             NaN -6.5720367e+001 -4.7496937e+001 -5.2803410e+001
  1.1733333e+000 -7.8319847e+001 -5.8043045e+001 -6.6675293e+001             NaN -6.7694626e+001 -4.7489769e+001 -5.2792938e+001
  1.1800000e+000 -7.8327896e+001 -5.8414948e+001 -6.6208694e+001             NaN -6.5625664e+001 -4.7535118e+001 -5.2865818e+001
  1.1866667e+000 -7.8384750e+001 -5.8910725e+001 -6.5616112e+001             NaN -6.4114677e+001 -4.7668915e+001 -5.2811798e+001
  1.1933333e+000 -7.8409729e+001 -5.9344509e+001 -6.4960381e+001             NaN -6.4229988e+001 -4.7767052e+001 -5.2819160e+001
  1.2000000e+000 -7.8384834e+001 -5.9850086e+001 -6.4297081e+001             NaN -6.6047256e+001 -4.7665672e+001 -5.2833698e+001
  1.2066667e+000 -7.8439392e+001 -6.0379986e+001 -6.3683468e+001             NaN -6.6015900e+001 -4.7672832e+001 -5.2884747e+001
  1.2133333e+000 -7.8462151e+001 -6.0892887e+001 -6.3124588e+001             NaN -6.4116249e+001 -4.7781372e+001 -5.2842285e+001
  1.2200000e+000 -7.8555588e+001 -6.1553154e+001 -6.2598118e+001             NaN -6.4064964e+001 -4.7766365e+001 -5.2817020e+001
  1.2266667e+000 -7.8658875e+001 -6.2235661e+001 -6.2072304e+001             NaN -6.3944069e+001 -4.7589256e+001 -5.2781532e+001
  1.2333333e+000 -7.8748589e+001 -6.2941158e+001 -6.1479408e+001             NaN -6.3898041e+001 -4.7640842e+001 -5.2767887e+001
  1.2400000e+000 -7.8775322e+001 -6.3696049e+001 -6.0814926e+001             NaN -6.5746407e+001 -4.7738224e+001 -5.2843334e+001
  1.2466667e+000 -7.8723747e+001 -6.4469452e+001 -6.0151299e+001             NaN -6.5473923e+001 -4.7675343e+001 -5.2867222e+001
  1.2533333e+000 -7.8746567e+001 -6.5229950e+001 -5.9586319e+001             NaN -6.5381218e+001 -4.7644516e+001 -5.2921162e+001
  1.2600000e+000 -7.8834457e+001 -6.5878525e+001 -5.9162388e+001             NaN -6.5312668e+001 -4.7686115e+001 -5.2945271e+001
  1.2666667e+000 -7.8916603e+001 -6.6365570e+001 -5.8874149e+001             NaN -6.5248474e+001 -4.7723763e+001 -5.2947929e+001
  1.2733333e+000 -7.8961601e+001 -6.6734459e+001 -5.8541557e+001             NaN -6.5227280e+001 -4.7724892e+001 -5.3018421e+001
  1.2800000e+000 -7.8953293e+001 -6.7166794e+001 -5.8156044e+001             NaN -6.5221611e+001 -4.7815647e+001 -5.2974007e+001
  1.2866667e+000 -7.8857971e+001 -6.7769798e+001 -5.7875179e+001             NaN -6.5197731e+001 -4.7887749e+001 -5.2955357e+001
  1.2933333e+000 -7.8931389e+001 -6.8401726e+001 -5.7757214e+001             NaN -6.5126656e+001 -4.7907597e+001 -5.2952724e+001
  1.3000000e+000 -7.8983253e+001 -6.8950752e+001 -5.7833740e+001             NaN -6.5105461e+001 -4.7980934e+001 -5.2929966e+001
  1.3066667e+000 -7.8968216e+001 -6.9549881e+001 -5.8263145e+001             NaN -6.5121735e+001 -4.8053242e+001 -5.2936581e+001
  1.3133333e+000 -7.8915833e+001 -7.0145653e+001 -5.9224754e+001             NaN -6.5078613e+001 -4.8009377e+001 -5.2899990e+001
  1.3200000e+000 -7.8919952e+001 -7.0801315e+001 -5.9587616e+001             NaN -6.4962326e+001 -4.7994167e+001 -5.2833336e+001
  1.3266667e+000 -7.8903122e+001 -7.1380630e+001 -6.2053909e+001 -1.0539729e+002 -6.4794472e+001 -4.8109444e+001 -5.2944706e+001
  1.3333333e+000 -7.8847618e+001 -7.1845444e+001 -6.3495312e+001 -1.0415857e+002 -6.4665276e+001 -4.8173462e+001 -5.3151596e+001
  1.3400000e+000 -7.8825836e+001 -7.2147980e+001 -6.4721504e+001 -1.0287054e+002 -6.4535950e+001 -4.8166592e+001 -5.3227615e+001
  1.3466667e+000 -7.8917824e+001 -7.2517624e+001 -6.5582222e+001 -1.0149075e+002 -6.4318710e+001 -4.8350422e+001 -5.3100307e+001
  1.3533333e+000 -7.8959816e+001 -7.2811943e+001 -6.5940727e+001 -1.0011691e+002 -6.4224319e+001 -4.8528866e+001 -5.2996246e+001
  1.3600000e+000 -7.8890038e+001 -7.3152023e+001 -6.6053185e+001 -9.8750427e+001 -6.4180450e+001 -4.8529114e+001 -5.3118092e+001
  1.3666667e+000 -8.0591202e+001 -7.3653336e+001 -6.6293541e+001 -9.7548187e+001 -6.4145210e+001 -4.8509171e+001 -5.3155788e+001
  1.3733333e+000 -8.0621788e+001 -7.2903603e+001 -6.6540688e+001 -9.6420135e+001 -6.4025482e+001 -4.8632656e+001 -5.3074860e+001
  1.3800000e+000 -8.0611099e+001 -7.3234917e+001 -6.6479561e+001 -9.5252869e+001 -6.3910587e+001 -4.8832859e+001 -5.3158550e+001
  1.3866667e+000 -8.0661568e+001 -7.4763374e+001 -6.6305763e+001 -9.4233276e+001 -6.5291245e+001 -4.9003231e+001 -5.3260151e+001
  1.3933333e+000 -8.0626251e+001 -7.5125557e+001 -6.6230347e+001 -9.3291870e+001 -6.5150925e+001 -4.9023136e+001 -5.3272659e+001
  1.4000000e+000 -8.0450966e+001 -7.5473343e+001 -6.6376144e+001 -9.2360077e+001 -6.5093361e+001 -4.9061497e+001 -5.3333939e+001
  1.4066667e+000 -8.0460411e+001 -7.5970222e+001 -6.6643280e+001 -9.1537231e+001 -6.3707390e+001 -4.9150497e+001 -5.3266209e+001
  1.4133333e+000 -8.0488197e+001             NaN -6.6080551e+001 -9.0781830e+001 -6.3660313e+001 -4.9346111e+001 -5.3167042e+001
  1.4200000e+000 -7.8351875e+001             NaN -6.6140999e+001 -8.9947662e+001 -6.3585709e+001 -4.9518166e+001 -5.3253120e+001
  1.4266667e+000 -7.6887329e+001 -7.6779205e+001 -6.6260239e+001 -8.9122849e+001 -6.3508759e+001 -4.9575069e+001 -5.3364025e+001
  1.4333333e+000 -7.8992729e+001 -7.6883614e+001 -6.6311028e+001 -8.8360397e+001 -6.3478767e+001 -4.9702850e+001 -5.3283394e+001
  1.4400000e+000 -7.6700218e+001             NaN -6.7563622e+001 -8.7546890e+001 -6.3425999e+001 -4.9873505e+001 -5.3214668e+001
  1.4466667e+000 -7.6763985e+001             NaN -6.7258728e+001 -8.6807144e+001 -6.3318531e+001 -5.0028294e+001 -5.3231094e+001
  1.4533333e+000 -7.8979828e+001             NaN -6.6648964e+001 -8.6165489e+001 -6.3209858e+001 -5.0181313e+001 -5.3278839e+001
  1.4600000e+000 -7.7067429e+001             NaN -6.5968163e+001 -8.5492111e+001 -6.3187401e+001 -5.0300869e+001 -5.3284286e+001
  1.4666667e+000 -7.7037308e+001             NaN -6.5424835e+001 -8.4851326e+001 -6.4423851e+001 -5.0477024e+001 -5.3260429e+001
  1.4733333e+000 -7.6811981e+001             NaN -6.5112816e+001 -8.4313385e+001 -6.4421295e+001 -5.0589912e+001 -5.3291897e+001
  1.4800000e+000 -7.6755630e+001             NaN -6.4969604e+001 -8.3777229e+001 -6.4287323e+001 -5.0762695e+001 -5.3476421e+001
  1.4866667e+000 -7.6510155e+001             NaN -6.4920097e+001 -8.3153732e+001 -6.4191788e+001 -5.1058975e+001 -5.3581463e+001
  1.4933333e+000 -7.6534111e+001             NaN -6.4805374e+001 -8.2586166e+001 -6.4077599e+001 -5.1202473e+001 -5.3515972e+001
  1.5000000e+000 -7.6672409e+001             NaN -6.4676781e+001 -8.2082199e+001 -6.2639576e+001 -5.1245186e+001 -5.3362534e+001
  1.5066667e+000 -7.8867142e+001             NaN -6.4462524e+001 -8.1568367e+001 -6.2631962e+001 -5.1445988e+001 -5.3337811e+001
  1.5133333e+000 -7.8289742e+001             NaN -6.3955906e+001 -8.1034439e+001 -6.2508266e+001 -5.1783924e+001 -5.3513470e+001
  1.5200000e+000 -7.8449677e+001             NaN -6.3244785e+001 -8.0498665e+001 -6.2472454e+001 -5.2261112e+001 -5.3555710e+001
  1.5266667e+000 -7.8546196e+001             NaN -6.2571014e+001 -8.0082954e+001 -6.2461239e+001 -5.1713379e+001 -5.3454098e+001
  1.5333333e+000 -7.8394646e+001             NaN -6.2051888e+001 -7.9718071e+001 -6.2435059e+001 -5.1999447e+001 -5.3570450e+001
  1.5400000e+000 -7.8712936e+001             NaN -6.1643177e+001 -7.9207481e+001 -6.2542267e+001 -5.2317501e+001 -5.3645103e+001
  1.5466667e+000 -7.8744987e+001             NaN -6.1415749e+001 -7.8645599e+001 -6.2618294e+001 -5.2610615e+001 -5.3633499e+001
  1.5533333e+000 -7.8599426e+001             NaN -6.1254948e+001 -7.8370712e+001 -6.2694416e+001 -5.3091698e+001 -5.3701923e+001
  1.5600000e+000 -7.8596252e+001             NaN -6.1080471e+001 -7.8140114e+001 -6.2688229e+001 -5.3499126e+001 -5.3830803e+001
  1.5666667e+000 -7.8541176e+001             NaN -6.0921429e+001 -7.7790688e+001 -6.2670128e+001 -5.3872364e+001 -5.3838093e+001
  1.5733333e+000 -7.8558197e+001             NaN -6.0642082e+001 -7.7552704e+001 -6.2627022e+001 -5.4049595e+001 -5.3874527e+001
  1.5800000e+000 -7.8533974e+001             NaN -6.0223644e+001 -7.7228775e+001 -6.2460777e+001 -5.4368443e+001 -5.3965260e+001
  1.5866667e+000 -7.8471764e+001             NaN -5.9567924e+001 -7.6932045e+001 -6.2440681e+001 -5.4839397e+001 -5.3991360e+001
  1.5933333e+000 -7.8522934e+001             NaN -5.9080025e+001 -7.5902664e+001 -6.2474041e+001 -5.5343937e+001 -5.3945690e+001
  1.6000000e+000 -7.8584717e+001             NaN -5.7184364e+001 -7.5666161e+001 -6.2317028e+001 -5.7208805e+001 -5.3975567e+001
  1.6066667e+000 -7.8650208e+001             NaN -5.7926884e+001 -7.6062729e+001 -6.2238255e+001 -5.7596405e+001 -5.4080635e+001
  1.6133333e+000 -7.8439789e+001             NaN -5.7227337e+001 -7.5722549e+001 -6.2263546e+001 -5.7973309e+001 -5.4066528e+001
  1.6200000e+000 -7.8327698e+001             NaN -5.6577713e+001 -7.5399895e+001 -6.2248104e+001 -5.8388481e+001 -5.4053955e+001
  1.6266667e+000 -7.8382149e+001             NaN -5.5961723e+001 -7.5112061e+001 -6.2245132e+001 -5.8606323e+001 -5.4038212e+001
  1.6333333e+000 -7.8313202e+001             NaN -5.5469913e+001 -7.4817635e+001 -6.2188011e+001 -5.8877132e+001 -5.4107647e+001
  1.6400000e+000 -7.8207176e+001 -7.5981079e+001 -5.5099483e+001 -7.4520340e+001 -6.2133823e+001 -5.9204475e+001 -5.4276051e+001
  1.6466667e+000 -7.8238800e+001 -7.7811646e+001 -5.4798313e+001 -7.4224113e+001 -6.2178886e+001 -5.9414429e+001 -5.4315414e+001
  1.6533333e+000 -7.8338097e+001 -7.7716820e+001 -5.4500256e+001 -7.3976089e+001 -6.2124115e+001 -5.9727192e+001 -5.4295338e+001
  1.6600000e+000 -7.8408096e+001             NaN -5.4172626e+001 -7.3743088e+001 -6.1959297e+001 -6.0041859e+001 -5.4402065e+001
  1.6666667e+000 -7.8422760e+001             NaN -5.3806499e+001 -7.3486290e+001 -6.1868763e+001 -6.0319096e+001 -5.4466171e+001
  1.6733333e+000 -7.8437996e+001             NaN -5.3372391e+001 -7.3277107e+001 -6.1791527e+001 -6.0603497e+001 -5.4455231e+001
  1.6800000e+000 -7.8528343e+001             NaN -5.2958622e+001 -7.3062737e+001 -6.1713116e+001 -6.0774136e+001 -5.4556591e+001
  1.6866667e+000 -7.8615448e+001 -7.5569244e+001 -5.2676628e+001 -7.2822693e+001 -6.1495747e+001 -6.1068642e+001 -5.4523239e+001
  1.6933333e+000 -7.8540833e+001 -7.5491600e+001 -5.2423050e+001 -7.2569534e+001 -6.1339272e+001 -6.1368343e+001 -5.4563240e+001
  1.7000000e+000 -7.8462639e+001 -7.5301544e+001 -5.2160667e+001 -7.2317429e+001 -6.1312984e+001 -6.1569950e+001 -5.4626354e+001
  1.7066667e+000 -7.8504051e+001 -7.7144470e+001 -5.1871979e+001 -7.2059669e+001 -6.1104664e+001 -6.1901657e+001 -5.4670689e+001
  1.7133333e+000 -7.8601936e+001 -7.7317146e+001 -5.1457306e+001 -7.1776108e+001 -6.0933060e+001 -6.2284737e+001 -5.4753933e+001
  1.7200000e+000 -7.8473846e+001             NaN -5.1082027e+001 -7.1524666e+001 -6.0836468e+001 -6.2590679e+001 -5.4684704e+001
  1.7266667e+000 -7.8367668e+001             NaN -5.0850018e+001 -7.1301460e+001 -6.0865387e+001 -6.2861546e+001 -5.4750191e+001
  1.7333333e+000 -7.8430977e+001 -7.4888351e+001 -5.0719490e+001 -7.1108170e+001 -6.0923138e+001 -6.3183186e+001 -5.5008766e+001
  1.7400000e+000 -7.8579193e+001 -7.4762260e+001 -5.0613186e+001 -7.0900574e+001 -6.0828423e+001 -6.3522263e+001 -5.5051018e+001
  1.7466667e+000 -7.8584473e+001 -7.4670029e+001 -5.0509186e+001 -7.0683975e+001 -6.0844418e+001 -6.3893307e+001 -5.4976875e+001
  1.7533333e+000 -7.8405235e+001 -7.4778053e+001 -5.0427982e+001 -7.0505447e+001 -6.0895557e+001 -6.4245872e+001 -5.5022884e+001
  1.7600000e+000 -7.8235847e+001 -7.6503716e+001 -5.0320511e+001 -7.0335403e+001 -6.0950150e+001 -6.4652916e+001 -5.5104973e+001
  1.7666667e+000 -7.8196152e+001 -7.6699730e+001 -5.0246754e+001 -7.0159111e+001 -6.1022289e+001 -6.5019058e+001 -5.5195976e+001
  1.7733333e+000 -7.8270721e+001 -7.6478378e+001 -5.0219574e+001 -7.0026443e+001 -6.1069397e+001 -6.5223915e+001 -5.5142334e+001
  1.7800000e+000 -7.8177605e+001 -7.4551163e+001 -5.0180569e+001 -6.9946388e+001 -6.1149265e+001 -6.5415970e+001 -5.5139725e+001
  1.7866667e+000 -7.8065804e+001 -7.4325768e+001 -5.0192524e+001 -6.9863007e+001 -6.1152828e+001 -6.5767136e+001 -5.5287800e+001
  1.7933333e+000 -7.8098846e+001 -7.4194496e+001 -5.0295334e+001 -6.9759964e+001 -6.1158424e+001 -6.6182053e+001 -5.5205162e+001
  1.8000000e+000 -7.8213982e+001 -7.5804459e+001 -5.0391956e+001 -6.9674370e+001 -6.1162670e+001 -6.6646118e+001 -5.5238297e+001
  1.8066667e+000 -7.8161369e+001 -7.5706512e+001 -5.0487919e+001 -6.9628860e+001 -6.1166245e+001 -6.7055733e+001 -5.5404957e+001
  1.8133333e+000 -7.8039345e+001 -7.5570152e+001 -5.0728466e+001 -6.9579292e+001 -6.1295403e+001 -6.7630447e+001 -5.5425270e+001
  1.8200000e+000 -7.8039894e+001 -7.3685059e+001 -5.1110325e+001 -6.9534325e+001 -6.1364441e+001 -6.8201828e+001 -5.5546291e+001
  1.8266667e+000 -7.8045822e+001 -7.3686714e+001 -5.1410316e+001 -6.9499084e+001 -6.1262051e+001 -6.8546722e+001 -5.5631916e+001
  1.8333333e+000 -7.8051826e+001 -7.4055412e+001 -5.1642879e+001 -6.9428337e+001 -6.1263466e+001 -6.8891151e+001 -5.5627556e+001
  1.8400000e+000 -7.7998001e+001 -7.5656868e+001 -5.1806973e+001 -6.9339386e+001 -6.1320995e+001 -6.9270760e+001 -5.5589615e+001
  1.8466667e+000 -7.7749550e+001 -7.5281227e+001 -5.1847507e+001 -6.9249130e+001 -6.1266373e+001 -6.9522636e+001 -5.5578007e+001
  1.8533333e+000 -7.7778404e+001 -7.5306030e+001 -5.1890888e+001 -6.9177567e+001 -6.1264763e+001 -6.9864677e+001 -5.5619015e+001
  1.8600000e+000 -7.7926315e+001 -7.5260811e+001 -5.1926254e+001 -6.9108513e+001 -6.1291256e+001 -7.0230286e+001 -5.5674435e+001
  1.8666667e+000 -7.7898849e+001 -7.3497696e+001 -5.1905792e+001 -6.9030304e+001 -6.1314034e+001 -7.0504448e+001 -5.5752708e+001
  1.8733333e+000 -7.7777596e+001 -7.3675751e+001 -5.1903393e+001 -6.8955307e+001 -6.1409302e+001 -7.0822754e+001 -5.5748653e+001
  1.8800000e+000 -7.7929970e+001 -7.3553413e+001 -5.1912781e+001 -6.8856781e+001 -6.1391674e+001 -7.1279480e+001 -5.5796803e+001
  1.8866667e+000 -7.7937912e+001 -7.5171432e+001 -5.1997177e+001 -6.8780792e+001 -6.1381092e+001 -7.1765289e+001 -5.5894218e+001
  1.8933333e+000 -7.7715256e+001 -7.5064156e+001 -5.2186768e+001 -6.8763008e+001 -6.1424389e+001 -7.2167351e+001 -5.5926674e+001
  1.9000000e+000 -7.7562943e+001 -7.4898827e+001 -5.2261662e+001 -6.8733513e+001 -6.1469013e+001 -7.2544235e+001 -5.5945389e+001
  1.9066667e+000 -7.7659294e+001 -7.4733635e+001 -5.2461666e+001 -6.8674057e+001 -6.1454445e+001 -7.2912964e+001 -5.5951679e+001
  1.9133333e+000 -7.7790886e+001 -7.4556458e+001 -5.2719254e+001 -6.8583092e+001 -6.1415730e+001 -7.3191833e+001 -5.5984837e+001
  1.9200000e+000 -7.7771179e+001 -7.2420746e+001 -5.2768242e+001 -6.8514198e+001 -6.1537239e+001 -7.3484070e+001 -5.5934708e+001
  1.9266667e+000 -7.7679344e+001 -7.2357162e+001 -5.2591103e+001 -6.8470604e+001 -6.1533604e+001 -7.3936096e+001 -5.5956264e+001
  1.9333333e+000 -7.7695374e+001 -7.4223724e+001 -5.2462452e+001 -6.8423126e+001 -6.1493656e+001 -7.4301094e+001 -5.6105057e+001
  1.9400000e+000 -7.7800682e+001 -7.4147255e+001 -5.2378735e+001 -6.8354225e+001 -6.1540081e+001 -7.4562386e+001 -5.6270973e+001
  1.9466667e+000 -7.7748253e+001 -7.3961647e+001 -5.2288952e+001 -6.8268990e+001 -6.1530922e+001 -7.4993782e+001 -5.6187763e+001
  1.9533333e+000 -7.7614372e+001 -7.3893112e+001 -5.2211529e+001 -6.8182755e+001 -6.1592159e+001 -7.5271767e+001 -5.6057335e+001
  1.9600000e+000 -7.7611366e+001 -7.3908554e+001 -5.2155708e+001 -6.8122719e+001 -6.1640743e+001 -7.5482063e+001 -5.6128887e+001
  1.9666667e+000 -7.7499825e+001 -7.3681023e+001 -5.2150829e+001 -6.8111382e+001 -6.1681984e+001 -7.5797897e+001 -5.6150185e+001
  1.9733333e+000 -7.7439537e+001 -7.3541733e+001 -5.2279575e+001 -6.8079239e+001 -6.1717411e+001 -7.6044250e+001 -5.6118046e+001
  1.9800000e+000 -7.7463287e+001 -7.3567276e+001 -5.2341022e+001 -6.8003006e+001 -6.1750431e+001 -7.6385796e+001 -5.6313717e+001
  1.9866667e+000 -7.7458946e+001 -7.3471092e+001 -5.2152061e+001 -6.7948402e+001 -6.1827835e+001 -7.6729424e+001 -5.6518196e+001
  1.9933333e+000 -7.7472023e+001 -7.3305420e+001 -5.1963890e+001 -6.7937477e+001 -6.1841190e+001 -7.6847740e+001 -5.6495197e+001
  2.0000000e+000 -7.7298141e+001 -7.3176407e+001 -5.1944107e+001 -6.7919525e+001 -6.1905434e+001 -7.6959328e+001 -5.6577351e+001
