 -5.0000000e-001  1.9917631e+002  1.9661890e+002  1.9394646e+002  1.9479645e+002  1.9638440e+002  1.9482311e+002  1.9701674e+002
 -4.9333333e-001  1.9916835e+002  1.9659232e+002  1.9393738e+002  1.9479953e+002  1.9638153e+002  1.9482851e+002  1.9701056e+002
 -4.8666667e-001  1.9916031e+002  1.9661455e+002  1.9390941e+002  1.9479465e+002  1.9636166e+002  1.9482820e+002  1.9702042e+002
 -4.8000000e-001  1.9915665e+002  1.9664021e+002  1.9391504e+002  1.9481512e+002  1.9634485e+002  1.9483855e+002  1.9701616e+002
 -4.7333333e-001  1.9914516e+002  1.9662486e+002  1.9391249e+002  1.9482517e+002  1.9635197e+002  1.9484793e+002  1.9701068e+002
 -4.6666667e-001  1.9914510e+002  1.9662300e+002  1.9390839e+002  1.9483258e+002  1.9633684e+002  1.9484062e+002  1.9702679e+002
 -4.6000000e-001  1.9915363e+002  1.9663796e+002  1.9390669e+002  1.9484645e+002  1.9632094e+002  1.9485606e+002  1.9701070e+002
 -4.5333333e-001  1.9917253e+002  1.9663260e+002  1.9390248e+002  1.9485562e+002  1.9634300e+002  1.9486684e+002  1.9699976e+002
 -4.4666667e-001  1.9916901e+002  1.9662982e+002  1.9388359e+002  1.9487231e+002  1.9633362e+002  1.9486192e+002  1.9701988e+002
 -4.4000000e-001  1.9916307e+002  1.9661771e+002  1.9386652e+002  1.9485884e+002  1.9631102e+002  1.9486107e+002  1.9702339e+002
 -4.3333333e-001  1.9916772e+002  1.9661713e+002  1.9386513e+002  1.9483228e+002  1.9631694e+002  1.9486298e+002  1.9701289e+002
 -4.2666667e-001  1.9916408e+002  1.9661578e+002  1.9387882e+002  1.9483237e+002  1.9632297e+002  1.9486073e+002  1.9703519e+002
 -4.2000000e-001  1.9916156e+002  1.9660591e+002  1.9388017e+002  1.9483095e+002  1.9633678e+002  1.9487582e+002  1.9704764e+002
 -4.1333333e-001  1.9914191e+002  1.9661243e+002  1.9385872e+002  1.9484888e+002  1.9632783e+002  1.9490213e+002  1.9707477e+002
 -4.0666667e-001  1.9915651e+002  1.9662062e+002  1.9385397e+002  1.9486739e+002  1.9632233e+002  1.9490485e+002  1.9709792e+002
 -4.0000000e-001  1.9916408e+002  1.9662053e+002  1.9385103e+002  1.9485017e+002  1.9633156e+002  1.9492201e+002  1.9710603e+002
 -3.9333333e-001  1.9916023e+002  1.9659894e+002  1.9383946e+002  1.9484531e+002  1.9633392e+002  1.9494386e+002  1.9712155e+002
 -3.8666667e-001  1.9915948e+002  1.9659792e+002  1.9385469e+002  1.9484247e+002  1.9631688e+002  1.9495267e+002  1.9713286e+002
 -3.8000000e-001  1.9913394e+002  1.9661038e+002  1.9384694e+002  1.9485945e+002  1.9631468e+002  1.9497330e+002  1.9715871e+002
 -3.7333333e-001  1.9912341e+002  1.9660210e+002  1.9384250e+002  1.9487167e+002  1.9632280e+002  1.9499344e+002  1.9718272e+002
 -3.6666667e-001  1.9913551e+002  1.9658714e+002  1.9383676e+002  1.9487779e+002  1.9630901e+002  1.9500380e+002  1.9718282e+002
 -3.6000000e-001  1.9914586e+002  1.9658794e+002  1.9383316e+002  1.9488911e+002  1.9633127e+002  1.9502151e+002  1.9719858e+002
 -3.5333333e-001  1.9913409e+002  1.9658521e+002  1.9381877e+002  1.9488858e+002  1.9634692e+002  1.9502251e+002  1.9718326e+002
 -3.4666667e-001  1.9914519e+002  1.9658521e+002  1.9382031e+002  1.9488672e+002  1.9633050e+002  1.9501459e+002  1.9716744e+002
 -3.4000000e-001  1.9914888e+002  1.9660457e+002  1.9382196e+002  1.9488278e+002  1.9631702e+002  1.9504305e+002  1.9714009e+002
 -3.3333333e-001  1.9914385e+002  1.9659808e+002  1.9379886e+002  1.9487752e+002  1.9634106e+002  1.9505573e+002  1.9714279e+002
 -3.2666667e-001  1.9913237e+002  1.9659798e+002  1.9379477e+002  1.9487836e+002  1.9635411e+002  1.9503763e+002  1.9715877e+002
 -3.2000000e-001  1.9913860e+002  1.9660338e+002  1.9379512e+002  1.9485208e+002  1.9635071e+002  1.9505156e+002  1.9713052e+002
 -3.1333333e-001  1.9915317e+002  1.9659698e+002  1.9380252e+002  1.9484860e+002  1.9635384e+002  1.9506779e+002  1.9710344e+002
 -3.0666667e-001  1.9915523e+002  1.9659027e+002  1.9381508e+002  1.9483963e+002  1.9636105e+002  1.9509030e+002  1.9712172e+002
 -3.0000000e-001  1.9915051e+002  1.9660046e+002  1.9379709e+002  1.9482358e+002  1.9635210e+002  1.9509383e+002  1.9710782e+002
 -2.9333333e-001  1.9916663e+002  1.9659703e+002  1.9379538e+002  1.9484706e+002  1.9633313e+002  1.9508354e+002  1.9709462e+002
 -2.8666667e-001  1.9916821e+002  1.9659929e+002  1.9380208e+002  1.9485507e+002  1.9634476e+002  1.9506950e+002  1.9710400e+002
 -2.8000000e-001  1.9915555e+002  1.9660951e+002  1.9379643e+002  1.9485313e+002  1.9636369e+002  1.9507886e+002  1.9711375e+002
 -2.7333333e-001  1.9913670e+002  1.9660809e+002  1.9380229e+002  1.9487860e+002  1.9633958e+002  1.9508684e+002  1.9712354e+002
 -2.6666667e-001  1.9915259e+002  1.9661897e+002  1.9380602e+002  1.9486139e+002  1.9633067e+002  1.9507253e+002  1.9713132e+002
 -2.6000000e-001  1.9916290e+002  1.9661629e+002  1.9380290e+002  1.9482686e+002  1.9634206e+002  1.9506178e+002  1.9712180e+002
 -2.5333333e-001  1.9915450e+002  1.9661131e+002  1.9381107e+002  1.9483028e+002  1.9634827e+002  1.9505016e+002  1.9710336e+002
 -2.4666667e-001  1.9915025e+002  1.9661032e+002  1.9381789e+002  1.9484276e+002  1.9633966e+002  1.9507112e+002  1.9712219e+002
 -2.4000000e-001  1.9915697e+002  1.9659190e+002  1.9382527e+002  1.9482706e+002  1.9632977e+002  1.9507718e+002  1.9713156e+002
 -2.3333333e-001  1.9916446e+002  1.9659200e+002  1.9382916e+002  1.9482756e+002  1.9633946e+002  1.9508182e+002  1.9712712e+002
 -2.2666667e-001  1.9917825e+002  1.9659761e+002  1.9383322e+002  1.9483539e+002  1.9633360e+002  1.9510011e+002  1.9713048e+002
 -2.2000000e-001  1.9917018e+002  1.9660762e+002  1.9382399e+002  1.9482323e+002  1.9631235e+002  1.9510638e+002  1.9714935e+002
 -2.1333333e-001  1.9916681e+002  1.9659415e+002  1.9380792e+002  1.9481323e+002  1.9632346e+002  1.9511760e+002  1.9714105e+002
 -2.0666667e-001  1.9916454e+002  1.9659038e+002  1.9381361e+002  1.9482286e+002  1.9631862e+002  1.9510301e+002  1.9714204e+002
 -2.0000000e-001  1.9918076e+002  1.9661322e+002  1.9382442e+002  1.9482521e+002  1.9629367e+002  1.9509132e+002  1.9714055e+002
 -1.9333333e-001  1.9918012e+002  1.9661723e+002  1.9382944e+002  1.9482027e+002  1.9629790e+002  1.9509589e+002  1.9715375e+002
 -1.8666667e-001  1.9920403e+002  1.9661537e+002  1.9382597e+002  1.9481897e+002  1.9630380e+002  1.9510088e+002  1.9715889e+002
 -1.8000000e-001  1.9920552e+002  1.9662727e+002  1.9383887e+002  1.9481645e+002  1.9629805e+002  1.9510208e+002  1.9715468e+002
 -1.7333333e-001  1.9919446e+002  1.9662991e+002  1.9384061e+002  1.9480811e+002  1.9628536e+002  1.9510669e+002  1.9714616e+002
 -1.6666667e-001  1.9919028e+002  1.9661993e+002  1.9383070e+002  1.9482176e+002  1.9628893e+002  1.9509827e+002  1.9716244e+002
 -1.6000000e-001  1.9918396e+002  1.9662357e+002  1.9381435e+002  1.9483130e+002  1.9627463e+002  1.9510097e+002  1.9715567e+002
 -1.5333333e-001  1.9920046e+002  1.9664327e+002  1.9384523e+002  1.9479392e+002  1.9624748e+002  1.9510477e+002  1.9712853e+002
 -1.4666667e-001  1.9919781e+002  1.9665770e+002  1.9387143e+002  1.9477145e+002  1.9625674e+002  1.9510904e+002  1.9712975e+002
 -1.4000000e-001  1.9919681e+002  1.9663945e+002  1.9384978e+002  1.9477553e+002  1.9626112e+002  1.9509840e+002  1.9713071e+002
 -1.3333333e-001  1.9918808e+002  1.9663300e+002  1.9386014e+002  1.9476566e+002  1.9626227e+002  1.9508290e+002  1.9714125e+002
 -1.2666667e-001  1.9920274e+002  1.9663997e+002  1.9386972e+002  1.9475392e+002  1.9624753e+002  1.9509097e+002  1.9714227e+002
 -1.2000000e-001  1.9921820e+002  1.9666133e+002  1.9385107e+002  1.9476723e+002  1.9625417e+002  1.9509747e+002  1.9712346e+002
 -1.1333333e-001  1.9922057e+002  1.9666205e+002  1.9385576e+002  1.9477803e+002  1.9626851e+002  1.9507385e+002  1.9710346e+002
 -1.0666667e-001  1.9920735e+002  1.9666576e+002  1.9388043e+002  1.9478227e+002  1.9623782e+002  1.9505142e+002  1.9708460e+002
 -1.0000000e-001  1.9920358e+002  1.9668225e+002  1.9388892e+002  1.9476344e+002  1.9625093e+002  1.9506235e+002  1.9707312e+002
 -9.3333333e-002  1.9920107e+002  1.9668811e+002  1.9389114e+002  1.9477818e+002  1.9625475e+002  1.9505426e+002  1.9707369e+002
 -8.6666667e-002  1.9919435e+002  1.9669702e+002  1.9390927e+002  1.9478273e+002  1.9625060e+002  1.9504170e+002  1.9706592e+002
 -8.0000000e-002  1.9919272e+002  1.9670482e+002  1.9390179e+002  1.9475363e+002  1.9624043e+002  1.9503365e+002  1.9705310e+002
 -7.3333333e-002  1.9919409e+002  1.9669437e+002  1.9390762e+002  1.9473802e+002  1.9623219e+002  1.9504979e+002  1.9705098e+002
 -6.6666667e-002  1.9920088e+002  1.9669696e+002  1.9392708e+002  1.9475142e+002  1.9624014e+002  1.9504504e+002  1.9703345e+002
 -6.0000000e-002  1.9921021e+002  1.9669763e+002  1.9391673e+002  1.9475479e+002  1.9624925e+002  1.9504208e+002  1.9700780e+002
 -5.3333333e-002  1.9920232e+002  1.9669911e+002  1.9391444e+002  1.9472710e+002  1.9623198e+002  1.9504878e+002  1.9699391e+002
 -4.6666667e-002  1.9920865e+002  1.9669029e+002  1.9393576e+002  1.9474674e+002  1.9623137e+002  1.9504862e+002  1.9698125e+002
 -4.0000000e-002  1.9919733e+002  1.9668732e+002  1.9395889e+002  1.9475220e+002  1.9624603e+002  1.9503891e+002  1.9697588e+002
 -3.3333333e-002  1.9919081e+002  1.9670659e+002  1.9394963e+002  1.9474713e+002  1.9624934e+002  1.9502019e+002  1.9697406e+002
 -2.6666667e-002  1.9917920e+002  1.9672299e+002  1.9396454e+002  1.9474774e+002  1.9624498e+002  1.9502190e+002  1.9697472e+002
 -2.0000000e-002  1.9919875e+002  1.9673183e+002  1.9396539e+002  1.9475929e+002  1.9625566e+002  1.9502074e+002  1.9698766e+002
 -1.3333333e-002  1.9921187e+002  1.9672989e+002  1.9395955e+002  1.9473086e+002  1.9626373e+002  1.9501640e+002  1.9698953e+002
 -6.6666667e-003  1.9920625e+002  1.9670758e+002  1.9399355e+002  1.9472070e+002  1.9627162e+002  1.9501439e+002  1.9696143e+002
  0.0000000e+000  1.9920401e+002  1.9670470e+002  1.9398471e+002  1.9474074e+002  1.9628482e+002  1.9501045e+002  1.9693962e+002
  6.6666667e-003  1.9919905e+002  1.9671292e+002  1.9396753e+002  1.9472563e+002  1.9628394e+002  1.9500586e+002  1.9693631e+002
  1.3333333e-002  1.9919955e+002  1.9670657e+002  1.9397159e+002  1.9470894e+002  1.9629089e+002  1.9500888e+002  1.9693675e+002
  2.0000000e-002  1.9922080e+002  1.9671001e+002  1.9397700e+002  1.9471384e+002  1.9631184e+002  1.9501267e+002  1.9691667e+002
  2.6666667e-002  1.9921138e+002  1.9672446e+002  1.9396977e+002  1.9470279e+002  1.9632150e+002  1.9499400e+002  1.9689966e+002
  3.3333333e-002  1.9920631e+002  1.9671709e+002  1.9396716e+002  1.9470735e+002  1.9630188e+002  1.9500888e+002  1.9690405e+002
  4.0000000e-002  1.9920187e+002  1.9670680e+002  1.9398164e+002  1.9470410e+002  1.9628969e+002  1.9503400e+002  1.9689972e+002
  4.6666667e-002  1.9918993e+002  1.9668867e+002  1.9396313e+002  1.9469772e+002  1.9629509e+002  1.9504807e+002  1.9690240e+002
  5.3333333e-002  1.9918633e+002  1.9668269e+002  1.9393782e+002  1.9468729e+002  1.9630142e+002  1.9509808e+002  1.9687679e+002
  6.0000000e-002  1.9918575e+002  1.9666551e+002  1.9395387e+002  1.9468121e+002  1.9629236e+002  1.9521590e+002  1.9685225e+002
  6.6666667e-002  1.9917776e+002  1.9664168e+002  1.9395073e+002  1.9467709e+002  1.9628630e+002  1.9538376e+002  1.9686134e+002
  7.3333333e-002  1.9917304e+002  1.9662875e+002  1.9395201e+002  1.9469724e+002  1.9629735e+002  1.9563231e+002  1.9685333e+002
  8.0000000e-002  1.9917543e+002  1.9662210e+002  1.9394695e+002  1.9471965e+002  1.9626173e+002  1.9601515e+002  1.9681639e+002
  8.6666667e-002  1.9917876e+002  1.9661169e+002  1.9395230e+002  1.9473077e+002  1.9624440e+002  1.9653261e+002  1.9677762e+002
  9.3333333e-002  1.9916966e+002  1.9659720e+002  1.9395993e+002  1.9473311e+002  1.9624609e+002  1.9710925e+002  1.9671927e+002
  1.0000000e-001  1.9915277e+002  1.9657222e+002  1.9392705e+002  1.9472878e+002  1.9624223e+002  1.9774452e+002  1.9666077e+002
  1.0666667e-001  1.9914215e+002  1.9653825e+002  1.9391185e+002  1.9471861e+002  1.9623467e+002  1.9837413e+002  1.9667288e+002
  1.1333333e-001  1.9911661e+002  1.9646574e+002  1.9392134e+002  1.9462169e+002  1.9622502e+002  1.9891095e+002  1.9684135e+002
  1.2000000e-001  1.9903659e+002  1.9628870e+002  1.9391334e+002  1.9441802e+002  1.9616658e+002  1.9937387e+002  1.9715805e+002
  1.2666667e-001  1.9884676e+002  1.9599391e+002  1.9385872e+002  1.9414986e+002  1.9608784e+002  1.9974063e+002  1.9745165e+002
  1.3333333e-001  1.9852624e+002  1.9565398e+002  1.9371843e+002  1.9388872e+002  1.9592781e+002  2.0001211e+002  1.9765701e+002
  1.4000000e-001  1.9809381e+002  1.9540826e+002  1.9344571e+002  1.9379038e+002  1.9571083e+002  2.0026416e+002  1.9766934e+002
  1.4666667e-001  1.9767889e+002  1.9532539e+002  1.9307077e+002  1.9384882e+002  1.9553229e+002  2.0038672e+002  1.9744743e+002
  1.5333333e-001  1.9732875e+002  1.9526167e+002  1.9270489e+002  1.9397604e+002  1.9543501e+002  2.0038660e+002  1.9709142e+002
  1.6000000e-001  1.9703604e+002  1.9501041e+002  1.9245210e+002  1.9392479e+002  1.9538335e+002  2.0031140e+002  1.9670872e+002
  1.6666667e-001  1.9659468e+002  1.9461281e+002  1.9236771e+002  1.9375148e+002  1.9530016e+002  2.0007628e+002  1.9638852e+002
  1.7333333e-001  1.9592746e+002  1.9429910e+002  1.9239908e+002  1.9364011e+002  1.9511356e+002  1.9969275e+002  1.9617453e+002
  1.8000000e-001  1.9530899e+002  1.9405733e+002  1.9236175e+002  1.9353967e+002  1.9484146e+002  1.9903758e+002  1.9592239e+002
  1.8666667e-001  1.9488770e+002  1.9357134e+002  1.9219705e+002  1.9328214e+002  1.9455779e+002  1.9803864e+002  1.9540329e+002
  1.9333333e-001  1.9444223e+002  1.9284271e+002  1.9198932e+002  1.9275394e+002  1.9418636e+002  1.9669965e+002  1.9437697e+002
  2.0000000e-001  1.9375397e+002  1.9203258e+002  1.9167374e+002  1.9206947e+002  1.9354450e+002  1.9510217e+002  1.9261371e+002
  2.0666667e-001  1.9274860e+002  1.9111031e+002  1.9121146e+002  1.9127763e+002  1.9260045e+002  1.9318005e+002  1.8983115e+002
  2.1333333e-001  1.9146088e+002  1.9000031e+002  1.9063843e+002  1.9029874e+002  1.9148000e+002  1.9076935e+002  1.8581691e+002
  2.2000000e-001  1.8997052e+002  1.8961099e+002  1.8987869e+002  1.8903139e+002  1.9016696e+002  1.8765530e+002  1.8070688e+002
  2.2666667e-001  1.8826849e+002  1.8781557e+002  1.8884322e+002  1.8729996e+002  1.8872298e+002  1.8379778e+002  1.7478799e+002
  2.3333333e-001  1.8639334e+002  1.8470406e+002  1.8757765e+002  1.8496756e+002  1.8700330e+002  1.7971356e+002  1.6872987e+002
  2.4000000e-001  1.8421722e+002  1.8196368e+002  1.8615938e+002  1.8173297e+002  1.8451889e+002  1.7577612e+002  1.6380003e+002
  2.4666667e-001  1.8144957e+002  1.7840907e+002  1.8436240e+002  1.7759804e+002  1.8074925e+002  1.7212470e+002  1.6151836e+002
  2.5333333e-001  1.7783719e+002  1.7413364e+002  1.8178949e+002  1.7294490e+002  1.7563162e+002  1.6916086e+002  1.6132291e+002
  2.6000000e-001  1.7327423e+002  1.6994817e+002  1.7811151e+002  1.6817415e+002  1.7008899e+002  1.6686470e+002  1.5978905e+002
  2.6666667e-001  1.6809700e+002  1.6651923e+002  1.7357919e+002  1.6400594e+002  1.6514243e+002  1.6471071e+002  1.5708179e+002
  2.7333333e-001  1.6308011e+002  1.6349318e+002  1.6892891e+002  1.6128935e+002  1.6096849e+002  1.6213425e+002  1.5589555e+002
  2.8000000e-001  1.5873581e+002  1.6080476e+002  1.6478099e+002  1.5969031e+002  1.5749220e+002  1.5929007e+002  1.5360053e+002
  2.8666667e-001  1.5522350e+002  1.5917253e+002  1.6156268e+002  1.5787782e+002  1.5472099e+002  1.5656624e+002  1.5324968e+002
  2.9333333e-001  1.5277126e+002  1.5835309e+002  1.6033844e+002  1.5547553e+002  1.5267540e+002  1.5335478e+002  1.5331943e+002
  3.0000000e-001  1.5216028e+002  1.5590276e+002  1.5908125e+002  1.5356177e+002  1.5063594e+002  1.5271580e+002  1.5367799e+002
  3.0666667e-001  1.5099205e+002  1.5248850e+002  1.5628342e+002  1.5144072e+002  1.4720962e+002  1.5212657e+002  1.5423016e+002
  3.1333333e-001  1.4923938e+002  1.5029428e+002  1.5443149e+002  1.4984482e+002  1.4566214e+002  1.5203470e+002  1.5495712e+002
  3.2000000e-001  1.4599506e+002  1.4824548e+002  1.5082579e+002  1.4700555e+002  1.4457567e+002  1.5206735e+002  1.5555496e+002
  3.2666667e-001  1.4468422e+002  1.4728554e+002  1.4827588e+002  1.4578461e+002  1.4425571e+002  1.5223218e+002  1.5595544e+002
  3.3333333e-001  1.4389854e+002  1.4644992e+002  1.4795738e+002  1.4698857e+002  1.4507970e+002  1.5282281e+002  1.5646895e+002
  3.4000000e-001  1.4328146e+002  1.4597318e+002  1.4734647e+002  1.4709387e+002  1.4665321e+002  1.5360919e+002  1.5753906e+002
  3.4666667e-001  1.4313045e+002  1.4575320e+002  1.4703555e+002  1.4738739e+002  1.4831111e+002  1.5477121e+002  1.5896002e+002
  3.5333333e-001  1.4312935e+002  1.4564589e+002  1.4710750e+002  1.4768849e+002  1.4991501e+002  1.5610710e+002  1.6041145e+002
  3.6000000e-001  1.4306270e+002  1.4572160e+002  1.4746172e+002  1.4796980e+002  1.5169501e+002  1.5704480e+002  1.6189703e+002
  3.6666667e-001  1.4288922e+002  1.4603058e+002  1.4800166e+002  1.4847119e+002  1.5308195e+002  1.5784399e+002  1.6325525e+002
  3.7333333e-001  1.4246776e+002  1.4621579e+002  1.4867659e+002  1.4902374e+002  1.5382083e+002  1.5887645e+002  1.6418945e+002
  3.8000000e-001  1.4197702e+002  1.4619258e+002  1.4913268e+002  1.4959653e+002  1.5428282e+002  1.5993140e+002  1.6458460e+002
  3.8666667e-001  1.4159079e+002  1.4633933e+002  1.4958607e+002  1.5064636e+002  1.5448145e+002  1.6076216e+002  1.6489648e+002
  3.9333333e-001  1.4121153e+002  1.4676518e+002  1.4990778e+002  1.5229776e+002  1.5410666e+002  1.6146588e+002  1.6541480e+002
  4.0000000e-001  1.4063003e+002  1.4716901e+002  1.5023169e+002  1.5407144e+002  1.5320653e+002  1.6219832e+002  1.6621498e+002
  4.0666667e-001  1.3997299e+002  1.4735515e+002  1.5099893e+002  1.5563003e+002  1.5282390e+002  1.6274786e+002  1.6718333e+002
  4.1333333e-001  1.3957979e+002  1.4766664e+002  1.5240944e+002  1.5694304e+002  1.5304338e+002  1.6336058e+002  1.6827264e+002
  4.2000000e-001  1.3911781e+002  1.4794162e+002  1.5393941e+002  1.5841405e+002  1.5514424e+002  1.6396596e+002  1.6946466e+002
  4.2666667e-001  1.3877263e+002  1.4820941e+002  1.5570148e+002  1.6011751e+002  1.5807050e+002  1.6430563e+002  1.7042139e+002
  4.3333333e-001  1.3882783e+002  1.4860783e+002  1.5754416e+002  1.6190309e+002  1.6027037e+002  1.6453444e+002  1.7106226e+002
  4.4000000e-001  1.3954613e+002  1.4918129e+002  1.5920235e+002  1.6340871e+002  1.6354730e+002  1.6496852e+002  1.7112270e+002
  4.4666667e-001  1.4087769e+002  1.5007437e+002  1.6095801e+002  1.6464555e+002  1.6587152e+002  1.6569457e+002  1.7101857e+002
  4.5333333e-001  1.4243076e+002  1.5117192e+002  1.6215244e+002  1.6553500e+002  1.6599010e+002  1.6630479e+002  1.7084702e+002
  4.6000000e-001  1.4403880e+002  1.5273232e+002  1.6303397e+002  1.6620468e+002  1.6548355e+002  1.6679172e+002  1.7060770e+002
  4.6666667e-001  1.4502620e+002  1.5508400e+002  1.6329417e+002  1.6671240e+002  1.6461662e+002  1.6724339e+002  1.7052898e+002
  4.7333333e-001  1.4517438e+002  1.5790871e+002  1.6330112e+002  1.6711296e+002  1.6364247e+002  1.6732330e+002  1.7033331e+002
  4.8000000e-001  1.4488524e+002  1.6057416e+002  1.6380234e+002  1.6760863e+002  1.6371904e+002  1.6684268e+002  1.7004308e+002
  4.8666667e-001  1.4431603e+002  1.6274020e+002  1.6461429e+002  1.6799539e+002  1.6531888e+002  1.6603568e+002  1.6986284e+002
  4.9333333e-001  1.4373314e+002  1.6417755e+002  1.6513933e+002  1.6817558e+002  1.6672920e+002  1.6535661e+002  1.6973099e+002
  5.0000000e-001  1.4338777e+002  1.6511913e+002  1.6507991e+002  1.6801543e+002  1.6792293e+002  1.6491972e+002  1.6957735e+002
  5.0666667e-001  1.4338136e+002  1.6560837e+002  1.6480061e+002  1.6753684e+002  1.6961371e+002  1.6477376e+002  1.6941281e+002
  5.1333333e-001  1.4364598e+002  1.6582439e+002  1.6450487e+002  1.6667635e+002  1.7116830e+002  1.6511534e+002  1.6924597e+002
  5.2000000e-001  1.4386166e+002  1.6592563e+002  1.6490440e+002  1.6561046e+002  1.7242227e+002  1.6565569e+002  1.6914665e+002
  5.2666667e-001  1.4408774e+002  1.6545004e+002  1.6619116e+002  1.6461853e+002  1.7307170e+002  1.6627945e+002  1.6881146e+002
  5.3333333e-001  1.4484064e+002  1.6448663e+002  1.6764447e+002  1.6377983e+002  1.7314104e+002  1.6718260e+002  1.6832134e+002
  5.4000000e-001  1.4595148e+002  1.6350601e+002  1.6882918e+002  1.6317801e+002  1.7288834e+002  1.6785199e+002  1.6809274e+002
  5.4666667e-001  1.4694742e+002  1.6285449e+002  1.6985002e+002  1.6280092e+002  1.7229417e+002  1.6830595e+002  1.6769002e+002
  5.5333333e-001  1.4787442e+002  1.6259210e+002  1.7046890e+002  1.6246274e+002  1.7117102e+002  1.6862543e+002  1.6721339e+002
  5.6000000e-001  1.4833073e+002  1.6242233e+002  1.7071777e+002  1.6213155e+002  1.7027322e+002  1.6823813e+002  1.6664922e+002
  5.6666667e-001  1.4845880e+002  1.6225694e+002  1.7066998e+002  1.6175658e+002  1.6952895e+002  1.6771010e+002  1.6614128e+002
  5.7333333e-001  1.4862694e+002  1.6204779e+002  1.7029040e+002  1.6141042e+002  1.6884695e+002  1.6713132e+002  1.6557091e+002
  5.8000000e-001  1.4872618e+002  1.6183971e+002  1.6959430e+002  1.6087140e+002  1.6838629e+002  1.6650177e+002  1.6497849e+002
  5.8666667e-001  1.4917346e+002  1.6168671e+002  1.6900461e+002  1.6042371e+002  1.6800967e+002  1.6617415e+002  1.6437982e+002
  5.9333333e-001  1.4977889e+002  1.6141635e+002  1.6890959e+002  1.6013516e+002  1.6748686e+002  1.6604759e+002  1.6402750e+002
  6.0000000e-001  1.5037003e+002  1.6107289e+002  1.6920601e+002  1.5961787e+002  1.6915352e+002  1.6609824e+002  1.6381979e+002
  6.0666667e-001  1.5104642e+002  1.6082597e+002  1.6983144e+002  1.5917119e+002  1.6897849e+002  1.6623883e+002  1.6349797e+002
  6.1333333e-001  1.5092198e+002  1.6054881e+002  1.7028169e+002  1.5869426e+002  1.7035642e+002  1.6645442e+002  1.6326329e+002
  6.2000000e-001  1.5103394e+002  1.6011717e+002  1.7055962e+002  1.5809689e+002  1.7067316e+002  1.6686230e+002  1.6307625e+002
  6.2666667e-001  1.5171509e+002  1.5970403e+002  1.7063078e+002  1.5749640e+002  1.7311400e+002  1.6716707e+002  1.6270779e+002
  6.3333333e-001  1.5187955e+002  1.5930103e+002  1.7058691e+002  1.5695006e+002  1.7454814e+002  1.6744113e+002  1.6222679e+002
  6.4000000e-001  1.5175223e+002  1.5864880e+002  1.7037207e+002  1.5648689e+002  1.7630420e+002  1.6740506e+002  1.6170512e+002
  6.4666667e-001  1.5127609e+002  1.5816185e+002  1.7002506e+002  1.5627387e+002  1.7771681e+002  1.6739975e+002  1.6089967e+002
  6.5333333e-001  1.5119499e+002  1.5797910e+002  1.6987180e+002  1.5628430e+002  1.7860220e+002  1.6751157e+002  1.6024951e+002
  6.6000000e-001  1.5136136e+002  1.5763701e+002  1.7014986e+002  1.5639416e+002  1.7904179e+002  1.6733803e+002  1.5944417e+002
  6.6666667e-001  1.5161230e+002  1.5737061e+002  1.7019968e+002  1.5661270e+002  1.7905222e+002  1.6714716e+002  1.5837186e+002
  6.7333333e-001  1.5173146e+002  1.5727226e+002  1.7006175e+002  1.5669061e+002  1.7856204e+002  1.6707530e+002  1.5751003e+002
  6.8000000e-001  1.5200331e+002  1.5712500e+002  1.7008302e+002  1.5684828e+002  1.7809679e+002  1.6699173e+002  1.5671301e+002
  6.8666667e-001  1.5261229e+002  1.5681375e+002  1.6992990e+002  1.5684296e+002  1.7756949e+002  1.6682814e+002  1.5607486e+002
  6.9333333e-001  1.5350517e+002  1.5642209e+002  1.6973602e+002  1.5649713e+002  1.7696823e+002  1.6669147e+002  1.5556915e+002
  7.0000000e-001  1.5445584e+002  1.5612239e+002  1.6953422e+002  1.5589728e+002  1.7648116e+002  1.6631699e+002  1.5508102e+002
  7.0666667e-001  1.5526489e+002  1.5573897e+002  1.6929350e+002  1.5524821e+002  1.7447896e+002  1.6598863e+002  1.5477513e+002
  7.1333333e-001  1.5605637e+002  1.5533069e+002  1.6894568e+002  1.5445987e+002  1.7557538e+002  1.6572757e+002  1.5453744e+002
  7.2000000e-001  1.5651090e+002  1.5480515e+002  1.6862775e+002  1.5366856e+002  1.7506993e+002  1.6551550e+002  1.5424232e+002
  7.2666667e-001  1.5663235e+002  1.5408763e+002  1.6837140e+002  1.5307082e+002  1.7468001e+002  1.6535761e+002  1.5375323e+002
  7.3333333e-001  1.5633054e+002  1.5333490e+002  1.6813878e+002  1.5233975e+002  1.7444122e+002  1.6524210e+002  1.5326311e+002
  7.4000000e-001  1.5584860e+002  1.5264269e+002  1.6789656e+002  1.5161760e+002  1.7425417e+002  1.6492288e+002  1.5285635e+002
  7.4666667e-001  1.5581792e+002  1.5214058e+002  1.6779222e+002  1.5118231e+002  1.7416582e+002  1.6480180e+002  1.5249429e+002
  7.5333333e-001  1.5611562e+002  1.5168642e+002  1.6760712e+002  1.5075476e+002  1.7413118e+002  1.6474329e+002  1.5211360e+002
  7.6000000e-001  1.5638344e+002  1.5136436e+002  1.6744043e+002  1.5035419e+002  1.7413702e+002  1.6440654e+002  1.5139880e+002
  7.6666667e-001  1.5664183e+002  1.5120077e+002  1.6720210e+002  1.5012508e+002  1.7509711e+002  1.6423442e+002  1.5085661e+002
  7.7333333e-001  1.5697496e+002  1.5093175e+002  1.6660921e+002  1.4974925e+002  1.7509825e+002  1.6412797e+002  1.5046544e+002
  7.8000000e-001  1.5723770e+002  1.5056914e+002  1.6586577e+002  1.4933864e+002  1.7437698e+002  1.6402631e+002  1.5024814e+002
  7.8666667e-001  1.5748584e+002  1.5013033e+002  1.6531354e+002  1.4892413e+002  1.7438283e+002  1.6383397e+002  1.5004863e+002
  7.9333333e-001  1.5780512e+002  1.4956259e+002  1.6479138e+002  1.4858231e+002  1.7435193e+002  1.6353546e+002  1.4975473e+002
  8.0000000e-001  1.5799246e+002  1.4895726e+002  1.6409982e+002  1.4814058e+002  1.7426147e+002  1.6340051e+002  1.4948338e+002
  8.0666667e-001  1.5823323e+002  1.4843515e+002  1.6349704e+002  1.4764681e+002  1.7419237e+002  1.6327026e+002  1.4922954e+002
  8.1333333e-001  1.5843033e+002  1.4797165e+002  1.6246559e+002  1.4720134e+002  1.7409763e+002  1.6315051e+002  1.4896854e+002
  8.2000000e-001  1.5849039e+002  1.4757294e+002  1.6194617e+002  1.4687453e+002  1.7395232e+002  1.6292572e+002  1.4863771e+002
  8.2666667e-001  1.5845691e+002  1.4741394e+002  1.6153178e+002  1.4655061e+002  1.7382315e+002  1.6252924e+002  1.4834967e+002
  8.3333333e-001  1.5756303e+002  1.4717363e+002  1.6365341e+002  1.4617796e+002  1.7372794e+002  1.6232263e+002  1.4793068e+002
  8.4000000e-001  1.5760658e+002  1.4708858e+002  1.6240851e+002  1.4580946e+002  1.7365926e+002  1.6215013e+002  1.4765503e+002
  8.4666667e-001  1.5904677e+002  1.4724097e+002  1.6241702e+002  1.4539977e+002  1.7353172e+002  1.6201665e+002  1.4736983e+002
  8.5333333e-001  1.5791232e+002  1.4718919e+002  1.6244905e+002  1.4502272e+002  1.7336020e+002  1.6198200e+002  1.4703188e+002
  8.6000000e-001  1.5806367e+002  1.4714825e+002  1.6233099e+002  1.4479433e+002  1.7321242e+002  1.6194347e+002  1.4679280e+002
  8.6666667e-001  1.6031868e+002  1.4707320e+002  1.6210586e+002  1.4445528e+002  1.7308824e+002  1.6181400e+002  1.4657820e+002
  8.7333333e-001  1.5978496e+002  1.4681462e+002  1.6172612e+002  1.4415214e+002  1.7290425e+002  1.6187332e+002  1.4632889e+002
  8.8000000e-001  1.6002686e+002  1.4657526e+002  1.6117859e+002  1.4385118e+002  1.7270085e+002  1.6174321e+002  1.4607864e+002
  8.8666667e-001  1.6034079e+002  1.4619725e+002  1.6048969e+002  1.4341359e+002  1.7258731e+002  1.6150798e+002  1.4582080e+002
  8.9333333e-001  1.6058191e+002  1.4579482e+002  1.5964755e+002  1.4319527e+002  1.7251656e+002  1.6156856e+002  1.4554840e+002
  9.0000000e-001  1.6074080e+002  1.4543147e+002  1.5879985e+002  1.4299516e+002  1.7231277e+002  1.6155858e+002  1.4541425e+002
  9.0666667e-001  1.6093733e+002  1.4515556e+002  1.5802417e+002  1.4266396e+002  1.7221417e+002  1.6130643e+002  1.4524321e+002
  9.1333333e-001  1.6117172e+002  1.4496167e+002  1.5734489e+002  1.4233350e+002  1.7212614e+002  1.6116380e+002  1.4497475e+002
  9.2000000e-001  1.6143236e+002  1.4472700e+002  1.5688942e+002  1.4202789e+002  1.7205757e+002  1.6116292e+002  1.4488048e+002
  9.2666667e-001  1.6173883e+002  1.4455289e+002  1.5669408e+002  1.4170424e+002  1.7200923e+002  1.6107419e+002  1.4481741e+002
  9.3333333e-001  1.6211060e+002  1.4436906e+002  1.5666528e+002  1.4138626e+002  1.7190822e+002  1.6096129e+002  1.4465443e+002
  9.4000000e-001  1.6249695e+002  1.4421233e+002  1.5657944e+002  1.4098158e+002  1.7185472e+002  1.6091742e+002  1.4462050e+002
  9.4666667e-001  1.6286089e+002  1.4396288e+002  1.5651532e+002  1.4067049e+002  1.7183897e+002  1.6101776e+002  1.4463029e+002
  9.5333333e-001  1.6320206e+002  1.4379268e+002  1.5648912e+002  1.4038608e+002  1.7177702e+002  1.6099721e+002  1.4459615e+002
  9.6000000e-001  1.6354398e+002  1.4371140e+002  1.5653801e+002  1.4025023e+002  1.7179585e+002  1.6073422e+002  1.4459180e+002
  9.6666667e-001  1.6388081e+002  1.4358739e+002  1.5687712e+002  1.4009280e+002  1.7174196e+002  1.6061960e+002  1.4442036e+002
  9.7333333e-001  1.6426205e+002  1.4340678e+002  1.5739319e+002  1.3990700e+002  1.7166391e+002  1.6056508e+002  1.4416542e+002
  9.8000000e-001  1.6456879e+002  1.4335762e+002  1.5817783e+002  1.3967366e+002  1.7236888e+002  1.6039409e+002  1.4406697e+002
  9.8666667e-001  1.6479903e+002  1.4338904e+002  1.5921283e+002  1.3942888e+002  1.7231122e+002  1.6029591e+002  1.4412640e+002
  9.9333333e-001  1.6497163e+002  1.4335852e+002  1.6047700e+002  1.3938182e+002  1.6963054e+002  1.6026515e+002  1.4409828e+002
  1.0000000e+000  1.6508943e+002  1.4340039e+002  1.6191090e+002  1.3935640e+002  1.6972369e+002  1.6026930e+002  1.4389180e+002
  1.0066667e+000  1.6510106e+002  1.4335373e+002  1.6344757e+002  1.3933594e+002  1.7176443e+002  1.6022708e+002  1.4377664e+002
  1.0133333e+000  1.6509198e+002  1.4328189e+002  1.6509796e+002  1.3933890e+002  1.6977045e+002  1.6026732e+002  1.4376036e+002
  1.0200000e+000  1.6500967e+002  1.4320752e+002  1.6662959e+002  1.3938518e+002  1.6983517e+002  1.6045756e+002  1.4368634e+002
  1.0266667e+000  1.6486720e+002  1.4318944e+002  1.6805394e+002  1.3946631e+002  1.7204018e+002  1.6054051e+002  1.4375743e+002
  1.0333333e+000  1.6475726e+002  1.4313805e+002  1.6941318e+002  1.3977791e+002  1.7002545e+002  1.6044353e+002  1.4379788e+002
  1.0400000e+000  1.6469881e+002  1.4315166e+002  1.7069739e+002  1.4013043e+002  1.7075337e+002  1.6039972e+002  1.4381795e+002
  1.0466667e+000  1.6459262e+002  1.4308270e+002  1.7184406e+002  1.4028639e+002  1.7203407e+002  1.6039224e+002  1.4384757e+002
  1.0533333e+000  1.6442476e+002  1.4295390e+002  1.7274188e+002  1.3938182e+002  1.7215894e+002  1.6046832e+002  1.4388722e+002
  1.0600000e+000  1.6422906e+002  1.4282857e+002  1.7370558e+002  1.4164104e+002  1.7129872e+002  1.6038568e+002  1.4397913e+002
  1.0666667e+000  1.6405399e+002  1.4278917e+002  1.7514090e+002  1.4215102e+002  1.7155414e+002  1.6032312e+002  1.4399776e+002
  1.0733333e+000  1.6391893e+002  1.4267836e+002  1.7676715e+002  1.4269109e+002  1.7176440e+002  1.6043967e+002  1.4407257e+002
  1.0800000e+000  1.6380627e+002  1.4268773e+002  1.7831575e+002  1.4339290e+002  1.7201843e+002  1.6037636e+002  1.4409822e+002
  1.0866667e+000  1.6368839e+002  1.4274808e+002  1.8008752e+002  1.4424908e+002  1.7356265e+002  1.6038330e+002  1.4410072e+002
  1.0933333e+000  1.6363092e+002  1.4268863e+002  1.8237325e+002  1.4505194e+002  1.7379897e+002  1.6049611e+002  1.4424750e+002
  1.1000000e+000  1.6361270e+002  1.4254173e+002  1.8506294e+002  1.4596983e+002  1.7409305e+002  1.6045895e+002  1.4450503e+002
  1.1066667e+000  1.6368633e+002  1.4255594e+002  1.8769170e+002  1.4703616e+002  1.7439217e+002  1.6037816e+002  1.4449152e+002
  1.1133333e+000  1.6376012e+002  1.4260600e+002  1.9020671e+002  1.4807124e+002  1.7461958e+002  1.6048599e+002  1.4451695e+002
  1.1200000e+000  1.6384558e+002  1.4253510e+002  1.9282552e+002  1.4917700e+002  1.7476906e+002  1.6053276e+002  1.4461177e+002
  1.1266667e+000  1.6397009e+002  1.4246466e+002  1.9552185e+002  1.5032494e+002  1.7486165e+002  1.6032059e+002  1.4465096e+002
  1.1333333e+000  1.6401695e+002  1.4242000e+002  1.9842709e+002  1.5154471e+002  1.7492679e+002  1.6022041e+002  1.4466571e+002
  1.1400000e+000  1.6409436e+002  1.4229695e+002  2.0149699e+002  1.5291557e+002  1.7495894e+002  1.6021411e+002  1.4475255e+002
  1.1466667e+000  1.6412912e+002  1.4218500e+002  2.0441173e+002  1.5430855e+002  1.7505463e+002  1.6018503e+002  1.4480403e+002
  1.1533333e+000  1.6412364e+002  1.4213559e+002  2.0691701e+002  1.5585700e+002  1.7471120e+002  1.6012236e+002  1.4479149e+002
  1.1600000e+000  1.6414661e+002  1.4189208e+002  2.0906187e+002  1.5757457e+002  1.7373190e+002  1.6001015e+002  1.4472362e+002
  1.1666667e+000  1.6408612e+002  1.4176236e+002  2.1085284e+002  1.5930499e+002  1.7501781e+002  1.5991885e+002  1.4469266e+002
  1.1733333e+000  1.6399138e+002  1.4165155e+002  2.1197348e+002  1.6102054e+002  1.7722313e+002  1.5991518e+002  1.4473026e+002
  1.1800000e+000  1.6391184e+002  1.4158072e+002  2.1240100e+002  1.6275481e+002  1.7531708e+002  1.6008162e+002  1.4470352e+002
  1.1866667e+000  1.6382281e+002  1.4160545e+002  2.1227982e+002  1.6453528e+002  1.7425794e+002  1.6016154e+002  1.4466478e+002
  1.1933333e+000  1.6375284e+002  1.4154318e+002  2.1194012e+002  1.6621947e+002  1.7477106e+002  1.6023575e+002  1.4474831e+002
  1.2000000e+000  1.6366769e+002  1.4149124e+002  2.1170174e+002  1.6774823e+002  1.7680296e+002  1.6013805e+002  1.4485127e+002
  1.2066667e+000  1.6360664e+002  1.4162637e+002  2.1159952e+002  1.6920406e+002  1.7685735e+002  1.6002121e+002  1.4498999e+002
  1.2133333e+000  1.6357913e+002  1.4172257e+002  2.1160538e+002  1.7048715e+002  1.7502008e+002  1.6007971e+002  1.4505014e+002
  1.2200000e+000  1.6353754e+002  1.4177609e+002  2.1162733e+002  1.7158183e+002  1.7509114e+002  1.6020998e+002  1.4509164e+002
  1.2266667e+000  1.6352310e+002  1.4180423e+002  2.1166023e+002  1.7262570e+002  1.7509555e+002  1.6009880e+002  1.4511821e+002
  1.2333333e+000  1.6357391e+002  1.4180566e+002  2.1163838e+002  1.7359364e+002  1.7519955e+002  1.6019591e+002  1.4514343e+002
  1.2400000e+000  1.6357513e+002  1.4185095e+002  2.1138986e+002  1.7454668e+002  1.7726498e+002  1.6030171e+002  1.4522102e+002
  1.2466667e+000  1.6360089e+002  1.4192798e+002  2.1075461e+002  1.7550853e+002  1.7686185e+002  1.6021938e+002  1.4521184e+002
  1.2533333e+000  1.6359201e+002  1.4189058e+002  2.0991159e+002  1.7642886e+002  1.7690302e+002  1.6015337e+002  1.4529422e+002
  1.2600000e+000  1.6361964e+002  1.4181273e+002  2.0913234e+002  1.7731697e+002  1.7692082e+002  1.6024059e+002  1.4530020e+002
  1.2666667e+000  1.6369206e+002  1.4172292e+002  2.0832652e+002  1.7815764e+002  1.7697726e+002  1.6017865e+002  1.4525475e+002
  1.2733333e+000  1.6374307e+002  1.4163319e+002  2.0717107e+002  1.7890414e+002  1.7708177e+002  1.6006888e+002  1.4538467e+002
  1.2800000e+000  1.6376314e+002  1.4166797e+002  2.0568333e+002  1.7956175e+002  1.7715799e+002  1.6014961e+002  1.4533698e+002
  1.2866667e+000  1.6379739e+002  1.4173250e+002  2.0410545e+002  1.8016180e+002  1.7723477e+002  1.6002689e+002  1.4528072e+002
  1.2933333e+000  1.6381326e+002  1.4188654e+002  2.0260135e+002  1.8077594e+002  1.7739838e+002  1.5997905e+002  1.4541774e+002
  1.3000000e+000  1.6377828e+002  1.4212541e+002  2.0119028e+002  1.8132323e+002  1.7755991e+002  1.6014473e+002  1.4548447e+002
  1.3066667e+000  1.6381647e+002  1.4262369e+002  1.9990027e+002  1.8182106e+002  1.7765953e+002  1.6017026e+002  1.4545352e+002
  1.3133333e+000  1.6378644e+002  1.4310736e+002  1.9887961e+002  1.8239482e+002  1.7775890e+002  1.5999339e+002  1.4545563e+002
  1.3200000e+000  1.6372972e+002  1.4354076e+002  1.9695802e+002  1.8299695e+002  1.7779707e+002  1.5991368e+002  1.4542284e+002
  1.3266667e+000  1.6371593e+002  1.4393190e+002  1.9746484e+002  1.8358458e+002  1.7781432e+002  1.5993370e+002  1.4542139e+002
  1.3333333e+000  1.6373955e+002  1.4416238e+002  1.9686559e+002  1.8417122e+002  1.7785890e+002  1.5996092e+002  1.4552550e+002
  1.3400000e+000  1.6370506e+002  1.4427237e+002  1.9606258e+002  1.8477908e+002  1.7791802e+002  1.5987427e+002  1.4567612e+002
  1.3466667e+000  1.6368738e+002  1.4435484e+002  1.9487766e+002  1.8538922e+002  1.7793131e+002  1.5996085e+002  1.4564728e+002
  1.3533333e+000  1.6370682e+002  1.4428803e+002  1.9327853e+002  1.8592505e+002  1.7797432e+002  1.5999287e+002  1.4567265e+002
  1.3600000e+000  1.6367665e+002  1.4424942e+002  1.9147049e+002  1.8649568e+002  1.7806056e+002  1.5988370e+002  1.4586466e+002
  1.3666667e+000  1.6472681e+002  1.4437949e+002  1.8996106e+002  1.8703876e+002  1.7813684e+002  1.5975700e+002  1.4589085e+002
  1.3733333e+000  1.6471426e+002  1.4407536e+002  1.8872755e+002  1.8751733e+002  1.7821266e+002  1.5971812e+002  1.4578340e+002
  1.3800000e+000  1.6472540e+002  1.4414072e+002  1.8730481e+002  1.8799858e+002  1.7832240e+002  1.5970477e+002  1.4592218e+002
  1.3866667e+000  1.6473904e+002  1.4479274e+002  1.8570380e+002  1.8844348e+002  1.7959760e+002  1.5964426e+002  1.4613695e+002
  1.3933333e+000  1.6473416e+002  1.4503157e+002  1.8381294e+002  1.8888092e+002  1.7964238e+002  1.5954147e+002  1.4608633e+002
  1.4000000e+000  1.6469240e+002  1.4530057e+002  1.8202889e+002  1.8924654e+002  1.7972559e+002  1.5953108e+002  1.4612416e+002
  1.4066667e+000  1.6473851e+002  1.4562366e+002  1.8065724e+002  1.8958972e+002  1.7871478e+002  1.5947528e+002  1.4618997e+002
  1.4133333e+000  1.6478082e+002  1.4585089e+002  1.7884291e+002  1.8992613e+002  1.7879134e+002  1.5956798e+002  1.4618854e+002
  1.4200000e+000  1.6264775e+002  1.4609351e+002  1.7747786e+002  1.9020918e+002  1.7889421e+002  1.5965971e+002  1.4619995e+002
  1.4266667e+000  1.6162070e+002  1.4629268e+002  1.7711768e+002  1.9050256e+002  1.7898558e+002  1.5961728e+002  1.4619296e+002
  1.4333333e+000  1.6375200e+002  1.4643591e+002  1.7721880e+002  1.9080627e+002  1.7906580e+002  1.5976494e+002  1.4611989e+002
  1.4400000e+000  1.6151242e+002  1.4554073e+002  1.7966341e+002  1.9109602e+002  1.7915671e+002  1.5988411e+002  1.4608568e+002
  1.4466667e+000  1.6153545e+002  1.4541031e+002  1.8027255e+002  1.9142137e+002  1.7926970e+002  1.5991428e+002  1.4601654e+002
  1.4533333e+000  1.6364911e+002  1.4574231e+002  1.8079117e+002  1.9174483e+002  1.7936824e+002  1.6001700e+002  1.4601724e+002
  1.4600000e+000  1.6207715e+002  1.4597392e+002  1.8125085e+002  1.9207828e+002  1.7944475e+002  1.5999944e+002  1.4600975e+002
  1.4666667e+000  1.6208531e+002  1.4628185e+002  1.8164455e+002  1.9242531e+002  1.8056499e+002  1.6009639e+002  1.4601567e+002
  1.4733333e+000  1.6143373e+002  1.4655692e+002  1.8205202e+002  1.9279211e+002  1.8065028e+002  1.6023648e+002  1.4592252e+002
  1.4800000e+000  1.6146388e+002  1.4689903e+002  1.8244408e+002  1.9315689e+002  1.8072389e+002  1.6020822e+002  1.4599432e+002
  1.4866667e+000  1.6134804e+002  1.4714696e+002  1.8267044e+002  1.9350407e+002  1.8081641e+002  1.6044466e+002  1.4608836e+002
  1.4933333e+000  1.6134299e+002  1.4729399e+002  1.8277702e+002  1.9384996e+002  1.8083731e+002  1.6053597e+002  1.4620519e+002
  1.5000000e+000  1.6139980e+002  1.4751350e+002  1.8290720e+002  1.9415703e+002  1.7970158e+002  1.6027441e+002  1.4622156e+002
  1.5066667e+000  1.6351146e+002  1.4769591e+002  1.8307625e+002  1.9445789e+002  1.7975810e+002  1.6017374e+002  1.4613445e+002
  1.5133333e+000  1.6250188e+002  1.4833156e+002  1.8325761e+002  1.9473898e+002  1.7976231e+002  1.6017210e+002  1.4625943e+002
  1.5200000e+000  1.6331863e+002  1.4850610e+002  1.8360370e+002  1.9498648e+002  1.7976630e+002  1.6011453e+002  1.4638711e+002
  1.5266667e+000  1.6338812e+002  1.4810028e+002  1.8431001e+002  1.9521140e+002  1.7981776e+002  1.5935573e+002  1.4641251e+002
  1.5333333e+000  1.6261754e+002  1.4824838e+002  1.8542238e+002  1.9541716e+002  1.7993434e+002  1.5920756e+002  1.4644823e+002
  1.5400000e+000  1.6334480e+002  1.5029094e+002  1.8683623e+002  1.9562001e+002  1.8007762e+002  1.5908327e+002  1.4643022e+002
  1.5466667e+000  1.6345729e+002  1.5052217e+002  1.8839813e+002  1.9583173e+002  1.8018776e+002  1.5912973e+002  1.4643422e+002
  1.5533333e+000  1.6335239e+002  1.5075145e+002  1.8991049e+002  1.9602799e+002  1.8023781e+002  1.5922043e+002  1.4634807e+002
  1.5600000e+000  1.6333110e+002  1.5026315e+002  1.9117300e+002  1.9623463e+002  1.8029259e+002  1.5923763e+002  1.4655736e+002
  1.5666667e+000  1.6325702e+002  1.5044135e+002  1.9215173e+002  1.9649681e+002  1.8038590e+002  1.5932024e+002  1.4669521e+002
  1.5733333e+000  1.6320213e+002  1.5064641e+002  1.9283620e+002  1.9671703e+002  1.8041437e+002  1.5819980e+002  1.4661647e+002
  1.5800000e+000  1.6316902e+002  1.4992308e+002  1.9300731e+002  1.9690910e+002  1.8043419e+002  1.5833050e+002  1.4663753e+002
  1.5866667e+000  1.6319431e+002  1.5010671e+002  1.9278062e+002  1.9708188e+002  1.8049463e+002  1.5856789e+002  1.4673270e+002
  1.5933333e+000  1.6329216e+002  1.5214857e+002  1.9271878e+002  1.9725639e+002  1.8052539e+002  1.5891547e+002  1.4661356e+002
  1.6000000e+000  1.6330203e+002  1.5234625e+002  1.9278462e+002  1.9741003e+002  1.8060426e+002  1.6152829e+002  1.4652936e+002
  1.6066667e+000  1.6328633e+002  1.5258536e+002  1.9290630e+002  1.9750639e+002  1.8066655e+002  1.6178111e+002  1.4668536e+002
  1.6133333e+000  1.6319518e+002  1.5085230e+002  1.9337411e+002  1.9759114e+002  1.8069373e+002  1.6207124e+002  1.4665933e+002
  1.6200000e+000  1.6326285e+002  1.5201683e+002  1.9421848e+002  1.9769836e+002  1.8078258e+002  1.6234622e+002  1.4652440e+002
  1.6266667e+000  1.6327251e+002  1.5214574e+002  1.9539439e+002  1.9780298e+002  1.8085278e+002  1.6253885e+002  1.4653697e+002
  1.6333333e+000  1.6319215e+002  1.5227937e+002  1.9692409e+002  1.9793073e+002  1.8088490e+002  1.6275020e+002  1.4655965e+002
  1.6400000e+000  1.6321147e+002  1.5164948e+002  1.9855026e+002  1.9802858e+002  1.8091286e+002  1.6297614e+002  1.4655618e+002
  1.6466667e+000  1.6321533e+002  1.5392248e+002  2.0014006e+002  1.9807718e+002  1.8094632e+002  1.6321028e+002  1.4655324e+002
  1.6533333e+000  1.6321231e+002  1.5414601e+002  2.0168504e+002  1.9819608e+002  1.8097049e+002  1.6338249e+002  1.4658827e+002
  1.6600000e+000  1.6316737e+002  1.5225508e+002  2.0295886e+002  1.9831952e+002  1.8094418e+002  1.6343547e+002  1.4659457e+002
  1.6666667e+000  1.6326398e+002  1.5360443e+002  2.0394893e+002  1.9844218e+002  1.8094231e+002  1.6350131e+002  1.4664690e+002
  1.6733333e+000  1.6334847e+002  1.5377902e+002  2.0440704e+002  1.9857878e+002  1.8095027e+002  1.6355170e+002  1.4667114e+002
  1.6800000e+000  1.6336757e+002  1.5492052e+002  2.0452681e+002  1.9865402e+002  1.8092699e+002  1.6350371e+002  1.4665944e+002
  1.6866667e+000  1.6344984e+002  1.5311214e+002  2.0461475e+002  1.9872041e+002  1.8089674e+002  1.6339931e+002  1.4648764e+002
  1.6933333e+000  1.6342776e+002  1.5328296e+002  2.0475897e+002  1.9877823e+002  1.8087295e+002  1.6327750e+002  1.4653838e+002
  1.7000000e+000  1.6338483e+002  1.5329276e+002  2.0506812e+002  1.9883176e+002  1.8085596e+002  1.6322446e+002  1.4655482e+002
  1.7066667e+000  1.6343283e+002  1.5547397e+002  2.0537982e+002  1.9891272e+002  1.8083466e+002  1.6319301e+002  1.4639320e+002
  1.7133333e+000  1.6357457e+002  1.5666629e+002  2.0530031e+002  1.9893076e+002  1.8080913e+002  1.6313869e+002  1.4640105e+002
  1.7200000e+000  1.6358701e+002  1.5684137e+002  2.0511827e+002  1.9891481e+002  1.8083180e+002  1.6309303e+002  1.4640984e+002
  1.7266667e+000  1.6356041e+002  1.5482040e+002  2.0482799e+002  1.9893173e+002  1.8083681e+002  1.6311748e+002  1.4648790e+002
  1.7333333e+000  1.6353612e+002  1.5428772e+002  2.0419171e+002  1.9898372e+002  1.8084270e+002  1.6317851e+002  1.4662286e+002
  1.7400000e+000  1.6365712e+002  1.5456984e+002  2.0319145e+002  1.9899126e+002  1.8085631e+002  1.6326933e+002  1.4663571e+002
  1.7466667e+000  1.6369054e+002  1.5477423e+002  2.0206578e+002  1.9900151e+002  1.8088782e+002  1.6341188e+002  1.4657640e+002
  1.7533333e+000  1.6362939e+002  1.5503569e+002  2.0100969e+002  1.9899510e+002  1.8094547e+002  1.6364343e+002  1.4652675e+002
  1.7600000e+000  1.6354039e+002  1.5716538e+002  2.0011420e+002  1.9900122e+002  1.8101869e+002  1.6393631e+002  1.4639293e+002
  1.7666667e+000  1.6343427e+002  1.5836316e+002  1.9935054e+002  1.9900411e+002  1.8110922e+002  1.6423549e+002  1.4640559e+002
  1.7733333e+000  1.6346147e+002  1.5857396e+002  1.9879074e+002  1.9901894e+002  1.8118265e+002  1.6455124e+002  1.4639909e+002
  1.7800000e+000  1.6344736e+002  1.5671703e+002  1.9857281e+002  1.9905948e+002  1.8124399e+002  1.6487279e+002  1.4639537e+002
  1.7866667e+000  1.6334448e+002  1.5622669e+002  1.9880571e+002  1.9907039e+002  1.8128993e+002  1.6521490e+002  1.4639224e+002
  1.7933333e+000  1.6335951e+002  1.5642558e+002  1.9930467e+002  1.9905486e+002  1.8134734e+002  1.6560942e+002  1.4622125e+002
  1.8000000e+000  1.6344801e+002  1.5842316e+002  1.9976920e+002  1.9909447e+002  1.8141051e+002  1.6603912e+002  1.4607251e+002
  1.8066667e+000  1.6336083e+002  1.5859985e+002  2.0020763e+002  1.9913471e+002  1.8148105e+002  1.6643961e+002  1.4609360e+002
  1.8133333e+000  1.6328908e+002  1.5878272e+002  2.0061548e+002  1.9914210e+002  1.8155356e+002  1.6676466e+002  1.4614243e+002
  1.8200000e+000  1.6332695e+002  1.5701027e+002  2.0090805e+002  1.9914549e+002  1.8161871e+002  1.6706195e+002  1.4619350e+002
  1.8266667e+000  1.6336067e+002  1.5723628e+002  2.0087279e+002  1.9912703e+002  1.8164067e+002  1.6731952e+002  1.4617404e+002
  1.8333333e+000  1.6333295e+002  1.5838304e+002  2.0073791e+002  1.9909728e+002  1.8169423e+002  1.6749715e+002  1.4617601e+002
  1.8400000e+000  1.6326395e+002  1.6043668e+002  2.0061441e+002  1.9909580e+002  1.8175882e+002  1.6762677e+002  1.4617142e+002
  1.8466667e+000  1.6307857e+002  1.5986581e+002  2.0041290e+002  1.9908504e+002  1.8178967e+002  1.6775699e+002  1.4614063e+002
  1.8533333e+000  1.6311748e+002  1.6017450e+002  2.0027026e+002  1.9905278e+002  1.8182414e+002  1.6790309e+002  1.4611998e+002
  1.8600000e+000  1.6317848e+002  1.6044354e+002  2.0035837e+002  1.9902020e+002  1.8186491e+002  1.6809821e+002  1.4626125e+002
  1.8666667e+000  1.6316628e+002  1.5885049e+002  2.0071565e+002  1.9900156e+002  1.8189966e+002  1.6833077e+002  1.4622530e+002
  1.8733333e+000  1.6314284e+002  1.5926080e+002  2.0134316e+002  1.9897174e+002  1.8194585e+002  1.6859659e+002  1.4613619e+002
  1.8800000e+000  1.6321164e+002  1.5947755e+002  2.0207408e+002  1.9891719e+002  1.8198500e+002  1.6893953e+002  1.4612349e+002
  1.8866667e+000  1.6320036e+002  1.6157062e+002  2.0265346e+002  1.9890945e+002  1.8200664e+002  1.6930342e+002  1.4601958e+002
  1.8933333e+000  1.6305635e+002  1.6181795e+002  2.0286525e+002  1.9894406e+002  1.8203429e+002  1.6972861e+002  1.4601723e+002
  1.9000000e+000  1.6295908e+002  1.6196402e+002  2.0254192e+002  1.9890715e+002  1.8206265e+002  1.7013239e+002  1.4607954e+002
  1.9066667e+000  1.6304317e+002  1.6214098e+002  2.0185928e+002  1.9885284e+002  1.8211174e+002  1.7054303e+002  1.4605548e+002
  1.9133333e+000  1.6309708e+002  1.6239536e+002  2.0090950e+002  1.9881663e+002  1.8213501e+002  1.7096211e+002  1.4592949e+002
  1.9200000e+000  1.6310161e+002  1.6041882e+002  1.9984337e+002  1.9879526e+002  1.8214874e+002  1.7137422e+002  1.4576584e+002
  1.9266667e+000  1.6312647e+002  1.6059374e+002  1.9881982e+002  1.9877321e+002  1.8218369e+002  1.7176466e+002  1.4584174e+002
  1.9333333e+000  1.6312656e+002  1.6285625e+002  1.9819281e+002  1.9872760e+002  1.8219946e+002  1.7216721e+002  1.4579573e+002
  1.9400000e+000  1.6316836e+002  1.6305270e+002  1.9796675e+002  1.9871643e+002  1.8221428e+002  1.7254582e+002  1.4584804e+002
  1.9466667e+000  1.6317604e+002  1.6320695e+002  1.9802219e+002  1.9871779e+002  1.8221944e+002  1.7292448e+002  1.4586937e+002
  1.9533333e+000  1.6312692e+002  1.6342163e+002  1.9825737e+002  1.9869786e+002  1.8225354e+002  1.7335622e+002  1.4574323e+002
  1.9600000e+000  1.6312285e+002  1.6361740e+002  1.9866139e+002  1.9866220e+002  1.8228191e+002  1.7381378e+002  1.4579186e+002
  1.9666667e+000  1.6306198e+002  1.6379492e+002  1.9907918e+002  1.9863905e+002  1.8229578e+002  1.7424710e+002  1.4570131e+002
  1.9733333e+000  1.6303607e+002  1.6399547e+002  1.9947264e+002  1.9860309e+002  1.8233147e+002  1.7471925e+002  1.4564906e+002
  1.9800000e+000  1.6300983e+002  1.6423624e+002  1.9979483e+002  1.9855158e+002  1.8235416e+002  1.7521258e+002  1.4576169e+002
  1.9866667e+000  1.6295344e+002  1.6443811e+002  1.9983255e+002  1.9853941e+002  1.8240218e+002  1.7569727e+002  1.4582474e+002
  1.9933333e+000  1.6290649e+002  1.6457062e+002  1.9982262e+002  1.9855512e+002  1.8243918e+002  1.7617297e+002  1.4565939e+002
  2.0000000e+000  1.6287932e+002  1.6477704e+002  1.9987363e+002  1.9855325e+002  1.8244058e+002  1.7667136e+002  1.4551325e+002
