 -5.0000000e-001  4.5844013e+001  3.8300625e+001  4.3485260e+001  4.7725441e+001  4.5544674e+001  4.2445412e+001  4.6110065e+001
 -4.9333333e-001  4.5863419e+001  3.8276241e+001  4.3484089e+001  4.7736908e+001  4.5565403e+001  4.2484829e+001  4.6107300e+001
 -4.8666667e-001  4.5876457e+001  3.8287788e+001  4.3485115e+001  4.7737602e+001  4.5559170e+001  4.2478752e+001  4.6123390e+001
 -4.8000000e-001  4.5857666e+001  3.8293282e+001  4.3496464e+001  4.7748634e+001  4.5585518e+001  4.2452927e+001  4.6148636e+001
 -4.7333333e-001  4.5846256e+001  3.8263752e+001  4.3497593e+001  4.7755062e+001  4.5609238e+001  4.2469826e+001  4.6146801e+001
 -4.6666667e-001  4.5858868e+001  3.8245377e+001  4.3508659e+001  4.7734318e+001  4.5595303e+001  4.2437119e+001  4.6148827e+001
 -4.6000000e-001  4.5875916e+001  3.8271381e+001  4.3503082e+001  4.7734371e+001  4.5616646e+001  4.2473774e+001  4.6141884e+001
 -4.5333333e-001  4.5919159e+001  3.8258530e+001  4.3525154e+001  4.7720352e+001  4.5601116e+001  4.2491173e+001  4.6153786e+001
 -4.4666667e-001  4.5891022e+001  3.8276676e+001  4.3510117e+001  4.7726433e+001  4.5592785e+001  4.2476116e+001  4.6197033e+001
 -4.4000000e-001  4.5888367e+001  3.8257076e+001  4.3486809e+001  4.7734936e+001  4.5591457e+001  4.2457436e+001  4.6199085e+001
 -4.3333333e-001  4.5873466e+001  3.8246552e+001  4.3500290e+001  4.7702793e+001  4.5563896e+001  4.2461617e+001  4.6169758e+001
 -4.2666667e-001  4.5856831e+001  3.8227283e+001  4.3505432e+001  4.7693691e+001  4.5613144e+001  4.2449360e+001  4.6192104e+001
 -4.2000000e-001  4.5844025e+001  3.8247555e+001  4.3495113e+001  4.7708084e+001  4.5659199e+001  4.2472324e+001  4.6189663e+001
 -4.1333333e-001  4.5847061e+001  3.8281128e+001  4.3470810e+001  4.7720619e+001  4.5624123e+001  4.2492115e+001  4.6191517e+001
 -4.0666667e-001  4.5856674e+001  3.8291542e+001  4.3457073e+001  4.7717587e+001  4.5593098e+001  4.2468586e+001  4.6185642e+001
 -4.0000000e-001  4.5864311e+001  3.8286133e+001  4.3467525e+001  4.7705505e+001  4.5609352e+001  4.2510830e+001  4.6174255e+001
 -3.9333333e-001  4.5859093e+001  3.8285542e+001  4.3452385e+001  4.7690289e+001  4.5582977e+001  4.2510128e+001  4.6171955e+001
 -3.8666667e-001  4.5845451e+001  3.8270348e+001  4.3490650e+001  4.7651905e+001  4.5568108e+001  4.2487701e+001  4.6153305e+001
 -3.8000000e-001  4.5853111e+001  3.8306419e+001  4.3464638e+001  4.7659138e+001  4.5601776e+001  4.2514248e+001  4.6158623e+001
 -3.7333333e-001  4.5835335e+001  3.8324406e+001  4.3445210e+001  4.7683006e+001  4.5586994e+001  4.2510170e+001  4.6165363e+001
 -3.6666667e-001  4.5798203e+001  3.8305714e+001  4.3416691e+001  4.7665451e+001  4.5534836e+001  4.2520382e+001  4.6163860e+001
 -3.6000000e-001  4.5831200e+001  3.8322544e+001  4.3422577e+001  4.7701862e+001  4.5541710e+001  4.2510593e+001  4.6209797e+001
 -3.5333333e-001  4.5824387e+001  3.8327705e+001  4.3416969e+001  4.7695450e+001  4.5595352e+001  4.2510189e+001  4.6166027e+001
 -3.4666667e-001  4.5836853e+001  3.8321369e+001  4.3390636e+001  4.7699734e+001  4.5590290e+001  4.2523548e+001  4.6144321e+001
 -3.4000000e-001  4.5851444e+001  3.8377316e+001  4.3403053e+001  4.7729263e+001  4.5562176e+001  4.2513348e+001  4.6165169e+001
 -3.3333333e-001  4.5844421e+001  3.8369801e+001  4.3372646e+001  4.7705540e+001  4.5572456e+001  4.2502220e+001  4.6179562e+001
 -3.2666667e-001  4.5837730e+001  3.8402325e+001  4.3393009e+001  4.7703823e+001  4.5596035e+001  4.2480736e+001  4.6208881e+001
 -3.2000000e-001  4.5848515e+001  3.8415695e+001  4.3430592e+001  4.7708286e+001  4.5595787e+001  4.2486336e+001  4.6188709e+001
 -3.1333333e-001  4.5827766e+001  3.8383923e+001  4.3408909e+001  4.7737698e+001  4.5599331e+001  4.2469727e+001  4.6171978e+001
 -3.0666667e-001  4.5827911e+001  3.8380085e+001  4.3406193e+001  4.7756798e+001  4.5584988e+001  4.2497211e+001  4.6235947e+001
 -3.0000000e-001  4.5805397e+001  3.8387970e+001  4.3378387e+001  4.7741871e+001  4.5579472e+001  4.2489006e+001  4.6203537e+001
 -2.9333333e-001  4.5835712e+001  3.8375668e+001  4.3363712e+001  4.7797832e+001  4.5562260e+001  4.2458054e+001  4.6208775e+001
 -2.8666667e-001  4.5836220e+001  3.8394287e+001  4.3377426e+001  4.7796421e+001  4.5594170e+001  4.2451427e+001  4.6240105e+001
 -2.8000000e-001  4.5794739e+001  3.8391697e+001  4.3381287e+001  4.7771519e+001  4.5592682e+001  4.2424667e+001  4.6244694e+001
 -2.7333333e-001  4.5770782e+001  3.8379314e+001  4.3394043e+001  4.7801670e+001  4.5564392e+001  4.2434536e+001  4.6245369e+001
 -2.6666667e-001  4.5786568e+001  3.8388813e+001  4.3368317e+001  4.7853977e+001  4.5558212e+001  4.2457775e+001  4.6259624e+001
 -2.6000000e-001  4.5780094e+001  3.8381084e+001  4.3368458e+001  4.7829105e+001  4.5557117e+001  4.2465542e+001  4.6270020e+001
 -2.5333333e-001  4.5785755e+001  3.8346237e+001  4.3360065e+001  4.7843693e+001  4.5589005e+001  4.2450932e+001  4.6234470e+001
 -2.4666667e-001  4.5761036e+001  3.8351295e+001  4.3386688e+001  4.7837963e+001  4.5592751e+001  4.2473900e+001  4.6228035e+001
 -2.4000000e-001  4.5787800e+001  3.8318043e+001  4.3373085e+001  4.7822819e+001  4.5591877e+001  4.2459793e+001  4.6248966e+001
 -2.3333333e-001  4.5760605e+001  3.8332558e+001  4.3368927e+001  4.7834614e+001  4.5615810e+001  4.2462021e+001  4.6243217e+001
 -2.2666667e-001  4.5760704e+001  3.8335693e+001  4.3395348e+001  4.7836803e+001  4.5593166e+001  4.2495441e+001  4.6223881e+001
 -2.2000000e-001  4.5770370e+001  3.8353058e+001  4.3410408e+001  4.7842365e+001  4.5573246e+001  4.2480930e+001  4.6249451e+001
 -2.1333333e-001  4.5766262e+001  3.8340382e+001  4.3379395e+001  4.7845505e+001  4.5586887e+001  4.2504959e+001  4.6284973e+001
 -2.0666667e-001  4.5771572e+001  3.8329075e+001  4.3384277e+001  4.7840172e+001  4.5598320e+001  4.2496059e+001  4.6269047e+001
 -2.0000000e-001  4.5770420e+001  3.8338020e+001  4.3392323e+001  4.7852070e+001  4.5568222e+001  4.2486706e+001  4.6263962e+001
 -1.9333333e-001  4.5749016e+001  3.8361633e+001  4.3431118e+001  4.7875648e+001  4.5565807e+001  4.2488918e+001  4.6277657e+001
 -1.8666667e-001  4.5765606e+001  3.8361336e+001  4.3433548e+001  4.7863613e+001  4.5554977e+001  4.2483345e+001  4.6286808e+001
 -1.8000000e-001  4.5763496e+001  3.8351242e+001  4.3439987e+001  4.7881294e+001  4.5559803e+001  4.2485298e+001  4.6278522e+001
 -1.7333333e-001  4.5756042e+001  3.8376041e+001  4.3437439e+001  4.7869652e+001  4.5583820e+001  4.2528755e+001  4.6273697e+001
 -1.6666667e-001  4.5731186e+001  3.8381893e+001  4.3464962e+001  4.7890663e+001  4.5545551e+001  4.2496941e+001  4.6282764e+001
 -1.6000000e-001  4.5734917e+001  3.8394115e+001  4.3423725e+001  4.7915340e+001  4.5533684e+001  4.2494377e+001  4.6296478e+001
 -1.5333333e-001  4.5764320e+001  3.8395668e+001  4.3433460e+001  4.7920029e+001  4.5499790e+001  4.2506844e+001  4.6264984e+001
 -1.4666667e-001  4.5736389e+001  3.8409489e+001  4.3476063e+001  4.7929092e+001  4.5507427e+001  4.2503464e+001  4.6266109e+001
 -1.4000000e-001  4.5742462e+001  3.8420940e+001  4.3444454e+001  4.7919952e+001  4.5512951e+001  4.2516846e+001  4.6273571e+001
 -1.3333333e-001  4.5688667e+001  3.8403088e+001  4.3423019e+001  4.7909752e+001  4.5510464e+001  4.2514084e+001  4.6259518e+001
 -1.2666667e-001  4.5701752e+001  3.8410942e+001  4.3438789e+001  4.7910610e+001  4.5482117e+001  4.2520752e+001  4.6260761e+001
 -1.2000000e-001  4.5722191e+001  3.8411587e+001  4.3416836e+001  4.7952690e+001  4.5542992e+001  4.2521652e+001  4.6222912e+001
 -1.1333333e-001  4.5753971e+001  3.8417881e+001  4.3407822e+001  4.7953022e+001  4.5562767e+001  4.2505188e+001  4.6212605e+001
 -1.0666667e-001  4.5751938e+001  3.8436962e+001  4.3448345e+001  4.7945137e+001  4.5524929e+001  4.2491291e+001  4.6196255e+001
 -1.0000000e-001  4.5758095e+001  3.8448227e+001  4.3453430e+001  4.7916630e+001  4.5553482e+001  4.2518490e+001  4.6215233e+001
 -9.3333333e-002  4.5746151e+001  3.8450966e+001  4.3445831e+001  4.7943920e+001  4.5577534e+001  4.2522625e+001  4.6211147e+001
 -8.6666667e-002  4.5751835e+001  3.8475681e+001  4.3438725e+001  4.7936275e+001  4.5582043e+001  4.2512115e+001  4.6227093e+001
 -8.0000000e-002  4.5760674e+001  3.8470390e+001  4.3425354e+001  4.7927975e+001  4.5562145e+001  4.2526081e+001  4.6244003e+001
 -7.3333333e-002  4.5735172e+001  3.8480804e+001  4.3473759e+001  4.7890770e+001  4.5564785e+001  4.2538029e+001  4.6248158e+001
 -6.6666667e-002  4.5754997e+001  3.8500648e+001  4.3485073e+001  4.7916214e+001  4.5570889e+001  4.2540138e+001  4.6266727e+001
 -6.0000000e-002  4.5778481e+001  3.8496105e+001  4.3487518e+001  4.7922478e+001  4.5557598e+001  4.2535423e+001  4.6250294e+001
 -5.3333333e-002  4.5788116e+001  3.8499561e+001  4.3519455e+001  4.7955009e+001  4.5528561e+001  4.2543636e+001  4.6255394e+001
 -4.6666667e-002  4.5778919e+001  3.8493378e+001  4.3514416e+001  4.8007984e+001  4.5500645e+001  4.2526730e+001  4.6255074e+001
 -4.0000000e-002  4.5796970e+001  3.8487335e+001  4.3519928e+001  4.8009750e+001  4.5519329e+001  4.2511658e+001  4.6283428e+001
 -3.3333333e-002  4.5786388e+001  3.8514759e+001  4.3531441e+001  4.8027130e+001  4.5525444e+001  4.2538120e+001  4.6322556e+001
 -2.6666667e-002  4.5810841e+001  3.8512104e+001  4.3543373e+001  4.8062222e+001  4.5526638e+001  4.2561485e+001  4.6314709e+001
 -2.0000000e-002  4.5789761e+001  3.8504486e+001  4.3526901e+001  4.8084400e+001  4.5507469e+001  4.2553249e+001  4.6347576e+001
 -1.3333333e-002  4.5818302e+001  3.8513454e+001  4.3517868e+001  4.8031055e+001  4.5537670e+001  4.2556053e+001  4.6376854e+001
 -6.6666667e-003  4.5820709e+001  3.8480778e+001  4.3531719e+001  4.8039280e+001  4.5529549e+001  4.2575432e+001  4.6368149e+001
  0.0000000e+000  4.5819798e+001  3.8472443e+001  4.3523247e+001  4.8070129e+001  4.5513931e+001  4.2579937e+001  4.6363091e+001
  6.6666667e-003  4.5819889e+001  3.8490444e+001  4.3526337e+001  4.8048145e+001  4.5526207e+001  4.2573460e+001  4.6414612e+001
  1.3333333e-002  4.5793213e+001  3.8499481e+001  4.3514099e+001  4.8034779e+001  4.5554890e+001  4.2584877e+001  4.6402790e+001
  2.0000000e-002  4.5825272e+001  3.8530045e+001  4.3506657e+001  4.8055206e+001  4.5571526e+001  4.2604630e+001  4.6392155e+001
  2.6666667e-002  4.5827145e+001  3.8533062e+001  4.3545216e+001  4.8023487e+001  4.5586628e+001  4.2605629e+001  4.6399036e+001
  3.3333333e-002  4.5832325e+001  3.8521423e+001  4.3535282e+001  4.8023247e+001  4.5576122e+001  4.2599754e+001  4.6397408e+001
  4.0000000e-002  4.5785919e+001  3.8526115e+001  4.3575706e+001  4.8079391e+001  4.5570641e+001  4.2625053e+001  4.6390846e+001
  4.6666667e-002  4.5780071e+001  3.8538418e+001  4.3574055e+001  4.8089062e+001  4.5556438e+001  4.2604027e+001  4.6430798e+001
  5.3333333e-002  4.5771629e+001  3.8522133e+001  4.3535194e+001  4.8111832e+001  4.5615849e+001  4.2564816e+001  4.6446072e+001
  6.0000000e-002  4.5753223e+001  3.8533703e+001  4.3550980e+001  4.8070549e+001  4.5601551e+001  4.2538834e+001  4.6433674e+001
  6.6666667e-002  4.5736782e+001  3.8536575e+001  4.3585464e+001  4.8060738e+001  4.5627129e+001  4.2462723e+001  4.6418026e+001
  7.3333333e-002  4.5730984e+001  3.8514252e+001  4.3584091e+001  4.8060421e+001  4.5642338e+001  4.2352722e+001  4.6421188e+001
  8.0000000e-002  4.5719051e+001  3.8502926e+001  4.3599251e+001  4.8073780e+001  4.5610725e+001  4.2222378e+001  4.6349552e+001
  8.6666667e-002  4.5712708e+001  3.8516979e+001  4.3602074e+001  4.8066154e+001  4.5588085e+001  4.2088600e+001  4.6249363e+001
  9.3333333e-002  4.5695805e+001  3.8486858e+001  4.3624443e+001  4.8089195e+001  4.5586369e+001  4.1923492e+001  4.6083942e+001
  1.0000000e-001  4.5645264e+001  3.8475124e+001  4.3643688e+001  4.8124306e+001  4.5611641e+001  4.1739925e+001  4.5870186e+001
  1.0666667e-001  4.5657902e+001  3.8466000e+001  4.3611874e+001  4.8145859e+001  4.5624390e+001  4.1571583e+001  4.5577572e+001
  1.1333333e-001  4.5640839e+001  3.8410458e+001  4.3662582e+001  4.8098961e+001  4.5634724e+001  4.1389706e+001  4.5243946e+001
  1.2000000e-001  4.5616611e+001  3.8300777e+001  4.3682350e+001  4.7970627e+001  4.5554413e+001  4.1205910e+001  4.4878326e+001
  1.2666667e-001  4.5523788e+001  3.8104095e+001  4.3678677e+001  4.7689453e+001  4.5471870e+001  4.1025188e+001  4.4390228e+001
  1.3333333e-001  4.5341442e+001  3.7852955e+001  4.3639812e+001  4.7332920e+001  4.5293091e+001  4.0806889e+001  4.3694897e+001
  1.4000000e-001  4.5094551e+001  3.7604771e+001  4.3509827e+001  4.6960407e+001  4.5024811e+001  4.0644978e+001  4.2831768e+001
  1.4666667e-001  4.4840515e+001  3.7377892e+001  4.3273552e+001  4.6603638e+001  4.4683266e+001  4.0441628e+001  4.1933563e+001
  1.5333333e-001  4.4586845e+001  3.6986248e+001  4.2995388e+001  4.6096066e+001  4.4341667e+001  4.0146118e+001  4.1054371e+001
  1.6000000e-001  4.4281651e+001  3.6179142e+001  4.2701252e+001  4.5314518e+001  4.3912575e+001  3.9730820e+001  4.0192871e+001
  1.6666667e-001  4.3788914e+001  3.5146526e+001  4.2348484e+001  4.4312870e+001  4.3358608e+001  3.9219418e+001  3.9347614e+001
  1.7333333e-001  4.2883270e+001  3.4190590e+001  4.1874489e+001  4.3317841e+001  4.2599384e+001  3.8637276e+001  3.8590763e+001
  1.8000000e-001  4.1894588e+001  3.3378883e+001  4.1147076e+001  4.2462513e+001  4.1697815e+001  3.8085709e+001  3.7943607e+001
  1.8666667e-001  4.1107681e+001  3.2555984e+001  4.0195316e+001  4.1725780e+001  4.0816311e+001  3.7588043e+001  3.7319504e+001
  1.9333333e-001  4.0408260e+001  3.1777575e+001  3.9204247e+001  4.0995003e+001  3.9955849e+001  3.7233074e+001  3.6707615e+001
  2.0000000e-001  3.9757435e+001  3.1142710e+001  3.8322617e+001  4.0413551e+001  3.9106899e+001  3.6980412e+001  3.6064964e+001
  2.0666667e-001  3.9052483e+001  3.0561911e+001  3.7636360e+001  3.9936069e+001  3.8167614e+001  3.6750534e+001  3.5231091e+001
  2.1333333e-001  3.8247139e+001  2.9982056e+001  3.7035023e+001  3.9524979e+001  3.7236759e+001  3.6529087e+001  3.4235573e+001
  2.2000000e-001  3.7389553e+001  2.9307486e+001  3.6403008e+001  3.9092865e+001  3.6293274e+001  3.6334743e+001  3.3128395e+001
  2.2666667e-001  3.6309906e+001  2.8432331e+001  3.5674572e+001  3.8581524e+001  3.5308071e+001  3.6140999e+001  3.1998610e+001
  2.3333333e-001  3.4945961e+001  2.7328775e+001  3.4839813e+001  3.8052036e+001  3.4331017e+001  3.6001431e+001  3.0980595e+001
  2.4000000e-001  3.3280411e+001  2.6159897e+001  3.3934479e+001  3.7413902e+001  3.3225677e+001  3.5823753e+001  3.0140461e+001
  2.4666667e-001  3.1446577e+001  2.5069193e+001  3.3031452e+001  3.6788143e+001  3.1948706e+001  3.5584171e+001  2.9473738e+001
  2.5333333e-001  2.9671062e+001  2.4295874e+001  3.2181313e+001  3.6188473e+001  3.0686148e+001  3.5239109e+001  2.8969473e+001
  2.6000000e-001  2.8240221e+001  2.3884068e+001  3.1387415e+001  3.5647766e+001  2.9527100e+001  3.4885067e+001  2.8579554e+001
  2.6666667e-001  2.7271734e+001  2.3719627e+001  3.0698381e+001  3.5232613e+001  2.8658979e+001  3.4459965e+001  2.8206106e+001
  2.7333333e-001  2.6590254e+001  2.3672831e+001  3.0221046e+001  3.4773048e+001  2.7959089e+001  3.4041187e+001  2.7839504e+001
  2.8000000e-001  2.6095226e+001  2.3627369e+001  2.9947409e+001  3.4301071e+001  2.7522728e+001  3.3484650e+001  2.7487829e+001
  2.8666667e-001  2.5747599e+001  2.3525229e+001  2.9812096e+001  3.3835285e+001  2.7256018e+001  3.2851025e+001  2.7190868e+001
  2.9333333e-001  2.5271255e+001  2.3224186e+001  2.9588495e+001  3.3268204e+001  2.7007769e+001  3.2133823e+001  2.6994946e+001
  3.0000000e-001  2.4578928e+001  2.2660379e+001  2.9142307e+001  3.2534874e+001  2.6749968e+001  3.1402273e+001  2.6952324e+001
  3.0666667e-001  2.3799011e+001  2.1947468e+001  2.8463678e+001  3.1741417e+001  2.6245146e+001  3.0719204e+001  2.6927341e+001
  3.1333333e-001  2.2898088e+001  2.1131262e+001  2.7521309e+001  3.0930891e+001  2.5407694e+001  3.0075867e+001  2.6739273e+001
  3.2000000e-001  2.2007998e+001  2.0404234e+001  2.6313133e+001  3.0107922e+001  2.4309359e+001  2.9453981e+001  2.6337734e+001
  3.2666667e-001  2.1324965e+001  1.9745785e+001  2.5139835e+001  2.9459627e+001  2.3158520e+001  2.8755226e+001  2.5771435e+001
  3.3333333e-001  2.0923334e+001  1.9095827e+001  2.4025419e+001  2.8984690e+001  2.2101105e+001  2.7962675e+001  2.5046810e+001
  3.4000000e-001  2.0767458e+001  1.8428980e+001  2.3072327e+001  2.8546452e+001  2.1092497e+001  2.7006983e+001  2.4227917e+001
  3.4666667e-001  2.0805395e+001  1.7859119e+001  2.2311071e+001  2.8085121e+001  2.0136103e+001  2.6036997e+001  2.3361586e+001
  3.5333333e-001  2.0850082e+001  1.7223331e+001  2.1654633e+001  2.7551256e+001  1.9452372e+001  2.5073221e+001  2.2399420e+001
  3.6000000e-001  2.0805471e+001  1.6609558e+001  2.1074013e+001  2.7008169e+001  1.8973761e+001  2.4077938e+001  2.1442934e+001
  3.6666667e-001  2.0562996e+001  1.6047718e+001  2.0569004e+001  2.6373930e+001  1.8576920e+001  2.3144896e+001  2.0517075e+001
  3.7333333e-001  2.0148951e+001  1.5555805e+001  2.0099716e+001  2.5643545e+001  1.8257912e+001  2.2292494e+001  1.9687384e+001
  3.8000000e-001  1.9553707e+001  1.5059882e+001  1.9580675e+001  2.4862478e+001  1.8022783e+001  2.1573931e+001  1.8978971e+001
  3.8666667e-001  1.8659309e+001  1.4527643e+001  1.8959274e+001  2.4002975e+001  1.7809271e+001  2.0961679e+001  1.8475718e+001
  3.9333333e-001  1.7383265e+001  1.3947757e+001  1.8285248e+001  2.3263523e+001  1.7397707e+001  2.0540142e+001  1.8170305e+001
  4.0000000e-001  1.5655500e+001  1.3465303e+001  1.7630016e+001  2.2606911e+001  1.6884735e+001  2.0305565e+001  1.8097589e+001
  4.0666667e-001  1.3630366e+001  1.3016095e+001  1.7014784e+001  2.2096214e+001  1.6691683e+001  2.0146338e+001  1.8294031e+001
  4.1333333e-001  1.1592021e+001  1.2446996e+001  1.6384239e+001  2.1722157e+001  1.6511913e+001  2.0050415e+001  1.8674709e+001
  4.2000000e-001  9.4582240e+000  1.1696120e+001  1.5798007e+001  2.1448973e+001  1.6978846e+001  2.0045998e+001  1.9134626e+001
  4.2666667e-001  7.3872360e+000  1.0889927e+001  1.5239899e+001  2.1280775e+001  1.6939873e+001  2.0173309e+001  1.9719913e+001
  4.3333333e-001  5.5490280e+000  1.0137537e+001  1.4661494e+001  2.1177193e+001  1.5699782e+001  2.0337503e+001  2.0373594e+001
  4.4000000e-001  3.9781170e+000  9.4835260e+000  1.4044230e+001  2.1141832e+001  1.6715099e+001  2.0676268e+001  2.1087961e+001
  4.4666667e-001  2.9331940e+000  8.9702340e+000  1.3395565e+001  2.1173634e+001  1.8070837e+001  2.1205219e+001  2.1802652e+001
  4.5333333e-001  2.4879860e+000  8.6280770e+000  1.2850401e+001  2.1174988e+001  1.7917427e+001  2.1900719e+001  2.2492750e+001
  4.6000000e-001  2.4240140e+000  8.3995940e+000  1.2408559e+001  2.1166523e+001  1.8410351e+001  2.2574135e+001  2.3177719e+001
  4.6666667e-001  2.4543240e+000  8.3161650e+000  1.2124419e+001  2.1173254e+001  1.8944513e+001  2.3254770e+001  2.3789957e+001
  4.7333333e-001  2.4434850e+000  8.3637960e+000  1.2105262e+001  2.1185410e+001  1.9260204e+001  2.3806833e+001  2.4339886e+001
  4.8000000e-001  2.3296470e+000  8.5603850e+000  1.2282844e+001  2.1286674e+001  1.9756327e+001  2.4219614e+001  2.4837523e+001
  4.8666667e-001  2.1239640e+000  8.9393730e+000  1.2579477e+001  2.1489023e+001  2.1231583e+001  2.4474192e+001  2.5377748e+001
  4.9333333e-001  1.8876600e+000  9.4116370e+000  1.2918725e+001  2.1692051e+001  2.1733904e+001  2.4589987e+001  2.5916859e+001
  5.0000000e-001  1.6753850e+000  9.9281150e+000  1.3258268e+001  2.2016109e+001  2.1619753e+001  2.4645916e+001  2.6491339e+001
  5.0666667e-001  1.5784540e+000  1.0376905e+001  1.3700976e+001  2.2424723e+001  2.2004467e+001  2.4726965e+001  2.7162828e+001
  5.1333333e-001  1.5553900e+000  1.0793893e+001  1.4153282e+001  2.2900389e+001  2.2141972e+001  2.4948275e+001  2.7896395e+001
  5.2000000e-001  1.6063800e+000  1.1118186e+001  1.4622061e+001  2.3481554e+001  2.2097048e+001  2.5288916e+001  2.8760267e+001
  5.2666667e-001  1.7346600e+000  1.1367305e+001  1.5167606e+001  2.4201509e+001  2.1932030e+001  2.5689220e+001  2.9671438e+001
  5.3333333e-001  1.8612010e+000  1.1533354e+001  1.5644984e+001  2.4994219e+001  2.1621439e+001  2.6223059e+001  3.0631203e+001
  5.4000000e-001  1.9602810e+000  1.1610256e+001  1.6053148e+001  2.5867582e+001  2.1277433e+001  2.6869722e+001  3.1564962e+001
  5.4666667e-001  2.0867240e+000  1.1585838e+001  1.6463339e+001  2.6790131e+001  2.1150108e+001  2.7575241e+001  3.2561268e+001
  5.5333333e-001  2.2816610e+000  1.1531467e+001  1.6866812e+001  2.7670534e+001  2.0971638e+001  2.8343224e+001  3.3600410e+001
  5.6000000e-001  2.5237740e+000  1.1563728e+001  1.7302616e+001  2.8477310e+001  2.1093607e+001  2.9216576e+001  3.4612167e+001
  5.6666667e-001  2.7406310e+000  1.1659464e+001  1.7757927e+001  2.9167351e+001  2.1488222e+001  3.0223759e+001  3.5666340e+001
  5.7333333e-001  3.0372400e+000  1.1798290e+001  1.8256168e+001  2.9780243e+001  2.1796745e+001  3.1163595e+001  3.6765533e+001
  5.8000000e-001  3.2785850e+000  1.1987726e+001  1.8747416e+001  3.0246428e+001  2.2146778e+001  3.2129864e+001  3.7845512e+001
  5.8666667e-001  3.5261990e+000  1.2236234e+001  1.9249924e+001  3.0704033e+001  2.2527117e+001  3.3111069e+001  3.8880257e+001
  5.9333333e-001  3.6450260e+000  1.2481725e+001  1.9757030e+001  3.1208330e+001  2.2912048e+001  3.4035877e+001  3.9910656e+001
  6.0000000e-001  3.8278030e+000  1.2772332e+001  2.0367529e+001  3.1740282e+001  2.3166059e+001  3.4965668e+001  4.0850544e+001
  6.0666667e-001  4.1333070e+000  1.3144697e+001  2.1020601e+001  3.2387764e+001  2.3563463e+001  3.5866604e+001  4.1733105e+001
  6.1333333e-001  3.6387950e+000  1.3685649e+001  2.1614975e+001  3.3101711e+001  2.4086866e+001  3.6736359e+001  4.2576660e+001
  6.2000000e-001  3.6975770e+000  1.4319434e+001  2.2287735e+001  3.3820820e+001  2.4392475e+001  3.7628777e+001  4.3341213e+001
  6.2666667e-001  4.5700010e+000  1.5031349e+001  2.2844320e+001  3.4493053e+001  2.4713303e+001  3.8419987e+001  4.4079037e+001
  6.3333333e-001  4.8385390e+000  1.5820355e+001  2.3426922e+001  3.5102287e+001  2.4982418e+001  3.9199989e+001  4.4745579e+001
  6.4000000e-001  5.0515410e+000  1.6666193e+001  2.4007923e+001  3.5749786e+001  2.5261499e+001  4.0004749e+001  4.5378399e+001
  6.4666667e-001  5.1537080e+000  1.7591734e+001  2.4658894e+001  3.6264965e+001  2.5554604e+001  4.0756516e+001  4.5901299e+001
  6.5333333e-001  5.3336790e+000  1.8491348e+001  2.5344084e+001  3.6772167e+001  2.5804302e+001  4.1455399e+001  4.6397091e+001
  6.6000000e-001  5.6029510e+000  1.9410469e+001  2.6135689e+001  3.7238201e+001  2.6005499e+001  4.2172752e+001  4.6816212e+001
  6.6666667e-001  6.0375200e+000  2.0362186e+001  2.7043184e+001  3.7709999e+001  2.6216694e+001  4.2889812e+001  4.7233490e+001
  6.7333333e-001  6.3944680e+000  2.1242889e+001  2.8029003e+001  3.8169910e+001  2.6383097e+001  4.3588432e+001  4.7666531e+001
  6.8000000e-001  6.7226830e+000  2.2024982e+001  2.9077072e+001  3.8605816e+001  2.6500267e+001  4.4236698e+001  4.8020439e+001
  6.8666667e-001  7.2278720e+000  2.2757612e+001  3.0092024e+001  3.9043629e+001  2.6618530e+001  4.4890656e+001  4.8426067e+001
  6.9333333e-001  7.7750120e+000  2.3463459e+001  3.1180941e+001  3.9502872e+001  2.6768635e+001  4.5537624e+001  4.8831951e+001
  7.0000000e-001  8.3478190e+000  2.4106302e+001  3.2324310e+001  4.0001064e+001  2.6999748e+001  4.6275982e+001  4.9249073e+001
  7.0666667e-001  8.8781250e+000  2.4687149e+001  3.3552792e+001  4.0490410e+001  2.7184048e+001  4.6982235e+001  4.9711906e+001
  7.1333333e-001  9.4705840e+000  2.5200066e+001  3.4852257e+001  4.1014618e+001  2.7462015e+001  4.7664795e+001  5.0196651e+001
  7.2000000e-001  9.9997720e+000  2.5702780e+001  3.6135468e+001  4.1611458e+001  2.7736639e+001  4.8293270e+001  5.0654572e+001
  7.2666667e-001  1.0521928e+001  2.6179237e+001  3.7471397e+001  4.2263866e+001  2.8051523e+001  4.8818913e+001  5.1067451e+001
  7.3333333e-001  1.1019514e+001  2.6648018e+001  3.8805580e+001  4.2876026e+001  2.8291697e+001  4.9298218e+001  5.1475605e+001
  7.4000000e-001  1.1482231e+001  2.7109257e+001  4.0055614e+001  4.3502899e+001  2.8559082e+001  4.9678806e+001  5.1929371e+001
  7.4666667e-001  1.1966844e+001  2.7602600e+001  4.1210781e+001  4.4217194e+001  2.8835560e+001  4.9913177e+001  5.2345951e+001
  7.5333333e-001  1.2388924e+001  2.8147320e+001  4.2195469e+001  4.4934669e+001  2.9133572e+001  5.0150509e+001  5.2765533e+001
  7.6000000e-001  1.2769531e+001  2.8686287e+001  4.2998928e+001  4.5590519e+001  2.9351389e+001  5.0304955e+001  5.3148663e+001
  7.6666667e-001  1.3132215e+001  2.9240252e+001  4.3627029e+001  4.6271740e+001  2.9603731e+001  5.0409805e+001  5.3541691e+001
  7.7333333e-001  1.3459683e+001  2.9784328e+001  4.4068970e+001  4.6908379e+001  2.9812290e+001  5.0471310e+001  5.3923611e+001
  7.8000000e-001  1.3726099e+001  3.0320009e+001  4.4380939e+001  4.7512417e+001  2.9943871e+001  5.0595772e+001  5.4327450e+001
  7.8666667e-001  1.3918447e+001  3.0807173e+001  4.4625679e+001  4.8141785e+001  3.0099951e+001  5.0726124e+001  5.4697659e+001
  7.9333333e-001  1.4078286e+001  3.1210960e+001  4.4832790e+001  4.8651691e+001  3.0226364e+001  5.0843578e+001  5.5080360e+001
  8.0000000e-001  1.4178759e+001  3.1607294e+001  4.5022991e+001  4.9213787e+001  3.0440388e+001  5.0977253e+001  5.5413380e+001
  8.0666667e-001  1.4261094e+001  3.1989185e+001  4.5189247e+001  4.9812393e+001  3.0676552e+001  5.1148113e+001  5.5661934e+001
  8.1333333e-001  1.4407736e+001  3.2337139e+001  4.5369884e+001  5.0358128e+001  3.0874222e+001  5.1341408e+001  5.5858379e+001
  8.2000000e-001  1.4535043e+001  3.2664600e+001  4.5624100e+001  5.0841702e+001  3.1054432e+001  5.1566631e+001  5.5995533e+001
  8.2666667e-001  1.4689277e+001  3.2979836e+001  4.5904629e+001  5.1356117e+001  3.1268549e+001  5.1806988e+001  5.6083065e+001
  8.3333333e-001  1.4827267e+001  3.3275326e+001  4.6262619e+001  5.1872105e+001  3.1515350e+001  5.2047962e+001  5.6147327e+001
  8.4000000e-001  1.5036993e+001  3.3617092e+001  4.6614822e+001  5.2345482e+001  3.1712637e+001  5.2264458e+001  5.6190487e+001
  8.4666667e-001  1.5255742e+001  3.3938545e+001  4.7063324e+001  5.2767387e+001  3.1865223e+001  5.2448929e+001  5.6294907e+001
  8.5333333e-001  1.5456059e+001  3.4237217e+001  4.7531944e+001  5.3215725e+001  3.2036972e+001  5.2623325e+001  5.6415577e+001
  8.6000000e-001  1.5653226e+001  3.4552132e+001  4.8050850e+001  5.3739120e+001  3.2204929e+001  5.2774029e+001  5.6521053e+001
  8.6666667e-001  1.5932219e+001  3.4855881e+001  4.8595791e+001  5.4155369e+001  3.2427090e+001  5.2863003e+001  5.6665272e+001
  8.7333333e-001  1.6185364e+001  3.5161201e+001  4.9124882e+001  5.4557446e+001  3.2571331e+001  5.2905910e+001  5.6817066e+001
  8.8000000e-001  1.6461599e+001  3.5473518e+001  4.9655155e+001  5.4985409e+001  3.2615562e+001  5.2928364e+001  5.6946289e+001
  8.8666667e-001  1.6695549e+001  3.5809223e+001  5.0278336e+001  5.5382248e+001  3.2729763e+001  5.2975395e+001  5.7112778e+001
  8.9333333e-001  1.6954714e+001  3.6120155e+001  5.0875374e+001  5.5737480e+001  3.2882290e+001  5.3020008e+001  5.7235752e+001
  9.0000000e-001  1.7192110e+001  3.6426746e+001  5.1486061e+001  5.6064655e+001  3.3004951e+001  5.3047787e+001  5.7378986e+001
  9.0666667e-001  1.7374224e+001  3.6719013e+001  5.2145164e+001  5.6376667e+001  3.3061661e+001  5.3114044e+001  5.7545021e+001
  9.1333333e-001  1.7613710e+001  3.6992085e+001  5.2846905e+001  5.6630650e+001  3.3144241e+001  5.3227673e+001  5.7689377e+001
  9.2000000e-001  1.7853127e+001  3.7256111e+001  5.3531761e+001  5.6807831e+001  3.3182945e+001  5.3357674e+001  5.7810017e+001
  9.2666667e-001  1.8055176e+001  3.7594498e+001  5.4229542e+001  5.6961807e+001  3.3205418e+001  5.3515320e+001  5.7887867e+001
  9.3333333e-001  1.8243891e+001  3.7925888e+001  5.4910534e+001  5.7102928e+001  3.3281048e+001  5.3729874e+001  5.7977024e+001
  9.4000000e-001  1.8415258e+001  3.8249130e+001  5.5523655e+001  5.7199802e+001  3.3255924e+001  5.3956711e+001  5.8021023e+001
  9.4666667e-001  1.8596434e+001  3.8517788e+001  5.6127754e+001  5.7247139e+001  3.3302929e+001  5.4207813e+001  5.8099270e+001
  9.5333333e-001  1.8761795e+001  3.8792068e+001  5.6702213e+001  5.7313656e+001  3.3317825e+001  5.4447712e+001  5.8126904e+001
  9.6000000e-001  1.8919418e+001  3.9043350e+001  5.7252048e+001  5.7373096e+001  3.3248428e+001  5.4655140e+001  5.8130756e+001
  9.6666667e-001  1.9075657e+001  3.9276581e+001  5.7862194e+001  5.7363167e+001  3.3199673e+001  5.4824039e+001  5.8172714e+001
  9.7333333e-001  1.9281776e+001  3.9464306e+001  5.8446667e+001  5.7340443e+001  3.3164173e+001  5.4899807e+001  5.8196915e+001
  9.8000000e-001  1.9402546e+001  3.9658314e+001  5.9075912e+001  5.7276424e+001  3.3118393e+001  5.4917030e+001  5.8183792e+001
  9.8666667e-001  1.9539196e+001  3.9783661e+001  5.9753029e+001  5.7181496e+001  3.3039799e+001  5.4928795e+001  5.8198158e+001
  9.9333333e-001  1.9695871e+001  3.9974564e+001  6.0417953e+001  5.7151215e+001  3.3031567e+001  5.4923061e+001  5.8162899e+001
  1.0000000e+000  1.9861437e+001  4.0118919e+001  6.1144367e+001  5.7237156e+001  3.2922062e+001  5.4904594e+001  5.8154060e+001
  1.0066667e+000  2.0033175e+001  4.0184067e+001  6.1851257e+001  5.7274319e+001  3.2909256e+001  5.4820827e+001  5.8147621e+001
  1.0133333e+000  2.0239824e+001  4.0247517e+001  6.2572636e+001  5.7319592e+001  3.2943050e+001  5.4761585e+001  5.8148842e+001
  1.0200000e+000  2.0446085e+001  4.0270927e+001  6.3143173e+001  5.7415901e+001  3.2928806e+001  5.4709530e+001  5.8165222e+001
  1.0266667e+000  2.0612123e+001  4.0272800e+001  6.3743286e+001  5.7526695e+001  3.2927589e+001  5.4623169e+001  5.8149029e+001
  1.0333333e+000  2.0815701e+001  4.0203445e+001  6.4237366e+001  5.7629948e+001  3.2952229e+001  5.4550735e+001  5.8150146e+001
  1.0400000e+000  2.0953623e+001  4.0106873e+001  6.4674866e+001  5.7751400e+001  3.2975750e+001  5.4523071e+001  5.8176395e+001
  1.0466667e+000  2.1103361e+001  4.0023983e+001  6.5066216e+001  5.7852489e+001  3.2995308e+001  5.4467449e+001  5.8182476e+001
  1.0533333e+000  2.1212057e+001  3.9912849e+001  6.5397560e+001  5.7929798e+001  3.3006474e+001  5.4421532e+001  5.8218414e+001
  1.0600000e+000  2.1304544e+001  3.9825260e+001  6.5727852e+001  5.7976135e+001  3.3056824e+001  5.4370754e+001  5.8217453e+001
  1.0666667e+000  2.1349916e+001  3.9745602e+001  6.6140549e+001  5.8034424e+001  3.3090454e+001  5.4323700e+001  5.8240948e+001
  1.0733333e+000  2.1395502e+001  3.9631458e+001  6.6477310e+001  5.8026112e+001  3.3059906e+001  5.4263683e+001  5.8213192e+001
  1.0800000e+000  2.1450527e+001  3.9551697e+001  6.6692490e+001  5.7972481e+001  3.3034737e+001  5.4212166e+001  5.8158283e+001
  1.0866667e+000  2.1460611e+001  3.9469925e+001  6.6976158e+001  5.7973827e+001  3.3036964e+001  5.4215878e+001  5.8118164e+001
  1.0933333e+000  2.1429184e+001  3.9457073e+001  6.7254166e+001  5.7903809e+001  3.3009972e+001  5.4222485e+001  5.8091839e+001
  1.1000000e+000  2.1452824e+001  3.9452515e+001  6.7541298e+001  5.7784550e+001  3.2983028e+001  5.4249485e+001  5.8080925e+001
  1.1066667e+000  2.1457911e+001  3.9411034e+001  6.7737007e+001  5.7672070e+001  3.2959621e+001  5.4241364e+001  5.8080036e+001
  1.1133333e+000  2.1490465e+001  3.9392628e+001  6.7875160e+001  5.7526962e+001  3.2982395e+001  5.4227627e+001  5.8032261e+001
  1.1200000e+000  2.1518562e+001  3.9292732e+001  6.7977478e+001  5.7323463e+001  3.2972317e+001  5.4212551e+001  5.8022907e+001
  1.1266667e+000  2.1566860e+001  3.9208664e+001  6.8048477e+001  5.7104198e+001  3.3006516e+001  5.4210686e+001  5.8016331e+001
  1.1333333e+000  2.1607967e+001  3.9159843e+001  6.8196404e+001  5.6875599e+001  3.3059578e+001  5.4173107e+001  5.8013626e+001
  1.1400000e+000  2.1623039e+001  3.9103321e+001  6.8309502e+001  5.6603580e+001  3.3104546e+001  5.4144192e+001  5.7994522e+001
  1.1466667e+000  2.1649742e+001  3.9011501e+001  6.8386261e+001  5.6270134e+001  3.3191467e+001  5.4129677e+001  5.7965714e+001
  1.1533333e+000  2.1694077e+001  3.8901958e+001  6.8419685e+001  5.5920048e+001  3.3229725e+001  5.4060478e+001  5.7889091e+001
  1.1600000e+000  2.1781391e+001  3.8822281e+001  6.8458282e+001  5.5578400e+001  3.3284992e+001  5.4012177e+001  5.7811829e+001
  1.1666667e+000  2.1805557e+001  3.8773170e+001  6.8488541e+001  5.5232853e+001  3.3402786e+001  5.3993492e+001  5.7804787e+001
  1.1733333e+000  2.1788492e+001  3.8781219e+001  6.8435432e+001  5.4910732e+001  3.3568420e+001  5.4001919e+001  5.7786797e+001
  1.1800000e+000  2.1848980e+001  3.8827431e+001  6.8263870e+001  5.4637592e+001  3.3712379e+001  5.3963612e+001  5.7774769e+001
  1.1866667e+000  2.1846489e+001  3.8849316e+001  6.8007446e+001  5.4405369e+001  3.3762169e+001  5.3961666e+001  5.7741615e+001
  1.1933333e+000  2.1883888e+001  3.8841980e+001  6.7842796e+001  5.4104996e+001  3.3876480e+001  5.3912842e+001  5.7729053e+001
  1.2000000e+000  2.1942358e+001  3.8899830e+001  6.7768814e+001  5.3880497e+001  3.3974449e+001  5.3895962e+001  5.7730488e+001
  1.2066667e+000  2.1962906e+001  3.8932949e+001  6.7770813e+001  5.3611725e+001  3.4091877e+001  5.3826546e+001  5.7686352e+001
  1.2133333e+000  2.2016653e+001  3.8978939e+001  6.7749008e+001  5.3277874e+001  3.4229923e+001  5.3783257e+001  5.7671619e+001
  1.2200000e+000  2.2064529e+001  3.9055729e+001  6.7659500e+001  5.2959244e+001  3.4339161e+001  5.3766224e+001  5.7628056e+001
  1.2266667e+000  2.2091755e+001  3.9085556e+001  6.7513885e+001  5.2586250e+001  3.4436375e+001  5.3735283e+001  5.7632030e+001
  1.2333333e+000  2.2191755e+001  3.9087376e+001  6.7357529e+001  5.2233387e+001  3.4558743e+001  5.3738628e+001  5.7600754e+001
  1.2400000e+000  2.2228857e+001  3.9111557e+001  6.7160179e+001  5.1854004e+001  3.4664837e+001  5.3686954e+001  5.7563141e+001
  1.2466667e+000  2.2260988e+001  3.9152508e+001  6.6904099e+001  5.1445103e+001  3.4758007e+001  5.3641727e+001  5.7512241e+001
  1.2533333e+000  2.2307404e+001  3.9160717e+001  6.6803658e+001  5.0984371e+001  3.4797764e+001  5.3633987e+001  5.7491657e+001
  1.2600000e+000  2.2319551e+001  3.9182999e+001  6.7042976e+001  5.0606148e+001  3.4856415e+001  5.3657269e+001  5.7457649e+001
  1.2666667e+000  2.2360004e+001  3.9236000e+001  6.7512466e+001  5.0169582e+001  3.4944763e+001  5.3687489e+001  5.7421886e+001
  1.2733333e+000  2.2407759e+001  3.9293583e+001  6.8076889e+001  4.9711273e+001  3.5072189e+001  5.3659859e+001  5.7396606e+001
  1.2800000e+000  2.2393078e+001  3.9308994e+001  6.8672791e+001  4.9215828e+001  3.5157848e+001  5.3629490e+001  5.7349194e+001
  1.2866667e+000  2.2454927e+001  3.9356426e+001  6.9448677e+001  4.8695850e+001  3.5205753e+001  5.3557899e+001  5.7319126e+001
  1.2933333e+000  2.2455198e+001  3.9409950e+001  7.0386368e+001  4.8243309e+001  3.5319023e+001  5.3543766e+001  5.7251320e+001
  1.3000000e+000  2.2444702e+001  3.9449501e+001  7.1279915e+001  4.7780434e+001  3.5389347e+001  5.3508171e+001  5.7193558e+001
  1.3066667e+000  2.2538982e+001  3.9521362e+001  7.2086563e+001  4.7235943e+001  3.5444538e+001  5.3458042e+001  5.7144604e+001
  1.3133333e+000  2.2552090e+001  3.9540653e+001  7.2815529e+001  4.6769707e+001  3.5483334e+001  5.3384514e+001  5.7108780e+001
  1.3200000e+000  2.2583433e+001  3.9563351e+001  7.3407402e+001  4.6465233e+001  3.5545647e+001  5.3352673e+001  5.7093342e+001
  1.3266667e+000  2.2615711e+001  3.9598591e+001  7.3753159e+001  4.6123638e+001  3.5555679e+001  5.3333614e+001  5.7075901e+001
  1.3333333e+000  2.2655422e+001  3.9562370e+001  7.3922127e+001  4.5753761e+001  3.5521156e+001  5.3285908e+001  5.7043285e+001
  1.3400000e+000  2.2665964e+001  3.9479916e+001  7.3986534e+001  4.5452343e+001  3.5527664e+001  5.3281769e+001  5.7050087e+001
  1.3466667e+000  2.2659113e+001  3.9451492e+001  7.4003967e+001  4.5213261e+001  3.5507034e+001  5.3296486e+001  5.7039562e+001
  1.3533333e+000  2.2654026e+001  3.9378021e+001  7.4009384e+001  4.4903267e+001  3.5460258e+001  5.3342041e+001  5.7003773e+001
  1.3600000e+000  2.2677282e+001  3.9322502e+001  7.4019348e+001  4.4662735e+001  3.5434658e+001  5.3384563e+001  5.6950958e+001
  1.3666667e+000  2.2676643e+001  3.9288406e+001  7.4169434e+001  4.4398533e+001  3.5420612e+001  5.3453003e+001  5.6906631e+001
  1.3733333e+000  2.2651505e+001  3.9280853e+001  7.4450569e+001  4.4125965e+001  3.5361942e+001  5.3496548e+001  5.6881203e+001
  1.3800000e+000  2.2630285e+001  3.9260487e+001  7.4855392e+001  4.3869816e+001  3.5336563e+001  5.3586723e+001  5.6837097e+001
  1.3866667e+000  2.2657404e+001  3.9231640e+001  7.5201370e+001  4.3567104e+001  3.5346222e+001  5.3709156e+001  5.6799404e+001
  1.3933333e+000  2.2704422e+001  3.9196857e+001  7.5477264e+001  4.3314762e+001  3.5281677e+001  5.3764221e+001  5.6793194e+001
  1.4000000e+000  2.2760323e+001  3.9185913e+001  7.5692352e+001  4.3002293e+001  3.5273331e+001  5.3786205e+001  5.6791721e+001
  1.4066667e+000  2.2794567e+001  3.9152687e+001  7.5811256e+001  4.2704609e+001  3.5289967e+001  5.3847290e+001  5.6806557e+001
  1.4133333e+000  2.2818985e+001  3.9134949e+001  7.5848900e+001  4.2366539e+001  3.5317135e+001  5.3898670e+001  5.6765785e+001
  1.4200000e+000  2.2857275e+001  3.9110912e+001  7.5799355e+001  4.2053463e+001  3.5349339e+001  5.3943356e+001  5.6748844e+001
  1.4266667e+000  2.2881205e+001  3.9038532e+001  7.5774368e+001  4.1744923e+001  3.5419090e+001  5.3978062e+001  5.6770283e+001
  1.4333333e+000  2.2887535e+001  3.9006554e+001  7.5876274e+001  4.1441307e+001  3.5498699e+001  5.3960739e+001  5.6716652e+001
  1.4400000e+000  2.2895031e+001  3.8952728e+001  7.6146416e+001  4.1159973e+001  3.5582050e+001  5.3998154e+001  5.6655106e+001
  1.4466667e+000  2.2913361e+001  3.8904854e+001  7.6553986e+001  4.0914310e+001  3.5649765e+001  5.4031574e+001  5.6610542e+001
  1.4533333e+000  2.2917133e+001  3.8915043e+001  7.7068344e+001  4.0692429e+001  3.5788799e+001  5.4067402e+001  5.6576405e+001
  1.4600000e+000  2.2855043e+001  3.8896622e+001  7.7563637e+001  4.0402290e+001  3.5893570e+001  5.4092266e+001  5.6526337e+001
  1.4666667e+000  2.2824314e+001  3.8911026e+001  7.8005936e+001  4.0183784e+001  3.5965862e+001  5.4073994e+001  5.6436947e+001
  1.4733333e+000  2.2814636e+001  3.8975166e+001  7.8278801e+001  4.0078785e+001  3.6022831e+001  5.4072281e+001  5.6348804e+001
  1.4800000e+000  2.2782230e+001  3.9017181e+001  7.8394066e+001  3.9858818e+001  3.6125916e+001  5.4091343e+001  5.6293877e+001
  1.4866667e+000  2.2757750e+001  3.9051682e+001  7.8368584e+001  3.9724155e+001  3.6220680e+001  5.4101978e+001  5.6291409e+001
  1.4933333e+000  2.2792393e+001  3.9046402e+001  7.8251770e+001  3.9639496e+001  3.6342480e+001  5.4056995e+001  5.6265297e+001
  1.5000000e+000  2.2790806e+001  3.9033535e+001  7.8107613e+001  3.9504242e+001  3.6448532e+001  5.4025963e+001  5.6195335e+001
  1.5066667e+000  2.2740957e+001  3.9050007e+001  7.7924423e+001  3.9408882e+001  3.6484306e+001  5.4056614e+001  5.6158848e+001
  1.5133333e+000  2.2762928e+001  3.9017109e+001  7.7702988e+001  3.9298267e+001  3.6529491e+001  5.4022568e+001  5.6144093e+001
  1.5200000e+000  2.2792448e+001  3.8998756e+001  7.7425629e+001  3.9201908e+001  3.6587467e+001  5.4040447e+001  5.6152485e+001
  1.5266667e+000  2.2835283e+001  3.9035831e+001  7.7090454e+001  3.9100483e+001  3.6647518e+001  5.4038105e+001  5.6156673e+001
  1.5333333e+000  2.2779099e+001  3.8987957e+001  7.6786057e+001  3.8955395e+001  3.6720486e+001  5.3997032e+001  5.6152203e+001
  1.5400000e+000  2.2769865e+001  3.8957218e+001  7.6496330e+001  3.8811241e+001  3.6774830e+001  5.4002842e+001  5.6162285e+001
  1.5466667e+000  2.2805973e+001  3.8911499e+001  7.6137436e+001  3.8659527e+001  3.6822174e+001  5.3973064e+001  5.6198959e+001
  1.5533333e+000  2.2820324e+001  3.8865353e+001  7.5754608e+001  3.8462566e+001  3.6861385e+001  5.3930019e+001  5.6205193e+001
  1.5600000e+000  2.2836456e+001  3.8842232e+001  7.5405586e+001  3.8295639e+001  3.6897144e+001  5.3902088e+001  5.6190254e+001
  1.5666667e+000  2.2833082e+001  3.8784107e+001  7.5100960e+001  3.8198792e+001  3.6864155e+001  5.3885326e+001  5.6171188e+001
  1.5733333e+000  2.2819117e+001  3.8734638e+001  7.4921494e+001  3.8072449e+001  3.6858093e+001  5.3872238e+001  5.6176159e+001
  1.5800000e+000  2.2828812e+001  3.8696091e+001  7.4869331e+001  3.7919601e+001  3.6894550e+001  5.3860275e+001  5.6158970e+001
  1.5866667e+000  2.2834154e+001  3.8689232e+001  7.4939842e+001  3.7750095e+001  3.6911102e+001  5.3811970e+001  5.6099426e+001
  1.5933333e+000  2.2883703e+001  3.8669437e+001  7.5161469e+001  3.7611721e+001  3.6893044e+001  5.3771294e+001  5.6066868e+001
  1.6000000e+000  2.2879519e+001  3.8608616e+001  7.5530487e+001  3.7457813e+001  3.6878181e+001  5.3754097e+001  5.6009121e+001
  1.6066667e+000  2.2902742e+001  3.8595505e+001  7.5939430e+001  3.7313663e+001  3.6922817e+001  5.3738537e+001  5.5942169e+001
  1.6133333e+000  2.2910028e+001  3.8609093e+001  7.6354156e+001  3.7194988e+001  3.6939110e+001  5.3737305e+001  5.5883411e+001
  1.6200000e+000  2.2963528e+001  3.8605499e+001  7.6798721e+001  3.7104164e+001  3.6951706e+001  5.3738743e+001  5.5768520e+001
  1.6266667e+000  2.2991388e+001  3.8601089e+001  7.7230164e+001  3.6966843e+001  3.6989777e+001  5.3732117e+001  5.5722134e+001
  1.6333333e+000  2.3012857e+001  3.8560524e+001  7.7618385e+001  3.6840290e+001  3.6945450e+001  5.3770176e+001  5.5679165e+001
  1.6400000e+000  2.3116331e+001  3.8550949e+001  7.7925842e+001  3.6754211e+001  3.6990520e+001  5.3746952e+001  5.5642639e+001
  1.6466667e+000  2.3157028e+001  3.8548950e+001  7.8221603e+001  3.6655979e+001  3.7066074e+001  5.3721252e+001  5.5617012e+001
  1.6533333e+000  2.3115631e+001  3.8553619e+001  7.8615578e+001  3.6619301e+001  3.7101044e+001  5.3786289e+001  5.5599220e+001
  1.6600000e+000  2.3133430e+001  3.8547951e+001  7.8798584e+001  3.6532879e+001  3.7119179e+001  5.3808319e+001  5.5546085e+001
  1.6666667e+000  2.3172028e+001  3.8547539e+001  7.8954758e+001  3.6471008e+001  3.7182823e+001  5.3862244e+001  5.5521790e+001
  1.6733333e+000  2.3233423e+001  3.8529884e+001  7.9254791e+001  3.6440998e+001  3.7226391e+001  5.3888252e+001  5.5463455e+001
  1.6800000e+000  2.3266937e+001  3.8473003e+001  7.8905701e+001  3.6307003e+001  3.7274368e+001  5.3881790e+001  5.5364925e+001
  1.6866667e+000  2.3317154e+001  3.8450310e+001  7.8755234e+001  3.6277237e+001  3.7338623e+001  5.3910591e+001  5.5325138e+001
  1.6933333e+000  2.3344349e+001  3.8409222e+001  7.8588516e+001  3.6293228e+001  3.7420292e+001  5.3973099e+001  5.5276905e+001
  1.7000000e+000  2.3378044e+001  3.8385147e+001  7.8560753e+001  3.6235325e+001  3.7505268e+001  5.4041851e+001  5.5188187e+001
  1.7066667e+000  2.3423773e+001  3.8325703e+001  7.8646255e+001  3.6167587e+001  3.7591167e+001  5.4050743e+001  5.5108837e+001
  1.7133333e+000  2.3441698e+001  3.8253902e+001             NaN  3.6071850e+001  3.7655041e+001  5.4109364e+001  5.4999401e+001
  1.7200000e+000  2.3457628e+001  3.8223740e+001             NaN  3.5973778e+001  3.7738964e+001  5.4072853e+001  5.4981651e+001
  1.7266667e+000  2.3414024e+001  3.8165394e+001  7.9083916e+001  3.5911861e+001  3.7819210e+001  5.4091331e+001  5.4937687e+001
  1.7333333e+000  2.3433037e+001  3.8107452e+001  7.9351181e+001  3.5859386e+001  3.7854443e+001  5.4119099e+001  5.4855499e+001
  1.7400000e+000  2.3456940e+001  3.8088516e+001             NaN  3.5876537e+001  3.7882790e+001  5.4083023e+001  5.4815945e+001
  1.7466667e+000  2.3407776e+001  3.8019554e+001             NaN  3.5883598e+001  3.7929081e+001  5.4061203e+001  5.4716061e+001
  1.7533333e+000  2.3406347e+001  3.7959209e+001  7.9316238e+001  3.5840992e+001  3.7925026e+001  5.4060444e+001  5.4642994e+001
  1.7600000e+000  2.3438263e+001  3.7959805e+001             NaN  3.5820908e+001  3.7969040e+001  5.4070545e+001  5.4618546e+001
  1.7666667e+000  2.3430506e+001  3.7921036e+001             NaN  3.5795155e+001  3.7994541e+001  5.4061245e+001  5.4544792e+001
  1.7733333e+000  2.3445024e+001  3.7879459e+001             NaN  3.5785843e+001  3.7990700e+001  5.4069462e+001  5.4458809e+001
  1.7800000e+000  2.3419643e+001  3.7860619e+001             NaN  3.5782520e+001  3.7983448e+001  5.4097778e+001  5.4370754e+001
  1.7866667e+000  2.3419537e+001  3.7819656e+001             NaN  3.5790474e+001  3.7988842e+001  5.4077843e+001  5.4286503e+001
  1.7933333e+000  2.3423092e+001  3.7751892e+001             NaN  3.5800739e+001  3.8063061e+001  5.4091564e+001  5.4197746e+001
  1.8000000e+000  2.3473673e+001  3.7681431e+001             NaN  3.5816467e+001  3.8065182e+001  5.4153164e+001  5.4079063e+001
  1.8066667e+000  2.3486479e+001  3.7563553e+001             NaN  3.5823883e+001  3.8083988e+001  5.4165207e+001  5.4046791e+001
  1.8133333e+000  2.3489491e+001  3.7516487e+001             NaN  3.5808846e+001  3.8114124e+001  5.4170254e+001  5.3983360e+001
  1.8200000e+000  2.3489254e+001  3.7471039e+001             NaN  3.5776814e+001  3.8144611e+001  5.4171146e+001  5.3865414e+001
  1.8266667e+000  2.3527657e+001  3.7390850e+001             NaN  3.5768837e+001  3.8131023e+001  5.4201710e+001  5.3755985e+001
  1.8333333e+000  2.3534668e+001  3.7280815e+001             NaN  3.5734402e+001  3.8139194e+001  5.4168293e+001  5.3637371e+001
  1.8400000e+000  2.3517763e+001  3.7128986e+001             NaN  3.5791557e+001  3.8155724e+001  5.4171780e+001  5.3525803e+001
  1.8466667e+000  2.3542761e+001  3.7051323e+001             NaN  3.5839470e+001  3.8174282e+001  5.4130375e+001  5.3404087e+001
  1.8533333e+000  2.3558563e+001  3.6963741e+001             NaN  3.5842789e+001  3.8154263e+001  5.4043320e+001  5.3242619e+001
  1.8600000e+000  2.3583595e+001  3.6908146e+001             NaN  3.5835327e+001  3.8179066e+001  5.4041962e+001  5.3130516e+001
  1.8666667e+000  2.3619690e+001  3.6818321e+001             NaN  3.5889721e+001  3.8207268e+001  5.3988708e+001  5.3033958e+001
  1.8733333e+000  2.3662151e+001  3.6740723e+001             NaN  3.5917171e+001  3.8246513e+001  5.3978294e+001  5.2866318e+001
  1.8800000e+000  2.3668545e+001  3.6667706e+001             NaN  3.5920834e+001  3.8304024e+001  5.4010590e+001  5.2731243e+001
  1.8866667e+000  2.3697563e+001  3.6605373e+001             NaN  3.5918884e+001  3.8304573e+001  5.3981323e+001  5.2602646e+001
  1.8933333e+000  2.3765989e+001  3.6551414e+001             NaN  3.5971981e+001  3.8306515e+001  5.3972759e+001  5.2441212e+001
  1.9000000e+000  2.3853104e+001  3.6471363e+001             NaN  3.5971111e+001  3.8314014e+001  5.3969349e+001  5.2275864e+001
  1.9066667e+000  2.3879286e+001  3.6401501e+001             NaN  3.5944344e+001  3.8330498e+001  5.3907475e+001  5.2168674e+001
  1.9133333e+000  2.3899849e+001  3.6355679e+001             NaN  3.6011589e+001  3.8328415e+001  5.3853062e+001  5.1987801e+001
  1.9200000e+000  2.3976112e+001  3.6279060e+001             NaN  3.6082352e+001  3.8326767e+001  5.3813629e+001  5.1771885e+001
  1.9266667e+000  2.4032225e+001  3.6217140e+001             NaN  3.6105339e+001  3.8409088e+001  5.3725643e+001  5.1659439e+001
  1.9333333e+000  2.4092821e+001  3.6123577e+001             NaN  3.6129128e+001  3.8454327e+001  5.3651878e+001  5.1538601e+001
  1.9400000e+000  2.4086836e+001  3.6032608e+001             NaN  3.6173809e+001  3.8497234e+001  5.3569424e+001  5.1332165e+001
  1.9466667e+000  2.4138569e+001  3.5953579e+001             NaN  3.6265713e+001  3.8544365e+001  5.3457863e+001  5.1144756e+001
  1.9533333e+000  2.4161087e+001  3.5889870e+001             NaN  3.6354824e+001  3.8661556e+001  5.3379570e+001  5.0975140e+001
  1.9600000e+000  2.4153963e+001  3.5793789e+001             NaN  3.6345406e+001  3.8740852e+001  5.3252384e+001  5.0851566e+001
  1.9666667e+000  2.4179390e+001  3.5759823e+001             NaN  3.6379749e+001  3.8790691e+001  5.3189281e+001  5.0720150e+001
  1.9733333e+000  2.4198711e+001  3.5697556e+001             NaN  3.6379471e+001  3.8933479e+001  5.3129883e+001  5.0540253e+001
  1.9800000e+000  2.4215176e+001  3.5591541e+001             NaN  3.6380180e+001  3.8990776e+001  5.3078880e+001  5.0372780e+001
  1.9866667e+000  2.4171907e+001  3.5478706e+001             NaN  3.6412571e+001  3.9093433e+001  5.2974884e+001  5.0265526e+001
  1.9933333e+000  2.4159433e+001  3.5420864e+001             NaN  3.6456982e+001  3.9223553e+001  5.2839531e+001  5.0073772e+001
  2.0000000e+000  2.4176304e+001  3.5338242e+001             NaN  3.6545067e+001  3.9304810e+001  5.2769737e+001  4.9894459e+001
