 -5.0000000e-001  6.2706070e+000  1.3174690e+000  2.7533240e+000  7.5731100e-001  9.0604800e-001  1.5510630e+000  6.9872200e-001
 -4.9333333e-001  6.2716200e+000  1.3086210e+000  2.8053260e+000  7.4380400e-001  9.2580000e-001  1.5646270e+000  7.0064600e-001
 -4.8666667e-001  6.2652420e+000  1.3156070e+000  2.8389540e+000  7.4589600e-001  9.1678800e-001  1.5577940e+000  7.1132900e-001
 -4.8000000e-001  6.2705570e+000  1.3167340e+000  2.8891470e+000  7.4206200e-001  9.2486800e-001  1.5708170e+000  7.1231400e-001
 -4.7333333e-001  6.2909740e+000  1.3279740e+000  2.9467850e+000  7.4590100e-001  9.4135400e-001  1.5806750e+000  7.2886800e-001
 -4.6666667e-001  6.2705050e+000  1.2993020e+000  2.9818330e+000  7.5217700e-001  9.2715800e-001  1.5632570e+000  7.1500600e-001
 -4.6000000e-001  6.2658230e+000  1.2977600e+000  3.0091550e+000  7.6128400e-001  9.4475800e-001  1.5631540e+000  7.2600100e-001
 -4.5333333e-001  6.2794410e+000  1.3136720e+000  3.0669550e+000  7.5209100e-001  9.1701300e-001  1.5607800e+000  7.3239100e-001
 -4.4666667e-001  6.2865750e+000  1.3299990e+000  3.0989200e+000  7.5346800e-001  9.3827000e-001  1.5624470e+000  7.1533100e-001
 -4.4000000e-001  6.2850900e+000  1.3179650e+000  3.1117080e+000  7.4398100e-001  9.3610000e-001  1.5660320e+000  7.0522700e-001
 -4.3333333e-001  6.2975260e+000  1.3085620e+000  3.1199370e+000  7.5158300e-001  9.3635700e-001  1.5727340e+000  7.3513300e-001
 -4.2666667e-001  6.3062300e+000  1.3153470e+000  3.1386750e+000  7.2813100e-001  9.4366000e-001  1.5806280e+000  7.1555800e-001
 -4.2000000e-001  6.3220830e+000  1.2867710e+000  3.1589060e+000  7.5616300e-001  9.4811100e-001  1.5743060e+000  7.1001700e-001
 -4.1333333e-001  6.3167420e+000  1.3068290e+000  3.1667990e+000  7.5608900e-001  9.3941900e-001  1.5941320e+000  7.3501100e-001
 -4.0666667e-001  6.3296560e+000  1.2979410e+000  3.1775620e+000  7.4960900e-001  9.3470300e-001  1.5900120e+000  7.4077700e-001
 -4.0000000e-001  6.3485210e+000  1.3005280e+000  3.1542540e+000  7.5277200e-001  9.3166700e-001  1.6061270e+000  7.4972500e-001
 -3.9333333e-001  6.3609620e+000  1.2904850e+000  3.1510660e+000  7.4128300e-001  9.2693000e-001  1.5930080e+000  7.6390300e-001
 -3.8666667e-001  6.3787520e+000  1.2923910e+000  3.1556260e+000  7.3740400e-001  9.1087400e-001  1.6030200e+000  7.6663900e-001
 -3.8000000e-001  6.3743210e+000  1.2914060e+000  3.1461350e+000  7.5531200e-001  9.2833200e-001  1.6317100e+000  7.8665200e-001
 -3.7333333e-001  6.3962740e+000  1.2911930e+000  3.1262170e+000  7.3864300e-001  9.2720200e-001  1.6539810e+000  7.8497600e-001
 -3.6666667e-001  6.4026100e+000  1.2944310e+000  3.1090100e+000  7.4244800e-001  8.9648200e-001  1.6638400e+000  7.8723700e-001
 -3.6000000e-001  6.4148230e+000  1.3020080e+000  3.0782830e+000  7.3646800e-001  9.1762000e-001  1.6913560e+000  7.7993600e-001
 -3.5333333e-001  6.4115450e+000  1.2986460e+000  3.0588820e+000  7.2765400e-001  9.2951900e-001  1.7035740e+000  8.0587000e-001
 -3.4666667e-001  6.4135590e+000  1.3178740e+000  3.0370470e+000  7.4439300e-001  9.2041500e-001  1.7341120e+000  8.1689900e-001
 -3.4000000e-001  6.4172900e+000  1.3152260e+000  2.9948450e+000  7.4255600e-001  9.2063000e-001  1.7483830e+000  8.2504000e-001
 -3.3333333e-001  6.4341230e+000  1.3216640e+000  2.9723980e+000  7.3846000e-001  9.0514800e-001  1.7874270e+000  8.2107400e-001
 -3.2666667e-001  6.4378580e+000  1.3214550e+000  2.9522170e+000  7.3786800e-001  9.2139900e-001  1.8229630e+000  8.2846700e-001
 -3.2000000e-001  6.4509530e+000  1.3295190e+000  2.9303420e+000  7.3916500e-001  9.2864100e-001  1.8601830e+000  8.2251900e-001
 -3.1333333e-001  6.4620600e+000  1.3241290e+000  2.9222090e+000  7.5266700e-001  9.4795200e-001  1.9020320e+000  8.0183900e-001
 -3.0666667e-001  6.4673060e+000  1.3208870e+000  2.9060980e+000  7.5242600e-001  9.3462700e-001  1.9105830e+000  7.9987000e-001
 -3.0000000e-001  6.4776620e+000  1.3286630e+000  2.9026010e+000  7.3836100e-001  9.4749300e-001  1.9589270e+000  8.0166600e-001
 -2.9333333e-001  6.4699140e+000  1.3361700e+000  2.9058310e+000  7.3181800e-001  9.3698100e-001  2.0107020e+000  7.8423600e-001
 -2.8666667e-001  6.4850350e+000  1.3398730e+000  2.8784950e+000  7.4611600e-001  9.3983900e-001  2.0255030e+000  7.7492700e-001
 -2.8000000e-001  6.4819050e+000  1.3213130e+000  2.8837080e+000  7.2729100e-001  9.4213700e-001  2.0579870e+000  7.9310900e-001
 -2.7333333e-001  6.4896350e+000  1.3294050e+000  2.8947660e+000  7.3728200e-001  9.4877300e-001  2.1171320e+000  7.7193100e-001
 -2.6666667e-001  6.4750460e+000  1.3249660e+000  2.8793790e+000  7.3884600e-001  9.2415000e-001  2.1659970e+000  7.9174600e-001
 -2.6000000e-001  6.4912000e+000  1.3381150e+000  2.8933570e+000  7.4942400e-001  9.2167000e-001  2.2127120e+000  7.7579400e-001
 -2.5333333e-001  6.4784860e+000  1.3462280e+000  2.8918560e+000  7.4899000e-001  9.1825700e-001  2.2672050e+000  7.8081900e-001
 -2.4666667e-001  6.4849060e+000  1.3595740e+000  2.8980490e+000  7.4803800e-001  9.0569300e-001  2.3190360e+000  7.8515300e-001
 -2.4000000e-001  6.5260170e+000  1.3592290e+000  2.9136700e+000  7.5278600e-001  8.8937300e-001  2.3744320e+000  7.8710600e-001
 -2.3333333e-001  6.5276830e+000  1.3687700e+000  2.9285290e+000  7.4942100e-001  8.9003500e-001  2.4359100e+000  8.0423100e-001
 -2.2666667e-001  6.5286000e+000  1.3514500e+000  2.9419400e+000  7.6517300e-001  8.8349400e-001  2.5085640e+000  7.9393000e-001
 -2.2000000e-001  6.5451530e+000  1.3736440e+000  2.9579220e+000  7.4497200e-001  8.7725400e-001  2.5597440e+000  7.9678000e-001
 -2.1333333e-001  6.5598780e+000  1.3528960e+000  2.9895860e+000  7.5240000e-001  8.6300500e-001  2.6129920e+000  7.8039800e-001
 -2.0666667e-001  6.5638700e+000  1.3677600e+000  3.0198780e+000  7.5846200e-001  8.5316700e-001  2.6731830e+000  7.8964800e-001
 -2.0000000e-001  6.5604100e+000  1.3760570e+000  3.0234190e+000  7.7150000e-001  8.4576900e-001  2.7482400e+000  7.8488400e-001
 -1.9333333e-001  6.5586600e+000  1.3673190e+000  3.0551240e+000  7.7750400e-001  8.3963100e-001  2.8135300e+000  7.7287800e-001
 -1.8666667e-001  6.5588560e+000  1.3576490e+000  3.0782690e+000  7.7514900e-001  8.5650800e-001  2.8618640e+000  7.8794500e-001
 -1.8000000e-001  6.5756000e+000  1.3534460e+000  3.1029040e+000  7.5769900e-001  8.5389200e-001  2.9301250e+000  7.8739200e-001
 -1.7333333e-001  6.5775130e+000  1.3578330e+000  3.1143700e+000  7.8339800e-001  8.4866800e-001  2.9610110e+000  7.8797900e-001
 -1.6666667e-001  6.5514010e+000  1.3593820e+000  3.1369100e+000  7.7008000e-001  8.6818600e-001  3.0330340e+000  7.8783400e-001
 -1.6000000e-001  6.5486750e+000  1.3490490e+000  3.1395550e+000  7.6653700e-001  8.6794700e-001  3.0804060e+000  7.8045600e-001
 -1.5333333e-001  6.5202670e+000  1.3577120e+000  3.1585000e+000  7.6443100e-001  8.8918300e-001  3.1293900e+000  7.7765100e-001
 -1.4666667e-001  6.5193870e+000  1.3547110e+000  3.1798870e+000  7.5907200e-001  8.7866400e-001  3.1519270e+000  7.8394700e-001
 -1.4000000e-001  6.5339620e+000  1.3442450e+000  3.1735750e+000  7.5077500e-001  8.9407000e-001  3.1910210e+000  8.0000400e-001
 -1.3333333e-001  6.5044260e+000  1.3505550e+000  3.1850560e+000  7.5309000e-001  8.9588600e-001  3.2119200e+000  8.2240500e-001
 -1.2666667e-001  6.5176270e+000  1.3503630e+000  3.1860400e+000  7.6035000e-001  9.0253600e-001  3.2279480e+000  8.3230500e-001
 -1.2000000e-001  6.5177610e+000  1.3278160e+000  3.2011510e+000  7.4613700e-001  9.0916300e-001  3.2403990e+000  8.2721900e-001
 -1.1333333e-001  6.5055800e+000  1.3397570e+000  3.2248810e+000  7.6749400e-001  8.8879500e-001  3.2357240e+000  8.3213000e-001
 -1.0666667e-001  6.5090570e+000  1.3440010e+000  3.2031400e+000  7.6455000e-001  8.8943100e-001  3.2295530e+000  8.5768000e-001
 -1.0000000e-001  6.4998130e+000  1.3322780e+000  3.2008230e+000  7.4774200e-001  8.8994700e-001  3.2360040e+000  8.6218000e-001
 -9.3333333e-002  6.5179540e+000  1.3165350e+000  3.1990920e+000  7.6627700e-001  8.8944800e-001  3.2264010e+000  8.6263100e-001
 -8.6666667e-002  6.5081350e+000  1.3273220e+000  3.2160790e+000  7.6533100e-001  8.7836500e-001  3.2126140e+000  8.5975700e-001
 -8.0000000e-002  6.5030320e+000  1.3379870e+000  3.2077270e+000  7.6585800e-001  8.7462900e-001  3.1901460e+000  8.7590400e-001
 -7.3333333e-002  6.5308910e+000  1.3273120e+000  3.1997870e+000  7.7749000e-001  8.6410600e-001  3.1800510e+000  8.8763800e-001
 -6.6666667e-002  6.5227420e+000  1.3062010e+000  3.1988520e+000  7.7372200e-001  8.7598300e-001  3.1602760e+000  8.8995500e-001
 -6.0000000e-002  6.5217410e+000  1.3101270e+000  3.1984540e+000  7.6482500e-001  8.6266800e-001  3.1332900e+000  9.1510100e-001
 -5.3333333e-002  6.5002220e+000  1.3124820e+000  3.2086690e+000  7.8313900e-001  8.5605900e-001  3.1180130e+000  9.1797200e-001
 -4.6666667e-002  6.4841080e+000  1.3127630e+000  3.2081450e+000  7.6492000e-001  8.4318900e-001  3.1067870e+000  9.4107500e-001
 -4.0000000e-002  6.4844360e+000  1.3038610e+000  3.2039520e+000  7.5091100e-001  8.4182800e-001  3.0919440e+000  9.5234500e-001
 -3.3333333e-002  6.4705390e+000  1.2916310e+000  3.2179710e+000  7.4244600e-001  8.4559000e-001  3.0716620e+000  9.5904500e-001
 -2.6666667e-002  6.4776290e+000  1.2917070e+000  3.2133790e+000  7.4850400e-001  8.4607000e-001  3.0568600e+000  9.9412700e-001
 -2.0000000e-002  6.4866340e+000  1.2773020e+000  3.2190160e+000  7.5198800e-001  8.2709500e-001  3.0658850e+000  9.8123500e-001
 -1.3333333e-002  6.4806910e+000  1.2848450e+000  3.2241800e+000  7.4597900e-001  8.2535800e-001  3.0619750e+000  1.0012310e+000
 -6.6666667e-003  6.5119950e+000  1.2911560e+000  3.2395860e+000  7.4547200e-001  8.2797300e-001  3.0603490e+000  1.0091050e+000
  0.0000000e+000  6.5202630e+000  1.3429770e+000  3.2723850e+000  7.6427200e-001  8.4506100e-001  3.0863170e+000  1.0523500e+000
  6.6666667e-003  6.5738910e+000  1.3814090e+000  3.3216210e+000  7.8883600e-001  8.8654500e-001  3.1278300e+000  1.0959760e+000
  1.3333333e-002  6.6141300e+000  1.4107480e+000  3.3710750e+000  8.1547800e-001  9.2712200e-001  3.1710000e+000  1.1667480e+000
  2.0000000e-002  6.6542130e+000  1.4724190e+000  3.3883190e+000  8.6955100e-001  9.7250800e-001  3.1884870e+000  1.2309860e+000
  2.6666667e-002  6.6708780e+000  1.5099740e+000  3.4393140e+000  9.1374700e-001  1.0109930e+000  3.2194650e+000  1.2810980e+000
  3.3333333e-002  6.6822100e+000  1.5490620e+000  3.4508200e+000  9.3977900e-001  1.0706970e+000  3.2260800e+000  1.3511950e+000
  4.0000000e-002  6.6817010e+000  1.5626260e+000  3.4650050e+000  9.6957600e-001  1.0848040e+000  3.2202640e+000  1.4161220e+000
  4.6666667e-002  6.6670490e+000  1.5747310e+000  3.4481030e+000  9.8839800e-001  1.0627570e+000  3.1973520e+000  1.4442010e+000
  5.3333333e-002  6.6245330e+000  1.5821580e+000  3.4359010e+000  9.6844100e-001  1.0731400e+000  3.1914920e+000  1.4543360e+000
  6.0000000e-002  6.6137710e+000  1.5898910e+000  3.4269000e+000  9.6608400e-001  1.0899330e+000  3.1904790e+000  1.4771810e+000
  6.6666667e-002  6.5940750e+000  1.6163010e+000  3.4123610e+000  9.8422000e-001  1.0637370e+000  3.2103920e+000  1.4901830e+000
  7.3333333e-002  6.6010100e+000  1.6528110e+000  3.4250640e+000  9.6750400e-001  1.0698210e+000  3.2134040e+000  1.5313660e+000
  8.0000000e-002  6.5952620e+000  1.6900320e+000  3.4259050e+000  9.9262500e-001  1.0917380e+000  3.2271570e+000  1.5885760e+000
  8.6666667e-002  6.6217230e+000  1.7701830e+000  3.4292770e+000  1.0388830e+000  1.1164150e+000  3.2328990e+000  1.6557100e+000
  9.3333333e-002  6.6194860e+000  1.8081390e+000  3.4257320e+000  1.0843350e+000  1.1277850e+000  3.2530790e+000  1.6904600e+000
  1.0000000e-001  6.6116240e+000  1.8602350e+000  3.4050030e+000  1.1143400e+000  1.1293030e+000  3.2707510e+000  1.7430510e+000
  1.0666667e-001  6.6087810e+000  1.8856740e+000  3.3655460e+000  1.1674370e+000  1.1553430e+000  3.2778430e+000  1.7689640e+000
  1.1333333e-001  6.5783190e+000  1.9149520e+000  3.3436040e+000  1.1952410e+000  1.1548500e+000  3.3383020e+000  1.7974660e+000
  1.2000000e-001  6.5491150e+000  1.9288540e+000  3.2913130e+000  1.2062660e+000  1.1602820e+000  3.4063030e+000  1.8024670e+000
  1.2666667e-001  6.5476290e+000  1.9421160e+000  3.2454860e+000  1.2183260e+000  1.1575880e+000  3.5154430e+000  1.8112550e+000
  1.3333333e-001  6.5130300e+000  1.9641750e+000  3.1941680e+000  1.2470770e+000  1.1649380e+000  3.6600310e+000  1.8263510e+000
  1.4000000e-001  6.5290040e+000  1.9997880e+000  3.1375860e+000  1.2460620e+000  1.1761430e+000  3.7772150e+000  1.8157920e+000
  1.4666667e-001  6.5692670e+000  2.0574090e+000  3.1126520e+000  1.2809650e+000  1.2078080e+000  3.9203660e+000  1.8116820e+000
  1.5333333e-001  6.6340590e+000  2.0929820e+000  3.0951030e+000  1.3548430e+000  1.2824110e+000  4.0664200e+000  1.8096170e+000
  1.6000000e-001  6.7688290e+000  2.2146300e+000  3.1293320e+000  1.4186060e+000  1.3878500e+000  4.2285110e+000  1.8341930e+000
  1.6666667e-001  6.9449960e+000  2.3943130e+000  3.1658820e+000  1.4952400e+000  1.5565630e+000  4.3679290e+000  1.8891300e+000
  1.7333333e-001  7.2384600e+000  2.6760300e+000  3.2480630e+000  1.5962330e+000  1.8513610e+000  4.4468000e+000  2.0119870e+000
  1.8000000e-001  7.6535690e+000  3.1001410e+000  3.4065960e+000  1.7403090e+000  2.2740380e+000  4.4892490e+000  2.1956050e+000
  1.8666667e-001  8.1447730e+000  3.6229640e+000  3.6496340e+000  1.9134770e+000  2.8647480e+000  4.5554960e+000  2.4752990e+000
  1.9333333e-001  8.7790850e+000  4.3097630e+000  4.0554690e+000  2.1732240e+000  3.5710640e+000  4.7110830e+000  2.8503850e+000
  2.0000000e-001  9.5653840e+000  5.1821890e+000  4.6222620e+000  2.4936530e+000  4.4380970e+000  4.9341200e+000  3.3372540e+000
  2.0666667e-001  1.0464312e+001  6.2276380e+000  5.3642020e+000  2.8720850e+000  5.4573130e+000  5.2431930e+000  3.9028330e+000
  2.1333333e-001  1.1404997e+001  7.4494090e+000  6.2592520e+000  3.2813150e+000  6.5464380e+000  5.5340830e+000  4.5249900e+000
  2.2000000e-001  1.2364971e+001  8.8462380e+000  7.2236160e+000  3.7020890e+000  7.6563600e+000  5.8116880e+000  5.2039830e+000
  2.2666667e-001  1.3261554e+001  1.0380122e+001  8.2179780e+000  4.1625710e+000  8.7259600e+000  6.0863080e+000  5.8790430e+000
  2.3333333e-001  1.4012884e+001  1.1939088e+001  9.1658500e+000  4.6425020e+000  9.7671270e+000  6.3668100e+000  6.4644710e+000
  2.4000000e-001  1.4723201e+001  1.3541587e+001  1.0062708e+001  5.1719420e+000  1.0656864e+001  6.7080790e+000  6.9540700e+000
  2.4666667e-001  1.5363607e+001  1.5001945e+001  1.0877666e+001  5.6870650e+000  1.1386486e+001  7.1246070e+000  7.3644760e+000
  2.5333333e-001  1.6029772e+001  1.6327389e+001  1.1590756e+001  6.1575670e+000  1.1987188e+001  7.5751650e+000  7.6550670e+000
  2.6000000e-001  1.6690142e+001  1.7417547e+001  1.2182595e+001  6.5547270e+000  1.2355143e+001  8.0465670e+000  7.8167360e+000
  2.6666667e-001  1.7237684e+001  1.8331829e+001  1.2583978e+001  6.8630300e+000  1.2591396e+001  8.4889650e+000  7.9016870e+000
  2.7333333e-001  1.7744705e+001  1.9007107e+001  1.2811023e+001  7.0892050e+000  1.2744654e+001  8.9076030e+000  7.8903490e+000
  2.8000000e-001  1.8062435e+001  1.9408991e+001  1.2941194e+001  7.2519290e+000  1.2852103e+001  9.2843730e+000  7.8474560e+000
  2.8666667e-001  1.8313620e+001  1.9622492e+001  1.2955070e+001  7.3258920e+000  1.2829029e+001  9.5593570e+000  7.6494470e+000
  2.9333333e-001  1.8499643e+001  1.9780304e+001  1.2915455e+001  7.3782520e+000  1.2850720e+001  9.7648860e+000  7.4195750e+000
  3.0000000e-001  1.8646946e+001  1.9916739e+001  1.2678647e+001  7.3984690e+000  1.2821073e+001  9.8720910e+000  7.0349150e+000
  3.0666667e-001  1.8713066e+001  1.9982733e+001  1.2339078e+001  7.3058740e+000  1.2710905e+001  9.9008310e+000  6.5943740e+000
  3.1333333e-001  1.8641638e+001  2.0016430e+001  1.1950528e+001  7.2187910e+000  1.2470995e+001  9.8378310e+000  6.0040430e+000
  3.2000000e-001  1.8500530e+001  1.9967585e+001  1.1547184e+001  7.1524630e+000  1.2198225e+001  9.7544730e+000  5.4105190e+000
  3.2666667e-001  1.8413647e+001  1.9657614e+001  1.1106116e+001  7.0033030e+000  1.1944927e+001  9.5824080e+000  4.7933280e+000
  3.3333333e-001  1.8305935e+001  1.9288088e+001  1.0723611e+001  6.7121540e+000  1.1657607e+001  9.3853030e+000  4.1899810e+000
  3.4000000e-001  1.8215425e+001  1.9253916e+001  1.0439155e+001  6.3075060e+000  1.1390723e+001  9.2357650e+000  3.6825270e+000
  3.4666667e-001  1.8032219e+001  1.8720114e+001  1.0198544e+001  5.8841280e+000  1.1182962e+001  9.0554870e+000  3.2125880e+000
  3.5333333e-001  1.7825399e+001  1.8300287e+001  1.0129375e+001  5.4384360e+000  1.0983445e+001  8.9738010e+000  2.8518850e+000
  3.6000000e-001  1.7600094e+001  1.7861193e+001  1.0092035e+001  5.0971610e+000  1.0853149e+001  8.9363740e+000  2.5874070e+000
  3.6666667e-001  1.7364584e+001  1.7576204e+001  1.0773418e+001  4.8236460e+000  1.0833661e+001  8.9456310e+000  2.3957120e+000
  3.7333333e-001  1.7049154e+001  1.7468040e+001  1.0820081e+001  4.6042040e+000  1.0861180e+001  8.9680250e+000  2.2831970e+000
  3.8000000e-001  1.6871359e+001  1.7459320e+001  1.0884764e+001  4.4337000e+000  1.1540274e+001  8.9706450e+000  2.2388890e+000
  3.8666667e-001  1.6627964e+001  1.7684305e+001  1.0995523e+001  4.3681600e+000  1.1690048e+001  8.9358260e+000  2.2366880e+000
  3.9333333e-001  1.7017199e+001  1.7893963e+001  1.1054082e+001  4.3025340e+000  1.1858037e+001  8.8010370e+000  2.3406760e+000
  4.0000000e-001  1.6762438e+001  1.8103640e+001  1.1095358e+001  4.2246060e+000  1.1924794e+001  8.6695870e+000  2.3882990e+000
  4.0666667e-001  1.6582335e+001  1.8293564e+001  1.0923027e+001  4.1163070e+000  1.2200654e+001  8.4811710e+000  2.4493730e+000
  4.1333333e-001  1.6384739e+001  1.8433992e+001  1.0776690e+001  3.9833570e+000  1.2317004e+001  8.3124600e+000  2.4560090e+000
  4.2000000e-001  1.6242945e+001  1.8594198e+001  1.0669344e+001  3.9210360e+000  1.2401438e+001  8.0544240e+000  2.4408030e+000
  4.2666667e-001  1.6135111e+001  1.8801561e+001  1.0545856e+001  3.8000500e+000  1.2412903e+001  7.7174580e+000  2.3632460e+000
  4.3333333e-001  1.6083046e+001  1.8854630e+001  1.0180382e+001  3.6677830e+000  1.2253547e+001  7.4075300e+000  2.2175720e+000
  4.4000000e-001  1.5975908e+001  1.8871704e+001  9.8692040e+000  3.5774870e+000  1.1966080e+001  7.0970160e+000  2.0253380e+000
  4.4666667e-001  1.5938059e+001  1.8719467e+001  9.6605700e+000  3.4862150e+000  1.0916281e+001  6.8563900e+000  1.7837730e+000
  4.5333333e-001  1.5929125e+001  1.8224310e+001  9.4521710e+000  3.3531540e+000  1.0498516e+001  6.6792220e+000  1.4202640e+000
  4.6000000e-001  1.5916158e+001  1.7640087e+001  9.2098540e+000  3.2509200e+000  1.0678499e+001  6.4625720e+000  9.3361500e-001
  4.6666667e-001  1.5912628e+001  1.7073179e+001  9.1913490e+000  3.0742580e+000  1.0226847e+001  6.2444110e+000  3.6916900e-001
  4.7333333e-001  1.5906962e+001  1.6481056e+001  9.1241860e+000  2.9125710e+000  9.1850610e+000  6.0396040e+000 -1.3553200e-001
  4.8000000e-001  1.5918526e+001  1.5999732e+001  9.1363840e+000  2.6951740e+000  9.4249840e+000  5.7426700e+000 -6.4479200e-001
  4.8666667e-001  1.5843734e+001  1.5667117e+001  9.0473130e+000  2.4317640e+000  9.2753770e+000  5.3499610e+000 -1.0496880e+000
  4.9333333e-001  1.5746994e+001  1.5513865e+001  8.9399380e+000  2.1107660e+000  9.4094790e+000  4.9277720e+000 -1.4227820e+000
  5.0000000e-001  1.5545918e+001  1.5715719e+001  8.8235410e+000  1.8119360e+000  9.6078510e+000  4.5212290e+000 -1.7051360e+000
  5.0666667e-001  1.5368809e+001  1.5973615e+001  8.7401790e+000  1.5987460e+000  9.8198390e+000  4.0692840e+000 -1.9064670e+000
  5.1333333e-001  1.4666998e+001  1.6167974e+001  8.6587460e+000  1.4353690e+000  9.3134420e+000  3.7383960e+000 -1.9959440e+000
  5.2000000e-001  1.4988972e+001  1.6216158e+001  8.5081960e+000  1.3520900e+000  9.9259480e+000  3.4061540e+000 -1.9278130e+000
  5.2666667e-001  1.4867112e+001  1.6292187e+001  8.3209360e+000  1.3445820e+000  9.9742120e+000  3.2008680e+000 -1.7568250e+000
  5.3333333e-001  1.4686898e+001  1.5927038e+001  8.1723770e+000  1.3371530e+000  1.0073915e+001  3.0974540e+000 -1.6019460e+000
  5.4000000e-001  1.4511844e+001  1.5968352e+001  8.0123750e+000  1.3257460e+000  1.0186377e+001  2.9382930e+000 -1.4649540e+000
  5.4666667e-001  1.4353093e+001  1.6443552e+001  7.8525700e+000  1.2906920e+000  1.0159947e+001  2.8423090e+000 -1.2808210e+000
  5.5333333e-001  1.4269182e+001  1.6450731e+001  7.7360160e+000  1.2614470e+000  1.0109920e+001  2.6636720e+000 -1.0260420e+000
  5.6000000e-001  1.4240955e+001  1.6382092e+001  7.7263110e+000  1.2668350e+000  1.0069751e+001  2.5026060e+000 -8.0482600e-001
  5.6666667e-001  1.4301715e+001  1.6229267e+001  7.7082850e+000  1.3182020e+000  1.0089043e+001  2.3536600e+000 -6.5064400e-001
  5.7333333e-001  1.4368059e+001  1.6190447e+001  7.7447020e+000  1.4024130e+000  9.5112270e+000  2.1643780e+000 -4.6028400e-001
  5.8000000e-001  1.4474070e+001  1.6137039e+001  7.7207130e+000  1.5144150e+000  9.5222940e+000  2.0239510e+000 -2.7465100e-001
  5.8666667e-001  1.4523554e+001  1.5668621e+001  7.6987430e+000  1.6515490e+000  9.6523010e+000  1.8681790e+000 -1.4845500e-001
  5.9333333e-001  1.4484715e+001  1.5699568e+001  7.7447710e+000  1.8330690e+000  9.8287730e+000  1.7423900e+000  8.9190000e-003
  6.0000000e-001  1.4467859e+001  1.5754387e+001  7.7611830e+000  1.9952920e+000  9.9596420e+000  1.6364320e+000  1.2405200e-001
  6.0666667e-001  1.4508422e+001  1.5809792e+001  7.7763180e+000  2.0865910e+000  1.0066588e+001  1.5781820e+000  1.4841700e-001
  6.1333333e-001  1.4509459e+001  1.5861730e+001  7.2159710e+000  2.1451820e+000  1.0168565e+001  1.5451360e+000  1.0614100e-001
  6.2000000e-001  1.4503476e+001  1.5893627e+001  7.1574820e+000  2.2275290e+000  1.0290884e+001  1.4739540e+000  1.9409000e-002
  6.2666667e-001  1.3917226e+001  1.5906029e+001  7.0504160e+000  2.2958280e+000  1.0425844e+001  1.4495480e+000 -6.6570000e-002
  6.3333333e-001  1.3922793e+001  1.5958364e+001  6.9707220e+000  2.3605910e+000  1.0524742e+001  1.3703490e+000 -1.5991600e-001
  6.4000000e-001  1.4430477e+001  1.5986573e+001  6.9131390e+000  2.4502240e+000  1.0596265e+001  1.3168470e+000 -2.4229400e-001
  6.4666667e-001  1.4490646e+001  1.5972407e+001  6.8934870e+000  2.5202240e+000  1.0614298e+001  1.2143640e+000 -2.2961600e-001
  6.5333333e-001  1.4450050e+001  1.5923162e+001  6.9230900e+000  2.5851160e+000  1.0619268e+001  1.1478410e+000 -1.8657400e-001
  6.6000000e-001  1.3940754e+001  1.5810734e+001  6.9268470e+000  2.6140970e+000  1.0624534e+001  1.0858270e+000 -1.0939800e-001
  6.6666667e-001  1.3977871e+001  1.5727347e+001  6.9663610e+000  2.6717670e+000  1.0593562e+001  1.0276660e+000 -4.9057000e-002
  6.7333333e-001  1.4020786e+001  1.5653383e+001  7.0027090e+000  2.7280840e+000  1.0581053e+001  9.5023900e-001  9.5760000e-003
  6.8000000e-001  1.4046162e+001  1.5632978e+001  7.0335900e+000  2.7966970e+000  1.0674750e+001  9.0852800e-001  7.7961000e-002
  6.8666667e-001  1.4086732e+001  1.5685217e+001  7.0710970e+000  2.8404100e+000  1.0715405e+001  8.6244300e-001  1.6085400e-001
  6.9333333e-001  1.4112975e+001  1.6275364e+001  7.0560240e+000  2.8889800e+000  1.1247864e+001  8.7278800e-001  2.2851500e-001
  7.0000000e-001  1.4705806e+001  1.6291080e+001  7.0453190e+000  2.9558050e+000  1.1267035e+001  9.6739800e-001  2.7213400e-001
  7.0666667e-001  1.4696168e+001  1.5790053e+001  7.0632150e+000  3.0251400e+000  1.0705062e+001  1.0620750e+000  3.0762700e-001
  7.1333333e-001  1.4016335e+001  1.5805008e+001  7.0896440e+000  3.0635280e+000  1.0686453e+001  1.1357600e+000  3.7354600e-001
  7.2000000e-001  1.3834018e+001  1.5815851e+001  7.1531490e+000  3.0808510e+000  1.0650226e+001  1.1401150e+000  4.1307000e-001
  7.2666667e-001  1.3669887e+001  1.5832067e+001  7.2165160e+000  3.0890440e+000  1.0605400e+001  1.1303990e+000  3.4020600e-001
  7.3333333e-001  1.3577611e+001  1.5836078e+001  7.3327790e+000  3.0908890e+000  1.0578708e+001  1.1257470e+000  1.9570000e-001
  7.4000000e-001  1.3557824e+001  1.5823621e+001  7.4466340e+000  3.0560910e+000  1.0520626e+001  1.0832570e+000  1.0382700e-001
  7.4666667e-001  1.3533016e+001  1.5754134e+001  7.5803160e+000  3.0253050e+000  1.0452824e+001  1.0741500e+000  6.0662000e-002
  7.5333333e-001  1.3503701e+001  1.5676935e+001  7.6871430e+000  3.0096330e+000  1.0328885e+001  1.0526420e+000  3.9783000e-002
  7.6000000e-001  1.3480823e+001  1.5621554e+001  7.7605810e+000  2.9880270e+000  1.0768835e+001  1.0765010e+000  5.8070000e-002
  7.6666667e-001  1.3496210e+001  1.5643454e+001  7.8394170e+000  2.9835350e+000  1.0693341e+001  1.0848640e+000  1.0030300e-001
  7.7333333e-001  1.3653684e+001  1.5676889e+001  7.8726350e+000  2.9796080e+000  1.0053026e+001  1.0808080e+000  1.5329200e-001
  7.8000000e-001  1.3899981e+001  1.5743587e+001  7.9040980e+000  2.9737910e+000  1.0039227e+001  1.0654210e+000  2.2506600e-001
  7.8666667e-001  1.4083703e+001  1.5781927e+001  7.9002800e+000  2.9644360e+000  1.0008062e+001  1.0596430e+000  3.0871500e-001
  7.9333333e-001  1.4198039e+001  1.5824447e+001  7.9058830e+000  2.9658700e+000  9.9580200e+000  1.0293370e+000  3.8745500e-001
  8.0000000e-001  1.4281263e+001  1.5819241e+001  7.9522490e+000  2.9497580e+000  9.9034570e+000  1.0298220e+000  4.7582300e-001
  8.0666667e-001  1.4374191e+001  1.5798750e+001  8.0190080e+000  2.9388280e+000  9.8257950e+000  1.0384150e+000  5.7269200e-001
  8.1333333e-001  1.4494315e+001  1.5774237e+001  8.0772850e+000  2.9070370e+000  9.7494130e+000  1.0602320e+000  6.7162200e-001
  8.2000000e-001  1.4608511e+001  1.5721023e+001  8.1001630e+000  2.8838110e+000  9.6777990e+000  1.1181390e+000  7.5104100e-001
  8.2666667e-001  1.4714866e+001  1.5675025e+001  8.1224080e+000  2.8497830e+000  9.6067910e+000  1.1825600e+000  7.7275100e-001
  8.3333333e-001  1.4812471e+001  1.5623544e+001  8.1613250e+000  2.8536750e+000  9.5218320e+000  1.2143010e+000  7.0626100e-001
  8.4000000e-001  1.4895316e+001  1.5583743e+001  8.1793770e+000  2.8549580e+000  9.4513210e+000  1.2571030e+000  6.0610200e-001
  8.4666667e-001  1.4974611e+001  1.5557714e+001  8.1667820e+000  2.8499340e+000  9.3546970e+000  1.3131660e+000  5.0050900e-001
  8.5333333e-001  1.5070795e+001  1.5581120e+001  8.1399540e+000  2.8316610e+000  9.3338190e+000  1.3863970e+000  4.6866400e-001
  8.6000000e-001  1.5138406e+001  1.5600782e+001  8.1086140e+000  2.8125540e+000  9.3432170e+000  1.4593500e+000  4.9707500e-001
  8.6666667e-001  1.5236755e+001  1.5602677e+001  8.0628020e+000  2.8115500e+000  9.4176850e+000  1.4499620e+000  5.3067000e-001
  8.7333333e-001  1.5764133e+001  1.5562938e+001  8.0443700e+000  2.8000530e+000  9.4712440e+000  1.4640540e+000  5.9886800e-001
  8.8000000e-001  1.5809629e+001  1.5476382e+001  8.0395410e+000  2.7963700e+000  9.5030780e+000  1.4595000e+000  6.4835800e-001
  8.8666667e-001  1.5292365e+001  1.5363134e+001  8.0451500e+000  2.7995550e+000  9.4538670e+000  1.4376040e+000  6.8585100e-001
  8.9333333e-001  1.5125816e+001  1.5273367e+001  8.0248310e+000  2.8052200e+000  9.4290980e+000  1.4290730e+000  6.7777800e-001
  9.0000000e-001  1.4961215e+001  1.5191700e+001  8.0421480e+000  2.8027380e+000  9.4326020e+000  1.4415080e+000  6.7549900e-001
  9.0666667e-001  1.4895092e+001  1.5164472e+001  8.0743850e+000  2.8504300e+000  9.3906620e+000  1.4698380e+000  6.4534900e-001
  9.1333333e-001  1.4854205e+001  1.5164182e+001  8.0628640e+000  2.9083250e+000  9.3821920e+000  1.5075090e+000  5.7655800e-001
  9.2000000e-001  1.5349619e+001  1.5139814e+001  8.0733700e+000  2.9499910e+000  9.3364290e+000  1.5470550e+000  5.1614400e-001
  9.2666667e-001  1.5408615e+001  1.5118552e+001  8.0847780e+000  2.9852240e+000  9.2809870e+000  1.5816240e+000  4.1300000e-001
  9.3333333e-001  1.5445317e+001  1.5094074e+001  8.0603380e+000  2.9818660e+000  9.2221380e+000  1.6272530e+000  3.4243100e-001
  9.4000000e-001  1.5054389e+001  1.5108992e+001  8.0517840e+000  2.9990230e+000  9.1805470e+000  1.6541650e+000  3.1468800e-001
  9.4666667e-001  1.5186784e+001  1.5127169e+001  8.1072160e+000  2.9607350e+000  9.1461350e+000  1.6853260e+000  3.2420400e-001
  9.5333333e-001  1.5735943e+001  1.5081768e+001  8.1833040e+000  2.9313550e+000  9.1144090e+000  1.7343070e+000  3.4024900e-001
  9.6000000e-001  1.5773353e+001  1.5045293e+001  8.2530570e+000  2.9050370e+000  9.0667400e+000  1.7622150e+000  3.6878800e-001
  9.6666667e-001  1.5292596e+001  1.4979724e+001  8.2875880e+000  2.9221020e+000  9.0159340e+000  1.7860140e+000  3.7505500e-001
  9.7333333e-001  1.5336922e+001  1.4915336e+001  8.3289130e+000  2.8875160e+000  8.9557740e+000  1.8029950e+000  3.8732400e-001
  9.8000000e-001  1.5385433e+001  1.4861952e+001  8.3262080e+000  2.8490080e+000  8.9063000e+000  1.8004170e+000  3.7557700e-001
  9.8666667e-001  1.5457896e+001  1.4849524e+001  8.3009320e+000  2.8016230e+000  8.9043960e+000  1.8010360e+000  3.6066400e-001
  9.9333333e-001  1.5506967e+001  1.4850676e+001  8.2859330e+000  2.7827270e+000  8.9453130e+000  1.7930620e+000  3.0831600e-001
  1.0000000e+000  1.5542803e+001  1.4867445e+001  8.2679520e+000  2.8024430e+000  8.9489460e+000  1.7799700e+000  2.7688900e-001
  1.0066667e+000  1.5570849e+001  1.4888330e+001  8.2571470e+000  2.8283100e+000  8.9729550e+000  1.7466770e+000  2.2925000e-001
  1.0133333e+000  1.5546467e+001  1.4899894e+001  8.2206010e+000  2.8277590e+000  8.9914760e+000  1.7120470e+000  2.1772600e-001
  1.0200000e+000  1.5505200e+001  1.4894160e+001  8.2021690e+000  2.8092220e+000  9.0143590e+000  1.6605890e+000  2.3250400e-001
  1.0266667e+000  1.5401843e+001  1.4881372e+001  8.2027370e+000  2.7952540e+000  9.0507470e+000  1.6702710e+000  2.4379400e-001
  1.0333333e+000  1.5213016e+001  1.4853123e+001  8.2121450e+000  2.8017190e+000  9.0783200e+000  1.6751550e+000  2.8214500e-001
  1.0400000e+000  1.5006460e+001  1.4820964e+001  8.2267650e+000  2.7944040e+000  9.0871760e+000  1.6770520e+000  3.2775600e-001
  1.0466667e+000  1.4885530e+001  1.4762241e+001  8.2411810e+000  2.7960340e+000  9.0701490e+000  1.7189730e+000  3.3311700e-001
  1.0533333e+000  1.4878766e+001  1.4719439e+001  8.2328190e+000  2.8027740e+000  9.0557170e+000  1.7639450e+000  3.1405700e-001
  1.0600000e+000  1.5412841e+001  1.4702151e+001  8.2312860e+000  2.8006820e+000  9.0474330e+000  1.8465350e+000  2.8656000e-001
  1.0666667e+000  1.5554632e+001  1.4706087e+001  8.2128090e+000  2.7896630e+000  9.0475170e+000  1.9302970e+000  2.5009000e-001
  1.0733333e+000  1.5716824e+001  1.4732224e+001  8.2079470e+000  2.7814750e+000  9.0527690e+000  1.9794620e+000  2.1125800e-001
  1.0800000e+000  1.5316640e+001  1.4724621e+001  8.1946490e+000  2.7975320e+000  9.0594350e+000  2.0273860e+000  1.8861300e-001
  1.0866667e+000  1.5848160e+001  1.4722253e+001  8.2169330e+000  2.7695660e+000  9.0586350e+000  2.0698710e+000  1.7768000e-001
  1.0933333e+000  1.5811813e+001  1.4716075e+001  8.2554100e+000  2.7423910e+000  9.0174040e+000  2.1359640e+000  1.8298500e-001
  1.1000000e+000  1.5319189e+001  1.4723270e+001  8.3261410e+000  2.6908080e+000  8.9669060e+000  2.2162320e+000  2.0092600e-001
  1.1066667e+000  1.5367878e+001  1.4726621e+001  8.3654980e+000  2.6631730e+000  8.9311170e+000  2.2664550e+000  2.4166000e-001
  1.1133333e+000  1.5874852e+001  1.4712654e+001  8.4031420e+000  2.6246390e+000  8.8783730e+000  2.3291290e+000  2.5576900e-001
  1.1200000e+000  1.5798684e+001  1.4650580e+001  8.4285290e+000  2.6121860e+000  8.8087640e+000  2.3674690e+000  2.5022900e-001
  1.1266667e+000  1.5237779e+001  1.4582898e+001  8.4726050e+000  2.5709620e+000  8.7479320e+000  2.3693500e+000  2.1860900e-001
  1.1333333e+000  1.5095971e+001  1.4533140e+001  8.5357200e+000  2.5060910e+000  8.6665660e+000  2.3843110e+000  1.9249300e-001
  1.1400000e+000  1.5400620e+001  1.4525359e+001  8.5909830e+000  2.4192130e+000  8.5853480e+000  2.4572430e+000  1.8803700e-001
  1.1466667e+000  1.5331381e+001  1.4545904e+001  8.6314020e+000  2.3812020e+000  8.4971040e+000  2.4922190e+000  1.8535500e-001
  1.1533333e+000  1.4890277e+001  1.4593243e+001  8.6564180e+000  2.3715860e+000  8.4392180e+000  2.5001150e+000  2.0547100e-001
  1.1600000e+000  1.4995928e+001  1.4597984e+001  8.6535810e+000  2.3639270e+000  8.3920270e+000  2.5098340e+000  2.2618800e-001
  1.1666667e+000  1.5065331e+001  1.4579695e+001  8.6129650e+000  2.3593760e+000  8.3664940e+000  2.5170280e+000  2.4749000e-001
  1.1733333e+000  1.5122101e+001  1.4539135e+001  8.6500690e+000  2.3451610e+000  8.3160800e+000  2.5276230e+000  2.7902300e-001
  1.1800000e+000  1.5155166e+001  1.4480928e+001  8.6750720e+000  2.3282710e+000  8.2395530e+000  2.5612860e+000  3.2131100e-001
  1.1866667e+000  1.5125763e+001  1.4448734e+001  8.7059420e+000  2.3262610e+000  8.1462460e+000  2.5622740e+000  3.5180000e-001
  1.1933333e+000  1.5072613e+001  1.4417547e+001  8.7104700e+000  2.3490540e+000  8.0826200e+000  2.5794840e+000  3.7838600e-001
  1.2000000e+000  1.5072270e+001  1.4420671e+001  8.6877570e+000  2.4015440e+000  8.0382800e+000  2.5956380e+000  3.9056300e-001
  1.2066667e+000  1.5053215e+001  1.4429048e+001  8.6432920e+000  2.4326930e+000  7.9801930e+000  2.6319090e+000  3.7081400e-001
  1.2133333e+000  1.4984025e+001  1.4415719e+001  8.6214520e+000  2.4385000e+000  7.9305210e+000  2.6426580e+000  3.3263400e-001
  1.2200000e+000  1.4842930e+001  1.4387558e+001  8.5717120e+000  2.4403570e+000  7.8623230e+000  2.6176550e+000  2.9865700e-001
  1.2266667e+000  1.4755321e+001  1.4372059e+001  8.5500980e+000  2.4547810e+000  7.8084960e+000  2.6132360e+000  2.8085300e-001
  1.2333333e+000  1.4787522e+001  1.4355538e+001  8.5616060e+000  2.4179280e+000  7.7995620e+000  2.6054320e+000  2.8900100e-001
  1.2400000e+000  1.4852194e+001  1.4343239e+001  8.5742330e+000  2.4057740e+000  7.7735450e+000  2.6198380e+000  2.9992000e-001
  1.2466667e+000  1.4923653e+001  1.4333791e+001  8.5645440e+000  2.3715360e+000  7.7358390e+000  2.6303770e+000  2.9359800e-001
  1.2533333e+000  1.4954346e+001  1.4323519e+001  8.5502730e+000  2.3795250e+000  7.6609620e+000  2.6517860e+000  3.0073200e-001
  1.2600000e+000  1.4988795e+001  1.4298415e+001  8.5404010e+000  2.3851410e+000  7.5921300e+000  2.6383140e+000  3.0791000e-001
  1.2666667e+000  1.4998158e+001  1.4281579e+001  8.5393510e+000  2.3524720e+000  7.5749830e+000  2.6215180e+000  3.1293600e-001
  1.2733333e+000  1.4963934e+001  1.4249260e+001  8.5359300e+000  2.2861050e+000  7.5359530e+000  2.5987190e+000  2.9728100e-001
  1.2800000e+000  1.4901726e+001  1.4225748e+001  8.5331950e+000  2.2035610e+000  7.5070750e+000  2.5965640e+000  2.5181300e-001
  1.2866667e+000  1.4860204e+001  1.4212538e+001  8.5262700e+000  2.1519730e+000  7.4302490e+000  2.5544580e+000  2.1231800e-001
  1.2933333e+000  1.4844996e+001  1.4186058e+001  8.4941020e+000  2.0945560e+000  7.3639150e+000  2.5337090e+000  1.6888500e-001
  1.3000000e+000  1.4843215e+001  1.4170122e+001  8.4444940e+000  2.0772730e+000  7.3353700e+000  2.5037320e+000  1.5080500e-001
  1.3066667e+000  1.4866522e+001  1.4192467e+001  8.3649210e+000  2.0839270e+000  7.3015980e+000  2.4707100e+000  1.4199600e-001
  1.3133333e+000  1.4902816e+001  1.4194237e+001  8.3112030e+000  2.0456380e+000  7.2554850e+000  2.4300400e+000  1.4478700e-001
  1.3200000e+000  1.4953728e+001  1.4187864e+001  8.2619040e+000  1.9787340e+000  7.2100930e+000  2.3605300e+000  1.1356600e-001
  1.3266667e+000  1.5026114e+001  1.4133150e+001  8.2352530e+000  1.9173070e+000  7.1277890e+000  2.2972020e+000  1.0063100e-001
  1.3333333e+000  1.5092891e+001  1.4085180e+001  8.1899430e+000  1.8691210e+000  7.0314630e+000  2.2503510e+000  7.2696000e-002
  1.3400000e+000  1.5141717e+001  1.4046154e+001  8.1580110e+000  1.8585130e+000  6.9615620e+000  2.2015790e+000  8.9490000e-002
  1.3466667e+000  1.5201321e+001  1.4057278e+001  8.1295360e+000  1.8442690e+000  6.8922010e+000  2.1535660e+000  1.0018700e-001
  1.3533333e+000  1.5186381e+001  1.4059512e+001  8.0826030e+000  1.8047870e+000  6.8254100e+000  2.1089230e+000  7.8175000e-002
  1.3600000e+000  1.5167178e+001  1.4054967e+001  8.0235490e+000  1.7631420e+000  6.7609540e+000  2.0692950e+000  6.7779000e-002
  1.3666667e+000  1.5116411e+001  1.4014815e+001  7.9666630e+000  1.7192920e+000  6.6993970e+000  2.0582290e+000  2.6114000e-002
  1.3733333e+000  1.5097422e+001  1.3948827e+001  7.9378110e+000  1.6836140e+000  6.6165390e+000  2.0319410e+000  2.2988000e-002
  1.3800000e+000  1.5125281e+001  1.3887720e+001  7.9193800e+000  1.6854850e+000  6.5464130e+000  2.0125780e+000  3.6298000e-002
  1.3866667e+000  1.5207868e+001  1.3843327e+001  7.9000530e+000  1.6882210e+000  6.4730300e+000  1.9784800e+000  3.2631000e-002
  1.3933333e+000  1.5300230e+001  1.3858325e+001  7.8926600e+000  1.6823350e+000  6.4243140e+000  1.9569350e+000  4.8162000e-002
  1.4000000e+000  1.5414854e+001  1.3847375e+001  7.8792130e+000  1.6551710e+000  6.3652170e+000  1.9544290e+000  5.3164000e-002
  1.4066667e+000  1.5498729e+001  1.3811455e+001  7.8482310e+000  1.6486930e+000  6.3219070e+000  1.9755670e+000  5.6080000e-002
  1.4133333e+000  1.5556554e+001  1.3744742e+001  7.8251780e+000  1.6406150e+000  6.2756370e+000  1.9960860e+000  5.0271000e-002
  1.4200000e+000  1.5607715e+001  1.3679686e+001  7.7766340e+000  1.6259990e+000  6.2269000e+000  2.0123400e+000  3.7903000e-002
  1.4266667e+000  1.6071892e+001  1.3635379e+001  7.6860400e+000  1.6507070e+000  6.1610630e+000  2.0160160e+000  2.1044000e-002
  1.4333333e+000  1.6117857e+001  1.3633617e+001  7.6080450e+000  1.6830640e+000  6.0972910e+000  2.0261740e+000 -1.7237000e-002
  1.4400000e+000  1.5632813e+001  1.3642620e+001  7.5437440e+000  1.7122740e+000  6.0618720e+000  2.0223250e+000 -4.6401000e-002
  1.4466667e+000  1.5616475e+001  1.3606905e+001  7.4971800e+000  1.7115910e+000  6.0449220e+000  2.0251140e+000 -8.6452000e-002
  1.4533333e+000  1.5642658e+001  1.3538774e+001  7.4282430e+000  1.7414080e+000  6.0217270e+000  2.0217200e+000 -1.2318300e-001
  1.4600000e+000  1.5685631e+001  1.3474087e+001  7.3326280e+000  1.7559510e+000  5.9955190e+000  2.0564580e+000 -1.5991400e-001
  1.4666667e+000  1.5745743e+001  1.3431996e+001  7.2237740e+000  1.7753960e+000  5.9562570e+000  2.0649240e+000 -1.8368500e-001
  1.4733333e+000  1.5821219e+001  1.3374050e+001  7.1256210e+000  1.8002810e+000  5.9235770e+000  2.0638330e+000 -2.2880700e-001
  1.4800000e+000  1.5864400e+001  1.3330009e+001  7.0633430e+000  1.8747140e+000  5.8826370e+000  2.0470260e+000 -2.4625000e-001
  1.4866667e+000  1.6312712e+001  1.3272664e+001  7.0235080e+000  1.9092210e+000  5.8170340e+000  2.0349770e+000 -2.8709100e-001
  1.4933333e+000  1.6326223e+001  1.3222866e+001  6.9368500e+000  1.9109180e+000  5.7593840e+000  2.0299680e+000 -2.9303700e-001
  1.5000000e+000  1.5808889e+001  1.3184417e+001  6.8847990e+000  1.8879640e+000  5.6808210e+000  2.0501190e+000 -3.1961700e-001
  1.5066667e+000  1.5775625e+001  1.3117786e+001  6.8104400e+000  1.9005170e+000  5.6165040e+000  2.0631490e+000 -3.3004700e-001
  1.5133333e+000  1.5749250e+001  1.3037462e+001  6.7366000e+000  1.9265490e+000  5.5685440e+000  2.0759250e+000 -3.6055700e-001
  1.5200000e+000  1.5701712e+001  1.2976606e+001  6.6640540e+000  1.9617140e+000  5.5216630e+000  2.0514850e+000 -3.5874200e-001
  1.5266667e+000  1.5691475e+001  1.2940394e+001  6.5884350e+000  1.9948360e+000  5.4798530e+000  2.0357520e+000 -3.7486200e-001
  1.5333333e+000  1.5684502e+001  1.2917391e+001  6.5246150e+000  1.9632670e+000  5.4154280e+000  2.0040550e+000 -3.7014700e-001
  1.5400000e+000  1.6174206e+001  1.2891472e+001  6.4740510e+000  1.9417800e+000  5.3557880e+000  1.9840380e+000 -3.3531400e-001
  1.5466667e+000  1.6193712e+001  1.2824718e+001  6.4090940e+000  1.9577220e+000  5.3128510e+000  1.9701750e+000 -3.3550100e-001
  1.5533333e+000  1.6239613e+001  1.2726912e+001  6.3594560e+000  1.9433280e+000  5.2805020e+000  1.9333390e+000 -3.4377800e-001
  1.5600000e+000  1.6195541e+001  1.2638635e+001  6.2805490e+000  1.9230450e+000  5.2328100e+000  1.8947110e+000 -3.5673700e-001
  1.5666667e+000  1.5685679e+001  1.2537718e+001  6.2518500e+000  1.8716260e+000  5.1912600e+000  1.8280020e+000 -3.4529800e-001
  1.5733333e+000  1.5663948e+001  1.2502582e+001  6.2030210e+000  1.8136960e+000  5.1557880e+000  1.7537940e+000 -3.1404100e-001
  1.5800000e+000  1.5662413e+001  1.2451029e+001  6.1467420e+000  1.7955210e+000  5.1266930e+000  1.7017560e+000 -2.8583900e-001
  1.5866667e+000  1.5655009e+001  1.2422243e+001  6.0687260e+000  1.8038840e+000  5.1015180e+000  1.6569970e+000 -2.7902500e-001
  1.5933333e+000  1.6142057e+001  1.2351132e+001  6.0055130e+000  1.7945150e+000  5.0674610e+000  1.6347110e+000 -2.7424000e-001
  1.6000000e+000  1.6144239e+001  1.2249832e+001  5.9335100e+000  1.7603370e+000  5.0455530e+000  1.6076040e+000 -2.5934900e-001
  1.6066667e+000  1.6168598e+001  1.2118011e+001  5.8480320e+000  1.7242940e+000  5.0058550e+000  1.5769200e+000 -2.5003000e-001
  1.6133333e+000  1.6186823e+001  1.2014110e+001  5.7703900e+000  1.7098650e+000  4.9746770e+000  1.5586890e+000 -2.2914800e-001
  1.6200000e+000  1.6250910e+001  1.1940269e+001  5.6808910e+000  1.7129830e+000  4.9592510e+000  1.5340050e+000 -2.2047800e-001
  1.6266667e+000  1.6306248e+001  1.1890598e+001  5.5825410e+000  1.7232180e+000  4.9518220e+000  1.5059200e+000 -2.1576200e-001
  1.6333333e+000  1.6317112e+001  1.1817047e+001  5.4849520e+000  1.6962060e+000  4.9557290e+000  1.4894600e+000 -2.3203400e-001
  1.6400000e+000  1.6327938e+001  1.1739717e+001  5.3984730e+000  1.6501170e+000  4.9454260e+000  1.4670410e+000 -2.4814200e-001
  1.6466667e+000  1.5800210e+001  1.1647466e+001  5.2986660e+000  1.6415400e+000  4.9324430e+000  1.4627010e+000 -2.4910400e-001
  1.6533333e+000  1.5790971e+001  1.1546778e+001  5.1935420e+000  1.6541220e+000  4.9275240e+000  1.4697820e+000 -2.4810000e-001
  1.6600000e+000  1.6233150e+001  1.1394729e+001  5.0528140e+000  1.6541100e+000  4.8963260e+000  1.4668590e+000 -2.4341500e-001
  1.6666667e+000  1.6199188e+001  1.1273321e+001  4.9493170e+000  1.6326650e+000  4.8899600e+000  1.4589230e+000 -2.5342800e-001
  1.6733333e+000  1.6181755e+001  1.1136385e+001  4.8898090e+000  1.6170990e+000  4.8750210e+000  1.4436080e+000 -2.6623700e-001
  1.6800000e+000  1.6220476e+001  1.1024293e+001  4.8657890e+000  1.5701130e+000  4.8609720e+000  1.4262270e+000 -2.5062400e-001
  1.6866667e+000  1.6207136e+001  1.0905078e+001  4.8311040e+000  1.5669340e+000  4.8380560e+000  1.3987080e+000 -2.5514900e-001
  1.6933333e+000  1.6192583e+001  1.0753054e+001  4.7815280e+000  1.5758700e+000  4.8095620e+000  1.3845080e+000 -2.5233800e-001
  1.7000000e+000  1.5712005e+001  1.0592307e+001  4.7167020e+000  1.5668080e+000  4.7777230e+000  1.3896940e+000 -2.5247500e-001
  1.7066667e+000  1.5740040e+001  1.0456290e+001  4.6581200e+000  1.5345390e+000  4.7316370e+000  1.3936570e+000 -2.6112800e-001
  1.7133333e+000  1.5767736e+001  1.0309489e+001  4.6284670e+000  1.4911840e+000  4.7099390e+000  1.3994370e+000 -2.4903300e-001
  1.7200000e+000  1.5789232e+001  1.0162334e+001  4.6319810e+000  1.4709840e+000  4.6936200e+000  1.4121190e+000 -2.4981500e-001
  1.7266667e+000  1.6214720e+001  1.0028946e+001  4.6332030e+000  1.4537310e+000  4.6711280e+000  1.4070550e+000 -2.4998300e-001
  1.7333333e+000  1.6219654e+001  9.8817400e+000  4.6009600e+000  1.4608170e+000  4.6405230e+000  1.4198000e+000 -2.5706800e-001
  1.7400000e+000  1.6181885e+001  9.7502930e+000  4.5779500e+000  1.4306960e+000  4.6015530e+000  1.4378200e+000 -2.6493600e-001
  1.7466667e+000  1.5739141e+001  9.6449010e+000  4.5679410e+000  1.3859380e+000  4.5692670e+000  1.4859620e+000 -2.4493300e-001
  1.7533333e+000  1.5798896e+001  9.5151790e+000  4.5853460e+000  1.3492090e+000  4.5428230e+000  1.5249090e+000 -2.2705600e-001
  1.7600000e+000  1.5827985e+001  9.3623960e+000  4.5900320e+000  1.3197920e+000  4.5186180e+000  1.5922240e+000 -2.0501000e-001
  1.7666667e+000  1.5830874e+001  9.2051140e+000  4.5879920e+000  1.2856670e+000  4.5017840e+000  1.6489730e+000 -1.5901300e-001
  1.7733333e+000  1.6242529e+001  9.0386010e+000  4.5861720e+000  1.2493110e+000  4.4801850e+000  1.7314980e+000 -1.5064600e-001
  1.7800000e+000  1.6251049e+001  8.8757370e+000  4.5517160e+000  1.1804310e+000  4.4275190e+000  1.7950270e+000 -1.4088600e-001
  1.7866667e+000  1.6285540e+001  8.7084220e+000  4.5003990e+000  1.1377930e+000  4.3666330e+000  1.8574760e+000 -1.2479100e-001
  1.7933333e+000  1.5920843e+001  8.5297030e+000  4.5077340e+000  1.1142760e+000  4.3096540e+000  1.9338390e+000 -1.1390900e-001
  1.8000000e+000  1.5937832e+001  8.3680650e+000  4.4913990e+000  1.0641380e+000  4.2936330e+000  2.0055330e+000 -1.0102600e-001
  1.8066667e+000  1.5949965e+001  8.1958390e+000  4.4801300e+000  1.0323970e+000  4.2585330e+000  2.0975190e+000 -8.9028000e-002
  1.8133333e+000  1.5967666e+001  8.0081730e+000  4.4739940e+000  9.6653300e-001  4.2419190e+000  2.1749070e+000 -8.8563000e-002
  1.8200000e+000  1.6367371e+001  7.8456990e+000  4.4620670e+000  9.2671300e-001  4.2292650e+000  2.2708120e+000 -6.6897000e-002
  1.8266667e+000  1.6423222e+001  7.6693150e+000  4.4528970e+000  9.2966800e-001  4.2008390e+000  2.3369150e+000 -3.0634000e-002
  1.8333333e+000  1.6029278e+001  7.5110730e+000  4.4152940e+000  8.8435200e-001  4.1573770e+000  2.3884510e+000 -1.1781000e-002
  1.8400000e+000  1.6061033e+001  7.3309460e+000  4.4308670e+000  8.4405800e-001  4.1110280e+000  2.4068660e+000 -1.5349000e-002
  1.8466667e+000  1.6085926e+001  7.1589950e+000  4.4301910e+000  7.9086000e-001  4.0644160e+000  2.4239170e+000 -7.9080000e-003
  1.8533333e+000  1.6079588e+001  6.9928070e+000  4.4382840e+000  7.8065100e-001  4.0134510e+000  2.4516400e+000 -4.8940000e-003
  1.8600000e+000  1.6077286e+001  6.8255520e+000  4.4610630e+000  7.6052800e-001  3.9857210e+000  2.4866770e+000 -1.2197000e-002
  1.8666667e+000  1.6072212e+001  6.6609580e+000  4.5050070e+000  7.4810900e-001  3.9274150e+000  2.5183040e+000 -1.2810000e-002
  1.8733333e+000  1.6114491e+001  6.4607250e+000  4.5473840e+000  7.0899900e-001  3.8833570e+000  2.5463790e+000  8.1820000e-003
  1.8800000e+000  1.6148949e+001  6.2646630e+000  4.5425930e+000  7.1259000e-001  3.8223540e+000  2.5489030e+000  4.4280000e-003
  1.8866667e+000  1.6138672e+001  6.1093050e+000  4.5218110e+000  7.1470600e-001  3.7731050e+000  2.5633800e+000  1.1570000e-002
  1.8933333e+000  1.6112251e+001  5.9714910e+000  4.5235630e+000  7.0311900e-001  3.7492860e+000  2.5513130e+000 -2.4836000e-002
  1.9000000e+000  1.6107498e+001  5.8177710e+000  4.5312600e+000  6.8964500e-001  3.7206140e+000  2.5188580e+000 -2.9356000e-002
  1.9066667e+000  1.6134987e+001  5.6633090e+000  4.5164630e+000  6.7773100e-001  3.6685210e+000  2.4933640e+000 -2.6044000e-002
  1.9133333e+000  1.6191589e+001  5.4942580e+000  4.4868330e+000  6.9128400e-001  3.5895850e+000  2.4829020e+000 -1.7390000e-002
  1.9200000e+000  1.6654665e+001  5.3566370e+000  4.4762340e+000  7.1190900e-001  3.5344370e+000  2.4538560e+000 -3.9309000e-002
  1.9266667e+000  1.6642065e+001  5.2103560e+000  4.4748790e+000  6.9343900e-001  3.5186640e+000  2.4331480e+000 -9.6387000e-002
  1.9333333e+000  1.6212765e+001  5.0838760e+000  4.4388100e+000  6.7261100e-001  3.5138040e+000  2.4152650e+000 -1.3764100e-001
  1.9400000e+000  1.6225836e+001  4.9442300e+000  4.3857970e+000  6.6847100e-001  3.4835480e+000  2.4010590e+000 -1.2701700e-001
  1.9466667e+000  1.6223660e+001  4.8110390e+000  4.3542670e+000  6.7716900e-001  3.4146650e+000  2.3898080e+000 -1.3376600e-001
  1.9533333e+000  1.6216719e+001  4.6816940e+000  4.3220240e+000  6.7524100e-001  3.3742190e+000  2.3692770e+000 -1.5159200e-001
  1.9600000e+000  1.6229317e+001  4.5662290e+000  4.3012260e+000  6.4697000e-001  3.3533490e+000  2.3383980e+000 -1.6852300e-001
  1.9666667e+000  1.6281225e+001  4.4873510e+000  4.2737740e+000  6.3829300e-001  3.3276930e+000  2.3039980e+000 -1.6917000e-001
  1.9733333e+000  1.6292253e+001  4.3791530e+000  4.2657040e+000  6.4057700e-001  3.3176280e+000  2.2407480e+000 -1.5998100e-001
  1.9800000e+000  1.6755503e+001  4.3144170e+000  4.2137760e+000  6.2000200e-001  3.2924230e+000  2.1850830e+000 -1.9101700e-001
  1.9866667e+000  1.6696114e+001  4.2284770e+000  4.1717740e+000  5.9025200e-001  3.2295290e+000  2.1375610e+000 -2.1272400e-001
  1.9933333e+000  1.6255070e+001  4.1758630e+000  4.1754560e+000  5.7062300e-001  3.1940010e+000  2.0734220e+000 -2.0758100e-001
  2.0000000e+000  1.6302509e+001  4.1402420e+000  4.1572430e+000  5.6159800e-001  3.1487300e+000  2.0049250e+000 -2.2964500e-001
