 -5.0000000e-001 -4.8965595e+001 -4.8298595e+001 -4.8952560e+001 -4.9134369e+001 -4.9073025e+001
 -4.9333333e-001 -4.9005718e+001 -4.8266010e+001 -4.8945755e+001 -4.9161877e+001 -4.9065983e+001
 -4.8666667e-001 -4.8992527e+001 -4.8268787e+001 -4.8942875e+001 -4.9157593e+001 -4.9074734e+001
 -4.8000000e-001 -4.8987926e+001 -4.8252884e+001 -4.8952827e+001 -4.9136772e+001 -4.9073486e+001
 -4.7333333e-001 -4.8967018e+001 -4.8253849e+001 -4.8935268e+001 -4.9131157e+001 -4.9054611e+001
 -4.6666667e-001 -4.8983112e+001 -4.8263958e+001 -4.8935959e+001 -4.9107048e+001 -4.9045589e+001
 -4.6000000e-001 -4.8972874e+001 -4.8274975e+001 -4.8944084e+001 -4.9142143e+001 -4.9053753e+001
 -4.5333333e-001 -4.8985912e+001 -4.8260223e+001 -4.8933735e+001 -4.9170746e+001 -4.9069714e+001
 -4.4666667e-001 -4.8967339e+001 -4.8253994e+001 -4.8914772e+001 -4.9174103e+001 -4.9048851e+001
 -4.4000000e-001 -4.8972912e+001 -4.8228493e+001 -4.8909451e+001 -4.9180553e+001 -4.9005802e+001
 -4.3333333e-001 -4.8975918e+001 -4.8215462e+001 -4.8909122e+001 -4.9169384e+001 -4.8979492e+001
 -4.2666667e-001 -4.8993923e+001 -4.8197079e+001 -4.8906834e+001 -4.9148087e+001 -4.8985085e+001
 -4.2000000e-001 -4.8963661e+001 -4.8172600e+001 -4.8896324e+001 -4.9167961e+001 -4.8969433e+001
 -4.1333333e-001 -4.8978130e+001 -4.8157627e+001 -4.8885345e+001 -4.9170128e+001 -4.8935417e+001
 -4.0666667e-001 -4.8935692e+001 -4.8177612e+001 -4.8895351e+001 -4.9216152e+001 -4.8978447e+001
 -4.0000000e-001 -4.8948093e+001 -4.8181652e+001 -4.8882347e+001 -4.9221680e+001 -4.8964294e+001
 -3.9333333e-001 -4.8977760e+001 -4.8135529e+001 -4.8848049e+001 -4.9203674e+001 -4.8981487e+001
 -3.8666667e-001 -4.8977848e+001 -4.8136604e+001 -4.8847004e+001 -4.9217735e+001 -4.8953346e+001
 -3.8000000e-001 -4.8955536e+001 -4.8147068e+001 -4.8850475e+001 -4.9216721e+001 -4.8964550e+001
 -3.7333333e-001 -4.8952679e+001 -4.8127808e+001 -4.8852463e+001 -4.9215210e+001 -4.8961281e+001
 -3.6666667e-001 -4.8978886e+001 -4.8125603e+001 -4.8844688e+001 -4.9241413e+001 -4.8987263e+001
 -3.6000000e-001 -4.8952557e+001 -4.8105820e+001 -4.8819241e+001 -4.9234837e+001 -4.8996696e+001
 -3.5333333e-001 -4.8967552e+001 -4.8124439e+001 -4.8819614e+001 -4.9221607e+001 -4.8992767e+001
 -3.4666667e-001 -4.8966911e+001 -4.8129082e+001 -4.8812382e+001 -4.9217022e+001 -4.8987152e+001
 -3.4000000e-001 -4.8924412e+001 -4.8109127e+001 -4.8781601e+001 -4.9252468e+001 -4.9002846e+001
 -3.3333333e-001 -4.8957912e+001 -4.8112309e+001 -4.8786076e+001 -4.9248238e+001 -4.8988182e+001
 -3.2666667e-001 -4.8974625e+001 -4.8109646e+001 -4.8788479e+001 -4.9255325e+001 -4.8988640e+001
 -3.2000000e-001 -4.8977165e+001 -4.8127571e+001 -4.8786777e+001 -4.9254257e+001 -4.8962944e+001
 -3.1333333e-001 -4.8961189e+001 -4.8137684e+001 -4.8782864e+001 -4.9255630e+001 -4.8970959e+001
 -3.0666667e-001 -4.8951923e+001 -4.8160004e+001 -4.8782372e+001 -4.9242821e+001 -4.8969452e+001
 -3.0000000e-001 -4.8968124e+001 -4.8146351e+001 -4.8776497e+001 -4.9270996e+001 -4.8978565e+001
 -2.9333333e-001 -4.8967842e+001 -4.8150723e+001 -4.8777966e+001 -4.9308243e+001 -4.8983967e+001
 -2.8666667e-001 -4.8972202e+001 -4.8160522e+001 -4.8801216e+001 -4.9294342e+001 -4.9000721e+001
 -2.8000000e-001 -4.8973217e+001 -4.8192772e+001 -4.8770782e+001 -4.9305706e+001 -4.8969093e+001
 -2.7333333e-001 -4.8994225e+001 -4.8252571e+001 -4.8761318e+001 -4.9316483e+001 -4.8959656e+001
 -2.6666667e-001 -4.9011383e+001 -4.8258644e+001 -4.8750519e+001 -4.9316135e+001 -4.8962006e+001
 -2.6000000e-001 -4.8989124e+001 -4.8256180e+001 -4.8764885e+001 -4.9323822e+001 -4.8933998e+001
 -2.5333333e-001 -4.8990665e+001 -4.8273209e+001 -4.8768749e+001 -4.9308041e+001 -4.8948151e+001
 -2.4666667e-001 -4.8967979e+001 -4.8319458e+001 -4.8781990e+001 -4.9265160e+001 -4.8978836e+001
 -2.4000000e-001 -4.8972008e+001 -4.8334560e+001 -4.8773285e+001 -4.9252998e+001 -4.8980553e+001
 -2.3333333e-001 -4.8965752e+001 -4.8364147e+001 -4.8764858e+001 -4.9228867e+001 -4.8988743e+001
 -2.2666667e-001 -4.8951820e+001 -4.8377850e+001 -4.8787224e+001 -4.9202465e+001 -4.8988808e+001
 -2.2000000e-001 -4.8969341e+001 -4.8360447e+001 -4.8794270e+001 -4.9155739e+001 -4.8968357e+001
 -2.1333333e-001 -4.8935333e+001 -4.8389465e+001 -4.8787048e+001 -4.9085613e+001 -4.8961094e+001
 -2.0666667e-001 -4.8962700e+001 -4.8387585e+001 -4.8825230e+001 -4.9056293e+001 -4.8972530e+001
 -2.0000000e-001 -4.8953461e+001 -4.8396652e+001 -4.8824989e+001 -4.9027859e+001 -4.8957195e+001
 -1.9333333e-001 -4.8908417e+001 -4.8387196e+001 -4.8832607e+001 -4.8993153e+001 -4.8960114e+001
 -1.8666667e-001 -4.8904606e+001 -4.8391895e+001 -4.8839291e+001 -4.8996559e+001 -4.8995678e+001
 -1.8000000e-001 -4.8951099e+001 -4.8408512e+001 -4.8836174e+001 -4.8951000e+001 -4.8960686e+001
 -1.7333333e-001 -4.8947563e+001 -4.8411079e+001 -4.8823132e+001 -4.8949097e+001 -4.8974266e+001
 -1.6666667e-001 -4.8963463e+001 -4.8445610e+001 -4.8831497e+001 -4.8935593e+001 -4.8979095e+001
 -1.6000000e-001 -4.8965694e+001 -4.8433163e+001 -4.8824852e+001 -4.8936321e+001 -4.8974552e+001
 -1.5333333e-001 -4.8954548e+001 -4.8469570e+001 -4.8835594e+001 -4.8906223e+001 -4.8961349e+001
 -1.4666667e-001 -4.8969395e+001 -4.8441330e+001 -4.8872448e+001 -4.8885178e+001 -4.8931980e+001
 -1.4000000e-001 -4.8974102e+001 -4.8465816e+001 -4.8876095e+001 -4.8877605e+001 -4.8937027e+001
 -1.3333333e-001 -4.8963936e+001 -4.8475521e+001 -4.8905766e+001 -4.8862141e+001 -4.8931374e+001
 -1.2666667e-001 -4.8957508e+001 -4.8451767e+001 -4.8883244e+001 -4.8872627e+001 -4.8955036e+001
 -1.2000000e-001 -4.8974087e+001 -4.8454651e+001 -4.8891029e+001 -4.8863724e+001 -4.8986855e+001
 -1.1333333e-001 -4.8933983e+001 -4.8487053e+001 -4.8892807e+001 -4.8874302e+001 -4.8962811e+001
 -1.0666667e-001 -4.8936798e+001 -4.8466938e+001 -4.8901001e+001 -4.8861332e+001 -4.8938431e+001
 -1.0000000e-001 -4.8922230e+001 -4.8495743e+001 -4.8891132e+001 -4.8878506e+001 -4.8945255e+001
 -9.3333333e-002 -4.8947395e+001 -4.8481430e+001 -4.8910137e+001 -4.8859936e+001 -4.8930756e+001
 -8.6666667e-002 -4.8948299e+001 -4.8475052e+001 -4.8937992e+001 -4.8838867e+001 -4.8920231e+001
 -8.0000000e-002 -4.8954750e+001 -4.8491287e+001 -4.8940281e+001 -4.8842937e+001 -4.8944927e+001
 -7.3333333e-002 -4.8950191e+001 -4.8446583e+001 -4.8911346e+001 -4.8863289e+001 -4.8971748e+001
 -6.6666667e-002 -4.8905556e+001 -4.8460419e+001 -4.8896904e+001 -4.8857342e+001 -4.8965336e+001
 -6.0000000e-002 -4.8923988e+001 -4.8480400e+001 -4.8920357e+001 -4.8841930e+001 -4.8960243e+001
 -5.3333333e-002 -4.8928772e+001 -4.8452641e+001 -4.8939495e+001 -4.8836330e+001 -4.8941925e+001
 -4.6666667e-002 -4.8934994e+001 -4.8457222e+001 -4.8920238e+001 -4.8865982e+001 -4.8943268e+001
 -4.0000000e-002 -4.8961517e+001 -4.8437923e+001 -4.8936596e+001 -4.8846764e+001 -4.8934998e+001
 -3.3333333e-002 -4.8929062e+001 -4.8443214e+001 -4.8962017e+001 -4.8852184e+001 -4.8921566e+001
 -2.6666667e-002 -4.8900524e+001 -4.8444286e+001 -4.8951843e+001 -4.8808693e+001 -4.8923672e+001
 -2.0000000e-002 -4.8895050e+001 -4.8429409e+001 -4.8941338e+001 -4.8802952e+001 -4.8938271e+001
 -1.3333333e-002 -4.8939854e+001 -4.8441402e+001 -4.8946548e+001 -4.8791538e+001 -4.8922913e+001
 -6.6666667e-003 -4.8938595e+001 -4.8434513e+001 -4.8943684e+001 -4.8818932e+001 -4.8948051e+001
  0.0000000e+000 -4.8945595e+001 -4.8417618e+001 -4.8966339e+001 -4.8821167e+001 -4.8928696e+001
  6.6666667e-003 -4.8961662e+001 -4.8435658e+001 -4.9002850e+001 -4.8789959e+001 -4.8924030e+001
  1.3333333e-002 -4.8969532e+001 -4.8410091e+001 -4.8974518e+001 -4.8776211e+001 -4.8948013e+001
  2.0000000e-002 -4.9006847e+001 -4.8399605e+001 -4.8953484e+001 -4.8810005e+001 -4.8948360e+001
  2.6666667e-002 -4.9044521e+001 -4.8393105e+001 -4.8968079e+001 -4.8811405e+001 -4.8958546e+001
  3.3333333e-002 -4.9070301e+001 -4.8420795e+001 -4.8982117e+001 -4.8843624e+001 -4.8981224e+001
  4.0000000e-002 -4.9116711e+001 -4.8398453e+001 -4.9004776e+001 -4.8867737e+001 -4.8971161e+001
  4.6666667e-002 -4.9091667e+001 -4.8360012e+001 -4.9026390e+001 -4.8880848e+001 -4.8987022e+001
  5.3333333e-002 -4.9151188e+001 -4.8388489e+001 -4.9047741e+001 -4.8909641e+001 -4.9012920e+001
  6.0000000e-002 -4.9195259e+001 -4.8390244e+001 -4.9038494e+001 -4.8927956e+001 -4.9039345e+001
  6.6666667e-002 -4.9221577e+001 -4.8409908e+001 -4.9053101e+001 -4.8927551e+001 -4.9045555e+001
  7.3333333e-002 -4.9268894e+001 -4.8424202e+001 -4.9046310e+001 -4.8939930e+001 -4.9068115e+001
  8.0000000e-002 -4.9300537e+001 -4.8435211e+001 -4.9015072e+001 -4.8949009e+001 -4.9075752e+001
  8.6666667e-002 -4.9320919e+001 -4.8440842e+001 -4.9010269e+001 -4.8971779e+001 -4.9076199e+001
  9.3333333e-002 -4.9347076e+001 -4.8438831e+001 -4.8999722e+001 -4.8961361e+001 -4.9059246e+001
  1.0000000e-001 -4.9308979e+001 -4.8426662e+001 -4.8991795e+001 -4.8964218e+001 -4.9052006e+001
  1.0666667e-001 -4.9305176e+001 -4.8440773e+001 -4.9001835e+001 -4.8983089e+001 -4.9026184e+001
  1.1333333e-001 -4.9292068e+001 -4.8410538e+001 -4.9000256e+001 -4.8996014e+001 -4.9035519e+001
  1.2000000e-001 -4.9293167e+001 -4.8416855e+001 -4.8996193e+001 -4.9046509e+001 -4.9049652e+001
  1.2666667e-001 -4.9316799e+001 -4.8410889e+001 -4.9005135e+001 -4.9042088e+001 -4.9052200e+001
  1.3333333e-001 -4.9312614e+001 -4.8413139e+001 -4.9034744e+001 -4.9082645e+001 -4.9077114e+001
  1.4000000e-001 -4.9337715e+001 -4.8443848e+001 -4.9072426e+001 -4.9118549e+001 -4.9071468e+001
  1.4666667e-001 -4.9347420e+001 -4.8438988e+001 -4.9075756e+001 -4.9137363e+001 -4.9121986e+001
  1.5333333e-001 -4.9362022e+001 -4.8461914e+001 -4.9075714e+001 -4.9156574e+001 -4.9150997e+001
  1.6000000e-001 -4.9342178e+001 -4.8501694e+001 -4.9125732e+001 -4.9205402e+001 -4.9163612e+001
  1.6666667e-001 -4.9621296e+001 -4.8509266e+001 -4.9175076e+001 -4.9224781e+001 -4.9211601e+001
  1.7333333e-001 -4.9688469e+001 -4.8469723e+001 -4.9221901e+001 -4.9269260e+001 -4.9256615e+001
  1.8000000e-001 -4.9720921e+001 -4.8475681e+001 -4.9244884e+001 -4.9350544e+001 -4.9307247e+001
  1.8666667e-001 -4.9774872e+001 -4.8497536e+001 -4.9273079e+001 -4.9429073e+001 -4.9331326e+001
  1.9333333e-001 -4.9975117e+001 -4.8525864e+001 -4.9330257e+001 -4.9486614e+001 -4.9389805e+001
  2.0000000e-001 -5.0117832e+001 -4.8609936e+001 -4.9375046e+001 -4.9587273e+001 -4.9410454e+001
  2.0666667e-001 -5.0425251e+001 -4.8733067e+001 -4.9399620e+001 -4.9709412e+001 -4.9427216e+001
  2.1333333e-001 -5.0810467e+001 -4.8971489e+001 -4.9459949e+001 -4.9810764e+001 -4.9468338e+001
  2.2000000e-001 -5.1260418e+001 -4.9306255e+001 -4.9524220e+001 -4.9953720e+001 -4.9486912e+001
  2.2666667e-001 -5.1761829e+001 -4.9744213e+001 -4.9572441e+001 -5.0064896e+001 -4.9566494e+001
  2.3333333e-001 -5.2229088e+001 -5.0197620e+001 -4.9671574e+001 -5.0157787e+001 -4.9645836e+001
  2.4000000e-001 -5.2564240e+001 -5.0669464e+001 -4.9754936e+001 -5.0328548e+001 -4.9751286e+001
  2.4666667e-001 -5.2452976e+001 -5.1100319e+001 -4.9830612e+001 -5.0475876e+001 -4.9883648e+001
  2.5333333e-001 -5.2481174e+001 -5.1470219e+001 -4.9919456e+001 -5.0620136e+001 -5.0031124e+001
  2.6000000e-001 -5.2463814e+001 -5.1693802e+001 -5.0019852e+001 -5.0753716e+001 -5.0193840e+001
  2.6666667e-001 -5.2257946e+001 -5.1803829e+001 -5.0143284e+001 -5.0833363e+001 -5.0388950e+001
  2.7333333e-001 -5.1957996e+001 -5.1777924e+001 -5.0248676e+001 -5.0859692e+001 -5.0680542e+001
  2.8000000e-001 -5.1658352e+001 -5.1587635e+001 -5.0348953e+001 -5.0825180e+001 -5.0969288e+001
  2.8666667e-001 -5.1374939e+001 -5.1275974e+001 -5.0427898e+001 -5.0818104e+001 -5.1279423e+001
  2.9333333e-001 -5.1131908e+001 -5.0890320e+001 -5.0471226e+001 -5.0775238e+001 -5.1491974e+001
  3.0000000e-001 -5.0957352e+001 -5.0531940e+001 -5.0497498e+001 -5.0707840e+001 -5.1600780e+001
  3.0666667e-001 -5.0877377e+001 -5.0230511e+001 -5.0452473e+001 -5.0571964e+001 -5.1623646e+001
  3.1333333e-001 -5.0839397e+001 -4.9962643e+001 -5.0392590e+001 -5.0392826e+001 -5.1621807e+001
  3.2000000e-001 -5.0861992e+001 -4.9745117e+001 -5.0283085e+001 -5.0158081e+001 -5.1595173e+001
  3.2666667e-001 -5.0876125e+001 -4.9586636e+001 -5.0121887e+001 -4.9929379e+001 -5.1519306e+001
  3.3333333e-001 -5.0859241e+001 -4.9493401e+001 -4.9960381e+001 -4.9667587e+001 -5.1350620e+001
  3.4000000e-001 -5.0859009e+001 -4.9404804e+001 -4.9749332e+001 -4.9377960e+001 -5.1129765e+001
  3.4666667e-001 -5.0866203e+001 -4.9352791e+001 -4.9542854e+001 -4.9072079e+001 -5.0888386e+001
  3.5333333e-001 -5.0913139e+001 -4.9236198e+001 -4.9324097e+001 -4.8752937e+001 -5.0628021e+001
  3.6000000e-001 -5.0977428e+001 -4.9101246e+001 -4.9143448e+001 -4.8392036e+001 -5.0399162e+001
  3.6666667e-001 -5.1068848e+001 -4.8938839e+001 -4.8991867e+001 -4.7967579e+001 -5.0235680e+001
  3.7333333e-001 -5.1199955e+001 -4.8786049e+001 -4.8908058e+001 -4.7578499e+001 -5.0089405e+001
  3.8000000e-001 -5.1315968e+001 -4.8628918e+001 -4.8964302e+001 -4.7264614e+001 -4.9951130e+001
  3.8666667e-001 -5.1403805e+001 -4.8584209e+001 -4.9118855e+001 -4.6982201e+001 -4.9764099e+001
  3.9333333e-001 -5.1395679e+001 -4.8528889e+001 -4.9286362e+001 -4.6766315e+001 -4.9580189e+001
  4.0000000e-001 -5.1328461e+001 -4.8469681e+001 -4.9570091e+001 -4.6570347e+001 -4.9441288e+001
  4.0666667e-001 -5.1138378e+001 -4.8389744e+001 -4.9896423e+001 -4.6495750e+001 -4.9335068e+001
  4.1333333e-001 -5.0883030e+001 -4.8272369e+001 -5.0162395e+001 -4.6481644e+001 -4.9298512e+001
  4.2000000e-001 -5.0618519e+001 -4.8083515e+001 -5.0337040e+001 -4.6504959e+001 -4.9294285e+001
  4.2666667e-001 -5.0377079e+001 -4.7870277e+001 -5.0354702e+001 -4.6583042e+001 -4.9360661e+001
  4.3333333e-001 -5.0203209e+001 -4.7716042e+001 -5.0397720e+001 -4.6648815e+001 -4.9480598e+001
  4.4000000e-001 -5.0099495e+001 -4.7601177e+001 -5.0529514e+001 -4.6680573e+001 -4.9558727e+001
  4.4666667e-001 -5.0035397e+001 -4.7558872e+001 -5.0771568e+001 -4.6727402e+001 -4.9659138e+001
  4.5333333e-001 -5.0023804e+001 -4.7491726e+001 -5.1037106e+001 -4.6739235e+001 -4.9783760e+001
  4.6000000e-001 -4.9982502e+001 -4.7370163e+001 -5.1291622e+001 -4.6640503e+001 -4.9891624e+001
  4.6666667e-001 -5.0027428e+001 -4.7221733e+001 -5.1394112e+001 -4.6466282e+001 -4.9910465e+001
  4.7333333e-001 -5.0130955e+001 -4.6988270e+001 -5.1301964e+001 -4.6250992e+001 -4.9891171e+001
  4.8000000e-001 -5.0263115e+001 -4.6718384e+001 -5.0958733e+001 -4.5977486e+001 -4.9758949e+001
  4.8666667e-001 -5.0413403e+001 -4.6459351e+001 -5.0501911e+001 -4.5722519e+001 -4.9512276e+001
  4.9333333e-001 -5.0512070e+001 -4.6179317e+001 -4.9928680e+001 -4.5485970e+001 -4.9104607e+001
  5.0000000e-001 -5.0487297e+001 -4.5998802e+001 -4.9397324e+001 -4.5298042e+001 -4.8659203e+001
  5.0666667e-001 -5.0363007e+001 -4.5911293e+001 -4.8954468e+001 -4.5187504e+001 -4.8309212e+001
  5.1333333e-001 -5.0165722e+001 -4.5817150e+001 -4.8697617e+001 -4.5155933e+001 -4.8050419e+001
  5.2000000e-001 -4.9906166e+001 -4.5763866e+001 -4.8597614e+001 -4.5182457e+001 -4.7841553e+001
  5.2666667e-001 -4.9640526e+001 -4.5738964e+001 -4.8674007e+001 -4.5194443e+001 -4.7843712e+001
  5.3333333e-001 -4.9430477e+001 -4.5679150e+001 -4.8900799e+001 -4.5184738e+001 -4.7932812e+001
  5.4000000e-001 -4.9272579e+001 -4.5549267e+001 -4.9196331e+001 -4.5123734e+001 -4.8047123e+001
  5.4666667e-001 -4.9206223e+001 -4.5315842e+001 -4.9545197e+001 -4.5069527e+001 -4.8149334e+001
  5.5333333e-001 -4.9209133e+001 -4.5044415e+001 -4.9888840e+001 -4.4909328e+001 -4.8223530e+001
  5.6000000e-001 -4.9196064e+001 -4.4710274e+001 -5.0158989e+001 -4.4780701e+001 -4.8191700e+001
  5.6666667e-001 -4.9158188e+001 -4.4364651e+001 -5.0335827e+001 -4.4658352e+001 -4.8089275e+001
  5.7333333e-001 -4.9072041e+001 -4.4108486e+001 -5.0405483e+001 -4.4514851e+001 -4.7947811e+001
  5.8000000e-001 -4.8920845e+001 -4.3865112e+001 -5.0307877e+001 -4.4373959e+001 -4.7699955e+001
  5.8666667e-001 -4.8793644e+001 -4.3706417e+001 -5.0148121e+001 -4.4265884e+001 -4.7468506e+001
  5.9333333e-001 -4.8709732e+001 -4.3599419e+001 -4.9881634e+001 -4.4222847e+001 -4.7215771e+001
  6.0000000e-001 -4.8688885e+001 -4.3590839e+001 -4.9623772e+001 -4.4181702e+001 -4.6960117e+001
  6.0666667e-001 -4.8679073e+001 -4.3624531e+001 -4.9346958e+001 -4.4152916e+001 -4.6756393e+001
  6.1333333e-001 -4.8694702e+001 -4.3711624e+001 -4.9019478e+001 -4.4116768e+001 -4.6608746e+001
  6.2000000e-001 -4.8666298e+001 -4.3808937e+001 -4.8627457e+001 -4.4138905e+001 -4.6450634e+001
  6.2666667e-001 -4.8634232e+001 -4.3861526e+001 -4.8235813e+001 -4.4149433e+001 -4.6352631e+001
  6.3333333e-001 -4.8542183e+001 -4.3867138e+001 -4.7863449e+001 -4.4129219e+001 -4.6264782e+001
  6.4000000e-001 -4.8376530e+001 -4.3876255e+001 -4.7582756e+001 -4.4110317e+001 -4.6208370e+001
  6.4666667e-001 -4.8210842e+001 -4.3893127e+001 -4.7418720e+001 -4.4126274e+001 -4.6175171e+001
  6.5333333e-001 -4.8072220e+001 -4.3927322e+001 -4.7321178e+001 -4.4099731e+001 -4.6168835e+001
  6.6000000e-001 -4.7974941e+001 -4.3956120e+001 -4.7303623e+001 -4.4059811e+001 -4.6197353e+001
  6.6666667e-001 -4.7886616e+001 -4.3921501e+001 -4.7411114e+001 -4.4011513e+001 -4.6211040e+001
  6.7333333e-001 -4.7840050e+001 -4.3913963e+001 -4.7653610e+001 -4.3953735e+001 -4.6178055e+001
  6.8000000e-001 -4.7840824e+001 -4.3923832e+001 -4.8031418e+001 -4.3904900e+001 -4.6169357e+001
  6.8666667e-001 -4.7840336e+001 -4.3838432e+001 -4.8434692e+001 -4.3811577e+001 -4.6180061e+001
  6.9333333e-001 -4.7806198e+001 -4.3798100e+001 -4.8890194e+001 -4.3695511e+001 -4.6158916e+001
  7.0000000e-001 -4.7785084e+001 -4.3726742e+001 -4.9242718e+001 -4.3601402e+001 -4.6053928e+001
  7.0666667e-001 -4.7788738e+001 -4.3690430e+001 -4.9397999e+001 -4.3538269e+001 -4.5954708e+001
  7.1333333e-001 -4.7749657e+001 -4.3631474e+001 -4.9323696e+001 -4.3506699e+001 -4.5807449e+001
  7.2000000e-001 -4.7640556e+001 -4.3635433e+001 -4.9040398e+001 -4.3490925e+001 -4.5610458e+001
  7.2666667e-001 -4.7485249e+001 -4.3638561e+001 -4.8654968e+001 -4.3497406e+001 -4.5380268e+001
  7.3333333e-001 -4.7298042e+001 -4.3644341e+001 -4.8267315e+001 -4.3503471e+001 -4.5231533e+001
  7.4000000e-001 -4.7082989e+001 -4.3689087e+001 -4.7979858e+001 -4.3642761e+001 -4.5115856e+001
  7.4666667e-001 -4.6895935e+001 -4.3738495e+001 -4.7801369e+001 -4.3714314e+001 -4.5084923e+001
  7.5333333e-001 -4.6766037e+001 -4.3807308e+001 -4.7712368e+001 -4.3751827e+001 -4.5120403e+001
  7.6000000e-001 -4.6635448e+001 -4.3890373e+001 -4.7758701e+001 -4.3851860e+001 -4.5150780e+001
  7.6666667e-001 -4.6561459e+001 -4.3961555e+001 -4.7774151e+001 -4.3964474e+001 -4.5225986e+001
  7.7333333e-001 -4.6606766e+001 -4.4027145e+001 -4.7700619e+001 -4.4019432e+001 -4.5321033e+001
  7.8000000e-001 -4.6647182e+001 -4.4120125e+001 -4.7531231e+001 -4.4123268e+001 -4.5264400e+001
  7.8666667e-001 -4.6690350e+001 -4.4167068e+001 -4.7452965e+001 -4.4254669e+001 -4.5219780e+001
  7.9333333e-001 -4.6716949e+001 -4.4174965e+001 -4.7556946e+001 -4.4362297e+001 -4.5211159e+001
  8.0000000e-001 -4.6683346e+001 -4.4232307e+001 -4.7961433e+001 -4.4404949e+001 -4.5190617e+001
  8.0666667e-001 -4.6602982e+001 -4.4266399e+001 -4.8646042e+001 -4.4450237e+001 -4.5179230e+001
  8.1333333e-001 -4.6506130e+001 -4.4287613e+001 -4.9489098e+001 -4.4467983e+001 -4.5180645e+001
  8.2000000e-001 -4.6373528e+001 -4.4323185e+001 -5.0350227e+001 -4.4490379e+001 -4.5258553e+001
  8.2666667e-001 -4.6271778e+001 -4.4390106e+001 -5.1090885e+001 -4.4420902e+001 -4.5357010e+001
  8.3333333e-001 -4.6257442e+001 -4.4433311e+001 -5.1667824e+001 -4.4347069e+001 -4.5446636e+001
  8.4000000e-001 -4.6361572e+001 -4.4450146e+001 -5.2088497e+001 -4.4292828e+001 -4.5539448e+001
  8.4666667e-001 -4.6477043e+001 -4.4449642e+001 -5.2428486e+001 -4.4261238e+001 -4.5607132e+001
  8.5333333e-001 -4.6601151e+001 -4.4461029e+001 -5.2614677e+001 -4.4203125e+001 -4.5610077e+001
  8.6000000e-001 -4.6701721e+001 -4.4411938e+001 -5.2695335e+001 -4.4190224e+001 -4.5586060e+001
  8.6666667e-001 -4.6743061e+001 -4.4365639e+001 -5.2676189e+001 -4.4262825e+001 -4.5522465e+001
  8.7333333e-001 -4.6703037e+001 -4.4405334e+001 -5.2579056e+001 -4.4417980e+001 -4.5542503e+001
  8.8000000e-001 -4.6615017e+001 -4.4483826e+001 -5.2481415e+001 -4.4623405e+001 -4.5578705e+001
  8.8666667e-001 -4.6529751e+001 -4.4578903e+001 -5.2476845e+001 -4.4818161e+001 -4.5627789e+001
  8.9333333e-001 -4.6509647e+001 -4.4712353e+001 -5.2513004e+001 -4.5000263e+001 -4.5765305e+001
  9.0000000e-001 -4.6506905e+001 -4.4861401e+001 -5.2645367e+001 -4.5103020e+001 -4.5851349e+001
  9.0666667e-001 -4.6586590e+001 -4.4947315e+001 -5.2844303e+001 -4.5183628e+001 -4.5894737e+001
  9.1333333e-001 -4.6703632e+001 -4.5075569e+001 -5.3114990e+001 -4.5209782e+001 -4.5852200e+001
  9.2000000e-001 -4.6745461e+001 -4.5091743e+001 -5.3346184e+001 -4.5266941e+001 -4.5777668e+001
  9.2666667e-001 -4.6779362e+001 -4.5059887e+001 -5.3514168e+001 -4.5255856e+001 -4.5710808e+001
  9.3333333e-001 -4.6743908e+001 -4.4997967e+001 -5.3689510e+001 -4.5182713e+001 -4.5610180e+001
  9.4000000e-001 -4.6701046e+001 -4.4852619e+001 -5.3745552e+001 -4.5187946e+001 -4.5527767e+001
  9.4666667e-001 -4.6687908e+001 -4.4787247e+001 -5.3687168e+001 -4.5209183e+001 -4.5495201e+001
  9.5333333e-001 -4.6719810e+001 -4.4734100e+001 -5.3567886e+001 -4.5233330e+001 -4.5580368e+001
  9.6000000e-001 -4.6779232e+001 -4.4729744e+001 -5.3361088e+001 -4.5320866e+001 -4.5673870e+001
  9.6666667e-001 -4.6894077e+001 -4.4762413e+001 -5.3088318e+001 -4.5382019e+001 -4.5759857e+001
  9.7333333e-001 -4.7030266e+001 -4.4846722e+001 -5.2745102e+001 -4.5430798e+001 -4.5872776e+001
  9.8000000e-001 -4.7193218e+001 -4.4945694e+001 -5.2350502e+001 -4.5445442e+001 -4.5951721e+001
  9.8666667e-001 -4.7233791e+001 -4.4997894e+001 -5.1915535e+001 -4.5547531e+001 -4.6012856e+001
  9.9333333e-001 -4.7260414e+001 -4.5038151e+001 -5.1397221e+001 -4.5576649e+001 -4.6018856e+001
  1.0000000e+000 -4.7243267e+001 -4.5139912e+001 -5.0863750e+001 -4.5630936e+001 -4.6003468e+001
  1.0066667e+000 -4.7205986e+001 -4.5215725e+001 -5.0333649e+001 -4.5736073e+001 -4.6009815e+001
  1.0133333e+000 -4.7181362e+001 -4.5238575e+001 -4.9744267e+001 -4.5854286e+001 -4.5983185e+001
  1.0200000e+000 -4.7090820e+001 -4.5240253e+001 -4.9158512e+001 -4.5952778e+001 -4.5969959e+001
  1.0266667e+000 -4.7010948e+001 -4.5256741e+001 -4.8558235e+001 -4.6118702e+001 -4.5967937e+001
  1.0333333e+000 -4.6992588e+001 -4.5277027e+001 -4.7820042e+001 -4.6273552e+001 -4.5970779e+001
  1.0400000e+000 -4.6985302e+001 -4.5356785e+001 -4.7053719e+001 -4.6385056e+001 -4.5997795e+001
  1.0466667e+000 -4.6975689e+001 -4.5457214e+001 -4.6268089e+001 -4.6519844e+001 -4.6009975e+001
  1.0533333e+000 -4.6982445e+001 -4.5471802e+001 -4.5511864e+001 -4.6603882e+001 -4.5986305e+001
  1.0600000e+000 -4.7028786e+001 -4.5532925e+001 -4.4734783e+001 -4.6614471e+001 -4.5942657e+001
  1.0666667e+000 -4.7005188e+001 -4.5591644e+001 -4.4137951e+001 -4.6580326e+001 -4.5897011e+001
  1.0733333e+000 -4.6909061e+001 -4.5661499e+001 -4.3713661e+001 -4.6610645e+001 -4.5836727e+001
  1.0800000e+000 -4.6853123e+001 -4.5759357e+001 -4.3469208e+001 -4.6656681e+001 -4.5817749e+001
  1.0866667e+000 -4.6944180e+001 -4.5827774e+001 -4.3325756e+001 -4.6679932e+001 -4.5795963e+001
  1.0933333e+000 -4.7091480e+001 -4.5917465e+001 -4.3182789e+001 -4.6797211e+001 -4.5782429e+001
  1.1000000e+000 -4.7282440e+001 -4.6013668e+001 -4.3052258e+001 -4.6907322e+001 -4.5810043e+001
  1.1066667e+000 -4.7546368e+001 -4.6102825e+001 -4.2905075e+001 -4.7069313e+001 -4.5816441e+001
  1.1133333e+000 -4.7800510e+001 -4.6239189e+001 -4.2834320e+001 -4.7208397e+001 -4.5847954e+001
  1.1200000e+000 -4.8020218e+001 -4.6365253e+001 -4.2781086e+001 -4.7294468e+001 -4.5902435e+001
  1.1266667e+000 -4.8104118e+001 -4.6500523e+001 -4.2731506e+001 -4.7387611e+001 -4.5953716e+001
  1.1333333e+000 -4.8031960e+001 -4.6655319e+001 -4.2738655e+001 -4.7467949e+001 -4.6000771e+001
  1.1400000e+000 -4.7911926e+001 -4.6829449e+001 -4.2740353e+001 -4.7592537e+001 -4.6083660e+001
  1.1466667e+000 -4.7787800e+001 -4.7032490e+001 -4.2760899e+001 -4.7697124e+001 -4.6114670e+001
  1.1533333e+000 -4.7653515e+001 -4.7332741e+001 -4.2728466e+001 -4.7837357e+001 -4.6178440e+001
  1.1600000e+000 -4.7573505e+001 -4.7687153e+001 -4.2685379e+001 -4.7946640e+001 -4.6251762e+001
  1.1666667e+000 -4.7609119e+001 -4.8085285e+001 -4.2585644e+001 -4.8034500e+001 -4.6312332e+001
  1.1733333e+000 -4.7735363e+001 -4.8520172e+001 -4.2346527e+001 -4.8151165e+001 -4.6438957e+001
  1.1800000e+000 -4.7918465e+001 -4.8955322e+001 -4.2004158e+001 -4.8285175e+001 -4.6516239e+001
  1.1866667e+000 -4.8084381e+001 -4.9399044e+001 -4.1578739e+001 -4.8397964e+001 -4.6572296e+001
  1.1933333e+000 -4.8307304e+001 -4.9903572e+001 -4.1135994e+001 -4.8550621e+001 -4.6665245e+001
  1.2000000e+000 -4.8467186e+001 -5.0341202e+001 -4.0747196e+001 -4.8763142e+001 -4.6732155e+001
  1.2066667e+000 -4.8629662e+001 -5.0854851e+001 -4.0359421e+001 -4.8896015e+001 -4.6855698e+001
  1.2133333e+000 -4.8787178e+001 -5.1417068e+001 -4.0095211e+001 -4.9054367e+001 -4.6970535e+001
  1.2200000e+000 -4.8928738e+001 -5.1951820e+001 -4.0007160e+001 -4.9326836e+001 -4.7139336e+001
  1.2266667e+000 -4.9113132e+001 -5.2504223e+001 -4.0115704e+001 -4.9547974e+001 -4.7281982e+001
  1.2333333e+000 -4.9272797e+001 -5.3056690e+001 -4.0329464e+001 -4.9779503e+001 -4.7439304e+001
  1.2400000e+000 -4.9463726e+001 -5.3691097e+001 -4.0558273e+001 -5.0086250e+001 -4.7608952e+001
  1.2466667e+000 -4.9655338e+001 -5.4371025e+001 -4.0718029e+001 -5.0432346e+001 -4.7750797e+001
  1.2533333e+000 -4.9838882e+001 -5.5083961e+001 -4.0836582e+001 -5.0751255e+001 -4.7920841e+001
  1.2600000e+000 -4.9955853e+001 -5.5865810e+001 -4.0900486e+001 -5.1123791e+001 -4.8072208e+001
  1.2666667e+000 -5.0043388e+001 -5.6628941e+001 -4.0943905e+001 -5.1444019e+001 -4.8194794e+001
  1.2733333e+000 -5.0151649e+001 -5.7415279e+001 -4.0975300e+001 -5.1759315e+001 -4.8361313e+001
  1.2800000e+000 -5.0293339e+001 -5.8135647e+001 -4.1019527e+001 -5.2069393e+001 -4.8519535e+001
  1.2866667e+000 -5.0416115e+001 -5.8812614e+001 -4.1013748e+001 -5.2287563e+001 -4.8660400e+001
  1.2933333e+000 -5.0545650e+001 -5.9392513e+001 -4.0907722e+001 -5.2487385e+001 -4.8818523e+001
  1.3000000e+000 -5.0698196e+001 -5.9997986e+001 -4.0760643e+001 -5.2718613e+001 -4.8986908e+001
  1.3066667e+000 -5.0841297e+001 -6.0585007e+001 -4.0585239e+001 -5.2946152e+001 -4.9156605e+001
  1.3133333e+000 -5.0957024e+001 -6.1226288e+001 -4.0406834e+001 -5.3116188e+001 -4.9363426e+001
  1.3200000e+000 -5.1009914e+001 -6.1835239e+001 -4.0240196e+001 -5.3337555e+001 -4.9553318e+001
  1.3266667e+000 -5.1181026e+001 -6.2385609e+001 -4.0131935e+001 -5.3508957e+001 -4.9851231e+001
  1.3333333e+000 -5.1356647e+001 -6.2959911e+001 -4.0075207e+001 -5.3677303e+001 -5.0166969e+001
  1.3400000e+000 -5.1635525e+001 -6.3918106e+001 -4.0007553e+001 -5.3895969e+001 -5.0389622e+001
  1.3466667e+000 -5.1936745e+001 -6.4598114e+001 -3.9887913e+001 -5.4079998e+001 -5.0567177e+001
  1.3533333e+000 -5.2296032e+001 -6.5283348e+001 -3.9740108e+001 -5.4265541e+001 -5.0775757e+001
  1.3600000e+000 -5.2731522e+001 -6.5967819e+001 -3.9574562e+001 -5.4423428e+001 -5.0920799e+001
  1.3666667e+000 -5.3235882e+001 -6.6689468e+001 -3.9456337e+001 -5.4547470e+001 -5.1067074e+001
  1.3733333e+000 -5.3769924e+001 -6.7563095e+001 -3.9313049e+001 -5.4624359e+001 -5.1179607e+001
  1.3800000e+000 -5.4266804e+001 -6.8417480e+001 -3.9217224e+001 -5.4750156e+001 -5.1306168e+001
  1.3866667e+000 -5.4691956e+001 -6.9256668e+001 -3.9135498e+001 -5.4837132e+001 -5.1458271e+001
  1.3933333e+000 -5.4981091e+001 -7.0207756e+001 -3.9096516e+001 -5.4891903e+001 -5.1580967e+001
  1.4000000e+000 -5.5184914e+001 -7.1304832e+001 -3.9087708e+001 -5.5021885e+001 -5.1743267e+001
  1.4066667e+000 -5.5427090e+001 -7.2524651e+001 -3.9134140e+001 -5.5089855e+001 -5.1932529e+001
  1.4133333e+000 -5.5622944e+001 -7.2098907e+001 -3.9196068e+001 -5.5245651e+001 -5.2174755e+001
  1.4200000e+000 -5.5862995e+001 -7.2848717e+001 -3.9244091e+001 -5.5367287e+001 -5.2360619e+001
  1.4266667e+000 -5.6078396e+001 -7.6328430e+001 -3.9287621e+001 -5.5427906e+001 -5.2542336e+001
  1.4333333e+000 -5.6351372e+001 -7.5638283e+001 -3.9309250e+001 -5.5476048e+001 -5.2750038e+001
  1.4400000e+000 -5.6591068e+001 -7.6126640e+001 -3.9349510e+001 -5.5521114e+001 -5.2970734e+001
  1.4466667e+000 -5.6794086e+001 -7.6522636e+001 -3.9385090e+001 -5.5518719e+001 -5.3296333e+001
  1.4533333e+000 -5.6930458e+001 -7.6916534e+001 -3.9433258e+001 -5.5539719e+001 -5.3862141e+001
  1.4600000e+000 -5.7048958e+001 -7.7316742e+001 -3.9522186e+001 -5.5560413e+001 -5.4532215e+001
  1.4666667e+000 -5.7105629e+001 -7.7513519e+001 -3.9643940e+001 -5.5577427e+001 -5.5189514e+001
  1.4733333e+000 -5.7247540e+001 -7.7794624e+001 -3.9772610e+001 -5.5590717e+001 -5.5792194e+001
  1.4800000e+000 -5.7361240e+001 -7.8296410e+001 -3.9872879e+001 -5.5610355e+001 -5.6292873e+001
  1.4866667e+000 -5.7551529e+001 -7.8793488e+001 -3.9977707e+001 -5.5599407e+001 -5.6729492e+001
  1.4933333e+000 -5.7843132e+001 -7.9304192e+001 -4.0069298e+001 -5.5635021e+001 -5.7072937e+001
  1.5000000e+000 -5.8230560e+001 -7.9761635e+001 -4.0134445e+001 -5.5668903e+001 -5.7325596e+001
  1.5066667e+000 -5.8541763e+001 -8.0258514e+001 -4.0146732e+001 -5.5730244e+001 -5.7567062e+001
  1.5133333e+000 -5.8849613e+001 -8.0783951e+001 -4.0094479e+001 -5.5809235e+001 -5.7822960e+001
  1.5200000e+000 -5.9120445e+001 -8.1297913e+001 -4.0054718e+001 -5.5848774e+001 -5.8109051e+001
  1.5266667e+000 -5.9475540e+001 -8.1867859e+001 -3.9989647e+001 -5.5872463e+001 -5.8354378e+001
  1.5333333e+000 -5.9895390e+001 -8.2455147e+001 -3.9981487e+001 -5.5933456e+001 -5.8607647e+001
  1.5400000e+000 -6.0313652e+001 -8.2908012e+001 -3.9959370e+001 -5.5954369e+001 -5.8887718e+001
  1.5466667e+000 -6.0679989e+001 -8.3389442e+001 -4.0010841e+001 -5.5966557e+001 -5.9101963e+001
  1.5533333e+000 -6.0940006e+001 -8.3870872e+001 -4.0136402e+001 -5.5942944e+001 -5.9348007e+001
  1.5600000e+000 -6.1089615e+001 -8.4231796e+001 -4.0268188e+001 -5.5938477e+001 -5.9544498e+001
  1.5666667e+000 -6.1320427e+001 -8.4576096e+001 -4.0416752e+001 -5.5892349e+001 -5.9835564e+001
  1.5733333e+000 -6.1246067e+001 -8.4910034e+001 -4.0552998e+001 -5.5894527e+001 -6.0138191e+001
  1.5800000e+000 -6.1216499e+001 -8.5146667e+001 -4.0657970e+001 -5.5895561e+001 -6.0478436e+001
  1.5866667e+000 -6.1194611e+001 -8.5436020e+001 -4.0765858e+001 -5.5863518e+001 -6.0838291e+001
  1.5933333e+000 -6.1257957e+001 -8.5655708e+001 -4.0869804e+001 -5.5806183e+001 -6.1187206e+001
  1.6000000e+000 -6.1319466e+001 -8.5866020e+001 -4.0916634e+001 -5.5757217e+001 -6.1580147e+001
  1.6066667e+000 -6.1321159e+001 -8.5999290e+001 -4.0950199e+001 -5.5725979e+001 -6.1944878e+001
  1.6133333e+000 -6.1367889e+001 -8.6171829e+001 -4.0956013e+001 -5.5667408e+001 -6.2285759e+001
  1.6200000e+000 -6.1363937e+001 -8.6292717e+001 -4.0993801e+001 -5.5632168e+001 -6.2540920e+001
  1.6266667e+000 -6.1399487e+001 -8.6557472e+001 -4.1000542e+001 -5.5630234e+001 -6.2815708e+001
  1.6333333e+000 -6.1387871e+001 -8.6851662e+001 -4.1009560e+001 -5.5585011e+001 -6.3117088e+001
  1.6400000e+000 -6.1482311e+001 -8.7070160e+001 -4.1032837e+001 -5.5575817e+001 -6.3393452e+001
  1.6466667e+000 -6.1537041e+001 -8.7248642e+001 -4.1104042e+001 -5.5546116e+001 -6.3616951e+001
  1.6533333e+000 -6.1716900e+001 -8.7491653e+001 -4.1169006e+001 -5.5534336e+001 -6.3860180e+001
  1.6600000e+000 -6.1815712e+001 -8.7594421e+001 -4.1285870e+001 -5.5517639e+001 -6.4073654e+001
  1.6666667e+000 -6.1925549e+001 -8.7707741e+001 -4.1418293e+001 -5.5503719e+001 -6.4243195e+001
  1.6733333e+000 -6.2034615e+001 -8.7855247e+001 -4.1576397e+001 -5.5493202e+001 -6.4454323e+001
  1.6800000e+000 -6.2121330e+001 -8.7912308e+001 -4.1732380e+001 -5.5432426e+001 -6.4645668e+001
  1.6866667e+000 -6.2156765e+001 -8.7959724e+001 -4.1908447e+001 -5.5413116e+001 -6.4769783e+001
  1.6933333e+000 -6.2161339e+001 -8.7939102e+001 -4.2077103e+001 -5.5372082e+001 -6.4911209e+001
  1.7000000e+000 -6.2174870e+001 -8.7948433e+001 -4.2269711e+001 -5.5360783e+001 -6.4989571e+001
  1.7066667e+000 -6.2183704e+001 -8.7992210e+001 -4.2404156e+001 -5.5312466e+001 -6.5118362e+001
  1.7133333e+000 -6.2127079e+001 -8.7996407e+001 -4.2536980e+001 -5.5240101e+001 -6.5217491e+001
  1.7200000e+000 -6.2059666e+001 -8.8063560e+001 -4.2637650e+001 -5.5190884e+001 -6.5336327e+001
  1.7266667e+000 -6.2007935e+001 -8.8087463e+001 -4.2806808e+001 -5.5150646e+001 -6.5420227e+001
  1.7333333e+000 -6.1986889e+001 -8.8162292e+001 -4.2901077e+001 -5.5136425e+001 -6.5517517e+001
  1.7400000e+000 -6.1895557e+001 -8.8165810e+001 -4.3016216e+001 -5.5081070e+001 -6.5593285e+001
  1.7466667e+000 -6.1847630e+001 -8.8148392e+001 -4.3090252e+001 -5.5077477e+001 -6.5630501e+001
  1.7533333e+000 -6.1834126e+001 -8.8163574e+001 -4.3161922e+001 -5.5060528e+001 -6.5638641e+001
  1.7600000e+000 -6.1804531e+001 -8.8155281e+001 -4.3230675e+001 -5.5019291e+001 -6.5615974e+001
  1.7666667e+000 -6.1769676e+001 -8.8226013e+001 -4.3273617e+001 -5.4992935e+001 -6.5615425e+001
  1.7733333e+000 -6.1752998e+001 -8.8235970e+001 -4.3293228e+001 -5.4985363e+001 -6.5552528e+001
  1.7800000e+000 -6.1753597e+001 -8.8212059e+001 -4.3336327e+001 -5.4946972e+001 -6.5519287e+001
  1.7866667e+000 -6.1753250e+001 -8.8167305e+001 -4.3410889e+001 -5.4928143e+001 -6.5455757e+001
  1.7933333e+000 -6.1724945e+001 -8.8075523e+001 -4.3446609e+001 -5.4914284e+001 -6.5463051e+001
  1.8000000e+000 -6.1724319e+001 -8.7983459e+001 -4.3489792e+001 -5.4880123e+001 -6.5462662e+001
  1.8066667e+000 -6.1724426e+001 -8.7884186e+001 -4.3552891e+001 -5.4818111e+001 -6.5456688e+001
  1.8133333e+000 -6.1714775e+001 -8.7759209e+001 -4.3647007e+001 -5.4773281e+001 -6.5417923e+001
  1.8200000e+000 -6.1700733e+001 -8.7672157e+001 -4.3738235e+001 -5.4691967e+001 -6.5385902e+001
  1.8266667e+000 -6.1681343e+001 -8.7575859e+001 -4.3792938e+001 -5.4603737e+001 -6.5416382e+001
  1.8333333e+000 -6.1622520e+001 -8.7474464e+001 -4.3835468e+001 -5.4575157e+001 -6.5408691e+001
  1.8400000e+000 -6.1545044e+001 -8.7254692e+001 -4.3970459e+001 -5.4506203e+001 -6.5448051e+001
  1.8466667e+000 -6.1494564e+001 -8.7064087e+001 -4.4109055e+001 -5.4435974e+001 -6.5449066e+001
  1.8533333e+000 -6.1449436e+001 -8.6999062e+001 -4.4212257e+001 -5.4384731e+001 -6.5433907e+001
  1.8600000e+000 -6.1433029e+001 -8.6891655e+001 -4.4310150e+001 -5.4371693e+001 -6.5407402e+001
  1.8666667e+000 -6.1451767e+001 -8.6791122e+001 -4.4394314e+001 -5.4343201e+001 -6.5414200e+001
  1.8733333e+000 -6.1464062e+001 -8.6687607e+001 -4.4486294e+001 -5.4285976e+001 -6.5385368e+001
  1.8800000e+000 -6.1510723e+001 -8.6488548e+001 -4.4646286e+001 -5.4263607e+001 -6.5359589e+001
  1.8866667e+000 -6.1502567e+001 -8.6352127e+001 -4.4772705e+001 -5.4233921e+001 -6.5324837e+001
  1.8933333e+000 -6.1523136e+001 -8.6175003e+001 -4.4876945e+001 -5.4206703e+001 -6.5255638e+001
  1.9000000e+000 -6.1469292e+001 -8.5909065e+001 -4.4952633e+001 -5.4193562e+001 -6.5224342e+001
  1.9066667e+000 -6.1384319e+001 -8.5702896e+001 -4.4979256e+001 -5.4191319e+001 -6.5159454e+001
  1.9133333e+000 -6.1308979e+001 -8.5465553e+001 -4.5024612e+001 -5.4169777e+001 -6.5103584e+001
  1.9200000e+000 -6.1155193e+001 -8.5227715e+001 -4.5125900e+001 -5.4170948e+001 -6.5072823e+001
  1.9266667e+000 -6.0988365e+001 -8.4959465e+001 -4.5223877e+001 -5.4150845e+001 -6.5005531e+001
  1.9333333e+000 -6.0846058e+001 -8.4649612e+001 -4.5337086e+001 -5.4145641e+001 -6.4922844e+001
  1.9400000e+000 -6.0685001e+001 -8.4318901e+001 -4.5436596e+001 -5.4122616e+001 -6.4896996e+001
  1.9466667e+000 -6.0505764e+001 -8.4075241e+001 -4.5605576e+001 -5.4122288e+001 -6.4870308e+001
  1.9533333e+000 -6.0356163e+001 -8.3765900e+001 -4.5750179e+001 -5.4101833e+001 -6.4748283e+001
  1.9600000e+000 -6.0236572e+001 -8.3429977e+001 -4.5877064e+001 -5.4100533e+001 -6.4624641e+001
  1.9666667e+000 -6.0057163e+001 -8.3198509e+001 -4.6004208e+001 -5.4113705e+001 -6.4488335e+001
  1.9733333e+000 -5.9913750e+001 -8.2809013e+001 -4.6173283e+001 -5.4092663e+001 -6.4343147e+001
  1.9800000e+000 -5.9803169e+001 -8.2426895e+001 -4.6358227e+001 -5.4044617e+001 -6.4155632e+001
  1.9866667e+000 -5.9695293e+001 -8.2019844e+001 -4.6531906e+001 -5.4034771e+001 -6.4012398e+001
  1.9933333e+000 -5.9519157e+001 -8.1622459e+001 -4.6672585e+001 -5.4038948e+001 -6.3838131e+001
  2.0000000e+000 -5.9379986e+001 -8.1173187e+001 -4.6852177e+001 -5.3993866e+001 -6.3683674e+001
