 -5.0000000e-001  3.2599293e+001  3.5712322e+001  2.9842604e+001  3.7115143e+001  3.2684563e+001
 -4.9333333e-001  3.2582561e+001  3.5720158e+001  2.9863466e+001  3.7139015e+001  3.2680367e+001
 -4.8666667e-001  3.2561920e+001  3.5748924e+001  2.9893406e+001  3.7144463e+001  3.2675396e+001
 -4.8000000e-001  3.2568325e+001  3.5756466e+001  2.9900703e+001  3.7099148e+001  3.2707569e+001
 -4.7333333e-001  3.2585831e+001  3.5770340e+001  2.9885227e+001  3.7069248e+001  3.2723030e+001
 -4.6666667e-001  3.2545090e+001  3.5795559e+001  2.9926403e+001  3.7074837e+001  3.2699219e+001
 -4.6000000e-001  3.2581669e+001  3.5812862e+001  2.9926292e+001  3.7045383e+001  3.2735371e+001
 -4.5333333e-001  3.2601704e+001  3.5783257e+001  2.9953302e+001  3.6994137e+001  3.2748016e+001
 -4.4666667e-001  3.2563221e+001  3.5774185e+001  2.9944090e+001  3.6956799e+001  3.2749146e+001
 -4.4000000e-001  3.2588005e+001  3.5769264e+001  2.9963142e+001  3.6899548e+001  3.2726917e+001
 -4.3333333e-001  3.2605026e+001  3.5803314e+001  2.9988684e+001  3.6865913e+001  3.2749100e+001
 -4.2666667e-001  3.2602924e+001  3.5824554e+001  2.9999605e+001  3.6790730e+001  3.2762863e+001
 -4.2000000e-001  3.2610241e+001  3.5829102e+001  2.9989622e+001  3.6711468e+001  3.2782467e+001
 -4.1333333e-001  3.2636875e+001  3.5830959e+001  2.9962500e+001  3.6660336e+001  3.2788807e+001
 -4.0666667e-001  3.2634502e+001  3.5837643e+001  2.9951660e+001  3.6622547e+001  3.2751167e+001
 -4.0000000e-001  3.2647903e+001  3.5853142e+001  2.9975525e+001  3.6556999e+001  3.2757977e+001
 -3.9333333e-001  3.2643303e+001  3.5854816e+001  3.0006458e+001  3.6494301e+001  3.2789745e+001
 -3.8666667e-001  3.2667542e+001  3.5833435e+001  2.9970966e+001  3.6445778e+001  3.2768307e+001
 -3.8000000e-001  3.2660202e+001  3.5825726e+001  2.9981632e+001  3.6428154e+001  3.2734554e+001
 -3.7333333e-001  3.2644466e+001  3.5857826e+001  2.9995817e+001  3.6386745e+001  3.2748207e+001
 -3.6666667e-001  3.2707523e+001  3.5849262e+001  3.0003986e+001  3.6338825e+001  3.2733368e+001
 -3.6000000e-001  3.2732979e+001  3.5843349e+001  3.0001074e+001  3.6324955e+001  3.2726414e+001
 -3.5333333e-001  3.2758209e+001  3.5845871e+001  3.0029951e+001  3.6297131e+001  3.2696087e+001
 -3.4666667e-001  3.2756107e+001  3.5854958e+001  3.0040323e+001  3.6268105e+001  3.2674614e+001
 -3.4000000e-001  3.2757996e+001  3.5830929e+001  3.0062532e+001  3.6274185e+001  3.2680973e+001
 -3.3333333e-001  3.2759632e+001  3.5822632e+001  3.0060226e+001  3.6233879e+001  3.2688599e+001
 -3.2666667e-001  3.2775688e+001  3.5832695e+001  3.0075935e+001  3.6211609e+001  3.2652710e+001
 -3.2000000e-001  3.2801674e+001  3.5859840e+001  3.0071596e+001  3.6218651e+001  3.2615459e+001
 -3.1333333e-001  3.2829422e+001  3.5855446e+001  3.0103247e+001  3.6200008e+001  3.2625439e+001
 -3.0666667e-001  3.2810616e+001  3.5831188e+001  3.0129232e+001  3.6159386e+001  3.2625504e+001
 -3.0000000e-001  3.2797073e+001  3.5838211e+001  3.0123297e+001  3.6174973e+001  3.2632656e+001
 -2.9333333e-001  3.2764584e+001  3.5840645e+001  3.0179621e+001  3.6178558e+001  3.2647640e+001
 -2.8666667e-001  3.2774544e+001  3.5806507e+001  3.0192141e+001  3.6174957e+001  3.2635464e+001
 -2.8000000e-001  3.2784832e+001  3.5854874e+001  3.0207817e+001  3.6188087e+001  3.2648659e+001
 -2.7333333e-001  3.2761124e+001  3.5846653e+001  3.0234926e+001  3.6183731e+001  3.2664761e+001
 -2.6666667e-001  3.2787308e+001  3.5818394e+001  3.0256105e+001  3.6194805e+001  3.2671940e+001
 -2.6000000e-001  3.2792728e+001  3.5853695e+001  3.0245888e+001  3.6183189e+001  3.2668320e+001
 -2.5333333e-001  3.2786766e+001  3.5848099e+001  3.0253366e+001  3.6174965e+001  3.2661911e+001
 -2.4666667e-001  3.2798397e+001  3.5875843e+001  3.0265894e+001  3.6197021e+001  3.2690010e+001
 -2.4000000e-001  3.2792583e+001  3.5858257e+001  3.0290840e+001  3.6201447e+001  3.2645119e+001
 -2.3333333e-001  3.2801502e+001  3.5880096e+001  3.0331289e+001  3.6195232e+001  3.2673691e+001
 -2.2666667e-001  3.2824020e+001  3.5896145e+001  3.0323605e+001  3.6199127e+001  3.2656921e+001
 -2.2000000e-001  3.2877972e+001  3.5884686e+001  3.0318264e+001  3.6221939e+001  3.2651684e+001
 -2.1333333e-001  3.2870770e+001  3.5860962e+001  3.0344370e+001  3.6210049e+001  3.2659184e+001
 -2.0666667e-001  3.2900528e+001  3.5889782e+001  3.0355717e+001  3.6220905e+001  3.2656998e+001
 -2.0000000e-001  3.2895962e+001  3.5901482e+001  3.0365614e+001  3.6240372e+001  3.2635212e+001
 -1.9333333e-001  3.2883690e+001  3.5882481e+001  3.0372505e+001  3.6244965e+001  3.2648605e+001
 -1.8666667e-001  3.2916916e+001  3.5895897e+001  3.0405775e+001  3.6230145e+001  3.2687019e+001
 -1.8000000e-001  3.2957668e+001  3.5888107e+001  3.0424179e+001  3.6193253e+001  3.2693192e+001
 -1.7333333e-001  3.2995636e+001  3.5899750e+001  3.0464766e+001  3.6224461e+001  3.2689392e+001
 -1.6666667e-001  3.2974277e+001  3.5904907e+001  3.0454731e+001  3.6203625e+001  3.2731319e+001
 -1.6000000e-001  3.2956181e+001  3.5895672e+001  3.0497990e+001  3.6195148e+001  3.2749020e+001
 -1.5333333e-001  3.2963421e+001  3.5921757e+001  3.0518885e+001  3.6191654e+001  3.2722092e+001
 -1.4666667e-001  3.2933064e+001  3.5915169e+001  3.0512341e+001  3.6196018e+001  3.2731289e+001
 -1.4000000e-001  3.2926575e+001  3.5938076e+001  3.0489658e+001  3.6211842e+001  3.2783852e+001
 -1.3333333e-001  3.2913120e+001  3.5906933e+001  3.0475874e+001  3.6178440e+001  3.2771152e+001
 -1.2666667e-001  3.2911304e+001  3.5892284e+001  3.0509268e+001  3.6164433e+001  3.2723129e+001
 -1.2000000e-001  3.2931293e+001  3.5922756e+001  3.0517809e+001  3.6170639e+001  3.2724789e+001
 -1.1333333e-001  3.2914722e+001  3.5904270e+001  3.0515728e+001  3.6170944e+001  3.2733410e+001
 -1.0666667e-001  3.2896637e+001  3.5886150e+001  3.0536278e+001  3.6166569e+001  3.2744518e+001
 -1.0000000e-001  3.2886997e+001  3.5909595e+001  3.0505653e+001  3.6153927e+001  3.2736126e+001
 -9.3333333e-002  3.2878845e+001  3.5913692e+001  3.0530523e+001  3.6134186e+001  3.2717606e+001
 -8.6666667e-002  3.2882641e+001  3.5903202e+001  3.0558929e+001  3.6130238e+001  3.2725090e+001
 -8.0000000e-002  3.2881729e+001  3.5874313e+001  3.0536167e+001  3.6075386e+001  3.2740265e+001
 -7.3333333e-002  3.2908154e+001  3.5877293e+001  3.0555115e+001  3.6106686e+001  3.2752331e+001
 -6.6666667e-002  3.2912140e+001  3.5885723e+001  3.0552238e+001  3.6102600e+001  3.2752045e+001
 -6.0000000e-002  3.2882656e+001  3.5887459e+001  3.0562956e+001  3.6055496e+001  3.2757336e+001
 -5.3333333e-002  3.2903301e+001  3.5874184e+001  3.0596212e+001  3.6049549e+001  3.2773415e+001
 -4.6666667e-002  3.2920830e+001  3.5860603e+001  3.0592295e+001  3.6052601e+001  3.2750011e+001
 -4.0000000e-002  3.2925442e+001  3.5897915e+001  3.0608366e+001  3.6050690e+001  3.2786346e+001
 -3.3333333e-002  3.2920513e+001  3.5918430e+001  3.0596870e+001  3.6033428e+001  3.2795540e+001
 -2.6666667e-002  3.2890759e+001  3.5891808e+001  3.0581261e+001  3.6039520e+001  3.2808079e+001
 -2.0000000e-002  3.2893673e+001  3.5883095e+001  3.0611191e+001  3.6020809e+001  3.2799088e+001
 -1.3333333e-002  3.2890797e+001  3.5891819e+001  3.0605600e+001  3.6044395e+001  3.2807320e+001
 -6.6666667e-003  3.2873814e+001  3.5879696e+001  3.0599125e+001  3.6054409e+001  3.2836422e+001
  0.0000000e+000  3.2883121e+001  3.5886398e+001  3.0602655e+001  3.6019650e+001  3.2792793e+001
  6.6666667e-003  3.2916634e+001  3.5873863e+001  3.0600910e+001  3.6022186e+001  3.2826153e+001
  1.3333333e-002  3.2929218e+001  3.5888107e+001  3.0599150e+001  3.6045902e+001  3.2839001e+001
  2.0000000e-002  3.2923553e+001  3.5885738e+001  3.0577026e+001  3.6049156e+001  3.2820068e+001
  2.6666667e-002  3.2932587e+001  3.5895809e+001  3.0600321e+001  3.6037346e+001  3.2862591e+001
  3.3333333e-002  3.2936825e+001  3.5880573e+001  3.0620182e+001  3.6052223e+001  3.2873997e+001
  4.0000000e-002  3.2950321e+001  3.5866814e+001  3.0611191e+001  3.6068508e+001  3.2858822e+001
  4.6666667e-002  3.2936722e+001  3.5901619e+001  3.0611279e+001  3.6056236e+001  3.2858803e+001
  5.3333333e-002  3.2966713e+001  3.5928047e+001  3.0621275e+001  3.6074066e+001  3.2869873e+001
  6.0000000e-002  3.3019653e+001  3.5934174e+001  3.0639610e+001  3.6098717e+001  3.2870438e+001
  6.6666667e-002  3.3059540e+001  3.5922958e+001  3.0656641e+001  3.6124519e+001  3.2893402e+001
  7.3333333e-002  3.3085926e+001  3.5944435e+001  3.0653383e+001  3.6151577e+001  3.2888218e+001
  8.0000000e-002  3.3124290e+001  3.5948315e+001  3.0657003e+001  3.6161598e+001  3.2908913e+001
  8.6666667e-002  3.3129879e+001  3.5949230e+001  3.0634525e+001  3.6154541e+001  3.2932144e+001
  9.3333333e-002  3.3149529e+001  3.5979378e+001  3.0673038e+001  3.6195309e+001  3.2927116e+001
  1.0000000e-001  3.3193459e+001  3.6007095e+001  3.0694283e+001  3.6224308e+001  3.2956821e+001
  1.0666667e-001  3.3235996e+001  3.6010239e+001  3.0693285e+001  3.6237366e+001  3.2971645e+001
  1.1333333e-001  3.3228760e+001  3.6007103e+001  3.0685455e+001  3.6253750e+001  3.2953938e+001
  1.2000000e-001  3.3252415e+001  3.6018753e+001  3.0676634e+001  3.6258747e+001  3.2944687e+001
  1.2666667e-001  3.3248077e+001  3.6002598e+001  3.0708469e+001  3.6226082e+001  3.2939857e+001
  1.3333333e-001  3.3218391e+001  3.5984200e+001  3.0732536e+001  3.6195953e+001  3.2916420e+001
  1.4000000e-001  3.3201214e+001  3.5951195e+001  3.0699125e+001  3.6189522e+001  3.2912304e+001
  1.4666667e-001  3.3148941e+001  3.5886684e+001  3.0704111e+001  3.6144730e+001  3.2900639e+001
  1.5333333e-001  3.3139713e+001  3.5860657e+001  3.0677853e+001  3.6098183e+001  3.2852051e+001
  1.6000000e-001  3.3109112e+001  3.5796436e+001  3.0646540e+001  3.6012020e+001  3.2769459e+001
  1.6666667e-001  3.3017311e+001  3.5711582e+001  3.0636028e+001  3.5956676e+001  3.2686958e+001
  1.7333333e-001  3.2916569e+001  3.5652554e+001  3.0604849e+001  3.5863171e+001  3.2650021e+001
  1.8000000e-001  3.2814320e+001  3.5594353e+001  3.0539576e+001  3.5789043e+001  3.2597046e+001
  1.8666667e-001  3.2687542e+001  3.5545162e+001  3.0501095e+001  3.5722202e+001  3.2541725e+001
  1.9333333e-001  3.2585922e+001  3.5474323e+001  3.0483780e+001  3.5655052e+001  3.2458336e+001
  2.0000000e-001  3.2544186e+001  3.5429451e+001  3.0487082e+001  3.5562767e+001  3.2373470e+001
  2.0666667e-001  3.2419796e+001  3.5342613e+001  3.0450968e+001  3.5486012e+001  3.2301258e+001
  2.1333333e-001  3.2312336e+001  3.5256298e+001  3.0389486e+001  3.5435539e+001  3.2236870e+001
  2.2000000e-001  3.2168388e+001  3.5196491e+001  3.0374090e+001  3.5371090e+001  3.2171680e+001
  2.2666667e-001  3.2018414e+001  3.5113876e+001  3.0322739e+001  3.5307034e+001  3.2117142e+001
  2.3333333e-001  3.1875591e+001  3.4979557e+001  3.0268410e+001  3.5281254e+001  3.2073925e+001
  2.4000000e-001  3.1783108e+001  3.4870613e+001  3.0209408e+001  3.5254471e+001  3.2052677e+001
  2.4666667e-001  3.1624756e+001  3.4782990e+001  3.0117676e+001  3.5174580e+001  3.1999210e+001
  2.5333333e-001  3.1478405e+001  3.4687862e+001  2.9987469e+001  3.5127338e+001  3.1928547e+001
  2.6000000e-001  3.1323606e+001  3.4529446e+001  2.9834919e+001  3.5076920e+001  3.1902533e+001
  2.6666667e-001  3.1157511e+001  3.4391003e+001  2.9697721e+001  3.5007938e+001  3.1880318e+001
  2.7333333e-001  3.1001154e+001  3.4268806e+001  2.9570635e+001  3.4922901e+001  3.1844767e+001
  2.8000000e-001  3.0878851e+001  3.4078423e+001  2.9467106e+001  3.4842640e+001  3.1784157e+001
  2.8666667e-001  3.0660570e+001  3.3880131e+001  2.9344131e+001  3.4748238e+001  3.1687943e+001
  2.9333333e-001  3.0402988e+001  3.3702347e+001  2.9170393e+001  3.4578968e+001  3.1582949e+001
  3.0000000e-001  3.0158724e+001  3.3479259e+001  2.9048412e+001  3.4410915e+001  3.1505877e+001
  3.0666667e-001  2.9870098e+001  3.3214905e+001  2.8904825e+001  3.4204857e+001  3.1393719e+001
  3.1333333e-001  2.9497074e+001  3.3000786e+001  2.8732779e+001  3.3953796e+001  3.1248468e+001
  3.2000000e-001  2.9081738e+001  3.2742142e+001  2.8523350e+001  3.3772671e+001  3.1090479e+001
  3.2666667e-001  2.8646320e+001  3.2508804e+001  2.8205341e+001  3.3565502e+001  3.0896679e+001
  3.3333333e-001  2.8168240e+001  3.2272114e+001  2.7838293e+001  3.3302380e+001  3.0668732e+001
  3.4000000e-001  2.7629488e+001  3.2024498e+001  2.7436337e+001  3.3045422e+001  3.0418999e+001
  3.4666667e-001  2.7064762e+001  3.1744610e+001  2.6967432e+001  3.2760189e+001  3.0169947e+001
  3.5333333e-001  2.6543343e+001  3.1442093e+001  2.6495270e+001  3.2477612e+001  2.9908237e+001
  3.6000000e-001  2.6055246e+001  3.1132048e+001  2.5989367e+001  3.2206337e+001  2.9616062e+001
  3.6666667e-001  2.5559252e+001  3.0751123e+001  2.5466064e+001  3.1960491e+001  2.9314627e+001
  3.7333333e-001  2.5086868e+001  3.0314487e+001  2.4986601e+001  3.1670036e+001  2.8992569e+001
  3.8000000e-001  2.4647070e+001  2.9856455e+001  2.4505726e+001  3.1388750e+001  2.8660025e+001
  3.8666667e-001  2.4186646e+001  2.9390940e+001  2.4027454e+001  3.1073536e+001  2.8308632e+001
  3.9333333e-001  2.3729296e+001  2.8874624e+001  2.3509583e+001  3.0766823e+001  2.7929981e+001
  4.0000000e-001  2.3225229e+001  2.8374346e+001  2.3016018e+001  3.0477360e+001  2.7604237e+001
  4.0666667e-001  2.2674513e+001  2.7881500e+001  2.2477955e+001  3.0194443e+001  2.7312143e+001
  4.1333333e-001  2.2121330e+001  2.7397375e+001  2.1872696e+001  2.9846748e+001  2.6998020e+001
  4.2000000e-001  2.1614273e+001  2.6872004e+001  2.1175045e+001  2.9443598e+001  2.6648033e+001
  4.2666667e-001  2.1073450e+001  2.6350374e+001  2.0451046e+001  2.9022943e+001  2.6238678e+001
  4.3333333e-001  2.0493279e+001  2.5843636e+001  1.9681496e+001  2.8511887e+001  2.5890345e+001
  4.4000000e-001  1.9993023e+001  2.5314222e+001  1.8811367e+001  2.8044008e+001  2.5494329e+001
  4.4666667e-001  1.9536993e+001  2.4786530e+001  1.7889940e+001  2.7515156e+001  2.5106905e+001
  4.5333333e-001  1.9078520e+001  2.4249575e+001  1.6894835e+001  2.6959692e+001  2.4711725e+001
  4.6000000e-001  1.8636673e+001  2.3652912e+001  1.5905046e+001  2.6369503e+001  2.4284819e+001
  4.6666667e-001  1.8251410e+001  2.3047995e+001  1.4873936e+001  2.5744249e+001  2.3822460e+001
  4.7333333e-001  1.7968328e+001  2.2440878e+001  1.3878937e+001  2.5101736e+001  2.3373318e+001
  4.8000000e-001  1.7757010e+001  2.1792208e+001  1.2843534e+001  2.4422607e+001  2.2898544e+001
  4.8666667e-001  1.7550917e+001  2.1146982e+001  1.1800425e+001  2.3713507e+001  2.2412760e+001
  4.9333333e-001  1.7480518e+001  2.0588102e+001  1.0786904e+001  2.3009745e+001  2.1934155e+001
  5.0000000e-001  1.7434847e+001  2.0047266e+001  9.8340250e+000  2.2272438e+001  2.1391470e+001
  5.0666667e-001  1.7449600e+001  1.9513021e+001  8.9912750e+000  2.1542526e+001  2.0854282e+001
  5.1333333e-001  1.7481670e+001  1.9020237e+001  8.2924800e+000  2.0887848e+001  2.0329918e+001
  5.2000000e-001  1.7521126e+001  1.8501184e+001  7.6688270e+000  2.0295298e+001  1.9739885e+001
  5.2666667e-001  1.7521666e+001  1.8015038e+001  7.1057700e+000  1.9694313e+001  1.9117830e+001
  5.3333333e-001  1.7457558e+001  1.7581482e+001  6.6033350e+000  1.9122059e+001  1.8503302e+001
  5.4000000e-001  1.7362513e+001  1.7191675e+001  6.1477910e+000  1.8610397e+001  1.7964642e+001
  5.4666667e-001  1.7249502e+001  1.6793631e+001  5.6880880e+000  1.8213165e+001  1.7361759e+001
  5.5333333e-001  1.7082634e+001  1.6376844e+001  5.2399870e+000  1.7757885e+001  1.6709511e+001
  5.6000000e-001  1.6939825e+001  1.5954791e+001  4.8063400e+000  1.7328209e+001  1.6139349e+001
  5.6666667e-001  1.6741482e+001  1.5549129e+001  4.3734950e+000  1.6947966e+001  1.5461065e+001
  5.7333333e-001  1.6557184e+001  1.5175395e+001  4.1136210e+000  1.6535975e+001  1.4679704e+001
  5.8000000e-001  1.5601063e+001  1.4850619e+001  4.4319010e+000  1.6182999e+001  1.3850480e+001
  5.8666667e-001  1.5936828e+001  1.4569697e+001  4.0064450e+000  1.5809537e+001  1.2974267e+001
  5.9333333e-001  1.5657099e+001  1.4271102e+001  2.1123060e+000  1.5444371e+001  1.2127169e+001
  6.0000000e-001  1.5425203e+001  1.3961025e+001  2.4406310e+000  1.5110443e+001  1.1181961e+001
  6.0666667e-001  1.5159689e+001  1.3741492e+001  2.0990720e+000  1.4770499e+001  1.0176759e+001
  6.1333333e-001  1.4872698e+001  1.3512633e+001  1.7720890e+000  1.4406317e+001  9.2671100e+000
  6.2000000e-001  1.4648656e+001  1.3247779e+001  1.4463520e+000  1.4080579e+001  8.3647910e+000
  6.2666667e-001  1.4425595e+001  1.3048119e+001  1.1030760e+000  1.3789882e+001  7.4856780e+000
  6.3333333e-001  1.4229495e+001  1.2786929e+001  7.0353800e-001  1.3485456e+001  6.7142730e+000
  6.4000000e-001  1.4030108e+001  1.2509376e+001  3.4539400e-001  1.3163238e+001  5.9676710e+000
  6.4666667e-001  1.3852087e+001  1.2358212e+001  3.3534000e-002  1.2797344e+001  5.2199210e+000
  6.5333333e-001  1.3699735e+001  1.1264377e+001             NaN  1.2448239e+001  4.5657260e+000
  6.6000000e-001  1.3613186e+001  1.0999059e+001             NaN  1.2116372e+001  4.1253310e+000
  6.6666667e-001  1.3548347e+001  1.1500134e+001             NaN  1.1757708e+001  3.6235440e+000
  6.7333333e-001  1.3517146e+001  1.1000342e+001             NaN  1.1325567e+001  3.1383440e+000
  6.8000000e-001  1.3520326e+001  1.0686588e+001             NaN  1.0163628e+001  2.7863970e+000
  6.8666667e-001  1.3538721e+001  1.0420283e+001             NaN  1.0340645e+001  2.4698560e+000
  6.9333333e-001  1.3547714e+001  1.0204246e+001             NaN  9.9161050e+000  1.3710670e+000
  7.0000000e-001  1.3538664e+001  9.9648190e+000             NaN  9.0011280e+000  1.7019660e+000
  7.0666667e-001  1.3550338e+001  9.7429330e+000             NaN  9.1805340e+000  1.5355150e+000
  7.1333333e-001  1.3518573e+001  9.6227250e+000             NaN  8.8835640e+000  1.3443290e+000
  7.2000000e-001  1.3527785e+001  9.4789630e+000             NaN  8.5735430e+000  1.1357650e+000
  7.2666667e-001  1.3513190e+001  9.3225600e+000             NaN  8.3265780e+000  9.7170400e-001
  7.3333333e-001  1.3485657e+001  9.2194150e+000             NaN  8.0679920e+000  8.4508400e-001
  7.4000000e-001  1.3411177e+001  9.1145760e+000             NaN  7.9065880e+000  7.6520400e-001
  7.4666667e-001  1.3316634e+001  9.0315490e+000             NaN  7.7416680e+000  6.4915300e-001
  7.5333333e-001  1.3253422e+001  8.9653820e+000             NaN  7.5748610e+000  5.2893900e-001
  7.6000000e-001  1.3215676e+001  8.9673760e+000             NaN  7.4079630e+000  4.1975900e-001
  7.6666667e-001  1.3078478e+001  8.9441780e+000             NaN  7.2740480e+000  3.1392600e-001
  7.7333333e-001  1.2966963e+001  8.9103600e+000             NaN  7.1903500e+000  1.8579200e-001
  7.8000000e-001  1.2869865e+001  8.9269930e+000             NaN  7.0918820e+000 -9.4171400e-001
  7.8666667e-001  1.2787885e+001  8.9808620e+000             NaN  7.0643710e+000 -1.0319530e+000
  7.9333333e-001  1.2722395e+001  9.0392070e+000             NaN  7.1310740e+000 -1.1332360e+000
  8.0000000e-001  1.2644211e+001  9.0748080e+000             NaN  7.0921560e+000 -1.1888000e+000
  8.0666667e-001  1.2585524e+001  9.0773170e+000             NaN  7.0695290e+000 -1.2730220e+000
  8.1333333e-001  1.2493237e+001  9.0868080e+000             NaN  7.0926540e+000 -1.2498790e+000
  8.2000000e-001  1.2384064e+001  9.1552060e+000             NaN  6.7040680e+000 -1.2515980e+000
  8.2666667e-001  1.2295694e+001  9.2490260e+000             NaN  6.7740210e+000 -1.2285630e+000
  8.3333333e-001  1.2187197e+001  9.3290330e+000             NaN  6.7943210e+000 -1.1779630e+000
  8.4000000e-001  1.2078172e+001  9.3826090e+000             NaN  6.7963800e+000 -1.1422910e+000
  8.4666667e-001  1.1989238e+001  9.4791440e+000             NaN  6.8251520e+000 -1.0805930e+000
  8.5333333e-001  1.1946795e+001  9.5980800e+000             NaN  6.7991080e+000 -9.8963100e-001
  8.6000000e-001  1.1922024e+001  9.6764370e+000             NaN  6.7371390e+000 -9.1737600e-001
  8.6666667e-001  1.1912556e+001  9.7980970e+000             NaN  6.7326800e+000 -8.4610800e-001
  8.7333333e-001  1.1952493e+001  9.9324540e+000             NaN  6.7528440e+000 -7.4566600e-001
  8.8000000e-001  1.1933699e+001  1.0047609e+001             NaN  6.7131490e+000 -6.4375800e-001
  8.8666667e-001  1.1981292e+001  1.0148095e+001             NaN  6.7365370e+000 -4.7978100e-001
  8.9333333e-001  1.2027038e+001  1.0256513e+001             NaN  6.8274280e+000 -3.6510300e-001
  9.0000000e-001  1.2066501e+001  1.0311386e+001             NaN  6.8946440e+000 -3.2681500e-001
  9.0666667e-001  1.2138526e+001  1.0367187e+001             NaN  6.9276310e+000 -2.5675900e-001
  9.1333333e-001  1.2159215e+001  1.0461960e+001             NaN  6.8953950e+000 -1.7645900e-001
  9.2000000e-001  1.2209867e+001  1.0504584e+001             NaN  6.9906800e+000 -4.5605000e-002
  9.2666667e-001  1.2276903e+001  1.0562184e+001             NaN  7.1149010e+000  4.6626000e-002
  9.3333333e-001  1.2343972e+001  1.0594732e+001             NaN  7.1357780e+000  1.3867500e-001
  9.4000000e-001  1.2422192e+001  1.0611363e+001             NaN  7.2213250e+000  1.2632500e+000
  9.4666667e-001  1.2441556e+001  1.0554496e+001             NaN  7.2573240e+000  1.3247330e+000
  9.5333333e-001  1.2506330e+001  1.0544868e+001             NaN  7.3003100e+000  1.3471870e+000
  9.6000000e-001  1.2543956e+001  1.0550094e+001             NaN  7.3610720e+000  1.3968440e+000
  9.6666667e-001  1.2609973e+001  1.0549660e+001             NaN  7.4078310e+000  1.4512930e+000
  9.7333333e-001  1.2660075e+001  1.0558063e+001             NaN  7.3908240e+000  1.5765660e+000
  9.8000000e-001  1.2720996e+001  1.0494865e+001             NaN  7.4371860e+000  1.6481220e+000
  9.8666667e-001  1.2745901e+001  1.0460870e+001             NaN  7.4232840e+000  1.7090930e+000
  9.9333333e-001  1.2781205e+001  1.0407012e+001             NaN  7.4012200e+000  1.8220460e+000
  1.0000000e+000  1.2825013e+001  1.0420784e+001             NaN  7.4946210e+000  1.9292660e+000
  1.0066667e+000  1.2906804e+001  1.0472284e+001  2.1524470e+000  7.4534580e+000  1.9842580e+000
  1.0133333e+000  1.2962569e+001  1.0467408e+001  1.7951440e+000  7.4398080e+000  2.0794480e+000
  1.0200000e+000  1.2958307e+001  1.0489398e+001  1.6054730e+000  7.4896390e+000  2.2480740e+000
  1.0266667e+000  1.3013458e+001  1.0496074e+001  1.5175560e+000  7.9807740e+000  2.3135010e+000
  1.0333333e+000  1.3119269e+001  1.0596709e+001  1.4806090e+000  7.9938640e+000  2.4297300e+000
  1.0400000e+000  1.3144693e+001  1.0674103e+001  1.6932170e+000  8.0155580e+000  2.5256050e+000
  1.0466667e+000  1.3181625e+001  1.0748742e+001  1.8941600e+000  8.1064990e+000  2.6499190e+000
  1.0533333e+000  1.3227260e+001  1.0889201e+001  2.0994070e+000  8.1632320e+000  2.7994510e+000
  1.0600000e+000  1.3231677e+001  1.1020866e+001  2.4095320e+000  8.2130240e+000  2.9668630e+000
  1.0666667e+000  1.3246760e+001  1.1150516e+001  2.7163750e+000  8.3388610e+000  3.2083830e+000
  1.0733333e+000  1.3292109e+001  1.1228536e+001  2.9793050e+000  8.4186930e+000  3.4293280e+000
  1.0800000e+000  1.3297002e+001  1.1394326e+001  3.3309800e+000  8.5387740e+000  3.6833420e+000
  1.0866667e+000  1.3335375e+001  1.1522019e+001  3.7213270e+000  8.6953960e+000  3.9639130e+000
  1.0933333e+000  1.3299599e+001  1.1655932e+001  4.1384520e+000  8.8052650e+000  4.1943740e+000
  1.1000000e+000  1.3307708e+001  1.1883645e+001  4.5881070e+000  8.8928310e+000  4.3926070e+000
  1.1066667e+000  1.3372639e+001  1.2827979e+001  5.0454000e+000  9.0724020e+000  4.6500420e+000
  1.1133333e+000  1.3421768e+001  1.2466679e+001  5.5705620e+000  9.2491170e+000  4.8935380e+000
  1.1200000e+000  1.3462245e+001  1.1957990e+001  6.1528390e+000  9.4271050e+000  5.0910060e+000
  1.1266667e+000  1.3510064e+001  1.2236562e+001  6.7083910e+000  9.6369830e+000  5.2866800e+000
  1.1333333e+000  1.3633348e+001  1.3365876e+001  6.7497940e+000  9.8097480e+000  5.4966300e+000
  1.1400000e+000  1.3705952e+001  1.3700661e+001  8.7612530e+000  1.0056517e+001  5.7085290e+000
  1.1466667e+000  1.3799551e+001  1.4137151e+001  9.3658100e+000  1.0330574e+001  5.3248110e+000
  1.1533333e+000  1.3927977e+001  1.4580788e+001  9.4161360e+000  1.0580608e+001  6.2921040e+000
  1.1600000e+000  1.4045967e+001  1.4947755e+001  9.9758880e+000  1.0831097e+001  6.5445350e+000
  1.1666667e+000  1.4177229e+001  1.5553577e+001  1.0673458e+001  1.1089097e+001  5.9965270e+000
  1.1733333e+000  1.4323080e+001  1.6198942e+001  1.1403316e+001  1.1351115e+001  6.3469920e+000
  1.1800000e+000  1.4507411e+001  1.6907913e+001  1.2103876e+001  1.1854878e+001  7.4340240e+000
  1.1866667e+000  1.4690329e+001  1.7652967e+001  1.2837583e+001  1.1432962e+001  7.8774190e+000
  1.1933333e+000  1.4915586e+001  1.8556097e+001  1.3579556e+001  1.1731113e+001  8.2522440e+000
  1.2000000e+000  1.5136150e+001  1.9472404e+001  1.4289469e+001  1.2712208e+001  8.5836960e+000
  1.2066667e+000  1.5378657e+001  2.0480776e+001  1.5031600e+001  1.3013133e+001  9.0331440e+000
  1.2133333e+000  1.5659762e+001  2.1582355e+001  1.5773132e+001  1.3385671e+001  9.4884350e+000
  1.2200000e+000  1.5904996e+001  2.2749266e+001  1.6487246e+001  1.3793019e+001  9.9703170e+000
  1.2266667e+000  1.6262047e+001  2.3882147e+001  1.7216793e+001  1.4247663e+001  1.0412498e+001
  1.2333333e+000  1.6701109e+001  2.5092354e+001  1.7905100e+001  1.4709105e+001  1.0884540e+001
  1.2400000e+000  1.7106365e+001  2.6335402e+001  1.8640659e+001  1.5147202e+001  1.1413104e+001
  1.2466667e+000  1.7725056e+001  2.7570189e+001  1.9421688e+001  1.5599314e+001  1.1938643e+001
  1.2533333e+000  1.7454670e+001  2.8823473e+001  2.0152369e+001  1.6058359e+001  1.2411052e+001
  1.2600000e+000  1.8056894e+001  3.0088938e+001  2.0855341e+001  1.6563776e+001  1.2924214e+001
  1.2666667e+000  1.9493561e+001  3.1390738e+001  2.1562773e+001  1.7086224e+001  1.3466092e+001
  1.2733333e+000  2.0105398e+001  3.2744392e+001  2.2321877e+001  1.7604870e+001  1.3984568e+001
  1.2800000e+000  2.0764837e+001  3.4127251e+001  2.3021250e+001  1.8097353e+001  1.4527514e+001
  1.2866667e+000  2.1342529e+001  3.5532921e+001  2.3698286e+001  1.8659019e+001  1.5114865e+001
  1.2933333e+000  2.2028318e+001  3.6985462e+001  2.4365286e+001  1.9162342e+001  1.5664994e+001
  1.3000000e+000  2.2806227e+001  3.8449852e+001  2.5064581e+001  1.9661882e+001  1.6266186e+001
  1.3066667e+000  2.3581625e+001  3.9922745e+001  2.5736908e+001  2.0200064e+001  1.6856678e+001
  1.3133333e+000  2.4348421e+001  4.1385731e+001  2.6327587e+001  2.0727150e+001  1.7437170e+001
  1.3200000e+000  2.5169165e+001  4.2842667e+001  2.6945339e+001  2.1254154e+001  1.8043253e+001
  1.3266667e+000  2.5970741e+001  4.4324894e+001  2.7538025e+001  2.1849136e+001  1.8647194e+001
  1.3333333e+000  2.6817410e+001  4.5794823e+001  2.8044647e+001  2.2369335e+001  1.9172928e+001
  1.3400000e+000  2.7647949e+001  4.7168179e+001  2.8542753e+001  2.2902498e+001  1.9792761e+001
  1.3466667e+000  2.8480703e+001  4.8561234e+001  2.9049156e+001  2.3463058e+001  2.0357380e+001
  1.3533333e+000  2.9280775e+001  4.9839775e+001  2.9491821e+001  2.4029793e+001  2.0884527e+001
  1.3600000e+000  3.0091352e+001  5.1096275e+001  2.9907610e+001  2.4613640e+001  2.1411942e+001
  1.3666667e+000  3.0864887e+001  5.2281109e+001  3.0286125e+001  2.5151800e+001  2.1936438e+001
  1.3733333e+000  3.1653618e+001  5.3411560e+001  3.0663189e+001  2.5737829e+001  2.2462194e+001
  1.3800000e+000  3.2424232e+001  5.4499420e+001  3.1047075e+001  2.6322332e+001  2.2987335e+001
  1.3866667e+000  3.3201942e+001  5.5509594e+001  3.1389727e+001  2.6916748e+001  2.3517307e+001
  1.3933333e+000  3.3993870e+001  5.6514633e+001  3.1650400e+001  2.7467445e+001  2.3984058e+001
  1.4000000e+000  3.4724438e+001  5.7428135e+001  3.1937611e+001  2.8056400e+001  2.4506693e+001
  1.4066667e+000  3.5463577e+001  5.8274551e+001  3.2232601e+001  2.8577564e+001  2.5065434e+001
  1.4133333e+000  3.6138290e+001  5.9123135e+001  3.2458561e+001  2.9129696e+001  2.5613621e+001
  1.4200000e+000  3.6783245e+001  5.9932842e+001  3.2701118e+001  2.9681353e+001  2.6160149e+001
  1.4266667e+000  3.7374107e+001  6.0697250e+001  3.2909454e+001  3.0181517e+001  2.6641535e+001
  1.4333333e+000  3.7988308e+001  6.1463364e+001  3.3102558e+001  3.0658991e+001  2.7164179e+001
  1.4400000e+000  3.8573372e+001  6.2182659e+001  3.3342224e+001  3.1113295e+001  2.7682941e+001
  1.4466667e+000  3.9091278e+001  6.2874168e+001  3.3582508e+001  3.1618391e+001  2.8167652e+001
  1.4533333e+000  3.9581219e+001  6.3571270e+001  3.3813171e+001  3.2070797e+001  2.8617786e+001
  1.4600000e+000  4.0077969e+001  6.4254494e+001  3.4047707e+001  3.2459000e+001  2.9078053e+001
  1.4666667e+000  4.0538937e+001  6.4935249e+001  3.4320721e+001  3.2891106e+001  2.9501844e+001
  1.4733333e+000  4.1007130e+001  6.5617676e+001  3.4594204e+001  3.3281471e+001  2.9925169e+001
  1.4800000e+000  4.1419109e+001  6.6251251e+001  3.4850765e+001  3.3680794e+001  3.0334814e+001
  1.4866667e+000  4.1818550e+001  6.6933006e+001  3.5090649e+001  3.4089275e+001  3.0653503e+001
  1.4933333e+000  4.2197937e+001  6.7569519e+001  3.5362103e+001  3.4509480e+001  3.0926125e+001
  1.5000000e+000  4.2508335e+001  6.8182869e+001  3.5573963e+001  3.4897163e+001  3.1253580e+001
  1.5066667e+000  4.2828236e+001  6.8825142e+001  3.5807831e+001  3.5292694e+001  3.1519873e+001
  1.5133333e+000  4.3123402e+001  6.9360802e+001  3.6084064e+001  3.5675713e+001  3.1742311e+001
  1.5200000e+000  4.3373211e+001  6.9858681e+001  3.6339725e+001  3.6029564e+001  3.1994202e+001
  1.5266667e+000  4.3620178e+001  7.0279243e+001  3.6598206e+001  3.6415398e+001  3.2178028e+001
  1.5333333e+000  4.3831841e+001  7.0616852e+001  3.6899361e+001  3.6760262e+001  3.2379478e+001
  1.5400000e+000  4.4011108e+001  7.0864212e+001  3.7126999e+001  3.7026951e+001  3.2561924e+001
  1.5466667e+000  4.4206196e+001  7.1036263e+001  3.7364799e+001  3.7370857e+001  3.2772327e+001
  1.5533333e+000  4.4387310e+001  7.1165192e+001  3.7532341e+001  3.7661842e+001  3.2956818e+001
  1.5600000e+000  4.4543304e+001  7.1251495e+001  3.7709511e+001  3.7906059e+001  3.3092590e+001
  1.5666667e+000  4.4754715e+001  7.1300934e+001  3.7856583e+001  3.8169094e+001  3.3256569e+001
  1.5733333e+000  4.4901299e+001  7.1309975e+001  3.7937450e+001  3.8430489e+001  3.3426128e+001
  1.5800000e+000  4.5056332e+001  7.1299431e+001  3.7960419e+001  3.8644382e+001  3.3563461e+001
  1.5866667e+000  4.5228165e+001  7.1307976e+001  3.7974472e+001  3.8882549e+001  3.3706402e+001
  1.5933333e+000  4.5354530e+001  7.1286835e+001  3.7986767e+001  3.9142464e+001  3.3882935e+001
  1.6000000e+000  4.5476372e+001  7.1274017e+001  3.7926407e+001  3.9395000e+001  3.4057915e+001
  1.6066667e+000  4.5549118e+001  7.1262665e+001  3.7876461e+001  3.9602211e+001  3.4219681e+001
  1.6133333e+000  4.5601501e+001  7.1225098e+001  3.7802429e+001  3.9822582e+001  3.4341892e+001
  1.6200000e+000  4.5638557e+001  7.1194649e+001  3.7752033e+001  4.0041210e+001  3.4508034e+001
  1.6266667e+000  4.5662544e+001  7.1178543e+001  3.7677994e+001  4.0210159e+001  3.4693939e+001
  1.6333333e+000  4.5674774e+001  7.1176353e+001  3.7572353e+001  4.0395195e+001  3.4842663e+001
  1.6400000e+000  4.5666546e+001  7.1189201e+001  3.7476181e+001  4.0565090e+001  3.4973637e+001
  1.6466667e+000  4.5666054e+001  7.1219742e+001  3.7387997e+001  4.0682877e+001  3.5114571e+001
  1.6533333e+000  4.5664837e+001  7.1284225e+001  3.7296665e+001  4.0801193e+001  3.5222229e+001
  1.6600000e+000  4.5655727e+001  7.1349869e+001  3.7214462e+001  4.0911716e+001  3.5353710e+001
  1.6666667e+000  4.5641914e+001  7.1415550e+001  3.7130791e+001  4.1015022e+001  3.5439770e+001
  1.6733333e+000  4.5655033e+001  7.1491219e+001  3.7065372e+001  4.1062237e+001  3.5529617e+001
  1.6800000e+000  4.5667709e+001  7.1573959e+001  3.6995506e+001  4.1073536e+001  3.5609280e+001
  1.6866667e+000  4.5650372e+001  7.1662392e+001  3.6917965e+001  4.1097054e+001  3.5645195e+001
  1.6933333e+000  4.5619644e+001  7.1752464e+001  3.6847248e+001  4.1149197e+001  3.5655045e+001
  1.7000000e+000  4.5558773e+001  7.1783432e+001  3.6779842e+001  4.1146107e+001  3.5658272e+001
  1.7066667e+000  4.5524986e+001  7.1811775e+001  3.6719326e+001  4.1123489e+001  3.5683922e+001
  1.7133333e+000  4.5447540e+001  7.1775215e+001  3.6689339e+001  4.1070656e+001  3.5649879e+001
  1.7200000e+000  4.5387653e+001  7.1674438e+001  3.6640221e+001  4.1022892e+001  3.5591034e+001
  1.7266667e+000  4.5340225e+001  7.1540688e+001  3.6558571e+001  4.0981274e+001  3.5524933e+001
  1.7333333e+000  4.5291393e+001  7.1380684e+001  3.6535252e+001  4.0911694e+001  3.5446209e+001
  1.7400000e+000  4.5233200e+001  7.1182755e+001  3.6531994e+001  4.0878372e+001  3.5324226e+001
  1.7466667e+000  4.5183266e+001  7.1003830e+001  3.6467602e+001  4.0813560e+001  3.5247200e+001
  1.7533333e+000  4.5118118e+001  7.0837296e+001  3.6422966e+001  4.0738045e+001  3.5159126e+001
  1.7600000e+000  4.5068192e+001  7.0647522e+001  3.6359135e+001  4.0699921e+001  3.5023411e+001
  1.7666667e+000  4.5008041e+001  7.0470848e+001  3.6330097e+001  4.0666775e+001  3.4895126e+001
  1.7733333e+000  4.4956028e+001  7.0324188e+001  3.6242779e+001  4.0634182e+001  3.4746185e+001
  1.7800000e+000  4.4897907e+001  7.0211914e+001  3.6141525e+001  4.0620087e+001  3.4639858e+001
  1.7866667e+000  4.4841450e+001  7.0084053e+001  3.6036739e+001  4.0568901e+001  3.4475746e+001
  1.7933333e+000  4.4817173e+001  6.9990891e+001  3.5940659e+001  4.0508240e+001  3.4347248e+001
  1.8000000e+000  4.4742508e+001  6.9865135e+001  3.5823166e+001  4.0484375e+001  3.4209232e+001
  1.8066667e+000  4.4647324e+001  6.9772018e+001  3.5730659e+001  4.0463223e+001  3.4052334e+001
  1.8133333e+000  4.4579494e+001  6.9672806e+001  3.5588364e+001  4.0435966e+001  3.3893574e+001
  1.8200000e+000  4.4518597e+001  6.9497887e+001  3.5448364e+001  4.0360653e+001  3.3782021e+001
  1.8266667e+000  4.4440048e+001  6.9317207e+001  3.5301563e+001  4.0304379e+001  3.3685661e+001
  1.8333333e+000  4.4367241e+001  6.9119743e+001  3.5169529e+001  4.0233387e+001  3.3575638e+001
  1.8400000e+000  4.4283936e+001  6.8934685e+001  3.5037334e+001  4.0124493e+001  3.3493027e+001
  1.8466667e+000  4.4214581e+001  6.8686859e+001  3.4886768e+001  4.0030678e+001  3.3390762e+001
  1.8533333e+000  4.4140545e+001  6.8445923e+001  3.4724174e+001  3.9942028e+001  3.3313030e+001
  1.8600000e+000  4.4061230e+001  6.8161003e+001  3.4595482e+001  3.9833073e+001  3.3243526e+001
  1.8666667e+000  4.3992184e+001  6.7870056e+001  3.4447968e+001  3.9726189e+001  3.3152504e+001
  1.8733333e+000  4.3931919e+001  6.7609940e+001  3.4351246e+001  3.9624912e+001  3.3103657e+001
  1.8800000e+000  4.3918400e+001  6.7306992e+001  3.4256367e+001  3.9504505e+001  3.3019173e+001
  1.8866667e+000  4.3855755e+001  6.6940025e+001  3.4154194e+001  3.9397663e+001  3.2947014e+001
  1.8933333e+000  4.3821400e+001  6.6574738e+001  3.4092453e+001  3.9286079e+001  3.2904919e+001
  1.9000000e+000  4.3792324e+001  6.6219292e+001  3.4017509e+001  3.9180988e+001  3.2883915e+001
  1.9066667e+000  4.3760311e+001  6.5830818e+001  3.3962433e+001  3.9124443e+001  3.2800461e+001
  1.9133333e+000  4.3718605e+001  6.5410576e+001  3.3924767e+001  3.9043816e+001  3.2725948e+001
  1.9200000e+000  4.3654289e+001  6.4996498e+001  3.3925694e+001  3.8948818e+001  3.2717304e+001
  1.9266667e+000  4.3629398e+001  6.4559975e+001  3.3899136e+001  3.8908070e+001  3.2672680e+001
  1.9333333e+000  4.3570663e+001  6.4087814e+001  3.3859272e+001  3.8855606e+001  3.2628765e+001
  1.9400000e+000  4.3511852e+001  6.3645382e+001  3.3828930e+001  3.8804188e+001  3.2645718e+001
  1.9466667e+000  4.3466766e+001  6.3202950e+001  3.3723854e+001  3.8793289e+001  3.2642155e+001
  1.9533333e+000  4.3442921e+001  6.2746532e+001  3.3600163e+001  3.8764919e+001  3.2623856e+001
  1.9600000e+000  4.3389305e+001  6.2265083e+001  3.3493923e+001  3.8724693e+001  3.2626942e+001
  1.9666667e+000  4.3332699e+001  6.1788467e+001  3.3347816e+001  3.8727707e+001  3.2614822e+001
  1.9733333e+000  4.3311714e+001  6.1252045e+001  3.3166306e+001  3.8741825e+001  3.2634369e+001
  1.9800000e+000  4.3303043e+001  6.0779423e+001  3.2978832e+001  3.8736465e+001  3.2662117e+001
  1.9866667e+000  4.3305386e+001  6.0262085e+001  3.2798622e+001  3.8688591e+001  3.2673004e+001
  1.9933333e+000  4.3270699e+001  5.9653828e+001  3.2609509e+001  3.8671013e+001  3.2677433e+001
  2.0000000e+000  4.3255657e+001  5.9067837e+001  3.2410698e+001  3.8675125e+001  3.2708054e+001
