 -5.0000000e-001  3.2434364e+001  3.0238811e+001  3.5980831e+001  3.4931583e+001  3.3265488e+001
 -4.9333333e-001  3.2433086e+001  3.0227362e+001  3.5967728e+001  3.4903099e+001  3.3256897e+001
 -4.8666667e-001  3.2442024e+001  3.0218433e+001  3.5953213e+001  3.4905380e+001  3.3295162e+001
 -4.8000000e-001  3.2389797e+001  3.0224947e+001  3.5967609e+001  3.4935577e+001  3.3299641e+001
 -4.7333333e-001  3.2359283e+001  3.0225517e+001  3.5999203e+001  3.4953991e+001  3.3305168e+001
 -4.6666667e-001  3.2354416e+001  3.0222420e+001  3.5983212e+001  3.4945927e+001  3.3326302e+001
 -4.6000000e-001  3.2373413e+001  3.0228806e+001  3.6022526e+001  3.4976898e+001  3.3337284e+001
 -4.5333333e-001  3.2359741e+001  3.0211287e+001  3.6032455e+001  3.4979626e+001  3.3349808e+001
 -4.4666667e-001  3.2318920e+001  3.0185728e+001  3.6018089e+001  3.5004440e+001  3.3338821e+001
 -4.4000000e-001  3.2289684e+001  3.0183401e+001  3.6016495e+001  3.5000019e+001  3.3322769e+001
 -4.3333333e-001  3.2267529e+001  3.0174616e+001  3.6006588e+001  3.5014080e+001  3.3348301e+001
 -4.2666667e-001  3.2302975e+001  3.0171873e+001  3.6014042e+001  3.5060795e+001  3.3352360e+001
 -4.2000000e-001  3.2282173e+001  3.0178293e+001  3.6029434e+001  3.5048481e+001  3.3305553e+001
 -4.1333333e-001  3.2269108e+001  3.0163597e+001  3.6038109e+001  3.5085361e+001  3.3300140e+001
 -4.0666667e-001  3.2284328e+001  3.0160192e+001  3.6031067e+001  3.5090813e+001  3.3290627e+001
 -4.0000000e-001  3.2273106e+001  3.0164001e+001  3.6040436e+001  3.5075127e+001  3.3290565e+001
 -3.9333333e-001  3.2277695e+001  3.0141317e+001  3.6094326e+001  3.5081547e+001  3.3270081e+001
 -3.8666667e-001  3.2311920e+001  3.0103321e+001  3.6084629e+001  3.5113338e+001  3.3228348e+001
 -3.8000000e-001  3.2306801e+001  3.0125307e+001  3.6093498e+001  3.5106167e+001  3.3212265e+001
 -3.7333333e-001  3.2274136e+001  3.0169342e+001  3.6091862e+001  3.5106430e+001  3.3197453e+001
 -3.6666667e-001  3.2279400e+001  3.0201912e+001  3.6075459e+001  3.5101662e+001  3.3186073e+001
 -3.6000000e-001  3.2284595e+001  3.0179045e+001  3.6054348e+001  3.5120430e+001  3.3163704e+001
 -3.5333333e-001  3.2295174e+001  3.0204176e+001  3.6072464e+001  3.5122253e+001  3.3161587e+001
 -3.4666667e-001  3.2276249e+001  3.0252714e+001  3.6074726e+001  3.5146023e+001  3.3143360e+001
 -3.4000000e-001  3.2323944e+001  3.0235510e+001  3.6065304e+001  3.5136364e+001  3.3182732e+001
 -3.3333333e-001  3.2345783e+001  3.0248596e+001  3.6042435e+001  3.5136127e+001  3.3169777e+001
 -3.2666667e-001  3.2347042e+001  3.0247889e+001  3.6042770e+001  3.5142818e+001  3.3129570e+001
 -3.2000000e-001  3.2391430e+001  3.0241913e+001  3.6038769e+001  3.5181984e+001  3.3166519e+001
 -3.1333333e-001  3.2393261e+001  3.0245686e+001  3.6041985e+001  3.5195778e+001  3.3160286e+001
 -3.0666667e-001  3.2376915e+001  3.0240591e+001  3.6057194e+001  3.5216389e+001  3.3147594e+001
 -3.0000000e-001  3.2392693e+001  3.0280558e+001  3.6055614e+001  3.5223469e+001  3.3159847e+001
 -2.9333333e-001  3.2424564e+001  3.0299673e+001  3.6057667e+001  3.5175911e+001  3.3134834e+001
 -2.8666667e-001  3.2426693e+001  3.0305973e+001  3.6070313e+001  3.5191147e+001  3.3130695e+001
 -2.8000000e-001  3.2451279e+001  3.0301640e+001  3.6079521e+001  3.5170948e+001  3.3102501e+001
 -2.7333333e-001  3.2482300e+001  3.0292290e+001  3.6060318e+001  3.5188454e+001  3.3103745e+001
 -2.6666667e-001  3.2473869e+001  3.0288982e+001  3.6073578e+001  3.5187286e+001  3.3126919e+001
 -2.6000000e-001  3.2486839e+001  3.0304296e+001  3.6079155e+001  3.5199818e+001  3.3124325e+001
 -2.5333333e-001  3.2498489e+001  3.0301195e+001  3.6084766e+001  3.5183952e+001  3.3135994e+001
 -2.4666667e-001  3.2548412e+001  3.0283884e+001  3.6066109e+001  3.5159439e+001  3.3137844e+001
 -2.4000000e-001  3.2579407e+001  3.0274410e+001  3.6090202e+001  3.5168240e+001  3.3131599e+001
 -2.3333333e-001  3.2588409e+001  3.0272871e+001  3.6098454e+001  3.5156231e+001  3.3129894e+001
 -2.2666667e-001  3.2603664e+001  3.0257021e+001  3.6096119e+001  3.5129436e+001  3.3146935e+001
 -2.2000000e-001  3.2625412e+001  3.0274811e+001  3.6106102e+001  3.5147072e+001  3.3143333e+001
 -2.1333333e-001  3.2589333e+001  3.0280790e+001  3.6142021e+001  3.5133694e+001  3.3170731e+001
 -2.0666667e-001  3.2547909e+001  3.0247267e+001  3.6172710e+001  3.5144627e+001  3.3166557e+001
 -2.0000000e-001  3.2568985e+001  3.0243355e+001  3.6162788e+001  3.5154442e+001  3.3156902e+001
 -1.9333333e-001  3.2576294e+001  3.0246277e+001  3.6148506e+001  3.5167160e+001  3.3198502e+001
 -1.8666667e-001  3.2580856e+001  3.0242643e+001  3.6146957e+001  3.5171913e+001  3.3182587e+001
 -1.8000000e-001  3.2610420e+001  3.0240517e+001  3.6142975e+001  3.5155888e+001  3.3164352e+001
 -1.7333333e-001  3.2635559e+001  3.0213390e+001  3.6140137e+001  3.5156773e+001  3.3192657e+001
 -1.6666667e-001  3.2648495e+001  3.0186373e+001  3.6156532e+001  3.5184029e+001  3.3172508e+001
 -1.6000000e-001  3.2655685e+001  3.0205261e+001  3.6151241e+001  3.5185486e+001  3.3151218e+001
 -1.5333333e-001  3.2680386e+001  3.0219343e+001  3.6140747e+001  3.5197670e+001  3.3177235e+001
 -1.4666667e-001  3.2683434e+001  3.0217789e+001  3.6165081e+001  3.5201923e+001  3.3165169e+001
 -1.4000000e-001  3.2689533e+001  3.0221283e+001  3.6170334e+001  3.5160416e+001  3.3156315e+001
 -1.3333333e-001  3.2716011e+001  3.0171385e+001  3.6148705e+001  3.5176857e+001  3.3160442e+001
 -1.2666667e-001  3.2733974e+001  3.0166922e+001  3.6165218e+001  3.5174229e+001  3.3161663e+001
 -1.2000000e-001  3.2681396e+001  3.0164865e+001  3.6188198e+001  3.5172581e+001  3.3166630e+001
 -1.1333333e-001  3.2676838e+001  3.0148565e+001  3.6172924e+001  3.5140335e+001  3.3162178e+001
 -1.0666667e-001  3.2676441e+001  3.0144459e+001  3.6176861e+001  3.5149010e+001  3.3150040e+001
 -1.0000000e-001  3.2655365e+001  3.0146441e+001  3.6180050e+001  3.5168236e+001  3.3159153e+001
 -9.3333333e-002  3.2643059e+001  3.0147560e+001  3.6189110e+001  3.5151012e+001  3.3160725e+001
 -8.6666667e-002  3.2650494e+001  3.0163782e+001  3.6215107e+001  3.5164742e+001  3.3151669e+001
 -8.0000000e-002  3.2639740e+001  3.0165619e+001  3.6228207e+001  3.5124329e+001  3.3143864e+001
 -7.3333333e-002  3.2609215e+001  3.0157375e+001  3.6245777e+001  3.5130741e+001  3.3155800e+001
 -6.6666667e-002  3.2581108e+001  3.0170919e+001  3.6246788e+001  3.5152256e+001  3.3129292e+001
 -6.0000000e-002  3.2584583e+001  3.0155985e+001  3.6239262e+001  3.5134724e+001  3.3113174e+001
 -5.3333333e-002  3.2597698e+001  3.0139637e+001  3.6218792e+001  3.5126137e+001  3.3139164e+001
 -4.6666667e-002  3.2586697e+001  3.0156389e+001  3.6203068e+001  3.5134773e+001  3.3136303e+001
 -4.0000000e-002  3.2543076e+001  3.0159725e+001  3.6185825e+001  3.5121235e+001  3.3120190e+001
 -3.3333333e-002  3.2557941e+001  3.0147116e+001  3.6144039e+001  3.5133110e+001  3.3139149e+001
 -2.6666667e-002  3.2568439e+001  3.0122494e+001  3.6162506e+001  3.5137302e+001  3.3130764e+001
 -2.0000000e-002  3.2572510e+001  3.0122114e+001  3.6169907e+001  3.5136650e+001  3.3123878e+001
 -1.3333333e-002  3.2565186e+001  3.0132595e+001  3.6170830e+001  3.5100403e+001  3.3132885e+001
 -6.6666667e-003  3.2556717e+001  3.0103550e+001  3.6163738e+001  3.5130329e+001  3.3120171e+001
  0.0000000e+000  3.2551952e+001  3.0089073e+001  3.6154919e+001  3.5122890e+001  3.3136909e+001
  6.6666667e-003  3.2546864e+001  3.0079857e+001  3.6149906e+001  3.5111206e+001  3.3135494e+001
  1.3333333e-002  3.2528561e+001  3.0053745e+001  3.6162167e+001  3.5093311e+001  3.3142487e+001
  2.0000000e-002  3.2490150e+001  3.0070560e+001  3.6169174e+001  3.5101688e+001  3.3149902e+001
  2.6666667e-002  3.2468136e+001  3.0086061e+001  3.6148495e+001  3.5100536e+001  3.3159512e+001
  3.3333333e-002  3.2424347e+001  3.0075050e+001  3.6137119e+001  3.5086315e+001  3.3145840e+001
  4.0000000e-002  3.2410164e+001  3.0050848e+001  3.6154488e+001  3.5089314e+001  3.3165028e+001
  4.6666667e-002  3.2398407e+001  3.0055882e+001  3.6165211e+001  3.5077648e+001  3.3180431e+001
  5.3333333e-002  3.2397537e+001  3.0068214e+001  3.6173103e+001  3.5071327e+001  3.3191608e+001
  6.0000000e-002  3.2387775e+001  3.0053349e+001  3.6192070e+001  3.5052940e+001  3.3200207e+001
  6.6666667e-002  3.2389854e+001  3.0053707e+001  3.6200485e+001  3.5042194e+001  3.3214199e+001
  7.3333333e-002  3.2407387e+001  3.0083708e+001  3.6182247e+001  3.5055416e+001  3.3202911e+001
  8.0000000e-002  3.2411270e+001  3.0086981e+001  3.6191292e+001  3.5065357e+001  3.3220287e+001
  8.6666667e-002  3.2405918e+001  3.0083115e+001  3.6215519e+001  3.5066753e+001  3.3223804e+001
  9.3333333e-002  3.2384907e+001  3.0110964e+001  3.6223919e+001  3.5075924e+001  3.3199585e+001
  1.0000000e-001  3.2426559e+001  3.0116371e+001  3.6249092e+001  3.5115444e+001  3.3208271e+001
  1.0666667e-001  3.2462334e+001  3.0102568e+001  3.6270908e+001  3.5097176e+001  3.3206741e+001
  1.1333333e-001  3.2473827e+001  3.0101463e+001  3.6277695e+001  3.5097172e+001  3.3215633e+001
  1.2000000e-001  3.2502319e+001  3.0097462e+001  3.6254265e+001  3.5074360e+001  3.3216763e+001
  1.2666667e-001  3.2496323e+001  3.0070536e+001  3.6208683e+001  3.5081810e+001  3.3185047e+001
  1.3333333e-001  3.2508884e+001  3.0070698e+001  3.6181656e+001  3.5098969e+001  3.3186405e+001
  1.4000000e-001  3.2538708e+001  3.0081114e+001  3.6183228e+001  3.5074024e+001  3.3158817e+001
  1.4666667e-001  3.2538612e+001  3.0071360e+001  3.6135990e+001  3.5060394e+001  3.3115700e+001
  1.5333333e-001  3.2502239e+001  3.0034197e+001  3.6105324e+001  3.5023930e+001  3.3083035e+001
  1.6000000e-001  3.2507835e+001  3.0033852e+001  3.6030479e+001  3.4974785e+001  3.3054420e+001
  1.6666667e-001  3.2501476e+001  3.0047318e+001  3.5922375e+001  3.4950138e+001  3.3027054e+001
  1.7333333e-001  3.2475895e+001  3.0012842e+001  3.5865124e+001  3.4873680e+001  3.2957592e+001
  1.8000000e-001  3.2442432e+001  2.9979336e+001  3.5788246e+001  3.4780708e+001  3.2893013e+001
  1.8666667e-001  3.2430477e+001  2.9932941e+001  3.5728737e+001  3.4731956e+001  3.2863674e+001
  1.9333333e-001  3.2345936e+001  2.9919527e+001  3.5662167e+001  3.4664391e+001  3.2821522e+001
  2.0000000e-001  3.2266083e+001  2.9858986e+001  3.5605625e+001  3.4600063e+001  3.2782410e+001
  2.0666667e-001  3.2181335e+001  2.9811335e+001  3.5501030e+001  3.4516609e+001  3.2757851e+001
  2.1333333e-001  3.2133293e+001  2.9761900e+001  3.5437630e+001  3.4485847e+001  3.2714333e+001
  2.2000000e-001  3.2038300e+001  2.9749889e+001  3.5425854e+001  3.4415340e+001  3.2674557e+001
  2.2666667e-001  3.1953146e+001  2.9727230e+001  3.5381313e+001  3.4331734e+001  3.2631798e+001
  2.3333333e-001  3.1865366e+001  2.9675980e+001  3.5330967e+001  3.4256710e+001  3.2581249e+001
  2.4000000e-001  3.1780504e+001  2.9663727e+001  3.5322777e+001  3.4188274e+001  3.2541851e+001
  2.4666667e-001  3.1697905e+001  2.9630699e+001  3.5270390e+001  3.4144878e+001  3.2478710e+001
  2.5333333e-001  3.1639318e+001  2.9606401e+001  3.5207298e+001  3.4100563e+001  3.2436028e+001
  2.6000000e-001  3.1505285e+001  2.9590982e+001  3.5143757e+001  3.4038563e+001  3.2386719e+001
  2.6666667e-001  3.1395546e+001  2.9569403e+001  3.5026657e+001  3.3954155e+001  3.2321838e+001
  2.7333333e-001  3.1272295e+001  2.9561380e+001  3.4945263e+001  3.3863575e+001  3.2236099e+001
  2.8000000e-001  3.1113108e+001  2.9516542e+001  3.4867592e+001  3.3797726e+001  3.2101437e+001
  2.8666667e-001  3.0919779e+001  2.9446093e+001  3.4770500e+001  3.3663639e+001  3.2004013e+001
  2.9333333e-001  3.0719646e+001  2.9372950e+001  3.4622578e+001  3.3504333e+001  3.1937887e+001
  3.0000000e-001  3.0539644e+001  2.9278675e+001  3.4441658e+001  3.3364578e+001  3.1839245e+001
  3.0666667e-001  3.0263048e+001  2.9179176e+001  3.4327824e+001  3.3199894e+001  3.1697796e+001
  3.1333333e-001  3.0033083e+001  2.9101870e+001  3.4075676e+001  3.3002800e+001  3.1505405e+001
  3.2000000e-001  2.9770916e+001  2.8973690e+001  3.3850487e+001  3.2778404e+001  3.1371899e+001
  3.2666667e-001  2.9511042e+001  2.8832699e+001  3.3607121e+001  3.2515247e+001  3.1204912e+001
  3.3333333e-001  2.9210144e+001  2.8679039e+001  3.3305664e+001  3.2261383e+001  3.0988596e+001
  3.4000000e-001  2.8893555e+001  2.8496399e+001  3.2979412e+001  3.2017448e+001  3.0779810e+001
  3.4666667e-001  2.8595093e+001  2.8299622e+001  3.2599762e+001  3.1694195e+001  3.0582561e+001
  3.5333333e-001  2.8274580e+001  2.8099335e+001  3.2195858e+001  3.1413820e+001  3.0323107e+001
  3.6000000e-001  2.7928497e+001  2.7889727e+001  3.1785152e+001  3.1086357e+001  3.0069590e+001
  3.6666667e-001  2.7631653e+001  2.7642555e+001  3.1354448e+001  3.0824347e+001  2.9826771e+001
  3.7333333e-001  2.7302786e+001  2.7365589e+001  3.0883680e+001  3.0587366e+001  2.9502716e+001
  3.8000000e-001  2.6912956e+001  2.7066086e+001  3.0431925e+001  3.0326618e+001  2.9175037e+001
  3.8666667e-001  2.6512352e+001  2.6735821e+001  2.9964483e+001  3.0087284e+001  2.8858366e+001
  3.9333333e-001  2.6055889e+001  2.6430311e+001  2.9415771e+001  2.9865294e+001  2.8520945e+001
  4.0000000e-001  2.5590849e+001  2.6103764e+001  2.8871353e+001  2.9725288e+001  2.8217619e+001
  4.0666667e-001  2.5114681e+001  2.5758497e+001  2.8297728e+001  2.9539589e+001  2.7851366e+001
  4.1333333e-001  2.4582956e+001  2.5390219e+001  2.7656689e+001  2.9357721e+001  2.7496256e+001
  4.2000000e-001  2.3985159e+001  2.4978233e+001  2.6977879e+001  2.9137194e+001  2.7125336e+001
  4.2666667e-001  2.3388943e+001  2.4502934e+001  2.6238272e+001  2.8933615e+001  2.6744629e+001
  4.3333333e-001  2.2738176e+001  2.3986938e+001  2.5429024e+001  2.8741976e+001  2.6376322e+001
  4.4000000e-001  2.2164904e+001  2.3492565e+001  2.4558199e+001  2.8492521e+001  2.5960474e+001
  4.4666667e-001  2.1545740e+001  2.2971525e+001  2.3596184e+001  2.8299767e+001  2.5517666e+001
  4.5333333e-001  2.0913864e+001  2.2381720e+001  2.2625736e+001  2.8094704e+001  2.5024963e+001
  4.6000000e-001  2.0235285e+001  2.1816168e+001  2.1619843e+001  2.7872648e+001  2.4529423e+001
  4.6666667e-001  1.9534407e+001  2.1265213e+001  2.0583225e+001  2.7614134e+001  2.4009064e+001
  4.7333333e-001  1.8776356e+001  2.0677589e+001  1.9494289e+001  2.7319645e+001  2.3519686e+001
  4.8000000e-001  1.8067354e+001  2.0191214e+001  1.8410908e+001  2.7035389e+001  2.2967278e+001
  4.8666667e-001  1.7394812e+001  1.9612223e+001  1.7397787e+001  2.6755733e+001  2.2377073e+001
  4.9333333e-001  1.6628693e+001  1.9042471e+001  1.6506420e+001  2.6501415e+001  2.1813915e+001
  5.0000000e-001  1.5945946e+001  1.8487698e+001  1.5729883e+001  2.6179396e+001  2.1186567e+001
  5.0666667e-001  1.5289927e+001  1.7898060e+001  1.5093907e+001  2.5860640e+001  2.0541805e+001
  5.1333333e-001  1.4569065e+001  1.7403786e+001  1.4547523e+001  2.5595800e+001  1.9888180e+001
  5.2000000e-001  1.3909226e+001  1.6893831e+001  1.4111699e+001  2.5339102e+001  1.9191788e+001
  5.2666667e-001  1.3298311e+001  1.6331461e+001  1.3697825e+001  2.5052269e+001  1.8538834e+001
  5.3333333e-001  1.2706589e+001  1.5752679e+001  1.3293149e+001  2.4792883e+001  1.7850828e+001
  5.4000000e-001  1.2141066e+001  1.5139495e+001  1.2887708e+001  2.4499792e+001  1.7233074e+001
  5.4666667e-001  1.1615230e+001  1.4495637e+001  1.2450440e+001  2.4298420e+001  1.6716906e+001
  5.5333333e-001  1.1176455e+001  1.3828736e+001  1.2037533e+001  2.4054152e+001  1.6223927e+001
  5.6000000e-001  1.0769354e+001  1.3217308e+001  1.1655587e+001  2.3828140e+001  1.5700793e+001
  5.6666667e-001  1.0424500e+001  1.2631411e+001  1.1239838e+001  2.3640583e+001  1.5205832e+001
  5.7333333e-001  1.0081425e+001  1.2031698e+001  1.0856198e+001  2.3431980e+001  1.4738938e+001
  5.8000000e-001  9.8002920e+000  1.1422142e+001  1.0479232e+001  2.3306295e+001  1.4302816e+001
  5.8666667e-001  9.5492090e+000  1.0903338e+001  1.0123943e+001  2.3183750e+001  1.3962351e+001
  5.9333333e-001  9.2942350e+000  1.0435645e+001  9.8625060e+000  2.2973221e+001  1.3645799e+001
  6.0000000e-001  9.0365810e+000  1.0016862e+001  9.5866180e+000  2.2764544e+001  1.3273167e+001
  6.0666667e-001  8.8159410e+000  9.6281640e+000  9.2842250e+000  2.2580101e+001  1.2852752e+001
  6.1333333e-001  8.5874720e+000  9.2088170e+000  8.9414500e+000  2.2378305e+001  1.2465475e+001
  6.2000000e-001  8.3448990e+000  8.8715740e+000  8.6637740e+000  2.2154703e+001  1.2175476e+001
  6.2666667e-001  8.1264890e+000  8.5353170e+000  8.3842580e+000  2.1874855e+001  1.1890319e+001
  6.3333333e-001  7.9133520e+000  8.2440210e+000  8.0798860e+000  2.1624783e+001  1.1631967e+001
  6.4000000e-001  7.6569240e+000  7.9885600e+000  7.8048510e+000  2.1356945e+001  1.1385194e+001
  6.4666667e-001  7.3845530e+000  7.7656910e+000  7.5268580e+000  2.1114052e+001  1.1177197e+001
  6.5333333e-001  7.0569710e+000  7.6959730e+000  7.3228720e+000  2.1032658e+001  1.0915340e+001
  6.6000000e-001  6.7667020e+000  7.4664780e+000  7.0966640e+000  1.9935053e+001  1.0652134e+001
  6.6666667e-001  5.7013070e+000  7.1893930e+000  6.8526250e+000  1.9753164e+001  1.0500187e+001
  6.7333333e-001  5.5248420e+000  7.0386740e+000  6.6948300e+000  2.0168922e+001  1.0349908e+001
  6.8000000e-001  6.1341480e+000  7.0063120e+000  6.5682220e+000  1.9973248e+001  1.0188324e+001
  6.8666667e-001  6.5937470e+000  6.0528750e+000  6.4456180e+000  1.9838730e+001  1.0019840e+001
  6.9333333e-001  6.4924540e+000  6.5400060e+000  6.3834030e+000  1.9634956e+001  9.8319670e+000
  7.0000000e-001  5.6746390e+000  7.2143000e+000  6.3738440e+000  1.9473070e+001  9.6561690e+000
  7.0666667e-001  5.0934280e+000  5.6395990e+000  6.3255620e+000  1.9318085e+001  9.4827160e+000
  7.1333333e-001  5.8901460e+000  5.5515740e+000  6.3958770e+000  1.9202124e+001  9.3571400e+000
  7.2000000e-001  6.4625130e+000  5.4722170e+000  6.4015220e+000  1.9121687e+001  9.2571900e+000
  7.2666667e-001  5.6996910e+000  6.2116630e+000  6.2920800e+000  1.8953852e+001  9.1709220e+000
  7.3333333e-001  5.7348430e+000  5.9278970e+000  6.3088690e+000  1.8829853e+001  9.0839640e+000
  7.4000000e-001  5.7122020e+000  5.8478400e+000  6.3023840e+000  1.8806740e+001  9.0048510e+000
  7.4666667e-001  5.8553620e+000  5.8104240e+000  6.3852930e+000  1.8786951e+001  8.9528700e+000
  7.5333333e-001  5.8450790e+000  5.7802710e+000  6.3959180e+000  1.8744768e+001  8.9065200e+000
  7.6000000e-001  5.6201100e+000  5.7469810e+000  6.3859330e+000  1.8727762e+001  8.9833320e+000
  7.6666667e-001  5.5876660e+000  5.7091950e+000  6.2332000e+000  1.8794828e+001  9.5756080e+000
  7.7333333e-001  5.5796270e+000  5.7119400e+000  6.2636800e+000  1.8751368e+001  9.6069230e+000
  7.8000000e-001  5.5990860e+000  5.7307190e+000  6.2815380e+000  1.8778614e+001  9.0052310e+000
  7.8666667e-001  5.1436810e+000  5.7330020e+000  6.3181140e+000  1.8817152e+001  8.9957820e+000
  7.9333333e-001  5.2034780e+000  5.7284260e+000  6.3627000e+000  1.8863514e+001  9.0548670e+000
  8.0000000e-001  5.7687140e+000  5.7932870e+000  6.4256830e+000  1.8928488e+001  9.0303270e+000
  8.0666667e-001  5.8952200e+000  5.8778600e+000  6.4770550e+000  1.8962137e+001  9.1419710e+000
  8.1333333e-001  5.4708250e+000  5.9260350e+000  6.4769210e+000  1.8987230e+001  9.1887850e+000
  8.2000000e-001  6.1431110e+000  5.9801580e+000  6.4764730e+000  1.9032553e+001  9.2874520e+000
  8.2666667e-001  6.2566210e+000  6.0204480e+000  6.5178270e+000  1.9082161e+001  8.6643830e+000
  8.3333333e-001  6.5991550e+000  6.0715360e+000  6.5909270e+000  1.9157547e+001  8.7756950e+000
  8.4000000e-001  6.5010420e+000  6.1278180e+000  6.6147160e+000  1.9184620e+001  1.0226631e+001
  8.4666667e-001  6.5928000e+000  6.2533360e+000  6.7046500e+000  1.9237541e+001  1.0349264e+001
  8.5333333e-001  6.1925670e+000  6.3500900e+000  6.7690870e+000  1.9273924e+001  9.8768490e+000
  8.6000000e-001  6.3346900e+000  6.4212160e+000  6.8038630e+000  1.9317354e+001  9.9630830e+000
  8.6666667e-001  7.1093840e+000  6.4735620e+000  6.8697570e+000  1.9344774e+001  1.0038893e+001
  8.7333333e-001  7.2150710e+000  6.4885830e+000  6.9360390e+000  1.9318897e+001  1.0036361e+001
  8.8000000e-001  7.3252630e+000  6.5383090e+000  6.9677850e+000  1.9316040e+001  1.0079907e+001
  8.8666667e-001  7.9097900e+000  6.5953870e+000  7.0297790e+000  1.9350519e+001  1.0137964e+001
  8.9333333e-001  7.9663720e+000  6.6358510e+000  7.1894900e+000  1.9375738e+001  1.0281107e+001
  9.0000000e-001  6.7684650e+000  6.6816310e+000  7.1771190e+000  1.9344133e+001  1.0337095e+001
  9.0666667e-001  6.8388860e+000  6.7259560e+000  7.1777420e+000  1.8994198e+001  1.0366296e+001
  9.1333333e-001  7.5335990e+000  6.7996900e+000  7.2058310e+000  1.9042942e+001  1.0276803e+001
  9.2000000e-001  7.5193500e+000  6.8334060e+000  7.2363310e+000  1.8958736e+001  1.0318870e+001
  9.2666667e-001  7.5012520e+000  6.8788630e+000  7.2616430e+000  1.8994509e+001  1.0430453e+001
  9.3333333e-001  7.4984730e+000  6.9361820e+000  7.2998580e+000  1.8962200e+001  1.0497260e+001
  9.4000000e-001  7.5338820e+000  6.9534890e+000  7.2470160e+000  1.8901724e+001  1.0474207e+001
  9.4666667e-001  7.5922870e+000  6.9431550e+000  7.2514530e+000  1.8881702e+001  1.0516834e+001
  9.5333333e-001  7.5715670e+000  7.0077710e+000  7.2668680e+000  1.8996138e+001  1.0620470e+001
  9.6000000e-001  7.5256400e+000  6.4883480e+000  7.3458170e+000  1.9086403e+001  1.0643884e+001
  9.6666667e-001  7.5335150e+000  6.4922650e+000  7.4023200e+000  1.9167610e+001  1.0643471e+001
  9.7333333e-001  7.5558080e+000  7.0714060e+000  7.4465610e+000  1.9515306e+001  1.0722748e+001
  9.8000000e-001  7.5656380e+000  7.0836170e+000  7.4691440e+000  1.9571783e+001  1.0929487e+001
  9.8666667e-001  7.6006230e+000  7.1344950e+000  7.5882400e+000  1.9617706e+001  1.0977391e+001
  9.9333333e-001  7.6694130e+000  7.9073900e+000  6.9099130e+000  1.9747005e+001  1.0924734e+001
  1.0000000e+000  7.6523550e+000  6.6474500e+000  6.9479490e+000  1.9869019e+001  1.0991747e+001
  1.0066667e+000  7.6870410e+000  6.7211760e+000  7.7588070e+000  1.9936335e+001  1.1052476e+001
  1.0133333e+000  7.7602930e+000  7.2580140e+000  8.3601330e+000  2.0008480e+001  1.1168528e+001
  1.0200000e+000  7.8300430e+000  7.2981070e+000  8.3915800e+000  2.0059923e+001  1.1225176e+001
  1.0266667e+000  7.8897230e+000  7.3623880e+000  7.9215600e+000  2.0137253e+001  1.1186788e+001
  1.0333333e+000  7.9302970e+000  8.1895780e+000  7.8876540e+000  2.0228022e+001  1.1256215e+001
  1.0400000e+000  7.9918740e+000  8.2625860e+000  7.9422150e+000  2.0278278e+001  1.1307869e+001
  1.0466667e+000  8.0768210e+000  7.5385570e+000  7.9692950e+000  2.0288883e+001  1.1327281e+001
  1.0533333e+000  8.1521710e+000  7.0141010e+000  8.0072340e+000  2.0307936e+001  1.1372234e+001
  1.0600000e+000  8.2438210e+000  7.0524960e+000  8.1580920e+000  2.0339979e+001  1.1407434e+001
  1.0666667e+000  8.3404870e+000  7.0718280e+000  7.4488020e+000  2.0401823e+001  1.1453713e+001
  1.0733333e+000  8.4161430e+000  7.7013590e+000  7.4914200e+000  2.0458324e+001  1.1515806e+001
  1.0800000e+000  8.4779760e+000  8.4621390e+000  7.5333630e+000  2.0443398e+001  1.1573928e+001
  1.0866667e+000  8.5806050e+000  8.4722890e+000  8.2996030e+000  2.0486938e+001  1.1601210e+001
  1.0933333e+000  8.6656860e+000  7.7418220e+000  8.8636110e+000  2.0527235e+001  1.1646652e+001
  1.1000000e+000  8.7513850e+000  7.7710970e+000  8.9070690e+000  2.0559620e+001  1.1694099e+001
  1.1066667e+000  8.8187300e+000  7.7754760e+000  8.9460530e+000  2.0549047e+001  1.1753986e+001
  1.1133333e+000  8.8460330e+000  7.7741890e+000  8.9854230e+000  2.0570265e+001  1.1794361e+001
  1.1200000e+000  8.8936370e+000  7.2308620e+000  8.4891020e+000  2.0600597e+001  1.1838714e+001
  1.1266667e+000  8.9263060e+000  7.7761950e+000  8.4799660e+000  2.0627733e+001  1.1899511e+001
  1.1333333e+000  8.9283250e+000  7.8088740e+000  7.7632830e+000  2.0727804e+001  1.2005469e+001
  1.1400000e+000  8.9838600e+000  7.8568590e+000  7.7618260e+000  2.0718035e+001  1.2069455e+001
  1.1466667e+000  9.0157030e+000  7.8320900e+000  7.7673880e+000  2.0769938e+001  1.2096085e+001
  1.1533333e+000  9.0768650e+000  8.5988160e+000  7.8111630e+000  2.0826561e+001  1.2131905e+001
  1.1600000e+000  9.1364770e+000  8.6151170e+000  9.0910460e+000  2.0839676e+001  1.2195718e+001
  1.1666667e+000  9.1942470e+000  8.6263310e+000  9.1294520e+000  2.0852682e+001  1.2230717e+001
  1.1733333e+000  9.2502360e+000  8.6374410e+000  9.1497870e+000  2.0955307e+001  1.2254185e+001
  1.1800000e+000  9.2745290e+000  7.8930650e+000  9.2050940e+000  2.1044844e+001  1.2321798e+001
  1.1866667e+000  9.2904010e+000  7.8875680e+000  9.2340560e+000  2.1089079e+001  1.2386493e+001
  1.1933333e+000  9.2764420e+000  7.8919010e+000  8.6959270e+000  2.1172108e+001  1.2443062e+001
  1.2000000e+000  9.2880330e+000  7.9126960e+000  8.0163760e+000  2.1235756e+001  1.2499065e+001
  1.2066667e+000  9.2557770e+000  7.9426440e+000  8.0196740e+000  2.1299292e+001  1.2559267e+001
  1.2133333e+000  9.2501490e+000  7.9983300e+000  8.0412260e+000  2.1372314e+001  1.2640193e+001
  1.2200000e+000  9.2413310e+000  8.0343930e+000  8.0718190e+000  2.1478355e+001  1.2713088e+001
  1.2266667e+000  9.2533380e+000  8.0585190e+000  8.1040330e+000  2.1496664e+001  1.2762973e+001
  1.2333333e+000  9.3039030e+000  8.0558270e+000  8.8204480e+000  2.1572580e+001  1.2833334e+001
  1.2400000e+000  9.3139800e+000  8.1064150e+000  9.3487850e+000  2.1643888e+001  1.2908293e+001
  1.2466667e+000  9.2758780e+000  8.1524900e+000  9.3986560e+000  2.1674692e+001  1.2952764e+001
  1.2533333e+000  9.2695530e+000  8.1728240e+000  9.4136660e+000  2.1679678e+001  1.3026119e+001
  1.2600000e+000  9.3173850e+000  8.1892010e+000  9.4174800e+000  2.1718983e+001  1.3065100e+001
  1.2666667e+000  9.3573350e+000  8.2433240e+000  9.4700940e+000  2.1769480e+001  1.3128037e+001
  1.2733333e+000  9.4437550e+000  8.2758270e+000  8.2359730e+000  2.1809200e+001  1.3164368e+001
  1.2800000e+000  9.4862790e+000  8.3043560e+000  8.2559010e+000  2.1874300e+001  1.3179755e+001
  1.2866667e+000  9.5243610e+000  8.2801830e+000  8.2697730e+000  2.1892349e+001  1.3204537e+001
  1.2933333e+000  9.6023970e+000  8.3015410e+000  8.2665240e+000  2.1908796e+001  1.3248568e+001
  1.3000000e+000  9.6864300e+000  8.3010160e+000  8.2503180e+000  2.1955805e+001  1.3292632e+001
  1.3066667e+000  9.7432910e+000  8.3019880e+000  9.0080220e+000  2.2061684e+001  1.3318540e+001
  1.3133333e+000  9.7762520e+000  8.3458070e+000  9.5343150e+000  2.2074806e+001  1.3402145e+001
  1.3200000e+000  9.8271600e+000  8.3491700e+000  9.4918160e+000  2.2127522e+001  1.3445196e+001
  1.3266667e+000  9.9338070e+000  8.3554530e+000  9.4920710e+000  2.2180920e+001  1.3489846e+001
  1.3333333e+000  1.0003122e+001  8.3977550e+000  9.5131480e+000  2.2177589e+001  1.3556491e+001
  1.3400000e+000  1.0043898e+001  8.4373500e+000  9.5527160e+000  2.2234987e+001  1.3656194e+001
  1.3466667e+000  1.0121155e+001  8.4411870e+000  8.3744530e+000  2.2287569e+001  1.3712112e+001
  1.3533333e+000  1.0170898e+001  8.4447830e+000  8.3463460e+000  2.2299601e+001  1.3730101e+001
  1.3600000e+000  1.0180624e+001  8.4928300e+000  8.3518160e+000  2.2358280e+001  1.3825133e+001
  1.3666667e+000  1.0234066e+001  8.5137070e+000  8.3731770e+000  2.2402029e+001  1.3903131e+001
  1.3733333e+000  1.0287155e+001  8.4984430e+000  8.8533650e+000  2.2453447e+001  1.3966190e+001
  1.3800000e+000  1.0298397e+001  8.5248120e+000  9.6480160e+000  2.2508331e+001  1.4001980e+001
  1.3866667e+000  1.0347608e+001  8.5529650e+000  9.6930860e+000  2.2585869e+001  1.4042380e+001
  1.3933333e+000  1.0396451e+001  8.5605520e+000  9.7505550e+000  2.2653551e+001  1.4072525e+001
  1.4000000e+000  1.0419812e+001  8.6019930e+000  9.7510740e+000  2.2715614e+001  1.4128589e+001
  1.4066667e+000  1.0463366e+001  8.5817830e+000  9.7778680e+000  2.2759771e+001  1.4222766e+001
  1.4133333e+000  1.0528260e+001  8.5780120e+000  8.5520250e+000  2.2818758e+001  1.4316271e+001
  1.4200000e+000  1.0557616e+001  8.5782470e+000  8.5802030e+000  2.2901268e+001  1.4381979e+001
  1.4266667e+000  1.0617055e+001  8.5940930e+000  8.6065430e+000  2.2970842e+001  1.4419387e+001
  1.4333333e+000  1.0672376e+001  8.6045710e+000  8.6380110e+000  2.3036747e+001  1.4477259e+001
  1.4400000e+000  1.0742589e+001  8.6325350e+000  9.1826940e+000  2.3791803e+001  1.4557145e+001
  1.4466667e+000  1.0786965e+001  8.6612520e+000  9.9435200e+000  2.3848133e+001  1.4638808e+001
  1.4533333e+000  1.0822061e+001  8.6492600e+000  9.9559970e+000  2.3418949e+001  1.4669385e+001
  1.4600000e+000  1.0901540e+001  8.1921030e+000  9.9940900e+000  2.3483887e+001  1.4704724e+001
  1.4666667e+000  1.0970525e+001  8.6780840e+000  9.4814520e+000  2.3963795e+001  1.4791109e+001
  1.4733333e+000  1.0982187e+001  8.7148930e+000  8.8204330e+000  2.4006187e+001  1.4824357e+001
  1.4800000e+000  1.1003290e+001  8.6965050e+000  8.8633720e+000  2.3439880e+001  1.4877543e+001
  1.4866667e+000  1.1073085e+001  8.7035450e+000  8.8807470e+000  2.3567244e+001  1.4922654e+001
  1.4933333e+000  1.1119889e+001  8.7568230e+000  9.4080370e+000  2.3636465e+001  1.4972097e+001
  1.5000000e+000  1.1142398e+001  8.8006630e+000  1.0208156e+001  2.3565596e+001  1.5055449e+001
  1.5066667e+000  1.1145692e+001  8.8095730e+000  1.0236735e+001  2.3650887e+001  1.5117263e+001
  1.5133333e+000  1.1178426e+001  8.3411360e+000  1.0247997e+001  2.3675665e+001  1.5163029e+001
  1.5200000e+000  1.1182529e+001  8.3668670e+000  9.7085040e+000  2.3557884e+001  1.5221995e+001
  1.5266667e+000  1.1210400e+001  8.8812600e+000  8.9975420e+000  2.3564545e+001  1.5278464e+001
  1.5333333e+000  1.1271401e+001  8.9225130e+000  8.9796330e+000  2.3612911e+001  1.5364217e+001
  1.5400000e+000  1.1283254e+001  8.9581640e+000  9.0172590e+000  2.3645966e+001  1.5435813e+001
  1.5466667e+000  1.1276888e+001  9.0083770e+000  9.5667190e+000  2.3672863e+001  1.5477773e+001
  1.5533333e+000  1.1256437e+001  9.6845740e+000  1.0289114e+001  2.3639252e+001  1.5555643e+001
  1.5600000e+000  1.1241482e+001  8.9992780e+000  1.0309532e+001  2.3624702e+001  1.5602750e+001
  1.5666667e+000  1.1215981e+001  8.5332220e+000  1.0317966e+001  2.3622467e+001  1.5708085e+001
  1.5733333e+000  1.1200855e+001  8.5274340e+000  9.5682430e+000  2.3611313e+001  1.5752098e+001
  1.5800000e+000  1.1225432e+001  8.5730120e+000  9.0754370e+000  2.3630081e+001  1.5797374e+001
  1.5866667e+000  1.1207088e+001  9.0826340e+000  9.0661230e+000  2.3663261e+001  1.5885471e+001
  1.5933333e+000  1.1172437e+001  9.0928870e+000  9.0990040e+000  2.3659416e+001  1.5982965e+001
  1.6000000e+000  1.1200199e+001  9.1157820e+000  9.1240210e+000  2.3627684e+001  1.6045538e+001
  1.6066667e+000  1.1201096e+001  9.1665060e+000  9.6345790e+000  2.3651476e+001  1.6113934e+001
  1.6133333e+000  1.1225524e+001  9.2071580e+000  1.0337646e+001  2.3641722e+001  1.6153795e+001
  1.6200000e+000  1.1225360e+001  9.8712200e+000  1.0335695e+001  2.3625834e+001  1.6228315e+001
  1.6266667e+000  1.1263735e+001  9.8945290e+000  1.0357414e+001  2.3594593e+001  1.6339228e+001
  1.6333333e+000  1.1275499e+001  9.2781680e+000  9.6851070e+000  2.3584660e+001  1.6443354e+001
  1.6400000e+000  1.1286497e+001  8.8198720e+000  9.6446410e+000  2.3547915e+001  1.6549683e+001
  1.6466667e+000  1.1316381e+001  8.8061080e+000  9.1144950e+000  2.3504105e+001  1.6613523e+001
  1.6533333e+000  1.1353676e+001  8.7954330e+000  9.0941280e+000  2.3481045e+001  1.6680887e+001
  1.6600000e+000  1.1399547e+001  9.2485800e+000  9.1028870e+000  2.3495264e+001  1.6755754e+001
  1.6666667e+000  1.1413731e+001  9.2583890e+000  9.6560530e+000  2.3456125e+001  1.6852695e+001
  1.6733333e+000  1.1425560e+001  9.2536090e+000  1.0399992e+001  2.3401840e+001  1.6906979e+001
  1.6800000e+000  1.1474184e+001  9.2421970e+000  1.0379634e+001  2.3409224e+001  1.6996361e+001
  1.6866667e+000  1.1536003e+001  9.1932670e+000  1.0353338e+001  2.3374220e+001  1.7074682e+001
  1.6933333e+000  1.1522670e+001  9.7583030e+000  1.0354236e+001  2.3373337e+001  1.7133286e+001
  1.7000000e+000  1.1529725e+001  9.7122910e+000  9.6637540e+000  2.3362865e+001  1.7182104e+001
  1.7066667e+000  1.1531259e+001  9.6746210e+000  9.6652650e+000  2.3288223e+001  1.7290062e+001
  1.7133333e+000  1.1531622e+001  9.6246810e+000  9.6734700e+000  2.3246700e+001  1.7356230e+001
  1.7200000e+000  1.1523239e+001  8.9494760e+000  9.1908210e+000  2.3178877e+001  1.7385889e+001
  1.7266667e+000  1.1504331e+001  8.4436760e+000  9.1998950e+000  2.3126547e+001  1.7461843e+001
  1.7333333e+000  1.1486417e+001  8.8723580e+000  9.2100930e+000  2.3056276e+001  1.7548615e+001
  1.7400000e+000  1.1499882e+001  8.8076910e+000  1.0482078e+001  2.3010944e+001  1.7609859e+001
  1.7466667e+000  1.1465568e+001  8.7283070e+000  1.0516261e+001  2.2929907e+001  1.7683453e+001
  1.7533333e+000  1.1428144e+001  8.7061810e+000  1.0545756e+001  2.2899605e+001  1.7766489e+001
  1.7600000e+000  1.1429790e+001  8.6841990e+000  1.0541706e+001  2.2859304e+001  1.7879881e+001
  1.7666667e+000  1.1435177e+001  8.6554720e+000  1.0524613e+001  2.2821001e+001  1.7982439e+001
  1.7733333e+000  1.1438350e+001  8.6555440e+000  9.8499380e+000  2.2790956e+001  1.8089130e+001
  1.7800000e+000  1.1427691e+001  8.6303750e+000  9.8394170e+000  2.2771893e+001  1.8167177e+001
  1.7866667e+000  1.1442233e+001  8.6236370e+000  9.8534280e+000  2.2720242e+001  1.8237453e+001
  1.7933333e+000  1.1431032e+001  8.6219250e+000  9.8698660e+000  2.2741465e+001  1.8332924e+001
  1.8000000e+000  1.1475678e+001  8.5745850e+000  9.3664560e+000  2.2761211e+001  1.8406509e+001
  1.8066667e+000  1.1455420e+001  8.5540610e+000  9.3328170e+000  2.2774864e+001  1.8479839e+001
  1.8133333e+000  1.1435466e+001  8.5989370e+000  9.8219600e+000  2.2819462e+001  1.8571665e+001
  1.8200000e+000  1.1384186e+001  8.6210380e+000  9.8402340e+000  2.2870214e+001  1.8670601e+001
  1.8266667e+000  1.1385908e+001  8.6471320e+000  1.0554354e+001  2.2917995e+001  1.8754719e+001
  1.8333333e+000  1.1388934e+001  8.6799510e+000  1.0590940e+001  2.2967293e+001  1.8865437e+001
  1.8400000e+000  1.1369557e+001  8.7113490e+000  1.0657092e+001  2.3015663e+001  1.8942253e+001
  1.8466667e+000  1.1374634e+001  8.7427850e+000  1.0679543e+001  2.3075886e+001  1.9061161e+001
  1.8533333e+000  1.1375958e+001  8.8078520e+000  9.9627990e+000  2.3169844e+001  1.9172998e+001
  1.8600000e+000  1.1391875e+001  8.8635170e+000  9.9521380e+000  2.3173412e+001  1.9250502e+001
  1.8666667e+000  1.1395327e+001  8.9097900e+000  9.9537110e+000  2.3249023e+001  1.9311806e+001
  1.8733333e+000  1.1434311e+001  8.9410200e+000  9.9893350e+000  2.3288654e+001  1.9455231e+001
  1.8800000e+000  1.1426767e+001  9.0352190e+000  1.0040844e+001  2.3358330e+001  1.9565516e+001
  1.8866667e+000  1.1420787e+001  9.0765490e+000  1.0085747e+001  2.3387035e+001  1.9682650e+001
  1.8933333e+000  1.1436969e+001  9.1336080e+000  1.0101277e+001  2.3400679e+001  1.9797794e+001
  1.9000000e+000  1.1427916e+001  9.1480320e+000  1.0105473e+001  2.3445999e+001  1.9888687e+001
  1.9066667e+000  1.1479189e+001  9.1635040e+000  1.0148801e+001  2.3509972e+001  1.9999271e+001
  1.9133333e+000  1.1431371e+001  9.1931440e+000  1.0192380e+001  2.3501314e+001  2.0097723e+001
  1.9200000e+000  1.1416171e+001  9.2083810e+000  1.0245458e+001  2.3507607e+001  2.0219664e+001
  1.9266667e+000  1.1471864e+001  9.2143790e+000  1.0322877e+001  2.3498011e+001  2.0346182e+001
  1.9333333e+000  1.1455215e+001  9.2784300e+000  1.0383696e+001  2.3553429e+001  2.0458845e+001
  1.9400000e+000  1.1449518e+001  9.3129950e+000  1.0422586e+001  2.3540220e+001  2.0540073e+001
  1.9466667e+000  1.1453065e+001  9.3351530e+000  1.0446697e+001  2.3540894e+001  2.0678192e+001
  1.9533333e+000  1.1443122e+001  9.3544770e+000  1.0490318e+001  2.3535002e+001  2.0779169e+001
  1.9600000e+000  1.1419275e+001  9.4098160e+000  1.0484176e+001  2.3552044e+001  2.0814907e+001
  1.9666667e+000  1.1418149e+001  9.4718590e+000  1.0546123e+001  2.3588850e+001  2.0860336e+001
  1.9733333e+000  1.1454823e+001  9.5005540e+000  1.0627962e+001  2.3550381e+001  2.0967178e+001
  1.9800000e+000  1.1416319e+001  9.5296720e+000  1.0639652e+001  2.3537169e+001  2.1024652e+001
  1.9866667e+000  1.1398206e+001  9.5353290e+000  1.0657963e+001  2.3585802e+001  2.1075926e+001
  1.9933333e+000  1.1404653e+001  9.4968860e+000  1.0687971e+001  2.3568741e+001  2.1112076e+001
  2.0000000e+000  1.1406414e+001  9.5106930e+000  1.0187212e+001  2.3560848e+001  2.1101948e+001
