 -5.0000000e-001  1.2085553e+002  1.2157201e+002  1.1548923e+002  1.1750554e+002  1.1832092e+002
 -4.9333333e-001  1.2082987e+002  1.2156298e+002  1.1545621e+002  1.1754118e+002  1.1832336e+002
 -4.8666667e-001  1.2083144e+002  1.2156886e+002  1.1547164e+002  1.1754755e+002  1.1829439e+002
 -4.8000000e-001  1.2084251e+002  1.2161693e+002  1.1547117e+002  1.1757504e+002  1.1827316e+002
 -4.7333333e-001  1.2082111e+002  1.2162895e+002  1.1546984e+002  1.1757658e+002  1.1828074e+002
 -4.6666667e-001  1.2079501e+002  1.2159792e+002  1.1545883e+002  1.1760240e+002  1.1826250e+002
 -4.6000000e-001  1.2080026e+002  1.2162846e+002  1.1546365e+002  1.1762951e+002  1.1823158e+002
 -4.5333333e-001  1.2080310e+002  1.2165717e+002  1.1543858e+002  1.1764894e+002  1.1822266e+002
 -4.4666667e-001  1.2080340e+002  1.2168880e+002  1.1546727e+002  1.1768214e+002  1.1823641e+002
 -4.4000000e-001  1.2083322e+002  1.2170969e+002  1.1548365e+002  1.1768360e+002  1.1822093e+002
 -4.3333333e-001  1.2086649e+002  1.2169735e+002  1.1546503e+002  1.1768154e+002  1.1818881e+002
 -4.2666667e-001  1.2086633e+002  1.2168915e+002  1.1544225e+002  1.1768028e+002  1.1815665e+002
 -4.2000000e-001  1.2087859e+002  1.2170834e+002  1.1545373e+002  1.1771466e+002  1.1816128e+002
 -4.1333333e-001  1.2084280e+002  1.2173743e+002  1.1544907e+002  1.1770517e+002  1.1815907e+002
 -4.0666667e-001  1.2083364e+002  1.2175620e+002  1.1543613e+002  1.1772544e+002  1.1815295e+002
 -4.0000000e-001  1.2083964e+002  1.2175102e+002  1.1545207e+002  1.1772183e+002  1.1815076e+002
 -3.9333333e-001  1.2085382e+002  1.2174079e+002  1.1541934e+002  1.1775610e+002  1.1813747e+002
 -3.8666667e-001  1.2080639e+002  1.2177673e+002  1.1539925e+002  1.1777509e+002  1.1815024e+002
 -3.8000000e-001  1.2084102e+002  1.2179080e+002  1.1540237e+002  1.1778048e+002  1.1819222e+002
 -3.7333333e-001  1.2082327e+002  1.2176226e+002  1.1542673e+002  1.1777705e+002  1.1820455e+002
 -3.6666667e-001  1.2080158e+002  1.2175744e+002  1.1542377e+002  1.1776730e+002  1.1819840e+002
 -3.6000000e-001  1.2079897e+002  1.2176845e+002  1.1541866e+002  1.1774870e+002  1.1820609e+002
 -3.5333333e-001  1.2082437e+002  1.2173299e+002  1.1541190e+002  1.1776137e+002  1.1818446e+002
 -3.4666667e-001  1.2082996e+002  1.2169965e+002  1.1540222e+002  1.1772152e+002  1.1817006e+002
 -3.4000000e-001  1.2081690e+002  1.2171707e+002  1.1540103e+002  1.1770878e+002  1.1817345e+002
 -3.3333333e-001  1.2079992e+002  1.2173366e+002  1.1542082e+002  1.1771946e+002  1.1821207e+002
 -3.2666667e-001  1.2080292e+002  1.2174531e+002  1.1542229e+002  1.1771434e+002  1.1823277e+002
 -3.2000000e-001  1.2080291e+002  1.2175697e+002  1.1540488e+002  1.1768498e+002  1.1823676e+002
 -3.1333333e-001  1.2081974e+002  1.2177686e+002  1.1541354e+002  1.1769746e+002  1.1822376e+002
 -3.0666667e-001  1.2085296e+002  1.2177409e+002  1.1541243e+002  1.1771072e+002  1.1823988e+002
 -3.0000000e-001  1.2085274e+002  1.2174596e+002  1.1538165e+002  1.1772088e+002  1.1823263e+002
 -2.9333333e-001  1.2083806e+002  1.2175501e+002  1.1540508e+002  1.1774210e+002  1.1824506e+002
 -2.8666667e-001  1.2084012e+002  1.2174793e+002  1.1539854e+002  1.1773073e+002  1.1825899e+002
 -2.8000000e-001  1.2083987e+002  1.2174691e+002  1.1538781e+002  1.1771756e+002  1.1827618e+002
 -2.7333333e-001  1.2083359e+002  1.2175087e+002  1.1540382e+002  1.1776044e+002  1.1826125e+002
 -2.6666667e-001  1.2083730e+002  1.2176304e+002  1.1538817e+002  1.1776164e+002  1.1824544e+002
 -2.6000000e-001  1.2083284e+002  1.2172901e+002  1.1536597e+002  1.1776605e+002  1.1825468e+002
 -2.5333333e-001  1.2083768e+002  1.2175700e+002  1.1538494e+002  1.1778084e+002  1.1824950e+002
 -2.4666667e-001  1.2084976e+002  1.2176786e+002  1.1536932e+002  1.1778984e+002  1.1823750e+002
 -2.4000000e-001  1.2085947e+002  1.2175572e+002  1.1534030e+002  1.1780209e+002  1.1826921e+002
 -2.3333333e-001  1.2086502e+002  1.2179062e+002  1.1533873e+002  1.1778600e+002  1.1828480e+002
 -2.2666667e-001  1.2086872e+002  1.2182832e+002  1.1536059e+002  1.1777581e+002  1.1828482e+002
 -2.2000000e-001  1.2086498e+002  1.2186653e+002  1.1536298e+002  1.1776418e+002  1.1828636e+002
 -2.1333333e-001  1.2091137e+002  1.2186164e+002  1.1534310e+002  1.1775246e+002  1.1829353e+002
 -2.0666667e-001  1.2095920e+002  1.2184118e+002  1.1531068e+002  1.1773418e+002  1.1828706e+002
 -2.0000000e-001  1.2099396e+002  1.2181532e+002  1.1528948e+002  1.1773534e+002  1.1828062e+002
 -1.9333333e-001  1.2099879e+002  1.2183617e+002  1.1531354e+002  1.1771397e+002  1.1826638e+002
 -1.8666667e-001  1.2100097e+002  1.2181929e+002  1.1530279e+002  1.1768677e+002  1.1829835e+002
 -1.8000000e-001  1.2102168e+002  1.2179673e+002  1.1531566e+002  1.1770715e+002  1.1834245e+002
 -1.7333333e-001  1.2097041e+002  1.2180949e+002  1.1532209e+002  1.1773914e+002  1.1832358e+002
 -1.6666667e-001  1.2097935e+002  1.2183779e+002  1.1531400e+002  1.1771958e+002  1.1831929e+002
 -1.6000000e-001  1.2100825e+002  1.2184896e+002  1.1532396e+002  1.1770078e+002  1.1834688e+002
 -1.5333333e-001  1.2096801e+002  1.2180574e+002  1.1534596e+002  1.1770521e+002  1.1836172e+002
 -1.4666667e-001  1.2093532e+002  1.2180193e+002  1.1535876e+002  1.1767687e+002  1.1837121e+002
 -1.4000000e-001  1.2097012e+002  1.2181132e+002  1.1535923e+002  1.1769745e+002  1.1837770e+002
 -1.3333333e-001  1.2101355e+002  1.2182775e+002  1.1536225e+002  1.1771028e+002  1.1841415e+002
 -1.2666667e-001  1.2100765e+002  1.2185150e+002  1.1537258e+002  1.1767657e+002  1.1839393e+002
 -1.2000000e-001  1.2102309e+002  1.2187894e+002  1.1536099e+002  1.1766451e+002  1.1839521e+002
 -1.1333333e-001  1.2106963e+002  1.2189317e+002  1.1535516e+002  1.1765927e+002  1.1841873e+002
 -1.0666667e-001  1.2110078e+002  1.2191329e+002  1.1535646e+002  1.1766348e+002  1.1841735e+002
 -1.0000000e-001  1.2110925e+002  1.2193353e+002  1.1534280e+002  1.1765938e+002  1.1843248e+002
 -9.3333333e-002  1.2114137e+002  1.2197288e+002  1.1532285e+002  1.1766969e+002  1.1845732e+002
 -8.6666667e-002  1.2118108e+002  1.2199684e+002  1.1530313e+002  1.1769250e+002  1.1848346e+002
 -8.0000000e-002  1.2119708e+002  1.2198154e+002  1.1529558e+002  1.1770059e+002  1.1845868e+002
 -7.3333333e-002  1.2119679e+002  1.2200376e+002  1.1533037e+002  1.1771495e+002  1.1843867e+002
 -6.6666667e-002  1.2120615e+002  1.2202025e+002  1.1533125e+002  1.1771201e+002  1.1848661e+002
 -6.0000000e-002  1.2121413e+002  1.2207085e+002  1.1531925e+002  1.1770984e+002  1.1850802e+002
 -5.3333333e-002  1.2125993e+002  1.2205510e+002  1.1531928e+002  1.1772275e+002  1.1849172e+002
 -4.6666667e-002  1.2132375e+002  1.2204942e+002  1.1529422e+002  1.1773586e+002  1.1850100e+002
 -4.0000000e-002  1.2135682e+002  1.2208735e+002  1.1528313e+002  1.1775950e+002  1.1854557e+002
 -3.3333333e-002  1.2135538e+002  1.2211769e+002  1.1532198e+002  1.1776723e+002  1.1854067e+002
 -2.6666667e-002  1.2137396e+002  1.2212633e+002  1.1531014e+002  1.1774558e+002  1.1852668e+002
 -2.0000000e-002  1.2134644e+002  1.2211633e+002  1.1530400e+002  1.1773624e+002  1.1854251e+002
 -1.3333333e-002  1.2134618e+002  1.2213563e+002  1.1528603e+002  1.1777433e+002  1.1856590e+002
 -6.6666667e-003  1.2133875e+002  1.2214381e+002  1.1533269e+002  1.1779418e+002  1.1857773e+002
  0.0000000e+000  1.2134383e+002  1.2216191e+002  1.1533640e+002  1.1779064e+002  1.1856677e+002
  6.6666667e-003  1.2137429e+002  1.2217475e+002  1.1530922e+002  1.1778490e+002  1.1856397e+002
  1.3333333e-002  1.2142806e+002  1.2219430e+002  1.1532710e+002  1.1782459e+002  1.1859017e+002
  2.0000000e-002  1.2146434e+002  1.2218871e+002  1.1534775e+002  1.1782440e+002  1.1858360e+002
  2.6666667e-002  1.2147086e+002  1.2215982e+002  1.1532198e+002  1.1779779e+002  1.1856464e+002
  3.3333333e-002  1.2152001e+002  1.2215065e+002  1.1531915e+002  1.1782978e+002  1.1853500e+002
  4.0000000e-002  1.2154414e+002  1.2216383e+002  1.1531665e+002  1.1781834e+002  1.1853104e+002
  4.6666667e-002  1.2157369e+002  1.2216212e+002  1.1530386e+002  1.1782593e+002  1.1856249e+002
  5.3333333e-002  1.2158103e+002  1.2217432e+002  1.1529018e+002  1.1779492e+002  1.1852167e+002
  6.0000000e-002  1.2160970e+002  1.2215282e+002  1.1529311e+002  1.1778698e+002  1.1850524e+002
  6.6666667e-002  1.2163063e+002  1.2213089e+002  1.1526028e+002  1.1778256e+002  1.1847897e+002
  7.3333333e-002  1.2165437e+002  1.2209991e+002  1.1523308e+002  1.1774792e+002  1.1847107e+002
  8.0000000e-002  1.2162149e+002  1.2206099e+002  1.1522292e+002  1.1769029e+002  1.1846324e+002
  8.6666667e-002  1.2164899e+002  1.2200288e+002  1.1519276e+002  1.1761916e+002  1.1841353e+002
  9.3333333e-002  1.2166270e+002  1.2196230e+002  1.1516250e+002  1.1759380e+002  1.1834871e+002
  1.0000000e-001  1.2163346e+002  1.2187522e+002  1.1511624e+002  1.1751919e+002  1.1830489e+002
  1.0666667e-001  1.2159663e+002  1.2181454e+002  1.1507026e+002  1.1745776e+002  1.1824597e+002
  1.1333333e-001  1.2152684e+002  1.2174946e+002  1.1501887e+002  1.1740617e+002  1.1818901e+002
  1.2000000e-001  1.2148454e+002  1.2166265e+002  1.1495601e+002  1.1733161e+002  1.1810908e+002
  1.2666667e-001  1.2146439e+002  1.2163556e+002  1.1495009e+002  1.1731817e+002  1.1804726e+002
  1.3333333e-001  1.2141837e+002  1.2155916e+002  1.1495187e+002  1.1724764e+002  1.1800302e+002
  1.4000000e-001  1.2138876e+002  1.2145608e+002  1.1494199e+002  1.1718240e+002  1.1798263e+002
  1.4666667e-001  1.2137107e+002  1.2137137e+002  1.1493636e+002  1.1711612e+002  1.1795190e+002
  1.5333333e-001  1.2136013e+002  1.2133893e+002  1.1494160e+002  1.1699942e+002  1.1792215e+002
  1.6000000e-001  1.2136931e+002  1.2126441e+002  1.1496685e+002  1.1698647e+002  1.1783194e+002
  1.6666667e-001  1.2133838e+002  1.2116329e+002  1.1498643e+002  1.1692459e+002  1.1781749e+002
  1.7333333e-001  1.2132330e+002  1.2109544e+002  1.1498431e+002  1.1687104e+002  1.1779612e+002
  1.8000000e-001  1.2130418e+002  1.2101867e+002  1.1498888e+002  1.1687225e+002  1.1773183e+002
  1.8666667e-001  1.2126187e+002  1.2096603e+002  1.1498517e+002  1.1679841e+002  1.1769008e+002
  1.9333333e-001  1.2126959e+002  1.2090987e+002  1.1493675e+002  1.1673888e+002  1.1765582e+002
  2.0000000e-001  1.2129472e+002  1.2082789e+002  1.1493306e+002  1.1671974e+002  1.1761934e+002
  2.0666667e-001  1.2130475e+002  1.2078587e+002  1.1495573e+002  1.1670739e+002  1.1753880e+002
  2.1333333e-001  1.2130229e+002  1.2075447e+002  1.1496403e+002  1.1666486e+002  1.1750936e+002
  2.2000000e-001  1.2129177e+002  1.2068380e+002  1.1492206e+002  1.1664741e+002  1.1747463e+002
  2.2666667e-001  1.2128387e+002  1.2064070e+002  1.1487608e+002  1.1660226e+002  1.1744356e+002
  2.3333333e-001  1.2127539e+002  1.2059563e+002  1.1482487e+002  1.1656330e+002  1.1740595e+002
  2.4000000e-001  1.2127599e+002  1.2053130e+002  1.1472817e+002  1.1654117e+002  1.1742014e+002
  2.4666667e-001  1.2126348e+002  1.2039006e+002  1.1461108e+002  1.1645683e+002  1.1736747e+002
  2.5333333e-001  1.2122778e+002  1.2027797e+002  1.1445718e+002  1.1633368e+002  1.1726971e+002
  2.6000000e-001  1.2121182e+002  1.2018725e+002  1.1430933e+002  1.1617227e+002  1.1717503e+002
  2.6666667e-001  1.2117723e+002  1.2007787e+002  1.1414387e+002  1.1607640e+002  1.1705723e+002
  2.7333333e-001  1.2117844e+002  1.1985390e+002  1.1390168e+002  1.1593572e+002  1.1699632e+002
  2.8000000e-001  1.2119479e+002  1.1965051e+002  1.1364413e+002  1.1575753e+002  1.1687398e+002
  2.8666667e-001  1.2119380e+002  1.1945342e+002  1.1340742e+002  1.1566773e+002  1.1672711e+002
  2.9333333e-001  1.2119407e+002  1.1924628e+002  1.1325102e+002  1.1552847e+002  1.1659148e+002
  3.0000000e-001  1.2124128e+002  1.1904594e+002  1.1306891e+002  1.1539445e+002  1.1640069e+002
  3.0666667e-001  1.2134122e+002  1.1887703e+002  1.1280972e+002  1.1532156e+002  1.1624706e+002
  3.1333333e-001  1.2146072e+002  1.1868750e+002  1.1263964e+002  1.1526756e+002  1.1614236e+002
  3.2000000e-001  1.2153429e+002  1.1852789e+002  1.1250465e+002  1.1522352e+002  1.1600441e+002
  3.2666667e-001  1.2168375e+002  1.1836208e+002  1.1238394e+002  1.1520017e+002  1.1585655e+002
  3.3333333e-001  1.2189007e+002  1.1821470e+002  1.1224859e+002  1.1527263e+002  1.1579026e+002
  3.4000000e-001  1.2210683e+002  1.1813647e+002  1.1219594e+002  1.1539430e+002  1.1569197e+002
  3.4666667e-001  1.2235682e+002  1.1804067e+002  1.1218882e+002  1.1556074e+002  1.1561937e+002
  3.5333333e-001  1.2263471e+002  1.1798608e+002  1.1223078e+002  1.1572541e+002  1.1560187e+002
  3.6000000e-001  1.2296255e+002  1.1792113e+002  1.1228519e+002  1.1592304e+002  1.1558260e+002
  3.6666667e-001  1.2322968e+002  1.1796048e+002  1.1232269e+002  1.1612962e+002  1.1560085e+002
  3.7333333e-001  1.2347526e+002  1.1797025e+002  1.1237137e+002  1.1632549e+002  1.1562266e+002
  3.8000000e-001  1.2364381e+002  1.1803096e+002  1.1246539e+002  1.1651186e+002  1.1566254e+002
  3.8666667e-001  1.2385044e+002  1.1809760e+002  1.1257562e+002  1.1673435e+002  1.1576080e+002
  3.9333333e-001  1.2410417e+002  1.1816688e+002  1.1278005e+002  1.1692596e+002  1.1587255e+002
  4.0000000e-001  1.2432755e+002  1.1828079e+002  1.1302490e+002  1.1709413e+002  1.1595509e+002
  4.0666667e-001  1.2457613e+002  1.1836046e+002  1.1331665e+002  1.1731850e+002  1.1606249e+002
  4.1333333e-001  1.2483380e+002  1.1849665e+002  1.1369717e+002  1.1754829e+002  1.1626106e+002
  4.2000000e-001  1.2514808e+002  1.1868929e+002  1.1412593e+002  1.1778907e+002  1.1647004e+002
  4.2666667e-001  1.2555396e+002  1.1895440e+002  1.1465004e+002  1.1804128e+002  1.1663536e+002
  4.3333333e-001  1.2595284e+002  1.1923877e+002  1.1525958e+002  1.1832632e+002  1.1682893e+002
  4.4000000e-001  1.2627893e+002  1.1959480e+002  1.1594285e+002  1.1864433e+002  1.1699633e+002
  4.4666667e-001  1.2657980e+002  1.1990688e+002  1.1675054e+002  1.1886988e+002  1.1720705e+002
  4.5333333e-001  1.2691013e+002  1.2034239e+002  1.1761037e+002  1.1916880e+002  1.1745919e+002
  4.6000000e-001  1.2729195e+002  1.2081456e+002  1.1851996e+002  1.1946156e+002  1.1770460e+002
  4.6666667e-001  1.2771215e+002  1.2128956e+002  1.1947199e+002  1.1977879e+002  1.1801807e+002
  4.7333333e-001  1.2813214e+002  1.2181496e+002  1.2055227e+002  1.2012479e+002  1.1836578e+002
  4.8000000e-001  1.2859261e+002  1.2231779e+002  1.2161384e+002  1.2042163e+002  1.1875124e+002
  4.8666667e-001  1.2904736e+002  1.2282938e+002  1.2254709e+002  1.2073543e+002  1.1917336e+002
  4.9333333e-001  1.2953903e+002  1.2331583e+002  1.2336837e+002  1.2107587e+002  1.1956630e+002
  5.0000000e-001  1.3000569e+002  1.2380949e+002  1.2400338e+002  1.2145041e+002  1.2006287e+002
  5.0666667e-001  1.3048543e+002  1.2419018e+002  1.2439131e+002  1.2178947e+002  1.2061298e+002
  5.1333333e-001  1.3094608e+002  1.2444471e+002  1.2458940e+002  1.2214275e+002  1.2118403e+002
  5.2000000e-001  1.3136385e+002  1.2470733e+002  1.2469606e+002  1.2247321e+002  1.2176981e+002
  5.2666667e-001  1.3178510e+002  1.2501032e+002  1.2475308e+002  1.2277866e+002  1.2229723e+002
  5.3333333e-001  1.3222713e+002  1.2530533e+002  1.2490737e+002  1.2316727e+002  1.2278418e+002
  5.4000000e-001  1.3265013e+002  1.2564498e+002  1.2520092e+002  1.2362341e+002  1.2322669e+002
  5.4666667e-001  1.3306610e+002  1.2605750e+002  1.2559480e+002  1.2398026e+002  1.2352644e+002
  5.5333333e-001  1.3346642e+002  1.2647886e+002  1.2599387e+002  1.2434671e+002  1.2377048e+002
  5.6000000e-001  1.3380278e+002  1.2692266e+002  1.2638728e+002  1.2479964e+002  1.2397445e+002
  5.6666667e-001  1.3414336e+002  1.2740982e+002  1.2681510e+002  1.2524365e+002  1.2423193e+002
  5.7333333e-001  1.3449178e+002  1.2795286e+002  1.2722292e+002  1.2560759e+002  1.2452844e+002
  5.8000000e-001  1.3483144e+002  1.2851057e+002  1.2766274e+002  1.2594910e+002  1.2479978e+002
  5.8666667e-001  1.3517156e+002  1.2905478e+002  1.2809921e+002  1.2637569e+002  1.2507358e+002
  5.9333333e-001  1.3553244e+002  1.2958466e+002  1.2852974e+002  1.2681735e+002  1.2536853e+002
  6.0000000e-001  1.3589642e+002  1.3012286e+002  1.2904591e+002  1.2718068e+002  1.2572325e+002
  6.0666667e-001  1.3633623e+002  1.3066783e+002  1.2950240e+002  1.2767378e+002  1.2616616e+002
  6.1333333e-001  1.3679565e+002  1.3121562e+002  1.2988974e+002  1.2821576e+002  1.2653951e+002
  6.2000000e-001  1.3713455e+002  1.3173601e+002  1.3022299e+002  1.2870439e+002  1.2687959e+002
  6.2666667e-001  1.3738245e+002  1.3223927e+002  1.3054674e+002  1.2926074e+002  1.2721935e+002
  6.3333333e-001  1.3755960e+002  1.3270880e+002  1.3085612e+002  1.2988690e+002  1.2757049e+002
  6.4000000e-001  1.3775749e+002  1.3303601e+002  1.3116875e+002  1.3041750e+002  1.2785669e+002
  6.4666667e-001  1.3797647e+002  1.3335681e+002  1.3146722e+002  1.3090178e+002  1.2816132e+002
  6.5333333e-001  1.3819704e+002  1.3377843e+002  1.3175105e+002  1.3146855e+002  1.2848528e+002
  6.6000000e-001  1.3839221e+002  1.3407552e+002  1.3201997e+002  1.3175778e+002  1.2879353e+002
  6.6666667e-001  1.3940128e+002  1.3415587e+002  1.3231689e+002  1.3215286e+002  1.2906264e+002
  6.7333333e-001  1.3980295e+002  1.3432118e+002  1.3261511e+002  1.3154959e+002  1.2932748e+002
  6.8000000e-001  1.3929158e+002  1.3460756e+002  1.3285036e+002  1.3299152e+002  1.2960756e+002
  6.8666667e-001  1.3881390e+002  1.3558296e+002  1.3308798e+002  1.3352260e+002  1.2986818e+002
  6.9333333e-001  1.3914980e+002  1.3491902e+002  1.3331122e+002  1.3379575e+002  1.3014311e+002
  7.0000000e-001  1.4017059e+002  1.3432355e+002  1.3348406e+002  1.3421526e+002  1.3042610e+002
  7.0666667e-001  1.4115350e+002  1.3629160e+002  1.3372328e+002  1.3457448e+002  1.3066853e+002
  7.1333333e-001  1.4058955e+002  1.3657809e+002  1.3404555e+002  1.3491376e+002  1.3088904e+002
  7.2000000e-001  1.4003059e+002  1.3677541e+002  1.3422269e+002  1.3532311e+002  1.3109543e+002
  7.2666667e-001  1.4095734e+002  1.3620448e+002  1.3427071e+002  1.3577779e+002  1.3126891e+002
  7.3333333e-001  1.4111305e+002  1.3648505e+002  1.3446393e+002  1.3619934e+002  1.3149808e+002
  7.4000000e-001  1.4126312e+002  1.3670441e+002  1.3461626e+002  1.3658852e+002  1.3168816e+002
  7.4666667e-001  1.4138028e+002  1.3693829e+002  1.3488248e+002  1.3698502e+002  1.3183411e+002
  7.5333333e-001  1.4147426e+002  1.3711946e+002  1.3500104e+002  1.3747594e+002  1.3198421e+002
  7.6000000e-001  1.4159274e+002  1.3729573e+002  1.3513724e+002  1.3800368e+002  1.3224971e+002
  7.6666667e-001  1.4170708e+002  1.3745438e+002  1.3513142e+002  1.3847624e+002  1.3156905e+002
  7.7333333e-001  1.4177953e+002  1.3753864e+002  1.3518166e+002  1.3908984e+002  1.3169141e+002
  7.8000000e-001  1.4181595e+002  1.3763263e+002  1.3523991e+002  1.3974226e+002  1.3261472e+002
  7.8666667e-001  1.4254636e+002  1.3771335e+002  1.3529292e+002  1.4013289e+002  1.3279291e+002
  7.9333333e-001  1.4258118e+002  1.3779353e+002  1.3531018e+002  1.4041272e+002  1.3293848e+002
  8.0000000e-001  1.4195468e+002  1.3785934e+002  1.3534224e+002  1.4063063e+002  1.3292302e+002
  8.0666667e-001  1.4198528e+002  1.3789397e+002  1.3541005e+002  1.4085330e+002  1.3298598e+002
  8.1333333e-001  1.4268709e+002  1.3797008e+002  1.3549056e+002  1.4116629e+002  1.3305632e+002
  8.2000000e-001  1.4193222e+002  1.3798824e+002  1.3555855e+002  1.4132222e+002  1.3308951e+002
  8.2666667e-001  1.4189938e+002  1.3799071e+002  1.3556146e+002  1.4146179e+002  1.3409291e+002
  8.3333333e-001  1.4188142e+002  1.3806380e+002  1.3555046e+002  1.4159639e+002  1.3414775e+002
  8.4000000e-001  1.4188638e+002  1.3816727e+002  1.3563184e+002  1.4163835e+002  1.3262950e+002
  8.4666667e-001  1.4179302e+002  1.3818633e+002  1.3565776e+002  1.4173747e+002  1.3264024e+002
  8.5333333e-001  1.4242343e+002  1.3811002e+002  1.3565065e+002  1.4185738e+002  1.3343884e+002
  8.6000000e-001  1.4235701e+002  1.3809994e+002  1.3568228e+002  1.4194103e+002  1.3344162e+002
  8.6666667e-001  1.4158659e+002  1.3812051e+002  1.3568814e+002  1.4199297e+002  1.3341861e+002
  8.7333333e-001  1.4147713e+002  1.3817221e+002  1.3567949e+002  1.4204804e+002  1.3325557e+002
  8.8000000e-001  1.4141785e+002  1.3816141e+002  1.3566071e+002  1.4213945e+002  1.3325559e+002
  8.8666667e-001  1.4061980e+002  1.3810603e+002  1.3562013e+002  1.4222888e+002  1.3322749e+002
  8.9333333e-001  1.4055180e+002  1.3812308e+002  1.3569321e+002  1.4227673e+002  1.3327190e+002
  9.0000000e-001  1.4185065e+002  1.3807796e+002  1.3571347e+002  1.4236980e+002  1.3320532e+002
  9.0666667e-001  1.4169318e+002  1.3808844e+002  1.3570984e+002  1.4239970e+002  1.3313765e+002
  9.1333333e-001  1.4073581e+002  1.3807547e+002  1.3568126e+002  1.4241882e+002  1.3300241e+002
  9.2000000e-001  1.4064027e+002  1.3803462e+002  1.3567793e+002  1.4248459e+002  1.3295201e+002
  9.2666667e-001  1.4051704e+002  1.3804565e+002  1.3567085e+002  1.4254736e+002  1.3302332e+002
  9.3333333e-001  1.4039745e+002  1.3802695e+002  1.3566635e+002  1.4259480e+002  1.3296492e+002
  9.4000000e-001  1.4027632e+002  1.3802155e+002  1.3552638e+002  1.4261078e+002  1.3274594e+002
  9.4666667e-001  1.4029857e+002  1.3803221e+002  1.3553224e+002  1.4258627e+002  1.3268037e+002
  9.5333333e-001  1.4018095e+002  1.3797517e+002  1.3555278e+002  1.4261130e+002  1.3276573e+002
  9.6000000e-001  1.3988098e+002  1.3870811e+002  1.3555321e+002  1.4266516e+002  1.3275001e+002
  9.6666667e-001  1.3973064e+002  1.3869447e+002  1.3548569e+002  1.4268565e+002  1.3253798e+002
  9.7333333e-001  1.3958507e+002  1.3800169e+002  1.3550563e+002  1.4269374e+002  1.3242276e+002
  9.8000000e-001  1.3946114e+002  1.3797630e+002  1.3553832e+002  1.4274393e+002  1.3245250e+002
  9.8666667e-001  1.3930353e+002  1.3795523e+002  1.3566557e+002  1.4274785e+002  1.3234767e+002
  9.9333333e-001  1.3912965e+002  1.3717316e+002  1.3635173e+002  1.4268866e+002  1.3218425e+002
  1.0000000e+000  1.3900218e+002  1.3865320e+002  1.3631320e+002  1.4262953e+002  1.3212051e+002
  1.0066667e+000  1.3884760e+002  1.3859715e+002  1.3553584e+002  1.4260379e+002  1.3202228e+002
  1.0133333e+000  1.3869975e+002  1.3787030e+002  1.3481761e+002  1.4259376e+002  1.3206805e+002
  1.0200000e+000  1.3855127e+002  1.3786250e+002  1.3479504e+002  1.4263138e+002  1.3198877e+002
  1.0266667e+000  1.3840100e+002  1.3777562e+002  1.3546059e+002  1.4259824e+002  1.3179756e+002
  1.0333333e+000  1.3826639e+002  1.3690581e+002  1.3532047e+002  1.4257709e+002  1.3172990e+002
  1.0400000e+000  1.3815431e+002  1.3686775e+002  1.3529056e+002  1.4252548e+002  1.3164687e+002
  1.0466667e+000  1.3798675e+002  1.3760584e+002  1.3525783e+002  1.4250548e+002  1.3155954e+002
  1.0533333e+000  1.3786772e+002  1.3832761e+002  1.3524448e+002  1.4244630e+002  1.3150851e+002
  1.0600000e+000  1.3769641e+002  1.3822731e+002  1.3527837e+002  1.4239388e+002  1.3143779e+002
  1.0666667e+000  1.3756751e+002  1.3818695e+002  1.3601697e+002  1.4235260e+002  1.3138068e+002
  1.0733333e+000  1.3744891e+002  1.3738687e+002  1.3600603e+002  1.4229686e+002  1.3126103e+002
  1.0800000e+000  1.3738493e+002  1.3663995e+002  1.3597914e+002  1.4223438e+002  1.3116090e+002
  1.0866667e+000  1.3728378e+002  1.3661127e+002  1.3516626e+002  1.4218031e+002  1.3110805e+002
  1.0933333e+000  1.3715161e+002  1.3731445e+002  1.3441399e+002  1.4213310e+002  1.3103580e+002
  1.1000000e+000  1.3702036e+002  1.3732475e+002  1.3442940e+002  1.4210680e+002  1.3101723e+002
  1.1066667e+000  1.3694646e+002  1.3730173e+002  1.3443179e+002  1.4203445e+002  1.3095915e+002
  1.1133333e+000  1.3688757e+002  1.3730386e+002  1.3342090e+002  1.4196642e+002  1.3080714e+002
  1.1200000e+000  1.3681125e+002  1.3803142e+002  1.3398256e+002  1.4190402e+002  1.3072397e+002
  1.1266667e+000  1.3678272e+002  1.3729156e+002  1.3490378e+002  1.4182173e+002  1.3064221e+002
  1.1333333e+000  1.3676131e+002  1.3726898e+002  1.3577521e+002  1.4165944e+002  1.3058711e+002
  1.1400000e+000  1.3672363e+002  1.3724529e+002  1.3575053e+002  1.4158458e+002  1.3052274e+002
  1.1466667e+000  1.3669431e+002  1.3726120e+002  1.3571965e+002  1.4153296e+002  1.3046075e+002
  1.1533333e+000  1.3660797e+002  1.3649944e+002  1.3572733e+002  1.4147553e+002  1.3042104e+002
  1.1600000e+000  1.3656249e+002  1.3652739e+002  1.3427617e+002  1.4144963e+002  1.3033154e+002
  1.1666667e+000  1.3651099e+002  1.3656332e+002  1.3420901e+002  1.4136855e+002  1.3028395e+002
  1.1733333e+000  1.3646373e+002  1.3663200e+002  1.3414563e+002  1.4121256e+002  1.3026392e+002
  1.1800000e+000  1.3649980e+002  1.3744649e+002  1.3311948e+002  1.4121782e+002  1.3021742e+002
  1.1866667e+000  1.3650418e+002  1.3744608e+002  1.3312370e+002  1.4115099e+002  1.3015843e+002
  1.1933333e+000  1.3654399e+002  1.3744203e+002  1.3473935e+002  1.4104672e+002  1.3013869e+002
  1.2000000e+000  1.3660915e+002  1.3744171e+002  1.3559471e+002  1.4093848e+002  1.3013039e+002
  1.2066667e+000  1.3663715e+002  1.3743503e+002  1.3561070e+002  1.3985185e+002  1.3005035e+002
  1.2133333e+000  1.3669452e+002  1.3743396e+002  1.3558588e+002  1.3974371e+002  1.3000351e+002
  1.2200000e+000  1.3679268e+002  1.3743626e+002  1.3553545e+002  1.3955136e+002  1.2997041e+002
  1.2266667e+000  1.3682268e+002  1.3745390e+002  1.3551828e+002  1.3938612e+002  1.2993687e+002
  1.2333333e+000  1.3682005e+002  1.3749118e+002  1.3479379e+002  1.3927911e+002  1.2989401e+002
  1.2400000e+000  1.3688117e+002  1.3746675e+002  1.3316000e+002  1.3912741e+002  1.2987587e+002
  1.2466667e+000  1.3698906e+002  1.3746129e+002  1.3299698e+002  1.3901604e+002  1.2980162e+002
  1.2533333e+000  1.3704132e+002  1.3742128e+002  1.3300606e+002  1.3895259e+002  1.2972214e+002
  1.2600000e+000  1.3708551e+002  1.3740230e+002  1.3397080e+002  1.3969997e+002  1.2965807e+002
  1.2666667e+000  1.3715865e+002  1.3742314e+002  1.3397154e+002  1.3952634e+002  1.2957607e+002
  1.2733333e+000  1.3718163e+002  1.3745831e+002  1.3539514e+002  1.3940413e+002  1.2954704e+002
  1.2800000e+000  1.3719023e+002  1.3747810e+002  1.3535529e+002  1.3839902e+002  1.2952229e+002
  1.2866667e+000  1.3724121e+002  1.3750481e+002  1.3534080e+002  1.3824724e+002  1.2949846e+002
  1.2933333e+000  1.3726753e+002  1.3748500e+002  1.3534580e+002  1.3814011e+002  1.2948839e+002
  1.3000000e+000  1.3725166e+002  1.3752753e+002  1.3435878e+002  1.3796228e+002  1.2940025e+002
  1.3066667e+000  1.3731110e+002  1.3754146e+002  1.3445682e+002  1.3765497e+002  1.2932935e+002
  1.3133333e+000  1.3736244e+002  1.3750943e+002  1.3481052e+002  1.3750397e+002  1.2924986e+002
  1.3200000e+000  1.3736314e+002  1.3752594e+002  1.3390143e+002  1.3828014e+002  1.2919565e+002
  1.3266667e+000  1.3732529e+002  1.3752199e+002  1.3395206e+002  1.3810226e+002  1.2915884e+002
  1.3333333e+000  1.3733110e+002  1.3752985e+002  1.3393249e+002  1.3795657e+002  1.2907224e+002
  1.3400000e+000  1.3732031e+002  1.3751338e+002  1.3393919e+002  1.3776552e+002  1.2901347e+002
  1.3466667e+000  1.3730098e+002  1.3750279e+002  1.3533145e+002  1.3759703e+002  1.2894696e+002
  1.3533333e+000  1.3732625e+002  1.3749805e+002  1.3536142e+002  1.3743886e+002  1.2892297e+002
  1.3600000e+000  1.3733568e+002  1.3745798e+002  1.3440616e+002  1.3722841e+002  1.2881686e+002
  1.3666667e+000  1.3731410e+002  1.3742937e+002  1.3441678e+002  1.3703943e+002  1.2880879e+002
  1.3733333e+000  1.3732370e+002  1.3749101e+002  1.3462355e+002  1.3687648e+002  1.2873106e+002
  1.3800000e+000  1.3735928e+002  1.3750858e+002  1.3494544e+002  1.3674123e+002  1.2867445e+002
  1.3866667e+000  1.3732427e+002  1.3750205e+002  1.3399777e+002  1.3660509e+002  1.2866383e+002
  1.3933333e+000  1.3730141e+002  1.3752435e+002  1.3402596e+002  1.3646793e+002  1.2861108e+002
  1.4000000e+000  1.3728973e+002  1.3749951e+002  1.3407126e+002  1.3635577e+002  1.2855309e+002
  1.4066667e+000  1.3728197e+002  1.3749118e+002  1.3408112e+002  1.3618457e+002  1.2853661e+002
  1.4133333e+000  1.3724490e+002  1.3749161e+002  1.3548972e+002  1.3600174e+002  1.2845856e+002
  1.4200000e+000  1.3720358e+002  1.3751012e+002  1.3549985e+002  1.3583667e+002  1.2836554e+002
  1.4266667e+000  1.3713739e+002  1.3748601e+002  1.3553120e+002  1.3566760e+002  1.2836047e+002
  1.4333333e+000  1.3709087e+002  1.3747549e+002  1.3464890e+002  1.3554086e+002  1.2832036e+002
  1.4400000e+000  1.3703981e+002  1.3748004e+002  1.3385870e+002  1.3467557e+002  1.2820265e+002
  1.4466667e+000  1.3691072e+002  1.3747008e+002  1.3317142e+002  1.3445226e+002  1.2808521e+002
  1.4533333e+000  1.3681946e+002  1.3749220e+002  1.3491244e+002  1.3496051e+002  1.2804906e+002
  1.4600000e+000  1.3672127e+002  1.3812703e+002  1.3506317e+002  1.3478137e+002  1.2793117e+002
  1.4666667e+000  1.3664674e+002  1.3749344e+002  1.3488364e+002  1.3399400e+002  1.2776425e+002
  1.4733333e+000  1.3660429e+002  1.3751091e+002  1.3559586e+002  1.3378862e+002  1.2764633e+002
  1.4800000e+000  1.3653218e+002  1.3752518e+002  1.3557489e+002  1.3411874e+002  1.2751854e+002
  1.4866667e+000  1.3645357e+002  1.3751492e+002  1.3559593e+002  1.3399896e+002  1.2740981e+002
  1.4933333e+000  1.3632910e+002  1.3748978e+002  1.3496980e+002  1.3380577e+002  1.2728146e+002
  1.5000000e+000  1.3622553e+002  1.3745403e+002  1.3420604e+002  1.3351230e+002  1.2716537e+002
  1.5066667e+000  1.3616684e+002  1.3744014e+002  1.3422228e+002  1.3342003e+002  1.2705567e+002
  1.5133333e+000  1.3611275e+002  1.3811476e+002  1.3334842e+002  1.3322888e+002  1.2694064e+002
  1.5200000e+000  1.3601894e+002  1.3808981e+002  1.3408690e+002  1.3292859e+002  1.2684578e+002
  1.5266667e+000  1.3590535e+002  1.3747716e+002  1.3481491e+002  1.3273163e+002  1.2673290e+002
  1.5333333e+000  1.3581035e+002  1.3747447e+002  1.3556915e+002  1.3247481e+002  1.2660831e+002
  1.5400000e+000  1.3572487e+002  1.3746155e+002  1.3552122e+002  1.3220267e+002  1.2646005e+002
  1.5466667e+000  1.3564859e+002  1.3749409e+002  1.3494592e+002  1.3201689e+002  1.2641286e+002
  1.5533333e+000  1.3557449e+002  1.3679845e+002  1.3420122e+002  1.3186462e+002  1.2632816e+002
  1.5600000e+000  1.3549181e+002  1.3752420e+002  1.3415897e+002  1.3164986e+002  1.2617637e+002
  1.5666667e+000  1.3543897e+002  1.3816730e+002  1.3417651e+002  1.3143633e+002  1.2604004e+002
  1.5733333e+000  1.3540797e+002  1.3815048e+002  1.3491802e+002  1.3122467e+002  1.2597997e+002
  1.5800000e+000  1.3534845e+002  1.3817134e+002  1.3555739e+002  1.3095783e+002  1.2587209e+002
  1.5866667e+000  1.3526709e+002  1.3752965e+002  1.3552765e+002  1.3072850e+002  1.2570264e+002
  1.5933333e+000  1.3523724e+002  1.3756293e+002  1.3466240e+002  1.3051227e+002  1.2562655e+002
  1.6000000e+000  1.3519409e+002  1.3755074e+002  1.3467381e+002  1.3031052e+002  1.2554527e+002
  1.6066667e+000  1.3517183e+002  1.3755293e+002  1.3394608e+002  1.3007977e+002  1.2541365e+002
  1.6133333e+000  1.3514262e+002  1.3750725e+002  1.3310902e+002  1.2989284e+002  1.2531415e+002
  1.6200000e+000  1.3511984e+002  1.3685179e+002  1.3480447e+002  1.2966252e+002  1.2521735e+002
  1.6266667e+000  1.3506323e+002  1.3683919e+002  1.3482065e+002  1.2945442e+002  1.2510674e+002
  1.6333333e+000  1.3505995e+002  1.3741017e+002  1.3474927e+002  1.2926637e+002  1.2494921e+002
  1.6400000e+000  1.3500189e+002  1.3804096e+002  1.3472525e+002  1.2905516e+002  1.2480889e+002
  1.6466667e+000  1.3495900e+002  1.3800839e+002  1.3540112e+002  1.2880876e+002  1.2469698e+002
  1.6533333e+000  1.3491975e+002  1.3802313e+002  1.3540338e+002  1.2859622e+002  1.2461276e+002
  1.6600000e+000  1.3486549e+002  1.3743059e+002  1.3538962e+002  1.2838597e+002  1.2451215e+002
  1.6666667e+000  1.3486381e+002  1.3741151e+002  1.3471974e+002  1.2812209e+002  1.2433518e+002
  1.6733333e+000  1.3483176e+002  1.3740254e+002  1.3313263e+002  1.2787699e+002  1.2424591e+002
  1.6800000e+000  1.3478726e+002  1.3740787e+002  1.3311108e+002  1.2765350e+002  1.2416444e+002
  1.6866667e+000  1.3472839e+002  1.3739922e+002  1.3304475e+002  1.2744596e+002  1.2405451e+002
  1.6933333e+000  1.3470062e+002  1.3676608e+002  1.3475705e+002  1.2720256e+002  1.2398713e+002
  1.7000000e+000  1.3465096e+002  1.3675482e+002  1.3543730e+002  1.2702096e+002  1.2387776e+002
  1.7066667e+000  1.3460346e+002  1.3671970e+002  1.3468571e+002  1.2684419e+002  1.2374314e+002
  1.7133333e+000  1.3461186e+002  1.3669279e+002  1.3465898e+002  1.2665503e+002  1.2365939e+002
  1.7200000e+000  1.3459000e+002  1.3729334e+002  1.3535542e+002  1.2646961e+002  1.2360818e+002
  1.7266667e+000  1.3459132e+002  1.3791679e+002  1.3534845e+002  1.2628234e+002  1.2351917e+002
  1.7333333e+000  1.3459341e+002  1.3726364e+002  1.3533041e+002  1.2611663e+002  1.2340824e+002
  1.7400000e+000  1.3457927e+002  1.3727539e+002  1.3309811e+002  1.2598884e+002  1.2332958e+002
  1.7466667e+000  1.3461101e+002  1.3734140e+002  1.3307605e+002  1.2588343e+002  1.2329690e+002
  1.7533333e+000  1.3463426e+002  1.3734692e+002  1.3298001e+002  1.2573193e+002  1.2323624e+002
  1.7600000e+000  1.3466440e+002  1.3732217e+002  1.3464111e+002  1.2553330e+002  1.2313531e+002
  1.7666667e+000  1.3471512e+002  1.3727696e+002  1.3464217e+002  1.2534601e+002  1.2305827e+002
  1.7733333e+000  1.3472282e+002  1.3725362e+002  1.3456812e+002  1.2527359e+002  1.2300584e+002
  1.7800000e+000  1.3475275e+002  1.3729622e+002  1.3458090e+002  1.2517165e+002  1.2294173e+002
  1.7866667e+000  1.3471046e+002  1.3729027e+002  1.3454471e+002  1.2506490e+002  1.2289182e+002
  1.7933333e+000  1.3470473e+002  1.3728056e+002  1.3453500e+002  1.2492786e+002  1.2281406e+002
  1.8000000e+000  1.3471120e+002  1.3731958e+002  1.3523779e+002  1.2478439e+002  1.2275504e+002
  1.8066667e+000  1.3475073e+002  1.3734442e+002  1.3447218e+002  1.2467774e+002  1.2271675e+002
  1.8133333e+000  1.3478833e+002  1.3732469e+002  1.3377751e+002  1.2453828e+002  1.2267845e+002
  1.8200000e+000  1.3482155e+002  1.3730513e+002  1.3446896e+002  1.2439929e+002  1.2261018e+002
  1.8266667e+000  1.3480136e+002  1.3728204e+002  1.3379773e+002  1.2429122e+002  1.2256096e+002
  1.8333333e+000  1.3478432e+002  1.3717940e+002  1.3462416e+002  1.2421829e+002  1.2251440e+002
  1.8400000e+000  1.3481789e+002  1.3716969e+002  1.3380107e+002  1.2412194e+002  1.2244117e+002
  1.8466667e+000  1.3485498e+002  1.3730238e+002  1.3391437e+002  1.2399644e+002  1.2235082e+002
  1.8533333e+000  1.3484959e+002  1.3732445e+002  1.3466422e+002  1.2389623e+002  1.2228304e+002
  1.8600000e+000  1.3488232e+002  1.3729968e+002  1.3469885e+002  1.2383525e+002  1.2221296e+002
  1.8666667e+000  1.3491243e+002  1.3733232e+002  1.3468480e+002  1.2370879e+002  1.2215527e+002
  1.8733333e+000  1.3493877e+002  1.3735706e+002  1.3388767e+002  1.2359327e+002  1.2203577e+002
  1.8800000e+000  1.3498496e+002  1.3653012e+002  1.3390807e+002  1.2345705e+002  1.2198812e+002
  1.8866667e+000  1.3501718e+002  1.3653784e+002  1.3379303e+002  1.2337658e+002  1.2195399e+002
  1.8933333e+000  1.3505391e+002  1.3734364e+002  1.3462596e+002  1.2330597e+002  1.2187981e+002
  1.9000000e+000  1.3508052e+002  1.3727928e+002  1.3544643e+002  1.2319826e+002  1.2178365e+002
  1.9066667e+000  1.3512154e+002  1.3731268e+002  1.3545872e+002  1.2307161e+002  1.2172041e+002
  1.9133333e+000  1.3520657e+002  1.3743985e+002  1.3468735e+002  1.2295271e+002  1.2163403e+002
  1.9200000e+000  1.3522505e+002  1.3741284e+002  1.3481018e+002  1.2285841e+002  1.2156139e+002
  1.9266667e+000  1.3520841e+002  1.3744838e+002  1.3480302e+002  1.2273797e+002  1.2145950e+002
  1.9333333e+000  1.3523839e+002  1.3746866e+002  1.3482236e+002  1.2262232e+002  1.2138405e+002
  1.9400000e+000  1.3525603e+002  1.3746670e+002  1.3481949e+002  1.2251742e+002  1.2131593e+002
  1.9466667e+000  1.3530202e+002  1.3746455e+002  1.3400186e+002  1.2239156e+002  1.2120792e+002
  1.9533333e+000  1.3529010e+002  1.3667609e+002  1.3406618e+002  1.2226688e+002  1.2112361e+002
  1.9600000e+000  1.3530513e+002  1.3666605e+002  1.3404343e+002  1.2209750e+002  1.2102658e+002
  1.9666667e+000  1.3533788e+002  1.3657179e+002  1.3484492e+002  1.2191599e+002  1.2093679e+002
  1.9733333e+000  1.3537080e+002  1.3734828e+002  1.3562442e+002  1.2177868e+002  1.2083545e+002
  1.9800000e+000  1.3541190e+002  1.3734427e+002  1.3561679e+002  1.2164553e+002  1.2072207e+002
  1.9866667e+000  1.3542947e+002  1.3743979e+002  1.3485773e+002  1.2147557e+002  1.2063292e+002
  1.9933333e+000  1.3543767e+002  1.3746494e+002  1.3487079e+002  1.2132538e+002  1.2056311e+002
  2.0000000e+000  1.3545970e+002  1.3750528e+002  1.3556209e+002  1.2121838e+002  1.2052177e+002
