 -5.0000000e-001 -1.2013260e+002 -1.2101163e+002 -1.1996147e+002 -1.1922960e+002 -1.1966867e+002
 -4.9333333e-001 -1.2013528e+002 -1.2099753e+002 -1.1995029e+002 -1.1923531e+002 -1.1964613e+002
 -4.8666667e-001 -1.2012036e+002 -1.2099753e+002 -1.1995021e+002 -1.1921687e+002 -1.1959799e+002
 -4.8000000e-001 -1.2011929e+002 -1.2099477e+002 -1.1992696e+002 -1.1922690e+002 -1.1958575e+002
 -4.7333333e-001 -1.2013390e+002 -1.2097627e+002 -1.1994530e+002 -1.1917873e+002 -1.1957004e+002
 -4.6666667e-001 -1.2014572e+002 -1.2099808e+002 -1.1993666e+002 -1.1915384e+002 -1.1957259e+002
 -4.6000000e-001 -1.2015471e+002 -1.2096684e+002 -1.1993424e+002 -1.1912952e+002 -1.1959146e+002
 -4.5333333e-001 -1.2014275e+002 -1.2095734e+002 -1.1993327e+002 -1.1911728e+002 -1.1962354e+002
 -4.4666667e-001 -1.2014786e+002 -1.2097331e+002 -1.1993767e+002 -1.1908855e+002 -1.1967476e+002
 -4.4000000e-001 -1.2014883e+002 -1.2095415e+002 -1.1992864e+002 -1.1906371e+002 -1.1971384e+002
 -4.3333333e-001 -1.2014143e+002 -1.2096321e+002 -1.1992436e+002 -1.1904477e+002 -1.1977412e+002
 -4.2666667e-001 -1.2015457e+002 -1.2097058e+002 -1.1993324e+002 -1.1901781e+002 -1.1984642e+002
 -4.2000000e-001 -1.2014786e+002 -1.2097827e+002 -1.1994469e+002 -1.1898218e+002 -1.1991731e+002
 -4.1333333e-001 -1.2015463e+002 -1.2100053e+002 -1.1993224e+002 -1.1895729e+002 -1.1997469e+002
 -4.0666667e-001 -1.2017134e+002 -1.2101553e+002 -1.1993980e+002 -1.1894443e+002 -1.2002034e+002
 -4.0000000e-001 -1.2016460e+002 -1.2102062e+002 -1.1994008e+002 -1.1893298e+002 -1.2007936e+002
 -3.9333333e-001 -1.2015498e+002 -1.2100548e+002 -1.1993686e+002 -1.1892128e+002 -1.2013228e+002
 -3.8666667e-001 -1.2016003e+002 -1.2103738e+002 -1.1995305e+002 -1.1886066e+002 -1.2013011e+002
 -3.8000000e-001 -1.2017815e+002 -1.2104651e+002 -1.1996362e+002 -1.1884621e+002 -1.2017195e+002
 -3.7333333e-001 -1.2020358e+002 -1.2105449e+002 -1.1998120e+002 -1.1882025e+002 -1.2019653e+002
 -3.6666667e-001 -1.2019650e+002 -1.2105443e+002 -1.1996021e+002 -1.1880716e+002 -1.2026025e+002
 -3.6000000e-001 -1.2019017e+002 -1.2108566e+002 -1.1998190e+002 -1.1876738e+002 -1.2028850e+002
 -3.5333333e-001 -1.2019989e+002 -1.2105518e+002 -1.1996735e+002 -1.1877550e+002 -1.2032172e+002
 -3.4666667e-001 -1.2022675e+002 -1.2105899e+002 -1.1997194e+002 -1.1878088e+002 -1.2035289e+002
 -3.4000000e-001 -1.2022774e+002 -1.2107796e+002 -1.1996600e+002 -1.1876865e+002 -1.2036021e+002
 -3.3333333e-001 -1.2021198e+002 -1.2109120e+002 -1.1996475e+002 -1.1877383e+002 -1.2037103e+002
 -3.2666667e-001 -1.2017088e+002 -1.2108640e+002 -1.1998010e+002 -1.1878566e+002 -1.2040511e+002
 -3.2000000e-001 -1.2015820e+002 -1.2110609e+002 -1.1996216e+002 -1.1880421e+002 -1.2040189e+002
 -3.1333333e-001 -1.2015450e+002 -1.2111708e+002 -1.1996269e+002 -1.1877339e+002 -1.2038980e+002
 -3.0666667e-001 -1.2015202e+002 -1.2113670e+002 -1.1995639e+002 -1.1879271e+002 -1.2040425e+002
 -3.0000000e-001 -1.2014873e+002 -1.2115402e+002 -1.1995145e+002 -1.1880179e+002 -1.2041948e+002
 -2.9333333e-001 -1.2014853e+002 -1.2114845e+002 -1.1995969e+002 -1.1879080e+002 -1.2040778e+002
 -2.8666667e-001 -1.2015765e+002 -1.2115993e+002 -1.1996365e+002 -1.1877310e+002 -1.2039426e+002
 -2.8000000e-001 -1.2016660e+002 -1.2116812e+002 -1.1995743e+002 -1.1877310e+002 -1.2040013e+002
 -2.7333333e-001 -1.2014829e+002 -1.2116930e+002 -1.1996289e+002 -1.1877168e+002 -1.2040868e+002
 -2.6666667e-001 -1.2014009e+002 -1.2118312e+002 -1.1995901e+002 -1.1878774e+002 -1.2040068e+002
 -2.6000000e-001 -1.2014238e+002 -1.2117752e+002 -1.1996188e+002 -1.1880170e+002 -1.2039824e+002
 -2.5333333e-001 -1.2015842e+002 -1.2116768e+002 -1.1995346e+002 -1.1881790e+002 -1.2037729e+002
 -2.4666667e-001 -1.2016908e+002 -1.2116995e+002 -1.1994585e+002 -1.1881839e+002 -1.2040248e+002
 -2.4000000e-001 -1.2017241e+002 -1.2117738e+002 -1.1997350e+002 -1.1882571e+002 -1.2037190e+002
 -2.3333333e-001 -1.2016000e+002 -1.2118326e+002 -1.1995812e+002 -1.1882713e+002 -1.2035188e+002
 -2.2666667e-001 -1.2014848e+002 -1.2119112e+002 -1.1997873e+002 -1.1884555e+002 -1.2037076e+002
 -2.2000000e-001 -1.2017067e+002 -1.2118610e+002 -1.1997986e+002 -1.1885516e+002 -1.2036671e+002
 -2.1333333e-001 -1.2016190e+002 -1.2118716e+002 -1.1998357e+002 -1.1888612e+002 -1.2034529e+002
 -2.0666667e-001 -1.2015703e+002 -1.2118483e+002 -1.1997751e+002 -1.1888059e+002 -1.2035213e+002
 -2.0000000e-001 -1.2014510e+002 -1.2116148e+002 -1.1999617e+002 -1.1889760e+002 -1.2033418e+002
 -1.9333333e-001 -1.2015602e+002 -1.2116202e+002 -1.1998729e+002 -1.1889069e+002 -1.2034988e+002
 -1.8666667e-001 -1.2016014e+002 -1.2117189e+002 -1.1998581e+002 -1.1890610e+002 -1.2034705e+002
 -1.8000000e-001 -1.2015703e+002 -1.2116760e+002 -1.1999493e+002 -1.1891596e+002 -1.2035863e+002
 -1.7333333e-001 -1.2015112e+002 -1.2116260e+002 -1.1998456e+002 -1.1892888e+002 -1.2035358e+002
 -1.6666667e-001 -1.2016621e+002 -1.2119833e+002 -1.2001224e+002 -1.1890645e+002 -1.2037138e+002
 -1.6000000e-001 -1.2016878e+002 -1.2121205e+002 -1.2000748e+002 -1.1888416e+002 -1.2036882e+002
 -1.5333333e-001 -1.2016916e+002 -1.2123338e+002 -1.2000931e+002 -1.1887151e+002 -1.2037341e+002
 -1.4666667e-001 -1.2018643e+002 -1.2124226e+002 -1.1999663e+002 -1.1888530e+002 -1.2036543e+002
 -1.4000000e-001 -1.2018886e+002 -1.2122644e+002 -1.2001280e+002 -1.1891744e+002 -1.2035579e+002
 -1.3333333e-001 -1.2021492e+002 -1.2122148e+002 -1.1999912e+002 -1.1895519e+002 -1.2037708e+002
 -1.2666667e-001 -1.2019315e+002 -1.2124890e+002 -1.2000157e+002 -1.1895587e+002 -1.2038292e+002
 -1.2000000e-001 -1.2019128e+002 -1.2125333e+002 -1.2002254e+002 -1.1893907e+002 -1.2036398e+002
 -1.1333333e-001 -1.2020506e+002 -1.2124915e+002 -1.2003597e+002 -1.1894740e+002 -1.2036221e+002
 -1.0666667e-001 -1.2020471e+002 -1.2123839e+002 -1.2003717e+002 -1.1895087e+002 -1.2036287e+002
 -1.0000000e-001 -1.2020424e+002 -1.2124503e+002 -1.2003879e+002 -1.1895221e+002 -1.2036368e+002
 -9.3333333e-002 -1.2020448e+002 -1.2123711e+002 -1.2000641e+002 -1.1897150e+002 -1.2035226e+002
 -8.6666667e-002 -1.2021046e+002 -1.2123483e+002 -1.2000848e+002 -1.1899429e+002 -1.2035355e+002
 -8.0000000e-002 -1.2022151e+002 -1.2123781e+002 -1.2002445e+002 -1.1899628e+002 -1.2032732e+002
 -7.3333333e-002 -1.2021326e+002 -1.2123584e+002 -1.2002644e+002 -1.1898030e+002 -1.2032486e+002
 -6.6666667e-002 -1.2021916e+002 -1.2123006e+002 -1.2001827e+002 -1.1900729e+002 -1.2031464e+002
 -6.0000000e-002 -1.2021219e+002 -1.2124402e+002 -1.2002280e+002 -1.1902644e+002 -1.2029262e+002
 -5.3333333e-002 -1.2021651e+002 -1.2121661e+002 -1.2001276e+002 -1.1905220e+002 -1.2028590e+002
 -4.6666667e-002 -1.2022971e+002 -1.2123349e+002 -1.2000938e+002 -1.1906677e+002 -1.2028684e+002
 -4.0000000e-002 -1.2022076e+002 -1.2122391e+002 -1.2001419e+002 -1.1909193e+002 -1.2026790e+002
 -3.3333333e-002 -1.2022591e+002 -1.2122014e+002 -1.2001245e+002 -1.1908997e+002 -1.2024287e+002
 -2.6666667e-002 -1.2023421e+002 -1.2121661e+002 -1.2002345e+002 -1.1909444e+002 -1.2023238e+002
 -2.0000000e-002 -1.2023604e+002 -1.2122412e+002 -1.2002734e+002 -1.1909857e+002 -1.2022749e+002
 -1.3333333e-002 -1.2023900e+002 -1.2122423e+002 -1.2001720e+002 -1.1910904e+002 -1.2022446e+002
 -6.6666667e-003 -1.2023911e+002 -1.2123245e+002 -1.2000980e+002 -1.1911548e+002 -1.2020523e+002
  0.0000000e+000 -1.2025626e+002 -1.2121140e+002 -1.2000633e+002 -1.1910605e+002 -1.2017213e+002
  6.6666667e-003 -1.2023448e+002 -1.2117850e+002 -1.1996240e+002 -1.1907759e+002 -1.2011877e+002
  1.3333333e-002 -1.2020009e+002 -1.2114804e+002 -1.1993491e+002 -1.1904141e+002 -1.2006474e+002
  2.0000000e-002 -1.2016785e+002 -1.2110516e+002 -1.1990434e+002 -1.1897757e+002 -1.1999829e+002
  2.6666667e-002 -1.2012015e+002 -1.2103880e+002 -1.1988265e+002 -1.1894940e+002 -1.1995429e+002
  3.3333333e-002 -1.2007884e+002 -1.2100507e+002 -1.1985965e+002 -1.1887427e+002 -1.1992158e+002
  4.0000000e-002 -1.2005905e+002 -1.2099144e+002 -1.1981197e+002 -1.1884963e+002 -1.1986011e+002
  4.6666667e-002 -1.2000792e+002 -1.2095944e+002 -1.1979575e+002 -1.1882968e+002 -1.1977391e+002
  5.3333333e-002 -1.1995947e+002 -1.2092548e+002 -1.1976140e+002 -1.1881096e+002 -1.1974190e+002
  6.0000000e-002 -1.1994116e+002 -1.2091179e+002 -1.1976634e+002 -1.1879533e+002 -1.1970807e+002
  6.6666667e-002 -1.1994420e+002 -1.2089468e+002 -1.1976987e+002 -1.1878285e+002 -1.1967537e+002
  7.3333333e-002 -1.1991756e+002 -1.2087898e+002 -1.1975476e+002 -1.1877380e+002 -1.1963687e+002
  8.0000000e-002 -1.1987749e+002 -1.2083754e+002 -1.1975427e+002 -1.1872815e+002 -1.1955952e+002
  8.6666667e-002 -1.1984431e+002 -1.2079814e+002 -1.1966995e+002 -1.1870609e+002 -1.1949745e+002
  9.3333333e-002 -1.1980383e+002 -1.2075868e+002 -1.1964179e+002 -1.1865045e+002 -1.1944357e+002
  1.0000000e-001 -1.1975386e+002 -1.2067456e+002 -1.1955660e+002 -1.1858917e+002 -1.1939529e+002
  1.0666667e-001 -1.1971335e+002 -1.2059734e+002 -1.1945839e+002 -1.1855104e+002 -1.1932945e+002
  1.1333333e-001 -1.1965239e+002 -1.2047171e+002 -1.1936607e+002 -1.1842888e+002 -1.1925028e+002
  1.2000000e-001 -1.1953299e+002 -1.2034103e+002 -1.1924809e+002 -1.1829094e+002 -1.1913445e+002
  1.2666667e-001 -1.1939795e+002 -1.2025894e+002 -1.1914267e+002 -1.1825122e+002 -1.1901721e+002
  1.3333333e-001 -1.1927145e+002 -1.2016507e+002 -1.1907155e+002 -1.1822037e+002 -1.1893929e+002
  1.4000000e-001 -1.1915390e+002 -1.2017148e+002 -1.1904082e+002 -1.1823322e+002 -1.1891318e+002
  1.4666667e-001 -1.1909906e+002 -1.2025598e+002 -1.1904788e+002 -1.1832848e+002 -1.1888136e+002
  1.5333333e-001 -1.1914737e+002 -1.2039655e+002 -1.1906281e+002 -1.1844383e+002 -1.1888222e+002
  1.6000000e-001 -1.1926004e+002 -1.2055124e+002 -1.1911647e+002 -1.1855209e+002 -1.1892700e+002
  1.6666667e-001 -1.1942352e+002 -1.2065187e+002 -1.1922354e+002 -1.1870049e+002 -1.1899388e+002
  1.7333333e-001 -1.1962395e+002 -1.2073033e+002 -1.1941382e+002 -1.1884233e+002 -1.1906847e+002
  1.8000000e-001 -1.1978224e+002 -1.2081120e+002 -1.1966780e+002 -1.1902562e+002 -1.1916299e+002
  1.8666667e-001 -1.1994721e+002 -1.2094748e+002 -1.1997379e+002 -1.1926959e+002 -1.1929984e+002
  1.9333333e-001 -1.2009895e+002 -1.2116776e+002 -1.2031732e+002 -1.1955586e+002 -1.1949742e+002
  2.0000000e-001 -1.2024468e+002 -1.2142441e+002 -1.2066760e+002 -1.1985429e+002 -1.1974947e+002
  2.0666667e-001 -1.2042390e+002 -1.2162645e+002 -1.2105048e+002 -1.2018399e+002 -1.2005072e+002
  2.1333333e-001 -1.2062408e+002 -1.2171112e+002 -1.2146777e+002 -1.2053223e+002 -1.2042300e+002
  2.2000000e-001 -1.2086475e+002 -1.2178920e+002 -1.2193039e+002 -1.2090512e+002 -1.2085783e+002
  2.2666667e-001 -1.2124254e+002 -1.2199257e+002 -1.2238509e+002 -1.2132999e+002 -1.2123221e+002
  2.3333333e-001 -1.2163049e+002 -1.2235497e+002 -1.2293396e+002 -1.2179045e+002 -1.2153345e+002
  2.4000000e-001 -1.2209110e+002 -1.2294656e+002 -1.2345604e+002 -1.2224348e+002 -1.2133948e+002
  2.4666667e-001 -1.2247798e+002 -1.2355997e+002 -1.2397759e+002 -1.2266469e+002 -1.2163817e+002
  2.5333333e-001 -1.2278841e+002 -1.2401453e+002 -1.2400667e+002 -1.2303746e+002 -1.2204602e+002
  2.6000000e-001 -1.2300871e+002 -1.2432486e+002 -1.2434998e+002 -1.2341359e+002 -1.2238037e+002
  2.6666667e-001 -1.2337804e+002 -1.2454663e+002 -1.2459892e+002 -1.2378503e+002 -1.2291567e+002
  2.7333333e-001 -1.2373764e+002 -1.2477419e+002 -1.2481265e+002 -1.2419679e+002 -1.2359131e+002
  2.8000000e-001 -1.2410382e+002 -1.2504221e+002 -1.2496918e+002 -1.2447910e+002 -1.2409778e+002
  2.8666667e-001 -1.2455580e+002 -1.2539945e+002 -1.2526247e+002 -1.2474492e+002 -1.2442079e+002
  2.9333333e-001 -1.2488500e+002 -1.2569836e+002 -1.2571329e+002 -1.2507916e+002 -1.2467943e+002
  3.0000000e-001 -1.2516805e+002 -1.2590100e+002 -1.2608511e+002 -1.2540617e+002 -1.2471695e+002
  3.0666667e-001 -1.2551395e+002 -1.2594670e+002 -1.2646283e+002 -1.2567915e+002 -1.2492578e+002
  3.1333333e-001 -1.2582790e+002 -1.2594383e+002 -1.2685835e+002 -1.2589059e+002 -1.2507239e+002
  3.2000000e-001 -1.2615175e+002 -1.2586871e+002 -1.2721898e+002 -1.2620763e+002 -1.2539275e+002
  3.2666667e-001 -1.2649760e+002 -1.2584038e+002 -1.2755098e+002 -1.2649793e+002 -1.2668185e+002
  3.3333333e-001 -1.2674074e+002 -1.2587705e+002 -1.2795555e+002 -1.2673590e+002 -1.2699112e+002
  3.4000000e-001 -1.2698848e+002 -1.2600316e+002 -1.2836577e+002 -1.2698396e+002 -1.2728008e+002
  3.4666667e-001 -1.2715991e+002 -1.2534825e+002 -1.2869800e+002 -1.2722751e+002 -1.2753511e+002
  3.5333333e-001 -1.2737802e+002 -1.2551895e+002 -1.2904712e+002 -1.2747315e+002 -1.2774196e+002
  3.6000000e-001 -1.2758485e+002 -1.2551062e+002 -1.2932745e+002 -1.2768655e+002 -1.2798189e+002
  3.6666667e-001 -1.2774826e+002 -1.2563648e+002 -1.2957777e+002 -1.2781517e+002 -1.2823717e+002
  3.7333333e-001 -1.2781775e+002 -1.2574344e+002 -1.2975850e+002 -1.2801396e+002 -1.2851511e+002
  3.8000000e-001 -1.2796101e+002 -1.2580713e+002 -1.3000516e+002 -1.2820502e+002 -1.2887874e+002
  3.8666667e-001 -1.2808510e+002 -1.2603217e+002 -1.3011250e+002 -1.2833649e+002 -1.2919693e+002
  3.9333333e-001 -1.2832556e+002 -1.2634602e+002 -1.3023743e+002 -1.2844817e+002 -1.2944371e+002
  4.0000000e-001 -1.2855658e+002 -1.2678302e+002 -1.3047347e+002 -1.2857196e+002 -1.2962042e+002
  4.0666667e-001 -1.2869608e+002 -1.2719844e+002 -1.3077841e+002 -1.2869012e+002 -1.2978673e+002
  4.1333333e-001 -1.2891161e+002 -1.2763666e+002 -1.3099608e+002 -1.2873996e+002 -1.3005023e+002
  4.2000000e-001 -1.2915671e+002 -1.2810739e+002 -1.3130841e+002 -1.2881738e+002 -1.3029614e+002
  4.2666667e-001 -1.2949974e+002 -1.2862518e+002 -1.3152722e+002 -1.2883479e+002 -1.3055791e+002
  4.3333333e-001 -1.2981372e+002 -1.2893669e+002 -1.3171831e+002 -1.2864592e+002 -1.3083342e+002
  4.4000000e-001 -1.3019205e+002 -1.2926437e+002 -1.3204129e+002 -1.2850838e+002 -1.3110182e+002
  4.4666667e-001 -1.3043915e+002 -1.2965575e+002 -1.3222284e+002 -1.2846692e+002 -1.3139320e+002
  4.5333333e-001 -1.3064238e+002 -1.3002307e+002 -1.3237221e+002 -1.2837604e+002 -1.3097601e+002
  4.6000000e-001 -1.3069083e+002 -1.3043343e+002 -1.3258672e+002 -1.2825971e+002 -1.3139844e+002
  4.6666667e-001 -1.3072464e+002 -1.3072778e+002 -1.3277174e+002 -1.2810642e+002 -1.3245825e+002
  4.7333333e-001 -1.3069107e+002 -1.3110437e+002 -1.3293733e+002 -1.2789919e+002 -1.3277263e+002
  4.8000000e-001 -1.3066360e+002 -1.3147929e+002 -1.3315358e+002 -1.2769061e+002 -1.3306114e+002
  4.8666667e-001 -1.3075188e+002 -1.3171327e+002 -1.3342203e+002 -1.2752892e+002 -1.3329295e+002
  4.9333333e-001 -1.3096808e+002 -1.3206636e+002 -1.3348290e+002 -1.2749143e+002 -1.3354811e+002
  5.0000000e-001 -1.3099258e+002 -1.3247011e+002 -1.3359734e+002 -1.2744183e+002 -1.3377368e+002
  5.0666667e-001 -1.3143182e+002 -1.3258539e+002 -1.3382930e+002 -1.2735297e+002 -1.3396849e+002
  5.1333333e-001 -1.3120779e+002 -1.3273871e+002 -1.3478906e+002 -1.2725986e+002 -1.3415375e+002
  5.2000000e-001 -1.3100476e+002 -1.3292300e+002 -1.3493294e+002 -1.2729677e+002 -1.3429189e+002
  5.2666667e-001 -1.3093739e+002 -1.3310393e+002 -1.3506400e+002 -1.2710814e+002 -1.3448436e+002
  5.3333333e-001 -1.3104401e+002 -1.3317085e+002 -1.3518933e+002 -1.2706058e+002 -1.3467728e+002
  5.4000000e-001 -1.3045958e+002 -1.3350792e+002 -1.3534261e+002 -1.2697356e+002 -1.3484410e+002
  5.4666667e-001 -1.3056638e+002 -1.3368755e+002 -1.3544286e+002 -1.2694179e+002 -1.3498430e+002
  5.5333333e-001 -1.3053345e+002 -1.3385580e+002 -1.3552838e+002 -1.2697919e+002 -1.3510194e+002
  5.6000000e-001 -1.3058225e+002 -1.3398418e+002 -1.3566470e+002 -1.2695931e+002 -1.3524533e+002
  5.6666667e-001 -1.3070331e+002 -1.3407887e+002 -1.3577496e+002 -1.2686292e+002 -1.3536670e+002
  5.7333333e-001 -1.3077617e+002 -1.3407048e+002 -1.3588071e+002 -1.2683496e+002 -1.3549773e+002
  5.8000000e-001 -1.3093880e+002 -1.3409769e+002 -1.3597456e+002 -1.2684409e+002 -1.3563895e+002
  5.8666667e-001 -1.3102728e+002 -1.3426682e+002 -1.3605765e+002 -1.2696426e+002 -1.3573288e+002
  5.9333333e-001 -1.3121916e+002 -1.3422136e+002 -1.3614476e+002 -1.2692883e+002 -1.3583069e+002
  6.0000000e-001 -1.3132123e+002 -1.3416533e+002 -1.3619856e+002 -1.2682944e+002 -1.3590175e+002
  6.0666667e-001 -1.3129231e+002 -1.3405013e+002 -1.3624193e+002 -1.2670712e+002 -1.3601129e+002
  6.1333333e-001 -1.3121806e+002 -1.3384280e+002 -1.3630808e+002 -1.2649480e+002 -1.3610838e+002
  6.2000000e-001 -1.3096542e+002 -1.3350380e+002 -1.3637642e+002 -1.2631494e+002 -1.3618559e+002
  6.2666667e-001 -1.3073479e+002 -1.3318475e+002 -1.3642163e+002 -1.2632729e+002 -1.3627620e+002
  6.3333333e-001 -1.3059485e+002 -1.3298503e+002 -1.3647891e+002 -1.2634705e+002 -1.3634355e+002
  6.4000000e-001 -1.3052348e+002 -1.3273938e+002 -1.3651674e+002 -1.2706317e+002 -1.3641788e+002
  6.4666667e-001 -1.3107475e+002 -1.3234204e+002 -1.3654579e+002 -1.2706911e+002 -1.3644403e+002
  6.5333333e-001 -1.3101201e+002 -1.3200378e+002 -1.3663298e+002 -1.2708913e+002 -1.3645496e+002
  6.6000000e-001 -1.3036578e+002 -1.3172652e+002 -1.3668922e+002 -1.2709273e+002 -1.3644341e+002
  6.6666667e-001 -1.3022069e+002 -1.3134451e+002 -1.3677797e+002 -1.2709822e+002 -1.3643747e+002
  6.7333333e-001 -1.3019438e+002 -1.3122424e+002 -1.3683850e+002 -1.2711191e+002 -1.3641663e+002
  6.8000000e-001 -1.3027879e+002 -1.3115965e+002 -1.3688652e+002 -1.2713609e+002 -1.3634325e+002
  6.8666667e-001 -1.3032794e+002 -1.3112418e+002 -1.3693021e+002 -1.2705615e+002 -1.3623241e+002
  6.9333333e-001 -1.3032120e+002 -1.3111353e+002 -1.3693448e+002 -1.2705211e+002 -1.3610269e+002
  7.0000000e-001 -1.3016011e+002 -1.3112102e+002 -1.3695937e+002 -1.2701331e+002 -1.3592310e+002
  7.0666667e-001 -1.3022919e+002 -1.3107518e+002 -1.3693945e+002 -1.2699847e+002 -1.3574388e+002
  7.1333333e-001 -1.3002092e+002 -1.3085591e+002 -1.3687921e+002 -1.2697089e+002 -1.3560512e+002
  7.2000000e-001 -1.2987595e+002 -1.3059200e+002 -1.3680600e+002 -1.2695451e+002 -1.3544231e+002
  7.2666667e-001 -1.2948381e+002 -1.3075279e+002 -1.3673392e+002 -1.2692996e+002 -1.3526283e+002
  7.3333333e-001 -1.2933905e+002 -1.3061047e+002 -1.3662964e+002 -1.2687685e+002 -1.3507723e+002
  7.4000000e-001 -1.2925435e+002 -1.3055690e+002 -1.3653742e+002 -1.2686562e+002 -1.3492755e+002
  7.4666667e-001 -1.2918094e+002 -1.3033575e+002 -1.3647125e+002 -1.2681868e+002 -1.3477385e+002
  7.5333333e-001 -1.2910763e+002 -1.3028374e+002 -1.3641252e+002 -1.2680838e+002 -1.3464031e+002
  7.6000000e-001 -1.2907201e+002 -1.3019412e+002 -1.3640768e+002 -1.2676978e+002 -1.3444367e+002
  7.6666667e-001 -1.2902953e+002 -1.3009412e+002 -1.3638651e+002 -1.2674289e+002 -1.3426190e+002
  7.7333333e-001 -1.2901474e+002 -1.2996286e+002 -1.3639220e+002 -1.2673138e+002 -1.3409508e+002
  7.8000000e-001 -1.2883270e+002 -1.2992404e+002 -1.3636499e+002 -1.2670943e+002 -1.3394502e+002
  7.8666667e-001 -1.2875656e+002 -1.2976503e+002 -1.3633649e+002 -1.2671863e+002 -1.3379950e+002
  7.9333333e-001 -1.2878523e+002 -1.2979375e+002 -1.3629990e+002 -1.2667593e+002 -1.3368541e+002
  8.0000000e-001 -1.2881509e+002 -1.2972809e+002 -1.3627448e+002 -1.2658044e+002 -1.3361289e+002
  8.0666667e-001 -1.2869957e+002 -1.2954791e+002 -1.3627321e+002 -1.2655872e+002 -1.3352689e+002
  8.1333333e-001 -1.2875053e+002 -1.2953989e+002 -1.3622330e+002 -1.2646460e+002 -1.3339754e+002
  8.2000000e-001 -1.2870569e+002 -1.2934175e+002 -1.3611769e+002 -1.2636945e+002 -1.3324739e+002
  8.2666667e-001 -1.2879620e+002 -1.2951120e+002 -1.3659839e+002 -1.2617555e+002 -1.3311305e+002
  8.3333333e-001 -1.2887144e+002 -1.2929074e+002 -1.3658073e+002 -1.2661394e+002 -1.3303178e+002
  8.4000000e-001 -1.2889462e+002 -1.2932697e+002 -1.3639017e+002 -1.2646225e+002 -1.3291556e+002
  8.4666667e-001 -1.2880577e+002 -1.2900627e+002 -1.3629541e+002 -1.2637682e+002 -1.3278445e+002
  8.5333333e-001 -1.2890836e+002 -1.2882344e+002 -1.3622690e+002 -1.2635487e+002 -1.3265973e+002
  8.6000000e-001 -1.2903249e+002 -1.2865823e+002 -1.3623483e+002 -1.2625844e+002 -1.3249599e+002
  8.6666667e-001 -1.2910234e+002 -1.2859810e+002 -1.3623180e+002 -1.2622995e+002 -1.3228955e+002
  8.7333333e-001 -1.2911714e+002 -1.2840170e+002 -1.3627742e+002 -1.2615801e+002 -1.3207500e+002
  8.8000000e-001 -1.2923679e+002 -1.2847775e+002 -1.3629321e+002 -1.2610771e+002 -1.3235646e+002
  8.8666667e-001 -1.2937833e+002 -1.2830875e+002 -1.3628809e+002 -1.2603632e+002 -1.3224385e+002
  8.9333333e-001 -1.2948999e+002 -1.2820688e+002 -1.3628108e+002 -1.2595343e+002 -1.3209175e+002
  9.0000000e-001 -1.2957729e+002 -1.2778851e+002 -1.3626689e+002 -1.2584529e+002 -1.3194481e+002
  9.0666667e-001 -1.2958138e+002 -1.2768259e+002 -1.3626955e+002 -1.2577800e+002 -1.3182783e+002
  9.1333333e-001 -1.2956053e+002 -1.2757285e+002 -1.3630306e+002 -1.2571967e+002 -1.3175090e+002
  9.2000000e-001 -1.2936467e+002 -1.2757500e+002 -1.3633408e+002 -1.2564648e+002 -1.3145230e+002
  9.2666667e-001 -1.2924422e+002 -1.2745654e+002 -1.3634044e+002 -1.2562074e+002 -1.3130107e+002
  9.3333333e-001 -1.2908725e+002 -1.2721494e+002 -1.3632892e+002 -1.2511755e+002 -1.3117012e+002
  9.4000000e-001 -1.2908493e+002 -1.2681792e+002 -1.3632658e+002 -1.2456363e+002 -1.3109859e+002
  9.4666667e-001 -1.2911969e+002 -1.2717595e+002 -1.3634894e+002 -1.2464955e+002 -1.3097665e+002
  9.5333333e-001 -1.2914789e+002 -1.2715204e+002 -1.3635956e+002 -1.2464479e+002 -1.3081752e+002
  9.6000000e-001 -1.2927242e+002 -1.2709967e+002 -1.3637761e+002 -1.2492065e+002 -1.3063568e+002
  9.6666667e-001 -1.2918062e+002 -1.2707433e+002 -1.3638921e+002 -1.2501874e+002 -1.3033872e+002
  9.7333333e-001 -1.2917395e+002 -1.2691769e+002 -1.3636464e+002 -1.2495931e+002 -1.3005283e+002
  9.8000000e-001 -1.2913203e+002 -1.2692213e+002 -1.3636787e+002 -1.2485620e+002 -1.2981100e+002
  9.8666667e-001 -1.2908807e+002 -1.2675758e+002 -1.3634755e+002 -1.2470877e+002 -1.2962755e+002
  9.9333333e-001 -1.2904964e+002 -1.2662227e+002 -1.3635612e+002 -1.2467119e+002 -1.2951207e+002
  1.0000000e+000 -1.2905772e+002 -1.2653693e+002 -1.3637364e+002 -1.2428742e+002 -1.2933626e+002
  1.0066667e+000 -1.2896858e+002 -1.2660617e+002 -1.3636768e+002 -1.2422078e+002 -1.2925339e+002
  1.0133333e+000 -1.2903737e+002 -1.2655924e+002 -1.3638637e+002 -1.2415572e+002 -1.2918518e+002
  1.0200000e+000 -1.2899727e+002 -1.2637477e+002 -1.3638847e+002 -1.2421501e+002 -1.2904324e+002
  1.0266667e+000 -1.2888184e+002 -1.2615758e+002 -1.3645729e+002 -1.2413173e+002 -1.2883771e+002
  1.0333333e+000 -1.2882883e+002 -1.2596307e+002 -1.3652364e+002 -1.2405624e+002 -1.2862373e+002
  1.0400000e+000 -1.2873793e+002 -1.2584694e+002 -1.3655624e+002 -1.2399396e+002 -1.2855925e+002
  1.0466667e+000 -1.2859522e+002 -1.2560025e+002 -1.3662080e+002 -1.2382419e+002 -1.2835208e+002
  1.0533333e+000 -1.2848390e+002 -1.2543111e+002 -1.3668773e+002 -1.2375728e+002 -1.2804205e+002
  1.0600000e+000 -1.2840170e+002 -1.2494215e+002 -1.3673703e+002 -1.2362985e+002 -1.2765237e+002
  1.0666667e+000 -1.2830359e+002 -1.2489491e+002 -1.3678368e+002 -1.2370354e+002 -1.2723225e+002
  1.0733333e+000 -1.2819040e+002 -1.2487126e+002 -1.3679875e+002 -1.2367651e+002 -1.2690485e+002
  1.0800000e+000 -1.2806062e+002 -1.2498360e+002 -1.3679601e+002 -1.2364986e+002 -1.2664713e+002
  1.0866667e+000 -1.2793474e+002 -1.2474643e+002 -1.3682634e+002 -1.2354344e+002 -1.2640190e+002
  1.0933333e+000 -1.2771515e+002 -1.2459744e+002 -1.3684670e+002 -1.2357787e+002 -1.2622888e+002
  1.1000000e+000 -1.2756213e+002 -1.2417278e+002 -1.3688048e+002 -1.2341716e+002 -1.2605916e+002
  1.1066667e+000 -1.2740765e+002 -1.2426982e+002 -1.3691278e+002 -1.2363434e+002 -1.2597659e+002
  1.1133333e+000 -1.2727908e+002 -1.2433711e+002 -1.3696863e+002 -1.2362097e+002 -1.2569063e+002
  1.1200000e+000 -1.2708218e+002 -1.2447395e+002 -1.3699107e+002 -1.2364658e+002 -1.2558864e+002
  1.1266667e+000 -1.2689597e+002 -1.2442906e+002 -1.3698471e+002 -1.2361163e+002 -1.2548744e+002
  1.1333333e+000 -1.2666080e+002 -1.2429771e+002 -1.3698164e+002 -1.2316089e+002 -1.2526189e+002
  1.1400000e+000 -1.2648001e+002 -1.2400519e+002 -1.3701746e+002 -1.2307893e+002 -1.2511328e+002
  1.1466667e+000 -1.2619588e+002 -1.2397592e+002 -1.3711929e+002 -1.2299590e+002 -1.2499086e+002
  1.1533333e+000 -1.2612486e+002 -1.2393314e+002 -1.3712041e+002 -1.2301724e+002 -1.2483495e+002
  1.1600000e+000 -1.2593024e+002 -1.2391765e+002 -1.3704414e+002 -1.2304600e+002 -1.2471021e+002
  1.1666667e+000 -1.2571341e+002 -1.2399030e+002 -1.3659265e+002 -1.2309491e+002 -1.2462105e+002
  1.1733333e+000 -1.2567441e+002 -1.2409660e+002 -1.3659395e+002 -1.2299785e+002 -1.2333939e+002
  1.1800000e+000 -1.2543570e+002 -1.2394339e+002 -1.3660158e+002 -1.2322450e+002 -1.2318778e+002
  1.1866667e+000 -1.2516184e+002 -1.2383307e+002 -1.3660504e+002 -1.2317119e+002 -1.2306885e+002
  1.1933333e+000 -1.2510619e+002 -1.2388631e+002 -1.3659444e+002 -1.2313393e+002 -1.2284927e+002
  1.2000000e+000 -1.2489121e+002 -1.2386148e+002 -1.3657182e+002 -1.2325264e+002 -1.2291101e+002
  1.2066667e+000 -1.2486240e+002 -1.2345676e+002 -1.3657678e+002 -1.2272450e+002 -1.2312448e+002
  1.2133333e+000 -1.2473659e+002 -1.2349519e+002 -1.3655547e+002 -1.2282155e+002 -1.2397232e+002
  1.2200000e+000 -1.2502293e+002 -1.2358754e+002 -1.3654285e+002 -1.2284872e+002 -1.2268556e+002
  1.2266667e+000 -1.2493742e+002 -1.2352412e+002 -1.3656638e+002 -1.2295618e+002 -1.2267682e+002
  1.2333333e+000 -1.2488820e+002 -1.2349817e+002 -1.3657193e+002 -1.2279007e+002 -1.2256284e+002
  1.2400000e+000 -1.2485744e+002 -1.2358759e+002 -1.3654123e+002 -1.2271922e+002 -1.2207755e+002
  1.2466667e+000 -1.2475795e+002 -1.2365781e+002 -1.3652698e+002 -1.2265161e+002 -1.2206075e+002
  1.2533333e+000 -1.2468648e+002 -1.2352924e+002 -1.3651691e+002 -1.2257137e+002 -1.2211543e+002
  1.2600000e+000 -1.2467293e+002 -1.2349330e+002 -1.3650882e+002 -1.2245689e+002 -1.2208667e+002
  1.2666667e+000 -1.2465067e+002 -1.2346101e+002 -1.3652884e+002 -1.2252249e+002 -1.2195763e+002
  1.2733333e+000 -1.2461086e+002 -1.2353186e+002 -1.3654968e+002 -1.2262466e+002 -1.2184338e+002
  1.2800000e+000 -1.2452794e+002 -1.2354726e+002 -1.3653404e+002 -1.2249371e+002 -1.2158284e+002
  1.2866667e+000 -1.2447026e+002 -1.2349257e+002 -1.3650024e+002 -1.2249033e+002 -1.2157004e+002
  1.2933333e+000 -1.2447368e+002 -1.2354797e+002 -1.3649321e+002 -1.2271292e+002 -1.2156867e+002
  1.3000000e+000 -1.2441962e+002 -1.2345946e+002 -1.3646043e+002 -1.2255708e+002 -1.2149231e+002
  1.3066667e+000 -1.2438399e+002 -1.2339804e+002 -1.3646701e+002 -1.2240608e+002 -1.2135617e+002
  1.3133333e+000 -1.2432809e+002 -1.2336151e+002 -1.3645175e+002 -1.2239356e+002 -1.2133026e+002
  1.3200000e+000 -1.2426367e+002 -1.2326892e+002 -1.3639143e+002 -1.2234583e+002 -1.2119820e+002
  1.3266667e+000 -1.2427383e+002 -1.2329222e+002 -1.3634360e+002 -1.2164293e+002 -1.2107001e+002
  1.3333333e+000 -1.2424609e+002 -1.2330275e+002 -1.3628577e+002 -1.2159197e+002 -1.2101059e+002
  1.3400000e+000 -1.2422559e+002 -1.2340706e+002 -1.3623318e+002 -1.2159389e+002 -1.2087032e+002
  1.3466667e+000 -1.2418477e+002 -1.2328209e+002 -1.3616759e+002 -1.2158049e+002 -1.2074779e+002
  1.3533333e+000 -1.2414523e+002 -1.2320778e+002 -1.3606662e+002 -1.2156645e+002 -1.2061681e+002
  1.3600000e+000 -1.2411320e+002 -1.2320467e+002 -1.3598358e+002 -1.2152829e+002 -1.2061610e+002
  1.3666667e+000 -1.2410368e+002 -1.2317548e+002 -1.3592658e+002 -1.2150902e+002 -1.2045575e+002
  1.3733333e+000 -1.2402890e+002 -1.2313103e+002 -1.3586234e+002 -1.2145378e+002 -1.2045837e+002
  1.3800000e+000 -1.2400090e+002 -1.2311705e+002 -1.3575107e+002 -1.2138390e+002 -1.2036705e+002
  1.3866667e+000 -1.2394281e+002 -1.2310226e+002 -1.3572002e+002 -1.2133817e+002 -1.2018039e+002
  1.3933333e+000 -1.2391719e+002 -1.2311650e+002 -1.3566849e+002 -1.2129860e+002 -1.2003087e+002
  1.4000000e+000 -1.2390631e+002 -1.2308496e+002 -1.3559485e+002 -1.2124426e+002 -1.2000430e+002
  1.4066667e+000 -1.2388481e+002 -1.2306017e+002 -1.3555882e+002 -1.2123213e+002 -1.1976869e+002
  1.4133333e+000 -1.2386607e+002 -1.2305830e+002 -1.3555016e+002 -1.2121002e+002 -1.1973392e+002
  1.4200000e+000 -1.2383101e+002 -1.2304306e+002 -1.3547678e+002 -1.2116252e+002 -1.1963094e+002
  1.4266667e+000 -1.2380077e+002 -1.2301442e+002 -1.3541098e+002 -1.2115118e+002 -1.1969812e+002
  1.4333333e+000 -1.2376326e+002 -1.2300542e+002 -1.3537430e+002 -1.2109468e+002 -1.1961659e+002
  1.4400000e+000 -1.2372223e+002 -1.2300134e+002 -1.3532072e+002 -1.2105951e+002 -1.1945926e+002
  1.4466667e+000 -1.2365775e+002 -1.2299004e+002 -1.3437778e+002 -1.2100739e+002 -1.1931393e+002
  1.4533333e+000 -1.2362062e+002 -1.2297052e+002 -1.3423891e+002 -1.2097047e+002 -1.1926765e+002
  1.4600000e+000 -1.2357863e+002 -1.2290610e+002 -1.3417108e+002 -1.2097212e+002 -1.1921069e+002
  1.4666667e+000 -1.2352855e+002 -1.2288049e+002 -1.3404295e+002 -1.2088445e+002 -1.1912207e+002
  1.4733333e+000 -1.2346558e+002 -1.2290285e+002 -1.3401764e+002 -1.2086820e+002 -1.1912221e+002
  1.4800000e+000 -1.2340520e+002 -1.2286707e+002 -1.3388709e+002 -1.2083458e+002 -1.1896770e+002
  1.4866667e+000 -1.2337198e+002 -1.2283812e+002 -1.3370499e+002 -1.2081511e+002 -1.1885107e+002
  1.4933333e+000 -1.2334486e+002 -1.2279742e+002 -1.3366029e+002 -1.2077934e+002 -1.1863130e+002
  1.5000000e+000 -1.2327873e+002 -1.2276633e+002 -1.3361029e+002 -1.2074265e+002 -1.1862166e+002
  1.5066667e+000 -1.2319673e+002 -1.2273775e+002 -1.3352637e+002 -1.2071057e+002 -1.1941879e+002
  1.5133333e+000 -1.2313130e+002 -1.2269893e+002 -1.3348128e+002 -1.2060629e+002 -1.1934680e+002
  1.5200000e+000 -1.2307404e+002 -1.2267603e+002 -1.3333484e+002 -1.2057433e+002 -1.1929318e+002
  1.5266667e+000 -1.2300806e+002 -1.2265939e+002 -1.3327478e+002 -1.2053474e+002 -1.1925980e+002
  1.5333333e+000 -1.2297505e+002 -1.2266441e+002 -1.3324417e+002 -1.2053416e+002 -1.1922818e+002
  1.5400000e+000 -1.2289525e+002 -1.2263827e+002 -1.3322528e+002 -1.2052718e+002 -1.1918559e+002
  1.5466667e+000 -1.2280421e+002 -1.2261827e+002 -1.3324039e+002 -1.2047972e+002 -1.1912647e+002
  1.5533333e+000 -1.2272324e+002 -1.2260912e+002 -1.3314331e+002 -1.2043259e+002 -1.1904231e+002
  1.5600000e+000 -1.2266734e+002 -1.2261447e+002 -1.3294751e+002 -1.2041565e+002 -1.1895746e+002
  1.5666667e+000 -1.2260226e+002 -1.2257713e+002 -1.3287295e+002 -1.2038196e+002 -1.1893831e+002
  1.5733333e+000 -1.2250725e+002 -1.2256107e+002 -1.3278833e+002 -1.2035565e+002 -1.1887523e+002
  1.5800000e+000 -1.2246474e+002 -1.2252596e+002 -1.3269777e+002 -1.2033513e+002 -1.1883148e+002
  1.5866667e+000 -1.2238315e+002 -1.2254475e+002 -1.3266805e+002 -1.2034894e+002 -1.1884714e+002
  1.5933333e+000 -1.2232204e+002 -1.2252513e+002 -1.3273306e+002 -1.2079857e+002 -1.1883096e+002
  1.6000000e+000 -1.2227084e+002 -1.2247916e+002 -1.3251495e+002 -1.2077954e+002 -1.1876132e+002
  1.6066667e+000 -1.2220221e+002 -1.2245714e+002 -1.3241547e+002 -1.2029658e+002 -1.1870436e+002
  1.6133333e+000 -1.2210571e+002 -1.2238739e+002 -1.3222636e+002 -1.2023344e+002 -1.1865556e+002
  1.6200000e+000 -1.2204419e+002 -1.2237766e+002 -1.3203967e+002 -1.2020367e+002 -1.1860625e+002
  1.6266667e+000 -1.2203479e+002 -1.2237544e+002 -1.3189300e+002 -1.2016525e+002 -1.1857825e+002
  1.6333333e+000 -1.2202301e+002 -1.2234416e+002 -1.3193652e+002 -1.2015868e+002 -1.1859464e+002
  1.6400000e+000 -1.2200162e+002 -1.2230959e+002 -1.3193143e+002 -1.2063443e+002 -1.1857677e+002
  1.6466667e+000 -1.2203027e+002 -1.2226355e+002 -1.3184212e+002 -1.2059187e+002 -1.1854514e+002
  1.6533333e+000 -1.2200093e+002 -1.2223215e+002 -1.3169424e+002 -1.2001975e+002 -1.1851511e+002
  1.6600000e+000 -1.2199648e+002 -1.2223221e+002 -1.3164375e+002 -1.1996165e+002 -1.1847032e+002
  1.6666667e+000 -1.2194116e+002 -1.2219978e+002 -1.3162221e+002 -1.1995073e+002 -1.1848000e+002
  1.6733333e+000 -1.2193291e+002 -1.2216672e+002 -1.3153122e+002 -1.1990199e+002 -1.1844815e+002
  1.6800000e+000 -1.2196124e+002 -1.2214522e+002 -1.3140648e+002 -1.1990628e+002 -1.1843588e+002
  1.6866667e+000 -1.2195856e+002 -1.2209776e+002 -1.3135988e+002 -1.2044739e+002 -1.1840344e+002
  1.6933333e+000 -1.2192319e+002 -1.2204533e+002 -1.3131671e+002 -1.2028424e+002 -1.1836807e+002
  1.7000000e+000 -1.2193692e+002 -1.2200549e+002 -1.3141025e+002 -1.1979134e+002 -1.1834593e+002
  1.7066667e+000 -1.2191550e+002 -1.2197089e+002 -1.3142865e+002 -1.1976520e+002 -1.1834293e+002
  1.7133333e+000 -1.2191771e+002 -1.2189990e+002 -1.3141412e+002 -1.1970607e+002 -1.1832146e+002
  1.7200000e+000 -1.2192102e+002 -1.2190440e+002 -1.3139796e+002 -1.1968132e+002 -1.1828572e+002
  1.7266667e+000 -1.2192755e+002 -1.2188892e+002 -1.3138628e+002 -1.1962422e+002 -1.1826982e+002
  1.7333333e+000 -1.2191711e+002 -1.2185498e+002 -1.3129616e+002 -1.2010539e+002 -1.1826201e+002
  1.7400000e+000 -1.2194618e+002 -1.2182968e+002 -1.3135866e+002 -1.2004808e+002 -1.1822600e+002
  1.7466667e+000 -1.2194362e+002 -1.2178377e+002 -1.3135249e+002 -1.1961006e+002 -1.1817664e+002
  1.7533333e+000 -1.2197247e+002 -1.2174956e+002 -1.3141866e+002 -1.1952171e+002 -1.1812511e+002
  1.7600000e+000 -1.2203313e+002 -1.2175139e+002 -1.3145618e+002 -1.1951978e+002 -1.1813576e+002
  1.7666667e+000 -1.2201154e+002 -1.2175789e+002 -1.3145020e+002 -1.1953896e+002 -1.1816635e+002
  1.7733333e+000 -1.2200566e+002 -1.2175588e+002 -1.3141460e+002 -1.2000876e+002 -1.1819229e+002
  1.7800000e+000 -1.2197638e+002 -1.2171199e+002 -1.3145036e+002 -1.2004108e+002 -1.1810085e+002
  1.7866667e+000 -1.2197621e+002 -1.2168054e+002 -1.3141292e+002 -1.2003416e+002 -1.1807855e+002
  1.7933333e+000 -1.2198512e+002 -1.2162943e+002 -1.3137737e+002 -1.1952573e+002 -1.1806249e+002
  1.8000000e+000 -1.2199948e+002 -1.2159012e+002 -1.3149744e+002 -1.1950453e+002 -1.1805472e+002
  1.8066667e+000 -1.2199471e+002 -1.2161560e+002 -1.3149266e+002 -1.1943666e+002 -1.1802972e+002
  1.8133333e+000 -1.2200922e+002 -1.2160161e+002 -1.3146895e+002 -1.1944685e+002 -1.1802478e+002
  1.8200000e+000 -1.2202164e+002 -1.2165347e+002 -1.3153801e+002 -1.1989156e+002 -1.1802396e+002
  1.8266667e+000 -1.2202934e+002 -1.2167514e+002 -1.3153641e+002 -1.1990109e+002 -1.1801990e+002
  1.8333333e+000 -1.2207254e+002 -1.2160841e+002 -1.3149939e+002 -1.1994530e+002 -1.1798430e+002
  1.8400000e+000 -1.2208885e+002 -1.2156621e+002 -1.3152742e+002 -1.1992158e+002 -1.1799263e+002
  1.8466667e+000 -1.2208038e+002 -1.2160069e+002 -1.3155194e+002 -1.1943741e+002 -1.1799817e+002
  1.8533333e+000 -1.2210158e+002 -1.2157913e+002 -1.3163606e+002 -1.1937541e+002 -1.1800145e+002
  1.8600000e+000 -1.2209566e+002 -1.2160577e+002 -1.3175520e+002 -1.1937462e+002 -1.1798473e+002
  1.8666667e+000 -1.2212257e+002 -1.2159825e+002 -1.3179744e+002 -1.1986748e+002 -1.1803481e+002
  1.8733333e+000 -1.2213519e+002 -1.2155193e+002 -1.3170309e+002 -1.1980568e+002 -1.1803915e+002
  1.8800000e+000 -1.2217812e+002 -1.2157083e+002 -1.3167850e+002 -1.1977605e+002 -1.1807054e+002
  1.8866667e+000 -1.2215309e+002 -1.2156130e+002 -1.3171893e+002 -1.1982385e+002 -1.1805978e+002
  1.8933333e+000 -1.2214377e+002 -1.2154810e+002 -1.3175110e+002 -1.1929959e+002 -1.1805257e+002
  1.9000000e+000 -1.2219893e+002 -1.2150435e+002 -1.3171812e+002 -1.1925159e+002 -1.1806238e+002
  1.9066667e+000 -1.2216997e+002 -1.2146246e+002 -1.3163249e+002 -1.1927609e+002 -1.1810579e+002
  1.9133333e+000 -1.2221016e+002 -1.2141069e+002 -1.3152809e+002 -1.1975694e+002 -1.1815131e+002
  1.9200000e+000 -1.2219743e+002 -1.2137961e+002 -1.3143240e+002 -1.1968501e+002 -1.1815318e+002
  1.9266667e+000 -1.2221973e+002 -1.2126327e+002 -1.3131316e+002 -1.1972522e+002 -1.1816098e+002
  1.9333333e+000 -1.2221117e+002 -1.2106957e+002 -1.3122910e+002 -1.1979506e+002 -1.1812553e+002
  1.9400000e+000 -1.2220595e+002 -1.2156241e+002 -1.3107333e+002 -1.1926375e+002 -1.1810396e+002
  1.9466667e+000 -1.2219000e+002 -1.2159705e+002 -1.3090916e+002 -1.1921439e+002 -1.1809038e+002
  1.9533333e+000 -1.2217754e+002 -1.2153102e+002 -1.3073650e+002 -1.1923340e+002 -1.1806516e+002
  1.9600000e+000 -1.2218095e+002 -1.2146083e+002 -1.3053758e+002 -1.1967731e+002 -1.1807938e+002
  1.9666667e+000 -1.2217661e+002 -1.2136983e+002 -1.3034180e+002 -1.1967351e+002 -1.1811066e+002
  1.9733333e+000 -1.2220491e+002 -1.2138207e+002 -1.3007228e+002 -1.1981743e+002 -1.1807866e+002
  1.9800000e+000 -1.2221489e+002 -1.2133827e+002 -1.2996013e+002 -1.1974056e+002 -1.1798967e+002
  1.9866667e+000 -1.2221371e+002 -1.2134744e+002 -1.2985951e+002 -1.1979334e+002 -1.1792566e+002
  1.9933333e+000 -1.2221579e+002 -1.2139893e+002 -1.2960027e+002 -1.1928577e+002 -1.1791165e+002
  2.0000000e+000 -1.2220062e+002 -1.2134419e+002 -1.2943535e+002 -1.1981552e+002 -1.1786023e+002
