 -5.0000000e-001  1.2348526e+002  1.2223142e+002  1.2399262e+002  1.2523647e+002  1.2143071e+002  1.2451522e+002  1.2290867e+002
 -4.9333333e-001  1.2347681e+002  1.2221669e+002  1.2402909e+002  1.2524428e+002  1.2141505e+002  1.2448731e+002  1.2291962e+002
 -4.8666667e-001  1.2350336e+002  1.2221954e+002  1.2410599e+002  1.2527585e+002  1.2138985e+002  1.2449069e+002  1.2293198e+002
 -4.8000000e-001  1.2350302e+002  1.2221931e+002  1.2413431e+002  1.2529556e+002  1.2140987e+002  1.2451340e+002  1.2293417e+002
 -4.7333333e-001  1.2350754e+002  1.2225607e+002  1.2418855e+002  1.2528000e+002  1.2137283e+002  1.2448245e+002  1.2290775e+002
 -4.6666667e-001  1.2349872e+002  1.2221993e+002  1.2427184e+002  1.2528064e+002  1.2133953e+002  1.2447934e+002  1.2292287e+002
 -4.6000000e-001  1.2347089e+002  1.2219240e+002  1.2431944e+002  1.2528807e+002  1.2135557e+002  1.2446719e+002  1.2294026e+002
 -4.5333333e-001  1.2346836e+002  1.2217220e+002  1.2434815e+002  1.2527253e+002  1.2136150e+002  1.2445287e+002  1.2294805e+002
 -4.4666667e-001  1.2346631e+002  1.2218025e+002  1.2437856e+002  1.2528603e+002  1.2133919e+002  1.2450469e+002  1.2295918e+002
 -4.4000000e-001  1.2346912e+002  1.2219537e+002  1.2444872e+002  1.2529868e+002  1.2134416e+002  1.2451508e+002  1.2296010e+002
 -4.3333333e-001  1.2348065e+002  1.2217145e+002  1.2447765e+002  1.2528146e+002  1.2133846e+002  1.2452377e+002  1.2297382e+002
 -4.2666667e-001  1.2348177e+002  1.2218713e+002  1.2449775e+002  1.2528933e+002  1.2131170e+002  1.2453445e+002  1.2298109e+002
 -4.2000000e-001  1.2349780e+002  1.2218490e+002  1.2451333e+002  1.2528503e+002  1.2126923e+002  1.2455171e+002  1.2297800e+002
 -4.1333333e-001  1.2351630e+002  1.2218481e+002  1.2448895e+002  1.2526662e+002  1.2125533e+002  1.2459585e+002  1.2297961e+002
 -4.0666667e-001  1.2355093e+002  1.2218774e+002  1.2446330e+002  1.2523422e+002  1.2124333e+002  1.2459011e+002  1.2294473e+002
 -4.0000000e-001  1.2352167e+002  1.2216787e+002  1.2443669e+002  1.2520104e+002  1.2126416e+002  1.2460622e+002  1.2292569e+002
 -3.9333333e-001  1.2353695e+002  1.2214768e+002  1.2443089e+002  1.2523619e+002  1.2130024e+002  1.2462248e+002  1.2297589e+002
 -3.8666667e-001  1.2354993e+002  1.2216383e+002  1.2440740e+002  1.2526256e+002  1.2126994e+002  1.2461436e+002  1.2300588e+002
 -3.8000000e-001  1.2354905e+002  1.2216071e+002  1.2437213e+002  1.2526560e+002  1.2125301e+002  1.2461888e+002  1.2299973e+002
 -3.7333333e-001  1.2357288e+002  1.2213602e+002  1.2435025e+002  1.2523817e+002  1.2127758e+002  1.2465248e+002  1.2297791e+002
 -3.6666667e-001  1.2357035e+002  1.2214883e+002  1.2434317e+002  1.2521383e+002  1.2126872e+002  1.2465232e+002  1.2298653e+002
 -3.6000000e-001  1.2358434e+002  1.2215739e+002  1.2428248e+002  1.2519865e+002  1.2124033e+002  1.2465996e+002  1.2301104e+002
 -3.5333333e-001  1.2357842e+002  1.2213153e+002  1.2421666e+002  1.2521120e+002  1.2124542e+002  1.2466881e+002  1.2301218e+002
 -3.4666667e-001  1.2355753e+002  1.2216296e+002  1.2417138e+002  1.2521857e+002  1.2123732e+002  1.2468469e+002  1.2300271e+002
 -3.4000000e-001  1.2354794e+002  1.2215815e+002  1.2414720e+002  1.2520159e+002  1.2125510e+002  1.2472025e+002  1.2299191e+002
 -3.3333333e-001  1.2354025e+002  1.2215736e+002  1.2410625e+002  1.2517192e+002  1.2127979e+002  1.2476666e+002  1.2298201e+002
 -3.2666667e-001  1.2353396e+002  1.2215685e+002  1.2410146e+002  1.2516876e+002  1.2128358e+002  1.2477927e+002  1.2300048e+002
 -3.2000000e-001  1.2353937e+002  1.2214832e+002  1.2407328e+002  1.2516425e+002  1.2126903e+002  1.2481162e+002  1.2301235e+002
 -3.1333333e-001  1.2352278e+002  1.2214437e+002  1.2405781e+002  1.2515411e+002  1.2131199e+002  1.2483324e+002  1.2300193e+002
 -3.0666667e-001  1.2353667e+002  1.2216105e+002  1.2404779e+002  1.2515371e+002  1.2132117e+002  1.2487169e+002  1.2302770e+002
 -3.0000000e-001  1.2351739e+002  1.2214020e+002  1.2403002e+002  1.2515711e+002  1.2134801e+002  1.2490260e+002  1.2305385e+002
 -2.9333333e-001  1.2348982e+002  1.2216202e+002  1.2401939e+002  1.2514857e+002  1.2134021e+002  1.2493453e+002  1.2306819e+002
 -2.8666667e-001  1.2352518e+002  1.2217249e+002  1.2401557e+002  1.2515774e+002  1.2133263e+002  1.2495555e+002  1.2307282e+002
 -2.8000000e-001  1.2352385e+002  1.2216326e+002  1.2399926e+002  1.2516110e+002  1.2130862e+002  1.2500346e+002  1.2305123e+002
 -2.7333333e-001  1.2349912e+002  1.2216020e+002  1.2397385e+002  1.2513390e+002  1.2133777e+002  1.2503286e+002  1.2305905e+002
 -2.6666667e-001  1.2349689e+002  1.2220973e+002  1.2394638e+002  1.2515881e+002  1.2134296e+002  1.2504417e+002  1.2307942e+002
 -2.6000000e-001  1.2345915e+002  1.2222183e+002  1.2394215e+002  1.2517191e+002  1.2133319e+002  1.2506058e+002  1.2307985e+002
 -2.5333333e-001  1.2346546e+002  1.2219546e+002  1.2390652e+002  1.2514222e+002  1.2132887e+002  1.2508258e+002  1.2306257e+002
 -2.4666667e-001  1.2345030e+002  1.2222095e+002  1.2389514e+002  1.2511147e+002  1.2130719e+002  1.2509672e+002  1.2309382e+002
 -2.4000000e-001  1.2341592e+002  1.2223750e+002  1.2389559e+002  1.2511281e+002  1.2130793e+002  1.2511724e+002  1.2309188e+002
 -2.3333333e-001  1.2338846e+002  1.2219898e+002  1.2388982e+002  1.2513743e+002  1.2133457e+002  1.2515148e+002  1.2308427e+002
 -2.2666667e-001  1.2338645e+002  1.2220236e+002  1.2390334e+002  1.2518864e+002  1.2131171e+002  1.2514149e+002  1.2310945e+002
 -2.2000000e-001  1.2337688e+002  1.2221729e+002  1.2390585e+002  1.2520939e+002  1.2128897e+002  1.2511028e+002  1.2304863e+002
 -2.1333333e-001  1.2338095e+002  1.2221362e+002  1.2390876e+002  1.2519625e+002  1.2129498e+002  1.2514146e+002  1.2307484e+002
 -2.0666667e-001  1.2338057e+002  1.2222044e+002  1.2391989e+002  1.2517097e+002  1.2128710e+002  1.2516833e+002  1.2310014e+002
 -2.0000000e-001  1.2334848e+002  1.2222046e+002  1.2391647e+002  1.2518986e+002  1.2129433e+002  1.2519036e+002  1.2310603e+002
 -1.9333333e-001  1.2336386e+002  1.2222485e+002  1.2394347e+002  1.2521545e+002  1.2128946e+002  1.2520185e+002  1.2310423e+002
 -1.8666667e-001  1.2333554e+002  1.2222673e+002  1.2393183e+002  1.2524106e+002  1.2128111e+002  1.2521805e+002  1.2310404e+002
 -1.8000000e-001  1.2333446e+002  1.2222609e+002  1.2397797e+002  1.2523633e+002  1.2129340e+002  1.2524784e+002  1.2307423e+002
 -1.7333333e-001  1.2333767e+002  1.2221901e+002  1.2399881e+002  1.2526112e+002  1.2129604e+002  1.2525777e+002  1.2306332e+002
 -1.6666667e-001  1.2331442e+002  1.2220338e+002  1.2397500e+002  1.2526081e+002  1.2128904e+002  1.2528661e+002  1.2310424e+002
 -1.6000000e-001  1.2329842e+002  1.2222606e+002  1.2395116e+002  1.2526289e+002  1.2131678e+002  1.2529622e+002  1.2313145e+002
 -1.5333333e-001  1.2326994e+002  1.2221763e+002  1.2398747e+002  1.2528565e+002  1.2133081e+002  1.2532075e+002  1.2316123e+002
 -1.4666667e-001  1.2325268e+002  1.2220429e+002  1.2401243e+002  1.2530618e+002  1.2130162e+002  1.2536371e+002  1.2317371e+002
 -1.4000000e-001  1.2321850e+002  1.2218799e+002  1.2402856e+002  1.2530020e+002  1.2132031e+002  1.2538116e+002  1.2316897e+002
 -1.3333333e-001  1.2321515e+002  1.2219799e+002  1.2401131e+002  1.2530685e+002  1.2133881e+002  1.2538535e+002  1.2320687e+002
 -1.2666667e-001  1.2322503e+002  1.2223456e+002  1.2402536e+002  1.2530640e+002  1.2132169e+002  1.2541189e+002  1.2319309e+002
 -1.2000000e-001  1.2320614e+002  1.2220811e+002  1.2400819e+002  1.2531209e+002  1.2133883e+002  1.2542341e+002  1.2320396e+002
 -1.1333333e-001  1.2317115e+002  1.2221510e+002  1.2400495e+002  1.2531139e+002  1.2133653e+002  1.2546633e+002  1.2324798e+002
 -1.0666667e-001  1.2316959e+002  1.2221382e+002  1.2402728e+002  1.2531634e+002  1.2135252e+002  1.2550093e+002  1.2325448e+002
 -1.0000000e-001  1.2317208e+002  1.2219981e+002  1.2403732e+002  1.2532706e+002  1.2136729e+002  1.2553581e+002  1.2325147e+002
 -9.3333333e-002  1.2318051e+002  1.2224135e+002  1.2401060e+002  1.2531418e+002  1.2139003e+002  1.2553313e+002  1.2326866e+002
 -8.6666667e-002  1.2316734e+002  1.2222024e+002  1.2404278e+002  1.2535629e+002  1.2137373e+002  1.2555362e+002  1.2331744e+002
 -8.0000000e-002  1.2314545e+002  1.2221703e+002  1.2404169e+002  1.2535535e+002  1.2139678e+002  1.2553445e+002  1.2331458e+002
 -7.3333333e-002  1.2313062e+002  1.2222226e+002  1.2401124e+002  1.2537167e+002  1.2136266e+002  1.2556773e+002  1.2330467e+002
 -6.6666667e-002  1.2311677e+002  1.2220669e+002  1.2401957e+002  1.2539820e+002  1.2132599e+002  1.2556902e+002  1.2330886e+002
 -6.0000000e-002  1.2309848e+002  1.2218531e+002  1.2402091e+002  1.2533987e+002  1.2137095e+002  1.2555988e+002  1.2333839e+002
 -5.3333333e-002  1.2307754e+002  1.2219943e+002  1.2402971e+002  1.2536671e+002  1.2137051e+002  1.2556361e+002  1.2338864e+002
 -4.6666667e-002  1.2307018e+002  1.2220624e+002  1.2405836e+002  1.2538905e+002  1.2136587e+002  1.2554135e+002  1.2338246e+002
 -4.0000000e-002  1.2309795e+002  1.2222150e+002  1.2411005e+002  1.2539957e+002  1.2136855e+002  1.2553963e+002  1.2341155e+002
 -3.3333333e-002  1.2311785e+002  1.2224443e+002  1.2409421e+002  1.2538403e+002  1.2137357e+002  1.2553713e+002  1.2341379e+002
 -2.6666667e-002  1.2307577e+002  1.2223308e+002  1.2409573e+002  1.2536782e+002  1.2133901e+002  1.2553024e+002  1.2344555e+002
 -2.0000000e-002  1.2304359e+002  1.2221856e+002  1.2410423e+002  1.2538960e+002  1.2132621e+002  1.2554775e+002  1.2350500e+002
 -1.3333333e-002  1.2306194e+002  1.2223729e+002  1.2410490e+002  1.2539945e+002  1.2132144e+002  1.2555403e+002  1.2350378e+002
 -6.6666667e-003  1.2307414e+002  1.2225039e+002  1.2411031e+002  1.2539737e+002  1.2129422e+002  1.2554878e+002  1.2352039e+002
  0.0000000e+000  1.2304448e+002  1.2226891e+002  1.2409704e+002  1.2540882e+002  1.2130460e+002  1.2555886e+002  1.2355523e+002
  6.6666667e-003  1.2306765e+002  1.2227242e+002  1.2411126e+002  1.2543939e+002  1.2130859e+002  1.2552467e+002  1.2357346e+002
  1.3333333e-002  1.2308153e+002  1.2227293e+002  1.2411478e+002  1.2540803e+002  1.2132402e+002  1.2554002e+002  1.2358046e+002
  2.0000000e-002  1.2303304e+002  1.2225687e+002  1.2410601e+002  1.2539806e+002  1.2128835e+002  1.2558624e+002  1.2360284e+002
  2.6666667e-002  1.2299544e+002  1.2226286e+002  1.2409906e+002  1.2541836e+002  1.2127459e+002  1.2561792e+002  1.2363543e+002
  3.3333333e-002  1.2302580e+002  1.2224728e+002  1.2412227e+002  1.2540379e+002  1.2122705e+002  1.2560913e+002  1.2360576e+002
  4.0000000e-002  1.2300384e+002  1.2226228e+002  1.2410855e+002  1.2542602e+002  1.2123154e+002  1.2562046e+002  1.2358675e+002
  4.6666667e-002  1.2297168e+002  1.2228936e+002  1.2410969e+002  1.2541795e+002  1.2122769e+002  1.2563171e+002  1.2358405e+002
  5.3333333e-002  1.2295529e+002  1.2225032e+002  1.2408976e+002  1.2540934e+002  1.2123179e+002  1.2563897e+002  1.2359124e+002
  6.0000000e-002  1.2294416e+002  1.2222321e+002  1.2408308e+002  1.2543335e+002  1.2123751e+002  1.2567139e+002  1.2358170e+002
  6.6666667e-002  1.2288834e+002  1.2218792e+002  1.2408964e+002  1.2543739e+002  1.2122712e+002  1.2569239e+002  1.2356705e+002
  7.3333333e-002  1.2283445e+002  1.2214104e+002  1.2409949e+002  1.2539376e+002  1.2119937e+002  1.2574558e+002  1.2353216e+002
  8.0000000e-002  1.2277424e+002  1.2211284e+002  1.2407203e+002  1.2534537e+002  1.2118057e+002  1.2578299e+002  1.2350765e+002
  8.6666667e-002  1.2270979e+002  1.2208051e+002  1.2404144e+002  1.2531767e+002  1.2115840e+002  1.2584632e+002  1.2349303e+002
  9.3333333e-002  1.2262061e+002  1.2204304e+002  1.2398303e+002  1.2528971e+002  1.2111020e+002  1.2587969e+002  1.2348339e+002
  1.0000000e-001  1.2255485e+002  1.2201296e+002  1.2397008e+002  1.2526902e+002  1.2108673e+002  1.2591968e+002  1.2351749e+002
  1.0666667e-001  1.2249379e+002  1.2196859e+002  1.2399661e+002  1.2528462e+002  1.2108322e+002  1.2595196e+002  1.2359769e+002
  1.1333333e-001  1.2243348e+002  1.2193127e+002  1.2404694e+002  1.2541994e+002  1.2112188e+002  1.2609486e+002  1.2378130e+002
  1.2000000e-001  1.2243345e+002  1.2192133e+002  1.2422799e+002  1.2555306e+002  1.2123067e+002  1.2624313e+002  1.2402483e+002
  1.2666667e-001  1.2248384e+002  1.2199258e+002  1.2445997e+002  1.2567742e+002  1.2131593e+002  1.2645944e+002  1.2429784e+002
  1.3333333e-001  1.2261743e+002  1.2213955e+002  1.2471826e+002  1.2577348e+002  1.2148400e+002  1.2665759e+002  1.2462436e+002
  1.4000000e-001  1.2279784e+002  1.2237270e+002  1.2495443e+002  1.2594609e+002  1.2166126e+002  1.2680208e+002  1.2493658e+002
  1.4666667e-001  1.2297491e+002  1.2274969e+002  1.2518473e+002  1.2617809e+002  1.2186549e+002  1.2692952e+002  1.2527003e+002
  1.5333333e-001  1.2308627e+002  1.2314311e+002  1.2545761e+002  1.2647710e+002  1.2217284e+002  1.2711553e+002  1.2559927e+002
  1.6000000e-001  1.2318082e+002  1.2356071e+002  1.2572812e+002  1.2680833e+002  1.2254413e+002  1.2729446e+002  1.2588673e+002
  1.6666667e-001  1.2328123e+002  1.2401706e+002  1.2596672e+002  1.2712091e+002  1.2298362e+002  1.2743436e+002  1.2621123e+002
  1.7333333e-001  1.2335984e+002  1.2431136e+002  1.2623451e+002  1.2745845e+002  1.2340939e+002  1.2756390e+002  1.2647234e+002
  1.8000000e-001  1.2336118e+002  1.2438547e+002  1.2642283e+002  1.2778709e+002  1.2375349e+002  1.2760149e+002  1.2677009e+002
  1.8666667e-001  1.2317825e+002  1.2432466e+002  1.2655071e+002  1.2807684e+002  1.2403017e+002  1.2759221e+002  1.2711113e+002
  1.9333333e-001  1.2292524e+002  1.2411578e+002  1.2673439e+002  1.2833179e+002  1.2427857e+002  1.2761313e+002  1.2741188e+002
  2.0000000e-001  1.2264498e+002  1.2384889e+002  1.2690474e+002  1.2854349e+002  1.2459979e+002  1.2765144e+002  1.2765965e+002
  2.0666667e-001  1.2225475e+002  1.2364246e+002  1.2700025e+002  1.2864969e+002  1.2489217e+002  1.2760738e+002  1.2787840e+002
  2.1333333e-001  1.2177850e+002  1.2346727e+002  1.2705462e+002  1.2869911e+002  1.2519166e+002  1.2758292e+002  1.2813693e+002
  2.2000000e-001  1.2125830e+002  1.2322074e+002  1.2721368e+002  1.2866876e+002  1.2552892e+002  1.2761728e+002  1.2838176e+002
  2.2666667e-001  1.2082320e+002  1.2298415e+002  1.2734879e+002  1.2858421e+002  1.2590365e+002  1.2768100e+002  1.2867746e+002
  2.3333333e-001  1.2067312e+002  1.2291235e+002  1.2751078e+002  1.2855002e+002  1.2631139e+002  1.2786929e+002  1.2893433e+002
  2.4000000e-001  1.2108176e+002  1.2320880e+002  1.2765561e+002  1.2861687e+002  1.2680882e+002  1.2814357e+002  1.2923880e+002
  2.4666667e-001  1.2192956e+002  1.2388265e+002  1.2777483e+002  1.2867879e+002  1.2746830e+002  1.2845465e+002  1.2961081e+002
  2.5333333e-001  1.2301984e+002  1.2480761e+002  1.2798555e+002  1.2872086e+002  1.2822704e+002  1.2878687e+002  1.3003503e+002
  2.6000000e-001  1.2430491e+002  1.2584550e+002  1.2826547e+002  1.2875095e+002  1.2913441e+002  1.2913722e+002  1.3060320e+002
  2.6666667e-001  1.2571141e+002  1.2704491e+002  1.2874898e+002  1.2884788e+002  1.3031076e+002  1.2945337e+002  1.3137444e+002
  2.7333333e-001  1.2723966e+002  1.2848689e+002  1.2946610e+002  1.2904834e+002  1.3161148e+002  1.2985620e+002  1.3229073e+002
  2.8000000e-001  1.2896710e+002  1.3022380e+002  1.3034595e+002  1.2940021e+002  1.3307228e+002  1.3036072e+002  1.3334381e+002
  2.8666667e-001  1.3078186e+002  1.3220619e+002  1.3137148e+002  1.2994263e+002  1.3464058e+002  1.3085251e+002  1.3452931e+002
  2.9333333e-001  1.3263060e+002  1.3421480e+002  1.3245210e+002  1.3064572e+002  1.3617355e+002  1.3138072e+002  1.3568391e+002
  3.0000000e-001  1.3446992e+002  1.3636194e+002  1.3360379e+002  1.3142775e+002  1.3749519e+002  1.3195616e+002  1.3678299e+002
  3.0666667e-001  1.3613841e+002  1.3879881e+002  1.3465038e+002  1.3212354e+002  1.3855925e+002  1.3251790e+002  1.3765727e+002
  3.1333333e-001  1.3740985e+002  1.4111757e+002  1.3539024e+002  1.3265227e+002  1.3931288e+002  1.3311502e+002  1.3830798e+002
  3.2000000e-001  1.3813809e+002  1.4283630e+002  1.3555397e+002  1.3295741e+002  1.3967618e+002  1.3356555e+002  1.3861153e+002
  3.2666667e-001  1.3830286e+002  1.4345403e+002  1.3511966e+002  1.3313408e+002  1.3973546e+002  1.3391711e+002  1.3859892e+002
  3.3333333e-001  1.3803206e+002  1.4285048e+002  1.3430388e+002  1.3321545e+002  1.3959410e+002  1.3420595e+002  1.3834296e+002
  3.4000000e-001  1.3759175e+002  1.4144963e+002  1.3345032e+002  1.3324541e+002  1.3929578e+002  1.3439964e+002  1.3794841e+002
  3.4666667e-001  1.3717636e+002  1.3981180e+002  1.3283699e+002  1.3329713e+002  1.3891284e+002  1.3448622e+002  1.3755798e+002
  3.5333333e-001  1.3695290e+002  1.3828154e+002  1.3278093e+002  1.3339430e+002  1.3866264e+002  1.3460602e+002  1.3732750e+002
  3.6000000e-001  1.3691795e+002  1.3718272e+002  1.3317555e+002  1.3358235e+002  1.3860606e+002  1.3477602e+002  1.3736871e+002
  3.6666667e-001  1.3700536e+002  1.3696722e+002  1.3366702e+002  1.3380901e+002  1.3877127e+002  1.3504292e+002  1.3774208e+002
  3.7333333e-001  1.3732001e+002  1.3755275e+002  1.3414365e+002  1.3401994e+002  1.3926009e+002  1.3546661e+002  1.3829620e+002
  3.8000000e-001  1.3778005e+002  1.3845489e+002  1.3465008e+002  1.3421550e+002  1.4005425e+002  1.3603696e+002  1.3894992e+002
  3.8666667e-001  1.3827013e+002  1.3933162e+002  1.3521143e+002  1.3438084e+002  1.4087718e+002  1.3661789e+002  1.3965575e+002
  3.9333333e-001  1.3876756e+002  1.4007359e+002  1.3584776e+002  1.3453856e+002  1.4169167e+002  1.3715303e+002  1.4033624e+002
  4.0000000e-001  1.3925220e+002  1.4072423e+002  1.3655158e+002  1.3481827e+002  1.4240007e+002  1.3771741e+002  1.4109137e+002
  4.0666667e-001  1.3979903e+002  1.4147656e+002  1.3731152e+002  1.3520346e+002  1.4308403e+002  1.3825682e+002  1.4179898e+002
  4.1333333e-001  1.4047700e+002  1.4246420e+002  1.3817627e+002  1.3568832e+002  1.4369141e+002  1.3878404e+002  1.4258650e+002
  4.2000000e-001  1.4130067e+002  1.4359793e+002  1.3912949e+002  1.3627240e+002  1.4415192e+002  1.3925168e+002  1.4341548e+002
  4.2666667e-001  1.4217209e+002  1.4480261e+002  1.3995451e+002  1.3685411e+002  1.4440193e+002  1.3971593e+002  1.4427727e+002
  4.3333333e-001  1.4297249e+002  1.4590390e+002  1.4062132e+002  1.3748215e+002  1.4433679e+002  1.4013138e+002  1.4495636e+002
  4.4000000e-001  1.4369771e+002  1.4673067e+002  1.4096970e+002  1.3806810e+002  1.4398706e+002  1.4037659e+002  1.4525902e+002
  4.4666667e-001  1.4438472e+002  1.4729826e+002  1.4110887e+002  1.3853217e+002  1.4341695e+002  1.4053435e+002  1.4508659e+002
  4.5333333e-001  1.4510700e+002  1.4744391e+002  1.4117081e+002  1.3889801e+002  1.4276021e+002  1.4056387e+002  1.4446922e+002
  4.6000000e-001  1.4557294e+002  1.4724944e+002  1.4119615e+002  1.3917891e+002  1.4207474e+002  1.4050638e+002  1.4352333e+002
  4.6666667e-001  1.4602750e+002  1.4670273e+002  1.4129640e+002  1.3922404e+002  1.4145897e+002  1.4042058e+002  1.4250230e+002
  4.7333333e-001  1.4632921e+002  1.4616321e+002  1.4153890e+002  1.3914345e+002  1.4103577e+002  1.4035288e+002  1.4170499e+002
  4.8000000e-001  1.4647926e+002  1.4576308e+002  1.4192307e+002  1.3902112e+002  1.4089067e+002  1.4024170e+002  1.4130821e+002
  4.8666667e-001  1.4645523e+002  1.4620581e+002  1.4229701e+002  1.3894063e+002  1.4104919e+002  1.4016092e+002  1.4135642e+002
  4.9333333e-001  1.4557909e+002  1.4608966e+002  1.4251735e+002  1.3880362e+002  1.4137730e+002  1.4027408e+002  1.4175867e+002
  5.0000000e-001  1.4612767e+002  1.4494061e+002  1.4271170e+002  1.3858151e+002  1.4188611e+002  1.4029739e+002  1.4243716e+002
  5.0666667e-001  1.4665318e+002  1.4543579e+002  1.4276592e+002  1.3838881e+002  1.4244334e+002  1.4023369e+002  1.4317003e+002
  5.1333333e-001  1.4580742e+002  1.4654437e+002  1.4273326e+002  1.3830385e+002  1.4298375e+002  1.4065250e+002  1.4390450e+002
  5.2000000e-001  1.4574390e+002  1.4752913e+002  1.4365469e+002  1.3830136e+002  1.4352371e+002  1.4103380e+002  1.4454657e+002
  5.2666667e-001  1.4579472e+002  1.4777150e+002  1.4384299e+002  1.3844774e+002  1.4399207e+002  1.4149684e+002  1.4508638e+002
  5.3333333e-001  1.4601231e+002  1.4803760e+002  1.4348399e+002  1.3880191e+002  1.4433501e+002  1.4120070e+002  1.4571272e+002
  5.4000000e-001  1.4633256e+002  1.4768700e+002  1.4391217e+002  1.3930736e+002  1.4463014e+002  1.4245976e+002  1.4615651e+002
  5.4666667e-001  1.4669377e+002  1.4806946e+002  1.4511763e+002  1.3984407e+002  1.4487314e+002  1.4287476e+002  1.4655299e+002
  5.5333333e-001  1.4708194e+002  1.4845372e+002  1.4484584e+002  1.4046193e+002  1.4504237e+002  1.4325334e+002  1.4688860e+002
  5.6000000e-001  1.4748035e+002  1.4874927e+002  1.4532855e+002  1.4111177e+002  1.4505605e+002  1.4364415e+002  1.4707849e+002
  5.6666667e-001  1.4788477e+002  1.4895082e+002  1.4573640e+002  1.4179314e+002  1.4495505e+002  1.4400388e+002  1.4717665e+002
  5.7333333e-001  1.4825122e+002  1.4907658e+002  1.4605241e+002  1.4238518e+002  1.4498509e+002  1.4427274e+002  1.4714499e+002
  5.8000000e-001  1.4860442e+002  1.4915656e+002  1.4630129e+002  1.4296945e+002  1.4487001e+002  1.4454919e+002  1.4700418e+002
  5.8666667e-001  1.4889117e+002  1.4918967e+002  1.4647270e+002  1.4347568e+002  1.4478467e+002  1.4480968e+002  1.4680353e+002
  5.9333333e-001  1.4905246e+002  1.4922189e+002  1.4662924e+002  1.4382886e+002  1.4480785e+002  1.4498415e+002  1.4644078e+002
  6.0000000e-001  1.4916656e+002  1.4927744e+002  1.4675929e+002  1.4418808e+002  1.4559952e+002  1.4514993e+002  1.4631912e+002
  6.0666667e-001  1.4917929e+002  1.4931300e+002  1.4689992e+002  1.4431943e+002  1.4548825e+002  1.4535693e+002  1.4623213e+002
  6.1333333e-001  1.4917200e+002  1.4931606e+002  1.4708688e+002  1.4433501e+002  1.4551770e+002  1.4551340e+002  1.4617584e+002
  6.2000000e-001  1.4914174e+002  1.4923901e+002  1.4728148e+002  1.4425928e+002  1.4548613e+002  1.4570841e+002  1.4636845e+002
  6.2666667e-001  1.4912782e+002  1.4912946e+002  1.4739574e+002  1.4433585e+002  1.4554417e+002  1.4595383e+002  1.4641795e+002
  6.3333333e-001  1.4917792e+002  1.4904372e+002  1.4749707e+002  1.4451688e+002  1.4475699e+002  1.4615832e+002  1.4639516e+002
  6.4000000e-001  1.4922189e+002  1.4894655e+002  1.4760638e+002  1.4468837e+002  1.4477197e+002  1.4631976e+002  1.4634911e+002
  6.4666667e-001  1.4926649e+002  1.4881161e+002  1.4767931e+002  1.4484337e+002  1.4482783e+002  1.4651476e+002  1.4619429e+002
  6.5333333e-001  1.4930632e+002  1.4869231e+002  1.4777785e+002  1.4500076e+002  1.4483580e+002  1.4670746e+002  1.4612495e+002
  6.6000000e-001  1.4930661e+002  1.4864600e+002  1.4785785e+002  1.4514717e+002  1.4466759e+002  1.4695268e+002  1.4622398e+002
  6.6666667e-001  1.4928400e+002  1.4867581e+002  1.4798511e+002  1.4539241e+002  1.4464999e+002  1.4716992e+002  1.4625709e+002
  6.7333333e-001  1.4936310e+002  1.4869418e+002  1.4812685e+002  1.4543897e+002  1.4463147e+002  1.4732558e+002  1.4621274e+002
  6.8000000e-001  1.4945529e+002  1.4872490e+002  1.4823785e+002  1.4553169e+002  1.4475697e+002  1.4741585e+002  1.4618231e+002
  6.8666667e-001  1.4948650e+002  1.4879066e+002  1.4827657e+002  1.4557945e+002  1.4478766e+002  1.4752828e+002  1.4607292e+002
  6.9333333e-001  1.4947842e+002  1.4879513e+002  1.4832603e+002  1.4566881e+002  1.4482318e+002  1.4766359e+002  1.4607837e+002
  7.0000000e-001  1.4941249e+002  1.4875662e+002  1.4833417e+002  1.4646303e+002  1.4468735e+002  1.4781805e+002  1.4605170e+002
  7.0666667e-001  1.4933015e+002  1.4878093e+002  1.4832620e+002  1.4656772e+002  1.4470424e+002  1.4785931e+002  1.4606426e+002
  7.1333333e-001  1.4918544e+002  1.4880586e+002  1.4837694e+002  1.4508806e+002  1.4470103e+002  1.4791631e+002  1.4618117e+002
  7.2000000e-001  1.4904576e+002  1.4878708e+002  1.4843210e+002  1.4512064e+002  1.4483542e+002  1.4795786e+002  1.4609619e+002
  7.2666667e-001  1.4897238e+002  1.4871309e+002  1.4849246e+002  1.4600909e+002  1.4479990e+002  1.4800110e+002  1.4601843e+002
  7.3333333e-001  1.4891887e+002  1.4865572e+002  1.4856287e+002  1.4609502e+002  1.4472420e+002  1.4801910e+002  1.4597601e+002
  7.4000000e-001  1.4878636e+002  1.4859354e+002  1.4858147e+002  1.4619792e+002  1.4448215e+002  1.4802261e+002  1.4593060e+002
  7.4666667e-001  1.4867188e+002  1.4849045e+002  1.4853896e+002  1.4686144e+002  1.4439984e+002  1.4803340e+002  1.4568924e+002
  7.5333333e-001  1.4862920e+002  1.4837492e+002  1.4845973e+002  1.4674750e+002  1.4434955e+002  1.4808203e+002  1.4563600e+002
  7.6000000e-001  1.4859433e+002  1.4822147e+002  1.4837328e+002  1.4624637e+002  1.4443037e+002  1.4812549e+002  1.4555841e+002
  7.6666667e-001  1.4852567e+002  1.4808936e+002  1.4835364e+002  1.4629825e+002  1.4437978e+002  1.4810069e+002  1.4550709e+002
  7.7333333e-001  1.4851108e+002  1.4796463e+002  1.4833444e+002  1.4627296e+002  1.4433788e+002  1.4809619e+002  1.4545132e+002
  7.8000000e-001  1.4851683e+002  1.4787166e+002  1.4825185e+002  1.4693398e+002  1.4417541e+002  1.4814194e+002  1.4549820e+002
  7.8666667e-001  1.4857968e+002  1.4778474e+002  1.4816115e+002  1.4674983e+002  1.4414923e+002  1.4816959e+002  1.4545035e+002
  7.9333333e-001  1.4862047e+002  1.4770660e+002  1.4808873e+002  1.4596661e+002  1.4416089e+002  1.4820790e+002  1.4545666e+002
  8.0000000e-001  1.4858006e+002  1.4765398e+002  1.4806361e+002  1.4530095e+002  1.4411334e+002  1.4821352e+002  1.4536955e+002
  8.0666667e-001  1.4853781e+002  1.4767326e+002  1.4800153e+002  1.4519768e+002  1.4416139e+002  1.4820801e+002  1.4539780e+002
  8.1333333e-001  1.4851218e+002  1.4766754e+002  1.4796025e+002  1.4655576e+002  1.4415030e+002  1.4818906e+002  1.4539963e+002
  8.2000000e-001  1.4846736e+002  1.4760675e+002  1.4798473e+002  1.4652583e+002  1.4416013e+002  1.4819920e+002  1.4540175e+002
  8.2666667e-001  1.4839551e+002  1.4753215e+002  1.4795650e+002  1.4575740e+002  1.4408136e+002  1.4818675e+002  1.4532021e+002
  8.3333333e-001  1.4829886e+002  1.4682873e+002  1.4793221e+002  1.4555922e+002  1.4384607e+002  1.4816844e+002  1.4525757e+002
  8.4000000e-001  1.4827188e+002  1.4741284e+002  1.4790413e+002  1.4553349e+002  1.4381253e+002  1.4811951e+002  1.4530978e+002
  8.4666667e-001  1.4820227e+002  1.4804770e+002  1.4783630e+002  1.4559131e+002  1.4370900e+002  1.4804800e+002  1.4522728e+002
  8.5333333e-001  1.4818112e+002  1.4798183e+002  1.4779610e+002  1.4551332e+002  1.4357294e+002  1.4802786e+002  1.4515074e+002
  8.6000000e-001  1.4812761e+002  1.4659570e+002  1.4774910e+002  1.4545589e+002  1.4348434e+002  1.4810223e+002  1.4493150e+002
  8.6666667e-001  1.4804987e+002  1.4716560e+002  1.4768253e+002  1.4542068e+002  1.4356139e+002  1.4815010e+002  1.4489258e+002
  8.7333333e-001  1.4800119e+002  1.4709097e+002  1.4759946e+002  1.4518219e+002  1.4348280e+002  1.4809937e+002  1.4486391e+002
  8.8000000e-001  1.4790178e+002  1.4763037e+002  1.4745947e+002  1.4510912e+002  1.4332939e+002  1.4810019e+002  1.4483618e+002
  8.8666667e-001  1.4778485e+002  1.4688660e+002  1.4738382e+002  1.4572794e+002  1.4333701e+002  1.4808493e+002  1.4481601e+002
  8.9333333e-001  1.4772583e+002  1.4683955e+002  1.4733002e+002  1.4503574e+002  1.4332828e+002  1.4805154e+002  1.4491093e+002
  9.0000000e-001  1.4766750e+002  1.4677113e+002  1.4721161e+002  1.4424872e+002  1.4336189e+002  1.4805924e+002  1.4485200e+002
  9.0666667e-001  1.4758041e+002  1.4675220e+002  1.4713115e+002  1.4497492e+002  1.4332562e+002  1.4805423e+002  1.4481249e+002
  9.1333333e-001  1.4749663e+002  1.4732088e+002  1.4704877e+002  1.4489111e+002  1.4330368e+002  1.4798647e+002  1.4466905e+002
  9.2000000e-001  1.4807964e+002  1.4663391e+002  1.4703647e+002  1.4469281e+002  1.4333502e+002  1.4792955e+002  1.4464017e+002
  9.2666667e-001  1.4743271e+002  1.4656651e+002  1.4701558e+002  1.4464105e+002  1.4331216e+002  1.4788594e+002  1.4459880e+002
  9.3333333e-001  1.4742975e+002  1.4583283e+002  1.4697754e+002  1.4399637e+002  1.4323985e+002  1.4784999e+002  1.4451393e+002
  9.4000000e-001  1.4745363e+002  1.4710017e+002  1.4692262e+002  1.4394923e+002  1.4332300e+002  1.4781483e+002  1.4444957e+002
  9.4666667e-001  1.4746153e+002  1.4640566e+002  1.4694447e+002  1.4464458e+002  1.4333067e+002  1.4775139e+002  1.4455176e+002
  9.5333333e-001  1.4745714e+002  1.4632967e+002  1.4690418e+002  1.4456581e+002  1.4312918e+002  1.4775035e+002  1.4450917e+002
  9.6000000e-001  1.4744626e+002  1.4561729e+002  1.4683304e+002  1.4436481e+002  1.4300720e+002  1.4769814e+002  1.4429399e+002
  9.6666667e-001  1.4744746e+002  1.4560013e+002  1.4674580e+002  1.4428761e+002  1.4299039e+002  1.4765102e+002  1.4423666e+002
  9.7333333e-001  1.4742868e+002  1.4686765e+002  1.4666087e+002  1.4434294e+002  1.4299982e+002  1.4761070e+002  1.4416450e+002
  9.8000000e-001  1.4803749e+002  1.4679977e+002  1.4667604e+002  1.4427649e+002  1.4295048e+002  1.4758368e+002  1.4418282e+002
  9.8666667e-001  1.4736098e+002  1.4676784e+002  1.4669028e+002  1.4423338e+002  1.4302008e+002  1.4755621e+002  1.4416542e+002
  9.9333333e-001  1.4734294e+002  1.4547967e+002  1.4667236e+002  1.4416994e+002  1.4297675e+002  1.4756799e+002  1.4419141e+002
  1.0000000e+000  1.4730702e+002  1.4541289e+002  1.4664414e+002  1.4482936e+002  1.4280443e+002  1.4758023e+002  1.4433929e+002
  1.0066667e+000  1.4724911e+002  1.4664355e+002  1.4664169e+002  1.4462016e+002  1.4273265e+002  1.4759010e+002  1.4424626e+002
  1.0133333e+000  1.4718904e+002  1.4662309e+002  1.4659934e+002  1.4381476e+002  1.4266386e+002  1.4750597e+002  1.4401003e+002
  1.0200000e+000  1.4647450e+002  1.4592644e+002  1.4651915e+002  1.4373436e+002  1.4259763e+002  1.4748750e+002  1.4398164e+002
  1.0266667e+000  1.4704834e+002  1.4587913e+002  1.4644325e+002  1.4380920e+002  1.4255879e+002  1.4754906e+002  1.4393028e+002
  1.0333333e+000  1.4701277e+002  1.4515814e+002  1.4640328e+002  1.4375256e+002  1.4253834e+002  1.4755751e+002  1.4388307e+002
  1.0400000e+000  1.4766446e+002  1.4515747e+002  1.4639896e+002  1.4368063e+002  1.4251135e+002  1.4756166e+002  1.4383241e+002
  1.0466667e+000  1.4767497e+002  1.4586256e+002  1.4633595e+002  1.4361266e+002  1.4250297e+002  1.4757002e+002  1.4378081e+002
  1.0533333e+000  1.4708888e+002  1.4648077e+002  1.4626761e+002  1.4343413e+002  1.4252455e+002  1.4760558e+002  1.4389711e+002
  1.0600000e+000  1.4707904e+002  1.4580986e+002  1.4625256e+002  1.4342098e+002  1.4249063e+002  1.4763280e+002  1.4388930e+002
  1.0666667e+000  1.4709616e+002  1.4572524e+002  1.4625023e+002  1.4338095e+002  1.4245129e+002  1.4767912e+002  1.4368819e+002
  1.0733333e+000  1.4713625e+002  1.4569226e+002  1.4620465e+002  1.4334105e+002  1.4239290e+002  1.4770456e+002  1.4358299e+002
  1.0800000e+000  1.4716719e+002  1.4566135e+002  1.4612556e+002  1.4348750e+002  1.4236191e+002  1.4770804e+002  1.4357044e+002
  1.0866667e+000  1.4719533e+002  1.4563966e+002  1.4606221e+002  1.4346834e+002  1.4233807e+002  1.4769992e+002  1.4356181e+002
  1.0933333e+000  1.4720534e+002  1.4562256e+002  1.4600018e+002  1.4343488e+002  1.4229228e+002  1.4770297e+002  1.4352849e+002
  1.1000000e+000  1.4720364e+002  1.4555826e+002  1.4595184e+002  1.4342705e+002  1.4223045e+002  1.4770271e+002  1.4344655e+002
  1.1066667e+000  1.4724059e+002  1.4560254e+002  1.4594147e+002  1.4321841e+002  1.4215659e+002  1.4773436e+002  1.4351227e+002
  1.1133333e+000  1.4725079e+002  1.4544919e+002  1.4591667e+002  1.4315328e+002  1.4208289e+002  1.4772461e+002  1.4344856e+002
  1.1200000e+000  1.4723923e+002  1.4551627e+002  1.4590286e+002  1.4311574e+002  1.4203023e+002  1.4770909e+002  1.4329513e+002
  1.1266667e+000  1.4718773e+002  1.4549846e+002  1.4587651e+002  1.4308328e+002  1.4193878e+002  1.4766545e+002  1.4323814e+002
  1.1333333e+000  1.4710509e+002  1.4547333e+002  1.4583443e+002  1.4318533e+002  1.4183974e+002  1.4763733e+002  1.4319191e+002
  1.1400000e+000  1.4710155e+002  1.4544403e+002  1.4579295e+002  1.4314536e+002  1.4176581e+002  1.4764300e+002  1.4317575e+002
  1.1466667e+000  1.4709100e+002  1.4545326e+002  1.4576997e+002  1.4306697e+002  1.4175397e+002  1.4765402e+002  1.4311923e+002
  1.1533333e+000  1.4708408e+002  1.4539615e+002  1.4570659e+002  1.4300305e+002  1.4172499e+002  1.4758017e+002  1.4311269e+002
  1.1600000e+000  1.4711938e+002  1.4537871e+002  1.4565054e+002  1.4282803e+002  1.4164250e+002  1.4750293e+002  1.4304602e+002
  1.1666667e+000  1.4713419e+002  1.4533940e+002  1.4557503e+002  1.4278865e+002  1.4156999e+002  1.4744626e+002  1.4298688e+002
  1.1733333e+000  1.4712761e+002  1.4533492e+002  1.4548677e+002  1.4278511e+002  1.4155481e+002  1.4742453e+002  1.4295099e+002
  1.1800000e+000  1.4714272e+002  1.4521785e+002  1.4541521e+002  1.4279244e+002  1.4153938e+002  1.4734842e+002  1.4289288e+002
  1.1866667e+000  1.4716879e+002  1.4517032e+002  1.4535527e+002  1.4278973e+002  1.4152318e+002  1.4731851e+002  1.4284462e+002
  1.1933333e+000  1.4721783e+002  1.4523473e+002  1.4528058e+002  1.4277889e+002  1.4144930e+002  1.4731197e+002  1.4277531e+002
  1.2000000e+000  1.4727162e+002  1.4521143e+002  1.4524170e+002  1.4291444e+002  1.4139664e+002  1.4721414e+002  1.4267612e+002
  1.2066667e+000  1.4729317e+002  1.4580403e+002  1.4516394e+002  1.4292682e+002  1.4139902e+002  1.4714739e+002  1.4262866e+002
  1.2133333e+000  1.4730855e+002  1.4578548e+002  1.4505782e+002  1.4291455e+002  1.4135509e+002  1.4709984e+002  1.4254831e+002
  1.2200000e+000  1.4728540e+002  1.4519357e+002  1.4502791e+002  1.4284070e+002  1.4125481e+002  1.4703195e+002  1.4244627e+002
  1.2266667e+000  1.4728148e+002  1.4457202e+002  1.4496552e+002  1.4262215e+002  1.4119826e+002  1.4698467e+002  1.4236295e+002
  1.2333333e+000  1.4727019e+002  1.4454106e+002  1.4483304e+002  1.4259828e+002  1.4111426e+002  1.4696698e+002  1.4229599e+002
  1.2400000e+000  1.4725064e+002  1.4501277e+002  1.4473299e+002  1.4259099e+002  1.4104802e+002  1.4692226e+002  1.4228032e+002
  1.2466667e+000  1.4723702e+002  1.4507623e+002  1.4464123e+002  1.4258821e+002  1.4098230e+002  1.4683272e+002  1.4220358e+002
  1.2533333e+000  1.4723521e+002  1.4505856e+002  1.4453139e+002  1.4251950e+002  1.4089116e+002  1.4673570e+002  1.4210692e+002
  1.2600000e+000  1.4723688e+002  1.4502760e+002  1.4448997e+002  1.4250401e+002  1.4074806e+002  1.4665239e+002  1.4199562e+002
  1.2666667e+000  1.4726196e+002  1.4562497e+002  1.4443082e+002  1.4263771e+002  1.4067042e+002  1.4658710e+002  1.4192290e+002
  1.2733333e+000  1.4730070e+002  1.4561819e+002  1.4432385e+002  1.4258798e+002  1.4061997e+002  1.4650288e+002  1.4186325e+002
  1.2800000e+000  1.4728302e+002  1.4562248e+002  1.4423959e+002  1.4257132e+002  1.4052745e+002  1.4647656e+002  1.4179875e+002
  1.2866667e+000  1.4724203e+002  1.4438719e+002  1.4477339e+002  1.4253026e+002  1.4042976e+002  1.4638007e+002  1.4171678e+002
  1.2933333e+000  1.4722298e+002  1.4432217e+002  1.4395810e+002  1.4235245e+002  1.4035529e+002  1.4629314e+002  1.4158841e+002
  1.3000000e+000  1.4716544e+002  1.4420502e+002  1.4381650e+002  1.4233263e+002  1.4028937e+002  1.4630008e+002  1.4147893e+002
  1.3066667e+000  1.4714601e+002  1.4484744e+002  1.4436182e+002  1.4233315e+002  1.4022032e+002  1.4624544e+002  1.4136525e+002
  1.3133333e+000  1.4714760e+002  1.4479846e+002  1.4278934e+002  1.4233115e+002  1.4014493e+002  1.4617650e+002  1.4121291e+002
  1.3200000e+000  1.4711862e+002  1.4543086e+002  1.4264027e+002  1.4234532e+002  1.4005394e+002  1.4613827e+002  1.4108272e+002
  1.3266667e+000  1.4712707e+002  1.4541428e+002  1.4245187e+002  1.4235452e+002  1.3995326e+002  1.4609537e+002  1.4095950e+002
  1.3333333e+000  1.4715505e+002  1.4537279e+002  1.4225780e+002  1.4244176e+002  1.3991139e+002  1.4604329e+002  1.4087770e+002
  1.3400000e+000  1.4718787e+002  1.4473074e+002  1.4351785e+002  1.4238324e+002  1.3984450e+002  1.4600237e+002  1.4077116e+002
  1.3466667e+000  1.4719168e+002  1.4407754e+002  1.4266092e+002  1.4236289e+002  1.3979208e+002  1.4594270e+002  1.4064375e+002
  1.3533333e+000  1.4717468e+002  1.4392944e+002  1.4243007e+002  1.4236162e+002  1.3968285e+002  1.4590468e+002  1.4053146e+002
  1.3600000e+000  1.4713838e+002  1.4401851e+002  1.4295900e+002  1.4236818e+002  1.3959979e+002  1.4584384e+002  1.4042122e+002
  1.3666667e+000  1.4711371e+002  1.4519928e+002  1.4271915e+002  1.4226430e+002  1.3955238e+002  1.4573277e+002  1.4031799e+002
  1.3733333e+000  1.4707950e+002  1.4516789e+002  1.4266354e+002  1.4224176e+002  1.3949838e+002  1.4574547e+002  1.4018466e+002
  1.3800000e+000  1.4704919e+002  1.4514714e+002  1.4176173e+002  1.4220038e+002  1.3938892e+002  1.4571639e+002  1.4005975e+002
  1.3866667e+000  1.4693751e+002  1.4450896e+002  1.4163231e+002  1.4217746e+002  1.3927513e+002  1.4562779e+002  1.3994943e+002
  1.3933333e+000  1.4688409e+002  1.4446381e+002  1.4147624e+002  1.4220027e+002  1.3918427e+002  1.4558267e+002  1.3979478e+002
  1.4000000e+000  1.4686469e+002  1.4375641e+002  1.4113147e+002  1.4233046e+002  1.3909996e+002  1.4551563e+002  1.3963155e+002
  1.4066667e+000  1.4684511e+002  1.4422920e+002  1.4102562e+002  1.4170265e+002  1.3901891e+002  1.4540480e+002  1.3949414e+002
  1.4133333e+000  1.4680827e+002  1.4475472e+002  1.4077507e+002  1.4168666e+002  1.3894922e+002  1.4530284e+002  1.3936629e+002
  1.4200000e+000  1.4675580e+002  1.4470229e+002  1.4040634e+002  1.4232581e+002  1.3888322e+002  1.4524277e+002  1.3919835e+002
  1.4266667e+000  1.4673712e+002  1.4406004e+002  1.4026598e+002  1.4220378e+002  1.3879054e+002  1.4518001e+002  1.3902490e+002
  1.4333333e+000  1.4673059e+002  1.4402650e+002  1.3999304e+002  1.4221602e+002  1.3869077e+002  1.4505032e+002  1.3883093e+002
  1.4400000e+000  1.4669135e+002  1.4337103e+002  1.3959206e+002  1.4227733e+002  1.3861615e+002  1.4492862e+002  1.3865251e+002
  1.4466667e+000  1.4664642e+002  1.4330466e+002  1.3933225e+002  1.4231306e+002  1.3854530e+002  1.4480002e+002  1.3850676e+002
  1.4533333e+000  1.4662576e+002  1.4320111e+002  1.3906360e+002  1.4247174e+002  1.3846558e+002  1.4467519e+002  1.3833632e+002
  1.4600000e+000  1.4664403e+002  1.4373712e+002  1.3877690e+002  1.4250673e+002  1.3839298e+002  1.4455884e+002  1.3812146e+002
  1.4666667e+000  1.4662312e+002  1.4367369e+002  1.3851283e+002  1.4191774e+002  1.3830650e+002  1.4440814e+002  1.3794955e+002
  1.4733333e+000  1.4661195e+002  1.4359943e+002  1.3822617e+002  1.4192203e+002  1.3819656e+002  1.4424387e+002  1.3775319e+002
  1.4800000e+000  1.4660353e+002  1.4281937e+002  1.3792046e+002  1.4256258e+002  1.3809761e+002  1.4412036e+002  1.3753572e+002
  1.4866667e+000  1.4660942e+002  1.4283334e+002  1.3766426e+002  1.4248296e+002  1.3801036e+002  1.4401067e+002  1.3737595e+002
  1.4933333e+000  1.4658118e+002  1.4329862e+002  1.3733826e+002  1.4251222e+002  1.3788995e+002  1.4381902e+002  1.3722818e+002
  1.5000000e+000  1.4654755e+002  1.4314239e+002  1.3703728e+002  1.4251433e+002  1.3783885e+002  1.4369009e+002  1.3706894e+002
  1.5066667e+000  1.4658041e+002  1.4293890e+002  1.3677100e+002  1.4248924e+002  1.3774942e+002  1.4356661e+002  1.3687566e+002
  1.5133333e+000  1.4656177e+002  1.4285008e+002  1.3647839e+002  1.4246050e+002  1.3764771e+002  1.4340694e+002  1.3674466e+002
  1.5200000e+000  1.4653667e+002  1.4342510e+002  1.3621040e+002  1.4259624e+002  1.3759505e+002  1.4321796e+002  1.3662102e+002
  1.5266667e+000  1.4651106e+002  1.4331107e+002  1.3589774e+002  1.4261069e+002  1.3752144e+002  1.4304802e+002  1.3647928e+002
  1.5333333e+000  1.4648267e+002  1.4252008e+002  1.3553882e+002  1.4260695e+002  1.3745268e+002  1.4284317e+002  1.3636218e+002
  1.5400000e+000  1.4645978e+002  1.4244174e+002  1.3522887e+002  1.4258186e+002  1.3736305e+002  1.4262089e+002  1.3621210e+002
  1.5466667e+000  1.4644296e+002  1.4240965e+002  1.3492967e+002  1.4257124e+002  1.3733350e+002  1.4244211e+002  1.3606004e+002
  1.5533333e+000  1.4639336e+002  1.4224390e+002  1.3460867e+002  1.4245085e+002  1.3729454e+002  1.4224847e+002  1.3588922e+002
  1.5600000e+000  1.4638165e+002  1.4202214e+002  1.3424139e+002  1.4248218e+002  1.3718802e+002  1.4207008e+002  1.3574603e+002
  1.5666667e+000  1.4638275e+002  1.4191144e+002  1.3392203e+002  1.4251102e+002  1.3709843e+002  1.4181810e+002  1.3562106e+002
  1.5733333e+000  1.4637553e+002  1.4179128e+002  1.3363319e+002  1.4250588e+002  1.3702071e+002  1.4158226e+002  1.3548109e+002
  1.5800000e+000  1.4635785e+002  1.4164726e+002  1.3331816e+002  1.4257365e+002  1.3698367e+002  1.4138051e+002  1.3533290e+002
  1.5866667e+000  1.4630270e+002  1.4150058e+002  1.3301270e+002  1.4254884e+002  1.3690811e+002  1.4110878e+002  1.3519315e+002
  1.5933333e+000  1.4629944e+002  1.4136906e+002  1.3269197e+002  1.4257292e+002  1.3682083e+002  1.4082495e+002  1.3503780e+002
  1.6000000e+000  1.4568504e+002  1.4118517e+002  1.3232538e+002  1.4257529e+002  1.3671454e+002  1.3991916e+002  1.3490480e+002
  1.6066667e+000  1.4565532e+002  1.4101515e+002  1.3202243e+002  1.4246732e+002  1.3667129e+002  1.4028346e+002  1.3475008e+002
  1.6133333e+000  1.4678542e+002  1.4084529e+002  1.3174239e+002  1.4247412e+002  1.3661855e+002  1.4060605e+002  1.3458037e+002
  1.6200000e+000  1.4673921e+002  1.4063556e+002  1.3141849e+002  1.4248416e+002  1.3653148e+002  1.4026619e+002  1.3441303e+002
  1.6266667e+000  1.4619307e+002  1.4041948e+002  1.3106982e+002  1.4246065e+002  1.3647496e+002  1.3932517e+002  1.3430052e+002
  1.6333333e+000  1.4619862e+002  1.4022670e+002  1.3074655e+002  1.4240530e+002  1.3638907e+002  1.3900777e+002  1.3417914e+002
  1.6400000e+000  1.4619955e+002  1.3997830e+002  1.3042101e+002  1.4247099e+002  1.3628691e+002  1.3875116e+002  1.3404300e+002
  1.6466667e+000  1.4617892e+002  1.3972134e+002  1.3011083e+002  1.4247868e+002  1.3621277e+002  1.3837853e+002  1.3391527e+002
  1.6533333e+000  1.4617281e+002  1.3945636e+002  1.2976685e+002  1.4244556e+002  1.3612271e+002  1.3809348e+002  1.3382397e+002
  1.6600000e+000  1.4614951e+002  1.3917735e+002  1.2939519e+002  1.4241360e+002  1.3604111e+002  1.3781547e+002  1.3372101e+002
  1.6666667e+000  1.4554440e+002  1.3892552e+002  1.2903006e+002  1.4230264e+002  1.3595688e+002  1.3747342e+002  1.3358612e+002
  1.6733333e+000  1.4554216e+002  1.3865392e+002  1.2873612e+002  1.4230345e+002  1.3586180e+002  1.3720167e+002  1.3349809e+002
  1.6800000e+000  1.4551804e+002  1.3837552e+002  1.2843356e+002  1.4229753e+002  1.3583461e+002  1.3693166e+002  1.3343053e+002
  1.6866667e+000  1.4603598e+002  1.3810138e+002  1.2815564e+002  1.4223013e+002  1.3577914e+002  1.3660599e+002  1.3333171e+002
  1.6933333e+000  1.4655994e+002  1.3780536e+002  1.2788346e+002  1.4232678e+002  1.3571040e+002  1.3627296e+002  1.3319548e+002
  1.7000000e+000  1.4653703e+002  1.3747426e+002  1.2759898e+002  1.4230597e+002  1.3564572e+002  1.3596301e+002  1.3304700e+002
  1.7066667e+000  1.4598820e+002  1.3715924e+002  1.2736809e+002  1.4234407e+002  1.3562056e+002  1.3557909e+002  1.3295941e+002
  1.7133333e+000  1.4595674e+002  1.3685106e+002  1.2714069e+002  1.4235529e+002  1.3556581e+002  1.3523259e+002  1.3286653e+002
  1.7200000e+000  1.4597327e+002  1.3652692e+002  1.2690509e+002  1.4226424e+002  1.3552510e+002  1.3493195e+002  1.3272269e+002
  1.7266667e+000  1.4598894e+002  1.3622504e+002  1.2665973e+002  1.4224121e+002  1.3547069e+002  1.3457263e+002  1.3259845e+002
  1.7333333e+000  1.4598840e+002  1.3590836e+002  1.2641027e+002  1.4213493e+002  1.3540299e+002  1.3423633e+002  1.3248181e+002
  1.7400000e+000  1.4598875e+002  1.3553809e+002  1.2615299e+002  1.4208354e+002  1.3536424e+002  1.3388016e+002  1.3236987e+002
  1.7466667e+000  1.4595725e+002  1.3518800e+002  1.2590174e+002  1.4223561e+002  1.3529712e+002  1.3352605e+002  1.3225139e+002
  1.7533333e+000  1.4596779e+002  1.3482341e+002  1.2568599e+002  1.4221973e+002  1.3524896e+002  1.3315189e+002  1.3211548e+002
  1.7600000e+000  1.4598320e+002  1.3445065e+002  1.2549967e+002  1.4217682e+002  1.3518376e+002  1.3278188e+002  1.3199615e+002
  1.7666667e+000  1.4598364e+002  1.3409724e+002  1.2533486e+002  1.4216415e+002  1.3513216e+002  1.3243466e+002  1.3190884e+002
  1.7733333e+000  1.4595697e+002  1.3372807e+002  1.2517804e+002  1.4204923e+002  1.3511299e+002  1.3211075e+002  1.3182108e+002
  1.7800000e+000  1.4596925e+002  1.3335684e+002  1.2502839e+002  1.4199968e+002  1.3506741e+002  1.3180772e+002  1.3172218e+002
  1.7866667e+000  1.4600295e+002  1.3305444e+002  1.2488968e+002  1.4190900e+002  1.3498843e+002  1.3147148e+002  1.3165903e+002
  1.7933333e+000  1.4598254e+002  1.3271463e+002  1.2473698e+002  1.4181062e+002  1.3493016e+002  1.3121269e+002  1.3162247e+002
  1.8000000e+000  1.4596878e+002  1.3236130e+002  1.2455088e+002  1.4191785e+002  1.3486531e+002  1.3092783e+002  1.3157629e+002
  1.8066667e+000  1.4599361e+002  1.3201837e+002  1.2437499e+002  1.4192827e+002  1.3478949e+002  1.3062880e+002  1.3153980e+002
  1.8133333e+000  1.4598433e+002  1.3165912e+002  1.2416234e+002  1.4184822e+002  1.3473985e+002  1.3033551e+002  1.3150523e+002
  1.8200000e+000  1.4593121e+002  1.3131873e+002  1.2402322e+002  1.4168216e+002  1.3473192e+002  1.2999323e+002  1.3147867e+002
  1.8266667e+000  1.4593279e+002  1.3100961e+002  1.2388492e+002  1.4160420e+002  1.3469203e+002  1.2964487e+002  1.3145300e+002
  1.8333333e+000  1.4595560e+002  1.3070184e+002  1.2376038e+002  1.4154263e+002  1.3468388e+002  1.2928389e+002  1.3143788e+002
  1.8400000e+000  1.4591711e+002  1.3037442e+002  1.2362976e+002  1.4152534e+002  1.3464674e+002  1.2895293e+002  1.3139616e+002
  1.8466667e+000  1.4586949e+002  1.3008649e+002  1.2350848e+002  1.4159850e+002  1.3456836e+002  1.2865887e+002  1.3139108e+002
  1.8533333e+000  1.4588438e+002  1.2980891e+002  1.2337534e+002  1.4152248e+002  1.3451813e+002  1.2838669e+002  1.3141351e+002
  1.8600000e+000  1.4590109e+002  1.2953242e+002  1.2326493e+002  1.4146037e+002  1.3448004e+002  1.2808325e+002  1.3139665e+002
  1.8666667e+000  1.4589237e+002  1.2928612e+002  1.2317167e+002  1.4125995e+002  1.3441531e+002  1.2780799e+002  1.3135516e+002
  1.8733333e+000  1.4587723e+002  1.2903961e+002  1.2311391e+002  1.4117589e+002  1.3437117e+002  1.2757355e+002  1.3132660e+002
  1.8800000e+000  1.4589139e+002  1.2878685e+002  1.2301244e+002  1.4112540e+002  1.3435854e+002  1.2733217e+002  1.3133623e+002
  1.8866667e+000  1.4592308e+002  1.2856224e+002  1.2289472e+002  1.4106351e+002  1.3430089e+002  1.2706803e+002  1.3131291e+002
  1.8933333e+000  1.4593849e+002  1.2830098e+002  1.2283215e+002  1.4111452e+002  1.3422430e+002  1.2682015e+002  1.3129404e+002
  1.9000000e+000  1.4592151e+002  1.2805708e+002  1.2276505e+002  1.4108435e+002  1.3412538e+002  1.2657013e+002  1.3130186e+002
  1.9066667e+000  1.4590935e+002  1.2785635e+002  1.2273148e+002  1.4105722e+002  1.3403087e+002  1.2629386e+002  1.3128368e+002
  1.9133333e+000  1.4594498e+002  1.2763916e+002  1.2268490e+002  1.4092976e+002  1.3396082e+002  1.2604266e+002  1.3127158e+002
  1.9200000e+000  1.4596822e+002  1.2743584e+002  1.2263700e+002  1.4087553e+002  1.3393137e+002  1.2585072e+002  1.3124834e+002
  1.9266667e+000  1.4596599e+002  1.2722292e+002  1.2261553e+002  1.4079144e+002  1.3391235e+002  1.2561487e+002  1.3126019e+002
  1.9333333e+000  1.4597397e+002  1.2703928e+002  1.2260010e+002  1.4067188e+002  1.3386426e+002  1.2542021e+002  1.3128726e+002
  1.9400000e+000  1.4603091e+002  1.2682616e+002  1.2255493e+002  1.4059518e+002  1.3377153e+002  1.2522479e+002  1.3130388e+002
  1.9466667e+000  1.4606006e+002  1.2662473e+002  1.2250221e+002  1.4065126e+002  1.3372916e+002  1.2499908e+002  1.3130136e+002
  1.9533333e+000  1.4606677e+002  1.2641724e+002  1.2246806e+002  1.4062679e+002  1.3372643e+002  1.2480284e+002  1.3127437e+002
  1.9600000e+000  1.4606036e+002  1.2623359e+002  1.2241702e+002  1.4047702e+002  1.3370901e+002  1.2460722e+002  1.3128448e+002
  1.9666667e+000  1.4606317e+002  1.2602513e+002  1.2234956e+002  1.4041977e+002  1.3364601e+002  1.2440699e+002  1.3131842e+002
  1.9733333e+000  1.4608321e+002  1.2581845e+002  1.2232719e+002  1.4035963e+002  1.3358302e+002  1.2421101e+002  1.3133453e+002
  1.9800000e+000  1.4613585e+002  1.2562788e+002  1.2229894e+002  1.4034834e+002  1.3352026e+002  1.2406110e+002  1.3132318e+002
  1.9866667e+000  1.4611874e+002  1.2545883e+002  1.2226771e+002  1.4031122e+002  1.3346690e+002  1.2392194e+002  1.3135513e+002
  1.9933333e+000  1.4610222e+002  1.2526469e+002  1.2223238e+002  1.4025140e+002  1.3337105e+002  1.2374973e+002  1.3137822e+002
  2.0000000e+000  1.4614853e+002  1.2510710e+002  1.2219492e+002  1.4035208e+002  1.3327979e+002  1.2357423e+002  1.3141390e+002
