 -5.0000000e-001 -2.4313600e-001 -2.4326400e-001 -2.4324700e-001 -2.4312700e-001 -2.4318300e-001
 -4.9333333e-001 -2.4314300e-001 -2.4325600e-001 -2.4323600e-001 -2.4313000e-001 -2.4321400e-001
 -4.8666667e-001 -2.4312000e-001 -2.4326600e-001 -2.4322500e-001 -2.4309500e-001 -2.4317800e-001
 -4.8000000e-001 -2.4313700e-001 -2.4325300e-001 -2.4320700e-001 -2.4308400e-001 -2.4318500e-001
 -4.7333333e-001 -2.4320200e-001 -2.4324000e-001 -2.4325000e-001 -2.4311500e-001 -2.4318400e-001
 -4.6666667e-001 -2.4316700e-001 -2.4324800e-001 -2.4324500e-001 -2.4312300e-001 -2.4320200e-001
 -4.6000000e-001 -2.4313900e-001 -2.4324900e-001 -2.4325500e-001 -2.4309700e-001 -2.4319500e-001
 -4.5333333e-001 -2.4313300e-001 -2.4329900e-001 -2.4327400e-001 -2.4313000e-001 -2.4316900e-001
 -4.4666667e-001 -2.4312200e-001 -2.4323400e-001 -2.4325300e-001 -2.4309400e-001 -2.4320900e-001
 -4.4000000e-001 -2.4314400e-001 -2.4321800e-001 -2.4324300e-001 -2.4311900e-001 -2.4321200e-001
 -4.3333333e-001 -2.4312600e-001 -2.4323500e-001 -2.4330200e-001 -2.4312800e-001 -2.4321500e-001
 -4.2666667e-001 -2.4312100e-001 -2.4323500e-001 -2.4329000e-001 -2.4310500e-001 -2.4316600e-001
 -4.2000000e-001 -2.4311900e-001 -2.4326000e-001 -2.4327300e-001 -2.4310600e-001 -2.4315000e-001
 -4.1333333e-001 -2.4312300e-001 -2.4324200e-001 -2.4325700e-001 -2.4312500e-001 -2.4320300e-001
 -4.0666667e-001 -2.4312800e-001 -2.4325300e-001 -2.4324600e-001 -2.4306500e-001 -2.4322700e-001
 -4.0000000e-001 -2.4314000e-001 -2.4323700e-001 -2.4325900e-001 -2.4310300e-001 -2.4320100e-001
 -3.9333333e-001 -2.4314500e-001 -2.4327000e-001 -2.4322600e-001 -2.4310200e-001 -2.4318900e-001
 -3.8666667e-001 -2.4315000e-001 -2.4326300e-001 -2.4321400e-001 -2.4309600e-001 -2.4317800e-001
 -3.8000000e-001 -2.4312200e-001 -2.4326400e-001 -2.4324800e-001 -2.4310700e-001 -2.4321100e-001
 -3.7333333e-001 -2.4311900e-001 -2.4324100e-001 -2.4324600e-001 -2.4307600e-001 -2.4322000e-001
 -3.6666667e-001 -2.4315700e-001 -2.4322300e-001 -2.4323600e-001 -2.4311700e-001 -2.4321900e-001
 -3.6000000e-001 -2.4314400e-001 -2.4325700e-001 -2.4325500e-001 -2.4307100e-001 -2.4316300e-001
 -3.5333333e-001 -2.4316000e-001 -2.4329100e-001 -2.4326000e-001 -2.4306400e-001 -2.4320000e-001
 -3.4666667e-001 -2.4314300e-001 -2.4325500e-001 -2.4325600e-001 -2.4309400e-001 -2.4321100e-001
 -3.4000000e-001 -2.4314000e-001 -2.4324300e-001 -2.4323800e-001 -2.4308600e-001 -2.4314300e-001
 -3.3333333e-001 -2.4313100e-001 -2.4326300e-001 -2.4325300e-001 -2.4306900e-001 -2.4319100e-001
 -3.2666667e-001 -2.4314500e-001 -2.4323800e-001 -2.4320900e-001 -2.4307800e-001 -2.4322000e-001
 -3.2000000e-001 -2.4316700e-001 -2.4329800e-001 -2.4322500e-001 -2.4311600e-001 -2.4321200e-001
 -3.1333333e-001 -2.4314500e-001 -2.4324200e-001 -2.4320900e-001 -2.4307300e-001 -2.4320900e-001
 -3.0666667e-001 -2.4315000e-001 -2.4322700e-001 -2.4326200e-001 -2.4306500e-001 -2.4318100e-001
 -3.0000000e-001 -2.4313400e-001 -2.4322900e-001 -2.4319200e-001 -2.4306700e-001 -2.4321700e-001
 -2.9333333e-001 -2.4314500e-001 -2.4324800e-001 -2.4322300e-001 -2.4307600e-001 -2.4321200e-001
 -2.8666667e-001 -2.4312700e-001 -2.4326400e-001 -2.4324800e-001 -2.4309200e-001 -2.4317600e-001
 -2.8000000e-001 -2.4313400e-001 -2.4326500e-001 -2.4323800e-001 -2.4312100e-001 -2.4316600e-001
 -2.7333333e-001 -2.4316600e-001 -2.4325300e-001 -2.4322300e-001 -2.4309400e-001 -2.4317400e-001
 -2.6666667e-001 -2.4316500e-001 -2.4324200e-001 -2.4320400e-001 -2.4309500e-001 -2.4321100e-001
 -2.6000000e-001 -2.4313900e-001 -2.4321700e-001 -2.4323800e-001 -2.4304300e-001 -2.4318900e-001
 -2.5333333e-001 -2.4313300e-001 -2.4323600e-001 -2.4322500e-001 -2.4310500e-001 -2.4320900e-001
 -2.4666667e-001 -2.4314700e-001 -2.4320800e-001 -2.4320300e-001 -2.4307300e-001 -2.4322000e-001
 -2.4000000e-001 -2.4314600e-001 -2.4327100e-001 -2.4320300e-001 -2.4304800e-001 -2.4318200e-001
 -2.3333333e-001 -2.4314900e-001 -2.4321600e-001 -2.4325300e-001 -2.4306800e-001 -2.4317900e-001
 -2.2666667e-001 -2.4314300e-001 -2.4322500e-001 -2.4321100e-001 -2.4305700e-001 -2.4318600e-001
 -2.2000000e-001 -2.4313300e-001 -2.4323300e-001 -2.4323300e-001 -2.4307100e-001 -2.4317900e-001
 -2.1333333e-001 -2.4316300e-001 -2.4321400e-001 -2.4321800e-001 -2.4311100e-001 -2.4317900e-001
 -2.0666667e-001 -2.4315200e-001 -2.4322700e-001 -2.4327900e-001 -2.4309500e-001 -2.4323200e-001
 -2.0000000e-001 -2.4312800e-001 -2.4327900e-001 -2.4323600e-001 -2.4308300e-001 -2.4316500e-001
 -1.9333333e-001 -2.4311700e-001 -2.4326300e-001 -2.4323900e-001 -2.4304900e-001 -2.4316700e-001
 -1.8666667e-001 -2.4312400e-001 -2.4323100e-001 -2.4326100e-001 -2.4309200e-001 -2.4319900e-001
 -1.8000000e-001 -2.4310900e-001 -2.4321500e-001 -2.4322300e-001 -2.4309000e-001 -2.4320200e-001
 -1.7333333e-001 -2.4313400e-001 -2.4323000e-001 -2.4322400e-001 -2.4308900e-001 -2.4320100e-001
 -1.6666667e-001 -2.4315200e-001 -2.4322300e-001 -2.4319600e-001 -2.4308800e-001 -2.4318100e-001
 -1.6000000e-001 -2.4316000e-001 -2.4323400e-001 -2.4317200e-001 -2.4309100e-001 -2.4318100e-001
 -1.5333333e-001 -2.4312900e-001 -2.4323800e-001 -2.4321000e-001 -2.4312400e-001 -2.4317000e-001
 -1.4666667e-001 -2.4309500e-001 -2.4322700e-001 -2.4319500e-001 -2.4310500e-001 -2.4315500e-001
 -1.4000000e-001 -2.4310900e-001 -2.4321800e-001 -2.4321900e-001 -2.4311400e-001 -2.4319400e-001
 -1.3333333e-001 -2.4313300e-001 -2.4320800e-001 -2.4323200e-001 -2.4308300e-001 -2.4315000e-001
 -1.2666667e-001 -2.4315900e-001 -2.4325000e-001 -2.4324100e-001 -2.4306600e-001 -2.4318600e-001
 -1.2000000e-001 -2.4313100e-001 -2.4322000e-001 -2.4318400e-001 -2.4308500e-001 -2.4318400e-001
 -1.1333333e-001 -2.4310100e-001 -2.4321500e-001 -2.4318700e-001 -2.4311400e-001 -2.4322600e-001
 -1.0666667e-001 -2.4309100e-001 -2.4324400e-001 -2.4320500e-001 -2.4312100e-001 -2.4322500e-001
 -1.0000000e-001 -2.4309400e-001 -2.4325400e-001 -2.4321200e-001 -2.4310300e-001 -2.4321500e-001
 -9.3333333e-002 -2.4313000e-001 -2.4319700e-001 -2.4320400e-001 -2.4310100e-001 -2.4316700e-001
 -8.6666667e-002 -2.4311700e-001 -2.4318500e-001 -2.4322500e-001 -2.4310200e-001 -2.4315900e-001
 -8.0000000e-002 -2.4316200e-001 -2.4323000e-001 -2.4320700e-001 -2.4312600e-001 -2.4316400e-001
 -7.3333333e-002 -2.4316700e-001 -2.4323200e-001 -2.4318700e-001 -2.4310100e-001 -2.4317600e-001
 -6.6666667e-002 -2.4313800e-001 -2.4321600e-001 -2.4322700e-001 -2.4310000e-001 -2.4321200e-001
 -6.0000000e-002 -2.4313700e-001 -2.4320000e-001 -2.4319500e-001 -2.4310700e-001 -2.4319100e-001
 -5.3333333e-002 -2.4315500e-001 -2.4319900e-001 -2.4316300e-001 -2.4312600e-001 -2.4323200e-001
 -4.6666667e-002 -2.4317100e-001 -2.4322600e-001 -2.4321800e-001 -2.4314500e-001 -2.4323100e-001
 -4.0000000e-002 -2.4316500e-001 -2.4323900e-001 -2.4325800e-001 -2.4310100e-001 -2.4323700e-001
 -3.3333333e-002 -2.4313600e-001 -2.4324500e-001 -2.4323500e-001 -2.4307600e-001 -2.4325700e-001
 -2.6666667e-002 -2.4318500e-001 -2.4324500e-001 -2.4326700e-001 -2.4316400e-001 -2.4321400e-001
 -2.0000000e-002 -2.4316900e-001 -2.4324500e-001 -2.4328000e-001 -2.4323200e-001 -2.4322400e-001
 -1.3333333e-002 -2.4323100e-001 -2.4333300e-001 -2.4337000e-001 -2.4338300e-001 -2.4325900e-001
 -6.6666667e-003 -2.4331300e-001 -2.4341200e-001 -2.4357300e-001 -2.4356800e-001 -2.4335300e-001
  0.0000000e+000 -2.4349800e-001 -2.4357800e-001 -2.4382500e-001 -2.4383000e-001 -2.4356200e-001
  6.6666667e-003 -2.4367100e-001 -2.4378900e-001 -2.4408300e-001 -2.4414900e-001 -2.4378000e-001
  1.3333333e-002 -2.4391600e-001 -2.4411300e-001 -2.4436700e-001 -2.4457600e-001 -2.4401900e-001
  2.0000000e-002 -2.4428100e-001 -2.4445800e-001 -2.4475100e-001 -2.4496400e-001 -2.4433900e-001
  2.6666667e-002 -2.4463100e-001 -2.4486100e-001 -2.4516900e-001 -2.4536100e-001 -2.4475700e-001
  3.3333333e-002 -2.4507200e-001 -2.4529400e-001 -2.4563700e-001 -2.4577400e-001 -2.4513800e-001
  4.0000000e-002 -2.4549100e-001 -2.4570800e-001 -2.4605100e-001 -2.4622500e-001 -2.4559300e-001
  4.6666667e-002 -2.4589500e-001 -2.4610000e-001 -2.4646500e-001 -2.4665700e-001 -2.4602100e-001
  5.3333333e-002 -2.4637400e-001 -2.4653200e-001 -2.4698000e-001 -2.4714500e-001 -2.4647900e-001
  6.0000000e-002 -2.4686200e-001 -2.4702300e-001 -2.4745200e-001 -2.4769500e-001 -2.4693500e-001
  6.6666667e-002 -2.4738300e-001 -2.4755100e-001 -2.4804000e-001 -2.4823800e-001 -2.4744000e-001
  7.3333333e-002 -2.4788700e-001 -2.4804900e-001 -2.4866100e-001 -2.4888400e-001 -2.4801400e-001
  8.0000000e-002 -2.4845700e-001 -2.4868300e-001 -2.4931300e-001 -2.4959500e-001 -2.4854900e-001
  8.6666667e-002 -2.4912600e-001 -2.4938100e-001 -2.5001100e-001 -2.5037700e-001 -2.4922800e-001
  9.3333333e-002 -2.4983800e-001 -2.5012400e-001 -2.5082700e-001 -2.5120800e-001 -2.4995600e-001
  1.0000000e-001 -2.5061300e-001 -2.5092900e-001 -2.5161100e-001 -2.5206200e-001 -2.5074800e-001
  1.0666667e-001 -2.5142400e-001 -2.5175700e-001 -2.5244500e-001 -2.5287300e-001 -2.5153600e-001
  1.1333333e-001 -2.5230100e-001 -2.5256700e-001 -2.5324900e-001 -2.5370500e-001 -2.5243000e-001
  1.2000000e-001 -2.5310200e-001 -2.5336100e-001 -2.5411600e-001 -2.5451900e-001 -2.5328200e-001
  1.2666667e-001 -2.5389700e-001 -2.5422500e-001 -2.5496100e-001 -2.5534000e-001 -2.5410100e-001
  1.3333333e-001 -2.5474400e-001 -2.5501200e-001 -2.5583000e-001 -2.5620700e-001 -2.5491200e-001
  1.4000000e-001 -2.5558100e-001 -2.5588200e-001 -2.5675000e-001 -2.5717000e-001 -2.5572000e-001
  1.4666667e-001 -2.5646400e-001 -2.5680600e-001 -2.5775000e-001 -2.5819000e-001 -2.5666800e-001
  1.5333333e-001 -2.5739000e-001 -2.5778900e-001 -2.5875400e-001 -2.5925400e-001 -2.5765400e-001
  1.6000000e-001 -2.5839400e-001 -2.5877500e-001 -2.5987400e-001 -2.6035200e-001 -2.5859900e-001
  1.6666667e-001 -2.5950800e-001 -2.5988700e-001 -2.6098000e-001 -2.6152800e-001 -2.5969700e-001
  1.7333333e-001 -2.6056600e-001 -2.6100800e-001 -2.6216400e-001 -2.6268800e-001 -2.6082900e-001
  1.8000000e-001 -2.6166600e-001 -2.6220200e-001 -2.6344100e-001 -2.6391700e-001 -2.6197400e-001
  1.8666667e-001 -2.6285200e-001 -2.6346600e-001 -2.6471900e-001 -2.6520400e-001 -2.6318400e-001
  1.9333333e-001 -2.6399400e-001 -2.6467000e-001 -2.6586900e-001 -2.6648800e-001 -2.6445700e-001
  2.0000000e-001 -2.6521800e-001 -2.6591900e-001 -2.6714100e-001 -2.6780700e-001 -2.6570400e-001
  2.0666667e-001 -2.6649500e-001 -2.6718700e-001 -2.6841800e-001 -2.6916500e-001 -2.6702500e-001
  2.1333333e-001 -2.6776200e-001 -2.6852600e-001 -2.6970900e-001 -2.7054500e-001 -2.6837500e-001
  2.2000000e-001 -2.6914400e-001 -2.6986000e-001 -2.7108000e-001 -2.7190800e-001 -2.6975900e-001
  2.2666667e-001 -2.7059100e-001 -2.7122200e-001 -2.7248900e-001 -2.7335500e-001 -2.7114400e-001
  2.3333333e-001 -2.7205400e-001 -2.7264200e-001 -2.7394200e-001 -2.7477300e-001 -2.7250900e-001
  2.4000000e-001 -2.7346500e-001 -2.7406700e-001 -2.7537600e-001 -2.7626100e-001 -2.7397500e-001
  2.4666667e-001 -2.7495400e-001 -2.7555700e-001 -2.7684700e-001 -2.7781800e-001 -2.7541400e-001
  2.5333333e-001 -2.7650100e-001 -2.7709600e-001 -2.7833200e-001 -2.7933600e-001 -2.7683700e-001
  2.6000000e-001 -2.7807400e-001 -2.7862500e-001 -2.7987000e-001 -2.8089900e-001 -2.7837600e-001
  2.6666667e-001 -2.7962800e-001 -2.8018900e-001 -2.8155200e-001 -2.8261900e-001 -2.7992600e-001
  2.7333333e-001 -2.8126300e-001 -2.8186900e-001 -2.8319200e-001 -2.8426500e-001 -2.8152500e-001
  2.8000000e-001 -2.8293500e-001 -2.8351800e-001 -2.8488600e-001 -2.8597700e-001 -2.8324100e-001
  2.8666667e-001 -2.8457700e-001 -2.8518700e-001 -2.8651500e-001 -2.8771800e-001 -2.8486200e-001
  2.9333333e-001 -2.8627700e-001 -2.8680700e-001 -2.8820800e-001 -2.8947200e-001 -2.8654100e-001
  3.0000000e-001 -2.8795500e-001 -2.8850900e-001 -2.8998800e-001 -2.9124600e-001 -2.8827500e-001
  3.0666667e-001 -2.8965200e-001 -2.9024600e-001 -2.9185000e-001 -2.9304200e-001 -2.9009500e-001
  3.1333333e-001 -2.9145500e-001 -2.9197000e-001 -2.9367700e-001 -2.9482800e-001 -2.9189900e-001
  3.2000000e-001 -2.9324100e-001 -2.9377900e-001 -2.9552600e-001 -2.9650100e-001 -2.9371400e-001
  3.2666667e-001 -2.9505600e-001 -2.9552600e-001 -2.9735100e-001 -2.9812000e-001 -2.9551400e-001
  3.3333333e-001 -2.9678800e-001 -2.9722700e-001 -2.9903300e-001 -2.9968300e-001 -2.9722300e-001
  3.4000000e-001 -2.9855600e-001 -2.9896200e-001 -3.0066400e-001 -3.0129000e-001 -2.9887100e-001
  3.4666667e-001 -3.0024400e-001 -3.0062400e-001 -3.0226400e-001 -3.0289500e-001 -3.0047400e-001
  3.5333333e-001 -3.0188300e-001 -3.0232100e-001 -3.0381200e-001 -3.0454000e-001 -3.0199600e-001
  3.6000000e-001 -3.0347300e-001 -3.0394900e-001 -3.0533500e-001 -3.0616500e-001 -3.0357300e-001
  3.6666667e-001 -3.0505300e-001 -3.0554100e-001 -3.0689700e-001 -3.0779300e-001 -3.0518200e-001
  3.7333333e-001 -3.0659400e-001 -3.0714400e-001 -3.0851100e-001 -3.0945300e-001 -3.0674800e-001
  3.8000000e-001 -3.0820400e-001 -3.0874600e-001 -3.1013600e-001 -3.1116500e-001 -3.0840600e-001
  3.8666667e-001 -3.0983200e-001 -3.1040000e-001 -3.1178100e-001 -3.1294100e-001 -3.1010600e-001
  3.9333333e-001 -3.1149800e-001 -3.1212200e-001 -3.1354700e-001 -3.1469500e-001 -3.1181400e-001
  4.0000000e-001 -3.1320000e-001 -3.1385000e-001 -3.1534700e-001 -3.1647000e-001 -3.1356300e-001
  4.0666667e-001 -3.1492100e-001 -3.1564300e-001 -3.1716500e-001 -3.1816300e-001 -3.1532400e-001
  4.1333333e-001 -3.1665000e-001 -3.1740100e-001 -3.1897200e-001 -3.1981900e-001 -3.1710900e-001
  4.2000000e-001 -3.1838000e-001 -3.1903700e-001 -3.2069200e-001 -3.2144600e-001 -3.1888400e-001
  4.2666667e-001 -3.2015000e-001 -3.2069500e-001 -3.2237900e-001 -3.2308500e-001 -3.2056500e-001
  4.3333333e-001 -3.2191300e-001 -3.2239100e-001 -3.2397200e-001 -3.2471400e-001 -3.2223100e-001
  4.4000000e-001 -3.2362200e-001 -3.2398900e-001 -3.2552300e-001 -3.2627100e-001 -3.2380200e-001
  4.4666667e-001 -3.2527000e-001 -3.2557700e-001 -3.2701500e-001 -3.2790100e-001 -3.2536000e-001
  4.5333333e-001 -3.2696100e-001 -3.2719900e-001 -3.2860100e-001 -3.2960700e-001 -3.2694600e-001
  4.6000000e-001 -3.2844100e-001 -3.2882500e-001 -3.3021100e-001 -3.3127900e-001 -3.2850400e-001
  4.6666667e-001 -3.2998200e-001 -3.3051600e-001 -3.3190500e-001 -3.3299700e-001 -3.3015400e-001
  4.7333333e-001 -3.3161300e-001 -3.3218600e-001 -3.3359100e-001 -3.3473100e-001 -3.3183100e-001
  4.8000000e-001 -3.3330200e-001 -3.3392400e-001 -3.3535500e-001 -3.3644100e-001 -3.3355100e-001
  4.8666667e-001 -3.3499700e-001 -3.3565500e-001 -3.3712000e-001 -3.3809200e-001 -3.3534200e-001
  4.9333333e-001 -3.3675600e-001 -3.3732900e-001 -3.3883900e-001 -3.3975700e-001 -3.3712100e-001
  5.0000000e-001 -3.3846600e-001 -3.3905200e-001 -3.4055900e-001 -3.4139300e-001 -3.3882200e-001
  5.0666667e-001 -3.4023600e-001 -3.4070900e-001 -3.4220200e-001 -3.4304500e-001 -3.4046200e-001
  5.1333333e-001 -3.4196200e-001 -3.4231900e-001 -3.4380000e-001 -3.4470000e-001 -3.4208000e-001
  5.2000000e-001 -3.4361200e-001 -3.4394100e-001 -3.4540100e-001 -3.4632600e-001 -3.4376600e-001
  5.2666667e-001 -3.4523100e-001 -3.4557600e-001 -3.4706300e-001 -3.4806000e-001 -3.4537500e-001
  5.3333333e-001 -3.4686500e-001 -3.4721600e-001 -3.4868400e-001 -3.4974900e-001 -3.4694300e-001
  5.4000000e-001 -3.4845400e-001 -3.4895600e-001 -3.5039500e-001 -3.5143800e-001 -3.4861900e-001
  5.4666667e-001 -3.5010900e-001 -3.5062300e-001 -3.5209900e-001 -3.5315100e-001 -3.5029200e-001
  5.5333333e-001 -3.5181500e-001 -3.5233300e-001 -3.5382100e-001 -3.5484800e-001 -3.5201900e-001
  5.6000000e-001 -3.5347000e-001 -3.5404900e-001 -3.5557300e-001 -3.5656400e-001 -3.5375300e-001
  5.6666667e-001 -3.5520200e-001 -3.5574900e-001 -3.5728800e-001 -3.5821900e-001 -3.5547500e-001
  5.7333333e-001 -3.5694000e-001 -3.5742800e-001 -3.5893700e-001 -3.5985500e-001 -3.5721100e-001
  5.8000000e-001 -3.5866200e-001 -3.5912500e-001 -3.6055900e-001 -3.6146200e-001 -3.5889100e-001
  5.8666667e-001 -3.6034500e-001 -3.6076900e-001 -3.6219100e-001 -3.6314700e-001 -3.6053400e-001
  5.9333333e-001 -3.6200500e-001 -3.6240100e-001 -3.6383200e-001 -3.6475300e-001 -3.6215700e-001
  6.0000000e-001 -3.6362100e-001 -3.6404800e-001 -3.6547700e-001 -3.6645000e-001 -3.6377100e-001
  6.0666667e-001 -3.6526800e-001 -3.6570900e-001 -3.6713700e-001 -3.6816100e-001 -3.6539900e-001
  6.1333333e-001 -3.6691100e-001 -3.6738100e-001 -3.6887100e-001 -3.6985700e-001 -3.6712000e-001
  6.2000000e-001 -3.6856700e-001 -3.6909700e-001 -3.7064200e-001 -3.7149700e-001 -3.6878200e-001
  6.2666667e-001 -3.7023500e-001 -3.7076000e-001 -3.7237800e-001 -3.7322200e-001 -3.7048100e-001
  6.3333333e-001 -3.7189700e-001 -3.7246400e-001 -3.7412000e-001 -3.7496100e-001 -3.7218400e-001
  6.4000000e-001 -3.7364900e-001 -3.7416300e-001 -3.7581800e-001 -3.7663000e-001 -3.7391100e-001
  6.4666667e-001 -3.7537600e-001 -3.7588300e-001 -3.7749900e-001 -3.7830000e-001 -3.7564800e-001
  6.5333333e-001 -3.7709700e-001 -3.7755700e-001 -3.7909800e-001 -3.7995500e-001 -3.7734300e-001
  6.6000000e-001 -3.7875000e-001 -3.7921500e-001 -3.8068600e-001 -3.8161400e-001 -3.7900400e-001
  6.6666667e-001 -3.8039800e-001 -3.8089900e-001 -3.8231000e-001 -3.8322700e-001 -3.8064200e-001
  6.7333333e-001 -3.8206500e-001 -3.8253400e-001 -3.8392200e-001 -3.8488900e-001 -3.8224500e-001
  6.8000000e-001 -3.8371700e-001 -3.8414200e-001 -3.8557900e-001 -3.8663100e-001 -3.8392300e-001
  6.8666667e-001 -3.8533300e-001 -3.8580100e-001 -3.8727600e-001 -3.8829500e-001 -3.8554100e-001
  6.9333333e-001 -3.8703400e-001 -3.8752400e-001 -3.8894800e-001 -3.8997100e-001 -3.8727200e-001
  7.0000000e-001 -3.8867700e-001 -3.8924200e-001 -3.9064300e-001 -3.9163900e-001 -3.8893100e-001
  7.0666667e-001 -3.9034600e-001 -3.9087200e-001 -3.9227800e-001 -3.9326400e-001 -3.9059700e-001
  7.1333333e-001 -3.9196300e-001 -3.9255500e-001 -3.9384800e-001 -3.9491800e-001 -3.9225000e-001
  7.2000000e-001 -3.9364300e-001 -3.9414800e-001 -3.9549300e-001 -3.9663500e-001 -3.9396200e-001
  7.2666667e-001 -3.9538700e-001 -3.9582600e-001 -3.9726600e-001 -3.9831300e-001 -3.9563300e-001
  7.3333333e-001 -3.9709400e-001 -3.9756900e-001 -3.9896800e-001 -3.9999700e-001 -3.9730000e-001
  7.4000000e-001 -3.9878800e-001 -3.9921200e-001 -4.0074600e-001 -4.0164600e-001 -3.9895100e-001
  7.4666667e-001 -4.0039400e-001 -4.0083800e-001 -4.0248500e-001 -4.0323100e-001 -4.0060300e-001
  7.5333333e-001 -4.0207200e-001 -4.0251900e-001 -4.0412400e-001 -4.0489600e-001 -4.0223900e-001
  7.6000000e-001 -4.0371600e-001 -4.0418400e-001 -4.0577500e-001 -4.0659900e-001 -4.0389400e-001
  7.6666667e-001 -4.0539900e-001 -4.0589600e-001 -4.0740700e-001 -4.0828200e-001 -4.0557500e-001
  7.7333333e-001 -4.0704500e-001 -4.0762300e-001 -4.0902700e-001 -4.0989300e-001 -4.0729000e-001
  7.8000000e-001 -4.0876100e-001 -4.0928500e-001 -4.1056900e-001 -4.1142700e-001 -4.0898800e-001
  7.8666667e-001 -4.1033400e-001 -4.1080600e-001 -4.1201100e-001 -4.1293500e-001 -4.1058300e-001
  7.9333333e-001 -4.1187300e-001 -4.1234100e-001 -4.1346600e-001 -4.1433500e-001 -4.1208100e-001
  8.0000000e-001 -4.1336600e-001 -4.1380500e-001 -4.1491800e-001 -4.1568000e-001 -4.1354200e-001
  8.0666667e-001 -4.1476700e-001 -4.1517900e-001 -4.1629300e-001 -4.1701400e-001 -4.1493800e-001
  8.1333333e-001 -4.1614600e-001 -4.1651500e-001 -4.1765300e-001 -4.1832700e-001 -4.1624500e-001
  8.2000000e-001 -4.1745800e-001 -4.1783200e-001 -4.1899400e-001 -4.1956700e-001 -4.1753600e-001
  8.2666667e-001 -4.1877600e-001 -4.1910600e-001 -4.2027300e-001 -4.2082500e-001 -4.1885500e-001
  8.3333333e-001 -4.1997400e-001 -4.2034900e-001 -4.2155200e-001 -4.2211300e-001 -4.2011500e-001
  8.4000000e-001 -4.2123900e-001 -4.2161300e-001 -4.2278000e-001 -4.2336700e-001 -4.2138400e-001
  8.4666667e-001 -4.2250900e-001 -4.2285700e-001 -4.2391300e-001 -4.2458900e-001 -4.2264500e-001
  8.5333333e-001 -4.2368100e-001 -4.2406800e-001 -4.2510700e-001 -4.2570200e-001 -4.2388800e-001
  8.6000000e-001 -4.2487800e-001 -4.2524700e-001 -4.2622400e-001 -4.2677500e-001 -4.2501900e-001
  8.6666667e-001 -4.2599700e-001 -4.2641800e-001 -4.2726200e-001 -4.2784400e-001 -4.2612400e-001
  8.7333333e-001 -4.2713700e-001 -4.2748100e-001 -4.2833600e-001 -4.2882600e-001 -4.2722200e-001
  8.8000000e-001 -4.2818300e-001 -4.2842300e-001 -4.2933700e-001 -4.2979400e-001 -4.2827600e-001
  8.8666667e-001 -4.2914400e-001 -4.2942900e-001 -4.3033700e-001 -4.3077900e-001 -4.2926200e-001
  8.9333333e-001 -4.3012400e-001 -4.3042000e-001 -4.3126200e-001 -4.3165600e-001 -4.3026900e-001
  9.0000000e-001 -4.3102100e-001 -4.3134600e-001 -4.3221300e-001 -4.3263600e-001 -4.3121600e-001
  9.0666667e-001 -4.3194700e-001 -4.3230400e-001 -4.3315800e-001 -4.3351700e-001 -4.3205700e-001
  9.1333333e-001 -4.3286000e-001 -4.3314800e-001 -4.3404000e-001 -4.3437500e-001 -4.3299400e-001
  9.2000000e-001 -4.3372400e-001 -4.3397700e-001 -4.3483400e-001 -4.3520900e-001 -4.3382100e-001
  9.2666667e-001 -4.3447400e-001 -4.3485100e-001 -4.3553100e-001 -4.3598500e-001 -4.3464200e-001
  9.3333333e-001 -4.3527700e-001 -4.3562700e-001 -4.3620800e-001 -4.3663800e-001 -4.3542700e-001
  9.4000000e-001 -4.3606400e-001 -4.3634000e-001 -4.3690500e-001 -4.3731900e-001 -4.3615000e-001
  9.4666667e-001 -4.3674100e-001 -4.3701200e-001 -4.3757600e-001 -4.3788000e-001 -4.3683000e-001
  9.5333333e-001 -4.3739500e-001 -4.3768000e-001 -4.3823300e-001 -4.3850500e-001 -4.3750400e-001
  9.6000000e-001 -4.3806000e-001 -4.3834800e-001 -4.3878400e-001 -4.3901700e-001 -4.3813700e-001
  9.6666667e-001 -4.3867000e-001 -4.3882500e-001 -4.3938300e-001 -4.3954700e-001 -4.3866100e-001
  9.7333333e-001 -4.3925100e-001 -4.3941700e-001 -4.3992700e-001 -4.4016700e-001 -4.3927200e-001
  9.8000000e-001 -4.3980000e-001 -4.3996400e-001 -4.4043500e-001 -4.4065100e-001 -4.3980000e-001
  9.8666667e-001 -4.4031100e-001 -4.4047600e-001 -4.4084500e-001 -4.4109200e-001 -4.4032100e-001
  9.9333333e-001 -4.4079700e-001 -4.4094500e-001 -4.4128800e-001 -4.4153300e-001 -4.4080000e-001
  1.0000000e+000 -4.4117800e-001 -4.4137400e-001 -4.4167000e-001 -4.4194600e-001 -4.4127700e-001
  1.0066667e+000 -4.4156000e-001 -4.4175800e-001 -4.4198500e-001 -4.4220600e-001 -4.4162100e-001
  1.0133333e+000 -4.4193600e-001 -4.4214100e-001 -4.4219100e-001 -4.4246100e-001 -4.4197300e-001
  1.0200000e+000 -4.4223700e-001 -4.4238000e-001 -4.4241300e-001 -4.4270500e-001 -4.4227500e-001
  1.0266667e+000 -4.4249200e-001 -4.4260000e-001 -4.4264400e-001 -4.4287500e-001 -4.4253700e-001
  1.0333333e+000 -4.4276300e-001 -4.4281000e-001 -4.4281900e-001 -4.4299800e-001 -4.4270500e-001
  1.0400000e+000 -4.4298600e-001 -4.4301000e-001 -4.4299200e-001 -4.4315500e-001 -4.4292300e-001
  1.0466667e+000 -4.4309300e-001 -4.4318100e-001 -4.4318800e-001 -4.4327700e-001 -4.4311200e-001
  1.0533333e+000 -4.4325100e-001 -4.4331300e-001 -4.4330900e-001 -4.4338400e-001 -4.4325400e-001
  1.0600000e+000 -4.4341200e-001 -4.4342900e-001 -4.4345200e-001 -4.4340600e-001 -4.4336100e-001
  1.0666667e+000 -4.4346900e-001 -4.4354400e-001 -4.4353500e-001 -4.4347100e-001 -4.4348100e-001
  1.0733333e+000 -4.4350400e-001 -4.4351500e-001 -4.4352100e-001 -4.4349800e-001 -4.4352900e-001
  1.0800000e+000 -4.4351700e-001 -4.4353700e-001 -4.4343000e-001 -4.4343100e-001 -4.4346200e-001
  1.0866667e+000 -4.4343500e-001 -4.4347500e-001 -4.4332400e-001 -4.4339100e-001 -4.4346000e-001
  1.0933333e+000 -4.4341500e-001 -4.4344600e-001 -4.4324700e-001 -4.4329600e-001 -4.4341700e-001
  1.1000000e+000 -4.4340000e-001 -4.4343300e-001 -4.4320000e-001 -4.4328600e-001 -4.4341600e-001
  1.1066667e+000 -4.4342000e-001 -4.4338700e-001 -4.4317800e-001 -4.4328300e-001 -4.4343100e-001
  1.1133333e+000 -4.4342800e-001 -4.4344500e-001 -4.4321200e-001 -4.4334400e-001 -4.4344600e-001
  1.1200000e+000 -4.4341400e-001 -4.4340400e-001 -4.4323700e-001 -4.4333200e-001 -4.4344000e-001
  1.1266667e+000 -4.4348300e-001 -4.4344400e-001 -4.4336200e-001 -4.4332800e-001 -4.4346600e-001
  1.1333333e+000 -4.4348200e-001 -4.4352700e-001 -4.4338800e-001 -4.4334300e-001 -4.4345300e-001
  1.1400000e+000 -4.4346000e-001 -4.4348600e-001 -4.4341800e-001 -4.4341800e-001 -4.4347800e-001
  1.1466667e+000 -4.4350100e-001 -4.4343800e-001 -4.4343000e-001 -4.4337400e-001 -4.4348000e-001
  1.1533333e+000 -4.4344500e-001 -4.4347300e-001 -4.4338500e-001 -4.4329300e-001 -4.4346300e-001
  1.1600000e+000 -4.4340800e-001 -4.4344800e-001 -4.4341200e-001 -4.4334300e-001 -4.4346200e-001
  1.1666667e+000 -4.4342200e-001 -4.4346800e-001 -4.4342200e-001 -4.4339000e-001 -4.4347100e-001
  1.1733333e+000 -4.4345800e-001 -4.4345700e-001 -4.4337900e-001 -4.4334300e-001 -4.4345600e-001
  1.1800000e+000 -4.4349600e-001 -4.4349600e-001 -4.4339500e-001 -4.4334500e-001 -4.4342200e-001
  1.1866667e+000 -4.4344700e-001 -4.4346400e-001 -4.4335300e-001 -4.4334600e-001 -4.4340600e-001
  1.1933333e+000 -4.4343800e-001 -4.4343000e-001 -4.4330300e-001 -4.4333800e-001 -4.4345200e-001
  1.2000000e+000 -4.4340800e-001 -4.4342100e-001 -4.4330200e-001 -4.4336200e-001 -4.4348800e-001
  1.2066667e+000 -4.4344700e-001 -4.4347100e-001 -4.4324800e-001 -4.4333200e-001 -4.4343700e-001
  1.2133333e+000 -4.4344900e-001 -4.4348900e-001 -4.4327100e-001 -4.4334300e-001 -4.4338400e-001
  1.2200000e+000 -4.4344800e-001 -4.4345900e-001 -4.4325500e-001 -4.4338200e-001 -4.4339300e-001
  1.2266667e+000 -4.4346200e-001 -4.4350600e-001 -4.4327100e-001 -4.4336800e-001 -4.4344800e-001
  1.2333333e+000 -4.4341900e-001 -4.4349500e-001 -4.4326700e-001 -4.4338600e-001 -4.4343000e-001
  1.2400000e+000 -4.4344700e-001 -4.4345300e-001 -4.4327500e-001 -4.4333400e-001 -4.4345900e-001
  1.2466667e+000 -4.4346200e-001 -4.4346000e-001 -4.4324900e-001 -4.4331500e-001 -4.4341500e-001
  1.2533333e+000 -4.4344700e-001 -4.4350900e-001 -4.4329500e-001 -4.4341700e-001 -4.4347600e-001
  1.2600000e+000 -4.4342800e-001 -4.4350500e-001 -4.4334000e-001 -4.4336400e-001 -4.4339500e-001
  1.2666667e+000 -4.4342100e-001 -4.4349000e-001 -4.4333400e-001 -4.4335900e-001 -4.4341100e-001
  1.2733333e+000 -4.4341700e-001 -4.4349000e-001 -4.4330700e-001 -4.4332800e-001 -4.4341400e-001
  1.2800000e+000 -4.4339800e-001 -4.4347700e-001 -4.4331600e-001 -4.4330200e-001 -4.4346400e-001
  1.2866667e+000 -4.4342100e-001 -4.4348700e-001 -4.4329400e-001 -4.4329700e-001 -4.4344100e-001
  1.2933333e+000 -4.4341600e-001 -4.4348000e-001 -4.4330200e-001 -4.4332800e-001 -4.4343700e-001
  1.3000000e+000 -4.4339200e-001 -4.4347800e-001 -4.4330900e-001 -4.4332300e-001 -4.4344700e-001
  1.3066667e+000 -4.4339600e-001 -4.4340200e-001 -4.4330800e-001 -4.4329400e-001 -4.4341700e-001
  1.3133333e+000 -4.4338300e-001 -4.4347600e-001 -4.4337100e-001 -4.4334100e-001 -4.4346200e-001
  1.3200000e+000 -4.4339400e-001 -4.4344100e-001 -4.4331700e-001 -4.4331400e-001 -4.4342200e-001
  1.3266667e+000 -4.4344400e-001 -4.4346900e-001 -4.4329900e-001 -4.4329200e-001 -4.4340300e-001
  1.3333333e+000 -4.4339300e-001 -4.4346100e-001 -4.4325000e-001 -4.4332400e-001 -4.4342200e-001
  1.3400000e+000 -4.4337000e-001 -4.4350600e-001 -4.4321500e-001 -4.4331500e-001 -4.4338600e-001
  1.3466667e+000 -4.4341400e-001 -4.4347300e-001 -4.4325300e-001 -4.4335500e-001 -4.4338900e-001
  1.3533333e+000 -4.4341900e-001 -4.4345600e-001 -4.4325300e-001 -4.4332100e-001 -4.4338300e-001
  1.3600000e+000 -4.4338200e-001 -4.4344500e-001 -4.4322800e-001 -4.4331300e-001 -4.4343700e-001
  1.3666667e+000 -4.4334300e-001 -4.4346700e-001 -4.4321900e-001 -4.4325300e-001 -4.4340600e-001
  1.3733333e+000 -4.4335400e-001 -4.4343000e-001 -4.4324700e-001 -4.4331000e-001 -4.4339200e-001
  1.3800000e+000 -4.4336800e-001 -4.4347800e-001 -4.4319700e-001 -4.4335300e-001 -4.4335200e-001
  1.3866667e+000 -4.4333700e-001 -4.4349400e-001 -4.4320600e-001 -4.4333400e-001 -4.4338800e-001
  1.3933333e+000 -4.4330600e-001 -4.4347400e-001 -4.4321800e-001 -4.4332300e-001 -4.4341400e-001
  1.4000000e+000 -4.4336000e-001 -4.4344500e-001 -4.4324200e-001 -4.4337100e-001 -4.4341100e-001
  1.4066667e+000 -4.4331500e-001 -4.4340700e-001 -4.4320800e-001 -4.4335900e-001 -4.4339100e-001
  1.4133333e+000 -4.4329900e-001 -4.4340200e-001 -4.4321800e-001 -4.4335900e-001 -4.4334800e-001
  1.4200000e+000 -4.4325300e-001 -4.4339500e-001 -4.4324100e-001 -4.4334900e-001 -4.4337900e-001
  1.4266667e+000 -4.4326400e-001 -4.4339200e-001 -4.4321900e-001 -4.4335200e-001 -4.4339900e-001
  1.4333333e+000 -4.4329500e-001 -4.4338600e-001 -4.4329600e-001 -4.4329600e-001 -4.4339800e-001
  1.4400000e+000 -4.4334800e-001 -4.4333500e-001 -4.4326000e-001 -4.4333800e-001 -4.4336500e-001
  1.4466667e+000 -4.4336000e-001 -4.4332700e-001 -4.4328200e-001 -4.4336400e-001 -4.4339300e-001
  1.4533333e+000 -4.4335600e-001 -4.4331000e-001 -4.4327100e-001 -4.4335100e-001 -4.4336400e-001
  1.4600000e+000 -4.4332500e-001 -4.4334400e-001 -4.4328600e-001 -4.4334700e-001 -4.4337500e-001
  1.4666667e+000 -4.4335800e-001 -4.4337200e-001 -4.4332200e-001 -4.4331900e-001 -4.4334800e-001
  1.4733333e+000 -4.4334500e-001 -4.4341900e-001 -4.4330100e-001 -4.4334400e-001 -4.4333100e-001
  1.4800000e+000 -4.4335600e-001 -4.4341100e-001 -4.4328500e-001 -4.4337300e-001 -4.4335900e-001
  1.4866667e+000 -4.4336800e-001 -4.4342700e-001 -4.4322000e-001 -4.4331400e-001 -4.4334000e-001
  1.4933333e+000 -4.4339900e-001 -4.4340200e-001 -4.4326600e-001 -4.4334200e-001 -4.4337300e-001
  1.5000000e+000 -4.4342800e-001 -4.4341100e-001 -4.4328100e-001 -4.4336400e-001 -4.4333900e-001
  1.5066667e+000 -4.4337200e-001 -4.4342300e-001 -4.4331000e-001 -4.4336000e-001 -4.4331500e-001
  1.5133333e+000 -4.4338500e-001 -4.4345000e-001 -4.4329000e-001 -4.4335000e-001 -4.4334700e-001
  1.5200000e+000 -4.4343700e-001 -4.4342300e-001 -4.4329000e-001 -4.4339900e-001 -4.4337200e-001
  1.5266667e+000 -4.4342700e-001 -4.4343400e-001 -4.4328900e-001 -4.4340900e-001 -4.4332600e-001
  1.5333333e+000 -4.4346900e-001 -4.4344300e-001 -4.4327600e-001 -4.4340600e-001 -4.4332800e-001
  1.5400000e+000 -4.4346300e-001 -4.4345000e-001 -4.4333900e-001 -4.4339000e-001 -4.4330500e-001
  1.5466667e+000 -4.4338500e-001 -4.4348500e-001 -4.4333200e-001 -4.4333700e-001 -4.4339300e-001
  1.5533333e+000 -4.4340000e-001 -4.4349100e-001 -4.4329400e-001 -4.4333900e-001 -4.4339000e-001
  1.5600000e+000 -4.4342200e-001 -4.4344600e-001 -4.4329400e-001 -4.4335700e-001 -4.4335000e-001
  1.5666667e+000 -4.4337200e-001 -4.4348300e-001 -4.4334100e-001 -4.4336500e-001 -4.4336200e-001
  1.5733333e+000 -4.4336800e-001 -4.4345600e-001 -4.4338800e-001 -4.4339200e-001 -4.4339800e-001
  1.5800000e+000 -4.4339200e-001 -4.4347100e-001 -4.4337000e-001 -4.4336900e-001 -4.4338500e-001
  1.5866667e+000 -4.4340200e-001 -4.4345800e-001 -4.4333900e-001 -4.4336400e-001 -4.4335300e-001
  1.5933333e+000 -4.4332800e-001 -4.4349300e-001 -4.4330900e-001 -4.4337500e-001 -4.4338800e-001
  1.6000000e+000 -4.4337000e-001 -4.4344600e-001 -4.4334800e-001 -4.4336100e-001 -4.4342700e-001
  1.6066667e+000 -4.4340600e-001 -4.4344200e-001 -4.4331900e-001 -4.4341700e-001 -4.4336900e-001
  1.6133333e+000 -4.4342800e-001 -4.4343800e-001 -4.4332000e-001 -4.4332900e-001 -4.4337500e-001
  1.6200000e+000 -4.4338300e-001 -4.4347200e-001 -4.4332100e-001 -4.4334100e-001 -4.4337400e-001
  1.6266667e+000 -4.4338600e-001 -4.4345200e-001 -4.4329700e-001 -4.4336900e-001 -4.4339000e-001
  1.6333333e+000 -4.4342700e-001 -4.4345300e-001 -4.4335400e-001 -4.4336400e-001 -4.4334800e-001
  1.6400000e+000 -4.4341600e-001 -4.4345300e-001 -4.4337300e-001 -4.4335100e-001 -4.4334800e-001
  1.6466667e+000 -4.4337800e-001 -4.4345700e-001 -4.4338500e-001 -4.4335900e-001 -4.4330000e-001
  1.6533333e+000 -4.4332000e-001 -4.4346900e-001 -4.4334800e-001 -4.4333400e-001 -4.4338200e-001
  1.6600000e+000 -4.4341500e-001 -4.4346400e-001 -4.4338100e-001 -4.4339700e-001 -4.4338400e-001
  1.6666667e+000 -4.4337000e-001 -4.4343600e-001 -4.4335900e-001 -4.4340300e-001 -4.4335800e-001
  1.6733333e+000 -4.4338900e-001 -4.4344800e-001 -4.4330600e-001 -4.4337400e-001 -4.4338700e-001
  1.6800000e+000 -4.4336100e-001 -4.4348000e-001 -4.4335700e-001 -4.4337500e-001 -4.4340900e-001
  1.6866667e+000 -4.4339200e-001 -4.4344200e-001 -4.4335600e-001 -4.4332800e-001 -4.4339600e-001
  1.6933333e+000 -4.4344300e-001 -4.4345300e-001 -4.4334000e-001 -4.4334200e-001 -4.4340700e-001
  1.7000000e+000 -4.4339900e-001 -4.4344900e-001 -4.4334000e-001 -4.4335900e-001 -4.4334600e-001
  1.7066667e+000 -4.4336200e-001 -4.4343700e-001 -4.4334200e-001 -4.4337900e-001 -4.4340200e-001
  1.7133333e+000 -4.4338400e-001 -4.4348800e-001 -4.4334300e-001 -4.4335300e-001 -4.4343600e-001
  1.7200000e+000 -4.4335600e-001 -4.4341100e-001 -4.4331300e-001 -4.4334000e-001 -4.4338000e-001
  1.7266667e+000 -4.4338400e-001 -4.4345100e-001 -4.4336400e-001 -4.4329800e-001 -4.4337100e-001
  1.7333333e+000 -4.4341500e-001 -4.4347500e-001 -4.4332800e-001 -4.4336600e-001 -4.4338000e-001
  1.7400000e+000 -4.4338900e-001 -4.4347400e-001 -4.4333400e-001 -4.4335700e-001 -4.4337400e-001
  1.7466667e+000 -4.4344100e-001 -4.4346100e-001 -4.4335400e-001 -4.4333600e-001 -4.4339100e-001
  1.7533333e+000 -4.4340300e-001 -4.4345700e-001 -4.4334700e-001 -4.4331900e-001 -4.4337000e-001
  1.7600000e+000 -4.4341400e-001 -4.4344300e-001 -4.4335200e-001 -4.4328800e-001 -4.4337400e-001
  1.7666667e+000 -4.4339600e-001 -4.4346700e-001 -4.4333000e-001 -4.4334600e-001 -4.4337400e-001
  1.7733333e+000 -4.4333600e-001 -4.4347600e-001 -4.4328400e-001 -4.4334500e-001 -4.4343300e-001
  1.7800000e+000 -4.4335800e-001 -4.4346800e-001 -4.4331400e-001 -4.4332800e-001 -4.4339200e-001
  1.7866667e+000 -4.4336200e-001 -4.4347600e-001 -4.4338000e-001 -4.4332000e-001 -4.4342700e-001
  1.7933333e+000 -4.4335500e-001 -4.4348200e-001 -4.4336800e-001 -4.4334200e-001 -4.4337200e-001
  1.8000000e+000 -4.4343300e-001 -4.4349900e-001 -4.4335200e-001 -4.4329400e-001 -4.4343200e-001
  1.8066667e+000 -4.4342700e-001 -4.4346800e-001 -4.4336700e-001 -4.4332700e-001 -4.4336200e-001
  1.8133333e+000 -4.4337800e-001 -4.4343400e-001 -4.4338300e-001 -4.4334800e-001 -4.4338100e-001
  1.8200000e+000 -4.4338100e-001 -4.4344600e-001 -4.4338200e-001 -4.4338100e-001 -4.4341500e-001
  1.8266667e+000 -4.4339000e-001 -4.4340600e-001 -4.4338600e-001 -4.4334900e-001 -4.4343000e-001
  1.8333333e+000 -4.4338300e-001 -4.4339700e-001 -4.4337300e-001 -4.4335000e-001 -4.4343700e-001
  1.8400000e+000 -4.4338300e-001 -4.4343000e-001 -4.4338200e-001 -4.4337500e-001 -4.4345200e-001
  1.8466667e+000 -4.4338600e-001 -4.4337100e-001 -4.4337800e-001 -4.4335500e-001 -4.4338500e-001
  1.8533333e+000 -4.4339800e-001 -4.4338600e-001 -4.4336800e-001 -4.4334900e-001 -4.4341200e-001
  1.8600000e+000 -4.4339700e-001 -4.4346100e-001 -4.4338200e-001 -4.4335700e-001 -4.4338200e-001
  1.8666667e+000 -4.4335900e-001 -4.4346800e-001 -4.4344900e-001 -4.4334100e-001 -4.4338100e-001
  1.8733333e+000 -4.4342400e-001 -4.4345300e-001 -4.4341700e-001 -4.4340900e-001 -4.4339900e-001
  1.8800000e+000 -4.4339100e-001 -4.4346700e-001 -4.4340800e-001 -4.4334300e-001 -4.4337400e-001
  1.8866667e+000 -4.4339200e-001 -4.4344600e-001 -4.4339200e-001 -4.4335300e-001 -4.4340100e-001
  1.8933333e+000 -4.4338100e-001 -4.4346900e-001 -4.4343300e-001 -4.4340300e-001 -4.4337500e-001
  1.9000000e+000 -4.4337000e-001 -4.4344100e-001 -4.4344600e-001 -4.4339300e-001 -4.4338400e-001
  1.9066667e+000 -4.4339600e-001 -4.4347700e-001 -4.4344100e-001 -4.4338800e-001 -4.4343300e-001
  1.9133333e+000 -4.4341300e-001 -4.4345000e-001 -4.4339000e-001 -4.4336900e-001 -4.4343500e-001
  1.9200000e+000 -4.4341400e-001 -4.4346200e-001 -4.4334500e-001 -4.4335400e-001 -4.4340500e-001
  1.9266667e+000 -4.4342800e-001 -4.4343900e-001 -4.4337200e-001 -4.4334700e-001 -4.4342100e-001
  1.9333333e+000 -4.4343100e-001 -4.4339100e-001 -4.4338300e-001 -4.4332300e-001 -4.4341000e-001
  1.9400000e+000 -4.4339300e-001 -4.4342400e-001 -4.4337900e-001 -4.4335900e-001 -4.4343500e-001
  1.9466667e+000 -4.4338300e-001 -4.4344800e-001 -4.4341600e-001 -4.4334700e-001 -4.4343900e-001
  1.9533333e+000 -4.4342200e-001 -4.4348500e-001 -4.4342700e-001 -4.4335300e-001 -4.4340900e-001
  1.9600000e+000 -4.4342800e-001 -4.4347600e-001 -4.4341000e-001 -4.4332600e-001 -4.4340800e-001
  1.9666667e+000 -4.4343500e-001 -4.4345600e-001 -4.4340900e-001 -4.4334600e-001 -4.4337400e-001
  1.9733333e+000 -4.4344200e-001 -4.4340900e-001 -4.4339900e-001 -4.4334200e-001 -4.4338200e-001
  1.9800000e+000 -4.4339600e-001 -4.4342200e-001 -4.4339500e-001 -4.4337100e-001 -4.4343800e-001
  1.9866667e+000 -4.4341000e-001 -4.4346100e-001 -4.4341200e-001 -4.4335200e-001 -4.4347800e-001
  1.9933333e+000 -4.4341200e-001 -4.4346600e-001 -4.4346800e-001 -4.4331800e-001 -4.4339300e-001
  2.0000000e+000 -4.4341900e-001 -4.4345600e-001 -4.4348300e-001 -4.4337900e-001 -4.4337900e-001
