 -5.0000000e-001  1.9667064e+002  1.9385466e+002  1.9499202e+002  1.9433931e+002  1.9462909e+002
 -4.9333333e-001  1.9666397e+002  1.9384906e+002  1.9499883e+002  1.9430106e+002  1.9463680e+002
 -4.8666667e-001  1.9667596e+002  1.9385362e+002  1.9498994e+002  1.9430067e+002  1.9464377e+002
 -4.8000000e-001  1.9666107e+002  1.9384595e+002  1.9498305e+002  1.9428282e+002  1.9463683e+002
 -4.7333333e-001  1.9664310e+002  1.9385071e+002  1.9499995e+002  1.9427438e+002  1.9462744e+002
 -4.6666667e-001  1.9664848e+002  1.9386951e+002  1.9499889e+002  1.9427249e+002  1.9464143e+002
 -4.6000000e-001  1.9665866e+002  1.9386604e+002  1.9500262e+002  1.9426476e+002  1.9466261e+002
 -4.5333333e-001  1.9664539e+002  1.9386423e+002  1.9501755e+002  1.9424347e+002  1.9466783e+002
 -4.4666667e-001  1.9663321e+002  1.9385378e+002  1.9500774e+002  1.9424663e+002  1.9466640e+002
 -4.4000000e-001  1.9661807e+002  1.9385605e+002  1.9500949e+002  1.9426036e+002  1.9466463e+002
 -4.3333333e-001  1.9661647e+002  1.9386873e+002  1.9502431e+002  1.9425627e+002  1.9467934e+002
 -4.2666667e-001  1.9662636e+002  1.9388550e+002  1.9505113e+002  1.9425980e+002  1.9470087e+002
 -4.2000000e-001  1.9663390e+002  1.9388249e+002  1.9505617e+002  1.9423253e+002  1.9469511e+002
 -4.1333333e-001  1.9664041e+002  1.9385350e+002  1.9504807e+002  1.9422568e+002  1.9469679e+002
 -4.0666667e-001  1.9663994e+002  1.9384299e+002  1.9505254e+002  1.9422902e+002  1.9472069e+002
 -4.0000000e-001  1.9662148e+002  1.9385515e+002  1.9505139e+002  1.9422501e+002  1.9470406e+002
 -3.9333333e-001  1.9661855e+002  1.9383521e+002  1.9506786e+002  1.9421179e+002  1.9469853e+002
 -3.8666667e-001  1.9663489e+002  1.9378786e+002  1.9507413e+002  1.9419315e+002  1.9469766e+002
 -3.8000000e-001  1.9662329e+002  1.9379099e+002  1.9507561e+002  1.9418221e+002  1.9470267e+002
 -3.7333333e-001  1.9662183e+002  1.9381679e+002  1.9507146e+002  1.9417529e+002  1.9471921e+002
 -3.6666667e-001  1.9661165e+002  1.9382626e+002  1.9506076e+002  1.9419228e+002  1.9470415e+002
 -3.6000000e-001  1.9660127e+002  1.9379524e+002  1.9506604e+002  1.9420990e+002  1.9471027e+002
 -3.5333333e-001  1.9658292e+002  1.9378552e+002  1.9508516e+002  1.9419135e+002  1.9472408e+002
 -3.4666667e-001  1.9656566e+002  1.9379804e+002  1.9508479e+002  1.9420114e+002  1.9474898e+002
 -3.4000000e-001  1.9657130e+002  1.9379433e+002  1.9507797e+002  1.9421567e+002  1.9475478e+002
 -3.3333333e-001  1.9655910e+002  1.9377525e+002  1.9505957e+002  1.9422421e+002  1.9475108e+002
 -3.2666667e-001  1.9655359e+002  1.9376123e+002  1.9505110e+002  1.9422749e+002  1.9474173e+002
 -3.2000000e-001  1.9654764e+002  1.9375526e+002  1.9505916e+002  1.9425205e+002  1.9474705e+002
 -3.1333333e-001  1.9652698e+002  1.9373015e+002  1.9505869e+002  1.9428131e+002  1.9474139e+002
 -3.0666667e-001  1.9651169e+002  1.9371770e+002  1.9506743e+002  1.9430205e+002  1.9472769e+002
 -3.0000000e-001  1.9650443e+002  1.9373024e+002  1.9506853e+002  1.9429788e+002  1.9472777e+002
 -2.9333333e-001  1.9650479e+002  1.9373576e+002  1.9506557e+002  1.9429568e+002  1.9472432e+002
 -2.8666667e-001  1.9649858e+002  1.9374585e+002  1.9505629e+002  1.9431316e+002  1.9471585e+002
 -2.8000000e-001  1.9648407e+002  1.9374854e+002  1.9505296e+002  1.9431354e+002  1.9470093e+002
 -2.7333333e-001  1.9648529e+002  1.9372316e+002  1.9504507e+002  1.9430995e+002  1.9470731e+002
 -2.6666667e-001  1.9647665e+002  1.9371742e+002  1.9503807e+002  1.9430737e+002  1.9472093e+002
 -2.6000000e-001  1.9647275e+002  1.9371855e+002  1.9505911e+002  1.9431027e+002  1.9470392e+002
 -2.5333333e-001  1.9646794e+002  1.9369980e+002  1.9506584e+002  1.9430673e+002  1.9470027e+002
 -2.4666667e-001  1.9645229e+002  1.9369901e+002  1.9506418e+002  1.9428909e+002  1.9470833e+002
 -2.4000000e-001  1.9644870e+002  1.9369522e+002  1.9504843e+002  1.9429051e+002  1.9468555e+002
 -2.3333333e-001  1.9643983e+002  1.9368643e+002  1.9506055e+002  1.9429137e+002  1.9469382e+002
 -2.2666667e-001  1.9644045e+002  1.9366829e+002  1.9507486e+002  1.9428043e+002  1.9469961e+002
 -2.2000000e-001  1.9645715e+002  1.9366054e+002  1.9508243e+002  1.9427870e+002  1.9470134e+002
 -2.1333333e-001  1.9643092e+002  1.9366722e+002  1.9509976e+002  1.9428476e+002  1.9469942e+002
 -2.0666667e-001  1.9641715e+002  1.9367050e+002  1.9511768e+002  1.9429036e+002  1.9470709e+002
 -2.0000000e-001  1.9640915e+002  1.9367168e+002  1.9510286e+002  1.9428851e+002  1.9470703e+002
 -1.9333333e-001  1.9641779e+002  1.9366661e+002  1.9509056e+002  1.9429820e+002  1.9471042e+002
 -1.8666667e-001  1.9641835e+002  1.9366518e+002  1.9509225e+002  1.9431009e+002  1.9470038e+002
 -1.8000000e-001  1.9643259e+002  1.9367158e+002  1.9510049e+002  1.9428744e+002  1.9466138e+002
 -1.7333333e-001  1.9645384e+002  1.9366614e+002  1.9509755e+002  1.9427774e+002  1.9466661e+002
 -1.6666667e-001  1.9644238e+002  1.9364940e+002  1.9510205e+002  1.9428363e+002  1.9467096e+002
 -1.6000000e-001  1.9645281e+002  1.9365993e+002  1.9510939e+002  1.9428986e+002  1.9464943e+002
 -1.5333333e-001  1.9647723e+002  1.9364037e+002  1.9509003e+002  1.9427333e+002  1.9463510e+002
 -1.4666667e-001  1.9646901e+002  1.9361476e+002  1.9509145e+002  1.9426042e+002  1.9463124e+002
 -1.4000000e-001  1.9646045e+002  1.9360936e+002  1.9508473e+002  1.9424283e+002  1.9463570e+002
 -1.3333333e-001  1.9646689e+002  1.9358043e+002  1.9506290e+002  1.9423966e+002  1.9462911e+002
 -1.2666667e-001  1.9648012e+002  1.9356346e+002  1.9506693e+002  1.9424884e+002  1.9461462e+002
 -1.2000000e-001  1.9649725e+002  1.9353778e+002  1.9508513e+002  1.9424770e+002  1.9459102e+002
 -1.1333333e-001  1.9649037e+002  1.9352599e+002  1.9508081e+002  1.9422270e+002  1.9459314e+002
 -1.0666667e-001  1.9648994e+002  1.9351384e+002  1.9506487e+002  1.9420282e+002  1.9459970e+002
 -1.0000000e-001  1.9650072e+002  1.9349483e+002  1.9505428e+002  1.9419580e+002  1.9459225e+002
 -9.3333333e-002  1.9650061e+002  1.9349043e+002  1.9508086e+002  1.9417282e+002  1.9458670e+002
 -8.6666667e-002  1.9647745e+002  1.9348961e+002  1.9509370e+002  1.9416989e+002  1.9457028e+002
 -8.0000000e-002  1.9647333e+002  1.9349226e+002  1.9508456e+002  1.9414374e+002  1.9456227e+002
 -7.3333333e-002  1.9646013e+002  1.9348763e+002  1.9508731e+002  1.9411191e+002  1.9457747e+002
 -6.6666667e-002  1.9646507e+002  1.9349011e+002  1.9509721e+002  1.9411507e+002  1.9456012e+002
 -6.0000000e-002  1.9647153e+002  1.9346617e+002  1.9509627e+002  1.9409850e+002  1.9454680e+002
 -5.3333333e-002  1.9647168e+002  1.9345332e+002  1.9510594e+002  1.9408722e+002  1.9457379e+002
 -4.6666667e-002  1.9646794e+002  1.9346651e+002  1.9510326e+002  1.9405685e+002  1.9456580e+002
 -4.0000000e-002  1.9646248e+002  1.9346138e+002  1.9510469e+002  1.9402132e+002  1.9455286e+002
 -3.3333333e-002  1.9649280e+002  1.9343854e+002  1.9508435e+002  1.9400800e+002  1.9457240e+002
 -2.6666667e-002  1.9651558e+002  1.9345233e+002  1.9508254e+002  1.9400246e+002  1.9457788e+002
 -2.0000000e-002  1.9651894e+002  1.9346002e+002  1.9509070e+002  1.9399509e+002  1.9457169e+002
 -1.3333333e-002  1.9653276e+002  1.9345184e+002  1.9511018e+002  1.9395883e+002  1.9455077e+002
 -6.6666667e-003  1.9654701e+002  1.9343646e+002  1.9510078e+002  1.9394852e+002  1.9454652e+002
  0.0000000e+000  1.9656067e+002  1.9343549e+002  1.9508595e+002  1.9393585e+002  1.9454189e+002
  6.6666667e-003  1.9656493e+002  1.9344046e+002  1.9508267e+002  1.9391383e+002  1.9454994e+002
  1.3333333e-002  1.9655722e+002  1.9342859e+002  1.9509622e+002  1.9390212e+002  1.9454784e+002
  2.0000000e-002  1.9653728e+002  1.9343855e+002  1.9511247e+002  1.9388843e+002  1.9454599e+002
  2.6666667e-002  1.9652626e+002  1.9345363e+002  1.9511175e+002  1.9388771e+002  1.9456390e+002
  3.3333333e-002  1.9651318e+002  1.9346222e+002  1.9510638e+002  1.9387781e+002  1.9457427e+002
  4.0000000e-002  1.9652861e+002  1.9346211e+002  1.9510704e+002  1.9387126e+002  1.9458490e+002
  4.6666667e-002  1.9653526e+002  1.9347548e+002  1.9512309e+002  1.9386467e+002  1.9459303e+002
  5.3333333e-002  1.9655792e+002  1.9349731e+002  1.9513873e+002  1.9384863e+002  1.9460727e+002
  6.0000000e-002  1.9655962e+002  1.9350868e+002  1.9515070e+002  1.9383432e+002  1.9462576e+002
  6.6666667e-002  1.9655171e+002  1.9350365e+002  1.9516266e+002  1.9383914e+002  1.9463400e+002
  7.3333333e-002  1.9656354e+002  1.9351845e+002  1.9517082e+002  1.9384663e+002  1.9464543e+002
  8.0000000e-002  1.9658836e+002  1.9354285e+002  1.9517470e+002  1.9385084e+002  1.9464589e+002
  8.6666667e-002  1.9658031e+002  1.9356006e+002  1.9517487e+002  1.9385892e+002  1.9465163e+002
  9.3333333e-002  1.9658611e+002  1.9357085e+002  1.9518678e+002  1.9385672e+002  1.9464999e+002
  1.0000000e-001  1.9660590e+002  1.9358507e+002  1.9518834e+002  1.9388550e+002  1.9464632e+002
  1.0666667e-001  1.9662215e+002  1.9359111e+002  1.9518236e+002  1.9388213e+002  1.9465178e+002
  1.1333333e-001  1.9666158e+002  1.9360931e+002  1.9520416e+002  1.9388500e+002  1.9466480e+002
  1.2000000e-001  1.9668730e+002  1.9363141e+002  1.9521840e+002  1.9389932e+002  1.9467984e+002
  1.2666667e-001  1.9669664e+002  1.9364319e+002  1.9519267e+002  1.9389748e+002  1.9469122e+002
  1.3333333e-001  1.9671378e+002  1.9368192e+002  1.9517061e+002  1.9390887e+002  1.9469635e+002
  1.4000000e-001  1.9672316e+002  1.9372453e+002  1.9517485e+002  1.9390742e+002  1.9469598e+002
  1.4666667e-001  1.9671141e+002  1.9375732e+002  1.9517973e+002  1.9393015e+002  1.9468323e+002
  1.5333333e-001  1.9669553e+002  1.9375644e+002  1.9516780e+002  1.9393677e+002  1.9467760e+002
  1.6000000e-001  1.9667828e+002  1.9377580e+002  1.9513385e+002  1.9390303e+002  1.9469511e+002
  1.6666667e-001  1.9665703e+002  1.9380284e+002  1.9510550e+002  1.9390497e+002  1.9467850e+002
  1.7333333e-001  1.9662822e+002  1.9379677e+002  1.9508109e+002  1.9390370e+002  1.9465831e+002
  1.8000000e-001  1.9661278e+002  1.9379353e+002  1.9506438e+002  1.9386418e+002  1.9465515e+002
  1.8666667e-001  1.9663237e+002  1.9379140e+002  1.9506099e+002  1.9383781e+002  1.9465244e+002
  1.9333333e-001  1.9664098e+002  1.9379208e+002  1.9506722e+002  1.9384129e+002  1.9464416e+002
  2.0000000e-001  1.9663879e+002  1.9379121e+002  1.9503218e+002  1.9382753e+002  1.9464063e+002
  2.0666667e-001  1.9663959e+002  1.9378860e+002  1.9499208e+002  1.9380412e+002  1.9464887e+002
  2.1333333e-001  1.9663196e+002  1.9380197e+002  1.9496680e+002  1.9380495e+002  1.9464712e+002
  2.2000000e-001  1.9662663e+002  1.9382703e+002  1.9495338e+002  1.9381529e+002  1.9463290e+002
  2.2666667e-001  1.9663110e+002  1.9383168e+002  1.9494891e+002  1.9384911e+002  1.9462274e+002
  2.3333333e-001  1.9663016e+002  1.9383575e+002  1.9495145e+002  1.9389766e+002  1.9463446e+002
  2.4000000e-001  1.9663661e+002  1.9388046e+002  1.9495697e+002  1.9397122e+002  1.9463785e+002
  2.4666667e-001  1.9664377e+002  1.9393176e+002  1.9497597e+002  1.9404169e+002  1.9464677e+002
  2.5333333e-001  1.9665459e+002  1.9399901e+002  1.9500653e+002  1.9412730e+002  1.9466675e+002
  2.6000000e-001  1.9664748e+002  1.9405768e+002  1.9504706e+002  1.9421164e+002  1.9470035e+002
  2.6666667e-001  1.9665079e+002  1.9411327e+002  1.9508554e+002  1.9427800e+002  1.9474594e+002
  2.7333333e-001  1.9667897e+002  1.9416005e+002  1.9516135e+002  1.9436223e+002  1.9476883e+002
  2.8000000e-001  1.9670787e+002  1.9416820e+002  1.9524890e+002  1.9444811e+002  1.9479031e+002
  2.8666667e-001  1.9674153e+002  1.9419276e+002  1.9530608e+002  1.9452055e+002  1.9482234e+002
  2.9333333e-001  1.9676192e+002  1.9420853e+002  1.9532948e+002  1.9464314e+002  1.9488315e+002
  3.0000000e-001  1.9676564e+002  1.9421405e+002  1.9536765e+002  1.9480032e+002  1.9493048e+002
  3.0666667e-001  1.9675249e+002  1.9423769e+002  1.9544295e+002  1.9488550e+002  1.9493799e+002
  3.1333333e-001  1.9671362e+002  1.9429526e+002  1.9546631e+002  1.9493709e+002  1.9492329e+002
  3.2000000e-001  1.9668758e+002  1.9433601e+002  1.9548938e+002  1.9494618e+002  1.9495874e+002
  3.2666667e-001  1.9671779e+002  1.9437885e+002  1.9554015e+002  1.9491634e+002  1.9499176e+002
  3.3333333e-001  1.9671184e+002  1.9439854e+002  1.9560022e+002  1.9489346e+002  1.9500380e+002
  3.4000000e-001  1.9671166e+002  1.9438484e+002  1.9564227e+002  1.9486227e+002  1.9502449e+002
  3.4666667e-001  1.9677652e+002  1.9441310e+002  1.9562955e+002  1.9484610e+002  1.9505208e+002
  3.5333333e-001  1.9681271e+002  1.9442859e+002  1.9562885e+002  1.9486249e+002  1.9505994e+002
  3.6000000e-001  1.9682588e+002  1.9446310e+002  1.9563234e+002  1.9489046e+002  1.9510365e+002
  3.6666667e-001  1.9687573e+002  1.9446719e+002  1.9563039e+002  1.9494412e+002  1.9513254e+002
  3.7333333e-001  1.9692497e+002  1.9447064e+002  1.9563881e+002  1.9501205e+002  1.9512865e+002
  3.8000000e-001  1.9694275e+002  1.9446399e+002  1.9565314e+002  1.9507858e+002  1.9515309e+002
  3.8666667e-001  1.9698175e+002  1.9444127e+002  1.9567706e+002  1.9512029e+002  1.9518127e+002
  3.9333333e-001  1.9696532e+002  1.9441959e+002  1.9566296e+002  1.9516386e+002  1.9518509e+002
  4.0000000e-001  1.9691072e+002  1.9440936e+002  1.9562376e+002  1.9524670e+002  1.9521417e+002
  4.0666667e-001  1.9681741e+002  1.9437103e+002  1.9559668e+002  1.9530864e+002  1.9523700e+002
  4.1333333e-001  1.9672456e+002  1.9432515e+002  1.9556014e+002  1.9533075e+002  1.9523880e+002
  4.2000000e-001  1.9659158e+002  1.9426538e+002  1.9552528e+002  1.9535336e+002  1.9519667e+002
  4.2666667e-001  1.9640047e+002  1.9413577e+002  1.9547875e+002  1.9536153e+002  1.9516426e+002
  4.3333333e-001  1.9621530e+002  1.9399307e+002  1.9538384e+002  1.9533603e+002  1.9514020e+002
  4.4000000e-001  1.9613124e+002  1.9389818e+002  1.9529007e+002  1.9532716e+002  1.9511559e+002
  4.4666667e-001  1.9605832e+002  1.9381302e+002  1.9511000e+002  1.9535747e+002  1.9507666e+002
  4.5333333e-001  1.9596681e+002  1.9369756e+002  1.9495480e+002  1.9534605e+002  1.9499589e+002
  4.6000000e-001  1.9589078e+002  1.9358362e+002  1.9479869e+002  1.9533225e+002  1.9493465e+002
  4.6666667e-001  1.9581039e+002  1.9349002e+002  1.9461488e+002  1.9535976e+002  1.9488634e+002
  4.7333333e-001  1.9571664e+002  1.9339705e+002  1.9442020e+002  1.9538611e+002  1.9485577e+002
  4.8000000e-001  1.9561980e+002  1.9333936e+002  1.9423782e+002  1.9543025e+002  1.9478867e+002
  4.8666667e-001  1.9552693e+002  1.9326932e+002  1.9412164e+002  1.9550113e+002  1.9470354e+002
  4.9333333e-001  1.9537050e+002  1.9321407e+002  1.9402623e+002  1.9558668e+002  1.9464630e+002
  5.0000000e-001  1.9521564e+002  1.9315292e+002  1.9397174e+002  1.9562454e+002  1.9462093e+002
  5.0666667e-001  1.9501776e+002  1.9308038e+002  1.9395206e+002  1.9568394e+002  1.9460080e+002
  5.1333333e-001  1.9480087e+002  1.9304814e+002  1.9396045e+002  1.9577242e+002  1.9455070e+002
  5.2000000e-001  1.9460080e+002  1.9300929e+002  1.9397063e+002  1.9583931e+002  1.9449498e+002
  5.2666667e-001  1.9440695e+002  1.9293131e+002  1.9394611e+002  1.9589304e+002  1.9446283e+002
  5.3333333e-001  1.9417621e+002  1.9285013e+002  1.9387695e+002  1.9593469e+002  1.9445262e+002
  5.4000000e-001  1.9393874e+002  1.9275365e+002  1.9374019e+002  1.9597772e+002  1.9444783e+002
  5.4666667e-001  1.9374498e+002  1.9261569e+002  1.9357887e+002  1.9602780e+002  1.9445488e+002
  5.5333333e-001  1.9355835e+002  1.9248570e+002  1.9336969e+002  1.9607808e+002  1.9447311e+002
  5.6000000e-001  1.9338425e+002  1.9237169e+002  1.9313692e+002  1.9606966e+002  1.9446266e+002
  5.6666667e-001  1.9321695e+002  1.9222875e+002  1.9288782e+002  1.9606107e+002  1.9445224e+002
  5.7333333e-001  1.9303281e+002  1.9209227e+002  1.9268983e+002  1.9608792e+002  1.9441608e+002
  5.8000000e-001  1.9288152e+002  1.9200958e+002  1.9255034e+002  1.9611310e+002  1.9434546e+002
  5.8666667e-001  1.9271718e+002  1.9195462e+002  1.9241869e+002  1.9611377e+002  1.9428815e+002
  5.9333333e-001  1.9248811e+002  1.9190874e+002  1.9231836e+002  1.9607577e+002  1.9422170e+002
  6.0000000e-001  1.9228796e+002  1.9184592e+002  1.9220595e+002  1.9604503e+002  1.9410405e+002
  6.0666667e-001  1.9212865e+002  1.9177185e+002  1.9209007e+002  1.9602339e+002  1.9395810e+002
  6.1333333e-001  1.9197301e+002  1.9169919e+002  1.9194457e+002  1.9597620e+002  1.9384154e+002
  6.2000000e-001  1.9181053e+002  1.9163937e+002  1.9180566e+002  1.9592699e+002  1.9377033e+002
  6.2666667e-001  1.9163713e+002  1.9153012e+002  1.9167516e+002  1.9584410e+002  1.9370123e+002
  6.3333333e-001  1.9148097e+002  1.9139798e+002  1.9150395e+002  1.9575963e+002  1.9365280e+002
  6.4000000e-001  1.9128352e+002  1.9129422e+002  1.9129399e+002  1.9569177e+002  1.9364514e+002
  6.4666667e-001  1.9111807e+002  1.9117593e+002  1.9111494e+002  1.9560590e+002  1.9362177e+002
  6.5333333e-001  1.9096161e+002  1.9112564e+002  1.9099478e+002  1.9563565e+002  1.9355014e+002
  6.6000000e-001  1.9082674e+002  1.9091765e+002  1.9086961e+002  1.9468700e+002  1.9344815e+002
  6.6666667e-001  1.8996883e+002  1.9062602e+002  1.9073219e+002  1.9461107e+002  1.9336722e+002
  6.7333333e-001  1.9003293e+002  1.9044661e+002  1.9064874e+002  1.9511836e+002  1.9330316e+002
  6.8000000e-001  1.9088051e+002  1.9036942e+002  1.9061877e+002  1.9499852e+002  1.9320998e+002
  6.8666667e-001  1.9153598e+002  1.8943419e+002  1.9059784e+002  1.9488867e+002  1.9313721e+002
  6.9333333e-001  1.9161427e+002  1.8989767e+002  1.9059131e+002  1.9472865e+002  1.9306238e+002
  7.0000000e-001  1.9095561e+002  1.9057695e+002  1.9062447e+002  1.9458705e+002  1.9300137e+002
  7.0666667e-001  1.9051775e+002  1.8914087e+002  1.9062424e+002  1.9444615e+002  1.9291875e+002
  7.1333333e-001  1.9146298e+002  1.8912885e+002  1.9074968e+002  1.9434036e+002  1.9285352e+002
  7.2000000e-001  1.9216376e+002  1.8914462e+002  1.9080392e+002  1.9431778e+002  1.9283476e+002
  7.2666667e-001  1.9151462e+002  1.8994495e+002  1.9072607e+002  1.9423891e+002  1.9281758e+002
  7.3333333e-001  1.9162285e+002  1.8972925e+002  1.9076279e+002  1.9418517e+002  1.9280734e+002
  7.4000000e-001  1.9174707e+002  1.8972014e+002  1.9079398e+002  1.9419009e+002  1.9280864e+002
  7.4666667e-001  1.9203714e+002  1.8972739e+002  1.9090581e+002  1.9421040e+002  1.9280531e+002
  7.5333333e-001  1.9214520e+002  1.8977660e+002  1.9093120e+002  1.9419278e+002  1.9281851e+002
  7.6000000e-001  1.9202132e+002  1.8982108e+002  1.9095248e+002  1.9414830e+002  1.9295149e+002
  7.6666667e-001  1.9209163e+002  1.8983462e+002  1.9090842e+002  1.9413441e+002  1.9357088e+002
  7.7333333e-001  1.9215738e+002  1.8986719e+002  1.9097292e+002  1.9411047e+002  1.9365575e+002
  7.8000000e-001  1.9223775e+002  1.8994508e+002  1.9105025e+002  1.9409744e+002  1.9316870e+002
  7.8666667e-001  1.9183195e+002  1.8999295e+002  1.9114506e+002  1.9411629e+002  1.9322034e+002
  7.9333333e-001  1.9189558e+002  1.9003920e+002  1.9124907e+002  1.9413976e+002  1.9331229e+002
  8.0000000e-001  1.9247507e+002  1.9013298e+002  1.9134467e+002  1.9413461e+002  1.9334670e+002
  8.0666667e-001  1.9254497e+002  1.9025035e+002  1.9140512e+002  1.9411411e+002  1.9347978e+002
  8.1333333e-001  1.9205963e+002  1.9032892e+002  1.9148605e+002  1.9410149e+002  1.9359116e+002
  8.2000000e-001  1.9260658e+002  1.9042421e+002  1.9153403e+002  1.9407005e+002  1.9374052e+002
  8.2666667e-001  1.9262567e+002  1.9052034e+002  1.9157205e+002  1.9403915e+002  1.9319716e+002
  8.3333333e-001  1.9281815e+002  1.9057106e+002  1.9165210e+002  1.9402087e+002  1.9330667e+002
  8.4000000e-001  1.9263281e+002  1.9065080e+002  1.9169759e+002  1.9397835e+002  1.9464897e+002
  8.4666667e-001  1.9264197e+002  1.9074226e+002  1.9174091e+002  1.9396423e+002  1.9475588e+002
  8.5333333e-001  1.9213779e+002  1.9083263e+002  1.9177489e+002  1.9396838e+002  1.9428746e+002
  8.6000000e-001  1.9212976e+002  1.9090721e+002  1.9181117e+002  1.9397981e+002  1.9438033e+002
  8.6666667e-001  1.9282011e+002  1.9098685e+002  1.9185538e+002  1.9399347e+002  1.9448528e+002
  8.7333333e-001  1.9284059e+002  1.9104805e+002  1.9189319e+002  1.9400459e+002  1.9448408e+002
  8.8000000e-001  1.9284622e+002  1.9112558e+002  1.9190945e+002  1.9402245e+002  1.9453708e+002
  8.8666667e-001  1.9336430e+002  1.9118877e+002  1.9191772e+002  1.9409454e+002  1.9458868e+002
  8.9333333e-001  1.9331267e+002  1.9121935e+002  1.9202924e+002  1.9420155e+002  1.9475038e+002
  9.0000000e-001  1.9206346e+002  1.9125488e+002  1.9204787e+002  1.9425064e+002  1.9480041e+002
  9.0666667e-001  1.9209833e+002  1.9131487e+002  1.9205699e+002  1.9435828e+002  1.9480887e+002
  9.1333333e-001  1.9273573e+002  1.9138606e+002  1.9205482e+002  1.9446684e+002  1.9473686e+002
  9.2000000e-001  1.9270146e+002  1.9141481e+002  1.9205208e+002  1.9451914e+002  1.9479892e+002
  9.2666667e-001  1.9266693e+002  1.9142648e+002  1.9207416e+002  1.9456230e+002  1.9492809e+002
  9.3333333e-001  1.9266409e+002  1.9147304e+002  1.9208345e+002  1.9463039e+002  1.9494148e+002
  9.4000000e-001  1.9266441e+002  1.9149237e+002  1.9201035e+002  1.9469322e+002  1.9485216e+002
  9.4666667e-001  1.9271725e+002  1.9149094e+002  1.9199312e+002  1.9476119e+002  1.9486656e+002
  9.5333333e-001  1.9267221e+002  1.9152210e+002  1.9197829e+002  1.9480296e+002  1.9494940e+002
  9.6000000e-001  1.9258060e+002  1.9103072e+002  1.9198320e+002  1.9482115e+002  1.9497334e+002
  9.6666667e-001  1.9252385e+002  1.9104236e+002  1.9198636e+002  1.9485881e+002  1.9491858e+002
  9.7333333e-001  1.9248616e+002  1.9152165e+002  1.9197771e+002  1.9490219e+002  1.9489743e+002
  9.8000000e-001  1.9242613e+002  1.9150020e+002  1.9195373e+002  1.9489656e+002  1.9494717e+002
  9.8666667e-001  1.9239693e+002  1.9149173e+002  1.9199635e+002  1.9490830e+002  1.9491862e+002
  9.9333333e-001  1.9236195e+002  1.9218184e+002  1.9129478e+002  1.9496782e+002  1.9478963e+002
  1.0000000e+000  1.9227164e+002  1.9096878e+002  1.9127074e+002  1.9500540e+002  1.9477913e+002
  1.0066667e+000  1.9220023e+002  1.9100092e+002  1.9194186e+002  1.9499989e+002  1.9474083e+002
  1.0133333e+000  1.9211209e+002  1.9146536e+002  1.9240338e+002  1.9500932e+002  1.9475870e+002
  1.0200000e+000  1.9201344e+002  1.9141229e+002  1.9237715e+002  1.9498572e+002  1.9470605e+002
  1.0266667e+000  1.9190865e+002  1.9138857e+002  1.9183607e+002  1.9495450e+002  1.9456711e+002
  1.0333333e+000  1.9178552e+002  1.9211899e+002  1.9171507e+002  1.9494119e+002  1.9450835e+002
  1.0400000e+000  1.9168901e+002  1.9210126e+002  1.9167806e+002  1.9493846e+002  1.9444864e+002
  1.0466667e+000  1.9162517e+002  1.9135269e+002  1.9162106e+002  1.9491229e+002  1.9438036e+002
  1.0533333e+000  1.9155576e+002  1.9079555e+002  1.9156784e+002  1.9489575e+002  1.9430655e+002
  1.0600000e+000  1.9147836e+002  1.9074864e+002  1.9160797e+002  1.9486974e+002  1.9425360e+002
  1.0666667e+000  1.9137967e+002  1.9068591e+002  1.9083607e+002  1.9486076e+002  1.9420125e+002
  1.0733333e+000  1.9127267e+002  1.9117882e+002  1.9078995e+002  1.9485153e+002  1.9414769e+002
  1.0800000e+000  1.9117758e+002  1.9183301e+002  1.9070799e+002  1.9482738e+002  1.9409763e+002
  1.0866667e+000  1.9108833e+002  1.9176625e+002  1.9137253e+002  1.9482066e+002  1.9404491e+002
  1.0933333e+000  1.9099400e+002  1.9099364e+002  1.9179598e+002  1.9479302e+002  1.9399589e+002
  1.1000000e+000  1.9093523e+002  1.9092425e+002  1.9173578e+002  1.9473406e+002  1.9393053e+002
  1.1066667e+000  1.9086690e+002  1.9087294e+002  1.9169220e+002  1.9468333e+002  1.9387924e+002
  1.1133333e+000  1.9077039e+002  1.9081483e+002  1.9164710e+002  1.9465088e+002  1.9384851e+002
  1.1200000e+000  1.9067914e+002  1.9024319e+002  1.9112262e+002  1.9463026e+002  1.9377856e+002
  1.1266667e+000  1.9058650e+002  1.9068436e+002  1.9105066e+002  1.9457785e+002  1.9370308e+002
  1.1333333e+000  1.9048621e+002  1.9063533e+002  1.9031715e+002  1.9455839e+002  1.9364731e+002
  1.1400000e+000  1.9042015e+002  1.9058847e+002  1.9029334e+002  1.9449558e+002  1.9359520e+002
  1.1466667e+000  1.9035390e+002  1.9053030e+002  1.9025609e+002  1.9446727e+002  1.9352695e+002
  1.1533333e+000  1.9029204e+002  1.9120032e+002  1.9020773e+002  1.9443710e+002  1.9341803e+002
  1.1600000e+000  1.9022647e+002  1.9112219e+002  1.9134688e+002  1.9436946e+002  1.9336090e+002
  1.1666667e+000  1.9018935e+002  1.9105994e+002  1.9134418e+002  1.9432318e+002  1.9331639e+002
  1.1733333e+000  1.9015414e+002  1.9100858e+002  1.9132059e+002  1.9432483e+002  1.9323235e+002
  1.1800000e+000  1.9008359e+002  1.9023114e+002  1.9130139e+002  1.9427806e+002  1.9319899e+002
  1.1866667e+000  1.9001491e+002  1.9013281e+002  1.9128330e+002  1.9424358e+002  1.9316946e+002
  1.1933333e+000  1.8996960e+002  1.9004980e+002  1.9072713e+002  1.9425394e+002  1.9308263e+002
  1.2000000e+000  1.8992870e+002  1.8999016e+002  1.9002274e+002  1.9424316e+002  1.9299356e+002
  1.2066667e+000  1.8988673e+002  1.8996309e+002  1.8999031e+002  1.9421535e+002  1.9292368e+002
  1.2133333e+000  1.8982118e+002  1.8993985e+002  1.8998395e+002  1.9419313e+002  1.9284393e+002
  1.2200000e+000  1.8977393e+002  1.8988687e+002  1.9000098e+002  1.9418997e+002  1.9277272e+002
  1.2266667e+000  1.8979970e+002  1.8980069e+002  1.8999669e+002  1.9414426e+002  1.9272404e+002
  1.2333333e+000  1.8983803e+002  1.8972311e+002  1.9063634e+002  1.9414581e+002  1.9272487e+002
  1.2400000e+000  1.8983820e+002  1.8967816e+002  1.9107101e+002  1.9416766e+002  1.9273052e+002
  1.2466667e+000  1.8976878e+002  1.8965158e+002  1.9105010e+002  1.9412167e+002  1.9274297e+002
  1.2533333e+000  1.8974564e+002  1.8963586e+002  1.9102695e+002  1.9408568e+002  1.9274973e+002
  1.2600000e+000  1.8976849e+002  1.8959549e+002  1.9103328e+002  1.9408316e+002  1.9276155e+002
  1.2666667e+000  1.8976303e+002  1.8953645e+002  1.9106953e+002  1.9407062e+002  1.9277602e+002
  1.2733333e+000  1.8976721e+002  1.8947376e+002  1.8991849e+002  1.9407155e+002  1.9277013e+002
  1.2800000e+000  1.8978607e+002  1.8944844e+002  1.8995900e+002  1.9409711e+002  1.9275133e+002
  1.2866667e+000  1.8980597e+002  1.8941112e+002  1.9000584e+002  1.9410101e+002  1.9273296e+002
  1.2933333e+000  1.8984726e+002  1.8936971e+002  1.9005586e+002  1.9407231e+002  1.9271750e+002
  1.3000000e+000  1.8990680e+002  1.8932362e+002  1.9009615e+002  1.9404643e+002  1.9274126e+002
  1.3066667e+000  1.8991649e+002  1.8930447e+002  1.9082024e+002  1.9407126e+002  1.9275447e+002
  1.3133333e+000  1.8991730e+002  1.8928993e+002  1.9129477e+002  1.9408853e+002  1.9276151e+002
  1.3200000e+000  1.8995311e+002  1.8925423e+002  1.9127834e+002  1.9408598e+002  1.9277197e+002
  1.3266667e+000  1.9000771e+002  1.8922966e+002  1.9128217e+002  1.9408166e+002  1.9277914e+002
  1.3333333e+000  1.9006081e+002  1.8920799e+002  1.9128101e+002  1.9405092e+002  1.9277182e+002
  1.3400000e+000  1.9009062e+002  1.8921423e+002  1.9128310e+002  1.9408405e+002  1.9275998e+002
  1.3466667e+000  1.9013892e+002  1.8922978e+002  1.9013411e+002  1.9410686e+002  1.9275697e+002
  1.3533333e+000  1.9017960e+002  1.8921680e+002  1.9009396e+002  1.9408368e+002  1.9271495e+002
  1.3600000e+000  1.9019162e+002  1.8924262e+002  1.9005955e+002  1.9409428e+002  1.9271260e+002
  1.3666667e+000  1.9023277e+002  1.8928580e+002  1.9001680e+002  1.9409580e+002  1.9269429e+002
  1.3733333e+000  1.9028116e+002  1.8926369e+002  1.9042606e+002  1.9408310e+002  1.9272923e+002
  1.3800000e+000  1.9032715e+002  1.8924438e+002  1.9110068e+002  1.9407899e+002  1.9275475e+002
  1.3866667e+000  1.9039916e+002  1.8925662e+002  1.9108211e+002  1.9407018e+002  1.9276151e+002
  1.3933333e+000  1.9044296e+002  1.8928413e+002  1.9103780e+002  1.9407477e+002  1.9280106e+002
  1.4000000e+000  1.9046736e+002  1.8933256e+002  1.9097994e+002  1.9405972e+002  1.9282944e+002
  1.4066667e+000  1.9052730e+002  1.8935956e+002  1.9095270e+002  1.9405975e+002  1.9286621e+002
  1.4133333e+000  1.9057603e+002  1.8936362e+002  1.8980953e+002  1.9408858e+002  1.9291867e+002
  1.4200000e+000  1.9060004e+002  1.8937361e+002  1.8978828e+002  1.9411664e+002  1.9297562e+002
  1.4266667e+000  1.9066879e+002  1.8940796e+002  1.8979797e+002  1.9413652e+002  1.9298364e+002
  1.4333333e+000  1.9072864e+002  1.8942041e+002  1.8981781e+002  1.9415212e+002  1.9303809e+002
  1.4400000e+000  1.9076744e+002  1.8945007e+002  1.9030724e+002  1.9484110e+002  1.9311028e+002
  1.4466667e+000  1.9082184e+002  1.8948511e+002  1.9099208e+002  1.9488496e+002  1.9316802e+002
  1.4533333e+000  1.9088702e+002  1.8949582e+002  1.9101265e+002  1.9443910e+002  1.9318486e+002
  1.4600000e+000  1.9094757e+002  1.8907887e+002  1.9105081e+002  1.9446846e+002  1.9322790e+002
  1.4666667e+000  1.9102069e+002  1.8951466e+002  1.9057501e+002  1.9497371e+002  1.9331268e+002
  1.4733333e+000  1.9107546e+002  1.8952824e+002  1.8995099e+002  1.9505406e+002  1.9339143e+002
  1.4800000e+000  1.9112186e+002  1.8954302e+002  1.8996960e+002  1.9453995e+002  1.9345885e+002
  1.4866667e+000  1.9117743e+002  1.8956465e+002  1.8997693e+002  1.9467192e+002  1.9350311e+002
  1.4933333e+000  1.9123735e+002  1.8960086e+002  1.9045187e+002  1.9471634e+002  1.9357640e+002
  1.5000000e+000  1.9127287e+002  1.8963969e+002  1.9119597e+002  1.9467711e+002  1.9365018e+002
  1.5066667e+000  1.9128644e+002  1.8963121e+002  1.9119116e+002  1.9481857e+002  1.9369222e+002
  1.5133333e+000  1.9130443e+002  1.8914520e+002  1.9118507e+002  1.9489740e+002  1.9375241e+002
  1.5200000e+000  1.9134027e+002  1.8914661e+002  1.9070035e+002  1.9484019e+002  1.9380583e+002
  1.5266667e+000  1.9137260e+002  1.8957985e+002  1.9005804e+002  1.9486374e+002  1.9385130e+002
  1.5333333e+000  1.9138358e+002  1.8958821e+002  1.9005907e+002  1.9493069e+002  1.9390340e+002
  1.5400000e+000  1.9139975e+002  1.8961374e+002  1.9007417e+002  1.9501592e+002  1.9396680e+002
  1.5466667e+000  1.9140199e+002  1.8961552e+002  1.9055222e+002  1.9506662e+002  1.9399973e+002
  1.5533333e+000  1.9142134e+002  1.9027631e+002  1.9122638e+002  1.9508778e+002  1.9403822e+002
  1.5600000e+000  1.9145851e+002  1.8963399e+002  1.9123923e+002  1.9512099e+002  1.9410106e+002
  1.5666667e+000  1.9145987e+002  1.8918143e+002  1.9124786e+002  1.9516223e+002  1.9416400e+002
  1.5733333e+000  1.9146130e+002  1.8916742e+002  1.9057364e+002  1.9520819e+002  1.9417364e+002
  1.5800000e+000  1.9149249e+002  1.8917909e+002  1.9012361e+002  1.9526352e+002  1.9418521e+002
  1.5866667e+000  1.9150632e+002  1.8964478e+002  1.9012282e+002  1.9531792e+002  1.9424222e+002
  1.5933333e+000  1.9151506e+002  1.8963649e+002  1.9013550e+002  1.9537245e+002  1.9425385e+002
  1.6000000e+000  1.9152344e+002  1.8964046e+002  1.9011604e+002  1.9540018e+002  1.9427846e+002
  1.6066667e+000  1.9152664e+002  1.8967992e+002  1.9058266e+002  1.9547931e+002  1.9430467e+002
  1.6133333e+000  1.9154732e+002  1.8970314e+002  1.9124901e+002  1.9552371e+002  1.9427858e+002
  1.6200000e+000  1.9154263e+002  1.9028819e+002  1.9125325e+002  1.9556802e+002  1.9428206e+002
  1.6266667e+000  1.9155214e+002  1.9025961e+002  1.9125273e+002  1.9563455e+002  1.9432800e+002
  1.6333333e+000  1.9153766e+002  1.8969193e+002  1.9059363e+002  1.9565761e+002  1.9436507e+002
  1.6400000e+000  1.9152473e+002  1.8927226e+002  1.9058225e+002  1.9571603e+002  1.9438316e+002
  1.6466667e+000  1.9153499e+002  1.8927303e+002  1.9008028e+002  1.9575697e+002  1.9437712e+002
  1.6533333e+000  1.9152190e+002  1.8925195e+002  1.9007510e+002  1.9578632e+002  1.9433791e+002
  1.6600000e+000  1.9153648e+002  1.8965318e+002  1.9006787e+002  1.9583295e+002  1.9432352e+002
  1.6666667e+000  1.9150870e+002  1.8965456e+002  1.9053673e+002  1.9588393e+002  1.9437921e+002
  1.6733333e+000  1.9149100e+002  1.8965733e+002  1.9122257e+002  1.9590424e+002  1.9439491e+002
  1.6800000e+000  1.9148589e+002  1.8966812e+002  1.9121573e+002  1.9593970e+002  1.9435906e+002
  1.6866667e+000  1.9147450e+002  1.8968897e+002  1.9117902e+002  1.9598947e+002  1.9432723e+002
  1.6933333e+000  1.9142860e+002  1.9028146e+002  1.9116440e+002  1.9605093e+002  1.9429774e+002
  1.7000000e+000  1.9140933e+002  1.9028340e+002  1.9051764e+002  1.9606824e+002  1.9429009e+002
  1.7066667e+000  1.9142355e+002  1.9028107e+002  1.9052928e+002  1.9607575e+002  1.9430165e+002
  1.7133333e+000  1.9140523e+002  1.9028075e+002  1.9053465e+002  1.9610046e+002  1.9430275e+002
  1.7200000e+000  1.9138319e+002  1.8971536e+002  1.9006111e+002  1.9612541e+002  1.9424457e+002
  1.7266667e+000  1.9137537e+002  1.8927736e+002  1.9005080e+002  1.9615999e+002  1.9422971e+002
  1.7333333e+000  1.9136577e+002  1.8969682e+002  1.9005229e+002  1.9618658e+002  1.9424911e+002
  1.7400000e+000  1.9136493e+002  1.8964723e+002  1.9119963e+002  1.9619127e+002  1.9424217e+002
  1.7466667e+000  1.9132867e+002  1.8961029e+002  1.9118663e+002  1.9620071e+002  1.9421967e+002
  1.7533333e+000  1.9130374e+002  1.8958949e+002  1.9116623e+002  1.9624403e+002  1.9420747e+002
  1.7600000e+000  1.9129698e+002  1.8956015e+002  1.9117073e+002  1.9629718e+002  1.9421669e+002
  1.7666667e+000  1.9127612e+002  1.8954930e+002  1.9114638e+002  1.9631029e+002  1.9421503e+002
  1.7733333e+000  1.9127832e+002  1.8954413e+002  1.9046947e+002  1.9629382e+002  1.9419167e+002
  1.7800000e+000  1.9125443e+002  1.8954617e+002  1.9045775e+002  1.9629096e+002  1.9418286e+002
  1.7866667e+000  1.9127580e+002  1.8953195e+002  1.9045248e+002  1.9628603e+002  1.9416093e+002
  1.7933333e+000  1.9127063e+002  1.8948915e+002  1.9043249e+002  1.9630234e+002  1.9415144e+002
  1.8000000e+000  1.9128595e+002  1.8943198e+002  1.8995465e+002  1.9634470e+002  1.9414329e+002
  1.8066667e+000  1.9126712e+002  1.8940477e+002  1.8993306e+002  1.9634422e+002  1.9412170e+002
  1.8133333e+000  1.9125096e+002  1.8939760e+002  1.9036340e+002  1.9633904e+002  1.9411823e+002
  1.8200000e+000  1.9122675e+002  1.8938579e+002  1.9032593e+002  1.9637718e+002  1.9412544e+002
  1.8266667e+000  1.9123789e+002  1.8937209e+002  1.9096010e+002  1.9638881e+002  1.9411035e+002
  1.8333333e+000  1.9122589e+002  1.8936566e+002  1.9095026e+002  1.9638533e+002  1.9409836e+002
  1.8400000e+000  1.9123128e+002  1.8935869e+002  1.9094927e+002  1.9639121e+002  1.9408380e+002
  1.8466667e+000  1.9122875e+002  1.8931389e+002  1.9090060e+002  1.9637660e+002  1.9409128e+002
  1.8533333e+000  1.9122688e+002  1.8926865e+002  1.9017564e+002  1.9638619e+002  1.9410187e+002
  1.8600000e+000  1.9122467e+002  1.8925472e+002  1.9011107e+002  1.9636037e+002  1.9408980e+002
  1.8666667e+000  1.9122931e+002  1.8925049e+002  1.9007263e+002  1.9634760e+002  1.9408691e+002
  1.8733333e+000  1.9123114e+002  1.8923517e+002  1.9003893e+002  1.9635388e+002  1.9413588e+002
  1.8800000e+000  1.9122566e+002  1.8921335e+002  1.8999722e+002  1.9638117e+002  1.9418495e+002
  1.8866667e+000  1.9120090e+002  1.8920712e+002  1.8994405e+002  1.9639529e+002  1.9420674e+002
  1.8933333e+000  1.9116336e+002  1.8920946e+002  1.8988985e+002  1.9639133e+002  1.9421011e+002
  1.9000000e+000  1.9118517e+002  1.8920569e+002  1.8983174e+002  1.9642329e+002  1.9422337e+002
  1.9066667e+000  1.9123966e+002  1.8919005e+002  1.8980757e+002  1.9646130e+002  1.9426747e+002
  1.9133333e+000  1.9121857e+002  1.8914636e+002  1.8980447e+002  1.9647153e+002  1.9431650e+002
  1.9200000e+000  1.9121574e+002  1.8913425e+002  1.8978102e+002  1.9646907e+002  1.9434671e+002
  1.9266667e+000  1.9123970e+002  1.8912674e+002  1.8979054e+002  1.9650131e+002  1.9439186e+002
  1.9333333e+000  1.9123184e+002  1.8910684e+002  1.8977646e+002  1.9653336e+002  1.9444534e+002
  1.9400000e+000  1.9126163e+002  1.8908455e+002  1.8975197e+002  1.9655241e+002  1.9445877e+002
  1.9466667e+000  1.9126425e+002  1.8907188e+002  1.8972542e+002  1.9659387e+002  1.9450886e+002
  1.9533333e+000  1.9126863e+002  1.8906145e+002  1.8969612e+002  1.9660771e+002  1.9454810e+002
  1.9600000e+000  1.9123985e+002  1.8906833e+002  1.8968274e+002  1.9662495e+002  1.9457329e+002
  1.9666667e+000  1.9124269e+002  1.8909795e+002  1.8970398e+002  1.9668010e+002  1.9460687e+002
  1.9733333e+000  1.9127029e+002  1.8910175e+002  1.8972723e+002  1.9670029e+002  1.9463849e+002
  1.9800000e+000  1.9126375e+002  1.8910210e+002  1.8973241e+002  1.9670103e+002  1.9467033e+002
  1.9866667e+000  1.9125250e+002  1.8909804e+002  1.8975485e+002  1.9673445e+002  1.9471394e+002
  1.9933333e+000  1.9124268e+002  1.8907156e+002  1.8977277e+002  1.9676459e+002  1.9475598e+002
  2.0000000e+000  1.9126282e+002  1.8904263e+002  1.8930591e+002  1.9676544e+002  1.9475400e+002
