 -5.0000000e-001 -4.5328625e+001 -4.3743160e+001 -4.5257847e+001 -4.5239147e+001 -4.4838120e+001 -4.4894505e+001 -4.4581722e+001
 -4.9333333e-001 -4.5326759e+001 -4.3736153e+001 -4.5257656e+001 -4.5231873e+001 -4.4833057e+001 -4.4889797e+001 -4.4589836e+001
 -4.8666667e-001 -4.5321781e+001 -4.3735825e+001 -4.5265263e+001 -4.5235092e+001 -4.4819965e+001 -4.4885475e+001 -4.4585346e+001
 -4.8000000e-001 -4.5327568e+001 -4.3744812e+001 -4.5295643e+001 -4.5235367e+001 -4.4810394e+001 -4.4867165e+001 -4.4571781e+001
 -4.7333333e-001 -4.5329990e+001 -4.3737194e+001 -4.5303436e+001 -4.5236073e+001 -4.4825657e+001 -4.4857761e+001 -4.4572311e+001
 -4.6666667e-001 -4.5342617e+001 -4.3739460e+001 -4.5299198e+001 -4.5244465e+001 -4.4820866e+001 -4.4853329e+001 -4.4576107e+001
 -4.6000000e-001 -4.5348106e+001 -4.3734417e+001 -4.5307396e+001 -4.5239197e+001 -4.4804283e+001 -4.4860722e+001 -4.4571262e+001
 -4.5333333e-001 -4.5350048e+001 -4.3733330e+001 -4.5321320e+001 -4.5237568e+001 -4.4801285e+001 -4.4856251e+001 -4.4563015e+001
 -4.4666667e-001 -4.5358997e+001 -4.3738377e+001 -4.5335468e+001 -4.5245399e+001 -4.4802765e+001 -4.4850758e+001 -4.4572941e+001
 -4.4000000e-001 -4.5358757e+001 -4.3748505e+001 -4.5340729e+001 -4.5246002e+001 -4.4804493e+001 -4.4850853e+001 -4.4594376e+001
 -4.3333333e-001 -4.5363682e+001 -4.3755024e+001 -4.5337627e+001 -4.5250668e+001 -4.4807812e+001 -4.4849045e+001 -4.4597687e+001
 -4.2666667e-001 -4.5366245e+001 -4.3747211e+001 -4.5341797e+001 -4.5254379e+001 -4.4801117e+001 -4.4855690e+001 -4.4587143e+001
 -4.2000000e-001 -4.5373283e+001 -4.3759121e+001 -4.5358849e+001 -4.5255035e+001 -4.4802143e+001 -4.4851322e+001 -4.4586964e+001
 -4.1333333e-001 -4.5377609e+001 -4.3767025e+001 -4.5359287e+001 -4.5243084e+001 -4.4806316e+001 -4.4841080e+001 -4.4593494e+001
 -4.0666667e-001 -4.5378479e+001 -4.3771706e+001 -4.5347416e+001 -4.5242630e+001 -4.4808971e+001 -4.4839066e+001 -4.4594688e+001
 -4.0000000e-001 -4.5387009e+001 -4.3763092e+001 -4.5348415e+001 -4.5248333e+001 -4.4824646e+001 -4.4841473e+001 -4.4581184e+001
 -3.9333333e-001 -4.5382553e+001 -4.3755863e+001 -4.5341808e+001 -4.5237297e+001 -4.4826542e+001 -4.4838402e+001 -4.4582905e+001
 -3.8666667e-001 -4.5385288e+001 -4.3763939e+001 -4.5343822e+001 -4.5232876e+001 -4.4808620e+001 -4.4835804e+001 -4.4583405e+001
 -3.8000000e-001 -4.5400955e+001 -4.3764713e+001 -4.5349552e+001 -4.5230003e+001 -4.4808483e+001 -4.4828945e+001 -4.4583652e+001
 -3.7333333e-001 -4.5408909e+001 -4.3761280e+001 -4.5341549e+001 -4.5219296e+001 -4.4814075e+001 -4.4814793e+001 -4.4587460e+001
 -3.6666667e-001 -4.5415512e+001 -4.3754852e+001 -4.5341270e+001 -4.5219810e+001 -4.4818596e+001 -4.4803253e+001 -4.4582027e+001
 -3.6000000e-001 -4.5408981e+001 -4.3752289e+001 -4.5340515e+001 -4.5227333e+001 -4.4821743e+001 -4.4794960e+001 -4.4576508e+001
 -3.5333333e-001 -4.5403248e+001 -4.3743248e+001 -4.5323986e+001 -4.5218056e+001 -4.4823189e+001 -4.4790710e+001 -4.4576897e+001
 -3.4666667e-001 -4.5402397e+001 -4.3737946e+001 -4.5314487e+001 -4.5212994e+001 -4.4819893e+001 -4.4780136e+001 -4.4582653e+001
 -3.4000000e-001 -4.5402706e+001 -4.3730312e+001 -4.5331165e+001 -4.5211441e+001 -4.4806553e+001 -4.4761005e+001 -4.4585182e+001
 -3.3333333e-001 -4.5400394e+001 -4.3730324e+001 -4.5338890e+001 -4.5206757e+001 -4.4787285e+001 -4.4763798e+001 -4.4561829e+001
 -3.2666667e-001 -4.5416126e+001 -4.3738789e+001 -4.5342236e+001 -4.5203476e+001 -4.4778004e+001 -4.4770267e+001 -4.4558933e+001
 -3.2000000e-001 -4.5421543e+001 -4.3740913e+001 -4.5348293e+001 -4.5191303e+001 -4.4781219e+001 -4.4766800e+001 -4.4573452e+001
 -3.1333333e-001 -4.5412769e+001 -4.3729515e+001 -4.5357262e+001 -4.5187477e+001 -4.4781998e+001 -4.4777061e+001 -4.4567207e+001
 -3.0666667e-001 -4.5408348e+001 -4.3726490e+001 -4.5365330e+001 -4.5195473e+001 -4.4774811e+001 -4.4778214e+001 -4.4574394e+001
 -3.0000000e-001 -4.5421608e+001 -4.3724739e+001 -4.5366489e+001 -4.5196293e+001 -4.4764297e+001 -4.4781830e+001 -4.4578793e+001
 -2.9333333e-001 -4.5420540e+001 -4.3723984e+001 -4.5372101e+001 -4.5191730e+001 -4.4752659e+001 -4.4784962e+001 -4.4574001e+001
 -2.8666667e-001 -4.5403698e+001 -4.3731274e+001 -4.5390892e+001 -4.5196526e+001 -4.4752884e+001 -4.4789265e+001 -4.4588730e+001
 -2.8000000e-001 -4.5406742e+001 -4.3729858e+001 -4.5395046e+001 -4.5205456e+001 -4.4744274e+001 -4.4796185e+001 -4.4588982e+001
 -2.7333333e-001 -4.5413872e+001 -4.3734180e+001 -4.5392006e+001 -4.5204166e+001 -4.4742714e+001 -4.4797096e+001 -4.4575771e+001
 -2.6666667e-001 -4.5419121e+001 -4.3720001e+001 -4.5405605e+001 -4.5208435e+001 -4.4755383e+001 -4.4780617e+001 -4.4574242e+001
 -2.6000000e-001 -4.5422050e+001 -4.3714825e+001 -4.5410786e+001 -4.5205544e+001 -4.4761795e+001 -4.4782925e+001 -4.4583225e+001
 -2.5333333e-001 -4.5425854e+001 -4.3725674e+001 -4.5410572e+001 -4.5203953e+001 -4.4760674e+001 -4.4801189e+001 -4.4581921e+001
 -2.4666667e-001 -4.5431412e+001 -4.3727440e+001 -4.5409069e+001 -4.5203808e+001 -4.4771889e+001 -4.4798126e+001 -4.4563087e+001
 -2.4000000e-001 -4.5428177e+001 -4.3725029e+001 -4.5401424e+001 -4.5205715e+001 -4.4770023e+001 -4.4807880e+001 -4.4579071e+001
 -2.3333333e-001 -4.5418800e+001 -4.3721916e+001 -4.5397842e+001 -4.5200607e+001 -4.4775452e+001 -4.4817760e+001 -4.4573250e+001
 -2.2666667e-001 -4.5413353e+001 -4.3717693e+001 -4.5401596e+001 -4.5213158e+001 -4.4788944e+001 -4.4829628e+001 -4.4545269e+001
 -2.2000000e-001 -4.5407135e+001 -4.3725945e+001 -4.5394745e+001 -4.5230591e+001 -4.4790226e+001 -4.4845028e+001 -4.4548306e+001
 -2.1333333e-001 -4.5409546e+001 -4.3730686e+001 -4.5377682e+001 -4.5235992e+001 -4.4807541e+001 -4.4846382e+001 -4.4551956e+001
 -2.0666667e-001 -4.5422375e+001 -4.3716305e+001 -4.5362457e+001 -4.5233742e+001 -4.4826538e+001 -4.4851784e+001 -4.4549908e+001
 -2.0000000e-001 -4.5415890e+001 -4.3708267e+001 -4.5345371e+001 -4.5230911e+001 -4.4830223e+001 -4.4848427e+001 -4.4552834e+001
 -1.9333333e-001 -4.5398487e+001 -4.3723129e+001 -4.5332756e+001 -4.5233017e+001 -4.4823231e+001 -4.4854481e+001 -4.4548111e+001
 -1.8666667e-001 -4.5387371e+001 -4.3740284e+001 -4.5324383e+001 -4.5241543e+001 -4.4815918e+001 -4.4847214e+001 -4.4555546e+001
 -1.8000000e-001 -4.5392475e+001 -4.3750648e+001 -4.5320423e+001 -4.5240623e+001 -4.4820423e+001 -4.4845745e+001 -4.4556320e+001
 -1.7333333e-001 -4.5394203e+001 -4.3746933e+001 -4.5312935e+001 -4.5246235e+001 -4.4828419e+001 -4.4850681e+001 -4.4554169e+001
 -1.6666667e-001 -4.5395061e+001 -4.3755035e+001 -4.5289547e+001 -4.5259640e+001 -4.4819019e+001 -4.4846077e+001 -4.4553593e+001
 -1.6000000e-001 -4.5389366e+001 -4.3769653e+001 -4.5273361e+001 -4.5270233e+001 -4.4814098e+001 -4.4845840e+001 -4.4554829e+001
 -1.5333333e-001 -4.5391087e+001 -4.3775002e+001 -4.5275448e+001 -4.5262146e+001 -4.4829250e+001 -4.4849236e+001 -4.4567104e+001
 -1.4666667e-001 -4.5393284e+001 -4.3784950e+001 -4.5281952e+001 -4.5262291e+001 -4.4834698e+001 -4.4844555e+001 -4.4575874e+001
 -1.4000000e-001 -4.5405697e+001 -4.3781570e+001 -4.5274456e+001 -4.5266876e+001 -4.4810814e+001 -4.4839439e+001 -4.4586666e+001
 -1.3333333e-001 -4.5405666e+001 -4.3778221e+001 -4.5275803e+001 -4.5267685e+001 -4.4803669e+001 -4.4844692e+001 -4.4597424e+001
 -1.2666667e-001 -4.5401878e+001 -4.3784191e+001 -4.5285206e+001 -4.5255856e+001 -4.4804527e+001 -4.4850090e+001 -4.4592091e+001
 -1.2000000e-001 -4.5412048e+001 -4.3781399e+001 -4.5269119e+001 -4.5251270e+001 -4.4806332e+001 -4.4844280e+001 -4.4599094e+001
 -1.1333333e-001 -4.5409191e+001 -4.3782036e+001 -4.5254616e+001 -4.5262070e+001 -4.4810318e+001 -4.4848515e+001 -4.4603844e+001
 -1.0666667e-001 -4.5408577e+001 -4.3786015e+001 -4.5250870e+001 -4.5251705e+001 -4.4810501e+001 -4.4846111e+001 -4.4590282e+001
 -1.0000000e-001 -4.5416538e+001 -4.3779629e+001 -4.5247086e+001 -4.5232979e+001 -4.4819679e+001 -4.4838020e+001 -4.4585857e+001
 -9.3333333e-002 -4.5412014e+001 -4.3772007e+001 -4.5240643e+001 -4.5236763e+001 -4.4814983e+001 -4.4826420e+001 -4.4577362e+001
 -8.6666667e-002 -4.5400631e+001 -4.3772202e+001 -4.5238987e+001 -4.5248348e+001 -4.4802753e+001 -4.4816051e+001 -4.4564644e+001
 -8.0000000e-002 -4.5388058e+001 -4.3758564e+001 -4.5238396e+001 -4.5246174e+001 -4.4802708e+001 -4.4833561e+001 -4.4567898e+001
 -7.3333333e-002 -4.5379967e+001 -4.3752892e+001 -4.5235031e+001 -4.5251133e+001 -4.4821159e+001 -4.4823994e+001 -4.4584148e+001
 -6.6666667e-002 -4.5377438e+001 -4.3757599e+001 -4.5230640e+001 -4.5251133e+001 -4.4833572e+001 -4.4801231e+001 -4.4585777e+001
 -6.0000000e-002 -4.5381668e+001 -4.3763500e+001 -4.5230797e+001 -4.5250595e+001 -4.4830639e+001 -4.4797737e+001 -4.4581161e+001
 -5.3333333e-002 -4.5368526e+001 -4.3763680e+001 -4.5228039e+001 -4.5259899e+001 -4.4827278e+001 -4.4784668e+001 -4.4584984e+001
 -4.6666667e-002 -4.5342842e+001 -4.3754566e+001 -4.5231213e+001 -4.5271927e+001 -4.4822968e+001 -4.4766075e+001 -4.4604240e+001
 -4.0000000e-002 -4.5341370e+001 -4.3745342e+001 -4.5237507e+001 -4.5269119e+001 -4.4828793e+001 -4.4765598e+001 -4.4612370e+001
 -3.3333333e-002 -4.5348763e+001 -4.3750351e+001 -4.5246281e+001 -4.5260201e+001 -4.4836246e+001 -4.4769020e+001 -4.4622902e+001
 -2.6666667e-002 -4.5352257e+001 -4.3749218e+001 -4.5242554e+001 -4.5254215e+001 -4.4821205e+001 -4.4775982e+001 -4.4630722e+001
 -2.0000000e-002 -4.5341507e+001 -4.3752350e+001 -4.5239391e+001 -4.5270836e+001 -4.4812218e+001 -4.4777477e+001 -4.4628841e+001
 -1.3333333e-002 -4.5340164e+001 -4.3756058e+001 -4.5239391e+001 -4.5284611e+001 -4.4823906e+001 -4.4781757e+001 -4.4642948e+001
 -6.6666667e-003 -4.5337509e+001 -4.3750511e+001 -4.5244232e+001 -4.5291348e+001 -4.4827377e+001 -4.4789249e+001 -4.4663273e+001
  0.0000000e+000 -4.5328899e+001 -4.3753262e+001 -4.5253929e+001 -4.5294952e+001 -4.4818920e+001 -4.4785072e+001 -4.4667843e+001
  6.6666667e-003 -4.5335434e+001 -4.3756142e+001 -4.5268177e+001 -4.5294353e+001 -4.4820839e+001 -4.4782825e+001 -4.4662151e+001
  1.3333333e-002 -4.5347763e+001 -4.3740189e+001 -4.5284412e+001 -4.5295010e+001 -4.4822052e+001 -4.4790699e+001 -4.4663231e+001
  2.0000000e-002 -4.5352497e+001 -4.3741760e+001 -4.5287151e+001 -4.5303272e+001 -4.4830345e+001 -4.4786526e+001 -4.4659302e+001
  2.6666667e-002 -4.5352459e+001 -4.3736423e+001 -4.5285618e+001 -4.5311588e+001 -4.4839512e+001 -4.4788887e+001 -4.4649906e+001
  3.3333333e-002 -4.5359482e+001 -4.3726036e+001 -4.5310699e+001 -4.5312160e+001 -4.4833733e+001 -4.4791428e+001 -4.4647385e+001
  4.0000000e-002 -4.5372746e+001 -4.3732235e+001 -4.5343430e+001 -4.5313034e+001 -4.4849194e+001 -4.4783855e+001 -4.4644798e+001
  4.6666667e-002 -4.5381191e+001 -4.3737419e+001 -4.5357666e+001 -4.5309776e+001 -4.4863998e+001 -4.4789005e+001 -4.4645054e+001
  5.3333333e-002 -4.5374130e+001 -4.3730743e+001 -4.5358170e+001 -4.5297150e+001 -4.4873508e+001 -4.4816292e+001 -4.4650948e+001
  6.0000000e-002 -4.5362354e+001 -4.3722141e+001 -4.5366276e+001 -4.5295887e+001 -4.4892448e+001 -4.4871586e+001 -4.4654751e+001
  6.6666667e-002 -4.5358814e+001 -4.3720131e+001 -4.5382248e+001 -4.5302311e+001 -4.4904194e+001 -4.4984413e+001 -4.4674744e+001
  7.3333333e-002 -4.5346821e+001 -4.3720730e+001 -4.5414444e+001 -4.5295696e+001 -4.4905479e+001 -4.5180241e+001 -4.4731125e+001
  8.0000000e-002 -4.5326622e+001 -4.3714237e+001 -4.5469147e+001 -4.5307716e+001 -4.4918716e+001 -4.5438858e+001 -4.4807201e+001
  8.6666667e-002 -4.5322952e+001 -4.3711937e+001 -4.5548176e+001 -4.5331345e+001 -4.4949966e+001 -4.5817554e+001 -4.4919540e+001
  9.3333333e-002 -4.5342129e+001 -4.3706158e+001 -4.5681297e+001 -4.5372456e+001 -4.5004539e+001 -4.6366932e+001 -4.5098141e+001
  1.0000000e-001 -4.5385155e+001 -4.3711246e+001 -4.5918087e+001 -4.5461960e+001 -4.5129372e+001 -4.7051006e+001 -4.5363041e+001
  1.0666667e-001 -4.5448200e+001 -4.3748173e+001 -4.6325176e+001 -4.5637737e+001 -4.5365059e+001 -4.7933662e+001 -4.5837688e+001
  1.1333333e-001 -4.5561756e+001 -4.3821533e+001 -4.7017494e+001 -4.5967487e+001 -4.5776653e+001 -4.9104675e+001 -4.6684963e+001
  1.2000000e-001 -4.5753803e+001 -4.3986958e+001 -4.8109604e+001 -4.6508713e+001 -4.6537834e+001 -5.0574478e+001 -4.8045341e+001
  1.2666667e-001 -4.6101681e+001 -4.4299889e+001 -4.9638016e+001 -4.7435413e+001 -4.7784557e+001 -5.2467487e+001 -4.9987362e+001
  1.3333333e-001 -4.6787952e+001 -4.4806564e+001 -5.1569969e+001 -4.8886383e+001 -4.9466537e+001 -5.4879097e+001 -5.2437645e+001
  1.4000000e-001 -4.7879547e+001 -4.5685474e+001 -5.3782040e+001 -5.0786873e+001 -5.1486713e+001 -5.7854027e+001 -5.5208828e+001
  1.4666667e-001 -4.9420033e+001 -4.7088600e+001 -5.6223606e+001 -5.3104031e+001 -5.3845589e+001 -6.1323200e+001 -5.8233006e+001
  1.5333333e-001 -5.1429165e+001 -4.8876671e+001 -5.8981197e+001 -5.5831306e+001 -5.6571136e+001 -6.5141029e+001 -6.1504822e+001
  1.6000000e-001 -5.3844025e+001 -5.0758976e+001 -6.2127708e+001 -5.8939240e+001 -5.9661396e+001 -6.9177521e+001 -6.5015045e+001
  1.6666667e-001 -5.6682762e+001 -5.2814507e+001 -6.5663322e+001 -6.2404934e+001 -6.3062202e+001 -7.3376999e+001 -6.8740654e+001
  1.7333333e-001 -5.9933498e+001 -5.5279339e+001 -6.9553421e+001 -6.6137619e+001 -6.6647682e+001 -7.7666069e+001 -7.2600868e+001
  1.8000000e-001 -6.3493595e+001 -5.8249432e+001 -7.3590149e+001 -7.0041878e+001 -7.0444046e+001 -8.2098778e+001 -7.6642006e+001
  1.8666667e-001 -6.7292389e+001 -6.1680946e+001 -7.7641518e+001 -7.4102844e+001 -7.4492203e+001 -8.6350304e+001 -8.1071724e+001
  1.9333333e-001 -7.1385376e+001 -6.5397163e+001 -8.2008881e+001 -7.8292465e+001 -7.8611908e+001 -9.0980194e+001 -8.5719017e+001
  2.0000000e-001 -7.5781631e+001 -6.9328682e+001 -8.6672394e+001 -8.2341606e+001 -8.3222855e+001 -9.5684021e+001 -9.0969330e+001
  2.0666667e-001 -8.0022499e+001 -7.3525009e+001 -9.2000183e+001 -8.6788010e+001 -8.8261894e+001 -1.0062958e+002 -9.6228455e+001
  2.1333333e-001 -8.5693520e+001 -7.7837189e+001 -9.7439514e+001 -9.1332062e+001 -9.3713470e+001 -1.0570337e+002 -1.0135330e+002
  2.2000000e-001 -9.1330017e+001 -8.2926208e+001 -1.0282465e+002 -9.5854797e+001 -9.9054688e+001 -1.1040770e+002 -1.0612343e+002
  2.2666667e-001 -9.6958405e+001 -8.8574402e+001 -1.0772221e+002 -1.0043613e+002 -1.0383383e+002 -1.1461307e+002 -1.1011540e+002
  2.3333333e-001 -1.0205081e+002 -9.4375366e+001 -1.1202922e+002 -1.0468622e+002 -1.0779718e+002 -1.1843842e+002 -1.1358391e+002
  2.4000000e-001 -1.0623587e+002 -9.9918976e+001             NaN -1.0826681e+002             NaN             NaN -1.1696063e+002
  2.4666667e-001 -1.1017268e+002 -1.0463113e+002             NaN -1.1125905e+002             NaN             NaN             NaN
  2.5333333e-001 -1.1422801e+002 -1.0860297e+002             NaN -1.1405492e+002             NaN             NaN             NaN
  2.6000000e-001 -1.1763077e+002 -1.1239331e+002             NaN             NaN             NaN             NaN             NaN
  2.6666667e-001             NaN -1.1525736e+002             NaN             NaN             NaN             NaN             NaN
  2.7333333e-001             NaN             NaN             NaN             NaN             NaN             NaN             NaN
  2.8000000e-001             NaN             NaN             NaN             NaN             NaN             NaN             NaN
  2.8666667e-001             NaN             NaN             NaN             NaN             NaN             NaN             NaN
  2.9333333e-001             NaN             NaN             NaN             NaN             NaN             NaN             NaN
  3.0000000e-001             NaN             NaN             NaN             NaN             NaN             NaN             NaN
  3.0666667e-001             NaN             NaN             NaN             NaN             NaN             NaN             NaN
  3.1333333e-001             NaN             NaN             NaN             NaN -1.0178876e+002             NaN -1.0877960e+002
  3.2000000e-001             NaN             NaN             NaN             NaN -9.8044464e+001             NaN -1.0547644e+002
  3.2666667e-001             NaN -1.0402388e+002             NaN             NaN -9.4094849e+001             NaN -1.0195526e+002
  3.3333333e-001             NaN -9.9814911e+001             NaN             NaN -8.9787857e+001             NaN -9.7923767e+001
  3.4000000e-001             NaN -9.5574524e+001             NaN             NaN -8.5196289e+001 -1.1049162e+002 -9.3466827e+001
  3.4666667e-001 -1.0738059e+002 -9.1582153e+001 -1.0620459e+002 -1.0368637e+002 -8.0949028e+001 -1.0780280e+002 -8.8938904e+001
  3.5333333e-001 -1.0547868e+002 -8.7795219e+001 -1.0352081e+002 -1.0052063e+002 -7.7407753e+001 -1.0483833e+002 -8.4587311e+001
  3.6000000e-001 -1.0356143e+002 -8.4678177e+001 -1.0093222e+002 -9.7213379e+001 -7.2219406e+001 -1.0172122e+002 -8.0648209e+001
  3.6666667e-001 -1.0156644e+002 -8.1187225e+001 -9.8328827e+001 -9.3835541e+001 -6.9297028e+001 -9.9413055e+001 -7.6916573e+001
  3.7333333e-001 -9.9587708e+001 -7.6649521e+001 -9.6110107e+001 -9.0574036e+001 -6.5777916e+001 -9.7984802e+001 -7.2985748e+001
  3.8000000e-001 -9.7893036e+001 -7.2780655e+001 -9.4216156e+001 -8.7358696e+001 -6.2552162e+001 -9.7273499e+001 -6.9749893e+001
  3.8666667e-001 -9.6123749e+001 -6.9568764e+001 -9.2268311e+001 -8.4389259e+001 -5.9807365e+001 -9.5212128e+001 -6.6929634e+001
  3.9333333e-001 -9.3968597e+001 -6.6630920e+001 -8.9905128e+001 -8.1345856e+001 -5.7777554e+001 -9.3179535e+001 -6.5268669e+001
  4.0000000e-001 -9.1665405e+001 -6.4203262e+001 -8.7532166e+001 -7.6779625e+001 -5.6675999e+001 -9.1867493e+001 -6.5213196e+001
  4.0666667e-001 -8.9137695e+001 -6.2309242e+001 -8.4520027e+001 -7.4925140e+001 -5.6541809e+001 -9.1085876e+001 -6.5711670e+001
  4.1333333e-001 -8.6572456e+001 -6.1213612e+001 -8.1597763e+001 -7.2199059e+001 -5.7207684e+001 -8.9526878e+001 -6.6325546e+001
  4.2000000e-001 -8.4509773e+001 -6.0845032e+001 -7.9880341e+001 -6.9401199e+001 -5.8800896e+001 -9.0469391e+001 -6.7396729e+001
  4.2666667e-001 -8.3107758e+001 -6.1573635e+001 -7.9140381e+001 -6.6714134e+001 -6.0525826e+001 -9.0396149e+001 -6.7953865e+001
  4.3333333e-001 -8.2118874e+001 -6.3101604e+001 -7.9289116e+001 -6.4684204e+001 -6.1355927e+001 -8.9085930e+001 -6.8012726e+001
  4.4000000e-001 -8.1158951e+001 -6.3975140e+001 -7.6353363e+001 -6.3458511e+001 -6.1485916e+001 -8.9439774e+001 -6.8454811e+001
  4.4666667e-001 -8.0655838e+001 -6.4340210e+001 -7.6580032e+001 -6.2934895e+001 -6.2016266e+001 -9.1679932e+001 -6.9016678e+001
  4.5333333e-001 -8.1620682e+001 -6.4660187e+001 -7.7612434e+001 -6.3362553e+001 -6.2568058e+001 -9.4212189e+001 -6.9238197e+001
  4.6000000e-001 -8.3531677e+001 -6.4457848e+001 -7.7972641e+001 -6.4509842e+001 -6.2158112e+001 -9.4593750e+001 -6.8705231e+001
  4.6666667e-001 -8.4529442e+001 -6.3962326e+001 -7.7672806e+001 -6.6273987e+001 -6.0842220e+001 -9.4127350e+001 -6.7737015e+001
  4.7333333e-001 -8.4462570e+001 -6.4054413e+001 -7.7297920e+001 -6.7632919e+001 -5.9260674e+001 -9.3885895e+001 -6.6890892e+001
  4.8000000e-001 -8.5224472e+001 -6.4311310e+001 -7.7335976e+001 -6.7976524e+001 -5.8786018e+001 -9.3435303e+001 -6.6373489e+001
  4.8666667e-001 -8.4780800e+001 -6.4312393e+001 -7.7255127e+001 -6.7973434e+001 -5.9679966e+001 -9.2820557e+001 -6.6263130e+001
  4.9333333e-001 -8.4641457e+001 -6.4217339e+001 -7.7021133e+001 -6.8118996e+001 -6.0818035e+001 -9.2165985e+001 -6.6457870e+001
  5.0000000e-001 -8.4742783e+001 -6.4121094e+001 -7.6479210e+001 -6.8191582e+001 -6.1347401e+001 -9.1336487e+001 -6.6611893e+001
  5.0666667e-001 -8.4586662e+001 -6.4108040e+001 -7.4654716e+001 -6.7916557e+001 -6.1457047e+001 -9.0820679e+001 -6.6665260e+001
  5.1333333e-001 -8.3278824e+001 -6.4144173e+001 -7.4226982e+001 -6.7462227e+001 -6.1399891e+001 -9.0683563e+001 -6.6689034e+001
  5.2000000e-001 -8.3090698e+001 -6.4167206e+001 -7.3836792e+001 -6.7046539e+001 -6.1207211e+001 -9.0829224e+001 -6.6691994e+001
  5.2666667e-001 -8.2940590e+001 -6.3873657e+001 -7.3653938e+001 -6.6769318e+001 -6.1047562e+001 -9.1087341e+001 -6.6586098e+001
  5.3333333e-001 -8.2879555e+001 -6.3566940e+001 -7.5269051e+001 -6.6819366e+001 -6.0816990e+001 -9.1255859e+001 -6.6506943e+001
  5.4000000e-001 -8.2861992e+001 -6.3583462e+001 -7.5096786e+001 -6.7068573e+001 -6.0475090e+001 -9.1529053e+001 -6.6480156e+001
  5.4666667e-001 -8.2886108e+001 -6.3582512e+001 -7.3501419e+001 -6.7168678e+001 -6.0336422e+001 -9.1896179e+001 -6.6414169e+001
  5.5333333e-001 -8.2907486e+001 -6.3555077e+001 -7.4907959e+001 -6.7172722e+001 -6.0218956e+001 -9.2091888e+001 -6.6227814e+001
  5.6000000e-001 -8.2991005e+001 -6.3616390e+001 -7.5018341e+001 -6.7282700e+001 -6.0032207e+001 -9.2022949e+001 -6.6078789e+001
  5.6666667e-001 -8.3120544e+001 -6.3604389e+001 -7.5053741e+001 -6.7284500e+001 -5.9948620e+001 -9.1857941e+001 -6.5924965e+001
  5.7333333e-001 -8.3216003e+001 -6.3554623e+001 -7.4981667e+001 -6.7186546e+001 -5.9864124e+001 -9.1820038e+001 -6.5799202e+001
  5.8000000e-001 -8.3234474e+001 -6.3508186e+001 -7.4948112e+001 -6.7007286e+001 -5.9621876e+001 -9.1983948e+001 -6.5569275e+001
  5.8666667e-001 -8.3197357e+001 -6.3450020e+001 -7.5041565e+001 -6.6839714e+001 -5.9405579e+001 -9.1925781e+001 -6.5456398e+001
  5.9333333e-001 -8.3064148e+001 -6.3451679e+001 -7.5134850e+001 -6.6713104e+001 -5.9324867e+001 -9.1612427e+001 -6.5417152e+001
  6.0000000e-001 -8.2850021e+001 -6.3528217e+001 -7.5302505e+001 -6.6649864e+001 -5.9253128e+001 -9.1328552e+001 -6.5420235e+001
  6.0666667e-001 -8.2736153e+001 -6.3441906e+001 -7.5369957e+001 -6.6621025e+001 -5.9321629e+001 -9.1011261e+001 -6.5431946e+001
  6.1333333e-001 -8.2645233e+001 -6.3354069e+001 -7.5180367e+001 -6.6525970e+001 -5.9509136e+001 -9.0880920e+001 -6.5335579e+001
  6.2000000e-001 -8.2562752e+001 -6.3362076e+001 -7.4970551e+001 -6.6459618e+001 -5.9444210e+001 -9.1003082e+001 -6.5303452e+001
  6.2666667e-001 -8.2428322e+001 -6.3292248e+001 -7.4775215e+001 -6.6403145e+001 -5.9392654e+001 -9.1049957e+001 -6.5352463e+001
  6.3333333e-001 -8.2272110e+001 -6.3241623e+001 -7.4780052e+001 -6.6430542e+001 -5.9418350e+001 -9.1022766e+001 -6.5178574e+001
  6.4000000e-001 -8.2261398e+001 -6.3278515e+001 -7.4679184e+001 -6.6227341e+001 -5.9460178e+001 -9.0864777e+001 -6.5025200e+001
  6.4666667e-001 -8.2143120e+001 -6.3301865e+001 -7.3458748e+001 -6.6056633e+001 -5.9394928e+001 -9.0718994e+001 -6.5029106e+001
  6.5333333e-001 -8.1952766e+001 -6.3281193e+001 -7.3315002e+001 -6.6001015e+001 -5.9301357e+001 -9.0610382e+001 -6.4973419e+001
  6.6000000e-001 -8.1765816e+001 -6.3149811e+001 -7.4119080e+001 -6.5920921e+001 -5.9225323e+001 -9.0427948e+001 -6.4901497e+001
  6.6666667e-001 -8.1567833e+001 -6.2963909e+001 -7.3796249e+001 -6.5794655e+001 -5.9083618e+001 -8.9839287e+001 -6.4927017e+001
  6.7333333e-001 -8.1384933e+001 -6.2819607e+001 -7.2729568e+001 -6.5684364e+001 -5.9066868e+001 -8.9980217e+001 -6.4949471e+001
  6.8000000e-001 -8.1260612e+001 -6.2719429e+001 -7.2795448e+001 -6.5608147e+001 -5.9110458e+001 -8.9980217e+001 -6.4933319e+001
  6.8666667e-001 -8.1158600e+001 -6.2713474e+001 -7.2737511e+001 -6.5503647e+001 -5.9067669e+001 -8.9951546e+001 -6.4910782e+001
  6.9333333e-001 -8.1064552e+001 -6.2770588e+001 -7.4031189e+001 -6.5458328e+001 -5.8895149e+001 -8.9736816e+001 -6.5061127e+001
  7.0000000e-001 -8.1040947e+001 -6.2622112e+001 -7.2742775e+001 -6.5427383e+001 -5.8931175e+001 -8.9494484e+001 -6.5175858e+001
  7.0666667e-001 -8.0998177e+001 -6.2469524e+001 -7.2755180e+001 -6.5376900e+001 -5.8982849e+001 -8.9336182e+001 -6.5140244e+001
  7.1333333e-001 -8.0856728e+001 -6.2499393e+001 -7.3538460e+001 -6.5210587e+001 -5.8863125e+001 -8.9137695e+001 -6.5141579e+001
  7.2000000e-001 -8.0809250e+001 -6.2564281e+001 -7.3513245e+001 -6.5023361e+001 -5.8818920e+001 -8.8936150e+001 -6.5222107e+001
  7.2666667e-001 -8.0764648e+001 -6.2525368e+001 -7.3440186e+001 -6.4928490e+001 -5.8840797e+001 -8.8778435e+001 -6.5281883e+001
  7.3333333e-001 -8.0647018e+001 -6.2522358e+001 -7.4052147e+001 -6.4857933e+001 -5.8789284e+001 -8.8755890e+001 -6.5320625e+001
  7.4000000e-001 -8.0549446e+001 -6.2491718e+001 -7.2760864e+001 -6.4762215e+001 -5.8718227e+001 -8.8749458e+001 -6.5320465e+001
  7.4666667e-001 -8.0397247e+001 -6.2407372e+001 -7.3922264e+001 -6.4683167e+001 -5.8696339e+001 -8.8649689e+001 -6.5367180e+001
  7.5333333e-001 -8.0241150e+001 -6.2373848e+001 -7.4038330e+001 -6.4668617e+001 -5.8641708e+001 -8.8666161e+001 -6.5458115e+001
  7.6000000e-001 -8.0158089e+001 -6.2363365e+001 -7.4080673e+001 -6.4604431e+001 -5.8663834e+001 -8.8682846e+001 -6.5517456e+001
  7.6666667e-001 -8.0132011e+001 -6.2304043e+001 -7.4414497e+001 -6.4506607e+001 -5.8838528e+001 -8.8714127e+001 -6.5600273e+001
  7.7333333e-001 -8.0131355e+001 -6.2285343e+001 -7.4439705e+001 -6.4547150e+001 -5.8887424e+001 -8.8722214e+001 -6.5628166e+001
  7.8000000e-001 -8.0094170e+001 -6.2317268e+001 -7.3203133e+001 -6.4481483e+001 -5.8862419e+001 -8.8710480e+001 -6.5583252e+001
  7.8666667e-001 -8.0068192e+001 -6.2250732e+001 -7.3357071e+001 -6.4241219e+001 -5.8893005e+001 -8.8670425e+001 -6.5586739e+001
  7.9333333e-001 -8.0013969e+001 -6.2142647e+001 -7.3457268e+001 -6.4135399e+001 -5.8897594e+001 -8.8614777e+001 -6.5465103e+001
  8.0000000e-001 -7.9970123e+001 -6.2122299e+001 -7.3556984e+001 -6.4153748e+001 -5.8908817e+001 -8.8618744e+001 -6.5463791e+001
  8.0666667e-001 -7.9931839e+001 -6.2063179e+001 -7.3630165e+001 -6.4169403e+001 -5.8922218e+001 -8.8653030e+001 -6.5557365e+001
  8.1333333e-001 -7.9888702e+001 -6.2121765e+001 -7.3540337e+001 -6.4150757e+001 -5.8899647e+001 -8.8590691e+001 -6.5605873e+001
  8.2000000e-001 -7.9891914e+001 -6.2172302e+001 -7.4855850e+001 -6.4097626e+001 -5.8885193e+001 -8.8458199e+001 -6.5631454e+001
  8.2666667e-001 -7.9772873e+001 -6.2075562e+001 -7.4691994e+001 -6.3990391e+001 -5.8863583e+001 -8.8348976e+001 -6.5620773e+001
  8.3333333e-001 -7.9660904e+001 -6.1927666e+001 -7.4503716e+001 -6.4019875e+001 -5.8810265e+001 -8.8314255e+001 -6.5492798e+001
  8.4000000e-001 -7.9594048e+001 -6.1821880e+001 -7.4421318e+001 -6.4046005e+001 -5.8773335e+001 -8.8309158e+001 -6.5366562e+001
  8.4666667e-001 -7.9537827e+001 -6.1791874e+001 -7.3092422e+001 -6.4013710e+001 -5.8838646e+001 -8.8213051e+001 -6.5381798e+001
  8.5333333e-001 -7.9597084e+001 -6.1687187e+001 -7.3086563e+001 -6.4019730e+001 -5.8898155e+001 -8.8139748e+001 -6.5330482e+001
  8.6000000e-001 -7.9520844e+001 -6.1604313e+001 -7.4102470e+001 -6.4058319e+001 -5.8808319e+001 -8.8201042e+001 -6.5264862e+001
  8.6666667e-001 -7.9329948e+001 -6.1533768e+001 -7.5301834e+001 -6.4049934e+001 -5.8730358e+001 -8.8179733e+001 -6.5179070e+001
  8.7333333e-001 -7.9208214e+001 -6.1443195e+001 -7.4215256e+001 -6.4031441e+001 -5.8759270e+001 -8.8071053e+001 -6.5149490e+001
  8.8000000e-001 -7.9246971e+001 -6.1441986e+001 -7.4208054e+001 -6.4036186e+001 -5.8820305e+001 -8.8030991e+001 -6.5055374e+001
  8.8666667e-001 -7.9326035e+001 -6.1494797e+001 -7.2974831e+001 -6.3999733e+001 -5.8801346e+001 -8.8020584e+001 -6.5064201e+001
  8.9333333e-001 -7.9236450e+001 -6.1305286e+001 -7.2927155e+001 -6.3994987e+001 -5.8821617e+001 -8.8021667e+001 -6.5080292e+001
  9.0000000e-001 -7.9065193e+001 -6.1233665e+001 -7.2923012e+001 -6.4027390e+001 -5.8782665e+001 -8.7897461e+001 -6.5101295e+001
  9.0666667e-001 -7.8913475e+001 -6.1289387e+001 -7.2901894e+001 -6.4097321e+001 -5.8651245e+001 -8.7847961e+001 -6.5056267e+001
  9.1333333e-001 -7.8839058e+001 -6.1223179e+001 -7.4324905e+001 -6.4031799e+001 -5.8643764e+001 -8.7923119e+001 -6.5084351e+001
  9.2000000e-001 -7.8830208e+001 -6.1150799e+001 -7.4324043e+001 -6.3980316e+001 -5.8671318e+001 -8.7926697e+001 -6.5148773e+001
  9.2666667e-001 -7.8830132e+001 -6.1204998e+001 -7.4274811e+001 -6.3882393e+001 -5.8680035e+001 -8.7864944e+001 -6.5111359e+001
  9.3333333e-001 -7.8877602e+001 -6.1248043e+001 -7.4204315e+001 -6.3883198e+001 -5.8653076e+001 -8.7869072e+001 -6.5066490e+001
  9.4000000e-001 -7.8933060e+001 -6.1149727e+001 -7.4167297e+001 -6.3933159e+001 -5.8624012e+001 -8.7877167e+001 -6.5132339e+001
  9.4666667e-001 -7.8835052e+001 -6.1051983e+001 -7.4145180e+001 -6.3883888e+001 -5.8605675e+001 -8.7846954e+001 -6.5217102e+001
  9.5333333e-001 -7.8667580e+001 -6.1045696e+001 -7.2873711e+001 -6.3844284e+001 -5.8509369e+001 -8.7876160e+001 -6.5288239e+001
  9.6000000e-001 -7.8641014e+001 -6.1042324e+001 -7.2856087e+001 -6.3866879e+001 -5.8494801e+001 -8.8014458e+001 -6.5317894e+001
  9.6666667e-001 -7.8691711e+001 -6.0963654e+001 -7.4424652e+001 -6.3971416e+001 -5.8559586e+001 -8.8068314e+001 -6.5323532e+001
  9.7333333e-001 -7.8705673e+001 -6.0931374e+001 -7.4415955e+001 -6.4007942e+001 -5.8659359e+001 -8.8021370e+001 -6.5379158e+001
  9.8000000e-001 -7.8719452e+001 -6.0927452e+001 -7.4219643e+001 -6.4002205e+001 -5.8643917e+001 -8.8006393e+001 -6.5369164e+001
  9.8666667e-001 -7.8755020e+001 -6.0911537e+001 -7.4116814e+001 -6.3922150e+001 -5.8561291e+001 -8.8064369e+001 -6.5301216e+001
  9.9333333e-001 -7.8741417e+001 -6.0861946e+001 -7.4153610e+001 -6.3922245e+001 -5.8587723e+001 -8.8121216e+001 -6.5330559e+001
  1.0000000e+000 -7.8709694e+001 -6.0765995e+001 -7.4191383e+001 -6.3971493e+001 -5.8577377e+001 -8.8146919e+001 -6.5356552e+001
  1.0066667e+000 -7.8670273e+001 -6.0774704e+001 -7.2582993e+001 -6.4051994e+001 -5.8554127e+001 -8.8065582e+001 -6.5416245e+001
  1.0133333e+000 -7.8615852e+001 -6.0867683e+001 -7.2557205e+001 -6.4063385e+001 -5.8458523e+001 -8.8028801e+001 -6.5586922e+001
  1.0200000e+000 -7.8591293e+001 -6.0878090e+001 -7.4202194e+001 -6.3884323e+001 -5.8377743e+001 -8.8020775e+001 -6.5666115e+001
  1.0266667e+000 -7.8614555e+001 -6.0870632e+001 -7.4200027e+001 -6.3916447e+001 -5.8514641e+001 -8.7959915e+001 -6.5663383e+001
  1.0333333e+000 -7.8561409e+001 -6.0834282e+001 -7.4106880e+001 -6.3977646e+001 -5.8559364e+001 -8.7930672e+001 -6.5629631e+001
  1.0400000e+000 -7.8486366e+001 -6.0815533e+001 -7.4048195e+001 -6.4020103e+001 -5.8428204e+001 -8.7906219e+001 -6.5585182e+001
  1.0466667e+000 -7.8430977e+001 -6.0698978e+001 -7.3977493e+001 -6.4163910e+001 -5.8382191e+001 -8.7845238e+001 -6.5631477e+001
  1.0533333e+000 -7.8423485e+001 -6.0680916e+001 -7.4018875e+001 -6.4238480e+001 -5.8453217e+001 -8.7817978e+001 -6.5623032e+001
  1.0600000e+000 -7.8492165e+001 -6.0815754e+001 -7.4073586e+001 -6.4200630e+001 -5.8401470e+001 -8.7740593e+001 -6.5583290e+001
  1.0666667e+000 -7.8538307e+001 -6.0918247e+001 -7.3957932e+001 -6.4157631e+001 -5.8352398e+001 -8.7648735e+001 -6.5718407e+001
  1.0733333e+000 -7.8544548e+001 -6.0867054e+001 -7.3997711e+001 -6.4184296e+001 -5.8358536e+001 -8.7631729e+001 -6.5737419e+001
  1.0800000e+000 -7.8482620e+001 -6.0623798e+001 -7.3981895e+001 -6.4259674e+001 -5.8420761e+001 -8.7592308e+001 -6.5649086e+001
  1.0866667e+000 -7.8401047e+001 -6.0588799e+001 -7.3761810e+001 -6.4332207e+001 -5.8469330e+001 -8.7536057e+001 -6.5650581e+001
  1.0933333e+000 -7.8466209e+001 -6.0649956e+001 -7.3611290e+001 -6.4393829e+001 -5.8531231e+001 -8.7458321e+001 -6.5765625e+001
  1.1000000e+000 -7.8563187e+001 -6.0655823e+001 -7.3560356e+001 -6.4349701e+001 -5.8535431e+001 -8.7363365e+001 -6.5804115e+001
  1.1066667e+000 -7.8579956e+001 -6.0669258e+001 -7.3621559e+001 -6.4358002e+001 -5.8459946e+001 -8.7285309e+001 -6.5730614e+001
  1.1133333e+000 -7.8557022e+001 -6.0624680e+001 -7.3641335e+001 -6.4341049e+001 -5.8407230e+001 -8.7190277e+001 -6.5702332e+001
  1.1200000e+000 -7.8489532e+001 -6.0667545e+001 -7.3586510e+001 -6.4299736e+001 -5.8477520e+001 -8.7114456e+001 -6.5730469e+001
  1.1266667e+000 -7.8502243e+001 -6.0799839e+001 -7.3586159e+001 -6.4337463e+001 -5.8564083e+001 -8.7073235e+001 -6.5781822e+001
  1.1333333e+000 -7.8568542e+001 -6.0733326e+001 -7.3536865e+001 -6.4377480e+001 -5.8616451e+001 -8.6995079e+001 -6.5923447e+001
  1.1400000e+000 -7.8579819e+001 -6.0562809e+001 -7.3446289e+001 -6.4313156e+001 -5.8590000e+001 -8.6891968e+001 -6.5994637e+001
  1.1466667e+000 -7.8601189e+001 -6.0552723e+001 -7.3417244e+001 -6.4272018e+001 -5.8529476e+001 -8.6873131e+001 -6.5964928e+001
  1.1533333e+000 -7.8675697e+001 -6.0665085e+001 -7.3469238e+001 -6.4253700e+001 -5.8534954e+001 -8.6830467e+001 -6.5868370e+001
  1.1600000e+000 -7.8628090e+001 -6.0744923e+001 -7.3424782e+001 -6.4233246e+001 -5.8548096e+001 -8.6758217e+001 -6.6051956e+001
  1.1666667e+000 -7.8597076e+001 -6.0751167e+001 -7.3283012e+001 -6.4234993e+001 -5.8499329e+001 -8.6683945e+001 -6.6155945e+001
  1.1733333e+000 -7.8616005e+001 -6.0836830e+001 -7.3213097e+001 -6.4153351e+001 -5.8410305e+001 -8.6609276e+001 -6.6055687e+001
  1.1800000e+000 -7.8614723e+001 -6.0828239e+001 -7.3208458e+001 -6.4183983e+001 -5.8376862e+001 -8.6615341e+001 -6.6125786e+001
  1.1866667e+000 -7.8619919e+001 -6.0803650e+001 -7.3170303e+001 -6.4301949e+001 -5.8487545e+001 -8.6625481e+001 -6.6184395e+001
  1.1933333e+000 -7.8621788e+001 -6.0707909e+001 -7.3156647e+001 -6.4358597e+001 -5.8485531e+001 -8.6551727e+001 -6.6266319e+001
  1.2000000e+000 -7.8629990e+001 -6.0647396e+001 -7.3111725e+001 -6.4434547e+001 -5.8443771e+001 -8.6504250e+001 -6.6371262e+001
  1.2066667e+000 -7.8617683e+001 -6.0637676e+001 -7.2918442e+001 -6.4511688e+001 -5.8512802e+001 -8.6433113e+001 -6.6460648e+001
  1.2133333e+000 -7.8596886e+001 -6.0609501e+001 -7.2764206e+001 -6.4506790e+001 -5.8517429e+001 -8.6294823e+001 -6.6695068e+001
  1.2200000e+000 -7.8585236e+001 -6.0597000e+001 -7.2627571e+001 -6.4474258e+001 -5.8463032e+001 -8.6139633e+001 -6.6920197e+001
  1.2266667e+000 -7.8597473e+001 -6.0572475e+001 -7.2498032e+001 -6.4471794e+001 -5.8529839e+001 -8.6039925e+001 -6.7061684e+001
  1.2333333e+000 -7.8626846e+001 -6.0531609e+001 -7.2474670e+001 -6.4576233e+001 -5.8642216e+001 -8.6062347e+001 -6.7310669e+001
  1.2400000e+000 -7.8644279e+001 -6.0511223e+001 -7.2364807e+001 -6.4613068e+001 -5.8673115e+001 -8.6020782e+001 -6.7585335e+001
  1.2466667e+000 -7.8649483e+001 -6.0446758e+001 -7.2281479e+001 -6.4662109e+001 -5.8586803e+001 -8.5956490e+001 -6.7865456e+001
  1.2533333e+000 -7.8658127e+001 -6.0479954e+001 -7.2163101e+001 -6.4686424e+001 -5.8529797e+001 -8.5840988e+001 -6.8081688e+001
  1.2600000e+000 -7.8650505e+001 -6.0595642e+001 -7.2021591e+001 -6.4630981e+001 -5.8555737e+001 -8.5651878e+001 -6.8317604e+001
  1.2666667e+000 -7.8669731e+001 -6.0577126e+001 -7.2009239e+001 -6.4568565e+001 -5.8658970e+001 -8.5474892e+001 -6.8645317e+001
  1.2733333e+000 -7.8639908e+001 -6.0524452e+001 -7.1981606e+001 -6.4605797e+001 -5.8701004e+001 -8.5367348e+001 -6.8980476e+001
  1.2800000e+000 -7.8601158e+001 -6.0537292e+001 -7.1903854e+001 -6.4584106e+001 -5.8681236e+001 -8.5210091e+001 -6.9280907e+001
  1.2866667e+000 -7.8551445e+001 -6.0581253e+001 -7.1819466e+001 -6.4597801e+001 -5.8707321e+001 -8.5170135e+001 -6.9597740e+001
  1.2933333e+000 -7.8518204e+001 -6.0595219e+001 -7.1771492e+001 -6.4713936e+001 -5.8785484e+001 -8.5246925e+001 -6.9901314e+001
  1.3000000e+000 -7.8466232e+001 -6.0526363e+001 -7.1737122e+001 -6.4754860e+001 -5.8676586e+001 -8.5210876e+001 -7.0160828e+001
  1.3066667e+000 -7.8481171e+001 -6.0476833e+001 -7.1741318e+001 -6.4707550e+001 -5.8652111e+001 -8.5089447e+001 -7.0450447e+001
  1.3133333e+000 -7.8486671e+001 -6.0461769e+001 -7.1703125e+001 -6.4805099e+001 -5.8716949e+001 -8.5015556e+001 -7.0848961e+001
  1.3200000e+000 -7.8477898e+001 -6.0520435e+001 -7.1709129e+001 -6.4851311e+001 -5.8645447e+001 -8.4896889e+001 -7.1261703e+001
  1.3266667e+000 -7.8575249e+001 -6.0563587e+001 -7.1772972e+001 -6.4811287e+001 -5.8636463e+001 -8.4735786e+001 -7.0787804e+001
  1.3333333e+000 -7.8542480e+001 -6.0571465e+001 -7.1798073e+001 -6.4866486e+001 -5.8645718e+001 -8.4661819e+001 -7.2033157e+001
  1.3400000e+000 -7.8492325e+001 -6.0535713e+001 -7.1822365e+001 -6.4896683e+001 -5.8601673e+001 -8.4622543e+001 -7.2424103e+001
  1.3466667e+000 -7.8482841e+001 -6.0553146e+001 -7.1918137e+001 -6.4821655e+001 -5.8486221e+001 -8.4525719e+001 -7.2852448e+001
  1.3533333e+000 -7.8380035e+001 -6.0528290e+001 -7.2088745e+001 -6.4807793e+001 -5.8472378e+001 -8.4429230e+001 -7.3282127e+001
  1.3600000e+000 -7.8293694e+001 -6.0469818e+001 -7.2370094e+001 -6.4823402e+001 -5.8401131e+001 -8.4381340e+001 -7.3692665e+001
  1.3666667e+000 -7.8189957e+001 -6.0454975e+001 -7.2759773e+001 -6.4794456e+001 -5.8244827e+001 -8.4346603e+001 -7.4044174e+001
  1.3733333e+000 -7.8124611e+001 -6.0543030e+001 -7.3215958e+001 -6.4872147e+001 -5.8242821e+001 -8.4303741e+001 -7.4267746e+001
  1.3800000e+000 -7.8106522e+001 -6.0609802e+001 -7.3616821e+001 -6.4900665e+001 -5.8241039e+001 -8.4196365e+001 -7.6223877e+001
  1.3866667e+000 -7.8087723e+001 -6.0484619e+001 -7.4080597e+001 -6.4873810e+001 -5.8135178e+001 -8.3957199e+001 -7.6801117e+001
  1.3933333e+000 -7.8078682e+001 -6.0452381e+001 -7.4641037e+001 -6.4911995e+001 -5.8053493e+001 -8.3760391e+001 -7.7251953e+001
  1.4000000e+000 -7.8094246e+001 -6.0530983e+001 -7.5273018e+001 -6.4979851e+001 -5.8102612e+001 -8.3662933e+001 -7.7825958e+001
  1.4066667e+000 -7.8072548e+001 -6.0554359e+001 -7.5854286e+001 -6.5038307e+001 -5.8002365e+001 -8.3629662e+001 -7.8349319e+001
  1.4133333e+000 -7.8080414e+001 -6.0549656e+001 -7.6404930e+001 -6.4920280e+001 -5.7908897e+001 -8.3630096e+001 -7.8009453e+001
  1.4200000e+000 -7.8097572e+001 -6.0703682e+001 -7.6931755e+001 -6.4831177e+001 -5.8051746e+001 -8.3672226e+001 -7.8613373e+001
  1.4266667e+000 -7.8103683e+001 -6.0788822e+001 -7.7380989e+001 -6.4891899e+001 -5.8001148e+001 -8.3697456e+001 -7.9219971e+001
  1.4333333e+000 -7.8038338e+001 -6.0720287e+001 -7.7808609e+001 -6.4899025e+001 -5.7930248e+001 -8.3731361e+001 -7.9826683e+001
  1.4400000e+000 -7.8038193e+001 -6.0743279e+001 -7.8226624e+001 -6.4901932e+001 -5.8014904e+001 -8.3810936e+001 -8.0441963e+001
  1.4466667e+000 -7.8072830e+001 -6.0810303e+001 -7.8622391e+001 -6.4967896e+001 -5.8152554e+001 -8.3940742e+001 -8.1040573e+001
  1.4533333e+000 -7.8052635e+001 -6.0820801e+001 -7.9848763e+001 -6.4948288e+001 -5.8234303e+001 -8.4098068e+001 -8.1721985e+001
  1.4600000e+000 -7.8118752e+001 -6.0858749e+001 -8.0114410e+001 -6.4938889e+001 -5.8211853e+001 -8.4181763e+001 -8.2373833e+001
  1.4666667e+000 -7.8208542e+001 -6.0927814e+001 -8.0361221e+001 -6.4945526e+001 -5.8428165e+001 -8.4291679e+001 -8.3026527e+001
  1.4733333e+000 -7.8277275e+001 -6.1011131e+001 -8.0670326e+001 -6.4979706e+001 -5.8657162e+001 -8.4463387e+001 -8.3707825e+001
  1.4800000e+000 -7.8280991e+001 -6.1211617e+001 -8.1034966e+001 -6.5038101e+001 -5.8788704e+001 -8.4591797e+001 -8.4328018e+001
  1.4866667e+000 -7.8288124e+001 -6.1294441e+001 -8.1301140e+001 -6.5017746e+001 -5.8978008e+001 -8.4576065e+001 -8.5012413e+001
  1.4933333e+000 -7.8334122e+001 -6.1324963e+001 -8.1617699e+001 -6.5098747e+001 -5.9271729e+001 -8.4622101e+001 -8.5715675e+001
  1.5000000e+000 -7.8344276e+001 -6.1504387e+001 -8.2076225e+001 -6.5174255e+001 -5.9594051e+001 -8.4710129e+001 -8.6414276e+001
  1.5066667e+000 -7.8327492e+001 -6.1671959e+001 -8.2470268e+001 -6.5134087e+001 -5.9856758e+001 -8.4832481e+001 -8.7125061e+001
  1.5133333e+000 -7.8409134e+001 -6.1854984e+001 -8.2848564e+001 -6.5172119e+001 -6.0091164e+001 -8.4944839e+001 -8.7852783e+001
  1.5200000e+000 -7.8462555e+001 -6.1986168e+001 -8.3273811e+001 -6.5241280e+001 -6.0406677e+001 -8.5148529e+001 -8.8630409e+001
  1.5266667e+000 -7.8505119e+001 -6.2065487e+001 -8.3619980e+001 -6.5224007e+001 -6.0769390e+001 -8.5375854e+001 -8.9383881e+001
  1.5333333e+000 -7.8569130e+001 -6.2168320e+001 -8.4053665e+001 -6.5248779e+001 -6.0317818e+001 -8.5470047e+001 -8.9895325e+001
  1.5400000e+000 -7.8584488e+001 -6.2164791e+001 -8.4560585e+001 -6.5311440e+001 -6.1568802e+001 -8.5638435e+001 -9.0836731e+001
  1.5466667e+000 -7.8653870e+001 -6.2221741e+001 -8.4980621e+001 -6.5263268e+001 -6.1975739e+001 -8.6014938e+001 -9.1609497e+001
  1.5533333e+000 -7.8725090e+001 -6.2347557e+001 -8.5377335e+001 -6.5258820e+001 -6.1379776e+001 -8.6378960e+001 -9.2390564e+001
  1.5600000e+000 -7.8723396e+001 -6.2525219e+001 -8.5820831e+001 -6.5271355e+001 -6.2031063e+001 -8.6701286e+001 -9.3117035e+001
  1.5666667e+000 -7.8772354e+001 -6.2719215e+001 -8.6248871e+001 -6.5242149e+001 -6.2475132e+001 -8.7111542e+001 -9.3827545e+001
  1.5733333e+000 -7.8846062e+001 -6.3021965e+001 -8.6691330e+001 -6.5279861e+001 -6.2709053e+001 -8.7564980e+001 -9.4572632e+001
  1.5800000e+000 -7.8801010e+001 -6.3286438e+001 -8.7214630e+001 -6.5248840e+001 -6.5098633e+001 -8.7931618e+001 -9.5284607e+001
  1.5866667e+000 -7.8792046e+001 -6.3381821e+001 -8.7655907e+001 -6.5195976e+001 -6.5461037e+001 -8.8165276e+001 -9.5918732e+001
  1.5933333e+000 -7.8821373e+001 -6.3615337e+001 -8.7194878e+001 -6.5221931e+001 -6.5848045e+001 -8.8394287e+001 -9.6582947e+001
  1.6000000e+000 -7.8815704e+001 -6.3878609e+001 -8.7753708e+001 -6.5202774e+001 -6.6267166e+001 -8.8672935e+001 -9.7154541e+001
  1.6066667e+000 -7.8777542e+001 -6.4079323e+001 -8.8226234e+001 -6.5181778e+001 -6.6611061e+001 -8.8845634e+001 -9.7674286e+001
  1.6133333e+000 -7.8811020e+001 -6.4349945e+001 -8.8788887e+001 -6.5175522e+001 -6.6957115e+001 -8.8976067e+001 -9.8233521e+001
  1.6200000e+000 -7.8824074e+001 -6.3775394e+001 -8.9279091e+001 -6.5228928e+001 -6.7386063e+001 -8.9192787e+001 -9.8756378e+001
  1.6266667e+000 -7.8748177e+001 -6.4881020e+001 -8.9705917e+001 -6.5305405e+001 -6.7742424e+001 -8.9384201e+001 -9.9271454e+001
  1.6333333e+000 -7.8737556e+001 -6.5130516e+001 -8.9765930e+001 -6.5329788e+001 -6.8166801e+001 -8.9544151e+001 -9.9703339e+001
  1.6400000e+000 -7.8747345e+001 -6.5457008e+001 -9.0636444e+001 -6.5339378e+001 -6.8639587e+001 -8.9694176e+001 -1.0009094e+002
  1.6466667e+000 -7.8744728e+001 -6.5787254e+001 -9.1018188e+001 -6.5368416e+001 -6.9041473e+001 -8.9873329e+001 -1.0048227e+002
  1.6533333e+000 -7.8734741e+001 -6.6049980e+001 -9.1385223e+001 -6.5442909e+001 -6.9501137e+001 -8.9940659e+001 -1.0092255e+002
  1.6600000e+000 -7.8659637e+001 -6.6398544e+001 -9.1745178e+001 -6.5466614e+001 -6.9920799e+001 -9.0296722e+001 -1.0133234e+002
  1.6666667e+000 -7.8617615e+001 -6.6916611e+001 -9.2135620e+001 -6.5396690e+001 -7.0260117e+001 -9.0585846e+001 -1.0157370e+002
  1.6733333e+000 -7.8611046e+001 -6.7218269e+001             NaN -6.5423691e+001 -6.9849419e+001 -9.0872467e+001 -1.0182797e+002
  1.6800000e+000 -7.8643616e+001 -6.7768921e+001             NaN -6.5480850e+001 -7.0241974e+001 -9.1197296e+001 -1.0209659e+002
  1.6866667e+000 -7.8655807e+001 -6.8217583e+001             NaN -6.5534531e+001 -7.0702003e+001 -9.1552185e+001 -1.0230472e+002
  1.6933333e+000 -7.8642975e+001 -6.8479836e+001             NaN -6.5650909e+001 -7.1105110e+001 -9.1971100e+001 -1.0248209e+002
  1.7000000e+000 -7.8656601e+001 -6.8869026e+001             NaN -6.5732788e+001 -7.1383385e+001 -9.2384735e+001 -1.0260626e+002
  1.7066667e+000 -7.8654984e+001 -7.0517944e+001             NaN -6.5864922e+001 -7.1724396e+001 -9.2687866e+001 -1.0273554e+002
  1.7133333e+000 -7.8585686e+001 -7.0901169e+001             NaN -6.6024506e+001 -7.2073677e+001 -9.3028015e+001 -1.0288281e+002
  1.7200000e+000 -7.8547592e+001 -7.1249260e+001             NaN -6.6033081e+001 -7.2290993e+001 -9.3336121e+001 -1.0297327e+002
  1.7266667e+000 -7.8569489e+001 -7.1613510e+001             NaN -6.6034485e+001 -7.2618660e+001 -9.3630768e+001 -1.0306052e+002
  1.7333333e+000 -7.8582146e+001 -7.1958908e+001             NaN -6.6245125e+001 -7.2910713e+001 -9.3864990e+001 -1.0314389e+002
  1.7400000e+000 -7.8612343e+001 -7.2295998e+001             NaN -6.6415092e+001 -7.3127213e+001 -9.4871002e+001 -1.0317130e+002
  1.7466667e+000 -7.8531982e+001 -7.2710304e+001             NaN -6.6421967e+001 -7.3347580e+001 -9.5143494e+001 -1.0312198e+002
  1.7533333e+000 -7.8462318e+001 -7.3094742e+001             NaN -6.6494583e+001 -7.3515724e+001 -9.5304474e+001 -1.0307385e+002
  1.7600000e+000 -7.8435318e+001 -7.2592499e+001             NaN -6.6627548e+001 -7.3752136e+001 -9.5562897e+001 -1.0304642e+002
  1.7666667e+000 -7.8414177e+001 -7.3752632e+001             NaN -6.6708481e+001 -7.3987564e+001 -9.5771820e+001 -1.0295670e+002
  1.7733333e+000 -7.8415146e+001 -7.4161087e+001             NaN -6.6806488e+001 -7.4159721e+001 -9.6041107e+001 -1.0282471e+002
  1.7800000e+000 -7.8406174e+001 -7.3793976e+001             NaN -6.6865341e+001 -7.4280800e+001 -9.6433990e+001 -1.0274948e+002
  1.7866667e+000 -7.8424393e+001 -7.4221825e+001             NaN -6.6932541e+001 -7.4382950e+001 -9.6654846e+001 -1.0265741e+002
  1.7933333e+000 -7.8402473e+001 -7.4662659e+001             NaN -6.6957344e+001 -7.4574112e+001 -9.6814850e+001 -1.0254196e+002
  1.8000000e+000 -7.8413925e+001 -7.5067581e+001             NaN -6.7021454e+001 -7.4728333e+001 -9.7064880e+001 -1.0248645e+002
  1.8066667e+000 -7.8460968e+001 -7.5419510e+001             NaN -6.7057114e+001 -7.4841179e+001 -9.7328033e+001 -1.0246851e+002
  1.8133333e+000 -7.8501312e+001 -7.5805557e+001             NaN -6.7082619e+001 -7.4965210e+001             NaN -1.0243939e+002
  1.8200000e+000 -7.8509041e+001 -7.6174988e+001             NaN -6.7109444e+001 -7.5024094e+001             NaN -1.0241202e+002
  1.8266667e+000 -7.8483650e+001 -7.6556496e+001             NaN -6.7136719e+001 -7.5088448e+001             NaN -1.0244238e+002
  1.8333333e+000 -7.8482857e+001 -7.6941238e+001             NaN -6.7196693e+001 -7.5235931e+001             NaN -1.0255515e+002
  1.8400000e+000 -7.8519127e+001 -7.7221626e+001             NaN -6.7283638e+001 -7.5423729e+001             NaN -1.0266431e+002
  1.8466667e+000 -7.8568970e+001 -7.7536896e+001             NaN -6.7298828e+001 -7.5590050e+001             NaN -1.0270725e+002
  1.8533333e+000 -7.8614410e+001 -7.7814224e+001             NaN -6.7296364e+001 -7.5705948e+001             NaN -1.0272598e+002
  1.8600000e+000 -7.8700226e+001 -7.8164139e+001             NaN -6.7269775e+001 -7.5827385e+001             NaN -1.0273929e+002
  1.8666667e+000 -7.8758415e+001 -7.8366112e+001             NaN -6.7236008e+001 -7.5977547e+001             NaN -1.0277530e+002
  1.8733333e+000 -7.8735092e+001 -7.8520554e+001             NaN -6.7246361e+001 -7.6210236e+001             NaN -1.0287283e+002
  1.8800000e+000 -7.8755241e+001 -7.8758171e+001             NaN -6.7225624e+001 -7.6494385e+001             NaN -1.0290582e+002
  1.8866667e+000 -7.8803703e+001 -7.8931686e+001             NaN -6.7264969e+001 -7.6807037e+001             NaN -1.0290509e+002
  1.8933333e+000 -7.8763214e+001 -7.9108643e+001             NaN -6.7224251e+001 -7.7089508e+001             NaN -1.0291657e+002
  1.9000000e+000 -7.8767303e+001 -7.9346138e+001             NaN -6.7185974e+001 -7.7386009e+001             NaN -1.0295783e+002
  1.9066667e+000 -7.8833664e+001 -7.9564384e+001             NaN -6.7298790e+001 -7.7727180e+001             NaN -1.0296069e+002
  1.9133333e+000 -7.8882912e+001 -7.9727699e+001             NaN -6.7319145e+001 -7.7981773e+001             NaN -1.0296979e+002
  1.9200000e+000 -7.8960670e+001 -7.9878822e+001             NaN -6.7313797e+001 -7.8257614e+001             NaN -1.0306906e+002
  1.9266667e+000 -7.8973251e+001 -7.9931335e+001             NaN -6.7406616e+001 -7.8529892e+001             NaN -1.0318744e+002
  1.9333333e+000 -7.8995445e+001 -7.9968536e+001             NaN -6.7465614e+001 -7.8803139e+001             NaN -1.0326300e+002
  1.9400000e+000 -7.9036079e+001 -8.0078239e+001             NaN -6.7421875e+001 -7.9110184e+001             NaN -1.0328879e+002
  1.9466667e+000 -7.9084114e+001 -8.0093781e+001             NaN -6.7396461e+001 -7.9406044e+001             NaN -1.0328500e+002
  1.9533333e+000 -7.9175529e+001 -8.0137756e+001             NaN -6.7477913e+001 -7.9692802e+001             NaN -1.0335202e+002
  1.9600000e+000 -7.9259003e+001 -8.0142662e+001             NaN -6.7504631e+001 -7.9998756e+001             NaN -1.0342557e+002
  1.9666667e+000 -7.9316505e+001 -8.0109520e+001             NaN -6.7435280e+001 -8.0264572e+001             NaN -1.0346646e+002
  1.9733333e+000 -7.9345749e+001 -8.0114517e+001             NaN -6.7466530e+001 -8.0534088e+001             NaN -1.0347870e+002
  1.9800000e+000 -7.9365517e+001 -8.0050560e+001             NaN -6.7448608e+001 -8.0896729e+001             NaN -1.0349258e+002
  1.9866667e+000 -7.9390175e+001 -7.9945801e+001             NaN -6.7447006e+001 -8.1210480e+001             NaN -1.0347153e+002
  1.9933333e+000 -7.9470512e+001 -7.9871544e+001             NaN -6.7530617e+001 -8.1502274e+001             NaN -1.0344562e+002
  2.0000000e+000 -7.9518684e+001 -7.9786194e+001             NaN -6.7500710e+001 -8.1819595e+001             NaN -1.0340222e+002
