 -5.0000000e-001 -2.4322600e-001 -2.4326600e-001 -2.4329300e-001 -2.4318300e-001 -2.4313900e-001
 -4.9333333e-001 -2.4321100e-001 -2.4329100e-001 -2.4323500e-001 -2.4312600e-001 -2.4316500e-001
 -4.8666667e-001 -2.4319400e-001 -2.4327200e-001 -2.4326000e-001 -2.4316100e-001 -2.4315900e-001
 -4.8000000e-001 -2.4321700e-001 -2.4325600e-001 -2.4326900e-001 -2.4316600e-001 -2.4315400e-001
 -4.7333333e-001 -2.4323800e-001 -2.4325600e-001 -2.4326000e-001 -2.4314800e-001 -2.4315700e-001
 -4.6666667e-001 -2.4316300e-001 -2.4327800e-001 -2.4326100e-001 -2.4312800e-001 -2.4316700e-001
 -4.6000000e-001 -2.4320000e-001 -2.4328100e-001 -2.4325300e-001 -2.4313800e-001 -2.4315700e-001
 -4.5333333e-001 -2.4323700e-001 -2.4329200e-001 -2.4324400e-001 -2.4313400e-001 -2.4319700e-001
 -4.4666667e-001 -2.4321500e-001 -2.4331700e-001 -2.4319400e-001 -2.4316200e-001 -2.4316700e-001
 -4.4000000e-001 -2.4320800e-001 -2.4329700e-001 -2.4325100e-001 -2.4319100e-001 -2.4317100e-001
 -4.3333333e-001 -2.4317700e-001 -2.4330100e-001 -2.4326000e-001 -2.4314600e-001 -2.4322100e-001
 -4.2666667e-001 -2.4321400e-001 -2.4326500e-001 -2.4326400e-001 -2.4311900e-001 -2.4317700e-001
 -4.2000000e-001 -2.4321000e-001 -2.4330100e-001 -2.4323000e-001 -2.4314700e-001 -2.4315400e-001
 -4.1333333e-001 -2.4320100e-001 -2.4325200e-001 -2.4327800e-001 -2.4318100e-001 -2.4314200e-001
 -4.0666667e-001 -2.4319300e-001 -2.4324300e-001 -2.4327100e-001 -2.4318100e-001 -2.4316400e-001
 -4.0000000e-001 -2.4318500e-001 -2.4330300e-001 -2.4323100e-001 -2.4317000e-001 -2.4316500e-001
 -3.9333333e-001 -2.4318300e-001 -2.4328600e-001 -2.4325000e-001 -2.4322500e-001 -2.4315600e-001
 -3.8666667e-001 -2.4316700e-001 -2.4324200e-001 -2.4325300e-001 -2.4320300e-001 -2.4314600e-001
 -3.8000000e-001 -2.4316600e-001 -2.4323800e-001 -2.4325600e-001 -2.4313400e-001 -2.4312300e-001
 -3.7333333e-001 -2.4317700e-001 -2.4325800e-001 -2.4325800e-001 -2.4312500e-001 -2.4313500e-001
 -3.6666667e-001 -2.4317600e-001 -2.4327700e-001 -2.4326500e-001 -2.4315600e-001 -2.4316800e-001
 -3.6000000e-001 -2.4318400e-001 -2.4327500e-001 -2.4329000e-001 -2.4319200e-001 -2.4319400e-001
 -3.5333333e-001 -2.4318700e-001 -2.4330700e-001 -2.4322700e-001 -2.4313000e-001 -2.4316400e-001
 -3.4666667e-001 -2.4320200e-001 -2.4329600e-001 -2.4325800e-001 -2.4313400e-001 -2.4315800e-001
 -3.4000000e-001 -2.4316200e-001 -2.4328500e-001 -2.4324000e-001 -2.4313700e-001 -2.4312900e-001
 -3.3333333e-001 -2.4314300e-001 -2.4327800e-001 -2.4327600e-001 -2.4320000e-001 -2.4314700e-001
 -3.2666667e-001 -2.4314900e-001 -2.4330400e-001 -2.4323800e-001 -2.4316700e-001 -2.4320100e-001
 -3.2000000e-001 -2.4320900e-001 -2.4327800e-001 -2.4327900e-001 -2.4315300e-001 -2.4319400e-001
 -3.1333333e-001 -2.4320000e-001 -2.4330400e-001 -2.4328500e-001 -2.4314900e-001 -2.4313200e-001
 -3.0666667e-001 -2.4317900e-001 -2.4330400e-001 -2.4329400e-001 -2.4314200e-001 -2.4316700e-001
 -3.0000000e-001 -2.4317900e-001 -2.4331900e-001 -2.4326500e-001 -2.4317800e-001 -2.4315600e-001
 -2.9333333e-001 -2.4318100e-001 -2.4325500e-001 -2.4325900e-001 -2.4317400e-001 -2.4316000e-001
 -2.8666667e-001 -2.4319600e-001 -2.4326300e-001 -2.4325100e-001 -2.4314900e-001 -2.4320200e-001
 -2.8000000e-001 -2.4320800e-001 -2.4326000e-001 -2.4322400e-001 -2.4313800e-001 -2.4319000e-001
 -2.7333333e-001 -2.4320600e-001 -2.4323700e-001 -2.4324900e-001 -2.4318800e-001 -2.4314800e-001
 -2.6666667e-001 -2.4322500e-001 -2.4325300e-001 -2.4323600e-001 -2.4318700e-001 -2.4313100e-001
 -2.6000000e-001 -2.4320100e-001 -2.4330400e-001 -2.4323100e-001 -2.4314000e-001 -2.4316300e-001
 -2.5333333e-001 -2.4319900e-001 -2.4330400e-001 -2.4323000e-001 -2.4312600e-001 -2.4315100e-001
 -2.4666667e-001 -2.4320100e-001 -2.4330200e-001 -2.4323600e-001 -2.4317400e-001 -2.4314700e-001
 -2.4000000e-001 -2.4321800e-001 -2.4328600e-001 -2.4326100e-001 -2.4323100e-001 -2.4316500e-001
 -2.3333333e-001 -2.4321200e-001 -2.4330100e-001 -2.4323300e-001 -2.4320500e-001 -2.4313500e-001
 -2.2666667e-001 -2.4318800e-001 -2.4329000e-001 -2.4323900e-001 -2.4319900e-001 -2.4320000e-001
 -2.2000000e-001 -2.4321400e-001 -2.4328400e-001 -2.4324300e-001 -2.4317300e-001 -2.4319700e-001
 -2.1333333e-001 -2.4318900e-001 -2.4332100e-001 -2.4323100e-001 -2.4319200e-001 -2.4316200e-001
 -2.0666667e-001 -2.4320200e-001 -2.4330300e-001 -2.4322500e-001 -2.4319000e-001 -2.4314200e-001
 -2.0000000e-001 -2.4320800e-001 -2.4328100e-001 -2.4323800e-001 -2.4318900e-001 -2.4315600e-001
 -1.9333333e-001 -2.4323300e-001 -2.4329700e-001 -2.4324200e-001 -2.4321600e-001 -2.4316400e-001
 -1.8666667e-001 -2.4323300e-001 -2.4324800e-001 -2.4326900e-001 -2.4320700e-001 -2.4314500e-001
 -1.8000000e-001 -2.4321000e-001 -2.4321800e-001 -2.4326700e-001 -2.4319500e-001 -2.4316700e-001
 -1.7333333e-001 -2.4319900e-001 -2.4328600e-001 -2.4325700e-001 -2.4315800e-001 -2.4314500e-001
 -1.6666667e-001 -2.4322400e-001 -2.4329200e-001 -2.4321300e-001 -2.4325500e-001 -2.4314600e-001
 -1.6000000e-001 -2.4321800e-001 -2.4326000e-001 -2.4324800e-001 -2.4324100e-001 -2.4317600e-001
 -1.5333333e-001 -2.4322500e-001 -2.4325200e-001 -2.4325200e-001 -2.4315500e-001 -2.4317000e-001
 -1.4666667e-001 -2.4317500e-001 -2.4329600e-001 -2.4325400e-001 -2.4317200e-001 -2.4318800e-001
 -1.4000000e-001 -2.4323600e-001 -2.4327800e-001 -2.4325700e-001 -2.4318100e-001 -2.4317800e-001
 -1.3333333e-001 -2.4324400e-001 -2.4326900e-001 -2.4325100e-001 -2.4314900e-001 -2.4312600e-001
 -1.2666667e-001 -2.4317200e-001 -2.4325200e-001 -2.4321800e-001 -2.4319200e-001 -2.4318000e-001
 -1.2000000e-001 -2.4321600e-001 -2.4328100e-001 -2.4323300e-001 -2.4317900e-001 -2.4317000e-001
 -1.1333333e-001 -2.4321900e-001 -2.4325600e-001 -2.4324600e-001 -2.4317300e-001 -2.4318700e-001
 -1.0666667e-001 -2.4318500e-001 -2.4328200e-001 -2.4327200e-001 -2.4318500e-001 -2.4314400e-001
 -1.0000000e-001 -2.4320400e-001 -2.4327600e-001 -2.4325600e-001 -2.4317900e-001 -2.4314600e-001
 -9.3333333e-002 -2.4321500e-001 -2.4329400e-001 -2.4324400e-001 -2.4320100e-001 -2.4315600e-001
 -8.6666667e-002 -2.4320900e-001 -2.4327700e-001 -2.4325100e-001 -2.4321700e-001 -2.4314500e-001
 -8.0000000e-002 -2.4326000e-001 -2.4325700e-001 -2.4326300e-001 -2.4317100e-001 -2.4312000e-001
 -7.3333333e-002 -2.4322700e-001 -2.4327000e-001 -2.4326400e-001 -2.4313800e-001 -2.4314800e-001
 -6.6666667e-002 -2.4322500e-001 -2.4323500e-001 -2.4324100e-001 -2.4317000e-001 -2.4316200e-001
 -6.0000000e-002 -2.4320900e-001 -2.4327600e-001 -2.4321100e-001 -2.4317800e-001 -2.4312900e-001
 -5.3333333e-002 -2.4320800e-001 -2.4326700e-001 -2.4321500e-001 -2.4316500e-001 -2.4315200e-001
 -4.6666667e-002 -2.4324000e-001 -2.4327300e-001 -2.4321200e-001 -2.4317600e-001 -2.4318500e-001
 -4.0000000e-002 -2.4322100e-001 -2.4322800e-001 -2.4322300e-001 -2.4318400e-001 -2.4317400e-001
 -3.3333333e-002 -2.4322400e-001 -2.4324200e-001 -2.4322700e-001 -2.4314000e-001 -2.4314200e-001
 -2.6666667e-002 -2.4324000e-001 -2.4328100e-001 -2.4320000e-001 -2.4312900e-001 -2.4315400e-001
 -2.0000000e-002 -2.4319900e-001 -2.4323700e-001 -2.4315200e-001 -2.4305500e-001 -2.4314400e-001
 -1.3333333e-002 -2.4308200e-001 -2.4314000e-001 -2.4311500e-001 -2.4293400e-001 -2.4304500e-001
 -6.6666667e-003 -2.4299600e-001 -2.4296800e-001 -2.4295000e-001 -2.4274200e-001 -2.4289200e-001
  0.0000000e+000 -2.4283800e-001 -2.4275600e-001 -2.4275300e-001 -2.4247100e-001 -2.4269900e-001
  6.6666667e-003 -2.4255500e-001 -2.4245300e-001 -2.4247500e-001 -2.4210500e-001 -2.4243600e-001
  1.3333333e-002 -2.4222200e-001 -2.4216100e-001 -2.4216200e-001 -2.4176600e-001 -2.4211200e-001
  2.0000000e-002 -2.4187300e-001 -2.4176300e-001 -2.4178900e-001 -2.4137800e-001 -2.4177900e-001
  2.6666667e-002 -2.4149500e-001 -2.4137800e-001 -2.4136200e-001 -2.4098400e-001 -2.4134000e-001
  3.3333333e-002 -2.4104400e-001 -2.4093100e-001 -2.4096300e-001 -2.4058400e-001 -2.4089600e-001
  4.0000000e-002 -2.4063800e-001 -2.4051300e-001 -2.4054000e-001 -2.4011400e-001 -2.4047400e-001
  4.6666667e-002 -2.4026300e-001 -2.4006900e-001 -2.4010600e-001 -2.3965200e-001 -2.4007100e-001
  5.3333333e-002 -2.3978700e-001 -2.3961500e-001 -2.3966100e-001 -2.3915200e-001 -2.3961200e-001
  6.0000000e-002 -2.3931600e-001 -2.3910300e-001 -2.3918800e-001 -2.3865200e-001 -2.3911400e-001
  6.6666667e-002 -2.3875000e-001 -2.3857700e-001 -2.3865400e-001 -2.3804400e-001 -2.3857100e-001
  7.3333333e-002 -2.3816800e-001 -2.3798700e-001 -2.3805000e-001 -2.3737200e-001 -2.3798200e-001
  8.0000000e-002 -2.3753600e-001 -2.3727600e-001 -2.3734400e-001 -2.3666700e-001 -2.3731000e-001
  8.6666667e-002 -2.3681200e-001 -2.3658700e-001 -2.3672400e-001 -2.3593700e-001 -2.3659800e-001
  9.3333333e-002 -2.3606400e-001 -2.3584600e-001 -2.3595900e-001 -2.3516000e-001 -2.3586700e-001
  1.0000000e-001 -2.3530300e-001 -2.3510300e-001 -2.3517200e-001 -2.3436200e-001 -2.3515100e-001
  1.0666667e-001 -2.3453200e-001 -2.3427100e-001 -2.3436200e-001 -2.3356200e-001 -2.3433300e-001
  1.1333333e-001 -2.3370100e-001 -2.3340200e-001 -2.3354500e-001 -2.3276900e-001 -2.3347800e-001
  1.2000000e-001 -2.3292500e-001 -2.3259600e-001 -2.3270900e-001 -2.3193300e-001 -2.3268800e-001
  1.2666667e-001 -2.3206700e-001 -2.3175200e-001 -2.3187300e-001 -2.3104000e-001 -2.3182800e-001
  1.3333333e-001 -2.3121400e-001 -2.3084300e-001 -2.3094500e-001 -2.3005400e-001 -2.3093300e-001
  1.4000000e-001 -2.3026500e-001 -2.2992400e-001 -2.2999800e-001 -2.2907500e-001 -2.2998300e-001
  1.4666667e-001 -2.2928400e-001 -2.2891300e-001 -2.2902800e-001 -2.2808000e-001 -2.2899800e-001
  1.5333333e-001 -2.2824400e-001 -2.2792100e-001 -2.2800400e-001 -2.2697500e-001 -2.2797300e-001
  1.6000000e-001 -2.2719900e-001 -2.2679300e-001 -2.2691900e-001 -2.2583200e-001 -2.2686600e-001
  1.6666667e-001 -2.2605800e-001 -2.2566600e-001 -2.2578700e-001 -2.2465800e-001 -2.2571500e-001
  1.7333333e-001 -2.2488600e-001 -2.2448200e-001 -2.2459800e-001 -2.2349900e-001 -2.2454400e-001
  1.8000000e-001 -2.2377000e-001 -2.2327300e-001 -2.2338800e-001 -2.2227200e-001 -2.2336600e-001
  1.8666667e-001 -2.2256400e-001 -2.2207000e-001 -2.2215300e-001 -2.2110000e-001 -2.2216400e-001
  1.9333333e-001 -2.2136500e-001 -2.2077700e-001 -2.2090000e-001 -2.1983400e-001 -2.2094900e-001
  2.0000000e-001 -2.2007400e-001 -2.1955900e-001 -2.1965600e-001 -2.1852200e-001 -2.1973200e-001
  2.0666667e-001 -2.1877900e-001 -2.1831200e-001 -2.1841000e-001 -2.1721900e-001 -2.1840100e-001
  2.1333333e-001 -2.1748800e-001 -2.1696700e-001 -2.1709400e-001 -2.1584600e-001 -2.1710100e-001
  2.2000000e-001 -2.1611800e-001 -2.1556700e-001 -2.1570000e-001 -2.1444000e-001 -2.1573200e-001
  2.2666667e-001 -2.1474200e-001 -2.1417200e-001 -2.1427100e-001 -2.1300600e-001 -2.1432100e-001
  2.3333333e-001 -2.1331200e-001 -2.1270800e-001 -2.1283600e-001 -2.1149800e-001 -2.1281600e-001
  2.4000000e-001 -2.1185700e-001 -2.1121800e-001 -2.1133900e-001 -2.0998800e-001 -2.1131400e-001
  2.4666667e-001 -2.1036100e-001 -2.0967300e-001 -2.0979000e-001 -2.0839400e-001 -2.0976200e-001
  2.5333333e-001 -2.0880300e-001 -2.0804000e-001 -2.0817100e-001 -2.0683000e-001 -2.0815800e-001
  2.6000000e-001 -2.0725500e-001 -2.0638400e-001 -2.0652700e-001 -2.0520600e-001 -2.0652600e-001
  2.6666667e-001 -2.0563200e-001 -2.0473800e-001 -2.0487100e-001 -2.0356700e-001 -2.0484000e-001
  2.7333333e-001 -2.0402600e-001 -2.0307100e-001 -2.0322000e-001 -2.0186300e-001 -2.0318200e-001
  2.8000000e-001 -2.0242600e-001 -2.0139600e-001 -2.0152300e-001 -2.0015200e-001 -2.0151100e-001
  2.8666667e-001 -2.0074600e-001 -1.9968000e-001 -1.9987400e-001 -1.9841500e-001 -1.9979000e-001
  2.9333333e-001 -1.9907300e-001 -1.9794700e-001 -1.9811900e-001 -1.9663000e-001 -1.9805500e-001
  3.0000000e-001 -1.9736500e-001 -1.9622900e-001 -1.9643000e-001 -1.9495000e-001 -1.9637000e-001
  3.0666667e-001 -1.9560100e-001 -1.9458000e-001 -1.9476100e-001 -1.9323100e-001 -1.9474500e-001
  3.1333333e-001 -1.9387700e-001 -1.9301300e-001 -1.9317700e-001 -1.9154300e-001 -1.9314500e-001
  3.2000000e-001 -1.9211300e-001 -1.9135000e-001 -1.9155200e-001 -1.8985300e-001 -1.9152400e-001
  3.2666667e-001 -1.9032100e-001 -1.8970600e-001 -1.8992700e-001 -1.8822900e-001 -1.8990600e-001
  3.3333333e-001 -1.8855600e-001 -1.8807300e-001 -1.8825100e-001 -1.8662600e-001 -1.8825200e-001
  3.4000000e-001 -1.8678700e-001 -1.8643100e-001 -1.8659900e-001 -1.8504200e-001 -1.8657200e-001
  3.4666667e-001 -1.8514900e-001 -1.8472800e-001 -1.8495600e-001 -1.8343900e-001 -1.8489400e-001
  3.5333333e-001 -1.8356100e-001 -1.8303100e-001 -1.8330200e-001 -1.8182000e-001 -1.8319800e-001
  3.6000000e-001 -1.8199400e-001 -1.8136600e-001 -1.8162900e-001 -1.8010800e-001 -1.8150400e-001
  3.6666667e-001 -1.8044900e-001 -1.7964300e-001 -1.7990200e-001 -1.7837600e-001 -1.7983700e-001
  3.7333333e-001 -1.7886300e-001 -1.7798300e-001 -1.7821400e-001 -1.7659100e-001 -1.7812100e-001
  3.8000000e-001 -1.7721900e-001 -1.7626100e-001 -1.7649600e-001 -1.7490400e-001 -1.7642400e-001
  3.8666667e-001 -1.7555900e-001 -1.7462800e-001 -1.7482400e-001 -1.7323200e-001 -1.7477300e-001
  3.9333333e-001 -1.7389900e-001 -1.7302500e-001 -1.7313700e-001 -1.7155500e-001 -1.7314500e-001
  4.0000000e-001 -1.7218400e-001 -1.7142300e-001 -1.7148400e-001 -1.6996400e-001 -1.7155400e-001
  4.0666667e-001 -1.7043000e-001 -1.6977000e-001 -1.6982000e-001 -1.6830000e-001 -1.6990300e-001
  4.1333333e-001 -1.6863500e-001 -1.6806000e-001 -1.6816900e-001 -1.6663100e-001 -1.6819700e-001
  4.2000000e-001 -1.6689400e-001 -1.6637300e-001 -1.6651700e-001 -1.6504000e-001 -1.6651200e-001
  4.2666667e-001 -1.6518000e-001 -1.6468200e-001 -1.6482900e-001 -1.6340600e-001 -1.6484600e-001
  4.3333333e-001 -1.6351400e-001 -1.6297700e-001 -1.6312700e-001 -1.6168600e-001 -1.6313400e-001
  4.4000000e-001 -1.6189000e-001 -1.6130700e-001 -1.6146700e-001 -1.6002500e-001 -1.6146900e-001
  4.4666667e-001 -1.6031900e-001 -1.5956900e-001 -1.5978600e-001 -1.5831600e-001 -1.5979700e-001
  4.5333333e-001 -1.5871500e-001 -1.5790900e-001 -1.5811200e-001 -1.5655900e-001 -1.5811500e-001
  4.6000000e-001 -1.5709000e-001 -1.5623700e-001 -1.5640300e-001 -1.5483700e-001 -1.5647300e-001
  4.6666667e-001 -1.5546800e-001 -1.5459600e-001 -1.5472700e-001 -1.5317800e-001 -1.5480000e-001
  4.7333333e-001 -1.5377500e-001 -1.5293700e-001 -1.5310100e-001 -1.5156600e-001 -1.5313300e-001
  4.8000000e-001 -1.5207100e-001 -1.5134500e-001 -1.5144200e-001 -1.4992200e-001 -1.5148900e-001
  4.8666667e-001 -1.5037000e-001 -1.4970300e-001 -1.4982100e-001 -1.4832900e-001 -1.4984400e-001
  4.9333333e-001 -1.4860800e-001 -1.4806300e-001 -1.4819500e-001 -1.4667100e-001 -1.4820400e-001
  5.0000000e-001 -1.4688400e-001 -1.4634300e-001 -1.4652300e-001 -1.4502600e-001 -1.4653900e-001
  5.0666667e-001 -1.4515800e-001 -1.4461300e-001 -1.4475600e-001 -1.4337400e-001 -1.4484800e-001
  5.1333333e-001 -1.4351800e-001 -1.4295000e-001 -1.4306400e-001 -1.4167100e-001 -1.4317900e-001
  5.2000000e-001 -1.4189100e-001 -1.4127800e-001 -1.4141700e-001 -1.3995400e-001 -1.4144500e-001
  5.2666667e-001 -1.4031800e-001 -1.3955000e-001 -1.3970500e-001 -1.3823700e-001 -1.3975500e-001
  5.3333333e-001 -1.3868600e-001 -1.3783700e-001 -1.3805200e-001 -1.3654100e-001 -1.3813100e-001
  5.4000000e-001 -1.3710000e-001 -1.3616800e-001 -1.3640000e-001 -1.3489000e-001 -1.3649500e-001
  5.4666667e-001 -1.3547700e-001 -1.3454600e-001 -1.3472900e-001 -1.3322200e-001 -1.3481800e-001
  5.5333333e-001 -1.3373100e-001 -1.3290300e-001 -1.3307400e-001 -1.3155400e-001 -1.3315800e-001
  5.6000000e-001 -1.3200000e-001 -1.3126100e-001 -1.3142500e-001 -1.2991200e-001 -1.3150800e-001
  5.6666667e-001 -1.3025300e-001 -1.2957800e-001 -1.2977000e-001 -1.2827200e-001 -1.2980600e-001
  5.7333333e-001 -1.2846000e-001 -1.2785100e-001 -1.2805500e-001 -1.2659100e-001 -1.2808600e-001
  5.8000000e-001 -1.2671700e-001 -1.2618300e-001 -1.2633300e-001 -1.2489500e-001 -1.2639000e-001
  5.8666667e-001 -1.2506500e-001 -1.2450400e-001 -1.2464800e-001 -1.2324900e-001 -1.2470000e-001
  5.9333333e-001 -1.2342900e-001 -1.2286900e-001 -1.2301500e-001 -1.2153200e-001 -1.2301100e-001
  6.0000000e-001 -1.2182000e-001 -1.2117900e-001 -1.2132700e-001 -1.1983800e-001 -1.2135400e-001
  6.0666667e-001 -1.2022100e-001 -1.1951700e-001 -1.1966800e-001 -1.1816000e-001 -1.1968100e-001
  6.1333333e-001 -1.1862600e-001 -1.1783200e-001 -1.1801600e-001 -1.1648100e-001 -1.1799800e-001
  6.2000000e-001 -1.1699700e-001 -1.1622300e-001 -1.1637300e-001 -1.1481300e-001 -1.1636300e-001
  6.2666667e-001 -1.1532400e-001 -1.1458700e-001 -1.1471500e-001 -1.1320400e-001 -1.1468100e-001
  6.3333333e-001 -1.1363000e-001 -1.1291800e-001 -1.1309000e-001 -1.1157500e-001 -1.1302900e-001
  6.4000000e-001 -1.1193200e-001 -1.1127800e-001 -1.1147400e-001 -1.0993400e-001 -1.1138600e-001
  6.4666667e-001 -1.1021200e-001 -1.0960300e-001 -1.0979300e-001 -1.0830900e-001 -1.0971000e-001
  6.5333333e-001 -1.0845700e-001 -1.0788100e-001 -1.0810900e-001 -1.0661700e-001 -1.0802100e-001
  6.6000000e-001 -1.0674500e-001 -1.0619000e-001 -1.0642500e-001 -1.0490800e-001 -1.0633000e-001
  6.6666667e-001 -1.0508500e-001 -1.0449100e-001 -1.0467300e-001 -1.0320700e-001 -1.0463100e-001
  6.7333333e-001 -1.0342200e-001 -1.0281900e-001 -1.0301600e-001 -1.0149000e-001 -1.0297500e-001
  6.8000000e-001 -1.0183200e-001 -1.0113200e-001 -1.0135600e-001 -9.9863000e-002 -1.0132800e-001
  6.8666667e-001 -1.0019700e-001 -9.9512000e-002 -9.9678000e-002 -9.8207000e-002 -9.9681000e-002
  6.9333333e-001 -9.8534000e-002 -9.7839000e-002 -9.8033000e-002 -9.6505000e-002 -9.8046000e-002
  7.0000000e-001 -9.6885000e-002 -9.6192000e-002 -9.6374000e-002 -9.4849000e-002 -9.6356000e-002
  7.0666667e-001 -9.5193000e-002 -9.4518000e-002 -9.4673000e-002 -9.3165000e-002 -9.4685000e-002
  7.1333333e-001 -9.3478000e-002 -9.2884000e-002 -9.3026000e-002 -9.1533000e-002 -9.2991000e-002
  7.2000000e-001 -9.1812000e-002 -9.1168000e-002 -9.1358000e-002 -8.9863000e-002 -9.1339000e-002
  7.2666667e-001 -9.0128000e-002 -8.9501000e-002 -8.9714000e-002 -8.8169000e-002 -8.9675000e-002
  7.3333333e-001 -8.8507000e-002 -8.7835000e-002 -8.8062000e-002 -8.6506000e-002 -8.7988000e-002
  7.4000000e-001 -8.6837000e-002 -8.6136000e-002 -8.6382000e-002 -8.4856000e-002 -8.6331000e-002
  7.4666667e-001 -8.5205000e-002 -8.4479000e-002 -8.4683000e-002 -8.3157000e-002 -8.4644000e-002
  7.5333333e-001 -8.3572000e-002 -8.2809000e-002 -8.2984000e-002 -8.1471000e-002 -8.2970000e-002
  7.6000000e-001 -8.1920000e-002 -8.1174000e-002 -8.1356000e-002 -7.9760000e-002 -8.1292000e-002
  7.6666667e-001 -8.0243000e-002 -7.9502000e-002 -7.9674000e-002 -7.8146000e-002 -7.9671000e-002
  7.7333333e-001 -7.8577000e-002 -7.7885000e-002 -7.8046000e-002 -7.6554000e-002 -7.8042000e-002
  7.8000000e-001 -7.6954000e-002 -7.6297000e-002 -7.6437000e-002 -7.4990000e-002 -7.6425000e-002
  7.8666667e-001 -7.5361000e-002 -7.4736000e-002 -7.4868000e-002 -7.3511000e-002 -7.4896000e-002
  7.9333333e-001 -7.3824000e-002 -7.3278000e-002 -7.3398000e-002 -7.2096000e-002 -7.3365000e-002
  8.0000000e-001 -7.2362000e-002 -7.1836000e-002 -7.1995000e-002 -7.0690000e-002 -7.1916000e-002
  8.0666667e-001 -7.1002000e-002 -7.0490000e-002 -7.0616000e-002 -6.9350000e-002 -7.0573000e-002
  8.1333333e-001 -6.9641000e-002 -6.9151000e-002 -6.9234000e-002 -6.8083000e-002 -6.9226000e-002
  8.2000000e-001 -6.8372000e-002 -6.7855000e-002 -6.7936000e-002 -6.6833000e-002 -6.7924000e-002
  8.2666667e-001 -6.7105000e-002 -6.6578000e-002 -6.6687000e-002 -6.5502000e-002 -6.6660000e-002
  8.3333333e-001 -6.5859000e-002 -6.5285000e-002 -6.5403000e-002 -6.4237000e-002 -6.5402000e-002
  8.4000000e-001 -6.4612000e-002 -6.4062000e-002 -6.4180000e-002 -6.3015000e-002 -6.4135000e-002
  8.4666667e-001 -6.3371000e-002 -6.2835000e-002 -6.2905000e-002 -6.1787000e-002 -6.2890000e-002
  8.5333333e-001 -6.2111000e-002 -6.1590000e-002 -6.1714000e-002 -6.0585000e-002 -6.1671000e-002
  8.6000000e-001 -6.0883000e-002 -6.0426000e-002 -6.0545000e-002 -5.9456000e-002 -6.0523000e-002
  8.6666667e-001 -5.9780000e-002 -5.9311000e-002 -5.9494000e-002 -5.8449000e-002 -5.9429000e-002
  8.7333333e-001 -5.8702000e-002 -5.8285000e-002 -5.8429000e-002 -5.7430000e-002 -5.8391000e-002
  8.8000000e-001 -5.7629000e-002 -5.7289000e-002 -5.7455000e-002 -5.6456000e-002 -5.7364000e-002
  8.8666667e-001 -5.6720000e-002 -5.6315000e-002 -5.6465000e-002 -5.5590000e-002 -5.6419000e-002
  8.9333333e-001 -5.5812000e-002 -5.5436000e-002 -5.5535000e-002 -5.4664000e-002 -5.5491000e-002
  9.0000000e-001 -5.4928000e-002 -5.4560000e-002 -5.4657000e-002 -5.3747000e-002 -5.4588000e-002
  9.0666667e-001 -5.4041000e-002 -5.3633000e-002 -5.3773000e-002 -5.2883000e-002 -5.3723000e-002
  9.1333333e-001 -5.3189000e-002 -5.2759000e-002 -5.2923000e-002 -5.2036000e-002 -5.2832000e-002
  9.2000000e-001 -5.2255000e-002 -5.1905000e-002 -5.2007000e-002 -5.1160000e-002 -5.1955000e-002
  9.2666667e-001 -5.1374000e-002 -5.1055000e-002 -5.1185000e-002 -5.0393000e-002 -5.1177000e-002
  9.3333333e-001 -5.0540000e-002 -5.0285000e-002 -5.0381000e-002 -4.9679000e-002 -5.0356000e-002
  9.4000000e-001 -4.9791000e-002 -4.9528000e-002 -4.9679000e-002 -4.8992000e-002 -4.9617000e-002
  9.4666667e-001 -4.9131000e-002 -4.8902000e-002 -4.9056000e-002 -4.8401000e-002 -4.8910000e-002
  9.5333333e-001 -4.8558000e-002 -4.8333000e-002 -4.8488000e-002 -4.7870000e-002 -4.8344000e-002
  9.6000000e-001 -4.8022000e-002 -4.7802000e-002 -4.7942000e-002 -4.7321000e-002 -4.7818000e-002
  9.6666667e-001 -4.7469000e-002 -4.7236000e-002 -4.7347000e-002 -4.6823000e-002 -4.7287000e-002
  9.7333333e-001 -4.6984000e-002 -4.6790000e-002 -4.6861000e-002 -4.6325000e-002 -4.6749000e-002
  9.8000000e-001 -4.6540000e-002 -4.6260000e-002 -4.6365000e-002 -4.5815000e-002 -4.6292000e-002
  9.8666667e-001 -4.6051000e-002 -4.5807000e-002 -4.5842000e-002 -4.5344000e-002 -4.5794000e-002
  9.9333333e-001 -4.5569000e-002 -4.5345000e-002 -4.5381000e-002 -4.4893000e-002 -4.5324000e-002
  1.0000000e+000 -4.5074000e-002 -4.4880000e-002 -4.4952000e-002 -4.4540000e-002 -4.4893000e-002
  1.0066667e+000 -4.4635000e-002 -4.4494000e-002 -4.4562000e-002 -4.4188000e-002 -4.4452000e-002
  1.0133333e+000 -4.4282000e-002 -4.4166000e-002 -4.4224000e-002 -4.3891000e-002 -4.4147000e-002
  1.0200000e+000 -4.3992000e-002 -4.3902000e-002 -4.3937000e-002 -4.3667000e-002 -4.3831000e-002
  1.0266667e+000 -4.3757000e-002 -4.3686000e-002 -4.3749000e-002 -4.3419000e-002 -4.3617000e-002
  1.0333333e+000 -4.3638000e-002 -4.3514000e-002 -4.3566000e-002 -4.3359000e-002 -4.3454000e-002
  1.0400000e+000 -4.3482000e-002 -4.3386000e-002 -4.3403000e-002 -4.3154000e-002 -4.3275000e-002
  1.0466667e+000 -4.3352000e-002 -4.3272000e-002 -4.3276000e-002 -4.3055000e-002 -4.3186000e-002
  1.0533333e+000 -4.3284000e-002 -4.3188000e-002 -4.3175000e-002 -4.2962000e-002 -4.3074000e-002
  1.0600000e+000 -4.3188000e-002 -4.3117000e-002 -4.3116000e-002 -4.2886000e-002 -4.2986000e-002
  1.0666667e+000 -4.3085000e-002 -4.3050000e-002 -4.2989000e-002 -4.2871000e-002 -4.2910000e-002
  1.0733333e+000 -4.3035000e-002 -4.3013000e-002 -4.2951000e-002 -4.2882000e-002 -4.2921000e-002
  1.0800000e+000 -4.3010000e-002 -4.3023000e-002 -4.2982000e-002 -4.2906000e-002 -4.2938000e-002
  1.0866667e+000 -4.2974000e-002 -4.3082000e-002 -4.3049000e-002 -4.2963000e-002 -4.2941000e-002
  1.0933333e+000 -4.3037000e-002 -4.3109000e-002 -4.3112000e-002 -4.2988000e-002 -4.2956000e-002
  1.1000000e+000 -4.3099000e-002 -4.3115000e-002 -4.3121000e-002 -4.2997000e-002 -4.2968000e-002
  1.1066667e+000 -4.3143000e-002 -4.3129000e-002 -4.3100000e-002 -4.3005000e-002 -4.3006000e-002
  1.1133333e+000 -4.3137000e-002 -4.3102000e-002 -4.3067000e-002 -4.2955000e-002 -4.2972000e-002
  1.1200000e+000 -4.3093000e-002 -4.3111000e-002 -4.3075000e-002 -4.2991000e-002 -4.2934000e-002
  1.1266667e+000 -4.3123000e-002 -4.3096000e-002 -4.3072000e-002 -4.2953000e-002 -4.2952000e-002
  1.1333333e+000 -4.3107000e-002 -4.3080000e-002 -4.3101000e-002 -4.2952000e-002 -4.2944000e-002
  1.1400000e+000 -4.3076000e-002 -4.3086000e-002 -4.3132000e-002 -4.2973000e-002 -4.2955000e-002
  1.1466667e+000 -4.3068000e-002 -4.3091000e-002 -4.3099000e-002 -4.2974000e-002 -4.2942000e-002
  1.1533333e+000 -4.3093000e-002 -4.3113000e-002 -4.3124000e-002 -4.2989000e-002 -4.2938000e-002
  1.1600000e+000 -4.3128000e-002 -4.3074000e-002 -4.3109000e-002 -4.2962000e-002 -4.2986000e-002
  1.1666667e+000 -4.3130000e-002 -4.3105000e-002 -4.3109000e-002 -4.2974000e-002 -4.2943000e-002
  1.1733333e+000 -4.3143000e-002 -4.3067000e-002 -4.3104000e-002 -4.3000000e-002 -4.2948000e-002
  1.1800000e+000 -4.3099000e-002 -4.3065000e-002 -4.3078000e-002 -4.2976000e-002 -4.2947000e-002
  1.1866667e+000 -4.3117000e-002 -4.3072000e-002 -4.3083000e-002 -4.2946000e-002 -4.2950000e-002
  1.1933333e+000 -4.3091000e-002 -4.3054000e-002 -4.3113000e-002 -4.2993000e-002 -4.2974000e-002
  1.2000000e+000 -4.3141000e-002 -4.3091000e-002 -4.3131000e-002 -4.2975000e-002 -4.2984000e-002
  1.2066667e+000 -4.3131000e-002 -4.3094000e-002 -4.3125000e-002 -4.2945000e-002 -4.2987000e-002
  1.2133333e+000 -4.3114000e-002 -4.3073000e-002 -4.3133000e-002 -4.2939000e-002 -4.2969000e-002
  1.2200000e+000 -4.3134000e-002 -4.3089000e-002 -4.3130000e-002 -4.2969000e-002 -4.2946000e-002
  1.2266667e+000 -4.3099000e-002 -4.3101000e-002 -4.3150000e-002 -4.2977000e-002 -4.2955000e-002
  1.2333333e+000 -4.3116000e-002 -4.3064000e-002 -4.3137000e-002 -4.2990000e-002 -4.2971000e-002
  1.2400000e+000 -4.3162000e-002 -4.3076000e-002 -4.3131000e-002 -4.2957000e-002 -4.2964000e-002
  1.2466667e+000 -4.3124000e-002 -4.3078000e-002 -4.3126000e-002 -4.2971000e-002 -4.2971000e-002
  1.2533333e+000 -4.3088000e-002 -4.3113000e-002 -4.3147000e-002 -4.2947000e-002 -4.2972000e-002
  1.2600000e+000 -4.3129000e-002 -4.3063000e-002 -4.3127000e-002 -4.2990000e-002 -4.2957000e-002
  1.2666667e+000 -4.3146000e-002 -4.3076000e-002 -4.3178000e-002 -4.2998000e-002 -4.2945000e-002
  1.2733333e+000 -4.3106000e-002 -4.3087000e-002 -4.3154000e-002 -4.2983000e-002 -4.2920000e-002
  1.2800000e+000 -4.3094000e-002 -4.3086000e-002 -4.3130000e-002 -4.2968000e-002 -4.2922000e-002
  1.2866667e+000 -4.3113000e-002 -4.3088000e-002 -4.3129000e-002 -4.3002000e-002 -4.2984000e-002
  1.2933333e+000 -4.3086000e-002 -4.3084000e-002 -4.3163000e-002 -4.2978000e-002 -4.2984000e-002
  1.3000000e+000 -4.3102000e-002 -4.3101000e-002 -4.3152000e-002 -4.3027000e-002 -4.2985000e-002
  1.3066667e+000 -4.3107000e-002 -4.3108000e-002 -4.3179000e-002 -4.3059000e-002 -4.2960000e-002
  1.3133333e+000 -4.3132000e-002 -4.3099000e-002 -4.3181000e-002 -4.3048000e-002 -4.2963000e-002
  1.3200000e+000 -4.3128000e-002 -4.3079000e-002 -4.3147000e-002 -4.3029000e-002 -4.2950000e-002
  1.3266667e+000 -4.3138000e-002 -4.3074000e-002 -4.3120000e-002 -4.3046000e-002 -4.2977000e-002
  1.3333333e+000 -4.3150000e-002 -4.3091000e-002 -4.3150000e-002 -4.3019000e-002 -4.2999000e-002
  1.3400000e+000 -4.3127000e-002 -4.3109000e-002 -4.3168000e-002 -4.3018000e-002 -4.2996000e-002
  1.3466667e+000 -4.3116000e-002 -4.3081000e-002 -4.3160000e-002 -4.3034000e-002 -4.3007000e-002
  1.3533333e+000 -4.3148000e-002 -4.3097000e-002 -4.3147000e-002 -4.3003000e-002 -4.2964000e-002
  1.3600000e+000 -4.3181000e-002 -4.3128000e-002 -4.3127000e-002 -4.3027000e-002 -4.2970000e-002
  1.3666667e+000 -4.3113000e-002 -4.3131000e-002 -4.3149000e-002 -4.3024000e-002 -4.2975000e-002
  1.3733333e+000 -4.3141000e-002 -4.3120000e-002 -4.3151000e-002 -4.3019000e-002 -4.2994000e-002
  1.3800000e+000 -4.3106000e-002 -4.3090000e-002 -4.3115000e-002 -4.3011000e-002 -4.2975000e-002
  1.3866667e+000 -4.3114000e-002 -4.3087000e-002 -4.3124000e-002 -4.2999000e-002 -4.2986000e-002
  1.3933333e+000 -4.3115000e-002 -4.3079000e-002 -4.3130000e-002 -4.2994000e-002 -4.2985000e-002
  1.4000000e+000 -4.3121000e-002 -4.3113000e-002 -4.3142000e-002 -4.2995000e-002 -4.2989000e-002
  1.4066667e+000 -4.3149000e-002 -4.3139000e-002 -4.3176000e-002 -4.3033000e-002 -4.2927000e-002
  1.4133333e+000 -4.3136000e-002 -4.3110000e-002 -4.3147000e-002 -4.3036000e-002 -4.2948000e-002
  1.4200000e+000 -4.3138000e-002 -4.3107000e-002 -4.3128000e-002 -4.3044000e-002 -4.2945000e-002
  1.4266667e+000 -4.3124000e-002 -4.3104000e-002 -4.3119000e-002 -4.3029000e-002 -4.2973000e-002
  1.4333333e+000 -4.3132000e-002 -4.3139000e-002 -4.3134000e-002 -4.3031000e-002 -4.2981000e-002
  1.4400000e+000 -4.3144000e-002 -4.3158000e-002 -4.3123000e-002 -4.3008000e-002 -4.2974000e-002
  1.4466667e+000 -4.3137000e-002 -4.3116000e-002 -4.3121000e-002 -4.3030000e-002 -4.2963000e-002
  1.4533333e+000 -4.3155000e-002 -4.3120000e-002 -4.3153000e-002 -4.3049000e-002 -4.2935000e-002
  1.4600000e+000 -4.3136000e-002 -4.3117000e-002 -4.3152000e-002 -4.3020000e-002 -4.2943000e-002
  1.4666667e+000 -4.3158000e-002 -4.3117000e-002 -4.3128000e-002 -4.3022000e-002 -4.2964000e-002
  1.4733333e+000 -4.3153000e-002 -4.3132000e-002 -4.3143000e-002 -4.3067000e-002 -4.2967000e-002
  1.4800000e+000 -4.3145000e-002 -4.3117000e-002 -4.3156000e-002 -4.3074000e-002 -4.2976000e-002
  1.4866667e+000 -4.3174000e-002 -4.3103000e-002 -4.3133000e-002 -4.3046000e-002 -4.2973000e-002
  1.4933333e+000 -4.3171000e-002 -4.3104000e-002 -4.3139000e-002 -4.3021000e-002 -4.2984000e-002
  1.5000000e+000 -4.3154000e-002 -4.3090000e-002 -4.3140000e-002 -4.3043000e-002 -4.2995000e-002
  1.5066667e+000 -4.3198000e-002 -4.3101000e-002 -4.3118000e-002 -4.3053000e-002 -4.3017000e-002
  1.5133333e+000 -4.3186000e-002 -4.3103000e-002 -4.3108000e-002 -4.3030000e-002 -4.2985000e-002
  1.5200000e+000 -4.3173000e-002 -4.3121000e-002 -4.3115000e-002 -4.3026000e-002 -4.2981000e-002
  1.5266667e+000 -4.3150000e-002 -4.3108000e-002 -4.3133000e-002 -4.3050000e-002 -4.2997000e-002
  1.5333333e+000 -4.3179000e-002 -4.3101000e-002 -4.3144000e-002 -4.3018000e-002 -4.2980000e-002
  1.5400000e+000 -4.3194000e-002 -4.3102000e-002 -4.3123000e-002 -4.3015000e-002 -4.3007000e-002
  1.5466667e+000 -4.3185000e-002 -4.3097000e-002 -4.3130000e-002 -4.3008000e-002 -4.2994000e-002
  1.5533333e+000 -4.3171000e-002 -4.3106000e-002 -4.3117000e-002 -4.3019000e-002 -4.2999000e-002
  1.5600000e+000 -4.3173000e-002 -4.3105000e-002 -4.3068000e-002 -4.3036000e-002 -4.2983000e-002
  1.5666667e+000 -4.3184000e-002 -4.3075000e-002 -4.3096000e-002 -4.3035000e-002 -4.3017000e-002
  1.5733333e+000 -4.3158000e-002 -4.3126000e-002 -4.3114000e-002 -4.3032000e-002 -4.3012000e-002
  1.5800000e+000 -4.3145000e-002 -4.3106000e-002 -4.3104000e-002 -4.3043000e-002 -4.2985000e-002
  1.5866667e+000 -4.3170000e-002 -4.3104000e-002 -4.3125000e-002 -4.3024000e-002 -4.2962000e-002
  1.5933333e+000 -4.3159000e-002 -4.3101000e-002 -4.3111000e-002 -4.3030000e-002 -4.2944000e-002
  1.6000000e+000 -4.3160000e-002 -4.3067000e-002 -4.3101000e-002 -4.2997000e-002 -4.2971000e-002
  1.6066667e+000 -4.3159000e-002 -4.3104000e-002 -4.3098000e-002 -4.3001000e-002 -4.2974000e-002
  1.6133333e+000 -4.3180000e-002 -4.3158000e-002 -4.3069000e-002 -4.3018000e-002 -4.2996000e-002
  1.6200000e+000 -4.3171000e-002 -4.3164000e-002 -4.3099000e-002 -4.3001000e-002 -4.2998000e-002
  1.6266667e+000 -4.3167000e-002 -4.3134000e-002 -4.3157000e-002 -4.3021000e-002 -4.2995000e-002
  1.6333333e+000 -4.3167000e-002 -4.3144000e-002 -4.3145000e-002 -4.3008000e-002 -4.3025000e-002
  1.6400000e+000 -4.3161000e-002 -4.3129000e-002 -4.3120000e-002 -4.3050000e-002 -4.3027000e-002
  1.6466667e+000 -4.3143000e-002 -4.3118000e-002 -4.3130000e-002 -4.3040000e-002 -4.2999000e-002
  1.6533333e+000 -4.3147000e-002 -4.3098000e-002 -4.3124000e-002 -4.3024000e-002 -4.3036000e-002
  1.6600000e+000 -4.3148000e-002 -4.3082000e-002 -4.3112000e-002 -4.2996000e-002 -4.3030000e-002
  1.6666667e+000 -4.3166000e-002 -4.3136000e-002 -4.3117000e-002 -4.2991000e-002 -4.3017000e-002
  1.6733333e+000 -4.3168000e-002 -4.3146000e-002 -4.3129000e-002 -4.2966000e-002 -4.2995000e-002
  1.6800000e+000 -4.3132000e-002 -4.3112000e-002 -4.3123000e-002 -4.2987000e-002 -4.3027000e-002
  1.6866667e+000 -4.3132000e-002 -4.3089000e-002 -4.3114000e-002 -4.3019000e-002 -4.2999000e-002
  1.6933333e+000 -4.3160000e-002 -4.3094000e-002 -4.3101000e-002 -4.3014000e-002 -4.3008000e-002
  1.7000000e+000 -4.3151000e-002 -4.3124000e-002 -4.3091000e-002 -4.3018000e-002 -4.3016000e-002
  1.7066667e+000 -4.3145000e-002 -4.3107000e-002 -4.3122000e-002 -4.3001000e-002 -4.2972000e-002
  1.7133333e+000 -4.3146000e-002 -4.3104000e-002 -4.3069000e-002 -4.3022000e-002 -4.2966000e-002
  1.7200000e+000 -4.3147000e-002 -4.3123000e-002 -4.3121000e-002 -4.3026000e-002 -4.2949000e-002
  1.7266667e+000 -4.3126000e-002 -4.3114000e-002 -4.3147000e-002 -4.3018000e-002 -4.2955000e-002
  1.7333333e+000 -4.3142000e-002 -4.3138000e-002 -4.3142000e-002 -4.3008000e-002 -4.2971000e-002
  1.7400000e+000 -4.3164000e-002 -4.3123000e-002 -4.3121000e-002 -4.3022000e-002 -4.2976000e-002
  1.7466667e+000 -4.3142000e-002 -4.3130000e-002 -4.3094000e-002 -4.3041000e-002 -4.2997000e-002
  1.7533333e+000 -4.3110000e-002 -4.3134000e-002 -4.3105000e-002 -4.3032000e-002 -4.3005000e-002
  1.7600000e+000 -4.3171000e-002 -4.3110000e-002 -4.3075000e-002 -4.3015000e-002 -4.2971000e-002
  1.7666667e+000 -4.3151000e-002 -4.3112000e-002 -4.3091000e-002 -4.3020000e-002 -4.2986000e-002
  1.7733333e+000 -4.3119000e-002 -4.3112000e-002 -4.3129000e-002 -4.2996000e-002 -4.2974000e-002
  1.7800000e+000 -4.3138000e-002 -4.3141000e-002 -4.3101000e-002 -4.3018000e-002 -4.2959000e-002
  1.7866667e+000 -4.3112000e-002 -4.3105000e-002 -4.3072000e-002 -4.3023000e-002 -4.2969000e-002
  1.7933333e+000 -4.3128000e-002 -4.3104000e-002 -4.3070000e-002 -4.3015000e-002 -4.2975000e-002
  1.8000000e+000 -4.3116000e-002 -4.3118000e-002 -4.3087000e-002 -4.3041000e-002 -4.2959000e-002
  1.8066667e+000 -4.3155000e-002 -4.3089000e-002 -4.3108000e-002 -4.3010000e-002 -4.2987000e-002
  1.8133333e+000 -4.3137000e-002 -4.3092000e-002 -4.3112000e-002 -4.3020000e-002 -4.2967000e-002
  1.8200000e+000 -4.3134000e-002 -4.3088000e-002 -4.3105000e-002 -4.3007000e-002 -4.2972000e-002
  1.8266667e+000 -4.3119000e-002 -4.3091000e-002 -4.3076000e-002 -4.2985000e-002 -4.2940000e-002
  1.8333333e+000 -4.3126000e-002 -4.3090000e-002 -4.3102000e-002 -4.2996000e-002 -4.2966000e-002
  1.8400000e+000 -4.3116000e-002 -4.3103000e-002 -4.3100000e-002 -4.3003000e-002 -4.2976000e-002
  1.8466667e+000 -4.3142000e-002 -4.3102000e-002 -4.3120000e-002 -4.2998000e-002 -4.2932000e-002
  1.8533333e+000 -4.3135000e-002 -4.3110000e-002 -4.3123000e-002 -4.3016000e-002 -4.2937000e-002
  1.8600000e+000 -4.3126000e-002 -4.3095000e-002 -4.3101000e-002 -4.3025000e-002 -4.2935000e-002
  1.8666667e+000 -4.3154000e-002 -4.3082000e-002 -4.3097000e-002 -4.3004000e-002 -4.2947000e-002
  1.8733333e+000 -4.3119000e-002 -4.3078000e-002 -4.3139000e-002 -4.2995000e-002 -4.2978000e-002
  1.8800000e+000 -4.3116000e-002 -4.3073000e-002 -4.3081000e-002 -4.2978000e-002 -4.2929000e-002
  1.8866667e+000 -4.3148000e-002 -4.3074000e-002 -4.3093000e-002 -4.2944000e-002 -4.2978000e-002
  1.8933333e+000 -4.3157000e-002 -4.3102000e-002 -4.3087000e-002 -4.2994000e-002 -4.2991000e-002
  1.9000000e+000 -4.3119000e-002 -4.3090000e-002 -4.3114000e-002 -4.2990000e-002 -4.2947000e-002
  1.9066667e+000 -4.3108000e-002 -4.3095000e-002 -4.3111000e-002 -4.2980000e-002 -4.2936000e-002
  1.9133333e+000 -4.3137000e-002 -4.3106000e-002 -4.3107000e-002 -4.2979000e-002 -4.2952000e-002
  1.9200000e+000 -4.3109000e-002 -4.3086000e-002 -4.3097000e-002 -4.2977000e-002 -4.2956000e-002
  1.9266667e+000 -4.3105000e-002 -4.3078000e-002 -4.3080000e-002 -4.2985000e-002 -4.2967000e-002
  1.9333333e+000 -4.3078000e-002 -4.3075000e-002 -4.3086000e-002 -4.2964000e-002 -4.2959000e-002
  1.9400000e+000 -4.3109000e-002 -4.3090000e-002 -4.3097000e-002 -4.2976000e-002 -4.2932000e-002
  1.9466667e+000 -4.3091000e-002 -4.3078000e-002 -4.3094000e-002 -4.2971000e-002 -4.2954000e-002
  1.9533333e+000 -4.3104000e-002 -4.3086000e-002 -4.3090000e-002 -4.2971000e-002 -4.2961000e-002
  1.9600000e+000 -4.3089000e-002 -4.3074000e-002 -4.3098000e-002 -4.2955000e-002 -4.2939000e-002
  1.9666667e+000 -4.3083000e-002 -4.3103000e-002 -4.3091000e-002 -4.2963000e-002 -4.2974000e-002
  1.9733333e+000 -4.3088000e-002 -4.3102000e-002 -4.3090000e-002 -4.3001000e-002 -4.2977000e-002
  1.9800000e+000 -4.3070000e-002 -4.3075000e-002 -4.3089000e-002 -4.3016000e-002 -4.3000000e-002
  1.9866667e+000 -4.3109000e-002 -4.3077000e-002 -4.3098000e-002 -4.2965000e-002 -4.2973000e-002
  1.9933333e+000 -4.3102000e-002 -4.3079000e-002 -4.3060000e-002 -4.2999000e-002 -4.2959000e-002
  2.0000000e+000 -4.3084000e-002 -4.3067000e-002 -4.3079000e-002 -4.2956000e-002 -4.2948000e-002
