 -5.0000000e-001 -4.4222252e+001 -4.3868172e+001 -4.3828358e+001 -4.1798164e+001 -4.2012413e+001
 -4.9333333e-001 -4.4227028e+001 -4.3864719e+001 -4.3814846e+001 -4.1803669e+001 -4.2026913e+001
 -4.8666667e-001 -4.4242538e+001 -4.3856606e+001 -4.3816925e+001 -4.1793762e+001 -4.2032619e+001
 -4.8000000e-001 -4.4248486e+001 -4.3869564e+001 -4.3806469e+001 -4.1789787e+001 -4.2032448e+001
 -4.7333333e-001 -4.4243473e+001 -4.3878716e+001 -4.3786324e+001 -4.1774921e+001 -4.2029987e+001
 -4.6666667e-001 -4.4245029e+001 -4.3885689e+001 -4.3789711e+001 -4.1759346e+001 -4.2040131e+001
 -4.6000000e-001 -4.4229633e+001 -4.3892342e+001 -4.3783844e+001 -4.1765572e+001 -4.2043373e+001
 -4.5333333e-001 -4.4216331e+001 -4.3890636e+001 -4.3768433e+001 -4.1763802e+001 -4.2038773e+001
 -4.4666667e-001 -4.4216858e+001 -4.3908394e+001 -4.3776890e+001 -4.1773998e+001 -4.2033649e+001
 -4.4000000e-001 -4.4221584e+001 -4.3913136e+001 -4.3778351e+001 -4.1789852e+001 -4.2037037e+001
 -4.3333333e-001 -4.4230694e+001 -4.3902031e+001 -4.3778023e+001 -4.1794666e+001 -4.2045795e+001
 -4.2666667e-001 -4.4231491e+001 -4.3907440e+001 -4.3790092e+001 -4.1786232e+001 -4.2036697e+001
 -4.2000000e-001 -4.4227417e+001 -4.3922417e+001 -4.3790909e+001 -4.1783161e+001 -4.2037754e+001
 -4.1333333e-001 -4.4231945e+001 -4.3917713e+001 -4.3793137e+001 -4.1783493e+001 -4.2041977e+001
 -4.0666667e-001 -4.4217606e+001 -4.3920963e+001 -4.3785786e+001 -4.1787495e+001 -4.2049847e+001
 -4.0000000e-001 -4.4192745e+001 -4.3925983e+001 -4.3777313e+001 -4.1804428e+001 -4.2048359e+001
 -3.9333333e-001 -4.4187439e+001 -4.3915600e+001 -4.3783306e+001 -4.1824512e+001 -4.2025833e+001
 -3.8666667e-001 -4.4171837e+001 -4.3913292e+001 -4.3792995e+001 -4.1849152e+001 -4.2028740e+001
 -3.8000000e-001 -4.4170822e+001 -4.3920757e+001 -4.3792286e+001 -4.1874844e+001 -4.2040272e+001
 -3.7333333e-001 -4.4182419e+001 -4.3933804e+001 -4.3786388e+001 -4.1883961e+001 -4.2045544e+001
 -3.6666667e-001 -4.4163673e+001 -4.3944504e+001 -4.3788986e+001 -4.1883450e+001 -4.2041882e+001
 -3.6000000e-001 -4.4153801e+001 -4.3948006e+001 -4.3792717e+001 -4.1881359e+001 -4.2018883e+001
 -3.5333333e-001 -4.4150738e+001 -4.3948021e+001 -4.3794739e+001 -4.1895020e+001 -4.2003906e+001
 -3.4666667e-001 -4.4139912e+001 -4.3960125e+001 -4.3782639e+001 -4.1896103e+001 -4.2002026e+001
 -3.4000000e-001 -4.4144642e+001 -4.3968216e+001 -4.3789650e+001 -4.1888527e+001 -4.2008049e+001
 -3.3333333e-001 -4.4139069e+001 -4.3980320e+001 -4.3803539e+001 -4.1881508e+001 -4.2003590e+001
 -3.2666667e-001 -4.4136776e+001 -4.3981003e+001 -4.3790638e+001 -4.1891518e+001 -4.2009689e+001
 -3.2000000e-001 -4.4129829e+001 -4.3983368e+001 -4.3799889e+001 -4.1918106e+001 -4.2015537e+001
 -3.1333333e-001 -4.4125931e+001 -4.3981045e+001 -4.3827694e+001 -4.1927628e+001 -4.2000435e+001
 -3.0666667e-001 -4.4122498e+001 -4.3973965e+001 -4.3844131e+001 -4.1933727e+001 -4.2007496e+001
 -3.0000000e-001 -4.4106171e+001 -4.3974480e+001 -4.3851494e+001 -4.1917683e+001 -4.2017570e+001
 -2.9333333e-001 -4.4098618e+001 -4.3981709e+001 -4.3858562e+001 -4.1911602e+001 -4.2023766e+001
 -2.8666667e-001 -4.4099770e+001 -4.3990959e+001 -4.3877800e+001 -4.1910328e+001 -4.2021267e+001
 -2.8000000e-001 -4.4104210e+001 -4.3991161e+001 -4.3902843e+001 -4.1899506e+001 -4.2016136e+001
 -2.7333333e-001 -4.4111332e+001 -4.3981915e+001 -4.3911964e+001 -4.1902290e+001 -4.2014702e+001
 -2.6666667e-001 -4.4110378e+001 -4.3977917e+001 -4.3912815e+001 -4.1903820e+001 -4.2014957e+001
 -2.6000000e-001 -4.4115639e+001 -4.3976086e+001 -4.3918640e+001 -4.1898758e+001 -4.2008606e+001
 -2.5333333e-001 -4.4118660e+001 -4.3961681e+001 -4.3925304e+001 -4.1909367e+001 -4.1993683e+001
 -2.4666667e-001 -4.4120628e+001 -4.3962643e+001 -4.3925808e+001 -4.1910233e+001 -4.1988800e+001
 -2.4000000e-001 -4.4120857e+001 -4.3973125e+001 -4.3938889e+001 -4.1889675e+001 -4.2001541e+001
 -2.3333333e-001 -4.4105354e+001 -4.3962132e+001 -4.3963692e+001 -4.1879627e+001 -4.2009686e+001
 -2.2666667e-001 -4.4096970e+001 -4.3953785e+001 -4.3951176e+001 -4.1882343e+001 -4.2019733e+001
 -2.2000000e-001 -4.4110802e+001 -4.3956455e+001 -4.3938950e+001 -4.1894882e+001 -4.2018158e+001
 -2.1333333e-001 -4.4114872e+001 -4.3946476e+001 -4.3936386e+001 -4.1911831e+001 -4.2011311e+001
 -2.0666667e-001 -4.4112541e+001 -4.3932362e+001 -4.3930054e+001 -4.1906784e+001 -4.2023880e+001
 -2.0000000e-001 -4.4111164e+001 -4.3927029e+001 -4.3924660e+001 -4.1907425e+001 -4.2029037e+001
 -1.9333333e-001 -4.4108055e+001 -4.3925957e+001 -4.3919567e+001 -4.1917934e+001 -4.2036514e+001
 -1.8666667e-001 -4.4119057e+001 -4.3920708e+001 -4.3920464e+001 -4.1922493e+001 -4.2040066e+001
 -1.8000000e-001 -4.4137894e+001 -4.3912292e+001 -4.3917835e+001 -4.1915649e+001 -4.2033970e+001
 -1.7333333e-001 -4.4164768e+001 -4.3907303e+001 -4.3897339e+001 -4.1914013e+001 -4.2041470e+001
 -1.6666667e-001 -4.4181538e+001 -4.3881973e+001 -4.3890980e+001 -4.1907921e+001 -4.2058334e+001
 -1.6000000e-001 -4.4182198e+001 -4.3868256e+001 -4.3892517e+001 -4.1911396e+001 -4.2051315e+001
 -1.5333333e-001 -4.4193874e+001 -4.3866222e+001 -4.3891663e+001 -4.1915344e+001 -4.2039959e+001
 -1.4666667e-001 -4.4194340e+001 -4.3866085e+001 -4.3888802e+001 -4.1916931e+001 -4.2045994e+001
 -1.4000000e-001 -4.4188980e+001 -4.3877323e+001 -4.3878166e+001 -4.1920403e+001 -4.2058586e+001
 -1.3333333e-001 -4.4196671e+001 -4.3878803e+001 -4.3872810e+001 -4.1928860e+001 -4.2071785e+001
 -1.2666667e-001 -4.4194374e+001 -4.3880169e+001 -4.3874485e+001 -4.1925621e+001 -4.2069542e+001
 -1.2000000e-001 -4.4176918e+001 -4.3881023e+001 -4.3876915e+001 -4.1912804e+001 -4.2061447e+001
 -1.1333333e-001 -4.4160416e+001 -4.3871788e+001 -4.3873173e+001 -4.1919144e+001 -4.2068550e+001
 -1.0666667e-001 -4.4160000e+001 -4.3872356e+001 -4.3859798e+001 -4.1914116e+001 -4.2083408e+001
 -1.0000000e-001 -4.4151104e+001 -4.3886810e+001 -4.3861900e+001 -4.1902859e+001 -4.2081276e+001
 -9.3333333e-002 -4.4133541e+001 -4.3903778e+001 -4.3875710e+001 -4.1887253e+001 -4.2066006e+001
 -8.6666667e-002 -4.4125847e+001 -4.3893936e+001 -4.3857594e+001 -4.1877617e+001 -4.2060516e+001
 -8.0000000e-002 -4.4123043e+001 -4.3889111e+001 -4.3850342e+001 -4.1884079e+001 -4.2058952e+001
 -7.3333333e-002 -4.4107372e+001 -4.3907360e+001 -4.3849407e+001 -4.1883385e+001 -4.2060383e+001
 -6.6666667e-002 -4.4094276e+001 -4.3911068e+001 -4.3840641e+001 -4.1882374e+001 -4.2066151e+001
 -6.0000000e-002 -4.4084957e+001 -4.3912632e+001 -4.3834293e+001 -4.1885563e+001 -4.2082687e+001
 -5.3333333e-002 -4.4069691e+001 -4.3920536e+001 -4.3818024e+001 -4.1880863e+001 -4.2096180e+001
 -4.6666667e-002 -4.4068283e+001 -4.3922173e+001 -4.3806973e+001 -4.1881134e+001 -4.2108105e+001
 -4.0000000e-002 -4.4068081e+001 -4.3918297e+001 -4.3802128e+001 -4.1884541e+001 -4.2118931e+001
 -3.3333333e-002 -4.4065247e+001 -4.3902161e+001 -4.3797462e+001 -4.1889942e+001 -4.2127209e+001
 -2.6666667e-002 -4.4058056e+001 -4.3888363e+001 -4.3787514e+001 -4.1885891e+001 -4.2151821e+001
 -2.0000000e-002 -4.4059612e+001 -4.3884441e+001 -4.3785114e+001 -4.1871964e+001 -4.2154758e+001
 -1.3333333e-002 -4.4067539e+001 -4.3866978e+001 -4.3780090e+001 -4.1868607e+001 -4.2166393e+001
 -6.6666667e-003 -4.4071503e+001 -4.3856785e+001 -4.3777943e+001 -4.1862411e+001 -4.2186649e+001
  0.0000000e+000 -4.4078430e+001 -4.3861858e+001 -4.3779865e+001 -4.1862938e+001 -4.2187962e+001
  6.6666667e-003 -4.4088505e+001 -4.3859169e+001 -4.3770985e+001 -4.1865742e+001 -4.2206234e+001
  1.3333333e-002 -4.4094494e+001 -4.3870106e+001 -4.3759956e+001 -4.1865768e+001 -4.2223091e+001
  2.0000000e-002 -4.4098480e+001 -4.3878273e+001 -4.3761932e+001 -4.1863056e+001 -4.2227039e+001
  2.6666667e-002 -4.4115459e+001 -4.3869385e+001 -4.3772316e+001 -4.1869614e+001 -4.2236889e+001
  3.3333333e-002 -4.4125332e+001 -4.3878876e+001 -4.3772694e+001 -4.1890766e+001 -4.2245815e+001
  4.0000000e-002 -4.4131958e+001 -4.3884090e+001 -4.3762592e+001 -4.1892628e+001 -4.2250278e+001
  4.6666667e-002 -4.4133339e+001 -4.3879066e+001 -4.3771088e+001 -4.1898544e+001 -4.2250774e+001
  5.3333333e-002 -4.4121708e+001 -4.3891262e+001 -4.3782814e+001 -4.1912792e+001 -4.2267269e+001
  6.0000000e-002 -4.4125244e+001 -4.3902905e+001 -4.3777489e+001 -4.1914921e+001 -4.2274967e+001
  6.6666667e-002 -4.4121407e+001 -4.3902943e+001 -4.3765003e+001 -4.1911659e+001 -4.2274544e+001
  7.3333333e-002 -4.4110439e+001 -4.3909042e+001 -4.3759747e+001 -4.1902302e+001 -4.2273403e+001
  8.0000000e-002 -4.4102322e+001 -4.3900295e+001 -4.3763874e+001 -4.1875626e+001 -4.2256916e+001
  8.6666667e-002 -4.4088501e+001 -4.3894573e+001 -4.3766045e+001 -4.1870670e+001 -4.2250843e+001
  9.3333333e-002 -4.4067951e+001 -4.3905483e+001 -4.3761787e+001 -4.1865715e+001 -4.2242973e+001
  1.0000000e-001 -4.4051472e+001 -4.3909473e+001 -4.3751797e+001 -4.1851330e+001 -4.2220219e+001
  1.0666667e-001 -4.4025425e+001 -4.3900921e+001 -4.3747677e+001 -4.1842415e+001 -4.2204033e+001
  1.1333333e-001 -4.4000278e+001 -4.3896530e+001 -4.3744621e+001 -4.1829086e+001 -4.2199295e+001
  1.2000000e-001 -4.3997246e+001 -4.3902065e+001 -4.3752708e+001 -4.1805264e+001 -4.2182487e+001
  1.2666667e-001 -4.3997284e+001 -4.3897198e+001 -4.3758316e+001 -4.1795483e+001 -4.2173428e+001
  1.3333333e-001 -4.4001343e+001 -4.3888000e+001 -4.3753754e+001 -4.1797920e+001 -4.2171009e+001
  1.4000000e-001 -4.4009583e+001 -4.3890781e+001 -4.3761269e+001 -4.1787334e+001 -4.2154068e+001
  1.4666667e-001 -4.4015980e+001 -4.3888096e+001 -4.3747425e+001 -4.1780159e+001 -4.2140289e+001
  1.5333333e-001 -4.4016804e+001 -4.3899010e+001 -4.3739326e+001 -4.1766525e+001 -4.2124790e+001
  1.6000000e-001 -4.4015957e+001 -4.3899330e+001 -4.3730141e+001 -4.1771828e+001 -4.2115410e+001
  1.6666667e-001 -4.4035435e+001 -4.3886002e+001 -4.3727222e+001 -4.1792198e+001 -4.2112278e+001
  1.7333333e-001 -4.4092545e+001 -4.3883404e+001 -4.3732529e+001 -4.1799049e+001 -4.2095417e+001
  1.8000000e-001 -4.4186897e+001 -4.3886955e+001 -4.3730354e+001 -4.1820324e+001 -4.2084862e+001
  1.8666667e-001 -4.4355713e+001 -4.3883202e+001 -4.3727283e+001 -4.1852684e+001 -4.2089806e+001
  1.9333333e-001 -4.4612507e+001 -4.3883167e+001 -4.3725121e+001 -4.1878872e+001 -4.2091297e+001
  2.0000000e-001 -4.4923965e+001 -4.3895451e+001 -4.3725437e+001 -4.1913284e+001 -4.2089912e+001
  2.0666667e-001 -4.5299454e+001 -4.3933697e+001 -4.3741528e+001 -4.1968132e+001 -4.2101456e+001
  2.1333333e-001 -4.5742878e+001 -4.4002075e+001 -4.3755871e+001 -4.2021393e+001 -4.2103279e+001
  2.2000000e-001 -4.6229649e+001 -4.4096748e+001 -4.3775784e+001 -4.2087860e+001 -4.2107220e+001
  2.2666667e-001 -4.6738926e+001 -4.4251240e+001 -4.3839405e+001 -4.2177364e+001 -4.2139038e+001
  2.3333333e-001 -4.7218243e+001 -4.4495743e+001 -4.3920017e+001 -4.2292000e+001 -4.2176430e+001
  2.4000000e-001 -4.7667343e+001 -4.4843590e+001 -4.4031483e+001 -4.2445538e+001 -4.2234348e+001
  2.4666667e-001 -4.8130054e+001 -4.5284252e+001 -4.4194038e+001 -4.2619053e+001 -4.2312122e+001
  2.5333333e-001 -4.8585178e+001 -4.5754105e+001 -4.4435894e+001 -4.2761402e+001 -4.2383286e+001
  2.6000000e-001 -4.9068073e+001 -4.6216217e+001 -4.4724682e+001 -4.2856319e+001 -4.2442135e+001
  2.6666667e-001 -4.9615032e+001 -4.6651440e+001 -4.5063442e+001 -4.2945148e+001 -4.2510105e+001
  2.7333333e-001 -5.0223572e+001 -4.7074551e+001 -4.5486370e+001 -4.3029312e+001 -4.2599472e+001
  2.8000000e-001 -5.0892582e+001 -4.7509624e+001 -4.5992069e+001 -4.3138718e+001 -4.2692829e+001
  2.8666667e-001 -5.1687080e+001 -4.7980991e+001 -4.6531292e+001 -4.3277309e+001 -4.2812935e+001
  2.9333333e-001 -5.2619164e+001 -4.8456562e+001 -4.7083206e+001 -4.3426228e+001 -4.2976074e+001
  3.0000000e-001 -5.3713352e+001 -4.8926750e+001 -4.7672188e+001 -4.3565739e+001 -4.3163418e+001
  3.0666667e-001 -5.4940079e+001 -4.9426216e+001 -4.8303097e+001 -4.3711163e+001 -4.3360489e+001
  3.1333333e-001 -5.6260456e+001 -5.0014912e+001 -4.8958675e+001 -4.3864437e+001 -4.3556469e+001
  3.2000000e-001 -5.7664154e+001 -5.0623497e+001 -4.9647240e+001 -4.4019604e+001 -4.3767071e+001
  3.2666667e-001 -5.9148430e+001 -5.1254784e+001 -5.0388660e+001 -4.4208851e+001 -4.3973579e+001
  3.3333333e-001 -6.0656452e+001 -5.1941208e+001 -5.1172985e+001 -4.4433300e+001 -4.4172176e+001
  3.4000000e-001 -6.2188278e+001 -5.2673141e+001 -5.1967476e+001 -4.4634083e+001 -4.4395588e+001
  3.4666667e-001 -6.3769749e+001 -5.3452888e+001 -5.2805443e+001 -4.4857777e+001 -4.4614277e+001
  3.5333333e-001 -6.5404236e+001 -5.4230103e+001 -5.3726326e+001 -4.5099468e+001 -4.4824318e+001
  3.6000000e-001 -6.7045975e+001 -5.4996017e+001 -5.4688751e+001 -4.5299580e+001 -4.5042702e+001
  3.6666667e-001 -6.8649437e+001 -5.5760792e+001 -5.5672783e+001 -4.5476807e+001 -4.5276070e+001
  3.7333333e-001 -7.0208488e+001 -5.6495197e+001 -5.6713505e+001 -4.5662144e+001 -4.5527863e+001
  3.8000000e-001 -7.1748482e+001 -5.7200565e+001 -5.7759666e+001 -4.5868717e+001 -4.5754230e+001
  3.8666667e-001 -7.3210236e+001 -5.7882214e+001 -5.8783524e+001 -4.6056183e+001 -4.5974648e+001
  3.9333333e-001 -7.4617676e+001 -5.8564018e+001 -5.9797768e+001 -4.6214962e+001 -4.6223038e+001
  4.0000000e-001 -7.6065399e+001 -5.9238483e+001 -6.0762756e+001 -4.6388321e+001 -4.6474018e+001
  4.0666667e-001 -7.7518272e+001 -5.9868759e+001 -6.1710541e+001 -4.6562237e+001 -4.6712776e+001
  4.1333333e-001 -7.8885574e+001 -6.0459167e+001 -6.2572769e+001 -4.6754910e+001 -4.6956200e+001
  4.2000000e-001 -8.0220078e+001 -6.1054455e+001 -6.3348972e+001 -4.6943199e+001 -4.7234451e+001
  4.2666667e-001 -8.1550430e+001 -6.1644089e+001 -6.4047356e+001 -4.7141731e+001 -4.7510788e+001
  4.3333333e-001 -8.2790672e+001 -6.2182972e+001 -6.4682129e+001 -4.7373680e+001 -4.7763809e+001
  4.4000000e-001 -8.3956192e+001 -6.2736382e+001 -6.5247063e+001 -4.7625282e+001 -4.8053242e+001
  4.4666667e-001 -8.5078209e+001 -6.3275665e+001 -6.5744774e+001 -4.7905785e+001 -4.8377022e+001
  4.5333333e-001 -8.6121567e+001 -6.3785927e+001 -6.6228943e+001 -4.8184078e+001 -4.8696224e+001
  4.6000000e-001 -8.7111206e+001 -6.4298729e+001 -6.6696838e+001 -4.8471027e+001 -4.9018917e+001
  4.6666667e-001 -8.8113426e+001 -6.4807800e+001 -6.7163132e+001 -4.8780834e+001 -4.9351131e+001
  4.7333333e-001 -8.9098640e+001 -6.5310638e+001 -6.7630737e+001 -4.9123322e+001 -4.9684261e+001
  4.8000000e-001 -8.9960434e+001 -6.5829361e+001 -6.8122047e+001 -4.9505299e+001 -5.0019936e+001
  4.8666667e-001 -9.1014343e+001 -6.6346786e+001 -6.8652023e+001 -4.9891796e+001 -5.0398193e+001
  4.9333333e-001 -9.2006714e+001 -6.6852097e+001 -6.9209061e+001 -5.0309647e+001 -5.0807720e+001
  5.0000000e-001 -9.2901581e+001 -6.7374313e+001 -6.9807541e+001 -5.0756336e+001 -5.1236519e+001
  5.0666667e-001 -9.3689850e+001 -6.7911850e+001 -7.0404526e+001 -5.1219349e+001 -5.1694664e+001
  5.1333333e-001 -9.4446411e+001 -6.8425262e+001 -7.0996269e+001 -5.1682533e+001 -5.2166565e+001
  5.2000000e-001 -9.5188965e+001 -6.8921188e+001 -7.1562675e+001 -5.2153137e+001 -5.2630730e+001
  5.2666667e-001 -9.5850677e+001 -6.9413254e+001 -7.2098694e+001 -5.2601036e+001 -5.3094955e+001
  5.3333333e-001 -9.6435669e+001 -6.9897308e+001 -7.2548897e+001 -5.3027935e+001 -5.3558308e+001
  5.4000000e-001 -9.6931610e+001 -7.0372818e+001 -7.2905205e+001 -5.3431763e+001 -5.4036655e+001
  5.4666667e-001 -9.7380341e+001 -7.0814545e+001 -7.3160973e+001 -5.3817528e+001 -5.4544456e+001
  5.5333333e-001 -9.7814728e+001 -7.1243652e+001 -7.3352921e+001 -5.4181332e+001 -5.5060139e+001
  5.6000000e-001 -9.8237518e+001 -7.1639160e+001 -7.3478973e+001 -5.4489040e+001 -5.5566528e+001
  5.6666667e-001 -9.8672577e+001 -7.2018867e+001 -7.3515076e+001 -5.4732327e+001 -5.6071976e+001
  5.7333333e-001 -9.9125397e+001 -7.2371925e+001 -7.3515701e+001 -5.4913105e+001 -5.6611305e+001
  5.8000000e-001 -9.9572876e+001 -7.2671623e+001 -7.3524086e+001 -5.5090683e+001 -5.7164513e+001
  5.8666667e-001 -1.0004587e+002 -7.2906670e+001 -7.3519463e+001 -5.5262798e+001 -5.7689213e+001
  5.9333333e-001 -1.0048831e+002 -7.3094284e+001 -7.3513908e+001 -5.5410408e+001 -5.8236542e+001
  6.0000000e-001 -1.0084891e+002 -7.3236206e+001 -7.3508850e+001 -5.5550312e+001 -5.8768402e+001
  6.0666667e-001 -1.0115653e+002 -7.3327621e+001 -7.3484642e+001 -5.5702824e+001 -5.9234783e+001
  6.1333333e-001 -1.0142709e+002 -7.3348129e+001 -7.3461197e+001 -5.5869774e+001 -5.9683872e+001
  6.2000000e-001 -1.0166367e+002 -7.3347816e+001 -7.3403839e+001 -5.6040108e+001 -6.0086494e+001
  6.2666667e-001 -1.0185034e+002 -7.3287613e+001 -7.3307014e+001 -5.6191135e+001 -6.0449505e+001
  6.3333333e-001 -1.0199640e+002 -7.3142189e+001 -7.3155891e+001 -5.6315773e+001 -6.0765995e+001
  6.4000000e-001 -1.0212933e+002 -7.2956772e+001 -7.2917747e+001 -5.6427910e+001 -6.1043034e+001
  6.4666667e-001 -1.0228119e+002 -7.2704895e+001 -7.2609642e+001 -5.6528492e+001 -6.1303413e+001
  6.5333333e-001 -1.0242084e+002 -7.2436722e+001 -7.2246742e+001 -5.6583458e+001 -6.1506489e+001
  6.6000000e-001 -1.0256207e+002 -7.2156715e+001 -7.1847549e+001 -5.6614990e+001 -6.1656357e+001
  6.6666667e-001 -1.0269803e+002 -7.1839684e+001 -7.1413078e+001 -5.6656551e+001 -6.1761330e+001
  6.7333333e-001 -1.0280640e+002 -7.1516808e+001 -7.0964279e+001 -5.6714436e+001 -6.1817249e+001
  6.8000000e-001 -1.0288086e+002 -7.1197586e+001 -7.0524345e+001 -5.6761204e+001 -6.1784527e+001
  6.8666667e-001 -1.0292304e+002 -7.0862839e+001 -7.0085327e+001 -5.6813786e+001 -6.1669827e+001
  6.9333333e-001 -1.0299835e+002 -7.0575974e+001 -6.9687263e+001 -5.6847145e+001 -6.1521229e+001
  7.0000000e-001 -1.0306021e+002 -7.0297737e+001 -6.9266182e+001 -5.6865990e+001 -6.1332428e+001
  7.0666667e-001 -1.0311258e+002 -7.0001045e+001 -6.8834961e+001 -5.6909821e+001 -6.1078884e+001
  7.1333333e-001 -1.0318750e+002 -6.9706604e+001 -6.8406143e+001 -5.6919350e+001 -6.0808014e+001
  7.2000000e-001 -1.0326086e+002 -6.9387344e+001 -6.7957191e+001 -5.6905735e+001 -6.0514420e+001
  7.2666667e-001 -1.0331867e+002 -6.9062836e+001 -6.7531471e+001 -5.6879311e+001 -6.0235691e+001
  7.3333333e-001 -1.0334033e+002 -6.8718727e+001 -6.7109154e+001 -5.6821022e+001 -6.0002415e+001
  7.4000000e-001 -1.0333948e+002 -6.8342957e+001 -6.6675949e+001 -5.6752594e+001 -5.9744465e+001
  7.4666667e-001 -1.0331809e+002 -6.7955383e+001 -6.6260117e+001 -5.6659874e+001 -5.9485668e+001
  7.5333333e-001 -1.0327936e+002 -6.7568008e+001 -6.5889748e+001 -5.6532749e+001 -5.9274124e+001
  7.6000000e-001 -1.0325262e+002 -6.7143723e+001 -6.5496567e+001 -5.6409805e+001 -5.9089073e+001
  7.6666667e-001 -1.0321988e+002 -6.6705940e+001 -6.5110641e+001 -5.6290863e+001 -5.8928673e+001
  7.7333333e-001 -1.0316876e+002 -6.6288109e+001 -6.4760185e+001 -5.6155170e+001 -5.8801918e+001
  7.8000000e-001 -1.0312329e+002 -6.5864784e+001 -6.4419945e+001 -5.6002956e+001 -5.8691128e+001
  7.8666667e-001 -1.0310239e+002 -6.5443588e+001 -6.4097733e+001 -5.5865883e+001 -5.8566715e+001
  7.9333333e-001 -1.0309476e+002 -6.5031334e+001 -6.3765034e+001 -5.5783688e+001 -5.8422558e+001
  8.0000000e-001 -1.0309583e+002 -6.4639412e+001 -6.3450787e+001 -5.5704082e+001 -5.8276546e+001
  8.0666667e-001 -1.0308685e+002 -6.4271408e+001 -6.3175507e+001 -5.5590763e+001 -5.8116940e+001
  8.1333333e-001 -1.0310669e+002 -6.3908558e+001 -6.2918400e+001 -5.5469410e+001 -5.7961151e+001
  8.2000000e-001 -1.0311133e+002 -6.3545368e+001 -6.2640415e+001 -5.5339638e+001 -5.7803043e+001
  8.2666667e-001 -1.0311481e+002 -6.3193531e+001 -6.2369244e+001 -5.5218998e+001 -5.7617462e+001
  8.3333333e-001 -1.0313648e+002 -6.2869850e+001 -6.2091980e+001 -5.5113041e+001 -5.7425446e+001
  8.4000000e-001 -1.0315241e+002 -6.2535709e+001 -6.1814121e+001 -5.5014553e+001 -5.7264320e+001
  8.4666667e-001 -1.0314825e+002 -6.2185238e+001 -6.1542034e+001 -5.4918205e+001 -5.7123775e+001
  8.5333333e-001 -1.0311874e+002 -6.1868675e+001 -6.1274426e+001 -5.4845413e+001 -5.6941330e+001
  8.6000000e-001 -1.0311636e+002 -6.1554115e+001 -6.1040218e+001 -5.4801018e+001 -5.6786915e+001
  8.6666667e-001 -1.0307758e+002 -6.1234421e+001 -6.0844063e+001 -5.4769821e+001 -5.6700321e+001
  8.7333333e-001 -1.0299146e+002 -6.0926163e+001 -6.0677605e+001 -5.4752083e+001 -5.6623062e+001
  8.8000000e-001 -1.0287695e+002 -6.0624336e+001 -6.0559551e+001 -5.4719292e+001 -5.6509869e+001
  8.8666667e-001 -1.0275043e+002 -6.0337463e+001 -6.0474693e+001 -5.4714775e+001 -5.6404884e+001
  8.9333333e-001 -1.0260468e+002 -6.0054241e+001 -6.0396828e+001 -5.4721420e+001 -5.6317364e+001
  9.0000000e-001 -1.0242822e+002 -5.9815315e+001 -6.0371078e+001 -5.4729828e+001 -5.6212578e+001
  9.0666667e-001 -1.0227295e+002 -5.9592117e+001 -6.0391644e+001 -5.4729099e+001 -5.6110283e+001
  9.1333333e-001 -1.0214941e+002 -5.9363045e+001 -6.0428699e+001 -5.4722839e+001 -5.6011208e+001
  9.2000000e-001 -1.0203156e+002 -5.9164841e+001 -6.0478977e+001 -5.4721851e+001 -5.5921413e+001
  9.2666667e-001 -1.0192798e+002 -5.9031597e+001 -6.0551834e+001 -5.4713844e+001 -5.5847801e+001
  9.3333333e-001 -1.0182083e+002 -5.8908901e+001 -6.0649063e+001 -5.4703583e+001 -5.5806995e+001
  9.4000000e-001 -1.0172168e+002 -5.8783394e+001 -6.0770214e+001 -5.4684486e+001 -5.5764446e+001
  9.4666667e-001 -1.0162189e+002 -5.8691269e+001 -6.0917236e+001 -5.4656078e+001 -5.5722542e+001
  9.5333333e-001 -1.0150253e+002 -5.8579399e+001 -6.1065422e+001 -5.4648396e+001 -5.5681896e+001
  9.6000000e-001 -1.0137302e+002 -5.8457157e+001 -6.1231323e+001 -5.4660259e+001 -5.5634056e+001
  9.6666667e-001 -1.0125125e+002 -5.8369644e+001 -6.1389637e+001 -5.4662243e+001 -5.5592556e+001
  9.7333333e-001 -1.0113528e+002 -5.8277962e+001 -6.1568871e+001 -5.4684509e+001 -5.5544891e+001
  9.8000000e-001 -1.0102481e+002 -5.8136330e+001 -6.1766781e+001 -5.4712582e+001 -5.5488815e+001
  9.8666667e-001 -1.0089417e+002 -5.7948322e+001 -6.1936619e+001 -5.4721863e+001 -5.5437511e+001
  9.9333333e-001 -1.0077002e+002 -5.7748116e+001 -6.2091667e+001 -5.4718777e+001 -5.5375851e+001
  1.0000000e+000 -1.0063538e+002 -5.7451534e+001 -6.2257286e+001 -5.4706226e+001 -5.5313236e+001
  1.0066667e+000 -1.0048563e+002 -5.7086418e+001 -6.2396332e+001 -5.4683102e+001 -5.5243713e+001
  1.0133333e+000 -1.0029242e+002 -5.6660358e+001 -6.2512329e+001 -5.4643406e+001 -5.5145496e+001
  1.0200000e+000 -1.0011771e+002 -5.6161854e+001 -6.2582783e+001 -5.4591282e+001 -5.5046970e+001
  1.0266667e+000 -9.9979156e+001 -5.5580811e+001 -6.2632015e+001 -5.4520531e+001 -5.4957634e+001
  1.0333333e+000 -9.9826233e+001 -5.4946583e+001 -6.2656780e+001 -5.4430603e+001 -5.4877625e+001
  1.0400000e+000 -9.9652069e+001 -5.4270679e+001 -6.2638000e+001 -5.4337059e+001 -5.4844231e+001
  1.0466667e+000 -9.9491913e+001 -5.3568302e+001 -6.2619392e+001 -5.4243034e+001 -5.4818268e+001
  1.0533333e+000 -9.9323151e+001 -5.2823185e+001 -6.2545429e+001 -5.4124607e+001 -5.4781166e+001
  1.0600000e+000 -9.9147980e+001 -5.2056965e+001 -6.2427471e+001 -5.3984516e+001 -5.4776623e+001
  1.0666667e+000 -9.8982697e+001 -5.1277931e+001 -6.2316360e+001 -5.3831905e+001 -5.4776566e+001
  1.0733333e+000 -9.8824707e+001 -5.0521259e+001 -6.2173027e+001 -5.3704582e+001 -5.4739498e+001
  1.0800000e+000 -9.8635193e+001 -4.9807789e+001 -6.2043819e+001 -5.3576050e+001 -5.4741943e+001
  1.0866667e+000 -9.8447449e+001 -4.9107647e+001 -6.1927147e+001 -5.3397236e+001 -5.4769794e+001
  1.0933333e+000 -9.8250946e+001 -4.8453564e+001 -6.1796528e+001 -5.3218559e+001 -5.4768871e+001
  1.1000000e+000 -9.7993103e+001 -4.7856274e+001 -6.1646118e+001 -5.3039902e+001 -5.4751919e+001
  1.1066667e+000 -9.7700897e+001 -4.7270283e+001 -6.1473316e+001 -5.2849594e+001 -5.4759045e+001
  1.1133333e+000 -9.7379852e+001 -4.6717865e+001 -6.1308025e+001 -5.2663456e+001 -5.4782677e+001
  1.1200000e+000 -9.7033173e+001 -4.6207294e+001 -6.1143635e+001 -5.2459526e+001 -5.4777882e+001
  1.1266667e+000 -9.6693268e+001 -4.5715176e+001 -6.0952541e+001 -5.2240139e+001 -5.4768585e+001
  1.1333333e+000 -9.6346222e+001 -4.5251492e+001 -6.0755318e+001 -5.2020939e+001 -5.4757156e+001
  1.1400000e+000 -9.6001953e+001 -4.4819271e+001 -6.0512192e+001 -5.1796806e+001 -5.4744442e+001
  1.1466667e+000 -9.5639526e+001 -4.4424652e+001 -6.0279488e+001 -5.1571194e+001 -5.4740547e+001
  1.1533333e+000 -9.5226776e+001 -4.4074112e+001 -6.0030083e+001 -5.1330551e+001 -5.4708214e+001
  1.1600000e+000 -9.4837769e+001 -4.3788532e+001 -5.9788773e+001 -5.1095596e+001 -5.4671036e+001
  1.1666667e+000 -9.4459167e+001 -4.3580750e+001 -5.9541744e+001 -5.0877304e+001 -5.4641354e+001
  1.1733333e+000 -9.4053375e+001 -4.3455200e+001 -5.9249966e+001 -5.0609550e+001 -5.4620167e+001
  1.1800000e+000 -9.3607330e+001 -4.3416882e+001 -5.8974697e+001 -5.0327576e+001 -5.4600128e+001
  1.1866667e+000 -9.3129517e+001 -4.3481617e+001 -5.8702766e+001 -5.0086277e+001 -5.4542889e+001
  1.1933333e+000 -9.2659912e+001 -4.3632530e+001 -5.8465237e+001 -4.9868267e+001 -5.4473511e+001
  1.2000000e+000 -9.2237457e+001 -4.3858158e+001 -5.8241940e+001 -4.9633915e+001 -5.4410259e+001
  1.2066667e+000 -9.1807861e+001 -4.4154938e+001 -5.8024532e+001 -4.9401646e+001 -5.4343151e+001
  1.2133333e+000 -9.1348724e+001 -4.4602585e+001 -5.7829697e+001 -4.9214352e+001 -5.4257664e+001
  1.2200000e+000 -9.0869751e+001 -4.5114140e+001 -5.7666393e+001 -4.9068508e+001 -5.4155022e+001
  1.2266667e+000 -9.0412140e+001 -4.5681103e+001 -5.7512932e+001 -4.8944859e+001 -5.4041389e+001
  1.2333333e+000 -9.0000000e+001 -4.6414886e+001 -5.7355202e+001 -4.8853924e+001 -5.3943329e+001
  1.2400000e+000 -8.9597488e+001 -4.7258972e+001 -5.7215172e+001 -4.8778767e+001 -5.3821201e+001
  1.2466667e+000 -8.9180992e+001 -4.8156120e+001 -5.7065155e+001 -4.8737736e+001 -5.3696697e+001
  1.2533333e+000 -8.8746483e+001 -4.9113609e+001 -5.6894642e+001 -4.8722538e+001 -5.3566669e+001
  1.2600000e+000 -8.8299805e+001 -5.0116932e+001 -5.6724792e+001 -4.8688972e+001 -5.3417801e+001
  1.2666667e+000 -8.7906036e+001 -5.1181751e+001 -5.6545174e+001 -4.8692810e+001 -5.3280819e+001
  1.2733333e+000 -8.7539871e+001 -5.2324963e+001 -5.6345123e+001 -4.8748825e+001 -5.3156197e+001
  1.2800000e+000 -8.7173264e+001 -5.3570034e+001 -5.6154282e+001 -4.8824593e+001 -5.3015320e+001
  1.2866667e+000 -8.6845634e+001 -5.4799046e+001 -5.5968349e+001 -4.8878857e+001 -5.2907204e+001
  1.2933333e+000 -8.6546402e+001 -5.6263489e+001 -5.5793339e+001 -4.8938389e+001 -5.2824486e+001
  1.3000000e+000 -8.6236313e+001 -5.7842037e+001 -5.5646294e+001 -4.9012825e+001 -5.2726311e+001
  1.3066667e+000 -8.5911316e+001 -5.9303154e+001 -5.5515774e+001 -4.9089981e+001 -5.2609612e+001
  1.3133333e+000 -8.5603813e+001 -6.0748455e+001 -5.5389713e+001 -4.9212322e+001 -5.2514629e+001
  1.3200000e+000 -8.5312202e+001 -6.2095306e+001 -5.5289063e+001 -4.9337631e+001 -5.2448753e+001
  1.3266667e+000 -8.5025505e+001 -6.3361214e+001 -5.5225811e+001 -4.9480370e+001 -5.2368546e+001
  1.3333333e+000 -8.4761009e+001 -6.4732361e+001 -5.5143345e+001 -4.9621857e+001 -5.2284721e+001
  1.3400000e+000 -8.4499893e+001 -6.6053207e+001 -5.5096825e+001 -4.9794506e+001 -5.2219517e+001
  1.3466667e+000 -8.4237648e+001 -6.7295311e+001 -5.5051201e+001 -4.9976185e+001 -5.2168613e+001
  1.3533333e+000 -8.3966225e+001 -6.8601151e+001 -5.4995483e+001 -5.0130993e+001 -5.2098122e+001
  1.3600000e+000 -8.3713066e+001 -6.9935966e+001 -5.4964169e+001 -5.0304211e+001 -5.2023911e+001
  1.3666667e+000 -8.3468948e+001 -7.1223213e+001 -5.4920273e+001 -5.0472466e+001 -5.1943352e+001
  1.3733333e+000 -8.3235954e+001 -7.2497330e+001 -5.4895691e+001 -5.0638256e+001 -5.1876976e+001
  1.3800000e+000 -8.3026497e+001 -7.3793060e+001 -5.4869541e+001 -5.0791161e+001 -5.1853699e+001
  1.3866667e+000 -8.2843742e+001 -7.5025818e+001 -5.4844807e+001 -5.0941833e+001 -5.1802795e+001
  1.3933333e+000 -8.2651398e+001 -7.6170006e+001 -5.4832352e+001 -5.1096184e+001 -5.1727749e+001
  1.4000000e+000 -8.2466492e+001 -7.7233475e+001 -5.4811447e+001 -5.1252964e+001 -5.1668221e+001
  1.4066667e+000 -8.2307899e+001 -7.8091400e+001 -5.4785942e+001 -5.1385906e+001 -5.1620884e+001
  1.4133333e+000 -8.2055496e+001 -7.8703629e+001 -5.4744949e+001 -5.1507858e+001 -5.1563416e+001
  1.4200000e+000 -8.1275703e+001 -7.9076378e+001 -5.4720474e+001 -5.1662140e+001 -5.1494297e+001
  1.4266667e+000 -8.1620369e+001 -7.9219872e+001 -5.4694130e+001 -5.1826786e+001 -5.1402016e+001
  1.4333333e+000 -8.1469360e+001 -7.9014847e+001 -5.4634632e+001 -5.1945560e+001 -5.1326660e+001
  1.4400000e+000 -8.1370422e+001 -7.8658669e+001 -5.4566547e+001 -5.2043156e+001 -5.1298340e+001
  1.4466667e+000 -8.1287491e+001 -7.8208061e+001 -5.4473427e+001 -5.2156876e+001 -5.1274124e+001
  1.4533333e+000 -8.1272713e+001 -7.7761284e+001 -5.4367672e+001 -5.2261009e+001 -5.1226215e+001
  1.4600000e+000 -8.1209915e+001 -7.7323357e+001 -5.4265160e+001 -5.2334229e+001 -5.1158466e+001
  1.4666667e+000 -8.1063362e+001 -7.6870590e+001 -5.4174099e+001 -5.2424221e+001 -5.1076679e+001
  1.4733333e+000 -8.0969604e+001 -7.6479034e+001 -5.4092522e+001 -5.2495289e+001 -5.1024063e+001
  1.4800000e+000 -8.0907509e+001 -7.7056076e+001 -5.4002678e+001 -5.2539494e+001 -5.0982399e+001
  1.4866667e+000 -8.0853142e+001 -7.6716438e+001 -5.3918076e+001 -5.2571583e+001 -5.0894550e+001
  1.4933333e+000 -8.0757813e+001 -7.6350800e+001 -5.3823044e+001 -5.2593143e+001 -5.0796150e+001
  1.5000000e+000 -8.0605080e+001 -7.6072151e+001 -5.3720322e+001 -5.2612720e+001 -5.0727386e+001
  1.5066667e+000 -8.0490250e+001 -7.5192764e+001 -5.3628239e+001 -5.2604870e+001 -5.0659691e+001
  1.5133333e+000 -8.0436386e+001 -7.4726364e+001 -5.3551987e+001 -5.2588135e+001 -5.0576023e+001
  1.5200000e+000 -8.0390083e+001 -7.4268364e+001 -5.3462246e+001 -5.2559093e+001 -5.0498276e+001
  1.5266667e+000 -8.0326828e+001 -7.3947517e+001 -5.3347851e+001 -5.2535221e+001 -5.0416107e+001
  1.5333333e+000 -8.0294830e+001 -7.3761604e+001 -5.3224796e+001 -5.2512569e+001 -5.0316795e+001
  1.5400000e+000 -8.0274254e+001 -7.3621414e+001 -5.3154652e+001 -5.2473579e+001 -5.0215103e+001
  1.5466667e+000 -8.0204475e+001 -7.3625343e+001 -5.3104767e+001 -5.2405567e+001 -5.0126366e+001
  1.5533333e+000 -8.0261177e+001 -7.2317810e+001 -5.3048267e+001 -5.2317715e+001 -5.0018246e+001
  1.5600000e+000 -8.0312454e+001 -7.2369125e+001 -5.3003124e+001 -5.2242287e+001 -4.9884724e+001
  1.5666667e+000 -8.0283394e+001 -7.2496849e+001 -5.2975964e+001 -5.2156754e+001 -4.9772263e+001
  1.5733333e+000 -8.0280396e+001 -7.2515984e+001 -5.2966091e+001 -5.2071178e+001 -4.9653381e+001
  1.5800000e+000 -8.0273285e+001 -7.2504372e+001 -5.2976784e+001 -5.1962498e+001 -4.9528851e+001
  1.5866667e+000 -8.0276398e+001 -7.3329025e+001 -5.3026169e+001 -5.1826935e+001 -4.9375931e+001
  1.5933333e+000 -8.0295242e+001 -7.3477211e+001 -5.3082523e+001 -5.1659527e+001 -4.9203098e+001
  1.6000000e+000 -8.0259689e+001 -7.2935730e+001 -5.3123550e+001 -5.1493973e+001 -4.9049477e+001
  1.6066667e+000 -8.0277199e+001 -7.3077637e+001 -5.3165054e+001 -5.1331882e+001 -4.8879978e+001
  1.6133333e+000 -8.0268250e+001 -7.3267044e+001 -5.3240200e+001 -5.1143089e+001 -4.8693996e+001
  1.6200000e+000 -8.0246758e+001 -7.3574112e+001 -5.3324677e+001 -5.0959904e+001 -4.8526154e+001
  1.6266667e+000 -8.0265442e+001 -7.3841064e+001 -5.3388599e+001 -5.0787876e+001 -4.8363159e+001
  1.6333333e+000 -8.0270615e+001 -7.4091331e+001 -5.3446129e+001 -5.0588085e+001 -4.8192047e+001
  1.6400000e+000 -8.0275200e+001 -7.4332855e+001 -5.3515121e+001 -5.0364170e+001 -4.8017586e+001
  1.6466667e+000 -8.0218094e+001 -7.4565773e+001 -5.3585278e+001 -5.0152420e+001 -4.7844929e+001
  1.6533333e+000 -8.0146393e+001 -7.5514885e+001 -5.3644562e+001 -4.9957897e+001 -4.7672386e+001
  1.6600000e+000 -8.0127670e+001 -7.5782692e+001 -5.3701881e+001 -4.9751026e+001 -4.7504730e+001
  1.6666667e+000 -8.0102524e+001 -7.5899872e+001 -5.3760262e+001 -4.9526478e+001 -4.7331192e+001
  1.6733333e+000 -8.0088928e+001 -7.5400276e+001 -5.3817829e+001 -4.9314644e+001 -4.7146442e+001
  1.6800000e+000 -8.0060211e+001 -7.5660042e+001 -5.3868504e+001 -4.9070141e+001 -4.6972645e+001
  1.6866667e+000 -8.0034447e+001 -7.6544060e+001 -5.3923584e+001 -4.8806149e+001 -4.6800079e+001
  1.6933333e+000 -8.0029381e+001 -7.6660110e+001 -5.3961281e+001 -4.8546597e+001 -4.6620022e+001
  1.7000000e+000 -7.9998184e+001 -7.6807770e+001 -5.3988632e+001 -4.8295952e+001 -4.6447647e+001
  1.7066667e+000 -7.9944588e+001 -7.6543869e+001 -5.4001297e+001 -4.8052982e+001 -4.6266876e+001
  1.7133333e+000 -7.9931274e+001 -7.6760658e+001 -5.3989330e+001 -4.7805946e+001 -4.6100494e+001
  1.7200000e+000 -7.9910500e+001 -7.7703453e+001 -5.3964123e+001 -4.7539165e+001 -4.5946163e+001
  1.7266667e+000 -7.9854546e+001 -7.7905464e+001 -5.3955879e+001 -4.7318241e+001 -4.5786831e+001
  1.7333333e+000 -7.9874046e+001 -7.7989273e+001 -5.3969582e+001 -4.7128040e+001 -4.5634434e+001
  1.7400000e+000 -7.9838951e+001 -7.7453697e+001 -5.3963070e+001 -4.6895161e+001 -4.5486416e+001
  1.7466667e+000 -7.9789513e+001 -7.7583000e+001 -5.3913265e+001 -4.6664963e+001 -4.5347408e+001
  1.7533333e+000 -7.9792809e+001 -7.7701660e+001 -5.3866745e+001 -4.6468987e+001 -4.5208412e+001
  1.7600000e+000 -7.9772247e+001 -7.7740135e+001 -5.3843182e+001 -4.6291130e+001 -4.5071247e+001
  1.7666667e+000 -7.9768860e+001             NaN -5.3809235e+001 -4.6126827e+001 -4.4936657e+001
  1.7733333e+000 -7.9739555e+001             NaN -5.3766514e+001 -4.5931004e+001 -4.4802200e+001
  1.7800000e+000 -7.9749664e+001             NaN -5.3733543e+001 -4.5734482e+001 -4.4674839e+001
  1.7866667e+000 -7.9756271e+001             NaN -5.3687229e+001 -4.5580143e+001 -4.4565941e+001
  1.7933333e+000 -7.9739479e+001             NaN -5.3604877e+001 -4.5450722e+001 -4.4459488e+001
  1.8000000e+000 -7.9752571e+001             NaN -5.3530121e+001 -4.5318588e+001 -4.4365395e+001
  1.8066667e+000 -7.9780380e+001 -7.8356659e+001 -5.3483311e+001 -4.5178745e+001 -4.4306396e+001
  1.8133333e+000 -7.9798050e+001 -7.8417923e+001 -5.3411919e+001 -4.5047943e+001 -4.4274002e+001
  1.8200000e+000 -7.9766335e+001 -7.9682198e+001 -5.3317097e+001 -4.4953823e+001 -4.4240425e+001
  1.8266667e+000 -7.9767319e+001 -7.9885338e+001 -5.3214352e+001 -4.4890076e+001 -4.4192699e+001
  1.8333333e+000 -7.9798782e+001             NaN -5.3110859e+001 -4.4822186e+001 -4.4171474e+001
  1.8400000e+000 -7.9889519e+001             NaN -5.3000580e+001 -4.4774204e+001 -4.4166679e+001
  1.8466667e+000 -7.9943336e+001 -7.8954094e+001 -5.2885700e+001 -4.4727222e+001 -4.4169907e+001
  1.8533333e+000 -7.9948456e+001 -8.0245644e+001 -5.2761150e+001 -4.4650383e+001 -4.4172886e+001
  1.8600000e+000 -7.9983589e+001 -8.0402634e+001 -5.2613853e+001 -4.4600773e+001 -4.4175495e+001
  1.8666667e+000 -8.0032082e+001 -8.0613281e+001 -5.2472389e+001 -4.4597485e+001 -4.4181465e+001
  1.8733333e+000 -8.0054085e+001 -8.0843010e+001 -5.2327866e+001 -4.4617424e+001 -4.4182198e+001
  1.8800000e+000 -8.0090752e+001 -8.0732506e+001 -5.2181293e+001 -4.4610073e+001 -4.4198490e+001
  1.8866667e+000 -8.0188347e+001 -8.0967628e+001 -5.2056026e+001 -4.4574348e+001 -4.4219101e+001
  1.8933333e+000 -8.0250305e+001 -8.1215126e+001 -5.1928169e+001 -4.4554535e+001 -4.4237366e+001
  1.9000000e+000 -8.0279930e+001 -8.1564293e+001 -5.1798363e+001 -4.4549873e+001 -4.4253113e+001
  1.9066667e+000 -8.0284561e+001 -8.2588470e+001 -5.1675114e+001 -4.4536526e+001 -4.4255550e+001
  1.9133333e+000 -8.0284004e+001 -8.2830589e+001 -5.1562252e+001 -4.4508995e+001 -4.4246593e+001
  1.9200000e+000 -8.0353516e+001 -8.3233780e+001 -5.1459629e+001 -4.4478054e+001 -4.4252228e+001
  1.9266667e+000 -8.0400826e+001 -8.3609138e+001 -5.1358902e+001 -4.4459923e+001 -4.4253407e+001
  1.9333333e+000 -8.0408760e+001 -8.3916817e+001 -5.1262947e+001 -4.4433907e+001 -4.4235683e+001
  1.9400000e+000 -8.0470337e+001 -8.4222771e+001 -5.1174759e+001 -4.4394924e+001 -4.4202393e+001
  1.9466667e+000 -8.0527794e+001 -8.3670296e+001 -5.1105637e+001 -4.4357273e+001 -4.4152859e+001
  1.9533333e+000 -8.0568100e+001 -8.4009003e+001 -5.1050045e+001 -4.4316860e+001 -4.4119526e+001
  1.9600000e+000 -8.0623337e+001 -8.4366188e+001 -5.0990547e+001 -4.4273140e+001 -4.4071007e+001
  1.9666667e+000 -8.0681938e+001 -8.4759811e+001 -5.0950001e+001 -4.4217869e+001 -4.4014114e+001
  1.9733333e+000 -8.0730896e+001 -8.5116051e+001 -5.0878311e+001 -4.4156021e+001 -4.3974449e+001
  1.9800000e+000 -8.0743408e+001 -8.5518829e+001 -5.0797382e+001 -4.4092037e+001 -4.3931091e+001
  1.9866667e+000 -8.0771355e+001 -8.5912895e+001 -5.0755623e+001 -4.4043793e+001 -4.3885323e+001
  1.9933333e+000 -8.0768417e+001 -8.6331573e+001 -5.0677917e+001 -4.4020317e+001 -4.3841267e+001
  2.0000000e+000 -8.0756859e+001 -8.6792763e+001 -5.0589851e+001 -4.3976364e+001 -4.3799610e+001
