 -5.0000000e-001  3.2584713e+001  3.1253635e+001  3.1368408e+001  3.8760540e+001  3.3871162e+001
 -4.9333333e-001  3.2587925e+001  3.1285324e+001  3.1361006e+001  3.8776157e+001  3.3835365e+001
 -4.8666667e-001  3.2586586e+001  3.1359085e+001  3.1372749e+001  3.8782509e+001  3.3830708e+001
 -4.8000000e-001  3.2571396e+001  3.1397854e+001  3.1352068e+001  3.8787292e+001  3.3826450e+001
 -4.7333333e-001  3.2568249e+001  3.1430269e+001  3.1361326e+001  3.8803692e+001  3.3838043e+001
 -4.6666667e-001  3.2547688e+001  3.1461485e+001  3.1370739e+001  3.8811890e+001  3.3839291e+001
 -4.6000000e-001  3.2585266e+001  3.1483791e+001  3.1394459e+001  3.8814590e+001  3.3834011e+001
 -4.5333333e-001  3.2585388e+001  3.1475780e+001  3.1420702e+001  3.8803921e+001  3.3825886e+001
 -4.4666667e-001  3.2566692e+001  3.1520206e+001  3.1398848e+001  3.8809532e+001  3.3809875e+001
 -4.4000000e-001  3.2597145e+001  3.1546219e+001  3.1416845e+001  3.8838116e+001  3.3814152e+001
 -4.3333333e-001  3.2590549e+001  3.1545498e+001  3.1414076e+001  3.8821270e+001  3.3841316e+001
 -4.2666667e-001  3.2595272e+001  3.1579268e+001  3.1410671e+001  3.8782345e+001  3.3846111e+001
 -4.2000000e-001  3.2574493e+001  3.1639086e+001  3.1407406e+001  3.8782047e+001  3.3862946e+001
 -4.1333333e-001  3.2549187e+001  3.1655041e+001  3.1402494e+001  3.8793457e+001  3.3842060e+001
 -4.0666667e-001  3.2542831e+001  3.1691765e+001  3.1416176e+001  3.8775852e+001  3.3854568e+001
 -4.0000000e-001  3.2530216e+001  3.1714325e+001  3.1434376e+001  3.8772129e+001  3.3854546e+001
 -3.9333333e-001  3.2522816e+001  3.1715328e+001  3.1404745e+001  3.8755589e+001  3.3845768e+001
 -3.8666667e-001  3.2493893e+001  3.1723520e+001  3.1384071e+001  3.8737820e+001  3.3833832e+001
 -3.8000000e-001  3.2467319e+001  3.1730177e+001  3.1403021e+001  3.8732929e+001  3.3863777e+001
 -3.7333333e-001  3.2481621e+001  3.1766371e+001  3.1380957e+001  3.8714573e+001  3.3872345e+001
 -3.6666667e-001  3.2462688e+001  3.1798618e+001  3.1370707e+001  3.8685352e+001  3.3866726e+001
 -3.6000000e-001  3.2460674e+001  3.1789324e+001  3.1407785e+001  3.8678055e+001  3.3867138e+001
 -3.5333333e-001  3.2456738e+001  3.1826799e+001  3.1412697e+001  3.8660294e+001  3.3861759e+001
 -3.4666667e-001  3.2450783e+001  3.1842670e+001  3.1390341e+001  3.8669437e+001  3.3847652e+001
 -3.4000000e-001  3.2463184e+001  3.1832354e+001  3.1394812e+001  3.8672306e+001  3.3855904e+001
 -3.3333333e-001  3.2452080e+001  3.1857861e+001  3.1434576e+001  3.8658913e+001  3.3883038e+001
 -3.2666667e-001  3.2478325e+001  3.1860767e+001  3.1425673e+001  3.8638451e+001  3.3904831e+001
 -3.2000000e-001  3.2505764e+001  3.1841578e+001  3.1393690e+001  3.8634609e+001  3.3907681e+001
 -3.1333333e-001  3.2504261e+001  3.1848349e+001  3.1413157e+001  3.8630955e+001  3.3947742e+001
 -3.0666667e-001  3.2508801e+001  3.1880260e+001  3.1416283e+001  3.8641819e+001  3.3965145e+001
 -3.0000000e-001  3.2522568e+001  3.1882793e+001  3.1421190e+001  3.8634304e+001  3.3997124e+001
 -2.9333333e-001  3.2544762e+001  3.1867157e+001  3.1400545e+001  3.8648834e+001  3.4000740e+001
 -2.8666667e-001  3.2563828e+001  3.1853319e+001  3.1401119e+001  3.8659969e+001  3.4011135e+001
 -2.8000000e-001  3.2559750e+001  3.1879967e+001  3.1400652e+001  3.8650974e+001  3.4060059e+001
 -2.7333333e-001  3.2588833e+001  3.1882780e+001  3.1396593e+001  3.8671246e+001  3.4086979e+001
 -2.6666667e-001  3.2570122e+001  3.1894665e+001  3.1411999e+001  3.8677582e+001  3.4065514e+001
 -2.6000000e-001  3.2594673e+001  3.1932234e+001  3.1432289e+001  3.8681942e+001  3.4067375e+001
 -2.5333333e-001  3.2613136e+001  3.1935932e+001  3.1431824e+001  3.8701340e+001  3.4096729e+001
 -2.4666667e-001  3.2627918e+001  3.1944601e+001  3.1446884e+001  3.8733253e+001  3.4111145e+001
 -2.4000000e-001  3.2619278e+001  3.1987675e+001  3.1462969e+001  3.8739807e+001  3.4116287e+001
 -2.3333333e-001  3.2624172e+001  3.1976744e+001  3.1423635e+001  3.8743011e+001  3.4100807e+001
 -2.2666667e-001  3.2642635e+001  3.1980610e+001  3.1427771e+001  3.8778435e+001  3.4096798e+001
 -2.2000000e-001  3.2646042e+001  3.2017460e+001  3.1451204e+001  3.8803844e+001  3.4082676e+001
 -2.1333333e-001  3.2662952e+001  3.2013206e+001  3.1460760e+001  3.8832756e+001  3.4054695e+001
 -2.0666667e-001  3.2627777e+001  3.2052479e+001  3.1443277e+001  3.8836700e+001  3.4027760e+001
 -2.0000000e-001  3.2636963e+001  3.2069294e+001  3.1460146e+001  3.8841255e+001  3.4005608e+001
 -1.9333333e-001  3.2657372e+001  3.2077641e+001  3.1474283e+001  3.8854347e+001  3.3991928e+001
 -1.8666667e-001  3.2619205e+001  3.2068260e+001  3.1457001e+001  3.8866920e+001  3.3946800e+001
 -1.8000000e-001  3.2620232e+001  3.2125206e+001  3.1450825e+001  3.8888874e+001  3.3911777e+001
 -1.7333333e-001  3.2634926e+001  3.2116089e+001  3.1456631e+001  3.8906830e+001  3.3864109e+001
 -1.6666667e-001  3.2641426e+001  3.2108131e+001  3.1458782e+001  3.8913689e+001  3.3783951e+001
 -1.6000000e-001  3.2635868e+001  3.2136162e+001  3.1429386e+001  3.8906857e+001  3.3752163e+001
 -1.5333333e-001  3.2622185e+001  3.2169643e+001  3.1426489e+001  3.8893494e+001  3.3741821e+001
 -1.4666667e-001  3.2630863e+001  3.2124264e+001  3.1453346e+001  3.8933327e+001  3.3745842e+001
 -1.4000000e-001  3.2649094e+001  3.2130093e+001  3.1430708e+001  3.8924583e+001  3.3742908e+001
 -1.3333333e-001  3.2649464e+001  3.2142586e+001  3.1408495e+001  3.8943256e+001  3.3733074e+001
 -1.2666667e-001  3.2649475e+001  3.2167049e+001  3.1418646e+001  3.8951324e+001  3.3728134e+001
 -1.2000000e-001  3.2652145e+001  3.2140274e+001  3.1465132e+001  3.8966328e+001  3.3672333e+001
 -1.1333333e-001  3.2660934e+001  3.2137859e+001  3.1468204e+001  3.8967323e+001  3.3671387e+001
 -1.0666667e-001  3.2672630e+001  3.2143307e+001  3.1449730e+001  3.8965702e+001  3.3663269e+001
 -1.0000000e-001  3.2671383e+001  3.2137756e+001  3.1415445e+001  3.8963856e+001  3.3682327e+001
 -9.3333333e-002  3.2695698e+001  3.2125820e+001  3.1424000e+001  3.8950100e+001  3.3689838e+001
 -8.6666667e-002  3.2717854e+001  3.2149242e+001  3.1444166e+001  3.8941502e+001  3.3693996e+001
 -8.0000000e-002  3.2733513e+001  3.2172550e+001  3.1468071e+001  3.8958775e+001  3.3741344e+001
 -7.3333333e-002  3.2753433e+001  3.2167683e+001  3.1441544e+001  3.8983723e+001  3.3722504e+001
 -6.6666667e-002  3.2734257e+001  3.2137726e+001  3.1441851e+001  3.9005001e+001  3.3672291e+001
 -6.0000000e-002  3.2739365e+001  3.2120914e+001  3.1456392e+001  3.9028954e+001  3.3687061e+001
 -5.3333333e-002  3.2728359e+001  3.2115490e+001  3.1481030e+001  3.9035820e+001  3.3717293e+001
 -4.6666667e-002  3.2732353e+001  3.2135704e+001  3.1481319e+001  3.9051647e+001  3.3764980e+001
 -4.0000000e-002  3.2743256e+001  3.2157207e+001  3.1481350e+001  3.9037106e+001  3.3785328e+001
 -3.3333333e-002  3.2759800e+001  3.2188118e+001  3.1491735e+001  3.9012875e+001  3.3805477e+001
 -2.6666667e-002  3.2753960e+001  3.2172169e+001  3.1469564e+001  3.9007313e+001  3.3803188e+001
 -2.0000000e-002  3.2745129e+001  3.2210609e+001  3.1452215e+001  3.8982471e+001  3.3814110e+001
 -1.3333333e-002  3.2783592e+001  3.2205479e+001  3.1445730e+001  3.8979382e+001  3.3813389e+001
 -6.6666667e-003  3.2778046e+001  3.2247692e+001  3.1475880e+001  3.8987114e+001  3.3826893e+001
  0.0000000e+000  3.2778484e+001  3.2251301e+001  3.1482046e+001  3.8988369e+001  3.3834736e+001
  6.6666667e-003  3.2823555e+001  3.2261005e+001  3.1484356e+001  3.8966976e+001  3.3847862e+001
  1.3333333e-002  3.2844112e+001  3.2275051e+001  3.1462894e+001  3.8962029e+001  3.3871635e+001
  2.0000000e-002  3.2844761e+001  3.2280186e+001  3.1456760e+001  3.8977016e+001  3.3869370e+001
  2.6666667e-002  3.2843330e+001  3.2303375e+001  3.1444128e+001  3.8989891e+001  3.3880379e+001
  3.3333333e-002  3.2871319e+001  3.2298008e+001  3.1466635e+001  3.8981625e+001  3.3901031e+001
  4.0000000e-002  3.2861233e+001  3.2289024e+001  3.1460941e+001  3.9004025e+001  3.3920193e+001
  4.6666667e-002  3.2861183e+001  3.2299717e+001  3.1458454e+001  3.9041153e+001  3.3966640e+001
  5.3333333e-002  3.2873081e+001  3.2321251e+001  3.1474680e+001  3.9043999e+001  3.3999718e+001
  6.0000000e-002  3.2902359e+001  3.2325706e+001  3.1472994e+001  3.9032490e+001  3.4026787e+001
  6.6666667e-002  3.2887173e+001  3.2309174e+001  3.1442936e+001  3.9042931e+001  3.4028618e+001
  7.3333333e-002  3.2871635e+001  3.2297485e+001  3.1456543e+001  3.9035755e+001  3.4018448e+001
  8.0000000e-002  3.2863956e+001  3.2287743e+001  3.1442223e+001  3.9033978e+001  3.4044384e+001
  8.6666667e-002  3.2877888e+001  3.2298744e+001  3.1409557e+001  3.9019379e+001  3.4057945e+001
  9.3333333e-002  3.2855206e+001  3.2288315e+001  3.1418289e+001  3.9020863e+001  3.4067425e+001
  1.0000000e-001  3.2828758e+001  3.2304230e+001  3.1397049e+001  3.9022560e+001  3.4066090e+001
  1.0666667e-001  3.2820755e+001  3.2305527e+001  3.1379652e+001  3.9007885e+001  3.4049530e+001
  1.1333333e-001  3.2820164e+001  3.2348301e+001  3.1365309e+001  3.8992100e+001  3.4044205e+001
  1.2000000e-001  3.2804470e+001  3.2339855e+001  3.1355701e+001  3.8988857e+001  3.4036556e+001
  1.2666667e-001  3.2740868e+001  3.2354069e+001  3.1347960e+001  3.8961998e+001  3.4033489e+001
  1.3333333e-001  3.2646240e+001  3.2410755e+001  3.1312128e+001  3.8893120e+001  3.4014977e+001
  1.4000000e-001  3.2496273e+001  3.2452148e+001  3.1226055e+001  3.8827221e+001  3.4017704e+001
  1.4666667e-001  3.2321354e+001  3.2526264e+001  3.1173632e+001  3.8769497e+001  3.4012413e+001
  1.5333333e-001  3.2153214e+001  3.2652439e+001  3.1116205e+001  3.8702240e+001  3.4021740e+001
  1.6000000e-001  3.1945908e+001  3.2736160e+001  3.1049101e+001  3.8647694e+001  3.3986343e+001
  1.6666667e-001  3.1720785e+001  3.2823105e+001  3.0985714e+001  3.8581532e+001  3.3971481e+001
  1.7333333e-001  3.1487305e+001  3.2914330e+001  3.0920994e+001  3.8490162e+001  3.3949741e+001
  1.8000000e-001  3.1289074e+001  3.3010086e+001  3.0841345e+001  3.8408806e+001  3.3951962e+001
  1.8666667e-001  3.1099163e+001  3.3130955e+001  3.0755642e+001  3.8348148e+001  3.3911819e+001
  1.9333333e-001  3.0958302e+001  3.3244831e+001  3.0676142e+001  3.8307770e+001  3.3854675e+001
  2.0000000e-001  3.0837290e+001  3.3337177e+001  3.0612656e+001  3.8259544e+001  3.3800541e+001
  2.0666667e-001  3.0759384e+001  3.3421425e+001  3.0484850e+001  3.8241943e+001  3.3793434e+001
  2.1333333e-001  3.0799311e+001  3.3530018e+001  3.0339792e+001  3.8257931e+001  3.3778881e+001
  2.2000000e-001  3.0923418e+001  3.3740902e+001  3.0231480e+001  3.8295933e+001  3.3806549e+001
  2.2666667e-001  3.1151018e+001  3.3948143e+001  3.0062378e+001  3.8434521e+001  3.3866001e+001
  2.3333333e-001  3.1473907e+001  3.4224735e+001  2.9871901e+001  3.8608173e+001  3.3915058e+001
  2.4000000e-001  3.1810316e+001  3.4500179e+001  2.9710749e+001  3.8777676e+001  3.3886971e+001
  2.4666667e-001  3.2120583e+001  3.4803986e+001  2.9629118e+001  3.8981728e+001  3.3811569e+001
  2.5333333e-001  3.2407162e+001  3.5129971e+001  2.9706829e+001  3.9207993e+001  3.3759113e+001
  2.6000000e-001  3.2671921e+001  3.5424667e+001  2.9894499e+001  3.9459667e+001  3.3781860e+001
  2.6666667e-001  3.2923332e+001  3.5777321e+001  3.0229937e+001  3.9682751e+001  3.3852879e+001
  2.7333333e-001  3.3154076e+001  3.6128838e+001  3.0672369e+001  3.9947376e+001  3.3985409e+001
  2.8000000e-001  3.3435780e+001  3.6518570e+001  3.1258289e+001  4.0219097e+001  3.4205608e+001
  2.8666667e-001  3.3789917e+001  3.6951210e+001  3.1867853e+001  4.0490421e+001  3.4501900e+001
  2.9333333e-001  3.4225121e+001  3.7408710e+001  3.2558559e+001  4.0772659e+001  3.4905426e+001
  3.0000000e-001  3.4741383e+001  3.7873455e+001  3.3264153e+001  4.1056881e+001  3.5409554e+001
  3.0666667e-001  3.5301220e+001  3.8353489e+001  3.3949638e+001  4.1379051e+001  3.5956047e+001
  3.1333333e-001  3.5883827e+001  3.8816910e+001  3.4603130e+001  4.1704254e+001  3.6499908e+001
  3.2000000e-001  3.6491489e+001  3.9347870e+001  3.5187218e+001  4.2077038e+001  3.7149498e+001
  3.2666667e-001  3.7112286e+001  3.9896133e+001  3.5736610e+001  4.2431568e+001  3.7781498e+001
  3.3333333e-001  3.7676250e+001  4.0433460e+001  3.6304573e+001  4.2816124e+001  3.8357983e+001
  3.4000000e-001  3.8143017e+001  4.1014824e+001  3.6944149e+001  4.3249249e+001  3.8906101e+001
  3.4666667e-001  3.8519768e+001  4.1608982e+001  3.7503677e+001  4.3701588e+001  3.9435913e+001
  3.5333333e-001  3.8854565e+001  4.2225735e+001  3.8077091e+001  4.4150696e+001  3.9954296e+001
  3.6000000e-001  3.9139263e+001  4.2866886e+001  3.8669468e+001  4.4625118e+001  4.0448292e+001
  3.6666667e-001  3.9377193e+001  4.3513695e+001  3.9264034e+001  4.5142300e+001  4.0925217e+001
  3.7333333e-001  3.9636143e+001  4.4102657e+001  3.9895992e+001  4.5578117e+001  4.1414860e+001
  3.8000000e-001  3.9898037e+001  4.4709198e+001  4.0519508e+001  4.6054096e+001  4.1870808e+001
  3.8666667e-001  4.0077591e+001  4.5303261e+001  4.1141266e+001  4.6536434e+001  4.2355778e+001
  3.9333333e-001  4.0110958e+001  4.5910919e+001  4.1727089e+001  4.6988594e+001  4.2845421e+001
  4.0000000e-001  4.0111217e+001  4.6534271e+001  4.2335457e+001  4.7429256e+001  4.3370178e+001
  4.0666667e-001  4.0085384e+001  4.7201580e+001  4.2994091e+001  4.7851242e+001  4.3918278e+001
  4.1333333e-001  4.0017456e+001  4.7866676e+001  4.3603985e+001  4.8233166e+001  4.4511635e+001
  4.2000000e-001  3.9968086e+001  4.8521397e+001  4.4214310e+001  4.8601841e+001  4.5081081e+001
  4.2666667e-001  3.9938492e+001  4.9155769e+001  4.4797371e+001  4.8982037e+001  4.5653591e+001
  4.3333333e-001  3.9964081e+001  4.9793629e+001  4.5368656e+001  4.9307537e+001  4.6223656e+001
  4.4000000e-001  4.0085327e+001  5.0424431e+001  4.5968945e+001  4.9684551e+001  4.6761585e+001
  4.4666667e-001  4.0321400e+001  5.1047894e+001  4.6539238e+001  5.0126167e+001  4.7275955e+001
  4.5333333e-001  4.0609829e+001  5.1610279e+001  4.7115292e+001  5.0567204e+001  4.7797386e+001
  4.6000000e-001  4.0951885e+001  5.2175751e+001  4.7668255e+001  5.0956970e+001  4.8312298e+001
  4.6666667e-001  4.1188404e+001  5.2698128e+001  4.8202873e+001  5.1377174e+001  4.8744408e+001
  4.7333333e-001  4.1360916e+001  5.3151524e+001  4.8662373e+001  5.1817146e+001  4.9183281e+001
  4.8000000e-001  4.1419662e+001  5.3610588e+001  4.9213398e+001  5.2176342e+001  4.9629772e+001
  4.8666667e-001  4.1352898e+001  5.4060841e+001  4.9704590e+001  5.2528522e+001  5.0096016e+001
  4.9333333e-001  4.1201878e+001  5.4451355e+001  5.0186844e+001  5.2826870e+001  5.0537285e+001
  5.0000000e-001  4.1040031e+001  5.4823685e+001  5.0663940e+001  5.3103691e+001  5.0952641e+001
  5.0666667e-001  4.0877563e+001  5.5183575e+001  5.1097313e+001  5.3347626e+001  5.1448479e+001
  5.1333333e-001  4.0717697e+001  5.5564857e+001  5.1539719e+001  5.3540813e+001  5.1935650e+001
  5.2000000e-001  4.0619347e+001  5.5926838e+001  5.1961884e+001  5.3698647e+001  5.2362915e+001
  5.2666667e-001  4.0547897e+001  5.6303097e+001  5.2345016e+001  5.3876740e+001  5.2719891e+001
  5.3333333e-001  4.0512722e+001  5.6678719e+001  5.2707584e+001  5.4059219e+001  5.3021896e+001
  5.4000000e-001  4.0508541e+001  5.7013802e+001  5.3040314e+001  5.4157677e+001  5.3306919e+001
  5.4666667e-001  4.0592968e+001  5.7355320e+001  5.3327255e+001  5.4246059e+001  5.3553802e+001
  5.5333333e-001  4.0714142e+001  5.7687893e+001  5.3636284e+001  5.4313225e+001  5.3700726e+001
  5.6000000e-001  4.0991089e+001  5.7993362e+001  5.3906940e+001  5.4359203e+001  5.3830078e+001
  5.6666667e-001  4.1400753e+001  5.8256042e+001  5.4177193e+001  5.4434616e+001  5.3920860e+001
  5.7333333e-001  4.1902771e+001  5.8378223e+001  5.4428452e+001  5.4460663e+001  5.3973804e+001
  5.8000000e-001  4.2478073e+001  5.8539948e+001  5.4655331e+001  5.4471443e+001  5.4064289e+001
  5.8666667e-001  4.3041775e+001  5.8627468e+001  5.4852684e+001  5.4453087e+001  5.4143013e+001
  5.9333333e-001  4.3606850e+001  5.8629791e+001  5.5093266e+001  5.4435062e+001  5.4204689e+001
  6.0000000e-001  4.4118416e+001  5.8613434e+001  5.5313320e+001  5.4425125e+001  5.4324673e+001
  6.0666667e-001  4.4473438e+001  5.8525452e+001  5.5495430e+001  5.4384727e+001  5.4486988e+001
  6.1333333e-001  4.4694054e+001  5.8366585e+001  5.5677654e+001  5.4372181e+001  5.4677917e+001
  6.2000000e-001  4.4810677e+001  5.8186626e+001  5.5871983e+001  5.4396336e+001  5.4896225e+001
  6.2666667e-001  4.4804058e+001  5.7926502e+001  5.6071468e+001  5.4426201e+001  5.5095245e+001
  6.3333333e-001  4.4718197e+001  5.7661392e+001  5.6257317e+001  5.4414955e+001  5.5261669e+001
  6.4000000e-001  4.4616043e+001  5.7437656e+001  5.6436222e+001  5.4437092e+001  5.5391289e+001
  6.4666667e-001  4.4508732e+001  5.7197426e+001  5.6612560e+001  5.4442356e+001  5.5519638e+001
  6.5333333e-001  4.4408779e+001  5.6987450e+001  5.6815445e+001  5.4440601e+001  5.5619957e+001
  6.6000000e-001  4.4369217e+001  5.6775078e+001  5.6973640e+001  5.4424522e+001  5.5732594e+001
  6.6666667e-001  4.4424713e+001  5.6595596e+001  5.7024136e+001  5.4474941e+001  5.5761211e+001
  6.7333333e-001  4.4580261e+001  5.6458965e+001  5.7108616e+001  5.4452709e+001  5.5846493e+001
  6.8000000e-001  4.4863266e+001  5.6381870e+001  5.7190788e+001  5.4363911e+001  5.5893013e+001
  6.8666667e-001  4.5177761e+001  5.6353992e+001  5.7254578e+001  5.4299862e+001  5.5964619e+001
  6.9333333e-001  4.5552094e+001  5.6400990e+001  5.7318901e+001  5.4196239e+001  5.6032928e+001
  7.0000000e-001  4.5946365e+001  5.6422508e+001  5.7390636e+001  5.4059582e+001  5.6123936e+001
  7.0666667e-001  4.6368977e+001  5.6470970e+001  5.7455143e+001  5.3928257e+001  5.6156178e+001
  7.1333333e-001  4.6759525e+001  5.6574505e+001  5.7499859e+001  5.3768581e+001  5.6144737e+001
  7.2000000e-001  4.7176422e+001  5.6615215e+001  5.7550976e+001  5.3643955e+001  5.6102856e+001
  7.2666667e-001  4.7610001e+001  5.6657681e+001  5.7591618e+001  5.3517178e+001  5.6028267e+001
  7.3333333e-001  4.8021832e+001  5.6676338e+001  5.7632359e+001  5.3351021e+001  5.5948189e+001
  7.4000000e-001  4.8463974e+001  5.6728947e+001  5.7643272e+001  5.3199215e+001  5.5828320e+001
  7.4666667e-001  4.8909348e+001  5.6718632e+001  5.7642002e+001  5.3008789e+001  5.5712490e+001
  7.5333333e-001  4.9353737e+001  5.6714760e+001  5.7654022e+001  5.2880127e+001  5.5645447e+001
  7.6000000e-001  4.9776417e+001  5.6729343e+001  5.7682644e+001  5.2815975e+001  5.5547577e+001
  7.6666667e-001  5.0162277e+001  5.6699989e+001  5.7635296e+001  5.2709816e+001  5.5487301e+001
  7.7333333e-001  5.0506649e+001  5.6631092e+001  5.7627434e+001  5.2598804e+001  5.5438576e+001
  7.8000000e-001  5.0802147e+001  5.6512520e+001  5.7682724e+001  5.2518749e+001  5.5388794e+001
  7.8666667e-001  5.0942036e+001  5.6394646e+001  5.7734516e+001  5.2473713e+001  5.5313053e+001
  7.9333333e-001  5.0987778e+001  5.6304188e+001  5.7808460e+001  5.2373421e+001  5.5297684e+001
  8.0000000e-001  5.1054329e+001  5.6093895e+001  5.7855591e+001  5.2310261e+001  5.5281494e+001
  8.0666667e-001  5.1116684e+001  5.5887562e+001  5.7919819e+001  5.2230999e+001  5.5270901e+001
  8.1333333e-001  5.1179920e+001  5.5615097e+001  5.7971813e+001  5.2140198e+001  5.5254951e+001
  8.2000000e-001  5.1236298e+001  5.5336941e+001  5.8014820e+001  5.2105560e+001  5.5198734e+001
  8.2666667e-001  5.1341141e+001  5.5073769e+001  5.8055374e+001  5.1995632e+001  5.5173370e+001
  8.3333333e-001  5.1476257e+001  5.4809532e+001  5.8055904e+001  5.1884365e+001  5.5129551e+001
  8.4000000e-001  5.1584061e+001  5.4556370e+001  5.8001278e+001  5.1745518e+001  5.5098240e+001
  8.4666667e-001  5.1668499e+001  5.4258255e+001  5.7984741e+001  5.1678658e+001  5.5072189e+001
  8.5333333e-001  5.1805927e+001  5.4008717e+001  5.7947102e+001  5.1621044e+001  5.5013271e+001
  8.6000000e-001  5.1911015e+001  5.3755878e+001  5.7898270e+001  5.1455322e+001  5.4913013e+001
  8.6666667e-001  5.2019901e+001  5.3525070e+001  5.7861061e+001  5.1296574e+001  5.4841312e+001
  8.7333333e-001  5.2093380e+001  5.3306118e+001  5.7797466e+001  5.1182011e+001  5.4738487e+001
  8.8000000e-001  5.2166504e+001  5.3054142e+001  5.7754761e+001  5.1052326e+001  5.4645145e+001
  8.8666667e-001  5.2264175e+001  5.2752907e+001  5.7707981e+001  5.0903545e+001  5.4554024e+001
  8.9333333e-001  5.2351368e+001  5.2492004e+001  5.7706192e+001  5.0796398e+001  5.4419128e+001
  9.0000000e-001  5.2422848e+001  5.2197163e+001  5.7665730e+001  5.0719463e+001  5.4304558e+001
  9.0666667e-001  5.2458748e+001  5.1850780e+001  5.7674145e+001  5.0559483e+001  5.4195869e+001
  9.1333333e-001  5.2525806e+001  5.1569775e+001  5.7678249e+001  5.0450203e+001  5.4072540e+001
  9.2000000e-001  5.2619259e+001  5.1271149e+001  5.7666981e+001  5.0346096e+001  5.3967857e+001
  9.2666667e-001  5.2768101e+001  5.0926659e+001  5.7622917e+001  5.0233479e+001  5.3849289e+001
  9.3333333e-001  5.2954906e+001  5.0644295e+001  5.7622086e+001  5.0079983e+001  5.3734367e+001
  9.4000000e-001  5.3134205e+001  5.0311829e+001  5.7662823e+001  4.9952850e+001  5.3667046e+001
  9.4666667e-001  5.3263569e+001  5.0002312e+001  5.7682411e+001  4.9825470e+001  5.3532513e+001
  9.5333333e-001  5.3408649e+001  4.9611786e+001  5.7688114e+001  4.9732288e+001  5.3434551e+001
  9.6000000e-001  5.3537209e+001  4.9315514e+001  5.7699600e+001  4.9645809e+001  5.3334599e+001
  9.6666667e-001  5.3607620e+001  4.9077129e+001  5.7772316e+001  4.9498371e+001  5.3242329e+001
  9.7333333e-001  5.3603584e+001  4.8704357e+001  5.7881420e+001  4.9431736e+001  5.3121338e+001
  9.8000000e-001  5.3542202e+001  4.8389294e+001  5.8004787e+001  4.9341526e+001  5.2992569e+001
  9.8666667e-001  5.3512779e+001  4.8111832e+001  5.8088554e+001  4.9235722e+001  5.2841583e+001
  9.9333333e-001  5.3408417e+001  4.7790501e+001  5.8183109e+001  4.9112087e+001  5.2665905e+001
  1.0000000e+000  5.3218449e+001  4.7514568e+001  5.8270996e+001  4.9050762e+001  5.2516495e+001
  1.0066667e+000  5.2958328e+001  4.7271011e+001  5.8316483e+001  4.8922668e+001  5.2309948e+001
  1.0133333e+000  5.2629131e+001  4.7005905e+001  5.8376530e+001  4.8860466e+001  5.2079071e+001
  1.0200000e+000  5.2313541e+001  4.6767040e+001  5.8433456e+001  4.8759644e+001  5.1932865e+001
  1.0266667e+000  5.2036873e+001  4.6576809e+001  5.8433903e+001  4.8610207e+001  5.1763821e+001
  1.0333333e+000  5.1720196e+001  4.6361816e+001  5.8484928e+001  4.8457458e+001  5.1567467e+001
  1.0400000e+000  5.1427818e+001  4.6152100e+001  5.8541565e+001  4.8366093e+001  5.1386719e+001
  1.0466667e+000  5.1140015e+001  4.5910221e+001  5.8537025e+001  4.8237782e+001  5.1204704e+001
  1.0533333e+000  5.0899605e+001  4.5678173e+001  5.8563866e+001  4.8067867e+001  5.0976772e+001
  1.0600000e+000  5.0687630e+001  4.5439102e+001  5.8573109e+001  4.7953468e+001  5.0757175e+001
  1.0666667e+000  5.0492924e+001  4.5213680e+001  5.8574200e+001  4.7857250e+001  5.0581684e+001
  1.0733333e+000  5.0291252e+001  4.5042549e+001  5.8557938e+001  4.7670238e+001  5.0432976e+001
  1.0800000e+000  5.0116062e+001  4.4828247e+001  5.8586685e+001  4.7445030e+001  5.0140602e+001
  1.0866667e+000  4.9920727e+001  4.4604008e+001  5.8588482e+001  4.7294968e+001  4.9908115e+001
  1.0933333e+000  4.9756729e+001  4.4397305e+001  5.8598312e+001  4.7165215e+001  4.9641140e+001
  1.1000000e+000  4.9595455e+001  4.4223396e+001  5.8645119e+001  4.6995922e+001  4.9382523e+001
  1.1066667e+000  4.9427383e+001  4.4061718e+001  5.8694508e+001  4.6786846e+001  4.9187698e+001
  1.1133333e+000  4.9245903e+001  4.3860405e+001  5.8763641e+001  4.6618504e+001  4.9008430e+001
  1.1200000e+000  4.9066517e+001  4.3689342e+001  5.8807846e+001  4.6422173e+001  4.8753017e+001
  1.1266667e+000  4.8924747e+001  4.3474735e+001  5.8855022e+001  4.6227409e+001  4.8466194e+001
  1.1333333e+000  4.8787056e+001  4.3200851e+001  5.8899120e+001  4.6056759e+001  4.8170200e+001
  1.1400000e+000  4.8575687e+001  4.2937092e+001  5.8937019e+001  4.5873665e+001  4.7878399e+001
  1.1466667e+000  4.8303070e+001  4.2715923e+001  5.9016685e+001  4.5699814e+001  4.7583965e+001
  1.1533333e+000  4.8108440e+001  4.2491852e+001  5.9066269e+001  4.5524189e+001  4.7232452e+001
  1.1600000e+000  4.7918461e+001  4.2194172e+001  5.9111149e+001  4.5327442e+001  4.6875080e+001
  1.1666667e+000  4.7717415e+001  4.1903183e+001  5.9151768e+001  4.5149818e+001  4.6531723e+001
  1.1733333e+000  4.7517296e+001  4.1626671e+001  5.9209270e+001  4.4997639e+001  4.6214226e+001
  1.1800000e+000  4.7350197e+001  4.1317169e+001  5.9228218e+001  4.4815670e+001  4.5854805e+001
  1.1866667e+000  4.7190327e+001  4.0995209e+001  5.9201172e+001  4.4597862e+001  4.5477013e+001
  1.1933333e+000  4.7092327e+001  4.0716034e+001  5.9200569e+001  4.4415642e+001  4.5053257e+001
  1.2000000e+000  4.7062180e+001  4.0467274e+001  5.9210133e+001  4.4261230e+001  4.4658466e+001
  1.2066667e+000  4.7032692e+001  4.0171810e+001  5.9217434e+001  4.4081821e+001  4.4167889e+001
  1.2133333e+000  4.7028057e+001  3.9853695e+001  5.9181126e+001  4.3883339e+001  4.3673088e+001
  1.2200000e+000  4.7049244e+001  3.9617718e+001  5.9202850e+001  4.3692097e+001  4.3199104e+001
  1.2266667e+000  4.7068199e+001  3.9361683e+001  5.9183739e+001  4.3542179e+001  4.2715187e+001
  1.2333333e+000  4.7104866e+001  3.9105427e+001  5.9161427e+001  4.3402416e+001  4.2215378e+001
  1.2400000e+000  4.7149227e+001  3.8823612e+001  5.9159466e+001  4.3239594e+001  4.1718067e+001
  1.2466667e+000  4.7152924e+001  3.8609062e+001  5.9181984e+001  4.3094555e+001  4.1220238e+001
  1.2533333e+000  4.7123390e+001  3.8370598e+001  5.9203663e+001  4.2937904e+001  4.0806728e+001
  1.2600000e+000  4.7090210e+001  3.8157257e+001  5.9207222e+001  4.2748970e+001  4.0398537e+001
  1.2666667e+000  4.7084526e+001  3.7868259e+001  5.9177845e+001  4.2585529e+001  3.9919548e+001
  1.2733333e+000  4.7031631e+001  3.7555794e+001  5.9167347e+001  4.2481445e+001  3.9475910e+001
  1.2800000e+000  4.6958260e+001  3.7239956e+001  5.9182770e+001  4.2354435e+001  3.9035423e+001
  1.2866667e+000  4.6857624e+001  3.7004921e+001  5.9198048e+001  4.2186134e+001  3.8566631e+001
  1.2933333e+000  4.6704407e+001  3.6677616e+001  5.9234886e+001  4.2000256e+001  3.8148483e+001
  1.3000000e+000  4.6567898e+001  3.6407192e+001  5.9253750e+001  4.1812782e+001  3.7686382e+001
  1.3066667e+000  4.6427563e+001  3.6131882e+001  5.9220993e+001  4.1599373e+001  3.7210342e+001
  1.3133333e+000  4.6294857e+001  3.5770126e+001  5.9210987e+001  4.1426575e+001  3.6799706e+001
  1.3200000e+000  4.6194977e+001  3.5419987e+001  5.9183105e+001  4.1189720e+001  3.6339207e+001
  1.3266667e+000  4.6076504e+001  3.5156521e+001  5.9176071e+001  4.0986145e+001  3.5851036e+001
  1.3333333e+000  4.5962006e+001  3.4824852e+001  5.9208870e+001  4.0772427e+001  3.5411549e+001
  1.3400000e+000  4.5849808e+001  3.4416553e+001  5.9187477e+001  4.0604706e+001  3.4937916e+001
  1.3466667e+000  4.5758778e+001  3.4035770e+001  5.9179287e+001  4.0369675e+001  3.4448803e+001
  1.3533333e+000  4.5620712e+001  3.3679619e+001  5.9162388e+001  4.0092743e+001  3.3978394e+001
  1.3600000e+000  4.5543331e+001  3.3368759e+001  5.9119972e+001  3.9848045e+001  3.3501671e+001
  1.3666667e+000  4.5452984e+001  3.2992546e+001  5.9095501e+001  3.9628834e+001  3.3002346e+001
  1.3733333e+000  4.5353085e+001  3.2592747e+001  5.9037903e+001  3.9437473e+001  3.2607716e+001
  1.3800000e+000  4.5241879e+001  3.2263145e+001  5.9020493e+001  3.9302216e+001  3.2207916e+001
  1.3866667e+000  4.5132961e+001  3.1947685e+001  5.8950832e+001  3.9110081e+001  3.1822849e+001
  1.3933333e+000  4.4977654e+001  3.1658501e+001  5.8874901e+001  3.8870358e+001  3.1494576e+001
  1.4000000e+000  4.4802582e+001  3.1361771e+001  5.8805565e+001  3.8721123e+001  3.1055292e+001
  1.4066667e+000  4.4692245e+001  3.1084566e+001  5.8780834e+001  3.8531307e+001  3.0661976e+001
  1.4133333e+000  4.4487469e+001  3.0795889e+001  5.8816521e+001  3.8325027e+001  3.0351244e+001
  1.4200000e+000  4.4215702e+001  3.0491171e+001  5.8795456e+001  3.8160603e+001  3.0075624e+001
  1.4266667e+000  4.4010330e+001  3.0279072e+001  5.8786228e+001  3.8001907e+001  2.9694473e+001
  1.4333333e+000  4.3781078e+001  3.0088667e+001  5.8750843e+001  3.7803421e+001  2.9334208e+001
  1.4400000e+000  4.3559082e+001  2.9854471e+001  5.8732533e+001  3.7658241e+001  2.9079842e+001
  1.4466667e+000  4.3280914e+001  2.9611151e+001  5.8784775e+001  3.7490040e+001  2.8763956e+001
  1.4533333e+000  4.3014400e+001  2.9457535e+001  5.8773220e+001  3.7292343e+001  2.8446102e+001
  1.4600000e+000  4.2841217e+001  2.9249359e+001  5.8756138e+001  3.7117428e+001  2.8107513e+001
  1.4666667e+000  4.2549171e+001  2.9035053e+001  5.8762318e+001  3.6931923e+001  2.7760368e+001
  1.4733333e+000  4.2307911e+001  2.8823320e+001  5.8772106e+001  3.6758438e+001  2.7533007e+001
  1.4800000e+000  4.2090588e+001  2.8638294e+001  5.8736847e+001  3.6559555e+001  2.7302254e+001
  1.4866667e+000  4.1762753e+001  2.8450338e+001  5.8729206e+001  3.6382767e+001  2.7056549e+001
  1.4933333e+000  4.1497890e+001  2.8322903e+001  5.8739258e+001  3.6186970e+001  2.6790461e+001
  1.5000000e+000  4.1270439e+001  2.8185282e+001  5.8785534e+001  3.6086372e+001  2.6572586e+001
  1.5066667e+000  4.0950855e+001  2.7980612e+001  5.8755459e+001  3.5894173e+001  2.6373205e+001
  1.5133333e+000  4.0589500e+001  2.7777363e+001  5.8803543e+001  3.5700424e+001  2.6155663e+001
  1.5200000e+000  4.0304749e+001  2.7599794e+001  5.8858124e+001  3.5520184e+001  2.5981802e+001
  1.5266667e+000  3.9970749e+001  2.7446444e+001  5.8862606e+001  3.5373188e+001  2.5811033e+001
  1.5333333e+000  3.9717133e+001  2.7345697e+001  5.8860420e+001  3.5216091e+001  2.5675808e+001
  1.5400000e+000  3.9405613e+001  2.7136812e+001  5.8872940e+001  3.5118069e+001  2.5543703e+001
  1.5466667e+000  3.9106518e+001  2.6946501e+001  5.8894497e+001  3.4946301e+001  2.5432022e+001
  1.5533333e+000  3.8851467e+001  2.6792852e+001  5.8998123e+001  3.4795601e+001  2.5318247e+001
  1.5600000e+000  3.8533180e+001  2.6681032e+001  5.9042805e+001  3.4617481e+001  2.5122183e+001
  1.5666667e+000  3.8276890e+001  2.6514400e+001  5.9065502e+001  3.4472336e+001  2.5005194e+001
  1.5733333e+000  3.8013695e+001  2.6336580e+001  5.9129795e+001  3.4351318e+001  2.4859589e+001
  1.5800000e+000  3.7722031e+001  2.6179949e+001  5.9161999e+001  3.4213058e+001  2.4707237e+001
  1.5866667e+000  3.7473778e+001  2.6002230e+001  5.9161930e+001  3.4109974e+001  2.4581343e+001
  1.5933333e+000  3.7178757e+001  2.5948681e+001  5.9196861e+001  3.3978249e+001  2.4382505e+001
  1.6000000e+000  3.6848068e+001  2.5888842e+001  5.9196163e+001  3.3851540e+001  2.4222342e+001
  1.6066667e+000  3.6583103e+001  2.5765221e+001  5.9231873e+001  3.3750999e+001  2.4092556e+001
  1.6133333e+000  3.6311718e+001  2.5582222e+001  5.9270687e+001  3.3601967e+001  2.3965765e+001
  1.6200000e+000  3.6051224e+001  2.5518192e+001  5.9299641e+001  3.3437435e+001  2.3845953e+001
  1.6266667e+000  3.5781414e+001  2.5464972e+001  5.9335049e+001  3.3322392e+001  2.3700365e+001
  1.6333333e+000  3.5550770e+001  2.5345053e+001  5.9377422e+001  3.3170567e+001  2.3585079e+001
  1.6400000e+000  3.5354130e+001  2.5256998e+001  5.9387951e+001  3.3052517e+001  2.3468531e+001
  1.6466667e+000  3.5112286e+001  2.5208618e+001  5.9366112e+001  3.2933319e+001  2.3365278e+001
  1.6533333e+000  3.4905087e+001  2.5040489e+001  5.9388836e+001  3.2805408e+001  2.3312597e+001
  1.6600000e+000  3.4730061e+001  2.4930645e+001  5.9409382e+001  3.2679588e+001  2.3267475e+001
  1.6666667e+000  3.4556221e+001  2.4800379e+001  5.9428711e+001  3.2603306e+001  2.3216669e+001
  1.6733333e+000  3.4380783e+001  2.4693256e+001  5.9399738e+001  3.2490982e+001  2.3145283e+001
  1.6800000e+000  3.4196629e+001  2.4563847e+001  5.9414722e+001  3.2350864e+001  2.3042871e+001
  1.6866667e+000  3.3989445e+001  2.4397469e+001  5.9445499e+001  3.2218449e+001  2.2963200e+001
  1.6933333e+000  3.3845821e+001  2.4296658e+001  5.9484241e+001  3.2133133e+001  2.2924583e+001
  1.7000000e+000  3.3714016e+001  2.4183897e+001  5.9486961e+001  3.2030552e+001  2.2876204e+001
  1.7066667e+000  3.3597946e+001  2.4083324e+001  5.9467167e+001  3.1979877e+001  2.2885544e+001
  1.7133333e+000  3.3515121e+001  2.4000328e+001  5.9505127e+001  3.1909374e+001  2.2849943e+001
  1.7200000e+000  3.3483467e+001  2.3842001e+001  5.9498768e+001  3.1849377e+001  2.2828119e+001
  1.7266667e+000  3.3383911e+001  2.3735968e+001  5.9494083e+001  3.1756409e+001  2.2798832e+001
  1.7333333e+000  3.3312408e+001  2.3632608e+001  5.9486515e+001  3.1707821e+001  2.2811190e+001
  1.7400000e+000  3.3281334e+001  2.3522131e+001  5.9491234e+001  3.1661901e+001  2.2887459e+001
  1.7466667e+000  3.3268066e+001  2.3401196e+001  5.9493866e+001  3.1611359e+001  2.2876366e+001
  1.7533333e+000  3.3180027e+001  2.3283379e+001  5.9472820e+001  3.1559914e+001  2.2858759e+001
  1.7600000e+000  3.3102299e+001  2.3187378e+001  5.9449337e+001  3.1488941e+001  2.2905771e+001
  1.7666667e+000  3.3028107e+001  2.3053535e+001  5.9489971e+001  3.1477753e+001  2.2911379e+001
  1.7733333e+000  3.2936249e+001  2.2977768e+001  5.9525986e+001  3.1465996e+001  2.2984615e+001
  1.7800000e+000  3.2882404e+001  2.2866665e+001  5.9571331e+001  3.1392963e+001  2.3031006e+001
  1.7866667e+000  3.2825188e+001  2.2733057e+001  5.9574146e+001  3.1387281e+001  2.3067051e+001
  1.7933333e+000  3.2837070e+001  2.2657740e+001  5.9548416e+001  3.1392191e+001  2.3045704e+001
  1.8000000e+000  3.2832829e+001  2.2546942e+001  5.9502552e+001  3.1393175e+001  2.3106194e+001
  1.8066667e+000  3.2819420e+001  2.2448690e+001  5.9498802e+001  3.1380068e+001  2.3154079e+001
  1.8133333e+000  3.2822811e+001  2.2371134e+001  5.9462536e+001  3.1422937e+001  2.3234406e+001
  1.8200000e+000  3.2826267e+001  2.2377499e+001  5.9434311e+001  3.1393011e+001  2.3251831e+001
  1.8266667e+000  3.2885635e+001  2.2313007e+001  5.9402382e+001  3.1359858e+001  2.3313425e+001
  1.8333333e+000  3.2939224e+001  2.2177504e+001  5.9327721e+001  3.1347710e+001  2.3349596e+001
  1.8400000e+000  3.2967060e+001  2.2122177e+001  5.9285843e+001  3.1338076e+001  2.3340124e+001
  1.8466667e+000  3.2970715e+001  2.2123032e+001  5.9227680e+001  3.1329012e+001  2.3366945e+001
  1.8533333e+000  3.2993736e+001  2.2104244e+001  5.9238438e+001  3.1338758e+001  2.3465763e+001
  1.8600000e+000  3.2983398e+001  2.2071463e+001  5.9236519e+001  3.1294130e+001  2.3550323e+001
  1.8666667e+000  3.3037384e+001  2.2025219e+001  5.9202450e+001  3.1308491e+001  2.3623440e+001
  1.8733333e+000  3.3072620e+001  2.2042067e+001  5.9126858e+001  3.1378918e+001  2.3670000e+001
  1.8800000e+000  3.3077251e+001  2.2068382e+001  5.9073528e+001  3.1450188e+001  2.3745955e+001
  1.8866667e+000  3.3047760e+001  2.2079407e+001  5.9048843e+001  3.1478096e+001  2.3795393e+001
  1.8933333e+000  3.3067665e+001  2.2094793e+001  5.8991291e+001  3.1445169e+001  2.3861689e+001
  1.9000000e+000  3.3071331e+001  2.2136959e+001  5.8975529e+001  3.1432367e+001  2.3979668e+001
  1.9066667e+000  3.3046696e+001  2.2164289e+001  5.8909561e+001  3.1520016e+001  2.4044075e+001
  1.9133333e+000  3.3092957e+001  2.2168325e+001  5.8852325e+001  3.1608009e+001  2.4057835e+001
  1.9200000e+000  3.3159176e+001  2.2199907e+001  5.8825352e+001  3.1636196e+001  2.4123331e+001
  1.9266667e+000  3.3233501e+001  2.2225801e+001  5.8774570e+001  3.1639729e+001  2.4201221e+001
  1.9333333e+000  3.3263233e+001  2.2288960e+001  5.8668606e+001  3.1682970e+001  2.4291897e+001
  1.9400000e+000  3.3347775e+001  2.2410004e+001  5.8603954e+001  3.1700697e+001  2.4342363e+001
  1.9466667e+000  3.3475094e+001  2.2440191e+001  5.8586220e+001  3.1753597e+001  2.4391825e+001
  1.9533333e+000  3.3598228e+001  2.2495306e+001  5.8528923e+001  3.1769714e+001  2.4453398e+001
  1.9600000e+000  3.3715374e+001  2.2554928e+001  5.8495571e+001  3.1784187e+001  2.4481356e+001
  1.9666667e+000  3.3827774e+001  2.2576643e+001  5.8427521e+001  3.1866617e+001  2.4551023e+001
  1.9733333e+000  3.4035080e+001  2.2602175e+001  5.8404102e+001  3.1914141e+001  2.4564508e+001
  1.9800000e+000  3.4240402e+001  2.2612909e+001  5.8416553e+001  3.1964155e+001  2.4600246e+001
  1.9866667e+000  3.4472466e+001  2.2652811e+001  5.8409641e+001  3.1975306e+001  2.4676918e+001
  1.9933333e+000  3.4747261e+001  2.2726698e+001  5.8358665e+001  3.2000427e+001  2.4734375e+001
  2.0000000e+000  3.5060574e+001  2.2687805e+001  5.8338783e+001  3.2023701e+001  2.4775862e+001
