 -5.0000000e-001 -5.1215794e+001 -4.8748005e+001 -4.7417957e+001 -4.8642998e+001 -4.8607353e+001 -4.9120895e+001 -5.0034958e+001
 -4.9333333e-001 -5.1227711e+001 -4.8758583e+001 -4.7409626e+001 -4.8631886e+001 -4.8614170e+001 -4.9144989e+001 -5.0019497e+001
 -4.8666667e-001 -5.1217075e+001 -4.8748264e+001 -4.7359074e+001 -4.8601658e+001 -4.8628937e+001 -4.9124886e+001 -5.0005760e+001
 -4.8000000e-001 -5.1227310e+001 -4.8757366e+001 -4.7374092e+001 -4.8580303e+001 -4.8611534e+001 -4.9094421e+001 -5.0026005e+001
 -4.7333333e-001 -5.1234215e+001 -4.8742489e+001 -4.7354099e+001 -4.8596481e+001 -4.8635365e+001 -4.9116882e+001 -5.0059822e+001
 -4.6666667e-001 -5.1242165e+001 -4.8725204e+001 -4.7308846e+001 -4.8579365e+001 -4.8647072e+001 -4.9111431e+001 -5.0041016e+001
 -4.6000000e-001 -5.1236885e+001 -4.8737366e+001 -4.7281906e+001 -4.8575653e+001 -4.8653103e+001 -4.9115849e+001 -5.0020641e+001
 -4.5333333e-001 -5.1251488e+001 -4.8776207e+001 -4.7308197e+001 -4.8575630e+001 -4.8621975e+001 -4.9091415e+001 -5.0018772e+001
 -4.4666667e-001 -5.1263355e+001 -4.8779106e+001 -4.7301029e+001 -4.8552799e+001 -4.8647736e+001 -4.9070595e+001 -5.0004917e+001
 -4.4000000e-001 -5.1249813e+001 -4.8744434e+001 -4.7273808e+001 -4.8537380e+001 -4.8625771e+001 -4.9070526e+001 -5.0021210e+001
 -4.3333333e-001 -5.1240883e+001 -4.8757820e+001 -4.7253670e+001 -4.8535461e+001 -4.8617287e+001 -4.9027676e+001 -5.0027710e+001
 -4.2666667e-001 -5.1266663e+001 -4.8737755e+001 -4.7261581e+001 -4.8506573e+001 -4.8630203e+001 -4.9023525e+001 -5.0022858e+001
 -4.2000000e-001 -5.1253540e+001 -4.8718872e+001 -4.7245281e+001 -4.8509418e+001 -4.8646748e+001 -4.9020271e+001 -5.0006474e+001
 -4.1333333e-001 -5.1220337e+001 -4.8738297e+001 -4.7276398e+001 -4.8514008e+001 -4.8648468e+001 -4.9016808e+001 -5.0017063e+001
 -4.0666667e-001 -5.1209663e+001 -4.8710197e+001 -4.7291805e+001 -4.8510479e+001 -4.8661484e+001 -4.9012852e+001 -5.0047272e+001
 -4.0000000e-001 -5.1223953e+001 -4.8729454e+001 -4.7301651e+001 -4.8536381e+001 -4.8649975e+001 -4.9019924e+001 -5.0083660e+001
 -3.9333333e-001 -5.1217613e+001 -4.8740799e+001 -4.7308609e+001 -4.8501217e+001 -4.8614079e+001 -4.8997925e+001 -5.0067501e+001
 -3.8666667e-001 -5.1211037e+001 -4.8730675e+001 -4.7317627e+001 -4.8476147e+001 -4.8622025e+001 -4.8998955e+001 -5.0047646e+001
 -3.8000000e-001 -5.1202675e+001 -4.8720497e+001 -4.7321041e+001 -4.8471321e+001 -4.8634274e+001 -4.9012783e+001 -5.0051178e+001
 -3.7333333e-001 -5.1195843e+001 -4.8730835e+001 -4.7311539e+001 -4.8468910e+001 -4.8611965e+001 -4.9005505e+001 -5.0054829e+001
 -3.6666667e-001 -5.1202335e+001 -4.8735340e+001 -4.7301300e+001 -4.8470364e+001 -4.8613174e+001 -4.9016056e+001 -5.0051159e+001
 -3.6000000e-001 -5.1208096e+001 -4.8720970e+001 -4.7321739e+001 -4.8486340e+001 -4.8638927e+001 -4.9045082e+001 -5.0039505e+001
 -3.5333333e-001 -5.1204903e+001 -4.8748260e+001 -4.7351154e+001 -4.8462112e+001 -4.8637676e+001 -4.9051556e+001 -5.0061504e+001
 -3.4666667e-001 -5.1222115e+001 -4.8745155e+001 -4.7377529e+001 -4.8475403e+001 -4.8628590e+001 -4.9059139e+001 -5.0067112e+001
 -3.4000000e-001 -5.1230961e+001 -4.8745110e+001 -4.7356953e+001 -4.8464310e+001 -4.8601494e+001 -4.9046478e+001 -5.0085144e+001
 -3.3333333e-001 -5.1241318e+001 -4.8733410e+001 -4.7358173e+001 -4.8468555e+001 -4.8579262e+001 -4.9058926e+001 -5.0076340e+001
 -3.2666667e-001 -5.1222675e+001 -4.8728359e+001 -4.7368908e+001 -4.8499966e+001 -4.8592724e+001 -4.9067268e+001 -5.0062950e+001
 -3.2000000e-001 -5.1206795e+001 -4.8735840e+001 -4.7364693e+001 -4.8494186e+001 -4.8602848e+001 -4.9052193e+001 -5.0047161e+001
 -3.1333333e-001 -5.1214230e+001 -4.8726894e+001 -4.7368370e+001 -4.8484997e+001 -4.8593468e+001 -4.9081863e+001 -5.0050690e+001
 -3.0666667e-001 -5.1207500e+001 -4.8720951e+001 -4.7365730e+001 -4.8471535e+001 -4.8587524e+001 -4.9066265e+001 -5.0052486e+001
 -3.0000000e-001 -5.1213657e+001 -4.8739010e+001 -4.7368820e+001 -4.8461796e+001 -4.8583317e+001 -4.9092529e+001 -5.0021549e+001
 -2.9333333e-001 -5.1229061e+001 -4.8721149e+001 -4.7358967e+001 -4.8460114e+001 -4.8577728e+001 -4.9102718e+001 -5.0002632e+001
 -2.8666667e-001 -5.1207802e+001 -4.8713352e+001 -4.7363098e+001 -4.8474407e+001 -4.8568596e+001 -4.9089233e+001 -4.9993225e+001
 -2.8000000e-001 -5.1206814e+001 -4.8709106e+001 -4.7383480e+001 -4.8449848e+001 -4.8586075e+001 -4.9100357e+001 -5.0001457e+001
 -2.7333333e-001 -5.1220600e+001 -4.8724926e+001 -4.7402817e+001 -4.8467766e+001 -4.8573307e+001 -4.9110107e+001 -4.9988304e+001
 -2.6666667e-001 -5.1201603e+001 -4.8705963e+001 -4.7424061e+001 -4.8467270e+001 -4.8576759e+001 -4.9123699e+001 -5.0012020e+001
 -2.6000000e-001 -5.1235252e+001 -4.8697124e+001 -4.7432125e+001 -4.8446510e+001 -4.8581905e+001 -4.9147869e+001 -4.9997265e+001
 -2.5333333e-001 -5.1233658e+001 -4.8712376e+001 -4.7449455e+001 -4.8454594e+001 -4.8577827e+001 -4.9164574e+001 -5.0037033e+001
 -2.4666667e-001 -5.1237370e+001 -4.8707199e+001 -4.7478622e+001 -4.8469936e+001 -4.8591946e+001 -4.9187550e+001 -5.0034164e+001
 -2.4000000e-001 -5.1264736e+001 -4.8689640e+001 -4.7501961e+001 -4.8470490e+001 -4.8597584e+001 -4.9203712e+001 -5.0044964e+001
 -2.3333333e-001 -5.1264126e+001 -4.8724190e+001 -4.7511086e+001 -4.8451290e+001 -4.8574116e+001 -4.9226711e+001 -5.0067310e+001
 -2.2666667e-001 -5.1264816e+001 -4.8715900e+001 -4.7519421e+001 -4.8466427e+001 -4.8583176e+001 -4.9280987e+001 -5.0047913e+001
 -2.2000000e-001 -5.1268421e+001 -4.8710148e+001 -4.7521481e+001 -4.8442768e+001 -4.8603725e+001 -4.9334484e+001 -5.0095303e+001
 -2.1333333e-001 -5.1254326e+001 -4.8689842e+001 -4.7541878e+001 -4.8439304e+001 -4.8600319e+001 -4.9363289e+001 -5.0079769e+001
 -2.0666667e-001 -5.1239639e+001 -4.8709187e+001 -4.7579338e+001 -4.8468777e+001 -4.8582180e+001 -4.9380302e+001 -5.0078396e+001
 -2.0000000e-001 -5.1251308e+001 -4.8718754e+001 -4.7574490e+001 -4.8457317e+001 -4.8574963e+001 -4.9415848e+001 -5.0087555e+001
 -1.9333333e-001 -5.1232613e+001 -4.8702850e+001 -4.7591034e+001 -4.8446156e+001 -4.8576950e+001 -4.9442528e+001 -5.0069473e+001
 -1.8666667e-001 -5.1218201e+001 -4.8709656e+001 -4.7597095e+001 -4.8445435e+001 -4.8598366e+001 -4.9460114e+001 -5.0065392e+001
 -1.8000000e-001 -5.1225082e+001 -4.8708691e+001 -4.7574512e+001 -4.8429264e+001 -4.8575706e+001 -4.9501842e+001 -5.0083694e+001
 -1.7333333e-001 -5.1221928e+001 -4.8705219e+001 -4.7560730e+001 -4.8422817e+001 -4.8575073e+001 -4.9513210e+001 -5.0108189e+001
 -1.6666667e-001 -5.1214569e+001 -4.8714027e+001 -4.7590031e+001 -4.8414135e+001 -4.8593224e+001 -4.9545101e+001 -5.0085365e+001
 -1.6000000e-001 -5.1205204e+001 -4.8693748e+001 -4.7604023e+001 -4.8413811e+001 -4.8586468e+001 -4.9562172e+001 -5.0068729e+001
 -1.5333333e-001 -5.1207291e+001 -4.8688351e+001 -4.7612492e+001 -4.8427425e+001 -4.8589684e+001 -4.9580235e+001 -5.0049023e+001
 -1.4666667e-001 -5.1201530e+001 -4.8684582e+001 -4.7620861e+001 -4.8410145e+001 -4.8589867e+001 -4.9569298e+001 -5.0043655e+001
 -1.4000000e-001 -5.1217682e+001 -4.8704475e+001 -4.7603210e+001 -4.8406517e+001 -4.8584183e+001 -4.9583561e+001 -5.0069542e+001
 -1.3333333e-001 -5.1209324e+001 -4.8708355e+001 -4.7621262e+001 -4.8416981e+001 -4.8566444e+001 -4.9612019e+001 -5.0079960e+001
 -1.2666667e-001 -5.1205490e+001 -4.8693169e+001 -4.7614738e+001 -4.8432625e+001 -4.8590019e+001 -4.9627598e+001 -5.0086575e+001
 -1.2000000e-001 -5.1219761e+001 -4.8689045e+001 -4.7650040e+001 -4.8423176e+001 -4.8571579e+001 -4.9625801e+001 -5.0071789e+001
 -1.1333333e-001 -5.1249687e+001 -4.8693729e+001 -4.7689392e+001 -4.8427010e+001 -4.8569813e+001 -4.9600914e+001 -5.0063381e+001
 -1.0666667e-001 -5.1243446e+001 -4.8700260e+001 -4.7687172e+001 -4.8438248e+001 -4.8566807e+001 -4.9583427e+001 -5.0078121e+001
 -1.0000000e-001 -5.1222572e+001 -4.8698750e+001 -4.7673725e+001 -4.8436909e+001 -4.8575432e+001 -4.9569206e+001 -5.0071697e+001
 -9.3333333e-002 -5.1227520e+001 -4.8657192e+001 -4.7695938e+001 -4.8453960e+001 -4.8560509e+001 -4.9574005e+001 -5.0051777e+001
 -8.6666667e-002 -5.1195805e+001 -4.8681942e+001 -4.7686947e+001 -4.8431839e+001 -4.8570793e+001 -4.9543297e+001 -5.0033012e+001
 -8.0000000e-002 -5.1210323e+001 -4.8688248e+001 -4.7702423e+001 -4.8452637e+001 -4.8547787e+001 -4.9565453e+001 -5.0044346e+001
 -7.3333333e-002 -5.1232433e+001 -4.8682896e+001 -4.7722141e+001 -4.8468437e+001 -4.8563629e+001 -4.9548332e+001 -5.0065678e+001
 -6.6666667e-002 -5.1241825e+001 -4.8697044e+001 -4.7721657e+001 -4.8451431e+001 -4.8588688e+001 -4.9534771e+001 -5.0071056e+001
 -6.0000000e-002 -5.1247749e+001 -4.8698521e+001 -4.7733437e+001 -4.8473404e+001 -4.8545143e+001 -4.9521259e+001 -5.0097862e+001
 -5.3333333e-002 -5.1236420e+001 -4.8694405e+001 -4.7743008e+001 -4.8480434e+001 -4.8544849e+001 -4.9519417e+001 -5.0063454e+001
 -4.6666667e-002 -5.1219799e+001 -4.8682644e+001 -4.7726067e+001 -4.8475613e+001 -4.8549126e+001 -4.9537998e+001 -5.0065117e+001
 -4.0000000e-002 -5.1198902e+001 -4.8675198e+001 -4.7675716e+001 -4.8466389e+001 -4.8557308e+001 -4.9540611e+001 -5.0073746e+001
 -3.3333333e-002 -5.1187595e+001 -4.8659466e+001 -4.7718376e+001 -4.8486641e+001 -4.8548420e+001 -4.9532761e+001 -5.0097218e+001
 -2.6666667e-002 -5.1221725e+001 -4.8660492e+001 -4.7710854e+001 -4.8500221e+001 -4.8586742e+001 -4.9526146e+001 -5.0105652e+001
 -2.0000000e-002 -5.1244938e+001 -4.8669502e+001 -4.7715073e+001 -4.8480595e+001 -4.8569824e+001 -4.9538876e+001 -5.0051189e+001
 -1.3333333e-002 -5.1213554e+001 -4.8655872e+001 -4.7728973e+001 -4.8494183e+001 -4.8554779e+001 -4.9531265e+001 -5.0059479e+001
 -6.6666667e-003 -5.1196453e+001 -4.8657471e+001 -4.7726040e+001 -4.8501816e+001 -4.8555668e+001 -4.9543377e+001 -5.0039417e+001
  0.0000000e+000 -5.1209488e+001 -4.8656216e+001 -4.7735565e+001 -4.8493256e+001 -4.8544407e+001 -4.9545856e+001 -5.0035095e+001
  6.6666667e-003 -5.1198009e+001 -4.8668427e+001 -4.7740532e+001 -4.8471546e+001 -4.8570866e+001 -4.9573181e+001 -5.0035088e+001
  1.3333333e-002 -5.1179802e+001 -4.8658909e+001 -4.7737469e+001 -4.8495876e+001 -4.8559822e+001 -4.9551826e+001 -5.0026386e+001
  2.0000000e-002 -5.1201767e+001 -4.8652363e+001 -4.7734364e+001 -4.8507385e+001 -4.8566555e+001 -4.9536724e+001 -5.0017235e+001
  2.6666667e-002 -5.1203167e+001 -4.8643650e+001 -4.7761555e+001 -4.8487492e+001 -4.8568775e+001 -4.9524994e+001 -5.0015579e+001
  3.3333333e-002 -5.1172497e+001 -4.8663086e+001 -4.7726738e+001 -4.8506069e+001 -4.8608704e+001 -4.9516354e+001 -5.0034981e+001
  4.0000000e-002 -5.1169178e+001 -4.8636227e+001 -4.7738274e+001 -4.8475403e+001 -4.8587482e+001 -4.9483784e+001 -5.0061890e+001
  4.6666667e-002 -5.1152805e+001 -4.8596767e+001 -4.7733997e+001 -4.8452084e+001 -4.8541595e+001 -4.9448540e+001 -5.0045448e+001
  5.3333333e-002 -5.1118401e+001 -4.8588959e+001 -4.7726818e+001 -4.8434452e+001 -4.8507179e+001 -4.9427361e+001 -5.0024551e+001
  6.0000000e-002 -5.1086918e+001 -4.8589001e+001 -4.7695339e+001 -4.8397182e+001 -4.8482956e+001 -4.9398125e+001 -5.0019562e+001
  6.6666667e-002 -5.1071041e+001 -4.8593178e+001 -4.7659878e+001 -4.8362499e+001 -4.8442707e+001 -4.9390686e+001 -5.0019211e+001
  7.3333333e-002 -5.1065098e+001 -4.8607178e+001 -4.7638496e+001 -4.8354359e+001 -4.8431873e+001 -4.9351749e+001 -5.0000950e+001
  8.0000000e-002 -5.1071037e+001 -4.8597954e+001 -4.7615860e+001 -4.8370377e+001 -4.8415489e+001 -4.9372066e+001 -5.0009380e+001
  8.6666667e-002 -5.1091171e+001 -4.8605850e+001 -4.7622986e+001 -4.8350094e+001 -4.8408180e+001 -4.9345978e+001 -5.0018364e+001
  9.3333333e-002 -5.1115803e+001 -4.8590843e+001 -4.7621956e+001 -4.8357140e+001 -4.8429863e+001 -4.9338833e+001 -4.9991325e+001
  1.0000000e-001 -5.1108784e+001 -4.8599003e+001 -4.7613632e+001 -4.8364403e+001 -4.8410549e+001 -4.9361969e+001 -5.0008087e+001
  1.0666667e-001 -5.1114464e+001 -4.8612019e+001 -4.7583096e+001 -4.8402157e+001 -4.8396641e+001 -4.9367264e+001 -5.0015980e+001
  1.1333333e-001 -5.1115147e+001 -4.8614349e+001 -4.7583618e+001 -4.8372505e+001 -4.8379032e+001 -4.9299126e+001 -4.9996552e+001
  1.2000000e-001 -5.1105114e+001 -4.8592854e+001 -4.7543022e+001 -4.8371231e+001 -4.8358891e+001 -4.9295162e+001 -4.9980240e+001
  1.2666667e-001 -5.1100548e+001 -4.8566376e+001 -4.7524933e+001 -4.8370224e+001 -4.8348789e+001 -4.9278893e+001 -4.9972111e+001
  1.3333333e-001 -5.1066620e+001 -4.8531353e+001 -4.7497528e+001 -4.8377510e+001 -4.8308365e+001 -4.9302471e+001 -4.9975307e+001
  1.4000000e-001 -5.1055779e+001 -4.8469223e+001 -4.7494602e+001 -4.8336231e+001 -4.8302280e+001 -4.9341568e+001 -4.9980743e+001
  1.4666667e-001 -5.1037884e+001 -4.8382694e+001 -4.7494465e+001 -4.8280254e+001 -4.8259838e+001 -4.9430634e+001 -4.9972248e+001
  1.5333333e-001 -5.1046974e+001 -4.8311974e+001 -4.7459751e+001 -4.8234097e+001 -4.8168652e+001 -4.9469101e+001 -4.9959377e+001
  1.6000000e-001 -5.1096245e+001 -4.8260983e+001 -4.7449898e+001 -4.8173370e+001 -4.8043999e+001 -4.9511330e+001 -4.9920715e+001
  1.6666667e-001 -5.1211349e+001 -4.8209415e+001 -4.7437279e+001 -4.8132576e+001 -4.7934662e+001 -4.9511974e+001 -4.9833366e+001
  1.7333333e-001 -5.1406006e+001 -4.8228924e+001 -4.7316437e+001 -4.8090759e+001 -4.7935261e+001 -4.9475033e+001 -4.9772209e+001
  1.8000000e-001 -5.1699551e+001 -4.8425480e+001 -4.7260983e+001 -4.8035271e+001 -4.8035461e+001 -4.9524380e+001 -4.9683914e+001
  1.8666667e-001 -5.2077019e+001 -4.8817936e+001 -4.7268780e+001 -4.7956867e+001 -4.8259052e+001 -4.9591736e+001 -4.9647812e+001
  1.9333333e-001 -5.2547440e+001 -4.9384148e+001 -4.7353893e+001 -4.7927258e+001 -4.8536541e+001 -4.9602104e+001 -4.9672153e+001
  2.0000000e-001 -5.3098679e+001 -5.0076141e+001 -4.7553951e+001 -4.7943825e+001 -4.8890831e+001 -4.9551468e+001 -4.9787594e+001
  2.0666667e-001 -5.3744152e+001 -5.0842701e+001 -4.7882103e+001 -4.8059235e+001 -4.9365582e+001 -4.9534348e+001 -5.0030212e+001
  2.1333333e-001 -5.4500225e+001 -5.1757797e+001 -4.8340134e+001 -4.8262527e+001 -4.9952705e+001 -4.9542095e+001 -5.0295742e+001
  2.2000000e-001 -5.5391788e+001 -5.2848629e+001 -4.8794399e+001 -4.8574409e+001 -5.0625042e+001 -4.9552361e+001 -5.0685596e+001
  2.2666667e-001 -5.6265434e+001 -5.4041580e+001 -4.9380928e+001 -4.8974079e+001 -5.1370304e+001 -4.9595875e+001 -5.1090298e+001
  2.3333333e-001 -5.6947571e+001 -5.5229885e+001 -5.0012138e+001 -4.9428368e+001 -5.2192337e+001 -4.9586105e+001 -5.1520351e+001
  2.4000000e-001 -5.7322594e+001 -5.6416473e+001 -5.0687836e+001 -4.9882828e+001 -5.2977913e+001 -4.9571587e+001 -5.1947159e+001
  2.4666667e-001 -5.7387291e+001 -5.7522507e+001 -5.1396843e+001 -5.0345543e+001 -5.3566624e+001 -4.9553341e+001 -5.2297604e+001
  2.5333333e-001 -5.7333851e+001 -5.8543110e+001 -5.2049889e+001 -5.0815208e+001 -5.4002422e+001 -4.9569023e+001 -5.2572411e+001
  2.6000000e-001 -5.7207321e+001 -5.9318638e+001 -5.2668839e+001 -5.1251949e+001 -5.4162151e+001 -4.9659637e+001 -5.2686432e+001
  2.6666667e-001 -5.7005943e+001 -5.9759361e+001 -5.3050838e+001 -5.1566269e+001 -5.4009560e+001 -4.9818436e+001 -5.2644085e+001
  2.7333333e-001 -5.6768070e+001 -5.9790577e+001 -5.3215393e+001 -5.1731903e+001 -5.3729740e+001 -5.0015484e+001 -5.2420963e+001
  2.8000000e-001 -5.6353622e+001 -5.9395996e+001 -5.3122150e+001 -5.1744232e+001 -5.3308327e+001 -5.0254848e+001 -5.2084583e+001
  2.8666667e-001 -5.5871655e+001 -5.8646500e+001 -5.2764072e+001 -5.1611187e+001 -5.2758957e+001 -5.0468960e+001 -5.1526230e+001
  2.9333333e-001 -5.5300060e+001 -5.7756824e+001 -5.2215527e+001 -5.1337673e+001 -5.2207397e+001 -5.0595692e+001 -5.0955143e+001
  3.0000000e-001 -5.4690880e+001 -5.6707108e+001 -5.1402336e+001 -5.0995304e+001 -5.1714687e+001 -5.0650501e+001 -5.0337196e+001
  3.0666667e-001 -5.4209747e+001 -5.5360943e+001 -5.0621044e+001 -5.0694530e+001 -5.1382111e+001 -5.0620171e+001 -4.9848835e+001
  3.1333333e-001 -5.4014000e+001 -5.4018173e+001 -5.0145687e+001 -5.0492752e+001 -5.1144138e+001 -5.0575230e+001 -4.9448475e+001
  3.2000000e-001 -5.4211468e+001 -5.3061169e+001 -5.0250061e+001 -5.0450775e+001 -5.1150021e+001 -5.0595615e+001 -4.9369244e+001
  3.2666667e-001 -5.4904644e+001 -5.2851036e+001 -5.0975403e+001 -5.0546936e+001 -5.1391937e+001 -5.0691429e+001 -4.9544964e+001
  3.3333333e-001 -5.5983879e+001 -5.3662994e+001 -5.2098038e+001 -5.0734955e+001 -5.1782318e+001 -5.0870674e+001 -4.9921272e+001
  3.4000000e-001 -5.7218864e+001 -5.5450783e+001 -5.3320007e+001 -5.0928242e+001 -5.2250477e+001 -5.1217842e+001 -5.0476273e+001
  3.4666667e-001 -5.8417633e+001 -5.7308540e+001 -5.4293110e+001 -5.1101109e+001 -5.2834633e+001 -5.1690510e+001 -5.1049614e+001
  3.5333333e-001 -5.9440617e+001 -5.9172287e+001 -5.4901981e+001 -5.1266472e+001 -5.3395638e+001 -5.2244373e+001 -5.1554272e+001
  3.6000000e-001 -6.0221210e+001 -6.0670502e+001 -5.5143417e+001 -5.1424435e+001 -5.3838203e+001 -5.2853458e+001 -5.1968372e+001
  3.6666667e-001 -6.0741390e+001 -6.1555290e+001 -5.5780415e+001 -5.1570797e+001 -5.4165611e+001 -5.3432648e+001 -5.2202564e+001
  3.7333333e-001 -6.1025425e+001 -6.1871830e+001 -5.6068787e+001 -5.1739830e+001 -5.4342781e+001 -5.3950989e+001 -5.2373516e+001
  3.8000000e-001 -6.1258163e+001 -6.1921410e+001 -5.6385887e+001 -5.1942596e+001 -5.4777473e+001 -5.4405663e+001 -5.2543716e+001
  3.8666667e-001 -6.1483624e+001 -6.2136841e+001 -5.6723442e+001 -5.2202175e+001 -5.4862171e+001 -5.4824421e+001 -5.2644878e+001
  3.9333333e-001 -6.2148861e+001 -6.2520649e+001 -5.6971996e+001 -5.2441013e+001 -5.4937481e+001 -5.5202633e+001 -5.2831715e+001
  4.0000000e-001 -6.2338024e+001 -6.2962639e+001 -5.7120171e+001 -5.2587067e+001 -5.4971546e+001 -5.5605595e+001 -5.2944614e+001
  4.0666667e-001 -6.2484661e+001 -6.3276684e+001 -5.7029362e+001 -5.2670918e+001 -5.5092308e+001 -5.5893005e+001 -5.3053104e+001
  4.1333333e-001 -6.2524452e+001 -6.3279762e+001 -5.6883865e+001 -5.2671581e+001 -5.5178257e+001 -5.6181442e+001 -5.2988697e+001
  4.2000000e-001 -6.2487450e+001 -6.3089920e+001 -5.6734280e+001 -5.2685715e+001 -5.5290314e+001 -5.6490185e+001 -5.2827747e+001
  4.2666667e-001 -6.2451351e+001 -6.2809383e+001 -5.6760475e+001 -5.2731113e+001 -5.5522514e+001 -5.6757389e+001 -5.2549973e+001
  4.3333333e-001 -6.2459969e+001 -6.2419167e+001 -5.6828148e+001 -5.2760952e+001 -5.5940510e+001 -5.7102428e+001 -5.2323769e+001
  4.4000000e-001 -6.2526394e+001 -6.2210648e+001 -5.7190308e+001 -5.2879524e+001 -5.6522339e+001 -5.7600456e+001 -5.2382469e+001
  4.4666667e-001 -6.2643066e+001 -6.2146961e+001 -5.7808781e+001 -5.3103535e+001 -5.6800072e+001 -5.8210327e+001 -5.2832069e+001
  4.5333333e-001 -6.2820522e+001 -6.2235050e+001 -5.8502647e+001 -5.3358509e+001 -5.7495037e+001 -5.8925503e+001 -5.3613716e+001
  4.6000000e-001 -6.3026085e+001 -6.2648136e+001 -5.9151836e+001 -5.3778801e+001 -5.8521957e+001 -5.9666130e+001 -5.4593788e+001
  4.6666667e-001 -6.3203957e+001 -6.3275604e+001 -5.9805752e+001 -5.4272190e+001 -5.9069260e+001 -6.0417793e+001 -5.5522873e+001
  4.7333333e-001 -6.3466324e+001 -6.3919964e+001 -6.0292778e+001 -5.4837498e+001 -5.9048538e+001 -6.1167973e+001 -5.6303650e+001
  4.8000000e-001 -6.3815857e+001 -6.4521461e+001 -6.0704941e+001 -5.5379025e+001 -5.9514854e+001 -6.1858379e+001 -5.6675415e+001
  4.8666667e-001 -6.4200340e+001 -6.4961487e+001 -6.0985073e+001 -5.5829472e+001 -5.9481190e+001 -6.2394955e+001 -5.6733261e+001
  4.9333333e-001 -6.4671165e+001 -6.5202499e+001 -6.1300396e+001 -5.6253880e+001 -5.9430267e+001 -6.2869305e+001 -5.6452000e+001
  5.0000000e-001 -6.5099976e+001 -6.5424179e+001 -6.1662777e+001 -5.6715599e+001 -5.9296165e+001 -6.3307693e+001 -5.6007870e+001
  5.0666667e-001 -6.5528915e+001 -6.5569214e+001 -6.2130810e+001 -5.7192490e+001 -5.9215698e+001 -6.3662766e+001 -5.5562088e+001
  5.1333333e-001 -6.5538155e+001 -6.5639542e+001 -6.2620823e+001 -5.7588085e+001 -5.8723896e+001 -6.3939327e+001 -5.5169819e+001
  5.2000000e-001 -6.6112381e+001 -6.5720177e+001 -6.3017292e+001 -5.7949669e+001 -5.8919411e+001 -6.4129356e+001 -5.4915882e+001
  5.2666667e-001 -6.6314278e+001 -6.5837975e+001 -6.3303581e+001 -5.8206047e+001 -5.8741596e+001 -6.4323662e+001 -5.4769154e+001
  5.3333333e-001 -6.6360184e+001 -6.5626511e+001 -6.3483925e+001 -5.8285583e+001 -5.8594090e+001 -6.4555176e+001 -5.4651539e+001
  5.4000000e-001 -6.6337334e+001 -6.5553558e+001 -6.3562138e+001 -5.8255783e+001 -5.8478966e+001 -6.4787056e+001 -5.4518169e+001
  5.4666667e-001 -6.6301445e+001 -6.5608727e+001 -6.3571659e+001 -5.8180016e+001 -5.8367435e+001 -6.5079773e+001 -5.4424503e+001
  5.5333333e-001 -6.6289764e+001 -6.5366188e+001 -6.3614948e+001 -5.8059608e+001 -5.8268059e+001 -6.5344704e+001 -5.4352554e+001
  5.6000000e-001 -6.6293167e+001 -6.5134392e+001 -6.3669193e+001 -5.7925652e+001 -5.8285427e+001 -6.5616302e+001 -5.4342560e+001
  5.6666667e-001 -6.6297646e+001 -6.4975296e+001 -6.3772221e+001 -5.7763721e+001 -5.8404907e+001 -6.5856216e+001 -5.4374523e+001
  5.7333333e-001 -6.6282860e+001 -6.4915367e+001 -6.3964291e+001 -5.7652138e+001 -5.8152615e+001 -6.6067574e+001 -5.4522160e+001
  5.8000000e-001 -6.6284775e+001 -6.4877693e+001 -6.4164238e+001 -5.7567234e+001 -5.8239738e+001 -6.6299789e+001 -5.4788162e+001
  5.8666667e-001 -6.6293961e+001 -6.4630608e+001 -6.4364769e+001 -5.7566719e+001 -5.8326523e+001 -6.6517891e+001 -5.5041157e+001
  5.9333333e-001 -6.6293297e+001 -6.4642044e+001 -6.4592506e+001 -5.7693100e+001 -5.8347801e+001 -6.6790825e+001 -5.5274094e+001
  6.0000000e-001 -6.6352806e+001 -6.4652054e+001 -6.4765640e+001 -5.7891682e+001 -5.8370586e+001 -6.7022224e+001 -5.5478539e+001
  6.0666667e-001 -6.6460518e+001 -6.4692474e+001 -6.4918549e+001 -5.8087097e+001 -5.8384281e+001 -6.7211212e+001 -5.5583500e+001
  6.1333333e-001 -6.6525681e+001 -6.4748627e+001 -6.4726212e+001 -5.8315945e+001 -5.8416355e+001 -6.7382996e+001 -5.5605839e+001
  6.2000000e-001 -6.6576996e+001 -6.4848969e+001 -6.4770966e+001 -5.8495598e+001 -5.8484486e+001 -6.7495476e+001 -5.5538490e+001
  6.2666667e-001 -6.6232285e+001 -6.4940895e+001 -6.4804962e+001 -5.8616997e+001 -5.8567165e+001 -6.7614403e+001 -5.5440800e+001
  6.3333333e-001 -6.6222137e+001 -6.5011955e+001 -6.4863083e+001 -5.8653267e+001 -5.8604725e+001 -6.7678497e+001 -5.5372746e+001
  6.4000000e-001 -6.6515800e+001 -6.5079178e+001 -6.4901360e+001 -5.8680450e+001 -5.8621998e+001 -6.7795593e+001 -5.5329605e+001
  6.4666667e-001 -6.6511711e+001 -6.5173355e+001 -6.4940620e+001 -5.8682350e+001 -5.8644360e+001 -6.7842880e+001 -5.5323475e+001
  6.5333333e-001 -6.6430847e+001 -6.5222061e+001 -6.4983444e+001 -5.8680008e+001 -5.8661362e+001 -6.7912857e+001 -5.5352592e+001
  6.6000000e-001 -6.6056366e+001 -6.5201164e+001 -6.4971535e+001 -5.8691986e+001 -5.8694344e+001 -6.7945953e+001 -5.5401043e+001
  6.6666667e-001 -6.6010628e+001 -6.5146774e+001 -6.4941475e+001 -5.8678551e+001 -5.8720982e+001 -6.7963120e+001 -5.5393021e+001
  6.7333333e-001 -6.5925995e+001 -6.5054230e+001 -6.4882187e+001 -5.8694576e+001 -5.8730625e+001 -6.7992058e+001 -5.5404343e+001
  6.8000000e-001 -6.5787979e+001 -6.4985825e+001 -6.4830627e+001 -5.8737682e+001 -5.8764511e+001 -6.8114990e+001 -5.5410782e+001
  6.8666667e-001 -6.5702019e+001 -6.4924995e+001 -6.4834885e+001 -5.8806927e+001 -5.8758186e+001 -6.8169983e+001 -5.5380455e+001
  6.9333333e-001 -6.5622772e+001 -6.5202087e+001 -6.4801537e+001 -5.8813435e+001 -5.9029404e+001 -6.8197136e+001 -5.5337215e+001
  7.0000000e-001 -6.5936859e+001 -6.5140869e+001 -6.4807373e+001 -5.8823784e+001 -5.9028553e+001 -6.8259552e+001 -5.5260918e+001
  7.0666667e-001 -6.5892197e+001 -6.4765816e+001 -6.4802467e+001 -5.8818005e+001 -5.8631535e+001 -6.8425110e+001 -5.5168606e+001
  7.1333333e-001 -6.5518379e+001 -6.4688370e+001 -6.4752304e+001 -5.8819984e+001 -5.8564018e+001 -6.8529099e+001 -5.5130009e+001
  7.2000000e-001 -6.5470619e+001 -6.4619400e+001 -6.4701195e+001 -5.8841717e+001 -5.8489143e+001 -6.8622437e+001 -5.5136654e+001
  7.2666667e-001 -6.5395645e+001 -6.4587425e+001 -6.4643425e+001 -5.8844109e+001 -5.8462273e+001 -6.8657188e+001 -5.5115814e+001
  7.3333333e-001 -6.5322090e+001 -6.4556885e+001 -6.4595856e+001 -5.8784500e+001 -5.8454815e+001 -6.8736320e+001 -5.5041119e+001
  7.4000000e-001 -6.5295914e+001 -6.4531700e+001 -6.4555229e+001 -5.8676624e+001 -5.8462399e+001 -6.8770119e+001 -5.5006237e+001
  7.4666667e-001 -6.5280884e+001 -6.4519661e+001 -6.4581955e+001 -5.8627983e+001 -5.8503311e+001 -6.8809746e+001 -5.4963425e+001
  7.5333333e-001 -6.5277092e+001 -6.4498444e+001 -6.4568764e+001 -5.8591732e+001 -5.8492355e+001 -6.8851952e+001 -5.4934582e+001
  7.6000000e-001 -6.5244965e+001 -6.4519386e+001 -6.4510025e+001 -5.8529823e+001 -5.8803280e+001 -6.8881142e+001 -5.4941166e+001
  7.6666667e-001 -6.5205101e+001 -6.4563797e+001 -6.4463959e+001 -5.8431072e+001 -5.8824383e+001 -6.8913048e+001 -5.4961117e+001
  7.7333333e-001 -6.5180168e+001 -6.4605652e+001 -6.4394852e+001 -5.8388386e+001 -5.8451118e+001 -6.8924377e+001 -5.5010773e+001
  7.8000000e-001 -6.5173523e+001 -6.4629593e+001 -6.4362144e+001 -5.8382984e+001 -5.8416260e+001 -6.8876892e+001 -5.5093464e+001
  7.8666667e-001 -6.5123856e+001 -6.4639236e+001 -6.4323730e+001 -5.8367191e+001 -5.8412003e+001 -6.8842041e+001 -5.5094727e+001
  7.9333333e-001 -6.5088463e+001 -6.4630859e+001 -6.4269188e+001 -5.8393677e+001 -5.8385689e+001 -6.8753510e+001 -5.5063686e+001
  8.0000000e-001 -6.5055138e+001 -6.4562836e+001 -6.4198471e+001 -5.8397785e+001 -5.8338264e+001 -6.8726387e+001 -5.4991661e+001
  8.0666667e-001 -6.5005135e+001 -6.4445641e+001 -6.4135704e+001 -5.8391724e+001 -5.8286049e+001 -6.8695320e+001 -5.4949745e+001
  8.1333333e-001 -6.4932701e+001 -6.4341690e+001 -6.4054558e+001 -5.8353317e+001 -5.8216789e+001 -6.8707527e+001 -5.4975807e+001
  8.2000000e-001 -6.4873428e+001 -6.4237602e+001 -6.3968273e+001 -5.8301205e+001 -5.8129772e+001 -6.8712357e+001 -5.4983685e+001
  8.2666667e-001 -6.4846458e+001 -6.4167473e+001 -6.3884850e+001 -5.8291111e+001 -5.8101341e+001 -6.8706970e+001 -5.4994221e+001
  8.3333333e-001 -6.4798698e+001 -6.4090538e+001 -6.3814648e+001 -5.8266712e+001 -5.8099579e+001 -6.8737587e+001 -5.4983204e+001
  8.4000000e-001 -6.4702324e+001 -6.4023735e+001 -6.3741123e+001 -5.8246735e+001 -5.8090595e+001 -6.8798706e+001 -5.4947830e+001
  8.4666667e-001 -6.4643074e+001 -6.3940052e+001 -6.3669987e+001 -5.8236248e+001 -5.8115471e+001 -6.8821892e+001 -5.4927517e+001
  8.5333333e-001 -6.4557907e+001 -6.3924809e+001 -6.3624100e+001 -5.8177982e+001 -5.8175739e+001 -6.8834641e+001 -5.4926292e+001
  8.6000000e-001 -6.4470642e+001 -6.3906910e+001 -6.3584282e+001 -5.8135475e+001 -5.8210022e+001 -6.8793213e+001 -5.4937771e+001
  8.6666667e-001 -6.4424179e+001 -6.3885227e+001 -6.3530151e+001 -5.8133442e+001 -5.8250164e+001 -6.8722076e+001 -5.4930447e+001
  8.7333333e-001 -6.4647568e+001 -6.3822308e+001 -6.3505562e+001 -5.8125977e+001 -5.8280865e+001 -6.8738831e+001 -5.4951908e+001
  8.8000000e-001 -6.4604980e+001 -6.3786610e+001 -6.3488754e+001 -5.8139683e+001 -5.8299271e+001 -6.8691971e+001 -5.4946903e+001
  8.8666667e-001 -6.4274567e+001 -6.3716648e+001 -6.3470837e+001 -5.8159588e+001 -5.8259670e+001 -6.8618477e+001 -5.4943741e+001
  8.9333333e-001 -6.4206184e+001 -6.3651672e+001 -6.3437386e+001 -5.8173691e+001 -5.8262989e+001 -6.8566933e+001 -5.4911457e+001
  9.0000000e-001 -6.4167862e+001 -6.3612297e+001 -6.3439507e+001 -5.8165482e+001 -5.8250263e+001 -6.8522926e+001 -5.4908318e+001
  9.0666667e-001 -6.4178688e+001 -6.3562794e+001 -6.3429626e+001 -5.8176422e+001 -5.8190151e+001 -6.8503799e+001 -5.4880859e+001
  9.1333333e-001 -6.4178497e+001 -6.3541428e+001 -6.3403076e+001 -5.8204346e+001 -5.8163651e+001 -6.8519981e+001 -5.4812374e+001
  9.2000000e-001 -6.4513145e+001 -6.3522549e+001 -6.3339260e+001 -5.8232349e+001 -5.8124195e+001 -6.8527519e+001 -5.4788559e+001
  9.2666667e-001 -6.4544937e+001 -6.3498104e+001 -6.3323578e+001 -5.8251427e+001 -5.8085896e+001 -6.8538635e+001 -5.4740639e+001
  9.3333333e-001 -6.4564690e+001 -6.3482681e+001 -6.3283089e+001 -5.8228825e+001 -5.8036694e+001 -6.8560799e+001 -5.4729691e+001
  9.4000000e-001 -6.4224571e+001 -6.3474911e+001 -6.3245953e+001 -5.8203808e+001 -5.8000042e+001 -6.8592438e+001 -5.4735580e+001
  9.4666667e-001 -6.4232887e+001 -6.3467800e+001 -6.3201702e+001 -5.8172039e+001 -5.7947475e+001 -6.8657425e+001 -5.4723919e+001
  9.5333333e-001 -6.4549614e+001 -6.3421120e+001 -6.3214645e+001 -5.8170673e+001 -5.7931179e+001 -6.8672249e+001 -5.4723270e+001
  9.6000000e-001 -6.4541550e+001 -6.3389347e+001 -6.3245354e+001 -5.8156555e+001 -5.7910648e+001 -6.8707092e+001 -5.4732460e+001
  9.6666667e-001 -6.4190575e+001 -6.3312569e+001 -6.3271759e+001 -5.8180325e+001 -5.7827469e+001 -6.8746208e+001 -5.4722179e+001
  9.7333333e-001 -6.4170937e+001 -6.3259670e+001 -6.3310295e+001 -5.8178848e+001 -5.7756306e+001 -6.8788902e+001 -5.4746174e+001
  9.8000000e-001 -6.4157036e+001 -6.3208954e+001 -6.3278152e+001 -5.8165600e+001 -5.7711739e+001 -6.8826828e+001 -5.4726063e+001
  9.8666667e-001 -6.4172302e+001 -6.3172585e+001 -6.3210060e+001 -5.8151546e+001 -5.7703011e+001 -6.8862213e+001 -5.4722488e+001
  9.9333333e-001 -6.4169365e+001 -6.3122875e+001 -6.3168652e+001 -5.8137669e+001 -5.7709641e+001 -6.8845398e+001 -5.4652580e+001
  1.0000000e+000 -6.4166954e+001 -6.3138958e+001 -6.3108646e+001 -5.8152721e+001 -5.7707550e+001 -6.8824059e+001 -5.4595757e+001
  1.0066667e+000 -6.4155174e+001 -6.3134819e+001 -6.3072350e+001 -5.8186600e+001 -5.7740356e+001 -6.8786873e+001 -5.4584385e+001
  1.0133333e+000 -6.4125969e+001 -6.3137394e+001 -6.3038773e+001 -5.8220081e+001 -5.7775135e+001 -6.8802719e+001 -5.4597889e+001
  1.0200000e+000 -6.4104034e+001 -6.3112350e+001 -6.3068970e+001 -5.8232365e+001 -5.7797356e+001 -6.8795525e+001 -5.4602287e+001
  1.0266667e+000 -6.4093994e+001 -6.3090630e+001 -6.3089767e+001 -5.8234127e+001 -5.7788925e+001 -6.8759064e+001 -5.4613342e+001
  1.0333333e+000 -6.4060097e+001 -6.3051197e+001 -6.3091694e+001 -5.8264164e+001 -5.7779083e+001 -6.8732025e+001 -5.4637825e+001
  1.0400000e+000 -6.4002365e+001 -6.3003544e+001 -6.3075676e+001 -5.8296253e+001 -5.7741367e+001 -6.8705124e+001 -5.4669342e+001
  1.0466667e+000 -6.3994114e+001 -6.2934826e+001 -6.3095108e+001 -5.8332302e+001 -5.7690784e+001 -6.8700661e+001 -5.4661789e+001
  1.0533333e+000 -6.3994701e+001 -6.2880322e+001 -6.3082329e+001 -5.8359077e+001 -5.7618355e+001 -6.8654205e+001 -5.4653946e+001
  1.0600000e+000 -6.4370865e+001 -6.2870060e+001 -6.3025761e+001 -5.8337528e+001 -5.7565578e+001 -6.8635406e+001 -5.4622982e+001
  1.0666667e+000 -6.4441063e+001 -6.2875008e+001 -6.2997875e+001 -5.8322182e+001 -5.7539490e+001 -6.8588875e+001 -5.4577888e+001
  1.0733333e+000 -6.4519363e+001 -6.2876408e+001 -6.3013401e+001 -5.8330452e+001 -5.7540840e+001 -6.8570343e+001 -5.4565903e+001
  1.0800000e+000 -6.4236511e+001 -6.2896858e+001 -6.3058952e+001 -5.8320820e+001 -5.7522583e+001 -6.8539825e+001 -5.4534569e+001
  1.0866667e+000 -6.4550995e+001 -6.2892227e+001 -6.3061039e+001 -5.8301636e+001 -5.7497871e+001 -6.8527351e+001 -5.4487648e+001
  1.0933333e+000 -6.4492073e+001 -6.2881378e+001 -6.3059292e+001 -5.8295837e+001 -5.7464760e+001 -6.8518669e+001 -5.4442284e+001
  1.1000000e+000 -6.4126656e+001 -6.2892689e+001 -6.3068512e+001 -5.8281235e+001 -5.7432526e+001 -6.8519646e+001 -5.4465519e+001
  1.1066667e+000 -6.4088364e+001 -6.2873955e+001 -6.3017872e+001 -5.8285503e+001 -5.7399006e+001 -6.8470909e+001 -5.4469761e+001
  1.1133333e+000 -6.4370461e+001 -6.2884926e+001 -6.2996517e+001 -5.8280899e+001 -5.7396130e+001 -6.8478302e+001 -5.4474167e+001
  1.1200000e+000 -6.4371872e+001 -6.2852509e+001 -6.2979271e+001 -5.8300835e+001 -5.7388985e+001 -6.8460419e+001 -5.4455612e+001
  1.1266667e+000 -6.4122192e+001 -6.2844025e+001 -6.2970951e+001 -5.8331825e+001 -5.7397114e+001 -6.8430786e+001 -5.4430016e+001
  1.1333333e+000 -6.4181160e+001 -6.2846806e+001 -6.2988010e+001 -5.8329357e+001 -5.7389736e+001 -6.8367142e+001 -5.4391579e+001
  1.1400000e+000 -6.4467842e+001 -6.2835850e+001 -6.2965649e+001 -5.8302849e+001 -5.7344978e+001 -6.8322189e+001 -5.4338600e+001
  1.1466667e+000 -6.4463364e+001 -6.2828197e+001 -6.2908066e+001 -5.8310017e+001 -5.7285954e+001 -6.8269287e+001 -5.4328529e+001
  1.1533333e+000 -6.4188637e+001 -6.2876633e+001 -6.2903748e+001 -5.8333763e+001 -5.7229061e+001 -6.8247070e+001 -5.4303402e+001
  1.1600000e+000 -6.4234497e+001 -6.2885872e+001 -6.2880894e+001 -5.8347050e+001 -5.7202103e+001 -6.8225746e+001 -5.4286121e+001
  1.1666667e+000 -6.4240631e+001 -6.2888729e+001 -6.2850590e+001 -5.8379669e+001 -5.7176476e+001 -6.8206642e+001 -5.4272827e+001
  1.1733333e+000 -6.4270401e+001 -6.2865383e+001 -6.2846886e+001 -5.8368073e+001 -5.7097717e+001 -6.8132965e+001 -5.4238159e+001
  1.1800000e+000 -6.4303474e+001 -6.2831390e+001 -6.2815582e+001 -5.8376461e+001 -5.7037514e+001 -6.8089050e+001 -5.4255600e+001
  1.1866667e+000 -6.4286919e+001 -6.2811287e+001 -6.2750751e+001 -5.8348354e+001 -5.6956356e+001 -6.8029289e+001 -5.4252563e+001
  1.1933333e+000 -6.4225685e+001 -6.2797848e+001 -6.2705647e+001 -5.8365116e+001 -5.6925896e+001 -6.7989059e+001 -5.4253582e+001
  1.2000000e+000 -6.4185844e+001 -6.2821732e+001 -6.2633076e+001 -5.8411129e+001 -5.6913414e+001 -6.7955872e+001 -5.4243599e+001
  1.2066667e+000 -6.4178101e+001 -6.2828808e+001 -6.2548359e+001 -5.8398384e+001 -5.6839321e+001 -6.7926292e+001 -5.4203720e+001
  1.2133333e+000 -6.4166840e+001 -6.2837032e+001 -6.2467777e+001 -5.8406349e+001 -5.6796646e+001 -6.7901558e+001 -5.4204334e+001
  1.2200000e+000 -6.4150955e+001 -6.2819286e+001 -6.2372852e+001 -5.8455246e+001 -5.6786140e+001 -6.7851547e+001 -5.4189564e+001
  1.2266667e+000 -6.4123932e+001 -6.2806644e+001 -6.2308525e+001 -5.8526951e+001 -5.6744236e+001 -6.7778084e+001 -5.4120655e+001
  1.2333333e+000 -6.4144661e+001 -6.2790306e+001 -6.2237736e+001 -5.8527569e+001 -5.6745754e+001 -6.7732285e+001 -5.4084541e+001
  1.2400000e+000 -6.4155518e+001 -6.2771400e+001 -6.2141186e+001 -5.8519478e+001 -5.6734173e+001 -6.7675018e+001 -5.4048435e+001
  1.2466667e+000 -6.4192451e+001 -6.2770859e+001 -6.2037926e+001 -5.8512039e+001 -5.6714462e+001 -6.7648834e+001 -5.4032543e+001
  1.2533333e+000 -6.4198807e+001 -6.2762363e+001 -6.1946339e+001 -5.8560398e+001 -5.6680943e+001 -6.7620613e+001 -5.3989712e+001
  1.2600000e+000 -6.4215424e+001 -6.2746727e+001 -6.1833614e+001 -5.8586029e+001 -5.6650940e+001 -6.7586494e+001 -5.3940948e+001
  1.2666667e+000 -6.4176575e+001 -6.2731991e+001 -6.1709652e+001 -5.8578224e+001 -5.6645592e+001 -6.7544151e+001 -5.3903973e+001
  1.2733333e+000 -6.4095512e+001 -6.2688469e+001 -6.1616413e+001 -5.8586380e+001 -5.6616581e+001 -6.7502785e+001 -5.3848396e+001
  1.2800000e+000 -6.4045570e+001 -6.2665497e+001 -6.1513149e+001 -5.8549858e+001 -5.6580471e+001 -6.7438774e+001 -5.3801422e+001
  1.2866667e+000 -6.4043266e+001 -6.2649120e+001 -6.1450256e+001 -5.8541729e+001 -5.6529453e+001 -6.7382545e+001 -5.3728493e+001
  1.2933333e+000 -6.4059013e+001 -6.2631210e+001 -6.1323883e+001 -5.8534203e+001 -5.6465561e+001 -6.7331398e+001 -5.3679157e+001
  1.3000000e+000 -6.4096291e+001 -6.2621601e+001 -6.1205395e+001 -5.8531620e+001 -5.6414539e+001 -6.7240532e+001 -5.3628902e+001
  1.3066667e+000 -6.4108185e+001 -6.2641354e+001 -6.1077240e+001 -5.8552063e+001 -5.6363018e+001 -6.7155952e+001 -5.3603897e+001
  1.3133333e+000 -6.4104774e+001 -6.2640869e+001 -6.0936886e+001 -5.8549393e+001 -5.6299461e+001 -6.7083443e+001 -5.3579449e+001
  1.3200000e+000 -6.4110893e+001 -6.2610760e+001 -6.0832546e+001 -5.8508308e+001 -5.6229191e+001 -6.7001747e+001 -5.3524151e+001
  1.3266667e+000 -6.4108070e+001 -6.2577435e+001 -6.0739029e+001 -5.8482162e+001 -5.6142166e+001 -6.6893539e+001 -5.3507336e+001
  1.3333333e+000 -6.4084244e+001 -6.2530575e+001 -6.0598007e+001 -5.8464455e+001 -5.6066734e+001 -6.6780960e+001 -5.3441021e+001
  1.3400000e+000 -6.4045158e+001 -6.2464737e+001 -6.0451233e+001 -5.8441895e+001 -5.5983585e+001 -6.6681122e+001 -5.3400078e+001
  1.3466667e+000 -6.4007164e+001 -6.2469780e+001 -6.0288147e+001 -5.8416306e+001 -5.5877857e+001 -6.6563759e+001 -5.3331932e+001
  1.3533333e+000 -6.3939968e+001 -6.2469322e+001 -6.0139729e+001 -5.8410145e+001 -5.5774422e+001 -6.6476585e+001 -5.3272106e+001
  1.3600000e+000 -6.3939068e+001 -6.2412601e+001 -5.9973427e+001 -5.8407482e+001 -5.5678772e+001 -6.6384544e+001 -5.3248608e+001
  1.3666667e+000 -6.3946587e+001 -6.2381279e+001 -5.9778839e+001 -5.8396576e+001 -5.5607807e+001 -6.6316032e+001 -5.3167778e+001
  1.3733333e+000 -6.3945885e+001 -6.2300484e+001 -5.9618603e+001 -5.8402081e+001 -5.5513893e+001 -6.6172173e+001 -5.3119793e+001
  1.3800000e+000 -6.3937519e+001 -6.2216419e+001 -5.9472240e+001 -5.8407448e+001 -5.5436676e+001 -6.6031403e+001 -5.3069878e+001
  1.3866667e+000 -6.4020927e+001 -6.2205505e+001 -5.9283699e+001 -5.8400360e+001 -5.5353901e+001 -6.5926743e+001 -5.2993332e+001
  1.3933333e+000 -6.4061096e+001 -6.2208416e+001 -5.9129742e+001 -5.8387100e+001 -5.5254414e+001 -6.5791847e+001 -5.2963341e+001
  1.4000000e+000 -6.4092560e+001 -6.2205677e+001 -5.8988388e+001 -5.8397919e+001 -5.5207397e+001 -6.5660866e+001 -5.2896996e+001
  1.4066667e+000 -6.4109718e+001 -6.2213871e+001 -5.8825462e+001 -5.8388439e+001 -5.5172318e+001 -6.5575958e+001 -5.2864666e+001
  1.4133333e+000 -6.4101936e+001 -6.2174503e+001 -5.8673954e+001 -5.8395046e+001 -5.5097363e+001 -6.5467865e+001 -5.2835945e+001
  1.4200000e+000 -6.4104118e+001 -6.2127361e+001 -5.8516327e+001 -5.8406219e+001 -5.5005539e+001 -6.5346954e+001 -5.2801529e+001
  1.4266667e+000 -6.4385658e+001 -6.2075958e+001 -5.8320213e+001 -5.8385891e+001 -5.4915512e+001 -6.5213097e+001 -5.2729481e+001
  1.4333333e+000 -6.4408203e+001 -6.2051273e+001 -5.8136871e+001 -5.8369255e+001 -5.4824928e+001 -6.5103523e+001 -5.2663841e+001
  1.4400000e+000 -6.4093788e+001 -6.2004765e+001 -5.7957436e+001 -5.8344597e+001 -5.4726654e+001 -6.4981270e+001 -5.2593761e+001
  1.4466667e+000 -6.4078331e+001 -6.1959244e+001 -5.7781986e+001 -5.8316765e+001 -5.4641685e+001 -6.4860260e+001 -5.2511692e+001
  1.4533333e+000 -6.4101158e+001 -6.1892464e+001 -5.7578987e+001 -5.8302372e+001 -5.4565166e+001 -6.4748001e+001 -5.2452225e+001
  1.4600000e+000 -6.4108536e+001 -6.1835869e+001 -5.7341084e+001 -5.8299244e+001 -5.4501690e+001 -6.4646698e+001 -5.2415680e+001
  1.4666667e+000 -6.4099785e+001 -6.1767845e+001 -5.7103416e+001 -5.8298153e+001 -5.4446774e+001 -6.4511131e+001 -5.2375870e+001
  1.4733333e+000 -6.4108925e+001 -6.1724693e+001 -5.6902271e+001 -5.8304413e+001 -5.4413467e+001 -6.4374779e+001 -5.2306194e+001
  1.4800000e+000 -6.4122932e+001 -6.1663857e+001 -5.6724545e+001 -5.8313129e+001 -5.4348125e+001 -6.4196587e+001 -5.2254932e+001
  1.4866667e+000 -6.4379517e+001 -6.1571198e+001 -5.6495564e+001 -5.8314346e+001 -5.4269569e+001 -6.4022224e+001 -5.2192883e+001
  1.4933333e+000 -6.4365913e+001 -6.1527943e+001 -5.6265820e+001 -5.8289402e+001 -5.4221451e+001 -6.3877823e+001 -5.2153709e+001
  1.5000000e+000 -6.4036171e+001 -6.1501553e+001 -5.6066105e+001 -5.8286396e+001 -5.4131897e+001 -6.3689426e+001 -5.2075550e+001
  1.5066667e+000 -6.4014099e+001 -6.1414104e+001 -5.5799969e+001 -5.8296200e+001 -5.4075569e+001 -6.3523937e+001 -5.2010532e+001
  1.5133333e+000 -6.3985836e+001 -6.1290562e+001 -5.5552105e+001 -5.8336613e+001 -5.4010002e+001 -6.3356945e+001 -5.1914898e+001
  1.5200000e+000 -6.3954681e+001 -6.1176044e+001 -5.5328949e+001 -5.8347664e+001 -5.3914371e+001 -6.3159832e+001 -5.1838898e+001
  1.5266667e+000 -6.3971142e+001 -6.1114819e+001 -5.5114326e+001 -5.8363174e+001 -5.3837051e+001 -6.2988270e+001 -5.1753971e+001
  1.5333333e+000 -6.3984863e+001 -6.1049118e+001 -5.4921024e+001 -5.8339256e+001 -5.3747169e+001 -6.2819695e+001 -5.1668247e+001
  1.5400000e+000 -6.4279099e+001 -6.0926960e+001 -5.4740257e+001 -5.8328506e+001 -5.3687302e+001 -6.2661228e+001 -5.1612350e+001
  1.5466667e+000 -6.4261261e+001 -6.0823879e+001 -5.4554707e+001 -5.8310276e+001 -5.3614601e+001 -6.2473663e+001 -5.1535530e+001
  1.5533333e+000 -6.4311256e+001 -6.0694073e+001 -5.4385788e+001 -5.8296852e+001 -5.3569599e+001 -6.2249588e+001 -5.1522488e+001
  1.5600000e+000 -6.4259544e+001 -6.0567551e+001 -5.4221176e+001 -5.8292442e+001 -5.3539608e+001 -6.2028915e+001 -5.1493160e+001
  1.5666667e+000 -6.3905724e+001 -6.0419163e+001 -5.4048611e+001 -5.8272137e+001 -5.3473656e+001 -6.1812866e+001 -5.1450603e+001
  1.5733333e+000 -6.3897541e+001 -6.0315434e+001 -5.3860226e+001 -5.8229275e+001 -5.3421722e+001 -6.1549015e+001 -5.1394386e+001
  1.5800000e+000 -6.3892567e+001 -6.0191200e+001 -5.3681667e+001 -5.8203136e+001 -5.3348785e+001 -6.1295498e+001 -5.1352058e+001
  1.5866667e+000 -6.3875759e+001 -6.0060280e+001 -5.3462700e+001 -5.8178493e+001 -5.3303295e+001 -6.1091255e+001 -5.1317474e+001
  1.5933333e+000 -6.4162262e+001 -5.9912212e+001 -5.3276745e+001 -5.8146202e+001 -5.3260941e+001 -6.0865570e+001 -5.1297211e+001
  1.6000000e+000 -6.4136414e+001 -5.9799160e+001 -5.3111092e+001 -5.8152824e+001 -5.3256603e+001 -6.0639698e+001 -5.1272583e+001
  1.6066667e+000 -6.4145493e+001 -5.9610729e+001 -5.2915882e+001 -5.8165401e+001 -5.3203209e+001 -6.0427326e+001 -5.1237961e+001
  1.6133333e+000 -6.4118271e+001 -5.9442646e+001 -5.2712009e+001 -5.8170467e+001 -5.3169014e+001 -6.0251553e+001 -5.1217346e+001
  1.6200000e+000 -6.4151176e+001 -5.9313480e+001 -5.2529572e+001 -5.8135895e+001 -5.3140396e+001 -6.0072361e+001 -5.1216984e+001
  1.6266667e+000 -6.4172798e+001 -5.9172001e+001 -5.2370209e+001 -5.8113136e+001 -5.3128845e+001 -5.9850441e+001 -5.1191788e+001
  1.6333333e+000 -6.4163101e+001 -5.9032471e+001 -5.2181431e+001 -5.8119823e+001 -5.3142887e+001 -5.9659100e+001 -5.1154308e+001
  1.6400000e+000 -6.4142906e+001 -5.8889980e+001 -5.2016270e+001 -5.8124588e+001 -5.3142529e+001 -5.9432045e+001 -5.1129757e+001
  1.6466667e+000 -6.3793285e+001 -5.8761600e+001 -5.1855236e+001 -5.8140682e+001 -5.3149967e+001 -5.9204716e+001 -5.1089161e+001
  1.6533333e+000 -6.3790150e+001 -5.8580437e+001 -5.1693401e+001 -5.8165405e+001 -5.3167694e+001 -5.8961628e+001 -5.1038391e+001
  1.6600000e+000 -6.4060432e+001 -5.8399914e+001 -5.1533413e+001 -5.8160713e+001 -5.3142254e+001 -5.8717785e+001 -5.0975113e+001
  1.6666667e+000 -6.4024437e+001 -5.8221489e+001 -5.1382671e+001 -5.8135826e+001 -5.3136444e+001 -5.8507435e+001 -5.0919399e+001
  1.6733333e+000 -6.3975754e+001 -5.8036713e+001 -5.1231594e+001 -5.8106880e+001 -5.3125820e+001 -5.8230083e+001 -5.0864990e+001
  1.6800000e+000 -6.3973873e+001 -5.7842960e+001 -5.1093880e+001 -5.8068935e+001 -5.3076332e+001 -5.7986763e+001 -5.0804577e+001
  1.6866667e+000 -6.3971718e+001 -5.7655067e+001 -5.0962044e+001 -5.8094707e+001 -5.3048378e+001 -5.7757755e+001 -5.0749786e+001
  1.6933333e+000 -6.3963535e+001 -5.7457684e+001 -5.0834248e+001 -5.8098103e+001 -5.3010391e+001 -5.7541969e+001 -5.0712246e+001
  1.7000000e+000 -6.3637844e+001 -5.7271439e+001 -5.0718464e+001 -5.8109344e+001 -5.2989319e+001 -5.7333019e+001 -5.0683971e+001
  1.7066667e+000 -6.3632133e+001 -5.7106621e+001 -5.0550194e+001 -5.8065807e+001 -5.2947968e+001 -5.7117420e+001 -5.0615242e+001
  1.7133333e+000 -6.3648991e+001 -5.6925098e+001 -5.0409107e+001 -5.8032066e+001 -5.2929298e+001 -5.6861588e+001 -5.0576775e+001
  1.7200000e+000 -6.3632046e+001 -5.6736366e+001 -5.0323135e+001 -5.8019875e+001 -5.2895229e+001 -5.6629490e+001 -5.0570068e+001
  1.7266667e+000 -6.3868641e+001 -5.6564583e+001 -5.0270634e+001 -5.8008709e+001 -5.2859406e+001 -5.6432449e+001 -5.0551712e+001
  1.7333333e+000 -6.3874428e+001 -5.6383698e+001 -5.0194294e+001 -5.8014534e+001 -5.2831413e+001 -5.6237682e+001 -5.0506657e+001
  1.7400000e+000 -6.3865185e+001 -5.6233459e+001 -5.0125797e+001 -5.8014740e+001 -5.2815441e+001 -5.6048798e+001 -5.0479267e+001
  1.7466667e+000 -6.3559769e+001 -5.6090191e+001 -5.0074387e+001 -5.7962872e+001 -5.2827213e+001 -5.5883884e+001 -5.0470833e+001
  1.7533333e+000 -6.3566769e+001 -5.5967346e+001 -4.9998875e+001 -5.7932915e+001 -5.2812317e+001 -5.5709442e+001 -5.0471062e+001
  1.7600000e+000 -6.3574440e+001 -5.5839046e+001 -4.9934006e+001 -5.7927429e+001 -5.2825191e+001 -5.5593151e+001 -5.0471180e+001
  1.7666667e+000 -6.3557869e+001 -5.5680527e+001 -4.9862919e+001 -5.7910278e+001 -5.2837566e+001 -5.5423061e+001 -5.0470749e+001
  1.7733333e+000 -6.3802246e+001 -5.5544273e+001 -4.9786160e+001 -5.7873177e+001 -5.2808670e+001 -5.5264828e+001 -5.0470886e+001
  1.7800000e+000 -6.3802280e+001 -5.5402660e+001 -4.9688179e+001 -5.7832394e+001 -5.2765884e+001 -5.5106060e+001 -5.0459690e+001
  1.7866667e+000 -6.3800560e+001 -5.5197964e+001 -4.9581573e+001 -5.7826023e+001 -5.2752354e+001 -5.4946049e+001 -5.0431309e+001
  1.7933333e+000 -6.3564171e+001 -5.5024933e+001 -4.9501205e+001 -5.7820953e+001 -5.2731083e+001 -5.4768909e+001 -5.0405746e+001
  1.8000000e+000 -6.3564049e+001 -5.4894165e+001 -4.9453415e+001 -5.7777336e+001 -5.2741268e+001 -5.4639935e+001 -5.0379147e+001
  1.8066667e+000 -6.3550354e+001 -5.4726086e+001 -4.9395599e+001 -5.7742222e+001 -5.2746868e+001 -5.4537529e+001 -5.0356461e+001
  1.8133333e+000 -6.3554234e+001 -5.4560165e+001 -4.9398544e+001 -5.7728638e+001 -5.2744270e+001 -5.4429695e+001 -5.0326141e+001
  1.8200000e+000 -6.3822708e+001 -5.4398811e+001 -4.9355915e+001 -5.7689022e+001 -5.2721237e+001 -5.4351414e+001 -5.0293095e+001
  1.8266667e+000 -6.3850510e+001 -5.4235310e+001 -4.9323963e+001 -5.7674603e+001 -5.2710876e+001 -5.4263115e+001 -5.0281193e+001
  1.8333333e+000 -6.3574253e+001 -5.4089977e+001 -4.9278790e+001 -5.7622105e+001 -5.2695831e+001 -5.4196159e+001 -5.0264980e+001
  1.8400000e+000 -6.3572334e+001 -5.3935101e+001 -4.9249771e+001 -5.7583576e+001 -5.2684315e+001 -5.4108822e+001 -5.0250145e+001
  1.8466667e+000 -6.3590347e+001 -5.3767265e+001 -4.9199005e+001 -5.7561024e+001 -5.2670757e+001 -5.3989754e+001 -5.0243477e+001
  1.8533333e+000 -6.3569836e+001 -5.3600174e+001 -4.9179733e+001 -5.7545395e+001 -5.2656704e+001 -5.3883293e+001 -5.0217255e+001
  1.8600000e+000 -6.3564125e+001 -5.3432201e+001 -4.9171070e+001 -5.7504326e+001 -5.2658287e+001 -5.3790966e+001 -5.0212849e+001
  1.8666667e+000 -6.3575825e+001 -5.3250893e+001 -4.9179829e+001 -5.7487225e+001 -5.2645611e+001 -5.3653095e+001 -5.0263210e+001
  1.8733333e+000 -6.3582314e+001 -5.3052696e+001 -4.9149231e+001 -5.7450626e+001 -5.2656845e+001 -5.3507298e+001 -5.0292751e+001
  1.8800000e+000 -6.3597885e+001 -5.2872253e+001 -4.9109268e+001 -5.7415710e+001 -5.2622101e+001 -5.3380287e+001 -5.0274887e+001
  1.8866667e+000 -6.3575314e+001 -5.2709637e+001 -4.9082012e+001 -5.7395535e+001 -5.2616886e+001 -5.3286831e+001 -5.0301807e+001
  1.8933333e+000 -6.3546730e+001 -5.2571533e+001 -4.9048927e+001 -5.7387783e+001 -5.2604580e+001 -5.3160374e+001 -5.0299473e+001
  1.9000000e+000 -6.3549767e+001 -5.2408897e+001 -4.9034435e+001 -5.7365093e+001 -5.2633797e+001 -5.3047062e+001 -5.0300488e+001
  1.9066667e+000 -6.3567642e+001 -5.2237431e+001 -4.9010448e+001 -5.7352219e+001 -5.2663174e+001 -5.2968067e+001 -5.0324055e+001
  1.9133333e+000 -6.3581940e+001 -5.2078320e+001 -4.8936348e+001 -5.7310143e+001 -5.2633945e+001 -5.2890564e+001 -5.0342869e+001
  1.9200000e+000 -6.3880917e+001 -5.1925381e+001 -4.8881687e+001 -5.7285740e+001 -5.2601070e+001 -5.2761627e+001 -5.0358601e+001
  1.9266667e+000 -6.3838623e+001 -5.1772945e+001 -4.8844051e+001 -5.7296776e+001 -5.2558575e+001 -5.2679890e+001 -5.0330006e+001
  1.9333333e+000 -6.3555370e+001 -5.1601074e+001 -4.8772446e+001 -5.7311928e+001 -5.2533405e+001 -5.2579159e+001 -5.0322014e+001
  1.9400000e+000 -6.3568409e+001 -5.1453178e+001 -4.8721786e+001 -5.7281063e+001 -5.2530251e+001 -5.2473812e+001 -5.0331333e+001
  1.9466667e+000 -6.3561611e+001 -5.1305275e+001 -4.8707058e+001 -5.7251900e+001 -5.2488354e+001 -5.2400887e+001 -5.0327141e+001
  1.9533333e+000 -6.3545910e+001 -5.1172150e+001 -4.8657677e+001 -5.7225281e+001 -5.2440578e+001 -5.2293270e+001 -5.0342327e+001
  1.9600000e+000 -6.3538151e+001 -5.1034981e+001 -4.8630737e+001 -5.7202820e+001 -5.2401901e+001 -5.2208168e+001 -5.0338955e+001
  1.9666667e+000 -6.3571774e+001 -5.0943256e+001 -4.8623508e+001 -5.7200397e+001 -5.2357758e+001 -5.2111706e+001 -5.0326237e+001
  1.9733333e+000 -6.3569317e+001 -5.0849625e+001 -4.8617985e+001 -5.7201881e+001 -5.2353313e+001 -5.2011196e+001 -5.0334591e+001
  1.9800000e+000 -6.3859707e+001 -5.0781109e+001 -4.8613049e+001 -5.7166435e+001 -5.2352257e+001 -5.1898392e+001 -5.0350224e+001
  1.9866667e+000 -6.3847961e+001 -5.0671417e+001 -4.8592026e+001 -5.7119442e+001 -5.2339993e+001 -5.1812851e+001 -5.0349632e+001
  1.9933333e+000 -6.3577251e+001 -5.0605198e+001 -4.8585293e+001 -5.7097210e+001 -5.2350563e+001 -5.1734184e+001 -5.0351013e+001
  2.0000000e+000 -6.3574936e+001 -5.0564362e+001 -4.8611637e+001 -5.7051300e+001 -5.2356800e+001 -5.1628998e+001 -5.0331497e+001
