 -5.0000000e-001  3.7238361e+001  3.5197933e+001  4.7955143e+001  4.3379551e+001  4.4801800e+001  4.6811165e+001  4.8756516e+001
 -4.9333333e-001  3.7262043e+001  3.5227596e+001  4.7954388e+001  4.3385620e+001  4.4810596e+001  4.6805538e+001  4.8773369e+001
 -4.8666667e-001  3.7228794e+001  3.5234222e+001  4.7944084e+001  4.3400074e+001  4.4782406e+001  4.6813766e+001  4.8788921e+001
 -4.8000000e-001  3.7259239e+001  3.5220337e+001  4.7934277e+001  4.3369591e+001  4.4780769e+001  4.6836960e+001  4.8790314e+001
 -4.7333333e-001  3.7283947e+001  3.5246300e+001  4.7929836e+001  4.3350117e+001  4.4805614e+001  4.6842354e+001  4.8810749e+001
 -4.6666667e-001  3.7271114e+001  3.5275501e+001  4.7927174e+001  4.3356647e+001  4.4845592e+001  4.6828011e+001  4.8811375e+001
 -4.6000000e-001  3.7307922e+001  3.5286148e+001  4.7926430e+001  4.3372673e+001  4.4843857e+001  4.6822418e+001  4.8818039e+001
 -4.5333333e-001  3.7334694e+001  3.5267647e+001  4.7921921e+001  4.3372494e+001  4.4824646e+001  4.6858269e+001  4.8810749e+001
 -4.4666667e-001  3.7330463e+001  3.5267853e+001  4.7961281e+001  4.3386108e+001  4.4837551e+001  4.6830944e+001  4.8816490e+001
 -4.4000000e-001  3.7356403e+001  3.5297939e+001  4.7947292e+001  4.3351463e+001  4.4856762e+001  4.6810066e+001  4.8826401e+001
 -4.3333333e-001  3.7374924e+001  3.5328072e+001  4.7936356e+001  4.3377666e+001  4.4882931e+001  4.6783566e+001  4.8805988e+001
 -4.2666667e-001  3.7349926e+001  3.5356995e+001  4.7953644e+001  4.3372971e+001  4.4899471e+001  4.6767151e+001  4.8818401e+001
 -4.2000000e-001  3.7372272e+001  3.5349209e+001  4.7978420e+001  4.3382496e+001  4.4908066e+001  4.6758503e+001  4.8877827e+001
 -4.1333333e-001  3.7362091e+001  3.5337200e+001  4.8028042e+001  4.3373009e+001  4.4925289e+001  4.6698101e+001  4.8896645e+001
 -4.0666667e-001  3.7403503e+001  3.5352604e+001  4.8067791e+001  4.3396282e+001  4.4905926e+001  4.6690327e+001  4.8888508e+001
 -4.0000000e-001  3.7438583e+001  3.5381886e+001  4.8113323e+001  4.3404011e+001  4.4910709e+001  4.6682335e+001  4.8846542e+001
 -3.9333333e-001  3.7448544e+001  3.5377087e+001  4.8120888e+001  4.3389282e+001  4.4922085e+001  4.6680355e+001  4.8827541e+001
 -3.8666667e-001  3.7450668e+001  3.5360947e+001  4.8154118e+001  4.3387440e+001  4.4935463e+001  4.6705254e+001  4.8843334e+001
 -3.8000000e-001  3.7466606e+001  3.5365280e+001  4.8199490e+001  4.3372444e+001  4.4926468e+001  4.6671024e+001  4.8869469e+001
 -3.7333333e-001  3.7489052e+001  3.5362862e+001  4.8233418e+001  4.3394024e+001  4.4906384e+001  4.6685570e+001  4.8889664e+001
 -3.6666667e-001  3.7497746e+001  3.5350750e+001  4.8248814e+001  4.3421516e+001  4.4917625e+001  4.6684345e+001  4.8892296e+001
 -3.6000000e-001  3.7475590e+001  3.5363281e+001  4.8293625e+001  4.3394947e+001  4.4922554e+001  4.6680656e+001  4.8904530e+001
 -3.5333333e-001  3.7504642e+001  3.5369431e+001  4.8324383e+001  4.3427769e+001  4.4912510e+001  4.6679520e+001  4.8894016e+001
 -3.4666667e-001  3.7514751e+001  3.5352562e+001  4.8322762e+001  4.3389988e+001  4.4894413e+001  4.6657681e+001  4.8893700e+001
 -3.4000000e-001  3.7525055e+001  3.5347408e+001  4.8331230e+001  4.3373222e+001  4.4929398e+001  4.6664322e+001  4.8879395e+001
 -3.3333333e-001  3.7522041e+001  3.5371277e+001  4.8358299e+001  4.3387947e+001  4.4892426e+001  4.6677994e+001  4.8918171e+001
 -3.2666667e-001  3.7535599e+001  3.5353951e+001  4.8316128e+001  4.3379887e+001  4.4857540e+001  4.6692089e+001  4.8910927e+001
 -3.2000000e-001  3.7554440e+001  3.5364838e+001  4.8306732e+001  4.3340824e+001  4.4881596e+001  4.6699249e+001  4.8912640e+001
 -3.1333333e-001  3.7556515e+001  3.5375729e+001  4.8321125e+001  4.3370216e+001  4.4842888e+001  4.6686314e+001  4.8923191e+001
 -3.0666667e-001  3.7562485e+001  3.5342186e+001  4.8291420e+001  4.3373474e+001  4.4848278e+001  4.6709621e+001  4.8898918e+001
 -3.0000000e-001  3.7565250e+001  3.5327908e+001  4.8290447e+001  4.3382065e+001  4.4848366e+001  4.6676353e+001  4.8890091e+001
 -2.9333333e-001  3.7581066e+001  3.5319298e+001  4.8301811e+001  4.3380020e+001  4.4870747e+001  4.6682724e+001  4.8903114e+001
 -2.8666667e-001  3.7551163e+001  3.5306763e+001  4.8266388e+001  4.3364395e+001  4.4883331e+001  4.6721691e+001  4.8884312e+001
 -2.8000000e-001  3.7529282e+001  3.5283016e+001  4.8258797e+001  4.3371933e+001  4.4905392e+001  4.6717659e+001  4.8917423e+001
 -2.7333333e-001  3.7577747e+001  3.5278416e+001  4.8214748e+001  4.3340149e+001  4.4893230e+001  4.6713734e+001  4.8892826e+001
 -2.6666667e-001  3.7584972e+001  3.5240376e+001  4.8206646e+001  4.3346207e+001  4.4884777e+001  4.6741741e+001  4.8848152e+001
 -2.6000000e-001  3.7568497e+001  3.5228565e+001  4.8213402e+001  4.3349377e+001  4.4890949e+001  4.6765369e+001  4.8877071e+001
 -2.5333333e-001  3.7563622e+001  3.5243572e+001  4.8207672e+001  4.3369896e+001  4.4889339e+001  4.6772293e+001  4.8861740e+001
 -2.4666667e-001  3.7587658e+001  3.5229053e+001  4.8183441e+001  4.3382359e+001  4.4928478e+001  4.6775227e+001  4.8864632e+001
 -2.4000000e-001  3.7606701e+001  3.5217991e+001  4.8115509e+001  4.3381413e+001  4.4921360e+001  4.6777840e+001  4.8872066e+001
 -2.3333333e-001  3.7617737e+001  3.5228065e+001  4.8134403e+001  4.3396530e+001  4.4924763e+001  4.6774628e+001  4.8861721e+001
 -2.2666667e-001  3.7592113e+001  3.5235222e+001  4.8110332e+001  4.3332031e+001  4.4950882e+001  4.6757881e+001  4.8844635e+001
 -2.2000000e-001  3.7595665e+001  3.5251736e+001  4.8124256e+001  4.3327969e+001  4.4954433e+001  4.6801342e+001  4.8868191e+001
 -2.1333333e-001  3.7612263e+001  3.5250973e+001  4.8127811e+001  4.3356068e+001  4.4953461e+001  4.6787022e+001  4.8882843e+001
 -2.0666667e-001  3.7615574e+001  3.5238926e+001  4.8119694e+001  4.3345215e+001  4.4971901e+001  4.6780701e+001  4.8868576e+001
 -2.0000000e-001  3.7632133e+001  3.5240543e+001  4.8134254e+001  4.3348286e+001  4.4960274e+001  4.6775509e+001  4.8850399e+001
 -1.9333333e-001  3.7652950e+001  3.5252354e+001  4.8095703e+001  4.3359615e+001  4.4968513e+001  4.6780869e+001  4.8882256e+001
 -1.8666667e-001  3.7671371e+001  3.5225784e+001  4.8124176e+001  4.3309380e+001  4.4966751e+001  4.6789307e+001  4.8881138e+001
 -1.8000000e-001  3.7665966e+001  3.5210194e+001  4.8129463e+001  4.3315163e+001  4.4992092e+001  4.6751171e+001  4.8895565e+001
 -1.7333333e-001  3.7636917e+001  3.5229385e+001  4.8103283e+001  4.3360157e+001  4.4972126e+001  4.6744072e+001  4.8901577e+001
 -1.6666667e-001  3.7649464e+001  3.5230305e+001  4.8111320e+001  4.3373684e+001  4.4973625e+001  4.6733837e+001  4.8908085e+001
 -1.6000000e-001  3.7641514e+001  3.5223793e+001  4.8147228e+001  4.3334000e+001  4.4963062e+001  4.6720272e+001  4.8886902e+001
 -1.5333333e-001  3.7654633e+001  3.5259029e+001  4.8121700e+001  4.3354427e+001  4.4965992e+001  4.6696960e+001  4.8914391e+001
 -1.4666667e-001  3.7665977e+001  3.5242233e+001  4.8112732e+001  4.3370346e+001  4.5007568e+001  4.6699917e+001  4.8957783e+001
 -1.4000000e-001  3.7680138e+001  3.5234520e+001  4.8117142e+001  4.3346756e+001  4.5022606e+001  4.6657822e+001  4.8925781e+001
 -1.3333333e-001  3.7672749e+001  3.5199978e+001  4.8140930e+001  4.3337444e+001  4.5022591e+001  4.6639347e+001  4.8876328e+001
 -1.2666667e-001  3.7688713e+001  3.5210964e+001  4.8165031e+001  4.3343674e+001  4.5017208e+001  4.6658195e+001  4.8899666e+001
 -1.2000000e-001  3.7688534e+001  3.5216759e+001  4.8153542e+001  4.3339256e+001  4.5015789e+001  4.6647346e+001  4.8930141e+001
 -1.1333333e-001  3.7688679e+001  3.5200989e+001  4.8174461e+001  4.3351517e+001  4.5005379e+001  4.6622185e+001  4.8920292e+001
 -1.0666667e-001  3.7675148e+001  3.5210667e+001  4.8167042e+001  4.3337891e+001  4.4988029e+001  4.6628147e+001  4.8902596e+001
 -1.0000000e-001  3.7643311e+001  3.5230541e+001  4.8164661e+001  4.3300629e+001  4.4964855e+001  4.6610630e+001  4.8926670e+001
 -9.3333333e-002  3.7647797e+001  3.5233967e+001  4.8175560e+001  4.3318047e+001  4.4960655e+001  4.6637009e+001  4.8960636e+001
 -8.6666667e-002  3.7676308e+001  3.5225758e+001  4.8156601e+001  4.3322258e+001  4.4960766e+001  4.6627480e+001  4.8923832e+001
 -8.0000000e-002  3.7697643e+001  3.5227715e+001  4.8134491e+001  4.3328457e+001  4.4954952e+001  4.6664749e+001  4.8917480e+001
 -7.3333333e-002  3.7674213e+001  3.5243320e+001  4.8172764e+001  4.3314861e+001  4.4971832e+001  4.6652618e+001  4.8963192e+001
 -6.6666667e-002  3.7669594e+001  3.5255604e+001  4.8186218e+001  4.3279228e+001  4.4992741e+001  4.6669155e+001  4.8973896e+001
 -6.0000000e-002  3.7705025e+001  3.5279514e+001  4.8157993e+001  4.3327099e+001  4.4977787e+001  4.6699657e+001  4.8907063e+001
 -5.3333333e-002  3.7719940e+001  3.5281357e+001  4.8150940e+001  4.3308384e+001  4.4982101e+001  4.6714333e+001  4.8908493e+001
 -4.6666667e-002  3.7721214e+001  3.5275402e+001  4.8164837e+001  4.3319885e+001  4.4975582e+001  4.6698334e+001  4.8910160e+001
 -4.0000000e-002  3.7708809e+001  3.5276081e+001  4.8173729e+001  4.3336414e+001  4.4976826e+001  4.6718811e+001  4.8919476e+001
 -3.3333333e-002  3.7698360e+001  3.5271595e+001  4.8150620e+001  4.3346649e+001  4.4979843e+001  4.6730778e+001  4.8929424e+001
 -2.6666667e-002  3.7709099e+001  3.5292431e+001  4.8151794e+001  4.3339043e+001  4.4984840e+001  4.6715843e+001  4.8913055e+001
 -2.0000000e-002  3.7692070e+001  3.5305656e+001  4.8146503e+001  4.3338360e+001  4.4981041e+001  4.6695755e+001  4.8915630e+001
 -1.3333333e-002  3.7686493e+001  3.5333118e+001  4.8123657e+001  4.3325050e+001  4.4996147e+001  4.6698135e+001  4.8930378e+001
 -6.6666667e-003  3.7705528e+001  3.5301640e+001  4.8109848e+001  4.3355366e+001  4.5036442e+001  4.6699371e+001  4.8963726e+001
  0.0000000e+000  3.7673935e+001  3.5327183e+001  4.8103916e+001  4.3365215e+001  4.5046753e+001  4.6680305e+001  4.8960358e+001
  6.6666667e-003  3.7644188e+001  3.5313992e+001  4.8105869e+001  4.3352001e+001  4.5015289e+001  4.6686260e+001  4.8956230e+001
  1.3333333e-002  3.7652256e+001  3.5326931e+001  4.8096855e+001  4.3378757e+001  4.4994633e+001  4.6701874e+001  4.9018673e+001
  2.0000000e-002  3.7657497e+001  3.5356041e+001  4.8077175e+001  4.3374535e+001  4.4989815e+001  4.6689121e+001  4.9032574e+001
  2.6666667e-002  3.7663395e+001  3.5341484e+001  4.8049080e+001  4.3381145e+001  4.5009220e+001  4.6665306e+001  4.9013943e+001
  3.3333333e-002  3.7653755e+001  3.5362469e+001  4.8023289e+001  4.3352249e+001  4.4977570e+001  4.6642792e+001  4.9040733e+001
  4.0000000e-002  3.7661148e+001  3.5363197e+001  4.8031460e+001  4.3373753e+001  4.4993454e+001  4.6616215e+001  4.9081375e+001
  4.6666667e-002  3.7645699e+001  3.5380119e+001  4.8017334e+001  4.3380859e+001  4.4974529e+001  4.6622238e+001  4.9093491e+001
  5.3333333e-002  3.7646999e+001  3.5406307e+001  4.8029049e+001  4.3385780e+001  4.4947247e+001  4.6636875e+001  4.9085716e+001
  6.0000000e-002  3.7646912e+001  3.5430645e+001  4.8037010e+001  4.3377319e+001  4.4959953e+001  4.6573246e+001  4.9102928e+001
  6.6666667e-002  3.7671520e+001  3.5448101e+001  4.8039848e+001  4.3407543e+001  4.4942490e+001  4.6532082e+001  4.9113777e+001
  7.3333333e-002  3.7681255e+001  3.5467838e+001  4.8036438e+001  4.3407513e+001  4.4938599e+001  4.6499371e+001  4.9131615e+001
  8.0000000e-002  3.7691906e+001  3.5444035e+001  4.8045723e+001  4.3383335e+001  4.4944611e+001  4.6421848e+001  4.9139809e+001
  8.6666667e-002  3.7733189e+001  3.5474159e+001  4.8021347e+001  4.3402214e+001  4.4923954e+001  4.6346661e+001  4.9126575e+001
  9.3333333e-002  3.7740337e+001  3.5488430e+001  4.8064579e+001  4.3406868e+001  4.4882721e+001  4.6291420e+001  4.9129589e+001
  1.0000000e-001  3.7752640e+001  3.5494061e+001  4.8046997e+001  4.3401443e+001  4.4892128e+001  4.6195847e+001  4.9039433e+001
  1.0666667e-001  3.7736782e+001  3.5477375e+001  4.7998158e+001  4.3334396e+001  4.4859695e+001  4.6082020e+001  4.8884865e+001
  1.1333333e-001  3.7728832e+001  3.5475288e+001  4.7888859e+001  4.3219467e+001  4.4737236e+001  4.5933838e+001  4.8686996e+001
  1.2000000e-001  3.7670528e+001  3.5414577e+001  4.7691113e+001  4.3057102e+001  4.4553829e+001  4.5740364e+001  4.8383522e+001
  1.2666667e-001  3.7553867e+001  3.5293049e+001  4.7431282e+001  4.2897415e+001  4.4422920e+001  4.5451839e+001  4.8031395e+001
  1.3333333e-001  3.7357697e+001  3.5173832e+001  4.7083038e+001  4.2762878e+001  4.4240585e+001  4.5112885e+001  4.7644905e+001
  1.4000000e-001  3.7122231e+001  3.4978630e+001  4.6721951e+001  4.2626827e+001  4.3997643e+001  4.4776661e+001  4.7211941e+001
  1.4666667e-001  3.6883614e+001  3.4738510e+001  4.6312077e+001  4.2501049e+001  4.3659836e+001  4.4399639e+001  4.6722710e+001
  1.5333333e-001  3.6665241e+001  3.4505917e+001  4.5883907e+001  4.2262806e+001  4.3223488e+001  4.4027050e+001  4.6239498e+001
  1.6000000e-001  3.6466591e+001  3.4274593e+001  4.5450680e+001  4.1981342e+001  4.2717712e+001  4.3625839e+001  4.5815403e+001
  1.6666667e-001  3.6217567e+001  3.4086464e+001  4.5081287e+001  4.1718578e+001  4.2137928e+001  4.3349747e+001  4.5445007e+001
  1.7333333e-001  3.6012150e+001  3.3983860e+001  4.4841393e+001  4.1485649e+001  4.1565655e+001  4.3162415e+001  4.5201149e+001
  1.8000000e-001  3.5898869e+001  3.3969707e+001  4.4723602e+001  4.1269562e+001  4.1146866e+001  4.3113987e+001  4.5057678e+001
  1.8666667e-001  3.6020706e+001  3.3961002e+001  4.4753803e+001  4.1168987e+001  4.0852287e+001  4.3191818e+001  4.5015160e+001
  1.9333333e-001  3.6370647e+001  3.4132351e+001  4.4825321e+001  4.1154095e+001  4.0718594e+001  4.3363731e+001  4.5051003e+001
  2.0000000e-001  3.6848301e+001  3.4464737e+001  4.4902843e+001  4.1276611e+001  4.0612221e+001  4.3615761e+001  4.5145428e+001
  2.0666667e-001  3.7435059e+001  3.4792740e+001  4.4999317e+001  4.1505028e+001  4.0592251e+001  4.3926857e+001  4.5196712e+001
  2.1333333e-001  3.7983521e+001  3.5076859e+001  4.5052280e+001  4.1839310e+001  4.0531509e+001  4.4177227e+001  4.5148026e+001
  2.2000000e-001  3.8370720e+001  3.5306595e+001  4.4855701e+001  4.2221554e+001  4.0295181e+001  4.4331715e+001  4.4856682e+001
  2.2666667e-001  3.8550247e+001  3.5381836e+001  4.4472252e+001  4.2603600e+001  3.9852451e+001  4.4400299e+001  4.4409050e+001
  2.3333333e-001  3.8416889e+001  3.5252708e+001  4.3946236e+001  4.2900719e+001  3.9181164e+001  4.4271763e+001  4.3885403e+001
  2.4000000e-001  3.7957462e+001  3.4782753e+001  4.3309517e+001  4.3022278e+001  3.8225849e+001  4.4025501e+001  4.3298309e+001
  2.4666667e-001  3.7271187e+001  3.4031487e+001  4.2603523e+001  4.3096439e+001  3.7164162e+001  4.3753365e+001  4.2677895e+001
  2.5333333e-001  3.6564362e+001  3.3153290e+001  4.1927189e+001  4.3156925e+001  3.6132492e+001  4.3457783e+001  4.2106441e+001
  2.6000000e-001  3.5819271e+001  3.2320694e+001  4.1260376e+001  4.3238319e+001  3.5209709e+001  4.3127457e+001  4.1573849e+001
  2.6666667e-001  3.5075050e+001  3.1656523e+001  4.0543392e+001  4.3286098e+001  3.4335732e+001  4.2826572e+001  4.0980850e+001
  2.7333333e-001  3.4345108e+001  3.1036728e+001  3.9846462e+001  4.3269428e+001  3.3615067e+001  4.2457169e+001  4.0440464e+001
  2.8000000e-001  3.3545609e+001  3.0386290e+001  3.9236244e+001  4.3176605e+001  3.2921902e+001  4.1997364e+001  3.9902271e+001
  2.8666667e-001  3.2689861e+001  2.9773611e+001  3.8666927e+001  4.2970650e+001  3.2239120e+001  4.1551224e+001  3.9398994e+001
  2.9333333e-001  3.1837715e+001  2.9237486e+001  3.8207558e+001  4.2636124e+001  3.1642471e+001  4.1135635e+001  3.8965870e+001
  3.0000000e-001  3.1012711e+001  2.8782209e+001  3.7924114e+001  4.2262081e+001  3.1187326e+001  4.0793495e+001  3.8613770e+001
  3.0666667e-001  3.0299942e+001  2.8353806e+001  3.7663673e+001  4.1870235e+001  3.0740236e+001  4.0506340e+001  3.8335201e+001
  3.1333333e-001  2.9623859e+001  2.8029154e+001  3.7485462e+001  4.1583973e+001  3.0383305e+001  4.0237263e+001  3.8111580e+001
  3.2000000e-001  2.9071323e+001  2.7859497e+001  3.7238110e+001  4.1420628e+001  3.0205914e+001  3.9978752e+001  3.7936493e+001
  3.2666667e-001  2.8620220e+001  2.7820637e+001  3.6907127e+001  4.1119473e+001  3.0137222e+001  3.9651154e+001  3.7761040e+001
  3.3333333e-001  2.8173311e+001  2.7853193e+001  3.6531136e+001  4.0821720e+001  3.0112570e+001  3.9219170e+001  3.7624176e+001
  3.4000000e-001  2.7692114e+001  2.7843460e+001  3.6062382e+001  4.0510109e+001  3.0151344e+001  3.8754623e+001  3.7495083e+001
  3.4666667e-001  2.7057362e+001  2.7605621e+001  3.5526596e+001  4.0139462e+001  3.0201618e+001  3.8183052e+001  3.7327106e+001
  3.5333333e-001  2.6300282e+001  2.7177109e+001  3.4889999e+001  3.9720856e+001  3.0038858e+001  3.7472778e+001  3.7042938e+001
  3.6000000e-001  2.5545689e+001  2.6552090e+001  3.4272923e+001  3.9238304e+001  2.9687397e+001  3.6711193e+001  3.6570049e+001
  3.6666667e-001  2.4890141e+001  2.5629398e+001  3.3592075e+001  3.8755131e+001  2.9174747e+001  3.5906155e+001  3.5904869e+001
  3.7333333e-001  2.4208057e+001  2.4432037e+001  3.2949699e+001  3.8307594e+001  2.8382792e+001  3.5017414e+001  3.5056469e+001
  3.8000000e-001  2.3460911e+001  2.3098932e+001  3.2279442e+001  3.7875748e+001  2.7317438e+001  3.4067280e+001  3.4058155e+001
  3.8666667e-001  2.2668076e+001  2.1733137e+001  3.1533634e+001  3.7446442e+001  2.6131685e+001  3.3017792e+001  3.2946949e+001
  3.9333333e-001  2.1865576e+001  2.0368872e+001  3.0795305e+001  3.7038048e+001  2.4837957e+001  3.2032303e+001  3.1812641e+001
  4.0000000e-001  2.1122854e+001  1.9011942e+001  3.0108397e+001  3.6586208e+001  2.3569107e+001  3.1066488e+001  3.0606833e+001
  4.0666667e-001  2.0430983e+001  1.7690960e+001  2.9425552e+001  3.6059139e+001  2.2419409e+001  3.0166595e+001  2.9455013e+001
  4.1333333e-001  1.9804443e+001  1.6401058e+001  2.8715260e+001  3.5479916e+001  2.1297846e+001  2.9260525e+001  2.8374496e+001
  4.2000000e-001  1.9179602e+001  1.5161596e+001  2.7909132e+001  3.4730175e+001  2.0293280e+001  2.8351063e+001  2.7352982e+001
  4.2666667e-001  1.8503155e+001  1.3983866e+001  2.7095720e+001  3.3913204e+001  1.9426451e+001  2.7495602e+001  2.6415485e+001
  4.3333333e-001  1.7831308e+001  1.2966098e+001  2.6259428e+001  3.3030743e+001  1.8659512e+001  2.6580294e+001  2.5600254e+001
  4.4000000e-001  1.7044397e+001  1.2118687e+001  2.5416430e+001  3.2077579e+001  1.8014460e+001  2.5696201e+001  2.4884092e+001
  4.4666667e-001  1.6161121e+001  1.1378936e+001  2.4611292e+001  3.1117577e+001  1.7449594e+001  2.4891605e+001  2.4305616e+001
  4.5333333e-001  1.5362986e+001  1.0858339e+001  2.3827276e+001  3.0148308e+001  1.7043791e+001  2.4153887e+001  2.3820580e+001
  4.6000000e-001  1.4617507e+001  1.0612792e+001  2.3109932e+001  2.9202164e+001  1.6757168e+001  2.3582670e+001  2.3482224e+001
  4.6666667e-001  1.3867579e+001  1.0415506e+001  2.2479921e+001  2.8349161e+001  1.6564171e+001  2.3194683e+001  2.3244354e+001
  4.7333333e-001  1.3177530e+001  1.0242745e+001  2.1935375e+001  2.7604448e+001  1.6496418e+001  2.2916155e+001  2.3052938e+001
  4.8000000e-001  1.2586192e+001  1.0034936e+001  2.1373325e+001  2.6987885e+001  1.6522829e+001  2.2779472e+001  2.2862396e+001
  4.8666667e-001  1.2177897e+001  9.1074290e+000  2.0899254e+001  2.6435560e+001  1.6528996e+001  2.2725403e+001  2.2667295e+001
  4.9333333e-001  1.2437049e+001  8.8342060e+000  2.0572565e+001  2.5995760e+001  1.6562302e+001  2.2836555e+001  2.2439600e+001
  5.0000000e-001  1.1533274e+001  9.8565420e+000  2.0169634e+001  2.5729628e+001  1.6573149e+001  2.2848942e+001  2.2184769e+001
  5.0666667e-001  1.0864377e+001  9.8821440e+000  1.9778545e+001  2.5572138e+001  1.6593779e+001  2.2633751e+001  2.1959738e+001
  5.1333333e-001  1.1311646e+001  9.1128130e+000  1.9417244e+001  2.5473610e+001  1.6543730e+001  2.2565689e+001  2.1699018e+001
  5.2000000e-001  1.1242537e+001  8.6016360e+000  1.8421234e+001  2.5468794e+001  1.6457241e+001  2.2252789e+001  2.1471458e+001
  5.2666667e-001  1.1111826e+001  8.6256120e+000  1.8065178e+001  2.5463732e+001  1.6383045e+001  2.1871325e+001  2.1259098e+001
  5.3333333e-001  1.1008377e+001  8.6127800e+000  1.8394588e+001  2.5401546e+001  1.6398485e+001  2.1985815e+001  2.1207005e+001
  5.4000000e-001  1.0891131e+001  9.1112480e+000  1.8071318e+001  2.5280380e+001  1.6389811e+001  2.0632900e+001  2.1125067e+001
  5.4666667e-001  1.0754045e+001  9.1453920e+000  1.6970232e+001  2.5084051e+001  1.6426556e+001  2.0051750e+001  2.1123486e+001
  5.5333333e-001  1.0574226e+001  9.2133800e+000  1.7176073e+001  2.4807371e+001  1.6480125e+001  1.9467371e+001  2.1133257e+001
  5.6000000e-001  1.0391483e+001  9.2807630e+000  1.6881907e+001  2.4470413e+001  1.6521904e+001  1.8861692e+001  2.1209124e+001
  5.6666667e-001  1.0273879e+001  9.3630320e+000  1.6547134e+001  2.4121294e+001  1.6610571e+001  1.8300526e+001  2.1285631e+001
  5.7333333e-001  1.0145374e+001  9.4387390e+000  1.6290613e+001  2.3816046e+001  1.6779116e+001  1.7825300e+001  2.1447582e+001
  5.8000000e-001  1.0037530e+001  9.4942340e+000  1.6063074e+001  2.3488625e+001  1.6889013e+001  1.7415100e+001  2.1588032e+001
  5.8666667e-001  1.0006153e+001  9.5621340e+000  1.5908984e+001  2.3204153e+001  1.6973383e+001  1.7084240e+001  2.1779428e+001
  5.9333333e-001  1.0059750e+001  9.6087110e+000  1.5823834e+001  2.2984001e+001  1.7019320e+001  1.6776604e+001  2.1881178e+001
  6.0000000e-001  1.0104260e+001  9.6423590e+000  1.5756645e+001  2.2871758e+001  1.6254208e+001  1.6535395e+001  2.2040941e+001
  6.0666667e-001  1.0242681e+001  9.6851920e+000  1.5798308e+001  2.2780775e+001  1.6201490e+001  1.6309422e+001  2.2245188e+001
  6.1333333e-001  1.0430372e+001  9.7097410e+000  1.5790347e+001  2.2734276e+001  1.6186993e+001  1.6160795e+001  2.2405739e+001
  6.2000000e-001  1.0665687e+001  9.7318740e+000  1.5910980e+001  2.2671041e+001  1.6193979e+001  1.6002882e+001  2.2602133e+001
  6.2666667e-001  1.0878609e+001  9.7925260e+000  1.6034843e+001  2.2659536e+001  1.6343969e+001  1.5774573e+001  2.2697742e+001
  6.3333333e-001  1.1049337e+001  9.8188400e+000  1.6145176e+001  2.2691174e+001  1.7098875e+001  1.5619338e+001  2.2768471e+001
  6.4000000e-001  1.1221386e+001  9.8585720e+000  1.6232233e+001  2.2751665e+001  1.7108810e+001  1.5510162e+001  2.2848387e+001
  6.4666667e-001  1.1425746e+001  9.9224270e+000  1.6354334e+001  2.2876574e+001  1.7098503e+001  1.5360327e+001  2.2814737e+001
  6.5333333e-001  1.1579123e+001  9.9890330e+000  1.6458281e+001  2.2949018e+001  1.7101980e+001  1.5230085e+001  2.2866917e+001
  6.6000000e-001  1.1724732e+001  1.0015186e+001  1.6591803e+001  2.2992617e+001  1.7057301e+001  1.5114243e+001  2.3043211e+001
  6.6666667e-001  1.1890894e+001  1.0051291e+001  1.6718691e+001  2.3137819e+001  1.7105309e+001  1.5008436e+001  2.3082649e+001
  6.7333333e-001  1.1963470e+001  1.0167548e+001  1.6834002e+001  2.3250874e+001  1.7126431e+001  1.4944592e+001  2.3161894e+001
  6.8000000e-001  1.2043823e+001  1.0232385e+001  1.6939199e+001  2.3347559e+001  1.7301140e+001  1.4892897e+001  2.3215189e+001
  6.8666667e-001  1.2111321e+001  1.0276983e+001  1.7035055e+001  2.3419716e+001  1.7369848e+001  1.4813079e+001  2.3192747e+001
  6.9333333e-001  1.2184216e+001  1.0352522e+001  1.7165432e+001  2.3471066e+001  1.7431610e+001  1.4785257e+001  2.3275454e+001
  7.0000000e-001  1.2245219e+001  1.0436414e+001  1.7282881e+001  2.2795343e+001  1.7439980e+001  1.4741523e+001  2.3380838e+001
  7.0666667e-001  1.2288475e+001  1.0505210e+001  1.7393019e+001  2.2858730e+001  1.7475349e+001  1.4724569e+001  2.3472536e+001
  7.1333333e-001  1.2370513e+001  1.0560782e+001  1.7471790e+001  2.4099192e+001  1.7533045e+001  1.4713988e+001  2.3648739e+001
  7.2000000e-001  1.2441256e+001  1.0664781e+001  1.7512846e+001  2.4163046e+001  1.7708017e+001  1.4699369e+001  2.3754522e+001
  7.2666667e-001  1.2463871e+001  1.0759085e+001  1.7658815e+001  2.3749130e+001  1.7780714e+001  1.4717734e+001  2.3829473e+001
  7.3333333e-001  1.2531359e+001  1.0824846e+001  1.7732098e+001  2.3766783e+001  1.7882849e+001  1.4679772e+001  2.3873453e+001
  7.4000000e-001  1.2635610e+001  1.0872334e+001  1.7806900e+001  2.3766115e+001  1.7870577e+001  1.4650637e+001  2.3956396e+001
  7.4666667e-001  1.2723276e+001  1.0927664e+001  1.7906218e+001  2.3131271e+001  1.7976017e+001  1.4621024e+001  2.3949751e+001
  7.5333333e-001  1.2685764e+001  1.1013641e+001  1.8044428e+001  2.3046638e+001  1.8076839e+001  1.4567896e+001  2.3975489e+001
  7.6000000e-001  1.2692288e+001  1.1110260e+001  1.8165792e+001  2.3834211e+001  1.8273256e+001  1.4507411e+001  2.4058659e+001
  7.6666667e-001  1.2739954e+001  1.1163991e+001  1.8276136e+001  2.3831854e+001  1.8329786e+001  1.4466616e+001  2.4082523e+001
  7.7333333e-001  1.2802757e+001  1.1207852e+001  1.8432804e+001  2.3851454e+001  1.8400381e+001  1.4453176e+001  2.4144672e+001
  7.8000000e-001  1.2867352e+001  1.1240905e+001  1.8593317e+001  2.3124237e+001  1.8362280e+001  1.4455530e+001  2.4305954e+001
  7.8666667e-001  1.2884118e+001  1.1282984e+001  1.8702841e+001  2.3071377e+001  1.8415236e+001  1.4439013e+001  2.4446692e+001
  7.9333333e-001  1.2903963e+001  1.1326311e+001  1.8788046e+001  2.3773346e+001  1.8423283e+001  1.4464970e+001  2.4523973e+001
  8.0000000e-001  1.2980317e+001  1.1404391e+001  1.8873087e+001  2.4428600e+001  1.8496052e+001  1.4533212e+001  2.4491385e+001
  8.0666667e-001  1.3099622e+001  1.1435601e+001  1.8972855e+001  2.4422804e+001  1.8662003e+001  1.4584767e+001  2.4574110e+001
  8.1333333e-001  1.3162362e+001  1.1510976e+001  1.9093292e+001  2.3187389e+001  1.8717211e+001  1.4657981e+001  2.4631189e+001
  8.2000000e-001  1.3250453e+001  1.1613748e+001  1.9175226e+001  2.3188732e+001  1.8752014e+001  1.4682552e+001  2.4658443e+001
  8.2666667e-001  1.3358790e+001  1.1701339e+001  1.9296516e+001  2.3889040e+001  1.8834375e+001  1.4783933e+001  2.4780869e+001
  8.3333333e-001  1.3531318e+001  1.2432040e+001  1.9371933e+001  2.3829729e+001  1.8825621e+001  1.4810987e+001  2.4844780e+001
  8.4000000e-001  1.3607845e+001  1.1862780e+001  1.9436214e+001  2.3799370e+001  1.8889622e+001  1.4836348e+001  2.5013714e+001
  8.4666667e-001  1.3677623e+001  1.1409775e+001  1.9512096e+001  2.3884367e+001  1.8984165e+001  1.4912948e+001  2.5083220e+001
  8.5333333e-001  1.3694916e+001  1.1478249e+001  1.9612299e+001  2.3917624e+001  1.9118753e+001  1.4924886e+001  2.5127846e+001
  8.6000000e-001  1.3734813e+001  1.2727829e+001  1.9727558e+001  2.3956919e+001  1.9242990e+001  1.4904825e+001  2.5110910e+001
  8.6666667e-001  1.3773579e+001  1.2114343e+001  1.9818192e+001  2.3901783e+001  1.9435726e+001  1.4922575e+001  2.5173923e+001
  8.7333333e-001  1.3795465e+001  1.2185966e+001  1.9875240e+001  2.3820999e+001  1.9562757e+001  1.4954289e+001  2.5232151e+001
  8.8000000e-001  1.3827564e+001  1.1784639e+001  1.9957848e+001  2.3766901e+001  1.9507704e+001  1.4988905e+001  2.5263596e+001
  8.8666667e-001  1.3853075e+001  1.2364923e+001  2.0035973e+001  2.3061220e+001  1.9591303e+001  1.4999818e+001  2.5308565e+001
  8.9333333e-001  1.3830619e+001  1.2382485e+001  2.0057203e+001  2.3669071e+001  1.9671352e+001  1.5041328e+001  2.5488472e+001
  9.0000000e-001  1.3791773e+001  1.2435915e+001  2.0146494e+001  2.4374392e+001  1.9696516e+001  1.5032390e+001  2.5597944e+001
  9.0666667e-001  1.3797788e+001  1.2444078e+001  2.0210310e+001  2.3771664e+001  1.9807837e+001  1.5029203e+001  2.5644402e+001
  9.1333333e-001  1.3851893e+001  1.2028829e+001  2.0219170e+001  2.3760775e+001  1.9910774e+001  1.5108920e+001  2.5618439e+001
  9.2000000e-001  1.3363933e+001  1.2528292e+001  2.0307158e+001  2.3647049e+001  1.9942934e+001  1.5161035e+001  2.5684092e+001
  9.2666667e-001  1.3839566e+001  1.2581567e+001  2.0325447e+001  2.3639639e+001  1.9995308e+001  1.5232895e+001  2.5707003e+001
  9.3333333e-001  1.3840179e+001  1.3262089e+001  2.0351919e+001  2.4270121e+001  2.0084982e+001  1.5286469e+001  2.5792490e+001
  9.4000000e-001  1.3843093e+001  1.2102010e+001  2.0408846e+001  2.4245375e+001  2.0265213e+001  1.5290421e+001  2.5860226e+001
  9.4666667e-001  1.3845059e+001  1.2652019e+001  2.0451630e+001  2.3650206e+001  2.0303108e+001  1.5295981e+001  2.6002562e+001
  9.5333333e-001  1.3877560e+001  1.2706986e+001  2.0500875e+001  2.3708687e+001  2.0268221e+001  1.5286411e+001  2.6070034e+001
  9.6000000e-001  1.3895959e+001  1.3390558e+001  2.0563896e+001  2.3622250e+001  2.0390650e+001  1.5322285e+001  2.6093622e+001
  9.6666667e-001  1.3917496e+001  1.3436681e+001  2.0647972e+001  2.3640881e+001  2.0433168e+001  1.5347483e+001  2.6172544e+001
  9.7333333e-001  1.3991264e+001  1.2302667e+001  2.0706711e+001  2.3796574e+001  2.0475979e+001  1.5353654e+001  2.6229128e+001
  9.8000000e-001  1.3574431e+001  1.2376157e+001  2.0743198e+001  2.3813597e+001  2.0547581e+001  1.5367132e+001  2.6215158e+001
  9.8666667e-001  1.4123812e+001  1.2433970e+001  2.0804344e+001  2.3826021e+001  2.0733862e+001  1.5345233e+001  2.6241383e+001
  9.9333333e-001  1.4168501e+001  1.3600647e+001  2.0845900e+001  2.3921679e+001  2.0786119e+001  1.5320416e+001  2.6297554e+001
  1.0000000e+000  1.4220491e+001  1.3647178e+001  2.0889515e+001  2.3242641e+001  2.0772453e+001  1.5307736e+001  2.6413822e+001
  1.0066667e+000  1.4311537e+001  1.2572528e+001  2.0931492e+001  2.3201738e+001  2.0827515e+001  1.5311981e+001  2.6513899e+001
  1.0133333e+000  1.4371750e+001  1.2603483e+001  2.1002005e+001  2.3984486e+001  2.0852785e+001  1.5320328e+001  2.6510180e+001
  1.0200000e+000  1.5083699e+001  1.3320267e+001  2.1068222e+001  2.4022251e+001  2.0906569e+001  1.5310687e+001  2.6544676e+001
  1.0266667e+000  1.4431542e+001  1.3412224e+001  2.1134432e+001  2.4147617e+001  2.1019091e+001  1.5282152e+001  2.6579716e+001
  1.0333333e+000  1.4431611e+001  1.3983035e+001  2.1155611e+001  2.4191950e+001  2.1091370e+001  1.5260127e+001  2.6620106e+001
  1.0400000e+000  1.3933109e+001  1.4017265e+001  2.1198925e+001  2.4238649e+001  2.1167162e+001  1.5189673e+001  2.6688612e+001
  1.0466667e+000  1.3909430e+001  1.3369940e+001  2.1245384e+001  2.4251701e+001  2.1233587e+001  1.5177849e+001  2.6754820e+001
  1.0533333e+000  1.4345611e+001  1.2952682e+001  2.1308968e+001  2.4236712e+001  2.1332405e+001  1.5195984e+001  2.6900373e+001
  1.0600000e+000  1.4291694e+001  1.3627102e+001  2.1340563e+001  2.4301558e+001  2.1421667e+001  1.5215064e+001  2.6939930e+001
  1.0666667e+000  1.4254086e+001  1.3674313e+001  2.1365429e+001  2.4304659e+001  2.1504112e+001  1.5260130e+001  2.6960920e+001
  1.0733333e+000  1.4202265e+001  1.3711038e+001  2.1386538e+001  2.4301205e+001  2.1562862e+001  1.5244653e+001  2.7091440e+001
  1.0800000e+000  1.4199974e+001  1.3736478e+001  2.1437723e+001  2.4415073e+001  2.1631428e+001  1.5284415e+001  2.7137676e+001
  1.0866667e+000  1.4216206e+001  1.3634828e+001  2.1524063e+001  2.4440628e+001  2.1676910e+001  1.5337958e+001  2.7230848e+001
  1.0933333e+000  1.4218217e+001  1.3655740e+001  2.1609709e+001  2.4470289e+001  2.1715748e+001  1.5327786e+001  2.7325392e+001
  1.1000000e+000  1.4249754e+001  1.3700545e+001  2.1619148e+001  2.4453148e+001  2.1800182e+001  1.5424266e+001  2.7401831e+001
  1.1066667e+000  1.4267146e+001  1.3830269e+001  2.1697866e+001  2.4439890e+001  2.1862104e+001  1.5502526e+001  2.7576921e+001
  1.1133333e+000  1.4336484e+001  1.3800419e+001  2.1769058e+001  2.4477072e+001  2.1928419e+001  1.5557464e+001  2.7659098e+001
  1.1200000e+000  1.4373878e+001  1.3880661e+001  2.1786385e+001  2.4506308e+001  2.1965767e+001  1.5588034e+001  2.7650213e+001
  1.1266667e+000  1.4420450e+001  1.3901756e+001  2.1829159e+001  2.4486528e+001  2.2015429e+001  1.5693188e+001  2.7704224e+001
  1.1333333e+000  1.4459475e+001  1.3920549e+001  2.1879255e+001  2.4582634e+001  2.2077944e+001  1.5760250e+001  2.7747005e+001
  1.1400000e+000  1.4479714e+001  1.3956549e+001  2.1913954e+001  2.4646532e+001  2.2133350e+001  1.5805128e+001  2.7814112e+001
  1.1466667e+000  1.4480172e+001  1.3817103e+001  2.1953575e+001  2.4688986e+001  2.2158045e+001  1.5883489e+001  2.7864862e+001
  1.1533333e+000  1.4492791e+001  1.3873536e+001  2.1980352e+001  2.4686535e+001  2.2226086e+001  1.5961388e+001  2.7888596e+001
  1.1600000e+000  1.4504385e+001  1.3891922e+001  2.2045328e+001  2.4659580e+001  2.2299185e+001  1.6044329e+001  2.8023985e+001
  1.1666667e+000  1.4523815e+001  1.4074395e+001  2.2105068e+001  2.4692238e+001  2.2440069e+001  1.6124130e+001  2.8131119e+001
  1.1733333e+000  1.4530358e+001  1.4116199e+001  2.2175766e+001  2.4727514e+001  2.2553480e+001  1.6168159e+001  2.8188622e+001
  1.1800000e+000  1.4568959e+001  1.4120838e+001  2.2229855e+001  2.4737217e+001  2.2606323e+001  1.6208735e+001  2.8230219e+001
  1.1866667e+000  1.4611105e+001  1.4186685e+001  2.2334515e+001  2.4817413e+001  2.2650896e+001  1.6240887e+001  2.8317350e+001
  1.1933333e+000  1.4601892e+001  1.4278289e+001  2.2403276e+001  2.4831512e+001  2.2716179e+001  1.6231079e+001  2.8379084e+001
  1.2000000e+000  1.4619259e+001  1.4303481e+001  2.2460981e+001  2.4876421e+001  2.2797647e+001  1.6293144e+001  2.8484455e+001
  1.2066667e+000  1.4650949e+001  1.3710699e+001  2.2548782e+001  2.4884108e+001  2.2897131e+001  1.6298729e+001  2.8543318e+001
  1.2133333e+000  1.4697837e+001  1.3750511e+001  2.2707067e+001  2.4916788e+001  2.3004791e+001  1.6274147e+001  2.8618399e+001
  1.2200000e+000  1.4752771e+001  1.4243164e+001  2.2734739e+001  2.4941860e+001  2.3150074e+001  1.6310213e+001  2.8724463e+001
  1.2266667e+000  1.4793575e+001  1.4904914e+001  2.2790888e+001  2.4951561e+001  2.3288609e+001  1.6296392e+001  2.8839268e+001
  1.2333333e+000  1.4829176e+001  1.4936022e+001  2.2871181e+001  2.5006386e+001  2.3418312e+001  1.6258621e+001  2.8932959e+001
  1.2400000e+000  1.4886533e+001  1.4446603e+001  2.2957510e+001  2.5064711e+001  2.3529200e+001  1.6255201e+001  2.8988098e+001
  1.2466667e+000  1.4906272e+001  1.4549159e+001  2.3023746e+001  2.5096443e+001  2.3683538e+001  1.6229755e+001  2.9081163e+001
  1.2533333e+000  1.4944454e+001  1.4605875e+001  2.3075356e+001  2.5155540e+001  2.3840231e+001  1.6239614e+001  2.9206993e+001
  1.2600000e+000  1.4989771e+001  1.4643554e+001  2.3178579e+001  2.5187387e+001  2.4053679e+001  1.6207592e+001  2.9354012e+001
  1.2666667e+000  1.5021160e+001  1.4062960e+001  2.3233532e+001  2.5290594e+001  2.4208717e+001  1.6185085e+001  2.9426725e+001
  1.2733333e+000  1.5038635e+001  1.4078918e+001  2.3320475e+001  2.5314827e+001  2.4352507e+001  1.6175924e+001  2.9533018e+001
  1.2800000e+000  1.5081293e+001  1.4111108e+001  2.3430489e+001  2.5389812e+001  2.4558285e+001  1.6168438e+001  2.9622988e+001
  1.2866667e+000  1.5132899e+001  1.5199155e+001  2.2972088e+001  2.5449890e+001  2.4776756e+001  1.6182924e+001  2.9770573e+001
  1.2933333e+000  1.5161141e+001  1.5239457e+001  2.3612661e+001  2.5410288e+001  2.4960764e+001  1.6149336e+001  2.9906176e+001
  1.3000000e+000  1.5246393e+001  1.5157711e+001  2.3715986e+001  2.5458630e+001  2.5164204e+001  1.6089214e+001  3.0032196e+001
  1.3066667e+000  1.5256452e+001  1.4808169e+001  2.3286795e+001  2.5500755e+001  2.5395792e+001  1.6058170e+001  3.0164814e+001
  1.3133333e+000  1.5235664e+001  1.4878386e+001  2.4700645e+001  2.5467525e+001  2.5612572e+001  1.6025444e+001  3.0281029e+001
  1.3200000e+000  1.5238589e+001  1.4261892e+001  2.4836962e+001  2.5503494e+001  2.5836922e+001  1.5983093e+001  3.0444620e+001
  1.3266667e+000  1.5279449e+001  1.4254992e+001  2.4996479e+001  2.5531881e+001  2.6105715e+001  1.5979546e+001  3.0585529e+001
  1.3333333e+000  1.5293255e+001  1.4309111e+001  2.5132563e+001  2.5617611e+001  2.6287220e+001  1.5958584e+001  3.0714769e+001
  1.3400000e+000  1.5262266e+001  1.4976151e+001  2.3980375e+001  2.5682543e+001  2.6507395e+001  1.5912968e+001  3.0888258e+001
  1.3466667e+000  1.5303172e+001  1.5455045e+001  2.4709763e+001  2.5707855e+001  2.6730667e+001  1.5978891e+001  3.1075876e+001
  1.3533333e+000  1.5358732e+001  1.5411309e+001  2.4925001e+001  2.5711334e+001  2.6998119e+001  1.5951579e+001  3.1236675e+001
  1.3600000e+000  1.5411542e+001  1.5525582e+001  2.4602039e+001  2.5706024e+001  2.7246899e+001  1.5943563e+001  3.1404766e+001
  1.3666667e+000  1.5439846e+001  1.4486592e+001  2.4757692e+001  2.5642124e+001  2.7449570e+001  1.5964587e+001  3.1605263e+001
  1.3733333e+000  1.5452574e+001  1.4565101e+001  2.5028431e+001  2.5643333e+001  2.7655910e+001  1.5954301e+001  3.1823406e+001
  1.3800000e+000  1.5503999e+001  1.4586966e+001  2.5920059e+001  2.5719732e+001  2.7898710e+001  1.6020216e+001  3.2034531e+001
  1.3866667e+000  1.5559268e+001  1.5194407e+001  2.6114229e+001  2.5736540e+001  2.8124063e+001  1.6069622e+001  3.2233532e+001
  1.3933333e+000  1.5602594e+001  1.5209231e+001  2.6250458e+001  2.5743279e+001  2.8378437e+001  1.6139494e+001  3.2461075e+001
  1.4000000e+000  1.5605675e+001  1.5707228e+001  2.6426872e+001  2.5785711e+001  2.8594967e+001  1.6171621e+001  3.2700260e+001
  1.4066667e+000  1.5604691e+001  1.5147837e+001  2.6757318e+001  2.6312811e+001  2.8804913e+001  1.6274956e+001  3.2901253e+001
  1.4133333e+000  1.5637413e+001  1.4729114e+001  2.6960131e+001  2.6384148e+001  2.9004040e+001  1.6375124e+001  3.3102245e+001
  1.4200000e+000  1.5698363e+001  1.4772253e+001  2.7125881e+001  2.5876713e+001  2.9212450e+001  1.6420334e+001  3.3322533e+001
  1.4266667e+000  1.5692533e+001  1.5423453e+001  2.7452238e+001  2.5838490e+001  2.9431641e+001  1.6434128e+001  3.3556602e+001
  1.4333333e+000  1.5668975e+001  1.5430028e+001  2.7750107e+001  2.5857866e+001  2.9696033e+001  1.6466583e+001  3.3762783e+001
  1.4400000e+000  1.5699609e+001  1.5906137e+001  2.7941189e+001  2.5851078e+001  2.9904137e+001  1.6514112e+001  3.3998638e+001
  1.4466667e+000  1.5733892e+001  1.5943237e+001  2.8203106e+001  2.5895708e+001  3.0159691e+001  1.6564131e+001  3.4199451e+001
  1.4533333e+000  1.5763189e+001  1.6035784e+001  2.8556484e+001  2.5980377e+001  3.0387844e+001  1.6577978e+001  3.4384861e+001
  1.4600000e+000  1.5748741e+001  1.5596375e+001  2.8939533e+001  2.6002230e+001  3.0639912e+001  1.6601896e+001  3.4605701e+001
  1.4666667e+000  1.5776340e+001  1.5642436e+001  2.9290201e+001  2.6525740e+001  3.0886280e+001  1.6683334e+001  3.4764179e+001
  1.4733333e+000  1.5793638e+001  1.5637083e+001  2.9689297e+001  2.6561384e+001  3.1137184e+001  1.6708120e+001  3.4937061e+001
  1.4800000e+000  1.5801221e+001  1.6076775e+001  3.0081680e+001  2.6145493e+001  3.1368477e+001  1.6755991e+001  3.5126282e+001
  1.4866667e+000  1.5858789e+001  1.6236506e+001  3.0497372e+001  2.6120865e+001  3.1618979e+001  1.6772041e+001  3.5275543e+001
  1.4933333e+000  1.5915490e+001  1.5821672e+001  3.0916405e+001  2.6106821e+001  3.1847376e+001  1.6798981e+001  3.5423836e+001
  1.5000000e+000  1.5923107e+001  1.5889655e+001  3.1331526e+001  2.6196157e+001  3.2059212e+001  1.6827347e+001  3.5553764e+001
  1.5066667e+000  1.5902134e+001  1.5847142e+001  3.1759113e+001  2.6254908e+001  3.2283028e+001  1.6879883e+001  3.5717991e+001
  1.5133333e+000  1.5933612e+001  1.5915804e+001  3.2136169e+001  2.6299177e+001  3.2513271e+001  1.6942850e+001  3.5850830e+001
  1.5200000e+000  1.5944599e+001  1.5470592e+001  3.2450531e+001  2.6441191e+001  3.2718815e+001  1.7016945e+001  3.5972687e+001
  1.5266667e+000  1.5962656e+001  1.5446451e+001  3.2793526e+001  2.6497032e+001  3.2931530e+001  1.7111904e+001  3.6085094e+001
  1.5333333e+000  1.5988705e+001  1.5995764e+001  3.3130074e+001  2.6549456e+001  3.3119919e+001  1.7139153e+001  3.6180309e+001
  1.5400000e+000  1.6003119e+001  1.6045750e+001  3.3408707e+001  2.6612083e+001  3.3320862e+001  1.7182974e+001  3.6291656e+001
  1.5466667e+000  1.5998552e+001  1.6215609e+001  3.3692001e+001  2.6678295e+001  3.3488720e+001  1.7270979e+001  3.6419575e+001
  1.5533333e+000  1.5996565e+001  1.6325014e+001  3.3956497e+001  2.6644110e+001  3.3626072e+001  1.7368612e+001  3.6528267e+001
  1.5600000e+000  1.6039886e+001  1.6343239e+001  3.4254494e+001  2.6632225e+001  3.3819309e+001  1.7431576e+001  3.6625916e+001
  1.5666667e+000  1.6046869e+001  1.6428391e+001  3.4503395e+001  2.6655851e+001  3.4012428e+001  1.7497997e+001  3.6746635e+001
  1.5733333e+000  1.6018883e+001  1.6530306e+001  3.4753468e+001  2.6735441e+001  3.4215015e+001  1.7641605e+001  3.6885880e+001
  1.5800000e+000  1.6003492e+001  1.6620068e+001  3.4978752e+001  2.6877888e+001  3.4385761e+001  1.7680826e+001  3.7023140e+001
  1.5866667e+000  1.6070477e+001  1.6771816e+001  3.5248409e+001  2.6890343e+001  3.4554039e+001  1.7768217e+001  3.7119419e+001
  1.5933333e+000  1.6079809e+001  1.6900358e+001  3.5489460e+001  2.6901230e+001  3.4725090e+001  1.7916126e+001  3.7255104e+001
  1.6000000e+000  1.6679718e+001  1.7023758e+001  3.5818607e+001  2.6904440e+001  3.4914898e+001  1.8665651e+001  3.7410679e+001
  1.6066667e+000  1.6649530e+001  1.7162127e+001  3.6099140e+001  2.6793379e+001  3.5070339e+001  1.8168238e+001  3.7614071e+001
  1.6133333e+000  1.5640362e+001  1.7270464e+001  3.6332249e+001  2.6779903e+001  3.5216988e+001  1.7796120e+001  3.7791019e+001
  1.6200000e+000  1.5632579e+001  1.7418032e+001  3.6627060e+001  2.6794928e+001  3.5362980e+001  1.7911173e+001  3.7947353e+001
  1.6266667e+000  1.6045883e+001  1.7551517e+001  3.6886978e+001  2.6876883e+001  3.5494400e+001  1.8754164e+001  3.8077740e+001
  1.6333333e+000  1.6027792e+001  1.7681707e+001  3.7172890e+001  2.6900766e+001  3.5623962e+001  1.8909819e+001  3.8219921e+001
  1.6400000e+000  1.6028999e+001  1.7848061e+001  3.7455578e+001  2.7014248e+001  3.5801846e+001  1.9070028e+001  3.8361416e+001
  1.6466667e+000  1.6029694e+001  1.8006767e+001  3.7704456e+001  2.6995600e+001  3.5915985e+001  1.9160807e+001  3.8533882e+001
  1.6533333e+000  1.6037054e+001  1.8224659e+001  3.7977818e+001  2.7007738e+001  3.6044212e+001  1.9375536e+001  3.8680176e+001
  1.6600000e+000  1.6051584e+001  1.8406956e+001  3.8277912e+001  2.7026672e+001  3.6187832e+001  1.9567633e+001  3.8836601e+001
  1.6666667e+000  1.6691765e+001  1.8627491e+001  3.8544369e+001  2.6947758e+001  3.6298737e+001  1.9806814e+001  3.9017605e+001
  1.6733333e+000  1.6713718e+001  1.8845678e+001  3.8743870e+001  2.6974585e+001  3.6440250e+001  2.0016905e+001  3.9170544e+001
  1.6800000e+000  1.6724609e+001  1.9091900e+001  3.8933830e+001  2.7009733e+001  3.6546192e+001  2.0191771e+001  3.9328220e+001
  1.6866667e+000  1.6203131e+001  1.9334192e+001  3.9108505e+001  2.7012831e+001  3.6675896e+001  2.0429068e+001  3.9485691e+001
  1.6933333e+000  1.5801098e+001  1.9585382e+001  3.9283684e+001  2.7125057e+001  3.6827740e+001  2.0684975e+001  3.9669525e+001
  1.7000000e+000  1.5786798e+001  1.9910135e+001  3.9441410e+001  2.7158157e+001  3.6949463e+001  2.0886732e+001  3.9826786e+001
  1.7066667e+000  1.6217134e+001  2.0214176e+001  3.9535625e+001  2.7157078e+001  3.7050888e+001  2.1147675e+001  3.9981621e+001
  1.7133333e+000  1.6231907e+001  2.0490662e+001  3.9581608e+001  2.7164501e+001  3.7169373e+001  2.1457169e+001  4.0142708e+001
  1.7200000e+000  1.6251200e+001  2.0821377e+001  3.9650131e+001  2.7074070e+001  3.7289886e+001  2.1693056e+001  4.0284225e+001
  1.7266667e+000  1.6280716e+001  2.1115652e+001  3.9664677e+001  2.7082798e+001  3.7429237e+001  2.1953218e+001  4.0446781e+001
  1.7333333e+000  1.6268341e+001  2.1385462e+001  3.9710640e+001  2.7151594e+001  3.7564335e+001  2.2204840e+001  4.0589901e+001
  1.7400000e+000  1.6265409e+001  2.1713768e+001  3.9753548e+001  2.7173962e+001  3.7634106e+001  2.2508127e+001  4.0736057e+001
  1.7466667e+000  1.6265644e+001  2.2037811e+001  3.9740734e+001  2.7220705e+001  3.7726665e+001  2.2731522e+001  4.0874802e+001
  1.7533333e+000  1.6272568e+001  2.2311184e+001  3.9734562e+001  2.7248516e+001  3.7829617e+001  2.3048874e+001  4.0981716e+001
  1.7600000e+000  1.6232273e+001  2.2609671e+001  3.9754852e+001  2.7255053e+001  3.7936783e+001  2.3314901e+001  4.1076080e+001
  1.7666667e+000  1.6229465e+001  2.2940989e+001  3.9753578e+001  2.7246115e+001  3.8021229e+001  2.3619236e+001  4.1153503e+001
  1.7733333e+000  1.6299871e+001  2.3233803e+001  3.9771313e+001  2.7201235e+001  3.8117950e+001  2.3880993e+001  4.1216278e+001
  1.7800000e+000  1.6299082e+001  2.3558172e+001  3.9775158e+001  2.7237759e+001  3.8220432e+001  2.4178225e+001  4.1308567e+001
  1.7866667e+000  1.6275227e+001  2.3879435e+001  3.9745350e+001  2.7282331e+001  3.8311462e+001  2.4489408e+001  4.1377480e+001
  1.7933333e+000  1.6276152e+001  2.4177288e+001  3.9695545e+001  2.7364546e+001  3.8379093e+001  2.4800812e+001  4.1400757e+001
  1.8000000e+000  1.6271336e+001  2.4475410e+001  3.9714039e+001  2.7426748e+001  3.8471035e+001  2.5068083e+001  4.1446075e+001
  1.8066667e+000  1.6250826e+001  2.4807364e+001  3.9695225e+001  2.7427828e+001  3.8587170e+001  2.5325802e+001  4.1496311e+001
  1.8133333e+000  1.6257521e+001  2.5128084e+001  3.9672707e+001  2.7467745e+001  3.8679871e+001  2.5597090e+001  4.1552795e+001
  1.8200000e+000  1.6312794e+001  2.5423288e+001  3.9623566e+001  2.7458067e+001  3.8750008e+001  2.5859329e+001  4.1613579e+001
  1.8266667e+000  1.6326370e+001  2.5726017e+001  3.9613583e+001  2.7513676e+001  3.8841381e+001  2.6176826e+001  4.1666340e+001
  1.8333333e+000  1.6324627e+001  2.6005611e+001  3.9589600e+001  2.7560007e+001  3.8884701e+001  2.6437941e+001  4.1695251e+001
  1.8400000e+000  1.6370140e+001  2.6309803e+001  3.9583069e+001  2.7565584e+001  3.8966461e+001  2.6712116e+001  4.1763016e+001
  1.8466667e+000  1.6366407e+001  2.6610796e+001  3.9587116e+001  2.7664846e+001  3.9037842e+001  2.6996309e+001  4.1783600e+001
  1.8533333e+000  1.6364256e+001  2.6888788e+001  3.9574642e+001  2.7718197e+001  3.9117298e+001  2.7279234e+001  4.1796047e+001
  1.8600000e+000  1.6357635e+001  2.7197147e+001  3.9561325e+001  2.7798864e+001  3.9172207e+001  2.7576397e+001  4.1804886e+001
  1.8666667e+000  1.6375059e+001  2.7435293e+001  3.9532665e+001  2.7806431e+001  3.9247822e+001  2.7881784e+001  4.1800644e+001
  1.8733333e+000  1.6393419e+001  2.7704317e+001  3.9515507e+001  2.7840126e+001  3.9273178e+001  2.8194252e+001  4.1814865e+001
  1.8800000e+000  1.6414015e+001  2.7983847e+001  3.9525467e+001  2.7875742e+001  3.9297047e+001  2.8477972e+001  4.1830383e+001
  1.8866667e+000  1.6377199e+001  2.8211586e+001  3.9529400e+001  2.7919764e+001  3.9349407e+001  2.8791536e+001  4.1849861e+001
  1.8933333e+000  1.6385263e+001  2.8438795e+001  3.9506073e+001  2.8014297e+001  3.9416897e+001  2.9095547e+001  4.1869091e+001
  1.9000000e+000  1.6449041e+001  2.8670017e+001  3.9452698e+001  2.8049892e+001  3.9457718e+001  2.9418667e+001  4.1909630e+001
  1.9066667e+000  1.6495876e+001  2.8884857e+001  3.9415340e+001  2.8055674e+001  3.9491562e+001  2.9703520e+001  4.1964355e+001
  1.9133333e+000  1.6476542e+001  2.9056858e+001  3.9423092e+001  2.7985466e+001  3.9553818e+001  2.9992357e+001  4.1999016e+001
  1.9200000e+000  1.6481165e+001  2.9227531e+001  3.9450233e+001  2.8011833e+001  3.9574158e+001  3.0258373e+001  4.2029182e+001
  1.9266667e+000  1.6501740e+001  2.9401150e+001  3.9439709e+001  2.8045086e+001  3.9593330e+001  3.0552742e+001  4.2042690e+001
  1.9333333e+000  1.6520489e+001  2.9566246e+001  3.9406414e+001  2.8084097e+001  3.9661827e+001  3.0783590e+001  4.2050793e+001
  1.9400000e+000  1.6516171e+001  2.9750484e+001  3.9401794e+001  2.8154854e+001  3.9739456e+001  3.1055239e+001  4.2062592e+001
  1.9466667e+000  1.6513655e+001  2.9874065e+001  3.9377529e+001  2.8226555e+001  3.9802223e+001  3.1274767e+001  4.2087566e+001
  1.9533333e+000  1.6541309e+001  3.0005093e+001  3.9425869e+001  2.8254591e+001  3.9832912e+001  3.1479546e+001  4.2143356e+001
  1.9600000e+000  1.6550638e+001  3.0158035e+001  3.9466915e+001  2.8220455e+001  3.9873398e+001  3.1717958e+001  4.2184425e+001
  1.9666667e+000  1.6583548e+001  3.0268909e+001  3.9494511e+001  2.8254677e+001  3.9981468e+001  3.1941799e+001  4.2179241e+001
  1.9733333e+000  1.6630730e+001  3.0406439e+001  3.9507229e+001  2.8244204e+001  4.0034534e+001  3.2190155e+001  4.2194153e+001
  1.9800000e+000  1.6625282e+001  3.0519522e+001  3.9553154e+001  2.8229794e+001  4.0094929e+001  3.2383335e+001  4.2221718e+001
  1.9866667e+000  1.6630335e+001  3.0628429e+001  3.9559719e+001  2.8240681e+001  4.0151978e+001  3.2592896e+001  4.2207161e+001
  1.9933333e+000  1.6638878e+001  3.0748777e+001  3.9581726e+001  2.8252869e+001  4.0221313e+001  3.2824703e+001  4.2196362e+001
  2.0000000e+000  1.6653612e+001  3.0811956e+001  3.9616390e+001  2.8303316e+001  4.0298809e+001  3.3072346e+001  4.2212978e+001
