 -5.0000000e-001  1.8712200e+000  3.8835500e-001 -1.4240390e+000 -1.1837680e+000 -6.8400600e-001
 -4.9333333e-001  1.8703190e+000  3.8352400e-001 -1.4476510e+000 -1.1653300e+000 -6.9128900e-001
 -4.8666667e-001  1.8850170e+000  4.0577600e-001 -1.4500640e+000 -1.1572380e+000 -6.7679300e-001
 -4.8000000e-001  1.8921940e+000  4.1400900e-001 -1.4528700e+000 -1.1724900e+000 -6.5302500e-001
 -4.7333333e-001  1.8734590e+000  4.2499700e-001 -1.4507330e+000 -1.1591980e+000 -6.4750600e-001
 -4.6666667e-001  1.8962990e+000  4.3674500e-001 -1.4438450e+000 -1.1933490e+000 -6.4216600e-001
 -4.6000000e-001  1.8882850e+000  4.4747800e-001 -1.4282270e+000 -1.1840270e+000 -6.4458700e-001
 -4.5333333e-001  1.9092020e+000  4.6065500e-001 -1.4213210e+000 -1.1603350e+000 -6.2412800e-001
 -4.4666667e-001  1.8996810e+000  4.5149900e-001 -1.4322060e+000 -1.1585030e+000 -6.4439900e-001
 -4.4000000e-001  1.9085030e+000  4.5666400e-001 -1.4119650e+000 -1.1624300e+000 -6.5300500e-001
 -4.3333333e-001  1.9032040e+000  4.6414400e-001 -1.4049520e+000 -1.1384600e+000 -6.5995600e-001
 -4.2666667e-001  1.8987290e+000  4.3914800e-001 -1.3973350e+000 -1.1352630e+000 -6.6350000e-001
 -4.2000000e-001  1.8827260e+000  4.2242100e-001 -1.4025200e+000 -1.1280360e+000 -6.7294300e-001
 -4.1333333e-001  1.9041490e+000  4.1500500e-001 -1.3915180e+000 -1.1334340e+000 -6.7133800e-001
 -4.0666667e-001  1.8804650e+000  3.9945700e-001 -1.3943480e+000 -1.0906970e+000 -6.5827600e-001
 -4.0000000e-001  1.8916030e+000  4.2033100e-001 -1.4049640e+000 -1.0843100e+000 -6.8395200e-001
 -3.9333333e-001  1.8721730e+000  4.1373200e-001 -1.4036320e+000 -1.0828500e+000 -6.5845800e-001
 -3.8666667e-001  1.8852210e+000  4.0017800e-001 -1.3927020e+000 -1.0618150e+000 -6.5496000e-001
 -3.8000000e-001  1.8733610e+000  4.1210300e-001 -1.4116800e+000 -1.0461050e+000 -6.4379000e-001
 -3.7333333e-001  1.8667730e+000  3.8628900e-001 -1.4224840e+000 -1.0202860e+000 -6.5108400e-001
 -3.6666667e-001  1.8803300e+000  3.7325400e-001 -1.4344650e+000 -1.0108820e+000 -6.3937700e-001
 -3.6000000e-001  1.8579730e+000  3.9708500e-001 -1.4419250e+000 -1.0058920e+000 -6.2738800e-001
 -3.5333333e-001  1.8385780e+000  3.6571400e-001 -1.4574210e+000 -9.9276500e-001 -6.1098800e-001
 -3.4666667e-001  1.8412870e+000  3.7825800e-001 -1.4777750e+000 -9.8444600e-001 -6.0909400e-001
 -3.4000000e-001  1.8237560e+000  3.8080200e-001 -1.5016210e+000 -9.6235400e-001 -6.0857600e-001
 -3.3333333e-001  1.8211000e+000  3.7877200e-001 -1.5040940e+000 -9.5517000e-001 -6.0726900e-001
 -3.2666667e-001  1.8396270e+000  3.5067900e-001 -1.4949250e+000 -8.9960100e-001 -6.0094600e-001
 -3.2000000e-001  1.8353220e+000  3.4282100e-001 -1.5338800e+000 -8.6248800e-001 -5.8692100e-001
 -3.1333333e-001  1.8251380e+000  3.6059300e-001 -1.5354880e+000 -7.8280700e-001 -5.9198400e-001
 -3.0666667e-001  1.8363730e+000  3.5302400e-001 -1.5603950e+000 -7.2120900e-001 -5.9311400e-001
 -3.0000000e-001  1.8433970e+000  3.1854900e-001 -1.5633920e+000 -6.6970200e-001 -5.8306100e-001
 -2.9333333e-001  1.8353740e+000  3.1379700e-001 -1.5626840e+000 -6.1281200e-001 -5.8524400e-001
 -2.8666667e-001  1.8673320e+000  3.1003000e-001 -1.5728380e+000 -5.8025300e-001 -5.6009700e-001
 -2.8000000e-001  1.8671160e+000  3.0077200e-001 -1.5924210e+000 -5.4131300e-001 -5.8159800e-001
 -2.7333333e-001  1.8599630e+000  3.0030900e-001 -1.5865040e+000 -4.8925700e-001 -5.8896800e-001
 -2.6666667e-001  1.8562090e+000  2.8572200e-001 -1.6077520e+000 -4.3700100e-001 -5.7843400e-001
 -2.6000000e-001  1.8747420e+000  2.8330200e-001 -1.6017970e+000 -3.4954000e-001 -5.8194200e-001
 -2.5333333e-001  1.9016110e+000  2.7366600e-001 -1.5933160e+000 -3.0450300e-001 -5.9236900e-001
 -2.4666667e-001  1.8848590e+000  2.6010800e-001 -1.5772050e+000 -2.7854100e-001 -5.7368700e-001
 -2.4000000e-001  1.8881220e+000  2.2758600e-001 -1.5719720e+000 -2.4055600e-001 -5.8219500e-001
 -2.3333333e-001  1.8910460e+000  2.4534700e-001 -1.5675550e+000 -2.3400400e-001 -5.8717600e-001
 -2.2666667e-001  1.8784400e+000  2.3368200e-001 -1.5540200e+000 -1.9791900e-001 -6.1044000e-001
 -2.2000000e-001  1.8909320e+000  2.0738500e-001 -1.5578020e+000 -2.0402900e-001 -6.1647600e-001
 -2.1333333e-001  1.8840970e+000  1.8952900e-001 -1.5405470e+000 -2.2038000e-001 -5.9521700e-001
 -2.0666667e-001  1.8958860e+000  1.7649500e-001 -1.5276960e+000 -2.5063800e-001 -6.1249700e-001
 -2.0000000e-001  1.8724790e+000  1.6363200e-001 -1.5268320e+000 -2.6717200e-001 -6.4767100e-001
 -1.9333333e-001  1.8741580e+000  1.4937300e-001 -1.5299860e+000 -2.9974000e-001 -6.4802400e-001
 -1.8666667e-001  1.8809420e+000  1.6530500e-001 -1.5158280e+000 -3.1857500e-001 -6.6371900e-001
 -1.8000000e-001  1.8670200e+000  1.3339400e-001 -1.5123410e+000 -3.6884300e-001 -6.7611000e-001
 -1.7333333e-001  1.8493460e+000  1.3140000e-001 -1.5143380e+000 -3.9195000e-001 -6.6441500e-001
 -1.6666667e-001  1.8512650e+000  1.3382600e-001 -1.5252260e+000 -4.3594000e-001 -6.7502400e-001
 -1.6000000e-001  1.8405040e+000  9.9976000e-002 -1.5208650e+000 -4.6238400e-001 -7.0773000e-001
 -1.5333333e-001  1.8439600e+000  1.0846400e-001 -1.5173970e+000 -5.0372900e-001 -7.0714100e-001
 -1.4666667e-001  1.8438670e+000  7.6667000e-002 -1.5014360e+000 -5.1748000e-001 -7.1464200e-001
 -1.4000000e-001  1.8137930e+000  6.1828000e-002 -1.5073490e+000 -5.5222100e-001 -7.3368700e-001
 -1.3333333e-001  1.8039240e+000  6.1677000e-002 -1.5270250e+000 -6.0466800e-001 -7.2697100e-001
 -1.2666667e-001  1.8066670e+000  4.8396000e-002 -1.5358540e+000 -6.1867000e-001 -7.3842000e-001
 -1.2000000e-001  1.8084040e+000  3.5475000e-002 -1.5246010e+000 -6.6345300e-001 -7.3886100e-001
 -1.1333333e-001  1.7897170e+000  1.7139000e-002 -1.5442390e+000 -6.8190600e-001 -7.4861700e-001
 -1.0666667e-001  1.7795130e+000 -7.7800000e-003 -1.5389640e+000 -7.3111900e-001 -7.4870500e-001
 -1.0000000e-001  1.7718420e+000 -7.5830000e-003 -1.5501830e+000 -7.6526400e-001 -7.3447500e-001
 -9.3333333e-002  1.7734600e+000 -3.7085000e-002 -1.5592150e+000 -7.8648400e-001 -7.5885300e-001
 -8.6666667e-002  1.7744090e+000 -3.8756000e-002 -1.5653850e+000 -8.0405900e-001 -7.6118800e-001
 -8.0000000e-002  1.7975760e+000 -6.1773000e-002 -1.5690990e+000 -8.0919400e-001 -7.3948500e-001
 -7.3333333e-002  1.8002800e+000 -7.7398000e-002 -1.5622800e+000 -8.2711200e-001 -7.2897300e-001
 -6.6666667e-002  1.8029530e+000 -1.0518400e-001 -1.5645970e+000 -8.4190000e-001 -7.4331500e-001
 -6.0000000e-002  1.8010460e+000 -1.2436300e-001 -1.5627060e+000 -8.7202900e-001 -7.2665600e-001
 -5.3333333e-002  1.8053430e+000 -1.4147400e-001 -1.5560380e+000 -8.7962200e-001 -7.2822200e-001
 -4.6666667e-002  1.8097530e+000 -1.5419000e-001 -1.5665320e+000 -8.3437700e-001 -7.3783900e-001
 -4.0000000e-002  1.8069270e+000 -1.5406900e-001 -1.5605290e+000 -8.1661800e-001 -7.2681300e-001
 -3.3333333e-002  1.8201930e+000 -1.6238300e-001 -1.5594610e+000 -7.9169500e-001 -7.3512500e-001
 -2.6666667e-002  1.8070590e+000 -1.8138400e-001 -1.5536770e+000 -8.0458000e-001 -7.3978400e-001
 -2.0000000e-002  1.8272270e+000 -1.9209200e-001 -1.5657060e+000 -7.8872100e-001 -7.1972500e-001
 -1.3333333e-002  1.8459580e+000 -1.8456800e-001 -1.5487630e+000 -7.9710800e-001 -7.2145000e-001
 -6.6666667e-003  1.8278620e+000 -1.7893300e-001 -1.5710260e+000 -8.1908000e-001 -7.1641000e-001
  0.0000000e+000  1.8371580e+000 -2.0987400e-001 -1.5845010e+000 -8.3067000e-001 -7.5457000e-001
  6.6666667e-003  1.8040680e+000 -2.0989800e-001 -1.5988250e+000 -8.7138100e-001 -7.8326900e-001
  1.3333333e-002  1.7842370e+000 -2.6644600e-001 -1.6692350e+000 -9.0791900e-001 -8.0434400e-001
  2.0000000e-002  1.7630790e+000 -3.0835000e-001 -1.7451360e+000 -9.0989000e-001 -8.3535700e-001
  2.6666667e-002  1.7304730e+000 -3.6675200e-001 -1.7872530e+000 -9.4804000e-001 -8.6439900e-001
  3.3333333e-002  1.7096040e+000 -4.0591100e-001 -1.8197890e+000 -9.6836700e-001 -8.8688400e-001
  4.0000000e-002  1.6783980e+000 -4.5528700e-001 -1.8597550e+000 -9.7991800e-001 -9.3478200e-001
  4.6666667e-002  1.6378370e+000 -4.8757400e-001 -1.9130530e+000 -9.9941000e-001 -9.7918800e-001
  5.3333333e-002  1.6358110e+000 -4.8044200e-001 -1.9370040e+000 -9.7339300e-001 -9.9062000e-001
  6.0000000e-002  1.6406570e+000 -4.7537100e-001 -1.9389450e+000 -9.8331200e-001 -9.8740800e-001
  6.6666667e-002  1.6480490e+000 -4.6245400e-001 -1.9161470e+000 -1.0257180e+000 -1.0076150e+000
  7.3333333e-002  1.6890590e+000 -4.5267700e-001 -1.9323940e+000 -1.0207250e+000 -1.0129570e+000
  8.0000000e-002  1.6958530e+000 -4.7437300e-001 -1.9585110e+000 -1.0568830e+000 -1.0356050e+000
  8.6666667e-002  1.6874690e+000 -4.8458700e-001 -1.9844130e+000 -1.0669210e+000 -1.0536000e+000
  9.3333333e-002  1.6841920e+000 -4.9059800e-001 -2.0090290e+000 -1.0926320e+000 -1.0855660e+000
  1.0000000e-001  1.6638240e+000 -5.2420700e-001 -2.0255590e+000 -1.1251850e+000 -1.1443660e+000
  1.0666667e-001  1.6511760e+000 -5.1495000e-001 -2.0284240e+000 -1.1164490e+000 -1.1630920e+000
  1.1333333e-001  1.6490390e+000 -5.2523600e-001 -2.0404530e+000 -1.1206460e+000 -1.1736280e+000
  1.2000000e-001  1.6597430e+000 -5.1332900e-001 -2.0382390e+000 -1.0877530e+000 -1.1745750e+000
  1.2666667e-001  1.6764820e+000 -4.9175900e-001 -2.0356280e+000 -1.0776100e+000 -1.1741510e+000
  1.3333333e-001  1.6869640e+000 -4.8974100e-001 -2.0315100e+000 -1.0636860e+000 -1.1675490e+000
  1.4000000e-001  1.6982080e+000 -4.5837500e-001 -2.0140720e+000 -1.0653910e+000 -1.1682380e+000
  1.4666667e-001  1.7279440e+000 -4.6740200e-001 -2.0151780e+000 -1.0084470e+000 -1.1431190e+000
  1.5333333e-001  1.8186490e+000 -4.4866200e-001 -2.0256400e+000 -8.9102000e-001 -1.1188410e+000
  1.6000000e-001  1.9232120e+000 -3.9125100e-001 -2.0675770e+000 -7.3499100e-001 -1.0322780e+000
  1.6666667e-001  2.5223370e+000 -2.6799300e-001 -2.0769230e+000 -5.4108400e-001 -9.2220200e-001
  1.7333333e-001  2.7584400e+000 -1.5721300e-001 -2.0632170e+000 -3.3622500e-001 -8.0359500e-001
  1.8000000e-001  2.9595190e+000 -3.6453000e-002 -2.0701670e+000 -7.7382000e-002 -6.7425000e-001
  1.8666667e-001  3.2093330e+000  1.7645400e-001 -2.0471100e+000  1.7950900e-001 -5.3809900e-001
  1.9333333e-001  3.6663020e+000  4.3138200e-001 -1.9647440e+000  5.2288400e-001 -3.7237800e-001
  2.0000000e-001  4.0211310e+000  7.6373000e-001 -1.8543050e+000  9.5881000e-001 -2.1484800e-001
  2.0666667e-001  4.5636940e+000  1.2042220e+000 -1.6893130e+000  1.4723980e+000 -6.0117000e-002
  2.1333333e-001  5.0446280e+000  1.7521290e+000 -1.4363990e+000  1.9952630e+000  1.2957900e-001
  2.2000000e-001  5.4854990e+000  2.3974410e+000 -1.1534910e+000  2.5320420e+000  4.0604100e-001
  2.2666667e-001  5.9076190e+000  3.0731630e+000 -8.1719600e-001  2.9730640e+000  7.7772200e-001
  2.3333333e-001  6.3183570e+000  3.7080010e+000 -4.0386000e-001  3.3569860e+000  1.2135460e+000
  2.4000000e-001  6.6821080e+000  4.2682810e+000  3.1287000e-002  3.8403970e+000  1.7309070e+000
  2.4666667e-001  6.4797210e+000  4.7690990e+000  5.2288700e-001  4.3814150e+000  2.2949650e+000
  2.5333333e-001  6.7219760e+000  5.2621430e+000  1.0444950e+000  5.0577140e+000  2.8240970e+000
  2.6000000e-001  6.8756540e+000  5.7891650e+000  1.5122710e+000  5.7785660e+000  3.4418320e+000
  2.6666667e-001  6.8808750e+000  6.2913030e+000  1.9914560e+000  6.4901470e+000  4.0861970e+000
  2.7333333e-001  6.8565050e+000  6.6634720e+000  2.4291050e+000  7.0215730e+000  4.7890670e+000
  2.8000000e-001  6.8564720e+000  6.8533340e+000  2.9227080e+000  7.3597020e+000  5.5033290e+000
  2.8666667e-001  6.9309970e+000  6.8812960e+000  3.4968520e+000  7.6140430e+000  6.2440000e+000
  2.9333333e-001  7.0824280e+000  6.8490030e+000  4.0213730e+000  7.7322230e+000  6.8951910e+000
  3.0000000e-001  7.2735430e+000  6.8844470e+000  4.5215000e+000  7.8354710e+000  7.3676840e+000
  3.0666667e-001  7.4579830e+000  6.9994700e+000  4.9259670e+000  7.8975470e+000  7.6782640e+000
  3.1333333e-001  7.5682630e+000  7.1155410e+000  5.2445590e+000  7.9736400e+000  7.9172140e+000
  3.2000000e-001  7.6686440e+000  7.2817540e+000  5.4978920e+000  8.0090040e+000  8.1469220e+000
  3.2666667e-001  7.7076250e+000  7.4788070e+000  5.7553000e+000  8.0470000e+000  8.3389920e+000
  3.3333333e-001  7.7070470e+000  7.6936930e+000  6.0327880e+000  8.1054550e+000  8.5205630e+000
  3.4000000e-001  7.7561650e+000  7.8721330e+000  6.3006900e+000  8.2034630e+000  8.6670430e+000
  3.4666667e-001  7.8129870e+000  8.0728170e+000  6.5726740e+000  8.3000340e+000  8.8350110e+000
  3.5333333e-001  7.9761830e+000  8.2177310e+000  6.9027090e+000  8.4275930e+000  8.9902380e+000
  3.6000000e-001  8.1962300e+000  8.3522610e+000  7.2719240e+000  8.5263880e+000  9.1681800e+000
  3.6666667e-001  8.4863630e+000  8.4390010e+000  7.6674200e+000  8.6026230e+000  9.4026530e+000
  3.7333333e-001  8.9037450e+000  8.6140220e+000  8.1200620e+000  8.6693670e+000  9.6463320e+000
  3.8000000e-001  9.3587990e+000  8.7774520e+000  8.5716700e+000  8.7787580e+000  9.8915000e+000
  3.8666667e-001  9.8039230e+000  8.9641340e+000  9.0371220e+000  8.9174860e+000  1.0088062e+001
  3.9333333e-001  1.0183930e+001  9.1602660e+000  9.4955220e+000  9.1344510e+000  1.0214053e+001
  4.0000000e-001  1.0558808e+001  9.3070450e+000  1.0002203e+001  9.2949780e+000  1.0427652e+001
  4.0666667e-001  1.0914235e+001  9.4404100e+000  1.0576422e+001  9.4732970e+000  1.0597863e+001
  4.1333333e-001  1.1267680e+001  9.6138110e+000  1.1159369e+001  9.6449660e+000  1.0730573e+001
  4.2000000e-001  1.1636668e+001  9.7781550e+000  1.1626341e+001  9.8236230e+000  1.0817836e+001
  4.2666667e-001  1.2009480e+001  1.0017383e+001  1.1939710e+001  9.9877880e+000  1.0846392e+001
  4.3333333e-001  1.2418047e+001  1.0312255e+001  1.2102001e+001  1.0165332e+001  1.0928349e+001
  4.4000000e-001  1.2794143e+001  1.0624472e+001  1.2172412e+001  1.0374018e+001  1.0998179e+001
  4.4666667e-001  1.3151667e+001  1.0970872e+001  1.2265475e+001  1.0575773e+001  1.1132049e+001
  4.5333333e-001  1.3497354e+001  1.1311917e+001  1.2374961e+001  1.0782843e+001  1.1273869e+001
  4.6000000e-001  1.3755155e+001  1.1552043e+001  1.2455867e+001  1.0886801e+001  1.1425809e+001
  4.6666667e-001  1.4007021e+001  1.1767117e+001  1.2460781e+001  1.1025842e+001  1.1581355e+001
  4.7333333e-001  1.4231725e+001  1.1866458e+001  1.2397021e+001  1.1151249e+001  1.1740881e+001
  4.8000000e-001  1.4438964e+001  1.1848023e+001  1.2258019e+001  1.1254147e+001  1.1856536e+001
  4.8666667e-001  1.4671370e+001  1.1858113e+001  1.2132195e+001  1.1423197e+001  1.1983698e+001
  4.9333333e-001  1.4945353e+001  1.1828315e+001  1.1958323e+001  1.1582198e+001  1.2044915e+001
  5.0000000e-001  1.5153839e+001  1.1778918e+001  1.1850882e+001  1.1708375e+001  1.2167134e+001
  5.0666667e-001  1.5305636e+001  1.1761641e+001  1.1732795e+001  1.1779918e+001  1.2257398e+001
  5.1333333e-001  1.5403805e+001  1.1732126e+001  1.1696405e+001  1.1899818e+001  1.2325301e+001
  5.2000000e-001  1.5367969e+001  1.1794923e+001  1.1658862e+001  1.1971754e+001  1.2358838e+001
  5.2666667e-001  1.5339561e+001  1.1909891e+001  1.1647889e+001  1.2034128e+001  1.2420459e+001
  5.3333333e-001  1.5303872e+001  1.2023424e+001  1.1657090e+001  1.2109176e+001  1.2443912e+001
  5.4000000e-001  1.5268608e+001  1.2157295e+001  1.1688745e+001  1.2168121e+001  1.2436509e+001
  5.4666667e-001  1.5235928e+001  1.2247963e+001  1.1733396e+001  1.2216207e+001  1.2395334e+001
  5.5333333e-001  1.5169390e+001  1.2386603e+001  1.1763117e+001  1.2244225e+001  1.2338261e+001
  5.6000000e-001  1.5097150e+001  1.2487827e+001  1.1803649e+001  1.2316127e+001  1.2279416e+001
  5.6666667e-001  1.5005233e+001  1.2577845e+001  1.1774917e+001  1.2422154e+001  1.2242930e+001
  5.7333333e-001  1.4933027e+001  1.2747141e+001  1.1735518e+001  1.2541017e+001  1.2234277e+001
  5.8000000e-001  1.4898719e+001  1.2901945e+001  1.1679321e+001  1.2633753e+001  1.2234288e+001
  5.8666667e-001  1.4932339e+001  1.3052398e+001  1.1716053e+001  1.2716038e+001  1.2244268e+001
  5.9333333e-001  1.4974111e+001  1.3163811e+001  1.1724738e+001  1.2842895e+001  1.2273132e+001
  6.0000000e-001  1.5066766e+001  1.3297487e+001  1.1838305e+001  1.2972357e+001  1.2251987e+001
  6.0666667e-001  1.5180794e+001  1.3385399e+001  1.1904034e+001  1.3078101e+001  1.2311360e+001
  6.1333333e-001  1.5320569e+001  1.3441749e+001  1.1957295e+001  1.3173171e+001  1.2409514e+001
  6.2000000e-001  1.5469805e+001  1.3495164e+001  1.1979697e+001  1.3283388e+001  1.2477554e+001
  6.2666667e-001  1.5615696e+001  1.3551095e+001  1.1892253e+001  1.3388258e+001  1.2582088e+001
  6.3333333e-001  1.5775187e+001  1.3635059e+001  1.1800220e+001  1.3438805e+001  1.2667588e+001
  6.4000000e-001  1.5910604e+001  1.3707083e+001  1.1689638e+001  1.3502152e+001  1.2749928e+001
  6.4666667e-001  1.6015141e+001  1.3787539e+001  1.1718307e+001  1.3564279e+001  1.2838847e+001
  6.5333333e-001  1.6081375e+001  1.3857218e+001  1.1782153e+001  1.3571661e+001  1.2958501e+001
  6.6000000e-001  1.6193466e+001  1.3930260e+001  1.1919231e+001  1.3561943e+001  1.3076118e+001
  6.6666667e-001  1.6226385e+001  1.3993755e+001  1.2171223e+001  1.3561876e+001  1.3187142e+001
  6.7333333e-001  1.6221373e+001  1.4085272e+001  1.2399594e+001  1.3562055e+001  1.3285571e+001
  6.8000000e-001  1.6153965e+001  1.4151660e+001  1.2568264e+001  1.3528859e+001  1.3382380e+001
  6.8666667e-001  1.6118666e+001  1.4173486e+001  1.2695353e+001  1.3504227e+001  1.3469206e+001
  6.9333333e-001  1.6053778e+001  1.4178465e+001  1.2798654e+001  1.3471417e+001  1.3540610e+001
  7.0000000e-001  1.6017321e+001  1.4152324e+001  1.2842698e+001  1.3456230e+001  1.3586135e+001
  7.0666667e-001  1.5981937e+001  1.4142792e+001  1.2865426e+001  1.3439420e+001  1.3673059e+001
  7.1333333e-001  1.5863053e+001  1.4151193e+001  1.2893552e+001  1.3413159e+001  1.3728001e+001
  7.2000000e-001  1.5769979e+001  1.4174504e+001  1.2982806e+001  1.3342794e+001  1.3771470e+001
  7.2666667e-001  1.5688764e+001  1.4201707e+001  1.3107741e+001  1.3278574e+001  1.3785315e+001
  7.3333333e-001  1.5612499e+001  1.4223455e+001  1.3167404e+001  1.3249704e+001  1.3792961e+001
  7.4000000e-001  1.5508671e+001  1.4262691e+001  1.3113885e+001  1.3299550e+001  1.3812404e+001
  7.4666667e-001  1.5419857e+001  1.4268355e+001  1.3085532e+001  1.3306144e+001  1.3789972e+001
  7.5333333e-001  1.5329436e+001  1.4305426e+001  1.3070986e+001  1.3263896e+001  1.3815881e+001
  7.6000000e-001  1.5235032e+001  1.4339554e+001  1.3235801e+001  1.3189166e+001  1.3799899e+001
  7.6666667e-001  1.5158092e+001  1.4418856e+001  1.3505947e+001  1.3159480e+001  1.3770518e+001
  7.7333333e-001  1.5138032e+001  1.4455098e+001  1.3821464e+001  1.3077686e+001  1.3775137e+001
  7.8000000e-001  1.5089125e+001  1.4481328e+001  1.4159595e+001  1.3044779e+001  1.3754668e+001
  7.8666667e-001  1.5019224e+001  1.4484535e+001  1.4563600e+001  1.3004120e+001  1.3759993e+001
  7.9333333e-001  1.4966990e+001  1.4437768e+001  1.5073505e+001  1.2963591e+001  1.3738035e+001
  8.0000000e-001  1.4881789e+001  1.4427653e+001  1.5618083e+001  1.2942803e+001  1.3748450e+001
  8.0666667e-001  1.4867263e+001  1.4386351e+001  1.6123829e+001  1.2929381e+001  1.3808924e+001
  8.1333333e-001  1.4868550e+001  1.4347028e+001  1.6608074e+001  1.2845172e+001  1.3854120e+001
  8.2000000e-001  1.4846606e+001  1.4270797e+001  1.7023151e+001  1.2809796e+001  1.3938551e+001
  8.2666667e-001  1.4801676e+001  1.4204441e+001  1.7396561e+001  1.2790220e+001  1.3994945e+001
  8.3333333e-001  1.4731956e+001  1.4120749e+001  1.7759050e+001  1.2778316e+001  1.4018023e+001
  8.4000000e-001  1.4651410e+001  1.4000321e+001  1.8057148e+001  1.2724633e+001  1.4060902e+001
  8.4666667e-001  1.4515797e+001  1.3855438e+001  1.8328131e+001  1.2604901e+001  1.4068147e+001
  8.5333333e-001  1.4321821e+001  1.3714844e+001  1.8542355e+001  1.2489929e+001  1.4077468e+001
  8.6000000e-001  1.4118358e+001  1.3583025e+001  1.8759169e+001  1.2419286e+001  1.4064817e+001
  8.6666667e-001  1.3889450e+001  1.3443683e+001  1.8939114e+001  1.2334864e+001  1.4021189e+001
  8.7333333e-001  1.3669650e+001  1.3297999e+001  1.9062784e+001  1.2278137e+001  1.4006943e+001
  8.8000000e-001  1.3449361e+001  1.3193349e+001  1.9172586e+001  1.2191459e+001  1.4003567e+001
  8.8666667e-001  1.3203280e+001  1.3058629e+001  1.9595537e+001  1.2087479e+001  1.4009715e+001
  8.9333333e-001  1.2997578e+001  1.2928824e+001  2.0574146e+001  1.1991474e+001  1.4041200e+001
  9.0000000e-001  1.2755693e+001  1.2797515e+001  2.1910639e+001  1.1854317e+001  1.4016803e+001
  9.0666667e-001  1.2521297e+001  1.2625137e+001  2.3239326e+001  1.1704824e+001  1.3972026e+001
  9.1333333e-001  1.2312104e+001  1.2482083e+001  2.4559479e+001  1.1538898e+001  1.3898016e+001
  9.2000000e-001  1.2083709e+001  1.2310740e+001  2.5815451e+001  1.1412673e+001  1.3842585e+001
  9.2666667e-001  1.1897107e+001  1.2159051e+001  2.7242874e+001  1.1236974e+001  1.3766171e+001
  9.3333333e-001  1.1726198e+001  1.2026373e+001  2.8920668e+001  1.1111158e+001  1.3684717e+001
  9.4000000e-001  1.1582046e+001  1.1868019e+001  3.0700666e+001  1.0987276e+001  1.3652854e+001
  9.4666667e-001  1.1421755e+001  1.1768106e+001  3.2472492e+001  1.0832949e+001  1.3592319e+001
  9.5333333e-001  1.1278124e+001  1.1669888e+001  3.4106510e+001  1.0676298e+001  1.3579580e+001
  9.6000000e-001  1.1163852e+001  1.1557399e+001  3.5586090e+001  1.0538131e+001  1.3520683e+001
  9.6666667e-001  1.1067455e+001  1.1479540e+001  3.6876850e+001  1.0437373e+001  1.3435173e+001
  9.7333333e-001  1.0960344e+001  1.1391729e+001  3.8030334e+001  1.0335559e+001  1.3414198e+001
  9.8000000e-001  1.0846008e+001  1.1295851e+001  3.8983128e+001  1.0234943e+001  1.3320467e+001
  9.8666667e-001  1.0703781e+001  1.1182341e+001  3.9768627e+001  1.0162758e+001  1.3257154e+001
  9.9333333e-001  1.0528538e+001  1.1064285e+001  4.0258366e+001  1.0052942e+001  1.3169004e+001
  1.0000000e+000  1.0307565e+001  1.0961493e+001  4.0397095e+001  9.9627600e+000  1.3126179e+001
  1.0066667e+000  1.0087928e+001  1.0860252e+001  4.0147465e+001  9.9296360e+000  1.3095899e+001
  1.0133333e+000  9.8613850e+000  1.0762542e+001  3.9542519e+001  9.8990870e+000  1.3040026e+001
  1.0200000e+000  9.5959210e+000  1.0708268e+001  3.8604382e+001  9.8505810e+000  1.3049571e+001
  1.0266667e+000  9.3524530e+000  1.0662444e+001  3.7363285e+001  9.8195460e+000  1.3054726e+001
  1.0333333e+000  9.2111470e+000  1.0554688e+001  3.5798016e+001  9.7483410e+000  1.3090676e+001
  1.0400000e+000  9.2136840e+000  1.0505943e+001  3.4071259e+001  9.6858960e+000  1.3071863e+001
  1.0466667e+000  9.3689780e+000  1.0460879e+001  3.1983791e+001  9.6132860e+000  1.2986954e+001
  1.0533333e+000  9.4436980e+000  1.0373549e+001  2.9559290e+001  9.5638880e+000  1.2959946e+001
  1.0600000e+000  9.3860300e+000  1.0312164e+001  2.6926245e+001  9.5004920e+000  1.2982047e+001
  1.0666667e+000  9.1807430e+000  1.0235796e+001  2.4797754e+001  9.3988430e+000  1.2953111e+001
  1.0733333e+000  8.9091630e+000  1.0173563e+001  2.3824940e+001  9.3186620e+000  1.2903049e+001
  1.0800000e+000  8.6788050e+000  1.0113709e+001  2.3783339e+001  9.2501900e+000  1.2861835e+001
  1.0866667e+000  8.5492280e+000  1.0062725e+001  2.3842674e+001  9.1062150e+000  1.2831501e+001
  1.0933333e+000  8.5157010e+000  1.0042778e+001  2.3376223e+001  9.0151190e+000  1.2784229e+001
  1.1000000e+000  8.5072650e+000  1.0006544e+001  2.2377502e+001  8.8757790e+000  1.2767496e+001
  1.1066667e+000  8.5386560e+000  9.9565860e+000  2.1371887e+001  8.7489200e+000  1.2695274e+001
  1.1133333e+000  8.5026000e+000  9.9003730e+000  2.1034632e+001  8.5913310e+000  1.2614877e+001
  1.1200000e+000  8.4496460e+000  9.8163510e+000  2.1304005e+001  8.4236150e+000  1.2524586e+001
  1.1266667e+000  8.3433200e+000  9.7076200e+000  2.1569128e+001  8.2378290e+000  1.2444725e+001
  1.1333333e+000  8.1876660e+000  9.5540010e+000  2.1364685e+001  8.0478770e+000  1.2342179e+001
  1.1400000e+000  8.0368680e+000  9.4016870e+000  2.0768984e+001  7.8774600e+000  1.2215647e+001
  1.1466667e+000  7.9047850e+000  9.3107510e+000  2.0344257e+001  7.7018460e+000  1.2111441e+001
  1.1533333e+000  7.7406230e+000  9.2301900e+000  2.0119566e+001  7.5387330e+000  1.1991426e+001
  1.1600000e+000  7.6098520e+000  9.1726820e+000  1.9898485e+001  7.3650680e+000  1.1893862e+001
  1.1666667e+000  7.4739030e+000  9.0955680e+000  1.9504866e+001  7.1781610e+000  1.1786758e+001
  1.1733333e+000  7.3623700e+000  9.0417250e+000  1.8994411e+001  6.9690070e+000  1.1612949e+001
  1.1800000e+000  7.2667640e+000  8.9807540e+000  1.8425741e+001  6.7613510e+000  1.1417459e+001
  1.1866667e+000  7.1650300e+000  8.9303860e+000  1.7939367e+001  6.5795080e+000  1.1226957e+001
  1.1933333e+000  7.0975670e+000  8.8686180e+000  1.7474497e+001  6.4037370e+000  1.1047603e+001
  1.2000000e+000  7.0078170e+000  8.7519230e+000  1.6997423e+001  6.2557760e+000  1.0860793e+001
  1.2066667e+000  6.8759900e+000  8.6279620e+000  1.6500195e+001  6.0411570e+000  1.0684854e+001
  1.2133333e+000  6.7340880e+000  8.4790330e+000  1.6098677e+001  5.8751850e+000  1.0491880e+001
  1.2200000e+000  6.5679260e+000  8.3103880e+000  1.5671703e+001  5.6850300e+000  1.0338437e+001
  1.2266667e+000  6.4235360e+000  8.1597870e+000  1.5256948e+001  5.4754950e+000  1.0120685e+001
  1.2333333e+000  6.2868540e+000  7.9990360e+000  1.4755965e+001  5.2494850e+000  9.9027580e+000
  1.2400000e+000  6.1580920e+000  7.8062820e+000  1.4195783e+001  5.0240220e+000  9.6775270e+000
  1.2466667e+000  6.0526610e+000  7.5866680e+000  1.3639535e+001  4.7734730e+000  9.4320860e+000
  1.2533333e+000  5.9596620e+000  7.3489760e+000  1.3270278e+001  4.4947130e+000  9.2244470e+000
  1.2600000e+000  5.8538980e+000  7.1128730e+000  1.2975774e+001  4.2109590e+000  8.9919050e+000
  1.2666667e+000  5.7705490e+000  6.8570350e+000  1.2796409e+001  3.9188100e+000  8.7435460e+000
  1.2733333e+000  5.6786150e+000  6.5935100e+000  1.2561062e+001  3.5777150e+000  8.4852180e+000
  1.2800000e+000  5.5730000e+000  6.2763910e+000  1.2324452e+001  3.2190920e+000  8.2762760e+000
  1.2866667e+000  5.4469460e+000  5.8731080e+000  1.2062098e+001  2.8886080e+000  8.0250580e+000
  1.2933333e+000  5.3615160e+000  5.4210140e+000  1.1783117e+001  2.5415690e+000  7.7740900e+000
  1.3000000e+000  5.2966230e+000  4.9631230e+000  1.1540363e+001  2.2826670e+000  7.5659950e+000
  1.3066667e+000  5.2241760e+000  4.5087550e+000  1.1241512e+001  2.0141020e+000  7.3727860e+000
  1.3133333e+000  5.1369810e+000  4.1042110e+000  1.0988922e+001  1.7795020e+000  7.1480520e+000
  1.3200000e+000  5.0472000e+000  3.7120330e+000  1.0728612e+001  1.5598780e+000  6.9482100e+000
  1.3266667e+000  4.9917540e+000  3.3493570e+000  1.0498565e+001  1.3445400e+000  6.7299140e+000
  1.3333333e+000  4.9091580e+000  3.0796090e+000  1.0289542e+001  1.1398300e+000  6.4849090e+000
  1.3400000e+000  4.8081870e+000  3.4319230e+000  1.0099733e+001  1.0155890e+000  6.2476680e+000
  1.3466667e+000  4.6860690e+000  3.3151930e+000  9.8505200e+000  8.6727000e-001  5.9503010e+000
  1.3533333e+000  4.4919510e+000  3.2126400e+000  9.6663860e+000  7.6566500e-001  5.6913990e+000
  1.3600000e+000  4.2054510e+000  3.1012800e+000  9.4933250e+000  6.4531500e-001  5.3969140e+000
  1.3666667e+000  3.9523290e+000  2.9398620e+000  9.3686430e+000  5.6947200e-001  5.1002510e+000
  1.3733333e+000  3.6847100e+000  2.9188740e+000  9.2406330e+000  4.9641700e-001  4.8332090e+000
  1.3800000e+000  3.4569640e+000  2.7827600e+000  9.1906430e+000  4.5582600e-001  4.6116320e+000
  1.3866667e+000  3.2387220e+000  2.6579900e+000  9.1463470e+000  3.6423100e-001  4.4390440e+000
  1.3933333e+000  3.0139560e+000  2.4639850e+000  9.1224440e+000  2.6067800e-001  4.2610750e+000
  1.4000000e+000  2.8529950e+000  2.2050260e+000  9.0618990e+000  2.0167000e-001  4.1613270e+000
  1.4066667e+000  2.7344770e+000  1.8908380e+000  9.0517200e+000  1.0191900e-001  4.0505350e+000
  1.4133333e+000  2.6697260e+000  1.5685190e+000  9.0176870e+000  2.7831000e-002  3.9719500e+000
  1.4200000e+000  2.6495900e+000  1.3494730e+000  9.0003200e+000 -8.8732000e-002  3.9158580e+000
  1.4266667e+000  2.6654740e+000  1.1218630e+000  8.9456890e+000 -1.7801900e-001  3.8418750e+000
  1.4333333e+000  2.7445910e+000  8.5661100e-001  8.8954860e+000 -2.5634100e-001  3.6928470e+000
  1.4400000e+000  2.7862740e+000  5.9322100e-001  8.8581910e+000 -3.3790500e-001  3.5510540e+000
  1.4466667e+000  2.8246820e+000  3.2256400e-001  8.7902100e+000 -4.3183500e-001  3.3816340e+000
  1.4533333e+000  2.8278060e+000  9.4410000e-002  8.7169230e+000 -4.6544800e-001  3.1953050e+000
  1.4600000e+000  2.8257760e+000  5.5653000e-002  8.6402320e+000 -4.8106900e-001  2.9790290e+000
  1.4666667e+000  2.7517370e+000  1.4559200e-001  8.5804600e+000 -5.1808100e-001  2.7461540e+000
  1.4733333e+000  2.7159310e+000  2.8678300e-001  8.5200960e+000 -5.0377300e-001  2.4710710e+000
  1.4800000e+000  2.6881750e+000  7.1740300e-001  8.4282080e+000 -4.6195100e-001  2.1752360e+000
  1.4866667e+000  2.7020150e+000  1.0540060e+000  8.3126630e+000 -4.2196300e-001  1.9204190e+000
  1.4933333e+000  2.7842060e+000  1.3281210e+000  8.1992200e+000 -3.8956600e-001  1.6650950e+000
  1.5000000e+000  2.9372920e+000  1.6427400e+000  8.0924890e+000 -3.5659000e-001  1.3832050e+000
  1.5066667e+000  3.1187480e+000  1.9670530e+000  7.9941000e+000 -2.9104200e-001  1.0587900e+000
  1.5133333e+000  3.3397110e+000  2.2642290e+000  7.8529420e+000 -2.7951700e-001  7.6833600e-001
  1.5200000e+000  3.5515630e+000  2.5928670e+000  7.7434230e+000 -2.7401400e-001  5.4833600e-001
  1.5266667e+000  3.7323980e+000  2.8264700e+000  7.6487060e+000 -2.9896800e-001  3.7456600e-001
  1.5333333e+000  3.7896960e+000  3.0773800e+000  7.6178790e+000 -3.2012900e-001  2.4771100e-001
  1.5400000e+000  3.7382320e+000  3.1388170e+000  7.5394660e+000 -3.4130100e-001  1.7346900e-001
  1.5466667e+000  3.5783850e+000  3.2890670e+000  7.4829510e+000 -3.5718500e-001  8.9357000e-002
  1.5533333e+000  3.2819170e+000  3.4254850e+000  7.4093710e+000 -4.0273600e-001  3.6143000e-002
  1.5600000e+000  2.9688810e+000  3.4711750e+000  7.3207400e+000 -4.3764200e-001 -4.2628000e-002
  1.5666667e+000  3.0541280e+000  3.6118340e+000  7.2475540e+000 -4.4343600e-001 -9.1214000e-002
  1.5733333e+000  2.7814650e+000  3.6854320e+000  7.1690050e+000 -4.2877300e-001 -1.0936300e-001
  1.5800000e+000  2.6143760e+000  3.6531320e+000  7.1126300e+000 -4.3169300e-001 -1.2558300e-001
  1.5866667e+000  2.6078200e+000  3.7431850e+000  7.0345400e+000 -4.1423500e-001 -1.0876000e-001
  1.5933333e+000  2.7223370e+000  3.7060010e+000  6.9707620e+000 -4.1063800e-001 -7.9056000e-002
  1.6000000e+000  2.8919010e+000  3.6713070e+000  6.8971230e+000 -3.9257000e-001 -2.7406000e-002
  1.6066667e+000  3.0587750e+000  3.6724490e+000  6.7858840e+000 -3.7813600e-001  6.3977000e-002
  1.6133333e+000  3.2496700e+000  3.7047980e+000  6.6484840e+000 -3.5094300e-001  1.5017200e-001
  1.6200000e+000  3.4308210e+000  3.6186230e+000  6.5021210e+000 -3.0793000e-001  2.2060300e-001
  1.6266667e+000  3.5573100e+000  3.6543810e+000  6.3725090e+000 -2.6513400e-001  3.1646700e-001
  1.6333333e+000  3.6336170e+000  3.6727530e+000  6.2345710e+000 -2.6422900e-001  3.5683700e-001
  1.6400000e+000  3.7850940e+000  3.6439560e+000  6.0939980e+000 -2.5508700e-001  4.1686900e-001
  1.6466667e+000  3.7913850e+000  3.6072050e+000  5.9487400e+000 -2.7681500e-001  4.9569800e-001
  1.6533333e+000  3.8488350e+000  3.6609090e+000  5.7964030e+000 -2.8694500e-001  6.1387300e-001
  1.6600000e+000  3.8263860e+000  3.5703540e+000  5.6968520e+000 -3.1891600e-001  7.1103900e-001
  1.6666667e+000  3.8037460e+000  3.5093090e+000  5.5836090e+000 -3.8302600e-001  8.4250200e-001
  1.6733333e+000  3.7772540e+000  3.4944820e+000  5.5323630e+000 -4.3886800e-001  9.5687100e-001
  1.6800000e+000  3.7938800e+000  3.4436130e+000  5.4640260e+000 -5.0072600e-001  1.0753710e+000
  1.6866667e+000  3.7921480e+000  3.4511510e+000  5.3925470e+000 -5.3701400e-001  1.1335660e+000
  1.6933333e+000  3.7708500e+000  3.3735170e+000  5.3169730e+000 -6.1616500e-001  1.1885970e+000
  1.7000000e+000  3.7434180e+000  3.3865680e+000  5.2743670e+000 -6.7887600e-001  1.2260050e+000
  1.7066667e+000  3.7511610e+000  3.3500060e+000  5.2431820e+000 -7.3876500e-001  1.2929870e+000
  1.7133333e+000  3.7546400e+000  3.2951430e+000  5.2003090e+000 -7.9050600e-001  1.3414650e+000
  1.7200000e+000  3.7083920e+000  3.3029200e+000  5.1303410e+000 -8.6525300e-001  1.4342460e+000
  1.7266667e+000  3.7255520e+000  3.3097700e+000  5.1318720e+000 -9.5005600e-001  1.5343720e+000
  1.7333333e+000  3.7978500e+000  3.3214410e+000  5.0843830e+000 -9.8440000e-001  1.6216530e+000
  1.7400000e+000  3.7982050e+000  3.3339200e+000  5.0580670e+000 -1.0092530e+000  1.7020160e+000
  1.7466667e+000  3.8821930e+000  3.2769940e+000  5.0426330e+000 -1.0623720e+000  1.7547370e+000
  1.7533333e+000  3.9535940e+000  3.3070850e+000  4.9914410e+000 -1.0710620e+000  1.7871770e+000
  1.7600000e+000  4.0101680e+000  3.2985240e+000  4.9577460e+000 -1.0982450e+000  1.7910900e+000
  1.7666667e+000  4.1000940e+000  3.3368650e+000  4.9367930e+000 -1.1095810e+000  1.8233350e+000
  1.7733333e+000  4.1305800e+000  3.4016050e+000  4.8865280e+000 -1.1000430e+000  1.8267500e+000
  1.7800000e+000  4.1426610e+000  3.3765050e+000  4.8707160e+000 -1.1372840e+000  1.8604930e+000
  1.7866667e+000  4.2093680e+000  3.3958560e+000  4.8626380e+000 -1.1583910e+000  1.8731570e+000
  1.7933333e+000  4.2233790e+000  3.3446820e+000  4.8351010e+000 -1.1690170e+000  1.9098430e+000
  1.8000000e+000  4.2651930e+000  3.3024020e+000  4.8361730e+000 -1.1845440e+000  1.9362040e+000
  1.8066667e+000  4.2999080e+000  3.3183810e+000  4.8871420e+000 -1.2156090e+000  1.9829290e+000
  1.8133333e+000  4.2818760e+000  3.3292870e+000  4.8800550e+000 -1.2746530e+000  2.0522240e+000
  1.8200000e+000  4.3115980e+000  3.2982080e+000  4.8623260e+000 -1.3402270e+000  2.0911240e+000
  1.8266667e+000  4.3452730e+000  3.2502610e+000  4.8647880e+000 -1.4351010e+000  2.1425970e+000
  1.8333333e+000  4.3265320e+000  3.2534260e+000  4.8623860e+000 -1.4983380e+000  2.1954500e+000
  1.8400000e+000  4.2482070e+000  3.1768590e+000  4.9119720e+000 -1.5489260e+000  2.2672590e+000
  1.8466667e+000  4.2758360e+000  3.2221940e+000  4.8981420e+000 -1.5825780e+000  2.3703040e+000
  1.8533333e+000  4.3314560e+000  3.2327830e+000  4.9286360e+000 -1.6435360e+000  2.4192340e+000
  1.8600000e+000  4.4016310e+000  3.2212700e+000  4.9678540e+000 -1.6841460e+000  2.4939430e+000
  1.8666667e+000  4.5054650e+000  3.1896320e+000  4.9872150e+000 -1.7207970e+000  2.5245210e+000
  1.8733333e+000  4.5355560e+000  3.2353390e+000  5.0442120e+000 -1.7844350e+000  2.5816050e+000
  1.8800000e+000  4.6195760e+000  3.1792710e+000  5.1246910e+000 -1.8251620e+000  2.6254500e+000
  1.8866667e+000  4.5988250e+000  3.2297000e+000  5.1924690e+000 -1.8438110e+000  2.6578120e+000
  1.8933333e+000  4.5593390e+000  3.2305860e+000  5.2711210e+000 -1.8474890e+000  2.6566310e+000
  1.9000000e+000  4.5255430e+000  3.2805820e+000  5.3778520e+000 -1.8736320e+000  2.6916470e+000
  1.9066667e+000  4.4235420e+000  3.2480260e+000  5.4182860e+000 -1.8887990e+000  2.7123270e+000
  1.9133333e+000  4.3619500e+000  3.2392570e+000  5.4874510e+000 -1.8948210e+000  2.7523040e+000
  1.9200000e+000  4.2835800e+000  3.2500370e+000  5.5703650e+000 -1.8860620e+000  2.8028090e+000
  1.9266667e+000  4.1604050e+000  3.2279120e+000  5.6669660e+000 -1.8855440e+000  2.8335380e+000
  1.9333333e+000  4.1140360e+000  3.1652640e+000  5.7633660e+000 -1.8575200e+000  2.8223720e+000
  1.9400000e+000  4.0809590e+000  3.1350580e+000  5.8383650e+000 -1.8378680e+000  2.8437390e+000
  1.9466667e+000  4.0845460e+000  3.1273760e+000  5.9502270e+000 -1.8140490e+000  2.8484410e+000
  1.9533333e+000  4.0599240e+000  3.0587160e+000  6.0443280e+000 -1.7838870e+000  2.8413750e+000
  1.9600000e+000  4.1265660e+000  3.0056440e+000  6.1464510e+000 -1.7541550e+000  2.8180920e+000
  1.9666667e+000  4.1493970e+000  2.9477070e+000  6.2856370e+000 -1.7580810e+000  2.7818680e+000
  1.9733333e+000  4.2151310e+000  2.8349720e+000  6.4886140e+000 -1.7640860e+000  2.7476390e+000
  1.9800000e+000  4.3146610e+000  2.7676790e+000  6.6595920e+000 -1.7560650e+000  2.6977530e+000
  1.9866667e+000  4.3588170e+000  2.6713580e+000  6.8985100e+000 -1.7594880e+000  2.6341870e+000
  1.9933333e+000  4.4053080e+000  2.5735330e+000  7.1762080e+000 -1.7354000e+000  2.5666110e+000
  2.0000000e+000  4.4595400e+000  2.4728030e+000  7.5273890e+000 -1.7281540e+000  2.5396640e+000
