 -5.0000000e-001 -2.4311700e-001 -2.4320600e-001 -2.4322900e-001 -2.4316100e-001 -2.4327400e-001 -2.4310500e-001 -2.4326700e-001
 -4.9333333e-001 -2.4314100e-001 -2.4319200e-001 -2.4324300e-001 -2.4321600e-001 -2.4325300e-001 -2.4314900e-001 -2.4328500e-001
 -4.8666667e-001 -2.4311400e-001 -2.4317700e-001 -2.4322800e-001 -2.4321400e-001 -2.4323700e-001 -2.4314500e-001 -2.4327000e-001
 -4.8000000e-001 -2.4313000e-001 -2.4315700e-001 -2.4326700e-001 -2.4322100e-001 -2.4322200e-001 -2.4315300e-001 -2.4323400e-001
 -4.7333333e-001 -2.4312500e-001 -2.4319700e-001 -2.4323400e-001 -2.4319200e-001 -2.4321800e-001 -2.4320100e-001 -2.4329600e-001
 -4.6666667e-001 -2.4311800e-001 -2.4318700e-001 -2.4321100e-001 -2.4320400e-001 -2.4322800e-001 -2.4314800e-001 -2.4326200e-001
 -4.6000000e-001 -2.4314600e-001 -2.4318000e-001 -2.4325100e-001 -2.4320600e-001 -2.4323200e-001 -2.4314800e-001 -2.4326500e-001
 -4.5333333e-001 -2.4316600e-001 -2.4316000e-001 -2.4319900e-001 -2.4318000e-001 -2.4323800e-001 -2.4315000e-001 -2.4325600e-001
 -4.4666667e-001 -2.4317900e-001 -2.4317500e-001 -2.4321800e-001 -2.4316900e-001 -2.4324800e-001 -2.4315500e-001 -2.4325600e-001
 -4.4000000e-001 -2.4314500e-001 -2.4319800e-001 -2.4322800e-001 -2.4317200e-001 -2.4324200e-001 -2.4315300e-001 -2.4323200e-001
 -4.3333333e-001 -2.4318400e-001 -2.4319600e-001 -2.4322100e-001 -2.4323600e-001 -2.4323800e-001 -2.4315700e-001 -2.4326300e-001
 -4.2666667e-001 -2.4321500e-001 -2.4317300e-001 -2.4322800e-001 -2.4327400e-001 -2.4324900e-001 -2.4313800e-001 -2.4325200e-001
 -4.2000000e-001 -2.4319500e-001 -2.4318100e-001 -2.4326400e-001 -2.4324200e-001 -2.4324300e-001 -2.4314100e-001 -2.4325500e-001
 -4.1333333e-001 -2.4321600e-001 -2.4318500e-001 -2.4324200e-001 -2.4323400e-001 -2.4322600e-001 -2.4315400e-001 -2.4324500e-001
 -4.0666667e-001 -2.4323100e-001 -2.4317100e-001 -2.4325800e-001 -2.4327300e-001 -2.4327200e-001 -2.4313000e-001 -2.4321200e-001
 -4.0000000e-001 -2.4321500e-001 -2.4317000e-001 -2.4328600e-001 -2.4324600e-001 -2.4326500e-001 -2.4314200e-001 -2.4322900e-001
 -3.9333333e-001 -2.4316700e-001 -2.4316700e-001 -2.4323900e-001 -2.4324100e-001 -2.4325000e-001 -2.4316100e-001 -2.4320700e-001
 -3.8666667e-001 -2.4319300e-001 -2.4321100e-001 -2.4322000e-001 -2.4321100e-001 -2.4327200e-001 -2.4315800e-001 -2.4318000e-001
 -3.8000000e-001 -2.4320600e-001 -2.4322000e-001 -2.4325900e-001 -2.4323800e-001 -2.4323400e-001 -2.4316100e-001 -2.4318500e-001
 -3.7333333e-001 -2.4319900e-001 -2.4317500e-001 -2.4326600e-001 -2.4322900e-001 -2.4320700e-001 -2.4314800e-001 -2.4324200e-001
 -3.6666667e-001 -2.4318600e-001 -2.4318800e-001 -2.4319200e-001 -2.4321000e-001 -2.4322000e-001 -2.4316000e-001 -2.4323500e-001
 -3.6000000e-001 -2.4316100e-001 -2.4316000e-001 -2.4321800e-001 -2.4324000e-001 -2.4322300e-001 -2.4317600e-001 -2.4323500e-001
 -3.5333333e-001 -2.4319200e-001 -2.4316200e-001 -2.4325100e-001 -2.4323600e-001 -2.4322800e-001 -2.4316800e-001 -2.4320500e-001
 -3.4666667e-001 -2.4317700e-001 -2.4315800e-001 -2.4320400e-001 -2.4322200e-001 -2.4321000e-001 -2.4316800e-001 -2.4321500e-001
 -3.4000000e-001 -2.4319900e-001 -2.4315200e-001 -2.4322900e-001 -2.4325000e-001 -2.4326300e-001 -2.4318200e-001 -2.4320400e-001
 -3.3333333e-001 -2.4320600e-001 -2.4313800e-001 -2.4318800e-001 -2.4324900e-001 -2.4325100e-001 -2.4314800e-001 -2.4322700e-001
 -3.2666667e-001 -2.4316700e-001 -2.4313700e-001 -2.4323700e-001 -2.4318600e-001 -2.4325500e-001 -2.4318300e-001 -2.4322200e-001
 -3.2000000e-001 -2.4321600e-001 -2.4317600e-001 -2.4323100e-001 -2.4322600e-001 -2.4322000e-001 -2.4314900e-001 -2.4319300e-001
 -3.1333333e-001 -2.4323000e-001 -2.4319600e-001 -2.4323000e-001 -2.4323000e-001 -2.4325700e-001 -2.4313700e-001 -2.4324900e-001
 -3.0666667e-001 -2.4318000e-001 -2.4316800e-001 -2.4321500e-001 -2.4323700e-001 -2.4327300e-001 -2.4315000e-001 -2.4326600e-001
 -3.0000000e-001 -2.4317300e-001 -2.4319500e-001 -2.4318900e-001 -2.4323500e-001 -2.4325900e-001 -2.4317500e-001 -2.4324200e-001
 -2.9333333e-001 -2.4320400e-001 -2.4315000e-001 -2.4318800e-001 -2.4319700e-001 -2.4327400e-001 -2.4316600e-001 -2.4321700e-001
 -2.8666667e-001 -2.4318900e-001 -2.4315800e-001 -2.4320700e-001 -2.4319400e-001 -2.4326100e-001 -2.4317600e-001 -2.4322800e-001
 -2.8000000e-001 -2.4320800e-001 -2.4317600e-001 -2.4324300e-001 -2.4319800e-001 -2.4325100e-001 -2.4316700e-001 -2.4323800e-001
 -2.7333333e-001 -2.4321700e-001 -2.4316300e-001 -2.4322200e-001 -2.4318900e-001 -2.4325300e-001 -2.4316100e-001 -2.4323900e-001
 -2.6666667e-001 -2.4322900e-001 -2.4312400e-001 -2.4325700e-001 -2.4321000e-001 -2.4321400e-001 -2.4320200e-001 -2.4324900e-001
 -2.6000000e-001 -2.4321800e-001 -2.4313100e-001 -2.4323000e-001 -2.4318000e-001 -2.4323100e-001 -2.4319100e-001 -2.4325000e-001
 -2.5333333e-001 -2.4319100e-001 -2.4310600e-001 -2.4320800e-001 -2.4319900e-001 -2.4324900e-001 -2.4317400e-001 -2.4324800e-001
 -2.4666667e-001 -2.4318900e-001 -2.4314000e-001 -2.4318200e-001 -2.4324600e-001 -2.4323900e-001 -2.4318500e-001 -2.4329500e-001
 -2.4000000e-001 -2.4318900e-001 -2.4312500e-001 -2.4317400e-001 -2.4322300e-001 -2.4325100e-001 -2.4320000e-001 -2.4324000e-001
 -2.3333333e-001 -2.4317400e-001 -2.4308900e-001 -2.4319400e-001 -2.4321400e-001 -2.4326800e-001 -2.4318900e-001 -2.4325900e-001
 -2.2666667e-001 -2.4317000e-001 -2.4311100e-001 -2.4318700e-001 -2.4326500e-001 -2.4321300e-001 -2.4322200e-001 -2.4328100e-001
 -2.2000000e-001 -2.4317300e-001 -2.4309100e-001 -2.4321300e-001 -2.4326700e-001 -2.4324200e-001 -2.4320000e-001 -2.4329200e-001
 -2.1333333e-001 -2.4318500e-001 -2.4308300e-001 -2.4317100e-001 -2.4321900e-001 -2.4322500e-001 -2.4317900e-001 -2.4328500e-001
 -2.0666667e-001 -2.4318600e-001 -2.4313500e-001 -2.4319700e-001 -2.4323700e-001 -2.4322900e-001 -2.4318200e-001 -2.4329700e-001
 -2.0000000e-001 -2.4317300e-001 -2.4316200e-001 -2.4320800e-001 -2.4322600e-001 -2.4326500e-001 -2.4317900e-001 -2.4325200e-001
 -1.9333333e-001 -2.4316800e-001 -2.4314200e-001 -2.4317800e-001 -2.4325300e-001 -2.4324900e-001 -2.4318800e-001 -2.4323700e-001
 -1.8666667e-001 -2.4314700e-001 -2.4313100e-001 -2.4322100e-001 -2.4325300e-001 -2.4322900e-001 -2.4318700e-001 -2.4327600e-001
 -1.8000000e-001 -2.4316900e-001 -2.4316900e-001 -2.4317700e-001 -2.4328400e-001 -2.4325700e-001 -2.4316800e-001 -2.4325000e-001
 -1.7333333e-001 -2.4317300e-001 -2.4316100e-001 -2.4319800e-001 -2.4326800e-001 -2.4325700e-001 -2.4318000e-001 -2.4325000e-001
 -1.6666667e-001 -2.4319500e-001 -2.4317300e-001 -2.4319500e-001 -2.4323800e-001 -2.4325800e-001 -2.4315300e-001 -2.4327800e-001
 -1.6000000e-001 -2.4320200e-001 -2.4319300e-001 -2.4321100e-001 -2.4323700e-001 -2.4326600e-001 -2.4318200e-001 -2.4329400e-001
 -1.5333333e-001 -2.4314800e-001 -2.4315300e-001 -2.4319100e-001 -2.4325200e-001 -2.4327700e-001 -2.4315300e-001 -2.4325900e-001
 -1.4666667e-001 -2.4313800e-001 -2.4315700e-001 -2.4319400e-001 -2.4326200e-001 -2.4325700e-001 -2.4316100e-001 -2.4327300e-001
 -1.4000000e-001 -2.4318400e-001 -2.4318000e-001 -2.4322300e-001 -2.4323900e-001 -2.4326700e-001 -2.4313200e-001 -2.4323300e-001
 -1.3333333e-001 -2.4316800e-001 -2.4317200e-001 -2.4323600e-001 -2.4324600e-001 -2.4328000e-001 -2.4317100e-001 -2.4323600e-001
 -1.2666667e-001 -2.4317100e-001 -2.4316800e-001 -2.4320500e-001 -2.4323900e-001 -2.4327100e-001 -2.4316300e-001 -2.4323900e-001
 -1.2000000e-001 -2.4316500e-001 -2.4317800e-001 -2.4317000e-001 -2.4329900e-001 -2.4326200e-001 -2.4318400e-001 -2.4319700e-001
 -1.1333333e-001 -2.4319400e-001 -2.4318600e-001 -2.4317700e-001 -2.4330400e-001 -2.4327200e-001 -2.4318900e-001 -2.4326200e-001
 -1.0666667e-001 -2.4318200e-001 -2.4313800e-001 -2.4319600e-001 -2.4324100e-001 -2.4326500e-001 -2.4315400e-001 -2.4322400e-001
 -1.0000000e-001 -2.4321700e-001 -2.4317500e-001 -2.4318700e-001 -2.4320700e-001 -2.4325600e-001 -2.4318700e-001 -2.4321500e-001
 -9.3333333e-002 -2.4324600e-001 -2.4318300e-001 -2.4318800e-001 -2.4323600e-001 -2.4327900e-001 -2.4318800e-001 -2.4323100e-001
 -8.6666667e-002 -2.4323500e-001 -2.4321200e-001 -2.4317500e-001 -2.4323200e-001 -2.4324700e-001 -2.4315400e-001 -2.4324400e-001
 -8.0000000e-002 -2.4326500e-001 -2.4315200e-001 -2.4322900e-001 -2.4324600e-001 -2.4324300e-001 -2.4316400e-001 -2.4321500e-001
 -7.3333333e-002 -2.4326600e-001 -2.4311500e-001 -2.4319600e-001 -2.4325600e-001 -2.4326900e-001 -2.4315400e-001 -2.4321300e-001
 -6.6666667e-002 -2.4325000e-001 -2.4320300e-001 -2.4320000e-001 -2.4323100e-001 -2.4327900e-001 -2.4313500e-001 -2.4319800e-001
 -6.0000000e-002 -2.4324000e-001 -2.4321200e-001 -2.4317800e-001 -2.4321200e-001 -2.4327100e-001 -2.4319000e-001 -2.4320100e-001
 -5.3333333e-002 -2.4325000e-001 -2.4318400e-001 -2.4320400e-001 -2.4323800e-001 -2.4323900e-001 -2.4319600e-001 -2.4317200e-001
 -4.6666667e-002 -2.4324400e-001 -2.4322300e-001 -2.4323500e-001 -2.4325900e-001 -2.4325200e-001 -2.4319400e-001 -2.4318000e-001
 -4.0000000e-002 -2.4326000e-001 -2.4320500e-001 -2.4320600e-001 -2.4322400e-001 -2.4325700e-001 -2.4316800e-001 -2.4319900e-001
 -3.3333333e-002 -2.4326200e-001 -2.4317500e-001 -2.4323200e-001 -2.4322800e-001 -2.4324200e-001 -2.4315800e-001 -2.4317100e-001
 -2.6666667e-002 -2.4318000e-001 -2.4318100e-001 -2.4318900e-001 -2.4322300e-001 -2.4320900e-001 -2.4311600e-001 -2.4313800e-001
 -2.0000000e-002 -2.4309900e-001 -2.4313500e-001 -2.4309800e-001 -2.4315400e-001 -2.4319400e-001 -2.4302900e-001 -2.4313900e-001
 -1.3333333e-002 -2.4300000e-001 -2.4306400e-001 -2.4296600e-001 -2.4311800e-001 -2.4316100e-001 -2.4284500e-001 -2.4298100e-001
 -6.6666667e-003 -2.4283000e-001 -2.4286600e-001 -2.4280200e-001 -2.4302700e-001 -2.4298700e-001 -2.4265100e-001 -2.4282900e-001
  0.0000000e+000 -2.4259100e-001 -2.4263100e-001 -2.4254000e-001 -2.4284000e-001 -2.4277500e-001 -2.4235600e-001 -2.4258700e-001
  6.6666667e-003 -2.4227000e-001 -2.4232300e-001 -2.4223200e-001 -2.4254800e-001 -2.4252900e-001 -2.4205900e-001 -2.4229000e-001
  1.3333333e-002 -2.4187200e-001 -2.4193800e-001 -2.4185100e-001 -2.4224100e-001 -2.4220000e-001 -2.4163500e-001 -2.4195200e-001
  2.0000000e-002 -2.4148200e-001 -2.4150500e-001 -2.4142200e-001 -2.4188700e-001 -2.4179000e-001 -2.4124100e-001 -2.4151900e-001
  2.6666667e-002 -2.4109300e-001 -2.4110700e-001 -2.4099300e-001 -2.4151300e-001 -2.4142300e-001 -2.4084400e-001 -2.4110800e-001
  3.3333333e-002 -2.4066600e-001 -2.4069400e-001 -2.4061600e-001 -2.4107700e-001 -2.4102200e-001 -2.4038000e-001 -2.4069400e-001
  4.0000000e-002 -2.4021300e-001 -2.4025500e-001 -2.4022900e-001 -2.4067600e-001 -2.4059100e-001 -2.3996500e-001 -2.4027700e-001
  4.6666667e-002 -2.3977000e-001 -2.3983300e-001 -2.3976700e-001 -2.4029100e-001 -2.4018000e-001 -2.3952100e-001 -2.3985400e-001
  5.3333333e-002 -2.3930300e-001 -2.3935800e-001 -2.3930300e-001 -2.3982200e-001 -2.3970400e-001 -2.3899700e-001 -2.3941400e-001
  6.0000000e-002 -2.3877100e-001 -2.3880100e-001 -2.3876000e-001 -2.3935500e-001 -2.3919700e-001 -2.3845000e-001 -2.3890700e-001
  6.6666667e-002 -2.3823700e-001 -2.3821100e-001 -2.3816400e-001 -2.3881100e-001 -2.3868900e-001 -2.3784600e-001 -2.3837900e-001
  7.3333333e-002 -2.3755100e-001 -2.3759800e-001 -2.3751000e-001 -2.3820200e-001 -2.3805400e-001 -2.3715400e-001 -2.3771400e-001
  8.0000000e-002 -2.3691400e-001 -2.3687200e-001 -2.3681600e-001 -2.3757900e-001 -2.3738900e-001 -2.3646900e-001 -2.3705300e-001
  8.6666667e-002 -2.3618500e-001 -2.3618300e-001 -2.3610200e-001 -2.3692400e-001 -2.3671900e-001 -2.3571000e-001 -2.3628800e-001
  9.3333333e-002 -2.3538300e-001 -2.3542400e-001 -2.3533200e-001 -2.3613200e-001 -2.3595600e-001 -2.3491700e-001 -2.3556200e-001
  1.0000000e-001 -2.3460500e-001 -2.3459800e-001 -2.3451200e-001 -2.3536600e-001 -2.3514200e-001 -2.3409100e-001 -2.3476600e-001
  1.0666667e-001 -2.3378100e-001 -2.3379000e-001 -2.3368100e-001 -2.3459300e-001 -2.3434000e-001 -2.3329700e-001 -2.3393600e-001
  1.1333333e-001 -2.3296500e-001 -2.3294100e-001 -2.3288600e-001 -2.3376600e-001 -2.3354700e-001 -2.3243200e-001 -2.3313700e-001
  1.2000000e-001 -2.3206500e-001 -2.3215600e-001 -2.3204900e-001 -2.3295800e-001 -2.3274500e-001 -2.3158200e-001 -2.3224800e-001
  1.2666667e-001 -2.3123500e-001 -2.3126400e-001 -2.3116500e-001 -2.3212400e-001 -2.3188300e-001 -2.3070600e-001 -2.3139000e-001
  1.3333333e-001 -2.3027300e-001 -2.3035500e-001 -2.3023600e-001 -2.3125200e-001 -2.3094200e-001 -2.2974700e-001 -2.3046400e-001
  1.4000000e-001 -2.2932800e-001 -2.2935400e-001 -2.2927500e-001 -2.3034900e-001 -2.2999600e-001 -2.2873500e-001 -2.2946600e-001
  1.4666667e-001 -2.2831200e-001 -2.2837700e-001 -2.2821400e-001 -2.2941200e-001 -2.2902600e-001 -2.2765600e-001 -2.2846600e-001
  1.5333333e-001 -2.2720700e-001 -2.2735800e-001 -2.2711800e-001 -2.2838000e-001 -2.2795800e-001 -2.2656500e-001 -2.2740600e-001
  1.6000000e-001 -2.2603400e-001 -2.2621300e-001 -2.2600400e-001 -2.2725100e-001 -2.2678600e-001 -2.2543400e-001 -2.2626100e-001
  1.6666667e-001 -2.2487800e-001 -2.2508000e-001 -2.2482700e-001 -2.2609900e-001 -2.2568700e-001 -2.2422900e-001 -2.2510900e-001
  1.7333333e-001 -2.2366000e-001 -2.2387800e-001 -2.2364000e-001 -2.2490700e-001 -2.2456900e-001 -2.2305100e-001 -2.2392300e-001
  1.8000000e-001 -2.2246300e-001 -2.2265400e-001 -2.2239200e-001 -2.2374900e-001 -2.2338800e-001 -2.2183900e-001 -2.2273600e-001
  1.8666667e-001 -2.2125100e-001 -2.2142100e-001 -2.2119300e-001 -2.2256400e-001 -2.2217600e-001 -2.2066100e-001 -2.2151300e-001
  1.9333333e-001 -2.2004000e-001 -2.2020000e-001 -2.1998400e-001 -2.2137600e-001 -2.2092200e-001 -2.1939100e-001 -2.2028300e-001
  2.0000000e-001 -2.1878800e-001 -2.1888800e-001 -2.1874900e-001 -2.2010700e-001 -2.1968600e-001 -2.1808800e-001 -2.1899700e-001
  2.0666667e-001 -2.1748300e-001 -2.1760800e-001 -2.1740500e-001 -2.1886000e-001 -2.1841800e-001 -2.1675600e-001 -2.1773500e-001
  2.1333333e-001 -2.1613400e-001 -2.1623900e-001 -2.1606500e-001 -2.1760800e-001 -2.1712300e-001 -2.1537500e-001 -2.1645100e-001
  2.2000000e-001 -2.1478800e-001 -2.1489100e-001 -2.1466000e-001 -2.1623600e-001 -2.1582600e-001 -2.1396300e-001 -2.1512600e-001
  2.2666667e-001 -2.1338000e-001 -2.1348200e-001 -2.1318600e-001 -2.1480100e-001 -2.1442700e-001 -2.1247800e-001 -2.1367300e-001
  2.3333333e-001 -2.1192600e-001 -2.1198900e-001 -2.1167600e-001 -2.1331800e-001 -2.1302300e-001 -2.1094400e-001 -2.1229700e-001
  2.4000000e-001 -2.1048400e-001 -2.1052200e-001 -2.1015000e-001 -2.1180100e-001 -2.1162700e-001 -2.0936200e-001 -2.1090300e-001
  2.4666667e-001 -2.0899000e-001 -2.0900900e-001 -2.0860000e-001 -2.1026300e-001 -2.1020700e-001 -2.0775200e-001 -2.0943900e-001
  2.5333333e-001 -2.0753000e-001 -2.0744300e-001 -2.0701000e-001 -2.0864400e-001 -2.0873600e-001 -2.0615600e-001 -2.0797600e-001
  2.6000000e-001 -2.0611000e-001 -2.0598300e-001 -2.0545300e-001 -2.0706900e-001 -2.0729400e-001 -2.0451200e-001 -2.0649300e-001
  2.6666667e-001 -2.0467500e-001 -2.0446800e-001 -2.0389800e-001 -2.0542500e-001 -2.0583200e-001 -2.0292200e-001 -2.0507900e-001
  2.7333333e-001 -2.0319400e-001 -2.0300000e-001 -2.0231900e-001 -2.0383400e-001 -2.0433400e-001 -2.0130700e-001 -2.0359800e-001
  2.8000000e-001 -2.0175700e-001 -2.0148400e-001 -2.0082500e-001 -2.0213200e-001 -2.0285300e-001 -1.9969700e-001 -2.0216800e-001
  2.8666667e-001 -2.0033200e-001 -2.0001600e-001 -1.9926500e-001 -2.0046900e-001 -2.0140100e-001 -1.9806300e-001 -2.0073200e-001
  2.9333333e-001 -1.9891300e-001 -1.9847900e-001 -1.9769200e-001 -1.9873400e-001 -1.9990300e-001 -1.9651400e-001 -1.9930900e-001
  3.0000000e-001 -1.9751900e-001 -1.9701000e-001 -1.9617800e-001 -1.9707100e-001 -1.9836700e-001 -1.9488300e-001 -1.9784100e-001
  3.0666667e-001 -1.9614800e-001 -1.9553200e-001 -1.9462100e-001 -1.9541100e-001 -1.9684000e-001 -1.9327400e-001 -1.9640600e-001
  3.1333333e-001 -1.9476800e-001 -1.9404300e-001 -1.9307300e-001 -1.9371100e-001 -1.9522700e-001 -1.9168200e-001 -1.9489700e-001
  3.2000000e-001 -1.9338100e-001 -1.9248900e-001 -1.9148300e-001 -1.9207500e-001 -1.9367600e-001 -1.9010300e-001 -1.9341800e-001
  3.2666667e-001 -1.9200300e-001 -1.9096500e-001 -1.8986800e-001 -1.9041200e-001 -1.9213100e-001 -1.8846300e-001 -1.9191700e-001
  3.3333333e-001 -1.9058500e-001 -1.8943900e-001 -1.8824300e-001 -1.8876300e-001 -1.9043800e-001 -1.8683100e-001 -1.9037900e-001
  3.4000000e-001 -1.8916500e-001 -1.8782900e-001 -1.8655500e-001 -1.8713800e-001 -1.8875900e-001 -1.8515300e-001 -1.8880200e-001
  3.4666667e-001 -1.8770700e-001 -1.8621400e-001 -1.8484800e-001 -1.8543600e-001 -1.8707200e-001 -1.8347900e-001 -1.8714100e-001
  3.5333333e-001 -1.8618400e-001 -1.8452200e-001 -1.8311900e-001 -1.8379800e-001 -1.8532200e-001 -1.8174600e-001 -1.8550000e-001
  3.6000000e-001 -1.8465100e-001 -1.8283100e-001 -1.8133500e-001 -1.8213700e-001 -1.8349900e-001 -1.7996500e-001 -1.8378300e-001
  3.6666667e-001 -1.8313400e-001 -1.8110300e-001 -1.7959800e-001 -1.8045200e-001 -1.8167100e-001 -1.7818800e-001 -1.8202800e-001
  3.7333333e-001 -1.8150200e-001 -1.7929100e-001 -1.7772800e-001 -1.7878600e-001 -1.7975100e-001 -1.7639100e-001 -1.8023100e-001
  3.8000000e-001 -1.7982600e-001 -1.7743000e-001 -1.7584400e-001 -1.7707200e-001 -1.7779600e-001 -1.7453700e-001 -1.7836000e-001
  3.8666667e-001 -1.7812400e-001 -1.7550800e-001 -1.7391400e-001 -1.7534500e-001 -1.7582700e-001 -1.7268800e-001 -1.7640700e-001
  3.9333333e-001 -1.7634800e-001 -1.7354800e-001 -1.7196400e-001 -1.7375300e-001 -1.7381900e-001 -1.7090200e-001 -1.7449000e-001
  4.0000000e-001 -1.7454000e-001 -1.7155000e-001 -1.7002900e-001 -1.7206100e-001 -1.7174200e-001 -1.6913300e-001 -1.7248000e-001
  4.0666667e-001 -1.7265700e-001 -1.6946000e-001 -1.6819800e-001 -1.7042500e-001 -1.6964200e-001 -1.6749000e-001 -1.7041100e-001
  4.1333333e-001 -1.7069400e-001 -1.6739700e-001 -1.6644700e-001 -1.6871600e-001 -1.6760300e-001 -1.6591000e-001 -1.6832000e-001
  4.2000000e-001 -1.6866500e-001 -1.6528700e-001 -1.6487300e-001 -1.6710700e-001 -1.6566500e-001 -1.6437700e-001 -1.6614100e-001
  4.2666667e-001 -1.6649700e-001 -1.6329900e-001 -1.6341800e-001 -1.6540500e-001 -1.6391000e-001 -1.6289000e-001 -1.6398700e-001
  4.3333333e-001 -1.6436700e-001 -1.6144300e-001 -1.6201900e-001 -1.6374900e-001 -1.6230100e-001 -1.6130900e-001 -1.6181900e-001
  4.4000000e-001 -1.6223300e-001 -1.5972300e-001 -1.6054500e-001 -1.6205400e-001 -1.6079000e-001 -1.5970800e-001 -1.5974800e-001
  4.4666667e-001 -1.5994000e-001 -1.5804500e-001 -1.5900200e-001 -1.6035500e-001 -1.5932200e-001 -1.5800200e-001 -1.5783300e-001
  4.5333333e-001 -1.5761300e-001 -1.5649800e-001 -1.5743300e-001 -1.5865900e-001 -1.5794400e-001 -1.5628500e-001 -1.5602500e-001
  4.6000000e-001 -1.5524200e-001 -1.5508000e-001 -1.5579700e-001 -1.5698000e-001 -1.5658400e-001 -1.5453800e-001 -1.5431000e-001
  4.6666667e-001 -1.5288700e-001 -1.5373800e-001 -1.5413700e-001 -1.5533500e-001 -1.5518300e-001 -1.5273900e-001 -1.5277100e-001
  4.7333333e-001 -1.5072000e-001 -1.5240700e-001 -1.5241700e-001 -1.5365900e-001 -1.5368300e-001 -1.5093400e-001 -1.5129500e-001
  4.8000000e-001 -1.4865300e-001 -1.5104500e-001 -1.5061500e-001 -1.5199400e-001 -1.5212000e-001 -1.4920700e-001 -1.4994800e-001
  4.8666667e-001 -1.4664100e-001 -1.4956500e-001 -1.4879800e-001 -1.5033000e-001 -1.5045500e-001 -1.4750400e-001 -1.4868700e-001
  4.9333333e-001 -1.4479600e-001 -1.4801000e-001 -1.4692200e-001 -1.4874600e-001 -1.4875600e-001 -1.4586200e-001 -1.4742400e-001
  5.0000000e-001 -1.4312400e-001 -1.4634800e-001 -1.4506000e-001 -1.4704100e-001 -1.4693200e-001 -1.4428400e-001 -1.4606400e-001
  5.0666667e-001 -1.4147300e-001 -1.4461800e-001 -1.4324900e-001 -1.4537200e-001 -1.4509600e-001 -1.4274700e-001 -1.4468900e-001
  5.1333333e-001 -1.3995600e-001 -1.4280000e-001 -1.4155600e-001 -1.4368900e-001 -1.4319700e-001 -1.4118000e-001 -1.4319900e-001
  5.2000000e-001 -1.3852500e-001 -1.4094600e-001 -1.3997900e-001 -1.4197400e-001 -1.4121900e-001 -1.3957900e-001 -1.4167700e-001
  5.2666667e-001 -1.3719200e-001 -1.3901200e-001 -1.3849600e-001 -1.4028400e-001 -1.3934400e-001 -1.3790000e-001 -1.4013600e-001
  5.3333333e-001 -1.3600000e-001 -1.3708600e-001 -1.3697800e-001 -1.3859500e-001 -1.3756700e-001 -1.3618900e-001 -1.3848400e-001
  5.4000000e-001 -1.3495700e-001 -1.3520700e-001 -1.3549300e-001 -1.3688800e-001 -1.3594300e-001 -1.3443800e-001 -1.3670900e-001
  5.4666667e-001 -1.3395100e-001 -1.3352800e-001 -1.3392800e-001 -1.3522700e-001 -1.3440100e-001 -1.3264700e-001 -1.3490000e-001
  5.5333333e-001 -1.3283000e-001 -1.3194900e-001 -1.3232700e-001 -1.3360900e-001 -1.3298900e-001 -1.3088200e-001 -1.3306300e-001
  5.6000000e-001 -1.3165500e-001 -1.3037700e-001 -1.3065400e-001 -1.3193900e-001 -1.3154600e-001 -1.2915700e-001 -1.3114800e-001
  5.6666667e-001 -1.3043800e-001 -1.2892900e-001 -1.2893500e-001 -1.3024000e-001 -1.3001800e-001 -1.2749100e-001 -1.2923700e-001
  5.7333333e-001 -1.2917900e-001 -1.2749200e-001 -1.2713400e-001 -1.2855000e-001 -1.2849500e-001 -1.2584900e-001 -1.2721400e-001
  5.8000000e-001 -1.2778300e-001 -1.2598300e-001 -1.2529400e-001 -1.2686500e-001 -1.2685900e-001 -1.2428700e-001 -1.2518800e-001
  5.8666667e-001 -1.2635400e-001 -1.2440300e-001 -1.2346800e-001 -1.2517300e-001 -1.2522500e-001 -1.2267600e-001 -1.2334000e-001
  5.9333333e-001 -1.2493000e-001 -1.2275300e-001 -1.2164400e-001 -1.2348500e-001 -1.2347500e-001 -1.2106500e-001 -1.2158600e-001
  6.0000000e-001 -1.2334800e-001 -1.2108300e-001 -1.1990300e-001 -1.2178300e-001 -1.2174000e-001 -1.1937700e-001 -1.1995200e-001
  6.0666667e-001 -1.2175200e-001 -1.1931900e-001 -1.1828000e-001 -1.2014000e-001 -1.1990600e-001 -1.1766700e-001 -1.1841100e-001
  6.1333333e-001 -1.2008800e-001 -1.1752300e-001 -1.1669700e-001 -1.1849600e-001 -1.1801000e-001 -1.1594400e-001 -1.1700500e-001
  6.2000000e-001 -1.1834100e-001 -1.1564900e-001 -1.1514400e-001 -1.1683500e-001 -1.1614600e-001 -1.1423100e-001 -1.1563200e-001
  6.2666667e-001 -1.1652900e-001 -1.1376800e-001 -1.1362100e-001 -1.1514000e-001 -1.1433300e-001 -1.1250500e-001 -1.1422100e-001
  6.3333333e-001 -1.1470800e-001 -1.1198200e-001 -1.1209700e-001 -1.1352200e-001 -1.1260700e-001 -1.1084700e-001 -1.1276200e-001
  6.4000000e-001 -1.1273900e-001 -1.1025800e-001 -1.1048700e-001 -1.1185100e-001 -1.1098200e-001 -1.0920900e-001 -1.1120700e-001
  6.4666667e-001 -1.1078900e-001 -1.0862800e-001 -1.0879700e-001 -1.1017300e-001 -1.0940600e-001 -1.0760600e-001 -1.0963300e-001
  6.5333333e-001 -1.0874700e-001 -1.0708800e-001 -1.0702000e-001 -1.0848000e-001 -1.0786700e-001 -1.0593200e-001 -1.0803400e-001
  6.6000000e-001 -1.0670500e-001 -1.0556000e-001 -1.0520800e-001 -1.0677700e-001 -1.0636900e-001 -1.0431900e-001 -1.0631200e-001
  6.6666667e-001 -1.0456200e-001 -1.0404700e-001 -1.0343100e-001 -1.0510500e-001 -1.0476500e-001 -1.0269200e-001 -1.0456700e-001
  6.7333333e-001 -1.0231500e-001 -1.0247500e-001 -1.0164500e-001 -1.0342700e-001 -1.0315300e-001 -1.0107800e-001 -1.0280500e-001
  6.8000000e-001 -1.0013100e-001 -1.0089300e-001 -9.9947000e-002 -1.0177100e-001 -1.0150700e-001 -9.9386000e-002 -1.0095600e-001
  6.8666667e-001 -9.7997000e-002 -9.9210000e-002 -9.8335000e-002 -1.0009000e-001 -9.9852000e-002 -9.7616000e-002 -9.9116000e-002
  6.9333333e-001 -9.5922000e-002 -9.7548000e-002 -9.6728000e-002 -9.8476000e-002 -9.8110000e-002 -9.5912000e-002 -9.7206000e-002
  7.0000000e-001 -9.4055000e-002 -9.5734000e-002 -9.5181000e-002 -9.6823000e-002 -9.6339000e-002 -9.4182000e-002 -9.5273000e-002
  7.0666667e-001 -9.2295000e-002 -9.3948000e-002 -9.3645000e-002 -9.5119000e-002 -9.4559000e-002 -9.2505000e-002 -9.3473000e-002
  7.1333333e-001 -9.0636000e-002 -9.2200000e-002 -9.2045000e-002 -9.3417000e-002 -9.2788000e-002 -9.0887000e-002 -9.1779000e-002
  7.2000000e-001 -8.9116000e-002 -9.0437000e-002 -9.0381000e-002 -9.1777000e-002 -9.1074000e-002 -8.9213000e-002 -9.0219000e-002
  7.2666667e-001 -8.7704000e-002 -8.8736000e-002 -8.8670000e-002 -9.0162000e-002 -8.9441000e-002 -8.7609000e-002 -8.8715000e-002
  7.3333333e-001 -8.6407000e-002 -8.7083000e-002 -8.6899000e-002 -8.8483000e-002 -8.7852000e-002 -8.5938000e-002 -8.7262000e-002
  7.4000000e-001 -8.5195000e-002 -8.5541000e-002 -8.5103000e-002 -8.6782000e-002 -8.6280000e-002 -8.4298000e-002 -8.5772000e-002
  7.4666667e-001 -8.4002000e-002 -8.4047000e-002 -8.3351000e-002 -8.5116000e-002 -8.4745000e-002 -8.2690000e-002 -8.4207000e-002
  7.5333333e-001 -8.2730000e-002 -8.2485000e-002 -8.1669000e-002 -8.3472000e-002 -8.3188000e-002 -8.1008000e-002 -8.2658000e-002
  7.6000000e-001 -8.1339000e-002 -8.0874000e-002 -8.0004000e-002 -8.1834000e-002 -8.1590000e-002 -7.9288000e-002 -8.1039000e-002
  7.6666667e-001 -7.9957000e-002 -7.9236000e-002 -7.8434000e-002 -8.0153000e-002 -7.9964000e-002 -7.7604000e-002 -7.9356000e-002
  7.7333333e-001 -7.8502000e-002 -7.7501000e-002 -7.6844000e-002 -7.8486000e-002 -7.8299000e-002 -7.5914000e-002 -7.7650000e-002
  7.8000000e-001 -7.6985000e-002 -7.5751000e-002 -7.5270000e-002 -7.6827000e-002 -7.6556000e-002 -7.4228000e-002 -7.5908000e-002
  7.8666667e-001 -7.5431000e-002 -7.3997000e-002 -7.3678000e-002 -7.5201000e-002 -7.4787000e-002 -7.2551000e-002 -7.4086000e-002
  7.9333333e-001 -7.3797000e-002 -7.2259000e-002 -7.2026000e-002 -7.3471000e-002 -7.3027000e-002 -7.0873000e-002 -7.2243000e-002
  8.0000000e-001 -7.2102000e-002 -7.0521000e-002 -7.0340000e-002 -7.1845000e-002 -7.1250000e-002 -6.9228000e-002 -7.0397000e-002
  8.0666667e-001 -7.0386000e-002 -6.8844000e-002 -6.8609000e-002 -7.0160000e-002 -6.9519000e-002 -6.7598000e-002 -6.8590000e-002
  8.1333333e-001 -6.8608000e-002 -6.7268000e-002 -6.6819000e-002 -6.8485000e-002 -6.7915000e-002 -6.5935000e-002 -6.6864000e-002
  8.2000000e-001 -6.6767000e-002 -6.5644000e-002 -6.5026000e-002 -6.6796000e-002 -6.6266000e-002 -6.4291000e-002 -6.5240000e-002
  8.2666667e-001 -6.4893000e-002 -6.4058000e-002 -6.3380000e-002 -6.5154000e-002 -6.4636000e-002 -6.2668000e-002 -6.3714000e-002
  8.3333333e-001 -6.2954000e-002 -6.2468000e-002 -6.1705000e-002 -6.3500000e-002 -6.3091000e-002 -6.0972000e-002 -6.2159000e-002
  8.4000000e-001 -6.0955000e-002 -6.0801000e-002 -6.0075000e-002 -6.1856000e-002 -6.1486000e-002 -5.9274000e-002 -6.0644000e-002
  8.4666667e-001 -5.8906000e-002 -5.9088000e-002 -5.8422000e-002 -6.0230000e-002 -5.9817000e-002 -5.7554000e-002 -5.9038000e-002
  8.5333333e-001 -5.6809000e-002 -5.7348000e-002 -5.6836000e-002 -5.8536000e-002 -5.8107000e-002 -5.5867000e-002 -5.7341000e-002
  8.6000000e-001 -5.4784000e-002 -5.5560000e-002 -5.5234000e-002 -5.6857000e-002 -5.6357000e-002 -5.4189000e-002 -5.5661000e-002
  8.6666667e-001 -5.2837000e-002 -5.3857000e-002 -5.3577000e-002 -5.5200000e-002 -5.4618000e-002 -5.2531000e-002 -5.3881000e-002
  8.7333333e-001 -5.1047000e-002 -5.2135000e-002 -5.1911000e-002 -5.3548000e-002 -5.2902000e-002 -5.0910000e-002 -5.2114000e-002
  8.8000000e-001 -4.9375000e-002 -5.0477000e-002 -5.0224000e-002 -5.1890000e-002 -5.1250000e-002 -4.9281000e-002 -5.0350000e-002
  8.8666667e-001 -4.7779000e-002 -4.8845000e-002 -4.8480000e-002 -5.0200000e-002 -4.9577000e-002 -4.7667000e-002 -4.8656000e-002
  8.9333333e-001 -4.6234000e-002 -4.7238000e-002 -4.6782000e-002 -4.8582000e-002 -4.7950000e-002 -4.5991000e-002 -4.6954000e-002
  9.0000000e-001 -4.4929000e-002 -4.5639000e-002 -4.5035000e-002 -4.6911000e-002 -4.6343000e-002 -4.4324000e-002 -4.5310000e-002
  9.0666667e-001 -4.3651000e-002 -4.4007000e-002 -4.3337000e-002 -4.5208000e-002 -4.4724000e-002 -4.2610000e-002 -4.3727000e-002
  9.1333333e-001 -4.2325000e-002 -4.2364000e-002 -4.1730000e-002 -4.3598000e-002 -4.3084000e-002 -4.0919000e-002 -4.2196000e-002
  9.2000000e-001 -4.0913000e-002 -4.0714000e-002 -4.0129000e-002 -4.1949000e-002 -4.1447000e-002 -3.9272000e-002 -4.0655000e-002
  9.2666667e-001 -3.9427000e-002 -3.9018000e-002 -3.8525000e-002 -4.0283000e-002 -3.9765000e-002 -3.7620000e-002 -3.9023000e-002
  9.3333333e-001 -3.7949000e-002 -3.7306000e-002 -3.6903000e-002 -3.8639000e-002 -3.8114000e-002 -3.5960000e-002 -3.7345000e-002
  9.4000000e-001 -3.6400000e-002 -3.5590000e-002 -3.5264000e-002 -3.6994000e-002 -3.6389000e-002 -3.4298000e-002 -3.5631000e-002
  9.4666667e-001 -3.4765000e-002 -3.3902000e-002 -3.3589000e-002 -3.5359000e-002 -3.4624000e-002 -3.2688000e-002 -3.3882000e-002
  9.5333333e-001 -3.3085000e-002 -3.2241000e-002 -3.1874000e-002 -3.3665000e-002 -3.2939000e-002 -3.1057000e-002 -3.2114000e-002
  9.6000000e-001 -3.1334000e-002 -3.0618000e-002 -3.0188000e-002 -3.2004000e-002 -3.1270000e-002 -2.9387000e-002 -3.0410000e-002
  9.6666667e-001 -2.9560000e-002 -2.9009000e-002 -2.8514000e-002 -3.0318000e-002 -2.9647000e-002 -2.7751000e-002 -2.8675000e-002
  9.7333333e-001 -2.7731000e-002 -2.7393000e-002 -2.6806000e-002 -2.8658000e-002 -2.8032000e-002 -2.6088000e-002 -2.7031000e-002
  9.8000000e-001 -2.5834000e-002 -2.5773000e-002 -2.5152000e-002 -2.6999000e-002 -2.6390000e-002 -2.4386000e-002 -2.5436000e-002
  9.8666667e-001 -2.3890000e-002 -2.4130000e-002 -2.3453000e-002 -2.5331000e-002 -2.4770000e-002 -2.2696000e-002 -2.3842000e-002
  9.9333333e-001 -2.1916000e-002 -2.2438000e-002 -2.1861000e-002 -2.3684000e-002 -2.3131000e-002 -2.1015000e-002 -2.2267000e-002
  1.0000000e+000 -1.9974000e-002 -2.0734000e-002 -2.0221000e-002 -2.1993000e-002 -2.1428000e-002 -1.9313000e-002 -2.0642000e-002
  1.0066667e+000 -1.8099000e-002 -1.9005000e-002 -1.8577000e-002 -2.0329000e-002 -1.9704000e-002 -1.7634000e-002 -1.8987000e-002
  1.0133333e+000 -1.6383000e-002 -1.7265000e-002 -1.6944000e-002 -1.8692000e-002 -1.8048000e-002 -1.5950000e-002 -1.7285000e-002
  1.0200000e+000 -1.4769000e-002 -1.5554000e-002 -1.5234000e-002 -1.7000000e-002 -1.6356000e-002 -1.4287000e-002 -1.5517000e-002
  1.0266667e+000 -1.3318000e-002 -1.3910000e-002 -1.3539000e-002 -1.5303000e-002 -1.4619000e-002 -1.2609000e-002 -1.3759000e-002
  1.0333333e+000 -1.1908000e-002 -1.2236000e-002 -1.1834000e-002 -1.3631000e-002 -1.2936000e-002 -1.0980000e-002 -1.2030000e-002
  1.0400000e+000 -1.0453000e-002 -1.0605000e-002 -1.0145000e-002 -1.1992000e-002 -1.1303000e-002 -9.3440000e-003 -1.0357000e-002
  1.0466667e+000 -8.9700000e-003 -8.9710000e-003 -8.4810000e-003 -1.0338000e-002 -9.6900000e-003 -7.6270000e-003 -8.6780000e-003
  1.0533333e+000 -7.4190000e-003 -7.2980000e-003 -6.7790000e-003 -8.6860000e-003 -8.0120000e-003 -5.9760000e-003 -7.0870000e-003
  1.0600000e+000 -5.8170000e-003 -5.6590000e-003 -5.0990000e-003 -7.0090000e-003 -6.3870000e-003 -4.3030000e-003 -5.4710000e-003
  1.0666667e+000 -4.1060000e-003 -3.9790000e-003 -3.4870000e-003 -5.3140000e-003 -4.7410000e-003 -2.6140000e-003 -3.8410000e-003
  1.0733333e+000 -2.3700000e-003 -2.2980000e-003 -1.8860000e-003 -3.6710000e-003 -3.1110000e-003 -9.6200000e-004 -2.2380000e-003
  1.0800000e+000 -5.8000000e-004 -5.9200000e-004 -1.8100000e-004 -2.0360000e-003 -1.4360000e-003  7.1200000e-004 -5.8300000e-004
  1.0866667e+000  1.2450000e-003  1.1210000e-003  1.4230000e-003 -3.4600000e-004  2.6700000e-004  2.3790000e-003  1.0900000e-003
  1.0933333e+000  3.0940000e-003  2.8100000e-003  3.1200000e-003  1.2720000e-003  1.9930000e-003  4.0330000e-003  2.8280000e-003
  1.1000000e+000  4.9640000e-003  4.4820000e-003  4.8040000e-003  2.9360000e-003  3.6800000e-003  5.6690000e-003  4.5590000e-003
  1.1066667e+000  6.7380000e-003  6.1700000e-003  6.4810000e-003  4.6070000e-003  5.3590000e-003  7.3060000e-003  6.2800000e-003
  1.1133333e+000  8.3510000e-003  7.8100000e-003  8.1730000e-003  6.2710000e-003  7.0120000e-003  8.9600000e-003  7.9200000e-003
  1.1200000e+000  9.9130000e-003  9.4420000e-003  9.8820000e-003  7.9540000e-003  8.6700000e-003  1.0622000e-002  9.5800000e-003
  1.1266667e+000  1.1427000e-002  1.1047000e-002  1.1507000e-002  9.6210000e-003  1.0265000e-002  1.2294000e-002  1.1196000e-002
  1.1333333e+000  1.2924000e-002  1.2705000e-002  1.3200000e-002  1.1243000e-002  1.1910000e-002  1.4029000e-002  1.2779000e-002
  1.1400000e+000  1.4445000e-002  1.4412000e-002  1.4851000e-002  1.2980000e-002  1.3576000e-002  1.5695000e-002  1.4435000e-002
  1.1466667e+000  1.6082000e-002  1.6093000e-002  1.6517000e-002  1.4695000e-002  1.5247000e-002  1.7381000e-002  1.6097000e-002
  1.1533333e+000  1.7741000e-002  1.7798000e-002  1.8158000e-002  1.6352000e-002  1.6922000e-002  1.9038000e-002  1.7771000e-002
  1.1600000e+000  1.9430000e-002  1.9490000e-002  1.9833000e-002  1.8018000e-002  1.8618000e-002  2.0673000e-002  1.9414000e-002
  1.1666667e+000  2.1195000e-002  2.1148000e-002  2.1493000e-002  1.9710000e-002  2.0339000e-002  2.2354000e-002  2.1104000e-002
  1.1733333e+000  2.2983000e-002  2.2803000e-002  2.3193000e-002  2.1361000e-002  2.2001000e-002  2.4024000e-002  2.2841000e-002
  1.1800000e+000  2.4785000e-002  2.4474000e-002  2.4871000e-002  2.3028000e-002  2.3695000e-002  2.5701000e-002  2.4563000e-002
  1.1866667e+000  2.6550000e-002  2.6166000e-002  2.6585000e-002  2.4706000e-002  2.5374000e-002  2.7365000e-002  2.6224000e-002
  1.1933333e+000  2.8269000e-002  2.7815000e-002  2.8273000e-002  2.6360000e-002  2.7015000e-002  2.9010000e-002  2.7897000e-002
  1.2000000e+000  2.9913000e-002  2.9445000e-002  2.9972000e-002  2.8039000e-002  2.8639000e-002  3.0693000e-002  2.9557000e-002
  1.2066667e+000  3.1483000e-002  3.1114000e-002  3.1628000e-002  2.9717000e-002  3.0268000e-002  3.2356000e-002  3.1159000e-002
  1.2133333e+000  3.3032000e-002  3.2757000e-002  3.3237000e-002  3.1373000e-002  3.1909000e-002  3.4048000e-002  3.2742000e-002
  1.2200000e+000  3.4583000e-002  3.4407000e-002  3.4867000e-002  3.3005000e-002  3.3589000e-002  3.5736000e-002  3.4408000e-002
  1.2266667e+000  3.6193000e-002  3.6137000e-002  3.6561000e-002  3.4689000e-002  3.5279000e-002  3.7373000e-002  3.6091000e-002
  1.2333333e+000  3.7857000e-002  3.7827000e-002  3.8215000e-002  3.6402000e-002  3.6986000e-002  3.9015000e-002  3.7747000e-002
  1.2400000e+000  3.9539000e-002  3.9507000e-002  3.9855000e-002  3.8060000e-002  3.8672000e-002  4.0667000e-002  3.9451000e-002
  1.2466667e+000  4.1287000e-002  4.1163000e-002  4.1517000e-002  3.9699000e-002  4.0347000e-002  4.2348000e-002  4.1124000e-002
  1.2533333e+000  4.3046000e-002  4.2844000e-002  4.3191000e-002  4.1411000e-002  4.2015000e-002  4.4000000e-002  4.2821000e-002
  1.2600000e+000  4.4796000e-002  4.4469000e-002  4.4875000e-002  4.3052000e-002  4.3692000e-002  4.5683000e-002  4.4498000e-002
  1.2666667e+000  4.6470000e-002  4.6116000e-002  4.6547000e-002  4.4731000e-002  4.5341000e-002  4.7339000e-002  4.6131000e-002
  1.2733333e+000  4.8137000e-002  4.7773000e-002  4.8223000e-002  4.6425000e-002  4.6964000e-002  4.8999000e-002  4.7786000e-002
  1.2800000e+000  4.9791000e-002  4.9413000e-002  4.9890000e-002  4.8072000e-002  4.8573000e-002  5.0650000e-002  4.9452000e-002
  1.2866667e+000  5.1384000e-002  5.1100000e-002  5.1541000e-002  4.9673000e-002  5.0258000e-002  5.2356000e-002  5.1097000e-002
  1.2933333e+000  5.2962000e-002  5.2772000e-002  5.3190000e-002  5.1373000e-002  5.1937000e-002  5.4052000e-002  5.2689000e-002
  1.3000000e+000  5.4563000e-002  5.4507000e-002  5.4856000e-002  5.3059000e-002  5.3612000e-002  5.5717000e-002  5.4371000e-002
  1.3066667e+000  5.6214000e-002  5.6192000e-002  5.6511000e-002  5.4734000e-002  5.5300000e-002  5.7408000e-002  5.6063000e-002
  1.3133333e+000  5.7938000e-002  5.7894000e-002  5.8189000e-002  5.6409000e-002  5.6987000e-002  5.9088000e-002  5.7773000e-002
  1.3200000e+000  5.9663000e-002  5.9547000e-002  5.9879000e-002  5.8067000e-002  5.8683000e-002  6.0759000e-002  5.9459000e-002
  1.3266667e+000  6.1397000e-002  6.1231000e-002  6.1559000e-002  5.9738000e-002  6.0370000e-002  6.2417000e-002  6.1146000e-002
  1.3333333e+000  6.3136000e-002  6.2889000e-002  6.3217000e-002  6.1421000e-002  6.2049000e-002  6.4076000e-002  6.2841000e-002
  1.3400000e+000  6.4866000e-002  6.4561000e-002  6.4933000e-002  6.3104000e-002  6.3713000e-002  6.5719000e-002  6.4523000e-002
  1.3466667e+000  6.6534000e-002  6.6229000e-002  6.6575000e-002  6.4717000e-002  6.5373000e-002  6.7404000e-002  6.6152000e-002
  1.3533333e+000  6.8157000e-002  6.7857000e-002  6.8211000e-002  6.6414000e-002  6.7002000e-002  6.9058000e-002  6.7811000e-002
  1.3600000e+000  6.9751000e-002  6.9479000e-002  6.9896000e-002  6.8071000e-002  6.8660000e-002  7.0765000e-002  6.9459000e-002
  1.3666667e+000  7.1345000e-002  7.1169000e-002  7.1546000e-002  6.9748000e-002  7.0318000e-002  7.2458000e-002  7.1121000e-002
  1.3733333e+000  7.2957000e-002  7.2858000e-002  7.3190000e-002  7.1449000e-002  7.1999000e-002  7.4141000e-002  7.2787000e-002
  1.3800000e+000  7.4631000e-002  7.4565000e-002  7.4842000e-002  7.3119000e-002  7.3702000e-002  7.5779000e-002  7.4459000e-002
  1.3866667e+000  7.6324000e-002  7.6234000e-002  7.6517000e-002  7.4802000e-002  7.5392000e-002  7.7412000e-002  7.6152000e-002
  1.3933333e+000  7.8056000e-002  7.7878000e-002  7.8204000e-002  7.6471000e-002  7.7032000e-002  7.9080000e-002  7.7851000e-002
  1.4000000e+000  7.9742000e-002  7.9554000e-002  7.9846000e-002  7.8142000e-002  7.8701000e-002  8.0747000e-002  7.9494000e-002
  1.4066667e+000  8.1437000e-002  8.1174000e-002  8.1519000e-002  7.9788000e-002  8.0350000e-002  8.2370000e-002  8.1195000e-002
  1.4133333e+000  8.3131000e-002  8.2779000e-002  8.3180000e-002  8.1419000e-002  8.2003000e-002  8.4081000e-002  8.2879000e-002
  1.4200000e+000  8.4814000e-002  8.4485000e-002  8.4849000e-002  8.3099000e-002  8.3632000e-002  8.5747000e-002  8.4496000e-002
  1.4266667e+000  8.6460000e-002  8.6172000e-002  8.6521000e-002  8.4804000e-002  8.5286000e-002  8.7407000e-002  8.6166000e-002
  1.4333333e+000  8.8039000e-002  8.7824000e-002  8.8175000e-002  8.6488000e-002  8.6956000e-002  8.9080000e-002  8.7833000e-002
  1.4400000e+000  8.9663000e-002  8.9475000e-002  8.9823000e-002  8.8150000e-002  8.8613000e-002  9.0769000e-002  8.9465000e-002
  1.4466667e+000  9.1272000e-002  9.1150000e-002  9.1494000e-002  8.9839000e-002  9.0303000e-002  9.2423000e-002  9.1096000e-002
  1.4533333e+000  9.2912000e-002  9.2858000e-002  9.3148000e-002  9.1519000e-002  9.1965000e-002  9.4101000e-002  9.2807000e-002
  1.4600000e+000  9.4632000e-002  9.4492000e-002  9.4835000e-002  9.3230000e-002  9.3604000e-002  9.5743000e-002  9.4460000e-002
  1.4666667e+000  9.6346000e-002  9.6119000e-002  9.6526000e-002  9.4904000e-002  9.5304000e-002  9.7433000e-002  9.6150000e-002
  1.4733333e+000  9.8041000e-002  9.7781000e-002  9.8167000e-002  9.6592000e-002  9.6961000e-002  9.9097000e-002  9.7832000e-002
  1.4800000e+000  9.9725000e-002  9.9452000e-002  9.9837000e-002  9.8223000e-002  9.8627000e-002  1.0076400e-001  9.9520000e-002
  1.4866667e+000  1.0144100e-001  1.0107700e-001  1.0152700e-001  9.9871000e-002  1.0028500e-001  1.0246300e-001  1.0118000e-001
  1.4933333e+000  1.0311600e-001  1.0274900e-001  1.0320500e-001  1.0155900e-001  1.0196300e-001  1.0409800e-001  1.0286500e-001
  1.5000000e+000  1.0475300e-001  1.0440000e-001  1.0487700e-001  1.0326400e-001  1.0359200e-001  1.0579800e-001  1.0449600e-001
  1.5066667e+000  1.0638000e-001  1.0610200e-001  1.0651400e-001  1.0493400e-001  1.0522800e-001  1.0748300e-001  1.0612300e-001
  1.5133333e+000  1.0801500e-001  1.0778600e-001  1.0821500e-001  1.0662900e-001  1.0691000e-001  1.0920100e-001  1.0780000e-001
  1.5200000e+000  1.0970800e-001  1.0947200e-001  1.0989200e-001  1.0832300e-001  1.0860600e-001  1.1087200e-001  1.0949300e-001
  1.5266667e+000  1.1135700e-001  1.1116600e-001  1.1155200e-001  1.1000700e-001  1.1031700e-001  1.1255900e-001  1.1116500e-001
  1.5333333e+000  1.1303900e-001  1.1282700e-001  1.1322900e-001  1.1171900e-001  1.1201000e-001  1.1421300e-001  1.1286500e-001
  1.5400000e+000  1.1474800e-001  1.1449900e-001  1.1485700e-001  1.1337000e-001  1.1367700e-001  1.1586800e-001  1.1454700e-001
  1.5466667e+000  1.1646300e-001  1.1615000e-001  1.1656800e-001  1.1501300e-001  1.1534700e-001  1.1754300e-001  1.1617700e-001
  1.5533333e+000  1.1813400e-001  1.1784200e-001  1.1822300e-001  1.1668900e-001  1.1699000e-001  1.1920800e-001  1.1784700e-001
  1.5600000e+000  1.1983100e-001  1.1946500e-001  1.1986800e-001  1.1834800e-001  1.1867100e-001  1.2084900e-001  1.1948600e-001
  1.5666667e+000  1.2151100e-001  1.2112700e-001  1.2155300e-001  1.2001300e-001  1.2033100e-001  1.2256500e-001  1.2113400e-001
  1.5733333e+000  1.2311400e-001  1.2280500e-001  1.2317400e-001  1.2162800e-001  1.2199200e-001  1.2422500e-001  1.2280900e-001
  1.5800000e+000  1.2474600e-001  1.2446000e-001  1.2484000e-001  1.2326700e-001  1.2362900e-001  1.2586100e-001  1.2445400e-001
  1.5866667e+000  1.2637200e-001  1.2613500e-001  1.2651900e-001  1.2495900e-001  1.2528700e-001  1.2755900e-001  1.2611300e-001
  1.5933333e+000  1.2801700e-001  1.2780700e-001  1.2815700e-001  1.2659600e-001  1.2693800e-001  1.2923900e-001  1.2777500e-001
  1.6000000e+000  1.2970300e-001  1.2949600e-001  1.2986000e-001  1.2824800e-001  1.2862100e-001  1.3089400e-001  1.2943900e-001
  1.6066667e+000  1.3138700e-001  1.3115200e-001  1.3152300e-001  1.2995300e-001  1.3028500e-001  1.3256000e-001  1.3111900e-001
  1.6133333e+000  1.3304400e-001  1.3282300e-001  1.3317400e-001  1.3158500e-001  1.3197800e-001  1.3420100e-001  1.3279600e-001
  1.6200000e+000  1.3472800e-001  1.3447500e-001  1.3487500e-001  1.3324000e-001  1.3365800e-001  1.3590200e-001  1.3447500e-001
  1.6266667e+000  1.3645000e-001  1.3612800e-001  1.3653900e-001  1.3488100e-001  1.3529200e-001  1.3755500e-001  1.3614900e-001
  1.6333333e+000  1.3812800e-001  1.3782400e-001  1.3820800e-001  1.3658200e-001  1.3696900e-001  1.3923800e-001  1.3783300e-001
  1.6400000e+000  1.3976700e-001  1.3948400e-001  1.3986400e-001  1.3826600e-001  1.3865300e-001  1.4085800e-001  1.3947600e-001
  1.6466667e+000  1.4141700e-001  1.4112400e-001  1.4156200e-001  1.3989500e-001  1.4030600e-001  1.4252500e-001  1.4111000e-001
  1.6533333e+000  1.4307700e-001  1.4278500e-001  1.4322700e-001  1.4154000e-001  1.4196200e-001  1.4420900e-001  1.4278700e-001
  1.6600000e+000  1.4472900e-001  1.4450100e-001  1.4491400e-001  1.4323400e-001  1.4363000e-001  1.4590400e-001  1.4446700e-001
  1.6666667e+000  1.4640100e-001  1.4620200e-001  1.4655000e-001  1.4489200e-001  1.4531500e-001  1.4758700e-001  1.4618100e-001
  1.6733333e+000  1.4807600e-001  1.4786000e-001  1.4823600e-001  1.4658200e-001  1.4702500e-001  1.4921400e-001  1.4785100e-001
  1.6800000e+000  1.4975900e-001  1.4953200e-001  1.4991100e-001  1.4826800e-001  1.4872000e-001  1.5089400e-001  1.4951900e-001
  1.6866667e+000  1.5141000e-001  1.5119600e-001  1.5157100e-001  1.4994000e-001  1.5037300e-001  1.5255100e-001  1.5116400e-001
  1.6933333e+000  1.5306600e-001  1.5282700e-001  1.5322100e-001  1.5158800e-001  1.5203000e-001  1.5419300e-001  1.5284300e-001
  1.7000000e+000  1.5473000e-001  1.5448300e-001  1.5488100e-001  1.5323700e-001  1.5369200e-001  1.5583000e-001  1.5451600e-001
  1.7066667e+000  1.5645900e-001  1.5615500e-001  1.5658100e-001  1.5489200e-001  1.5531700e-001  1.5746600e-001  1.5617200e-001
  1.7133333e+000  1.5813900e-001  1.5777700e-001  1.5825800e-001  1.5655500e-001  1.5698000e-001  1.5916600e-001  1.5779800e-001
  1.7200000e+000  1.5979500e-001  1.5947800e-001  1.5991700e-001  1.5822500e-001  1.5865900e-001  1.6080300e-001  1.5948300e-001
  1.7266667e+000  1.6142500e-001  1.6113700e-001  1.6154600e-001  1.5987900e-001  1.6031900e-001  1.6247800e-001  1.6116200e-001
  1.7333333e+000  1.6308800e-001  1.6282400e-001  1.6321700e-001  1.6155600e-001  1.6197100e-001  1.6414300e-001  1.6282600e-001
  1.7400000e+000  1.6475800e-001  1.6449400e-001  1.6491200e-001  1.6322200e-001  1.6365100e-001  1.6583100e-001  1.6450500e-001
  1.7466667e+000  1.6645800e-001  1.6615100e-001  1.6656700e-001  1.6491600e-001  1.6534000e-001  1.6749400e-001  1.6616800e-001
  1.7533333e+000  1.6812300e-001  1.6782100e-001  1.6822900e-001  1.6658600e-001  1.6703200e-001  1.6914700e-001  1.6783100e-001
  1.7600000e+000  1.6978400e-001  1.6947900e-001  1.6989600e-001  1.6824400e-001  1.6870800e-001  1.7078500e-001  1.6951100e-001
  1.7666667e+000  1.7143700e-001  1.7114500e-001  1.7155500e-001  1.6990900e-001  1.7037000e-001  1.7248100e-001  1.7118900e-001
  1.7733333e+000  1.7311500e-001  1.7281600e-001  1.7321700e-001  1.7157400e-001  1.7200500e-001  1.7415500e-001  1.7281500e-001
  1.7800000e+000  1.7478600e-001  1.7446400e-001  1.7487700e-001  1.7325000e-001  1.7366400e-001  1.7580700e-001  1.7446900e-001
  1.7866667e+000  1.7646000e-001  1.7612200e-001  1.7658300e-001  1.7489300e-001  1.7534100e-001  1.7746300e-001  1.7615300e-001
  1.7933333e+000  1.7811700e-001  1.7775200e-001  1.7823000e-001  1.7656000e-001  1.7698200e-001  1.7912300e-001  1.7780900e-001
  1.8000000e+000  1.7979200e-001  1.7946200e-001  1.7988100e-001  1.7819800e-001  1.7865500e-001  1.8081600e-001  1.7949300e-001
  1.8066667e+000  1.8141400e-001  1.8114200e-001  1.8157200e-001  1.7989000e-001  1.8033600e-001  1.8246600e-001  1.8114100e-001
  1.8133333e+000  1.8304400e-001  1.8280100e-001  1.8322800e-001  1.8155900e-001  1.8200000e-001  1.8415200e-001  1.8281300e-001
  1.8200000e+000  1.8471400e-001  1.8446000e-001  1.8489800e-001  1.8324200e-001  1.8365100e-001  1.8581600e-001  1.8448300e-001
  1.8266667e+000  1.8643500e-001  1.8612400e-001  1.8656400e-001  1.8492900e-001  1.8532500e-001  1.8749300e-001  1.8614500e-001
  1.8333333e+000  1.8809900e-001  1.8781500e-001  1.8823200e-001  1.8660600e-001  1.8702600e-001  1.8912300e-001  1.8779800e-001
  1.8400000e+000  1.8975200e-001  1.8947800e-001  1.8989300e-001  1.8824400e-001  1.8866900e-001  1.9078200e-001  1.8946100e-001
  1.8466667e+000  1.9139100e-001  1.9113500e-001  1.9152900e-001  1.8989600e-001  1.9035800e-001  1.9243700e-001  1.9113100e-001
  1.8533333e+000  1.9308200e-001  1.9279000e-001  1.9320600e-001  1.9155400e-001  1.9199900e-001  1.9410700e-001  1.9279600e-001
  1.8600000e+000  1.9477600e-001  1.9448400e-001  1.9489000e-001  1.9320800e-001  1.9365400e-001  1.9578200e-001  1.9448500e-001
  1.8666667e+000  1.9645200e-001  1.9616200e-001  1.9658300e-001  1.9488100e-001  1.9535600e-001  1.9747600e-001  1.9616800e-001
  1.8733333e+000  1.9815300e-001  1.9782000e-001  1.9826100e-001  1.9659600e-001  1.9702700e-001  1.9914800e-001  1.9785700e-001
  1.8800000e+000  1.9978900e-001  1.9947500e-001  1.9990600e-001  1.9823400e-001  1.9871200e-001  2.0078200e-001  1.9951900e-001
  1.8866667e+000  2.0143300e-001  2.0115200e-001  2.0158200e-001  1.9989700e-001  2.0036300e-001  2.0245400e-001  2.0116000e-001
  1.8933333e+000  2.0309200e-001  2.0281700e-001  2.0324200e-001  2.0157200e-001  2.0200900e-001  2.0413600e-001  2.0283200e-001
  1.9000000e+000  2.0476900e-001  2.0447400e-001  2.0490900e-001  2.0323500e-001  2.0368900e-001  2.0579400e-001  2.0454300e-001
  1.9066667e+000  2.0647500e-001  2.0615400e-001  2.0659800e-001  2.0490700e-001  2.0538300e-001  2.0747300e-001  2.0624300e-001
  1.9133333e+000  2.0812000e-001  2.0780900e-001  2.0827100e-001  2.0658500e-001  2.0705400e-001  2.0911500e-001  2.0788200e-001
  1.9200000e+000  2.0980400e-001  2.0947000e-001  2.0991600e-001  2.0821500e-001  2.0875500e-001  2.1076000e-001  2.0956200e-001
  1.9266667e+000  2.1146700e-001  2.1109500e-001  2.1159200e-001  2.0990800e-001  2.1038400e-001  2.1242700e-001  2.1121100e-001
  1.9333333e+000  2.1309800e-001  2.1279800e-001  2.1322000e-001  2.1157500e-001  2.1203500e-001  2.1407400e-001  2.1286700e-001
  1.9400000e+000  2.1478700e-001  2.1445700e-001  2.1489900e-001  2.1321700e-001  2.1368200e-001  2.1575500e-001  2.1457500e-001
  1.9466667e+000  2.1647800e-001  2.1614700e-001  2.1656100e-001  2.1489700e-001  2.1536900e-001  2.1743500e-001  2.1625800e-001
  1.9533333e+000  2.1816300e-001  2.1779800e-001  2.1826700e-001  2.1654500e-001  2.1705100e-001  2.1910600e-001  2.1791100e-001
  1.9600000e+000  2.1980800e-001  2.1944100e-001  2.1991100e-001  2.1822700e-001  2.1870400e-001  2.2079800e-001  2.1954400e-001
  1.9666667e+000  2.2144900e-001  2.2113400e-001  2.2157700e-001  2.1990400e-001  2.2038000e-001  2.2241600e-001  2.2121000e-001
  1.9733333e+000  2.2311100e-001  2.2281800e-001  2.2322100e-001  2.2153100e-001  2.2205100e-001  2.2407100e-001  2.2288400e-001
  1.9800000e+000  2.2477400e-001  2.2446300e-001  2.2489600e-001  2.2319200e-001  2.2369500e-001  2.2574100e-001  2.2452900e-001
  1.9866667e+000  2.2641800e-001  2.2612500e-001  2.2653300e-001  2.2485600e-001  2.2534700e-001  2.2741800e-001  2.2622900e-001
  1.9933333e+000  2.2808800e-001  2.2780400e-001  2.2822200e-001  2.2652600e-001  2.2706800e-001  2.2908600e-001  2.2792100e-001
  2.0000000e+000  2.2978600e-001  2.2948900e-001  2.2990100e-001  2.2819100e-001  2.2871600e-001  2.3075200e-001  2.2957700e-001
