 -5.0000000e-001  2.1253571e+001  2.4632898e+001  2.0808027e+001  2.3339998e+001  2.3709875e+001
 -4.9333333e-001  2.1267712e+001  2.4634979e+001  2.0770241e+001  2.3322031e+001  2.3692902e+001
 -4.8666667e-001  2.1261705e+001  2.4639019e+001  2.0770586e+001  2.3315662e+001  2.3674038e+001
 -4.8000000e-001  2.1248087e+001  2.4632740e+001  2.0750582e+001  2.3320080e+001  2.3645973e+001
 -4.7333333e-001  2.1270115e+001  2.4663134e+001  2.0769123e+001  2.3322233e+001  2.3643332e+001
 -4.6666667e-001  2.1273602e+001  2.4658342e+001  2.0791079e+001  2.3307205e+001  2.3647257e+001
 -4.6000000e-001  2.1283064e+001  2.4654938e+001  2.0754580e+001  2.3286005e+001  2.3622396e+001
 -4.5333333e-001  2.1283937e+001  2.4658676e+001  2.0797430e+001  2.3301044e+001  2.3614408e+001
 -4.4666667e-001  2.1262587e+001  2.4660633e+001  2.0777651e+001  2.3309963e+001  2.3617804e+001
 -4.4000000e-001  2.1259077e+001  2.4650766e+001  2.0722555e+001  2.3304451e+001  2.3603912e+001
 -4.3333333e-001  2.1248745e+001  2.4633438e+001  2.0754183e+001  2.3291622e+001  2.3589701e+001
 -4.2666667e-001  2.1254230e+001  2.4636564e+001  2.0761774e+001  2.3287592e+001  2.3593464e+001
 -4.2000000e-001  2.1267746e+001  2.4637300e+001  2.0816687e+001  2.3284241e+001  2.3592937e+001
 -4.1333333e-001  2.1256744e+001  2.4627060e+001  2.0781918e+001  2.3283197e+001  2.3577356e+001
 -4.0666667e-001  2.1247345e+001  2.4627586e+001  2.0745232e+001  2.3284233e+001  2.3569075e+001
 -4.0000000e-001  2.1254288e+001  2.4616232e+001  2.0739880e+001  2.3272345e+001  2.3565214e+001
 -3.9333333e-001  2.1248388e+001  2.4581005e+001  2.0779272e+001  2.3279625e+001  2.3566042e+001
 -3.8666667e-001  2.1263145e+001  2.4584713e+001  2.0803854e+001  2.3280952e+001  2.3579144e+001
 -3.8000000e-001  2.1258251e+001  2.4579145e+001  2.0789705e+001  2.3270018e+001  2.3580698e+001
 -3.7333333e-001  2.1244884e+001  2.4574896e+001  2.0748899e+001  2.3266577e+001  2.3565853e+001
 -3.6666667e-001  2.1251060e+001  2.4578421e+001  2.0750883e+001  2.3248734e+001  2.3545799e+001
 -3.6000000e-001  2.1257288e+001  2.4558348e+001  2.0725254e+001  2.3216259e+001  2.3549728e+001
 -3.5333333e-001  2.1244976e+001  2.4573236e+001  2.0764282e+001  2.3223797e+001  2.3534966e+001
 -3.4666667e-001  2.1271048e+001  2.4551815e+001  2.0726223e+001  2.3227987e+001  2.3528791e+001
 -3.4000000e-001  2.1289762e+001  2.4549015e+001  2.0677963e+001  2.3207235e+001  2.3527225e+001
 -3.3333333e-001  2.1276329e+001  2.4553717e+001  2.0653383e+001  2.3217793e+001  2.3524694e+001
 -3.2666667e-001  2.1252817e+001  2.4551134e+001  2.0611425e+001  2.3228657e+001  2.3516228e+001
 -3.2000000e-001  2.1241524e+001  2.4548883e+001  2.0641405e+001  2.3206917e+001  2.3495319e+001
 -3.1333333e-001  2.1259975e+001  2.4546316e+001  2.0585016e+001  2.3208590e+001  2.3499228e+001
 -3.0666667e-001  2.1262472e+001  2.4552673e+001  2.0568096e+001  2.3196936e+001  2.3506672e+001
 -3.0000000e-001  2.1261885e+001  2.4540440e+001  2.0547983e+001  2.3199917e+001  2.3501205e+001
 -2.9333333e-001  2.1254393e+001  2.4528786e+001  2.0516703e+001  2.3207558e+001  2.3489571e+001
 -2.8666667e-001  2.1257454e+001  2.4529938e+001  2.0514328e+001  2.3209917e+001  2.3502115e+001
 -2.8000000e-001  2.1269316e+001  2.4523426e+001  2.0524393e+001  2.3215069e+001  2.3481962e+001
 -2.7333333e-001  2.1274128e+001  2.4518232e+001  2.0490522e+001  2.3219078e+001  2.3467018e+001
 -2.6666667e-001  2.1280640e+001  2.4527994e+001  2.0446148e+001  2.3208654e+001  2.3471693e+001
 -2.6000000e-001  2.1288960e+001  2.4546766e+001  2.0489363e+001  2.3180408e+001  2.3465788e+001
 -2.5333333e-001  2.1286325e+001  2.4539312e+001  2.0495094e+001  2.3167706e+001  2.3453814e+001
 -2.4666667e-001  2.1280277e+001  2.4531338e+001  2.0471781e+001  2.3167643e+001  2.3463213e+001
 -2.4000000e-001  2.1289024e+001  2.4543320e+001  2.0453773e+001  2.3175241e+001  2.3466589e+001
 -2.3333333e-001  2.1299652e+001  2.4535299e+001  2.0436584e+001  2.3173086e+001  2.3457930e+001
 -2.2666667e-001  2.1313774e+001  2.4539160e+001  2.0466969e+001  2.3163290e+001  2.3442053e+001
 -2.2000000e-001  2.1306395e+001  2.4520140e+001  2.0492262e+001  2.3145061e+001  2.3420610e+001
 -2.1333333e-001  2.1313698e+001  2.4501137e+001  2.0496298e+001  2.3116915e+001  2.3408337e+001
 -2.0666667e-001  2.1308388e+001  2.4506336e+001  2.0522568e+001  2.3091167e+001  2.3411667e+001
 -2.0000000e-001  2.1324535e+001  2.4522503e+001  2.0478493e+001  2.3071550e+001  2.3400263e+001
 -1.9333333e-001  2.1327969e+001  2.4513956e+001  2.0546236e+001  2.3068289e+001  2.3361086e+001
 -1.8666667e-001  2.1307106e+001  2.4510374e+001  2.0511339e+001  2.3055984e+001  2.3346582e+001
 -1.8000000e-001  2.1308956e+001  2.4523802e+001  2.0569574e+001  2.3076921e+001  2.3333723e+001
 -1.7333333e-001  2.1324282e+001  2.4514402e+001  2.0637348e+001  2.3054264e+001  2.3325306e+001
 -1.6666667e-001  2.1316862e+001  2.4509680e+001  2.0610361e+001  2.3034180e+001  2.3297832e+001
 -1.6000000e-001  2.1306417e+001  2.4516253e+001  2.0621914e+001  2.3039616e+001  2.3283848e+001
 -1.5333333e-001  2.1334972e+001  2.4507116e+001  2.0672426e+001  2.3028378e+001  2.3287125e+001
 -1.4666667e-001  2.1321960e+001  2.4515902e+001  2.0617645e+001  2.3011311e+001  2.3276960e+001
 -1.4000000e-001  2.1310946e+001  2.4506214e+001  2.0669470e+001  2.3011816e+001  2.3242336e+001
 -1.3333333e-001  2.1332491e+001  2.4515608e+001  2.0678825e+001  2.2983545e+001  2.3234587e+001
 -1.2666667e-001  2.1365595e+001  2.4517305e+001  2.0735853e+001  2.2959471e+001  2.3241884e+001
 -1.2000000e-001  2.1343613e+001  2.4525322e+001  2.0769026e+001  2.2957878e+001  2.3236134e+001
 -1.1333333e-001  2.1346228e+001  2.4520334e+001  2.0733807e+001  2.2959955e+001  2.3243523e+001
 -1.0666667e-001  2.1361059e+001  2.4527351e+001  2.0740810e+001  2.2951115e+001  2.3249952e+001
 -1.0000000e-001  2.1361511e+001  2.4509363e+001  2.0698248e+001  2.2929281e+001  2.3263823e+001
 -9.3333333e-002  2.1329683e+001  2.4524588e+001  2.0706470e+001  2.2924747e+001  2.3264648e+001
 -8.6666667e-002  2.1317026e+001  2.4531487e+001  2.0761618e+001  2.2913240e+001  2.3241816e+001
 -8.0000000e-002  2.1323961e+001  2.4519798e+001  2.0785702e+001  2.2912106e+001  2.3244276e+001
 -7.3333333e-002  2.1330414e+001  2.4545208e+001  2.0743841e+001  2.2893471e+001  2.3269106e+001
 -6.6666667e-002  2.1324440e+001  2.4526911e+001  2.0749069e+001  2.2881847e+001  2.3272280e+001
 -6.0000000e-002  2.1303333e+001  2.4514259e+001  2.0762951e+001  2.2871809e+001  2.3271374e+001
 -5.3333333e-002  2.1322104e+001  2.4503691e+001  2.0796320e+001  2.2874281e+001  2.3265675e+001
 -4.6666667e-002  2.1308037e+001  2.4521866e+001  2.0718561e+001  2.2852718e+001  2.3243832e+001
 -4.0000000e-002  2.1279861e+001  2.4527655e+001  2.0736727e+001  2.2830717e+001  2.3253614e+001
 -3.3333333e-002  2.1281918e+001  2.4523233e+001  2.0709839e+001  2.2832815e+001  2.3256905e+001
 -2.6666667e-002  2.1288860e+001  2.4505190e+001  2.0748272e+001  2.2833553e+001  2.3242401e+001
 -2.0000000e-002  2.1280266e+001  2.3733530e+001  2.0730026e+001  2.2820791e+001  2.3250809e+001
 -1.3333333e-002  2.1261541e+001  2.3676729e+001  2.0745417e+001  2.2843332e+001  2.3258541e+001
 -6.6666667e-003  2.1240091e+001  2.3675787e+001  2.0703091e+001  2.2824255e+001  2.3256689e+001
  0.0000000e+000  2.1248760e+001  2.3656218e+001  2.0726198e+001  2.2803537e+001  2.3272877e+001
  6.6666667e-003  2.1255896e+001  2.3662941e+001  2.0756413e+001  2.2816151e+001  2.3264734e+001
  1.3333333e-002  2.1225813e+001  2.3673595e+001  2.0724106e+001  2.2796656e+001  2.3264017e+001
  2.0000000e-002  2.1229013e+001  2.3652365e+001  2.0701632e+001  2.2782448e+001  2.3275747e+001
  2.6666667e-002  2.1229151e+001  2.3645077e+001  2.0688881e+001  2.2774380e+001  2.3296427e+001
  3.3333333e-002  2.1210428e+001  2.3652548e+001  2.0673122e+001  2.2762045e+001  2.3300138e+001
  4.0000000e-002  2.1194788e+001  2.3650175e+001  2.0635202e+001  2.2709558e+001  2.3276110e+001
  4.6666667e-002  2.1189795e+001  2.3659695e+001  2.0681385e+001  2.2687576e+001  2.3275898e+001
  5.3333333e-002  2.1192905e+001  2.3656990e+001  2.0692005e+001  2.2629385e+001  2.3276796e+001
  6.0000000e-002  2.1168663e+001  2.3689817e+001  2.0648262e+001  2.2601032e+001  2.3265079e+001
  6.6666667e-002  2.1164326e+001  2.3710077e+001  2.0601528e+001  2.2563963e+001  2.3257685e+001
  7.3333333e-002  2.1157597e+001  2.3689529e+001  2.0571339e+001  2.2550203e+001  2.3226030e+001
  8.0000000e-002  2.1154728e+001  2.3705433e+001  2.0499216e+001  2.2523388e+001  2.3203583e+001
  8.6666667e-002  2.1155884e+001  2.3710991e+001  2.0451979e+001  2.2493740e+001  2.3202900e+001
  9.3333333e-002  2.1168612e+001  2.3707893e+001  2.0449705e+001  2.2459862e+001  2.3196428e+001
  1.0000000e-001  2.1168007e+001  2.3737316e+001  2.0463688e+001  2.2435270e+001  2.3203796e+001
  1.0666667e-001  2.1181715e+001  2.3734528e+001  2.0486418e+001  2.2419720e+001  2.3202578e+001
  1.1333333e-001  2.1202339e+001  2.3745935e+001  2.0427515e+001  2.2411295e+001  2.3196062e+001
  1.2000000e-001  2.1207609e+001  2.3755697e+001  2.0397266e+001  2.2416466e+001  2.3184237e+001
  1.2666667e-001  2.1189627e+001  2.3755093e+001  2.0439877e+001  2.2430416e+001  2.3181282e+001
  1.3333333e-001  2.1198008e+001  2.3718489e+001  2.0425419e+001  2.2411205e+001  2.3172045e+001
  1.4000000e-001  2.1195009e+001  2.3769157e+001  2.0411142e+001  2.2431997e+001  2.3144739e+001
  1.4666667e-001  2.1185091e+001  2.3796679e+001  1.9679216e+001  2.2467754e+001  2.3126505e+001
  1.5333333e-001  2.1180229e+001  2.3817087e+001  1.9654308e+001  2.2462431e+001  2.3100435e+001
  1.6000000e-001  2.1164734e+001  2.3809923e+001  1.9685690e+001  2.2472723e+001  2.3058784e+001
  1.6666667e-001  2.1151424e+001  2.3767418e+001  1.9664537e+001  2.2506437e+001  2.3045372e+001
  1.7333333e-001  2.1127815e+001  2.3770565e+001  1.9647814e+001  2.2524433e+001  2.3044806e+001
  1.8000000e-001  2.1107582e+001  2.3801144e+001  1.9645155e+001  2.2526028e+001  2.3062435e+001
  1.8666667e-001  2.1088682e+001  2.3859362e+001  1.9635031e+001  2.2520832e+001  2.3059349e+001
  1.9333333e-001  2.1063669e+001  2.3910604e+001  1.9569269e+001  2.2539715e+001  2.3072527e+001
  2.0000000e-001  2.1018316e+001  2.3887953e+001  1.9503113e+001  2.2565886e+001  2.3058754e+001
  2.0666667e-001  2.0980644e+001  2.3931196e+001  1.9497484e+001  2.2618740e+001  2.3069599e+001
  2.1333333e-001  2.0930124e+001  2.3939070e+001  1.9525547e+001  2.2647306e+001  2.3063951e+001
  2.2000000e-001  2.0910086e+001  2.4013744e+001  1.9511740e+001  2.2656981e+001  2.3018929e+001
  2.2666667e-001  2.0886087e+001  2.4095644e+001  1.9480570e+001  2.2666269e+001  2.3030352e+001
  2.3333333e-001  2.0834499e+001  2.4105253e+001  1.9537560e+001  2.2659279e+001  2.3015249e+001
  2.4000000e-001  2.0803957e+001  2.4161716e+001  1.9597733e+001  2.2661102e+001  2.3011650e+001
  2.4666667e-001  2.0724787e+001  2.4233549e+001  1.9607082e+001  2.2663763e+001  2.2997112e+001
  2.5333333e-001  2.0624336e+001  2.4208231e+001  1.9623650e+001  2.2681374e+001  2.2991716e+001
  2.6000000e-001  2.0499704e+001  2.4260880e+001  1.9620272e+001  2.2701036e+001  2.2987438e+001
  2.6666667e-001  2.0343174e+001  2.4316738e+001  1.9642469e+001  2.2734695e+001  2.2969208e+001
  2.7333333e-001  2.0165808e+001  2.4368591e+001  1.9647898e+001  2.2796326e+001  2.2955355e+001
  2.8000000e-001  1.9993839e+001  2.4391541e+001  1.9730736e+001  2.2864626e+001  2.2960629e+001
  2.8666667e-001  1.9861513e+001  2.4453859e+001  1.9745604e+001  2.2958038e+001  2.2991659e+001
  2.9333333e-001  1.9738295e+001  2.4506174e+001  1.9831949e+001  2.3109032e+001  2.3069717e+001
  3.0000000e-001  1.9588600e+001  2.4578588e+001  1.9938709e+001  2.3266596e+001  2.3189810e+001
  3.0666667e-001  1.9491249e+001  2.4746910e+001  1.9988468e+001  2.3475462e+001  2.3300100e+001
  3.1333333e-001  1.9445837e+001  2.4909218e+001  2.0087379e+001  2.3703739e+001  2.3485399e+001
  3.2000000e-001  1.9479223e+001  2.5104799e+001  2.0145407e+001  2.3936861e+001  2.3665211e+001
  3.2666667e-001  1.9567011e+001  2.5370821e+001  2.0257063e+001  2.4156189e+001  2.3847910e+001
  3.3333333e-001  1.9668564e+001  2.5697311e+001  2.0421518e+001  2.4364536e+001  2.4053261e+001
  3.4000000e-001  1.9829336e+001  2.6875874e+001  2.0654829e+001  2.4580296e+001  2.4286743e+001
  3.4666667e-001  2.0120800e+001  2.7211279e+001  2.0834568e+001  2.4788988e+001  2.4556242e+001
  3.5333333e-001  2.0392181e+001  2.7575901e+001  2.1095852e+001  2.5012007e+001  2.4840397e+001
  3.6000000e-001  2.0841202e+001  2.7964079e+001  2.1411938e+001  2.5234118e+001  2.5153891e+001
  3.6666667e-001  2.1066778e+001  2.8313751e+001  2.1799160e+001  2.5455576e+001  2.5449926e+001
  3.7333333e-001  2.1282993e+001  2.8685705e+001  2.2281479e+001  2.5715126e+001  2.5796947e+001
  3.8000000e-001  2.1432507e+001  2.9070034e+001  2.3377857e+001  2.5988533e+001  2.6158577e+001
  3.8666667e-001  2.1538465e+001  2.9406431e+001  2.3892418e+001  2.6261099e+001  2.6532969e+001
  3.9333333e-001  2.1633713e+001  2.9743528e+001  2.4441324e+001  2.6564466e+001  2.6947962e+001
  4.0000000e-001  2.1723560e+001  3.0046688e+001  2.5016989e+001  2.6899368e+001  2.7350283e+001
  4.0666667e-001  2.1784672e+001  3.0336435e+001  2.5655622e+001  2.7278154e+001  2.7739407e+001
  4.1333333e-001  2.1845060e+001  3.0590546e+001  2.6331587e+001  2.7674717e+001  2.8113068e+001
  4.2000000e-001  2.1907465e+001  3.0818005e+001  2.7020859e+001  2.8059643e+001  2.8479376e+001
  4.2666667e-001  2.1942884e+001  3.1066471e+001  2.7682219e+001  2.8458910e+001  2.8826435e+001
  4.3333333e-001  2.1996393e+001  3.1378447e+001  2.8351868e+001  2.8890024e+001  2.9160526e+001
  4.4000000e-001  2.2085230e+001  3.1657351e+001  2.9025173e+001  2.9344324e+001  2.9487314e+001
  4.4666667e-001  2.2150326e+001  3.1951963e+001  2.9654011e+001  2.9784840e+001  2.9804855e+001
  4.5333333e-001  2.2215588e+001  3.2285774e+001  3.0222286e+001  3.0224277e+001  3.0090784e+001
  4.6000000e-001  2.2283140e+001  3.2648098e+001  3.0799397e+001  3.0649422e+001  3.0352377e+001
  4.6666667e-001  2.2368113e+001  3.3013611e+001  3.1348885e+001  3.1063349e+001  3.0610201e+001
  4.7333333e-001  2.2463123e+001  3.3387428e+001  3.1863827e+001  3.1498610e+001  3.0828075e+001
  4.8000000e-001  2.2580065e+001  3.3814350e+001  3.2379063e+001  3.1905357e+001  3.1044043e+001
  4.8666667e-001  2.2773117e+001  3.4236092e+001  3.2908173e+001  3.2300915e+001  3.1308292e+001
  4.9333333e-001  2.3028509e+001  3.4681976e+001  3.3494862e+001  3.2703701e+001  3.1519026e+001
  5.0000000e-001  2.3329088e+001  3.5152378e+001  3.4021702e+001  3.3079906e+001  3.1751553e+001
  5.0666667e-001  2.3679308e+001  3.5605301e+001  3.4604401e+001  3.3445217e+001  3.1990622e+001
  5.1333333e-001  2.4106157e+001  3.6047962e+001  3.5157753e+001  3.3816639e+001  3.2249928e+001
  5.2000000e-001  2.4562679e+001  3.6475609e+001  3.5720661e+001  3.4168297e+001  3.2531693e+001
  5.2666667e-001  2.5019394e+001  3.6889294e+001  3.6309425e+001  3.4553596e+001  3.2773853e+001
  5.3333333e-001  2.5510710e+001  3.7300652e+001  3.6850639e+001  3.4941601e+001  3.3028465e+001
  5.4000000e-001  2.6020788e+001  3.7710117e+001  3.7347721e+001  3.5323299e+001  3.3270733e+001
  5.4666667e-001  2.6542351e+001  3.8100857e+001  3.7876865e+001  3.5684795e+001  3.3500107e+001
  5.5333333e-001  2.7048347e+001  3.8464108e+001  3.8409317e+001  3.6094151e+001  3.3753105e+001
  5.6000000e-001  2.7526857e+001  3.8820465e+001  3.8604774e+001  3.6512894e+001  3.3952930e+001
  5.6666667e-001  2.7672762e+001  3.9160053e+001  3.9154236e+001  3.6932968e+001  3.4168900e+001
  5.7333333e-001  2.8118887e+001  3.9505096e+001  3.9729584e+001  3.7357960e+001  3.4395359e+001
  5.8000000e-001  2.8576487e+001  3.9821327e+001  4.0345779e+001  3.7734211e+001  3.4615971e+001
  5.8666667e-001  2.9026970e+001  4.0120625e+001  4.1030346e+001  3.7455093e+001  3.4812717e+001
  5.9333333e-001  2.9442522e+001  4.0450169e+001  4.1688194e+001  3.7863113e+001  3.4958801e+001
  6.0000000e-001  2.9840164e+001  4.0797012e+001  4.2385128e+001  3.8201721e+001  3.5136909e+001
  6.0666667e-001  3.0235762e+001  4.1144257e+001  4.3086338e+001  3.8537724e+001  3.5271851e+001
  6.1333333e-001  3.0614441e+001  4.1473083e+001  4.3778194e+001  3.8850071e+001  3.5426018e+001
  6.2000000e-001  3.1012093e+001  4.1755505e+001  4.4467983e+001  3.9130924e+001  3.5608337e+001
  6.2666667e-001  3.1435345e+001  4.2055870e+001  4.5095528e+001  3.9380806e+001  3.5769291e+001
  6.3333333e-001  3.1894566e+001  4.2350338e+001  4.5716866e+001  3.9561001e+001  3.5909328e+001
  6.4000000e-001  3.2377392e+001  4.2612328e+001  4.6353180e+001  3.9818153e+001  3.6090660e+001
  6.4666667e-001  3.2874416e+001  4.2816841e+001  4.6956135e+001  3.9999424e+001  3.6244217e+001
  6.5333333e-001  3.3377541e+001  4.3022900e+001  4.7510525e+001  4.0195881e+001  3.6395977e+001
  6.6000000e-001  3.3906193e+001  4.3232777e+001  4.8063850e+001  4.0386322e+001  3.6548290e+001
  6.6666667e-001  3.4445831e+001  4.3410538e+001  4.8626297e+001  4.0590832e+001  3.6721584e+001
  6.7333333e-001  3.5018909e+001  4.3610275e+001  4.9212074e+001  4.0729572e+001  3.6873341e+001
  6.8000000e-001  3.5595284e+001  4.3749012e+001  4.9774052e+001  4.0953957e+001  3.6992458e+001
  6.8666667e-001  3.6172539e+001  4.3859009e+001  5.0302925e+001  4.1150276e+001  3.7109119e+001
  6.9333333e-001  3.6721680e+001  4.3976051e+001  5.0858345e+001  4.1309540e+001  3.7207451e+001
  7.0000000e-001  3.7258011e+001  4.4101143e+001  5.1413555e+001  4.1441540e+001  3.7298279e+001
  7.0666667e-001  3.7787720e+001  4.4213413e+001  5.2007465e+001  4.1533394e+001  3.7402523e+001
  7.1333333e-001  3.8307171e+001  4.3651119e+001  5.2564251e+001  4.2044674e+001  3.7500839e+001
  7.2000000e-001  3.8798504e+001  4.3675011e+001  5.3109135e+001  4.2129635e+001  3.7581997e+001
  7.2666667e-001  3.9252235e+001  4.3772171e+001  5.3682507e+001  4.2214989e+001  3.7657742e+001
  7.3333333e-001  3.9722763e+001  4.3861904e+001  5.4325294e+001  4.2291882e+001  3.7723091e+001
  7.4000000e-001  4.0204453e+001  4.3909725e+001  5.4971962e+001  4.2351116e+001  3.7804382e+001
  7.4666667e-001  4.1029736e+001  4.3944843e+001  5.5598240e+001  4.2415615e+001  3.7908421e+001
  7.5333333e-001  4.1517891e+001  4.4059544e+001  5.6216236e+001  4.2490150e+001  3.7978786e+001
  7.6000000e-001  4.2023441e+001  4.4093430e+001  5.6818554e+001  4.2554512e+001  3.8058735e+001
  7.6666667e-001  4.2525574e+001  4.4108654e+001  5.7423355e+001  4.2601486e+001  3.8136730e+001
  7.7333333e-001  4.3024258e+001  4.4141136e+001  5.7999630e+001  4.2656651e+001  3.8260979e+001
  7.8000000e-001  4.3537182e+001  4.4097454e+001  5.8542850e+001  4.2594296e+001  3.8371937e+001
  7.8666667e-001  4.4033703e+001  4.4063972e+001  5.9069916e+001  4.2606544e+001  3.8474499e+001
  7.9333333e-001  4.4483742e+001  4.4713711e+001  5.9549477e+001  4.2648026e+001  3.8596668e+001
  8.0000000e-001  4.4930401e+001  4.4749836e+001  6.0008068e+001  4.2631424e+001  3.8722794e+001
  8.0666667e-001  4.5324615e+001  4.4745251e+001  6.0422962e+001  4.2654903e+001  3.8829002e+001
  8.1333333e-001  4.5719101e+001  4.4694954e+001  6.0805199e+001  4.2719410e+001  3.8934601e+001
  8.2000000e-001  4.6090931e+001  4.4657761e+001  6.1182518e+001  4.2716656e+001  3.9018307e+001
  8.2666667e-001  4.6411007e+001  4.4620438e+001  6.1518639e+001  4.2727219e+001  3.9099987e+001
  8.3333333e-001  4.6722881e+001  4.4544708e+001  6.1797325e+001  4.2721577e+001  3.9186539e+001
  8.4000000e-001  4.7080402e+001  4.4453770e+001  6.2072144e+001  4.2731377e+001  3.9272541e+001
  8.4666667e-001  4.7391594e+001  4.4361835e+001  6.2324944e+001  4.2752323e+001  3.9374668e+001
  8.5333333e-001  4.7711796e+001  4.4273643e+001  6.2552410e+001  4.2739582e+001  3.9442650e+001
  8.6000000e-001  4.8066151e+001  4.4185181e+001  6.2752636e+001  4.2717548e+001  3.9518795e+001
  8.6666667e-001  4.8393787e+001  4.3941952e+001  6.2900646e+001  4.2704865e+001  3.9578327e+001
  8.7333333e-001  4.8728157e+001  4.3799194e+001  6.3086857e+001  4.2708694e+001  3.9665909e+001
  8.8000000e-001  4.9078812e+001  4.3640972e+001  6.3313389e+001  4.2723747e+001  3.9785519e+001
  8.8666667e-001  4.9322636e+001  4.3542347e+001  6.3551147e+001  4.2732506e+001  3.9887650e+001
  8.9333333e-001  4.9574406e+001  4.3422115e+001  6.4357681e+001  4.2731934e+001  3.9978035e+001
  9.0000000e-001  4.9862103e+001  4.3275665e+001  6.4444016e+001  4.2709949e+001  4.0060432e+001
  9.0666667e-001  5.0101780e+001  4.3112888e+001  6.4290367e+001  4.2677551e+001  4.0155861e+001
  9.1333333e-001  5.0357010e+001  4.2972412e+001  6.4545403e+001  4.2668961e+001  4.0269386e+001
  9.2000000e-001  5.0623127e+001  4.2785717e+001  6.4999916e+001  4.2653938e+001  4.0363438e+001
  9.2666667e-001  5.0897152e+001  4.2602306e+001  6.5231651e+001  4.2605400e+001  4.0456600e+001
  9.3333333e-001  5.1132858e+001  4.2444401e+001  6.5149521e+001  4.2564438e+001  4.0544174e+001
  9.4000000e-001  5.1348259e+001  4.2258327e+001  6.5281914e+001  4.2510437e+001  4.0596416e+001
  9.4666667e-001  5.1596874e+001  4.2035698e+001  6.5500214e+001  4.2468681e+001  4.0668049e+001
  9.5333333e-001  5.1823296e+001  4.1845455e+001  6.5710770e+001  4.2418457e+001  4.0104866e+001
  9.6000000e-001  5.2007275e+001  4.1648438e+001  6.5663574e+001  4.2341625e+001  4.0127823e+001
  9.6666667e-001  5.2153740e+001  4.1430126e+001  6.5739258e+001  4.2245659e+001  4.0097454e+001
  9.7333333e-001  5.2248634e+001  4.1183403e+001  6.5906105e+001  4.2161758e+001  4.0070526e+001
  9.8000000e-001  5.2327648e+001  4.0926735e+001  6.6092995e+001  4.2087486e+001  4.0042233e+001
  9.8666667e-001  5.2376675e+001  4.0643223e+001  6.6089851e+001  4.2012081e+001  4.0029995e+001
  9.9333333e-001  5.2451775e+001  4.0354134e+001  6.5984848e+001  4.1911018e+001  3.9973392e+001
  1.0000000e+000  5.2456757e+001  4.0033642e+001  6.5907722e+001  4.1829487e+001  3.9907383e+001
  1.0066667e+000  5.2496250e+001  3.9695847e+001  6.5944290e+001  4.1729355e+001  3.9871006e+001
  1.0133333e+000  5.2487492e+001  3.9370926e+001  6.5873901e+001  4.1601025e+001  3.9802177e+001
  1.0200000e+000  5.2437881e+001  3.9045647e+001  6.6045624e+001  4.1463062e+001  3.9750317e+001
  1.0266667e+000  5.2388893e+001  3.8686790e+001  6.6028595e+001  4.1314911e+001  3.9653164e+001
  1.0333333e+000  5.2346939e+001  3.8314442e+001  6.6035667e+001  4.1178844e+001  3.9602512e+001
  1.0400000e+000  5.2240963e+001  3.7939014e+001  6.6048309e+001  4.0997799e+001  3.9511871e+001
  1.0466667e+000  5.2103653e+001  3.7606155e+001  6.6059669e+001  4.0832176e+001  3.9433334e+001
  1.0533333e+000  5.2042957e+001  3.7268047e+001  6.6069397e+001  4.0624584e+001  3.9284603e+001
  1.0600000e+000  5.1276623e+001  3.6898029e+001  6.5703659e+001  4.0436977e+001  3.9194702e+001
  1.0666667e+000  5.1177048e+001  3.6570263e+001  6.5716103e+001  4.0237316e+001  3.9081398e+001
  1.0733333e+000  5.1106342e+001  3.6220642e+001  6.6302162e+001  4.0010967e+001  3.8928749e+001
  1.0800000e+000  5.1034603e+001  3.5845692e+001  6.6351181e+001  3.9789410e+001  3.8768581e+001
  1.0866667e+000  5.0942005e+001  3.5519794e+001  6.6300064e+001  3.9561436e+001  3.8585930e+001
  1.0933333e+000  5.1366268e+001  3.5168522e+001  6.6257668e+001  3.9357979e+001  3.8448059e+001
  1.1000000e+000  5.1224724e+001  3.4790070e+001  6.6344727e+001  3.9139412e+001  3.8266670e+001
  1.1066667e+000  5.0571655e+001  3.4445663e+001  6.6482864e+001  3.8916344e+001  3.8096203e+001
  1.1133333e+000  5.0865147e+001  3.4059814e+001  6.7031029e+001  3.8714523e+001  3.8076275e+001
  1.1200000e+000  5.0661327e+001  3.3659603e+001  6.7118553e+001  3.8468380e+001  3.7967941e+001
  1.1266667e+000  5.0409035e+001  3.3288586e+001  6.7232323e+001  3.8214828e+001  3.7856167e+001
  1.1333333e+000  4.9785210e+001  3.2904133e+001  6.7377174e+001  3.7955624e+001  3.7765450e+001
  1.1400000e+000  4.9351070e+001  3.2446392e+001  6.7539032e+001  3.7709671e+001  3.7666435e+001
  1.1466667e+000  5.0084927e+001  3.2056709e+001  6.7696045e+001  3.7406612e+001  3.7578541e+001
  1.1533333e+000  4.9825924e+001  3.1680794e+001  6.7251686e+001  3.7116817e+001  3.7501450e+001
  1.1600000e+000  4.9054359e+001  3.1257856e+001  6.7379158e+001  3.6836308e+001  3.7432224e+001
  1.1666667e+000  4.8783554e+001  3.0841682e+001  6.7483795e+001  3.6491905e+001  3.7372776e+001
  1.1733333e+000  4.8542095e+001  3.0428083e+001  6.7573303e+001  3.6140385e+001  3.7312717e+001
  1.1800000e+000  4.8335178e+001  3.0035852e+001  6.7625877e+001  3.5752205e+001  3.7245117e+001
  1.1866667e+000  4.8177811e+001  2.9605827e+001  6.7661987e+001  3.5405441e+001  3.7177837e+001
  1.1933333e+000  4.7978386e+001  2.9125765e+001  6.7685432e+001  3.5017544e+001  3.7583549e+001
  1.2000000e+000  4.7801651e+001  2.8665426e+001  6.7652962e+001  3.4593372e+001  3.7472855e+001
  1.2066667e+000  4.7658886e+001  2.8191408e+001  6.7594719e+001  3.4157635e+001  3.6833633e+001
  1.2133333e+000  4.7542496e+001  2.7667627e+001  6.7519005e+001  3.3688751e+001  3.7219318e+001
  1.2200000e+000  4.7378548e+001  2.7199677e+001  6.7386879e+001  3.3195408e+001  3.7052544e+001
  1.2266667e+000  4.7072758e+001  2.6687614e+001  6.7127975e+001  3.2684746e+001  3.6886787e+001
  1.2333333e+000  4.6910049e+001  2.6199463e+001  6.6779686e+001  3.2207119e+001  3.6731579e+001
  1.2400000e+000  4.6769924e+001  2.5694094e+001  6.6373535e+001  3.1661314e+001  3.6541847e+001
  1.2466667e+000  4.6639225e+001  2.5237604e+001  6.5945541e+001  3.1105591e+001  3.6312088e+001
  1.2533333e+000  4.6511948e+001  2.4824911e+001  6.5420486e+001  3.0575394e+001  3.6087429e+001
  1.2600000e+000  4.6330059e+001  2.4412985e+001  6.4890312e+001  3.0012774e+001  3.5882690e+001
  1.2666667e+000  4.6142616e+001  2.4097675e+001  6.4389053e+001  2.9453445e+001  3.5638092e+001
  1.2733333e+000  4.5957638e+001  2.3756704e+001  6.4334282e+001  2.8886309e+001  3.5344975e+001
  1.2800000e+000  4.5681190e+001  2.3471596e+001  6.3991352e+001  2.8312046e+001  3.5133476e+001
  1.2866667e+000  4.5358837e+001  2.3163015e+001  6.3680676e+001  2.7761866e+001  3.4889965e+001
  1.2933333e+000  4.5061874e+001  2.2880596e+001  6.3399490e+001  2.7210442e+001  3.4555252e+001
  1.3000000e+000  4.4760212e+001  2.2551580e+001  6.3197411e+001  2.6642401e+001  3.4232628e+001
  1.3066667e+000  4.4462624e+001  2.2194464e+001  6.3049763e+001  2.6083929e+001  3.3948822e+001
  1.3133333e+000  4.4153206e+001  2.1762323e+001  6.2936142e+001  2.5529503e+001  3.3662037e+001
  1.3200000e+000  4.3847919e+001  2.1280300e+001  6.2740730e+001  2.4993603e+001  3.3386074e+001
  1.3266667e+000  4.3588436e+001  2.0697508e+001  6.2544209e+001  2.4445995e+001  3.3093857e+001
  1.3333333e+000  4.3320766e+001  2.0037191e+001  6.2359203e+001  2.3888283e+001  3.2807846e+001
  1.3400000e+000  4.3073456e+001  1.9363810e+001  6.2104191e+001  2.3274546e+001  3.2563206e+001
  1.3466667e+000  4.2813732e+001  1.8606657e+001  6.1790886e+001  2.2706547e+001  3.2267712e+001
  1.3533333e+000  4.2533669e+001  1.7839981e+001  6.1493313e+001  2.2185352e+001  3.2014713e+001
  1.3600000e+000  4.2281830e+001  1.7084276e+001  6.1167965e+001  2.1587847e+001  3.1760950e+001
  1.3666667e+000  4.2043633e+001  1.6427921e+001  6.0873310e+001  2.0991238e+001  3.1483036e+001
  1.3733333e+000  4.1791401e+001  1.5789511e+001  6.0550133e+001  2.0451387e+001  3.1207359e+001
  1.3800000e+000  4.1519672e+001  1.5177519e+001  6.0219791e+001  1.9921339e+001  3.0937134e+001
  1.3866667e+000  4.1188576e+001  1.4697656e+001  5.9859287e+001  1.9384436e+001  3.0700594e+001
  1.3933333e+000  4.0830799e+001  1.4375321e+001  5.9507984e+001  1.8830124e+001  3.0448929e+001
  1.4000000e+000  4.0496510e+001  1.4135117e+001  5.9215630e+001  1.8328918e+001  3.0193064e+001
  1.4066667e+000  4.0149437e+001  1.3983624e+001  5.8912262e+001  1.7833944e+001  2.9921612e+001
  1.4133333e+000  3.9759697e+001  1.3904188e+001  5.8579227e+001  1.7400879e+001  2.9704336e+001
  1.4200000e+000  3.9401924e+001  1.3979833e+001  5.8242996e+001  1.6998856e+001  2.9455498e+001
  1.4266667e+000  3.9066036e+001  1.4119008e+001  5.7939026e+001  1.6634499e+001  2.9268047e+001
  1.4333333e+000  3.8683567e+001  1.4300188e+001  5.7640759e+001  1.6290545e+001  2.9009689e+001
  1.4400000e+000  3.8354717e+001  1.4518849e+001  5.7251251e+001  1.5951233e+001  2.8745491e+001
  1.4466667e+000  3.8031937e+001  1.4730015e+001  5.6817722e+001  1.5643244e+001  2.8445177e+001
  1.4533333e+000  3.7726273e+001  1.4954720e+001  5.6443501e+001  1.5370504e+001  2.8161133e+001
  1.4600000e+000  3.7399944e+001  1.5187923e+001  5.6144073e+001  1.5114823e+001  2.7688423e+001
  1.4666667e+000  3.7073738e+001  1.5427566e+001  5.4873230e+001  1.4860003e+001  2.7410419e+001
  1.4733333e+000  3.6750343e+001  1.5633550e+001  5.4461105e+001  1.4656307e+001  2.7147879e+001
  1.4800000e+000  3.6440392e+001  1.5862069e+001  5.4020855e+001  1.4438091e+001  2.6882298e+001
  1.4866667e+000  3.6106213e+001  1.6129065e+001  5.3503529e+001  1.4268231e+001  2.6847849e+001
  1.4933333e+000  3.5761631e+001  1.6457464e+001  5.2994129e+001  1.4109229e+001  2.6591637e+001
  1.5000000e+000  3.5390026e+001  1.6767668e+001  5.2449100e+001  1.3908583e+001  2.6078577e+001
  1.5066667e+000  3.5010345e+001  1.7088337e+001  5.1803555e+001  1.3732373e+001  2.5817116e+001
  1.5133333e+000  3.4648117e+001  1.7453859e+001  5.1095413e+001  1.3596112e+001  2.5547468e+001
  1.5200000e+000  3.4285435e+001  1.7783739e+001  5.0386940e+001  1.3480165e+001  2.5291273e+001
  1.5266667e+000  3.3871887e+001  1.8050226e+001  4.9617752e+001  1.3385354e+001  2.5058933e+001
  1.5333333e+000  3.3536438e+001  1.8218025e+001  4.8798866e+001  1.3287711e+001  2.4839319e+001
  1.5400000e+000  3.3263050e+001  1.8419973e+001  4.8083424e+001  1.3229918e+001  2.4613110e+001
  1.5466667e+000  3.2949116e+001  1.8497559e+001  4.7417969e+001  1.3191016e+001  2.4369822e+001
  1.5533333e+000  3.2633205e+001  1.8460995e+001  4.6673389e+001  1.3175763e+001  2.4104450e+001
  1.5600000e+000  3.2389843e+001  1.8230536e+001  4.5855492e+001  1.3161936e+001  2.3812435e+001
  1.5666667e+000  3.2207199e+001  1.8074203e+001  4.5058372e+001  1.3153338e+001  2.3584295e+001
  1.5733333e+000  3.2105892e+001  1.8060181e+001  4.4273891e+001  1.3169986e+001  2.3388025e+001
  1.5800000e+000  3.2004089e+001  1.8052164e+001  4.3410183e+001  1.3251246e+001  2.3143364e+001
  1.5866667e+000  3.1983860e+001  1.8615492e+001  4.2542759e+001  1.3335430e+001  2.2877533e+001
  1.5933333e+000  3.2022686e+001  1.8791054e+001  4.2047985e+001  1.3402512e+001  2.2613688e+001
  1.6000000e+000  3.2090176e+001  1.8145569e+001  4.1205273e+001  1.3506221e+001  2.2403456e+001
  1.6066667e+000  3.2137867e+001  1.8679359e+001  4.0380127e+001  1.3614756e+001  2.2199123e+001
  1.6133333e+000  3.2245243e+001  1.8599436e+001  3.9589542e+001  1.3761810e+001  2.1959768e+001
  1.6200000e+000  3.2398914e+001  1.8553886e+001  3.8807556e+001  1.3938426e+001  2.1734674e+001
  1.6266667e+000  3.2587078e+001  1.8478651e+001  3.8052757e+001  1.4074468e+001  2.1533209e+001
  1.6333333e+000  3.2760952e+001  1.8437494e+001  3.7320877e+001  1.4225989e+001  2.1343554e+001
  1.6400000e+000  3.2968407e+001  1.8412695e+001  3.6567524e+001  1.4388511e+001  2.1136995e+001
  1.6466667e+000  3.3235870e+001  1.8275293e+001  3.5861343e+001  1.4554920e+001  2.0977591e+001
  1.6533333e+000  3.3438931e+001  1.8265829e+001  3.5220924e+001  1.4759480e+001  2.0779551e+001
  1.6600000e+000  3.3673080e+001  1.8389832e+001  3.4620766e+001  1.4949552e+001  2.0593803e+001
  1.6666667e+000  3.3904171e+001  1.8421566e+001  3.4009098e+001  1.5113911e+001  2.0463831e+001
  1.6733333e+000  3.4155090e+001  1.8531160e+001  3.3520790e+001  1.5328493e+001  2.0304794e+001
  1.6800000e+000  3.4410587e+001  1.8838314e+001  3.3169685e+001  1.5545644e+001  2.0130981e+001
  1.6866667e+000  3.4691246e+001  1.9082289e+001  3.2831123e+001  1.5742058e+001  1.9979748e+001
  1.6933333e+000  3.4987370e+001  1.9269854e+001  3.2613770e+001  1.5961652e+001  1.9845280e+001
  1.7000000e+000  3.5222507e+001  1.9455589e+001  3.2285904e+001  1.6150274e+001  1.9731863e+001
  1.7066667e+000  3.5492180e+001  1.9776014e+001  3.2163879e+001  1.6323435e+001  1.9595295e+001
  1.7133333e+000  3.5770805e+001  2.0028469e+001  3.2147499e+001  1.6519184e+001  1.9486452e+001
  1.7200000e+000  3.6034428e+001  2.0509293e+001  3.2151833e+001  1.6733358e+001  1.9370897e+001
  1.7266667e+000  3.6317947e+001  2.0917933e+001  3.2138493e+001  1.6922964e+001  1.9254269e+001
  1.7333333e+000  3.6600918e+001  2.1605528e+001  3.2202732e+001  1.7099688e+001  1.9161953e+001
  1.7400000e+000  3.6889725e+001             NaN  3.2285980e+001  1.7246746e+001  1.9092838e+001
  1.7466667e+000  3.7164070e+001             NaN  3.2317261e+001  1.7410612e+001  1.9048292e+001
  1.7533333e+000  3.7427479e+001             NaN  3.2363377e+001  1.7585512e+001  1.8970865e+001
  1.7600000e+000  3.7635670e+001             NaN  3.2417023e+001  1.7712118e+001  1.8893496e+001
  1.7666667e+000  3.7879040e+001             NaN  3.2432743e+001  1.7853683e+001  1.8850780e+001
  1.7733333e+000  3.8097889e+001             NaN  3.2439240e+001  1.8029152e+001  1.8834902e+001
  1.7800000e+000  3.8263298e+001             NaN  3.2509274e+001  1.8184559e+001  1.8843508e+001
  1.7866667e+000  3.8389866e+001             NaN  3.2643200e+001  1.8362463e+001  1.8831299e+001
  1.7933333e+000  3.8454548e+001             NaN  3.2775208e+001  1.8538101e+001  1.8802244e+001
  1.8000000e+000  3.8471855e+001  2.7392729e+001  3.2939598e+001  1.8690454e+001  1.8819967e+001
  1.8066667e+000  3.8502304e+001  2.7123976e+001  3.3179028e+001  1.8847593e+001  1.8871237e+001
  1.8133333e+000  3.8513393e+001  2.7497690e+001  3.3435398e+001  1.8956795e+001  1.8943316e+001
  1.8200000e+000  3.8478287e+001             NaN  3.3654747e+001  1.9102364e+001  1.9015512e+001
  1.8266667e+000  3.8392738e+001             NaN  3.3854836e+001  1.9236643e+001  1.9066195e+001
  1.8333333e+000  3.8334248e+001             NaN  3.4082653e+001  1.9392056e+001  1.9150934e+001
  1.8400000e+000  3.8225044e+001             NaN  3.4319977e+001  1.9554573e+001  1.9267426e+001
  1.8466667e+000  3.8047729e+001             NaN  3.4533905e+001  1.9660646e+001  1.9384558e+001
  1.8533333e+000  3.7884602e+001             NaN  3.4759483e+001  1.9814034e+001  1.9511629e+001
  1.8600000e+000  3.7724430e+001             NaN  3.4925114e+001  1.9962690e+001  1.9655956e+001
  1.8666667e+000  3.7534344e+001             NaN  3.5081184e+001  2.0089388e+001  1.9827723e+001
  1.8733333e+000  3.7322338e+001             NaN  3.5202774e+001  2.0217970e+001  2.0008770e+001
  1.8800000e+000  3.7116199e+001             NaN  3.5344299e+001  2.0333008e+001  2.0150412e+001
  1.8866667e+000  3.7225811e+001             NaN  3.5500896e+001  2.0426214e+001  2.0342312e+001
  1.8933333e+000  3.7024433e+001             NaN  3.5620899e+001  2.0529247e+001  2.0547789e+001
  1.9000000e+000  3.6855232e+001             NaN  3.5734459e+001  2.0622803e+001  2.0753561e+001
  1.9066667e+000  3.6678535e+001             NaN  3.5802662e+001  2.0670851e+001  2.1017254e+001
  1.9133333e+000  3.6500832e+001             NaN  3.5833122e+001  2.0742765e+001  2.1235399e+001
  1.9200000e+000  3.5983353e+001             NaN  3.5871651e+001  2.0799952e+001  2.1496431e+001
  1.9266667e+000  3.5845348e+001             NaN  3.5910961e+001  2.0858637e+001  2.1812651e+001
  1.9333333e+000  3.5692505e+001             NaN  3.5943195e+001  2.0908739e+001  2.2113401e+001
  1.9400000e+000  3.5544273e+001             NaN  3.6000320e+001  2.0938282e+001  2.2366568e+001
  1.9466667e+000  3.5394081e+001             NaN  3.6035328e+001  2.0968458e+001  2.2578226e+001
  1.9533333e+000  3.5284073e+001             NaN  3.6131798e+001  2.0994089e+001  2.2805307e+001
  1.9600000e+000  3.5178764e+001             NaN  3.6201733e+001  2.1022953e+001  2.3027029e+001
  1.9666667e+000  3.5079792e+001             NaN  3.6264248e+001  2.1028637e+001  2.3226234e+001
  1.9733333e+000  3.5018017e+001             NaN  3.6347309e+001  2.1052994e+001  2.3421930e+001
  1.9800000e+000  3.5005848e+001  2.9761415e+001  3.6432022e+001  2.1053286e+001  2.3598614e+001
  1.9866667e+000  3.5014542e+001  2.9831814e+001  3.6485012e+001  2.1065987e+001  2.3787905e+001
  1.9933333e+000  3.5003906e+001  2.9729134e+001  3.6534813e+001  2.1057587e+001  2.3958752e+001
  2.0000000e+000  3.5091049e+001  2.9782442e+001  3.6589432e+001  2.1027620e+001  2.4090824e+001
