 -5.0000000e-001  2.1058243e+001  2.5017916e+001  2.5377396e+001  2.3030266e+001  2.3302147e+001
 -4.9333333e-001  2.1033642e+001  2.5034534e+001  2.5346903e+001  2.3014645e+001  2.3320265e+001
 -4.8666667e-001  2.1038918e+001  2.5038261e+001  2.5329866e+001  2.3017551e+001  2.3307823e+001
 -4.8000000e-001  2.1043425e+001  2.5020714e+001  2.5340818e+001  2.3017099e+001  2.3315062e+001
 -4.7333333e-001  2.1014397e+001  2.4966806e+001  2.5349989e+001  2.3012680e+001  2.3325693e+001
 -4.6666667e-001  2.1000748e+001  2.5037189e+001  2.5363768e+001  2.3015684e+001  2.3323210e+001
 -4.6000000e-001  2.1003632e+001  2.5034279e+001  2.5376802e+001  2.3022692e+001  2.3326374e+001
 -4.5333333e-001  2.0995953e+001  2.5047918e+001  2.5440372e+001  2.3033184e+001  2.3336060e+001
 -4.4666667e-001  2.0989357e+001  2.5013037e+001  2.5408045e+001  2.3027754e+001  2.3333403e+001
 -4.4000000e-001  2.0998426e+001  2.4992054e+001  2.5373358e+001  2.3037756e+001  2.3328978e+001
 -4.3333333e-001  2.0981129e+001  2.5012335e+001  2.5390884e+001  2.3023989e+001  2.3309799e+001
 -4.2666667e-001  2.0974262e+001  2.5033619e+001  2.5363153e+001  2.3026573e+001  2.3298182e+001
 -4.2000000e-001  2.0980122e+001  2.5065481e+001  2.5390665e+001  2.3038191e+001  2.3302286e+001
 -4.1333333e-001  2.0960367e+001  2.5054522e+001  2.5401873e+001  2.3047081e+001  2.3285229e+001
 -4.0666667e-001  2.0964476e+001  2.5087475e+001  2.5410429e+001  2.3050564e+001  2.3279179e+001
 -4.0000000e-001  2.0973799e+001  2.5121521e+001  2.5420765e+001  2.3065411e+001  2.3285671e+001
 -3.9333333e-001  2.0965477e+001  2.5116686e+001  2.5446402e+001  2.3053427e+001  2.3292284e+001
 -3.8666667e-001  2.0973087e+001  2.5126379e+001  2.5442526e+001  2.3055283e+001  2.3274725e+001
 -3.8000000e-001  2.0955574e+001  2.5194765e+001  2.5485168e+001  2.3045773e+001  2.3251980e+001
 -3.7333333e-001  2.0930313e+001  2.5153561e+001  2.5488649e+001  2.3027113e+001  2.3249935e+001
 -3.6666667e-001  2.0936588e+001  2.5124891e+001  2.5483568e+001  2.3034359e+001  2.3273735e+001
 -3.6000000e-001  2.0917885e+001  2.5141708e+001  2.5498362e+001  2.3021652e+001  2.3258625e+001
 -3.5333333e-001  2.0904980e+001  2.5162628e+001  2.5510075e+001  2.3003117e+001  2.3237001e+001
 -3.4666667e-001  2.0903957e+001  2.5141472e+001  2.5514322e+001  2.2995028e+001  2.3242706e+001
 -3.4000000e-001  2.0901829e+001  2.5136059e+001  2.5502024e+001  2.3004745e+001  2.3249405e+001
 -3.3333333e-001  2.0880661e+001  2.5152414e+001  2.5513969e+001  2.2999527e+001  2.3233709e+001
 -3.2666667e-001  2.0850838e+001  2.5136522e+001  2.5538425e+001  2.2992521e+001  2.3231300e+001
 -3.2000000e-001  2.0835176e+001  2.5107975e+001  2.5506811e+001  2.2969065e+001  2.3248676e+001
 -3.1333333e-001  2.0827883e+001  2.5119610e+001  2.5529009e+001  2.2984409e+001  2.3259007e+001
 -3.0666667e-001  2.0828573e+001  2.5141293e+001  2.5497196e+001  2.3005983e+001  2.3270105e+001
 -3.0000000e-001  2.0812401e+001  2.5149397e+001  2.5468945e+001  2.3005108e+001  2.3270016e+001
 -2.9333333e-001  2.0797131e+001  2.5143148e+001  2.5436361e+001  2.3001604e+001  2.3250309e+001
 -2.8666667e-001  2.0786045e+001  2.5166578e+001  2.5455875e+001  2.2981590e+001  2.3258465e+001
 -2.8000000e-001  2.0797941e+001  2.5167919e+001  2.5427820e+001  2.2989641e+001  2.3256247e+001
 -2.7333333e-001  2.0792992e+001  2.5170437e+001  2.5414150e+001  2.3003565e+001  2.3257629e+001
 -2.6666667e-001  2.0790073e+001  2.5173407e+001  2.5424971e+001  2.2990374e+001  2.3268997e+001
 -2.6000000e-001  2.0796331e+001  2.5168476e+001  2.5400349e+001  2.2992586e+001  2.3249001e+001
 -2.5333333e-001  2.0802780e+001  2.5155235e+001  2.5377144e+001  2.3012791e+001  2.3245377e+001
 -2.4666667e-001  2.0783104e+001  2.5135340e+001  2.5335541e+001  2.2993156e+001  2.3254154e+001
 -2.4000000e-001  2.0777617e+001  2.5150497e+001  2.5341108e+001  2.3015326e+001  2.3267595e+001
 -2.3333333e-001  2.0782413e+001  2.5165810e+001  2.5357735e+001  2.3013622e+001  2.3274237e+001
 -2.2666667e-001  2.0783739e+001  2.5174885e+001  2.5276661e+001  2.3004555e+001  2.3279985e+001
 -2.2000000e-001  2.0785891e+001  2.5154572e+001  2.5237080e+001  2.3011129e+001  2.3266550e+001
 -2.1333333e-001  2.0778591e+001  2.5136930e+001  2.5242533e+001  2.3007307e+001  2.3245083e+001
 -2.0666667e-001  2.0777849e+001  2.5150921e+001  2.5181871e+001  2.3018198e+001  2.3255833e+001
 -2.0000000e-001  2.0787210e+001  2.5126696e+001  2.5135796e+001  2.3023396e+001  2.3258223e+001
 -1.9333333e-001  2.0810776e+001  2.5102119e+001  2.5154413e+001  2.3016573e+001  2.3234421e+001
 -1.8666667e-001  2.0783070e+001  2.5110989e+001  2.5137024e+001  2.3020100e+001  2.3237589e+001
 -1.8000000e-001  2.0786957e+001  2.5144777e+001  2.5095009e+001  2.3030251e+001  2.3235876e+001
 -1.7333333e-001  2.0785704e+001  2.5095041e+001  2.5098362e+001  2.3030487e+001  2.3226467e+001
 -1.6666667e-001  2.0779665e+001  2.5092329e+001  2.5081299e+001  2.3002726e+001  2.3234039e+001
 -1.6000000e-001  2.0781174e+001  2.5115551e+001  2.5043364e+001  2.3003426e+001  2.3226822e+001
 -1.5333333e-001  2.0784523e+001  2.5139366e+001  2.5001778e+001  2.3021193e+001  2.3222385e+001
 -1.4666667e-001  2.0779078e+001  2.5110954e+001  2.4978598e+001  2.3025940e+001  2.3220768e+001
 -1.4000000e-001  2.0749077e+001  2.5121943e+001  2.4974230e+001  2.3023655e+001  2.3224480e+001
 -1.3333333e-001  2.0742201e+001  2.5124125e+001  2.4981186e+001  2.3035851e+001  2.3216202e+001
 -1.2666667e-001  2.0738106e+001  2.5140686e+001  2.4979696e+001  2.3053570e+001  2.3235044e+001
 -1.2000000e-001  2.0722729e+001  2.5210518e+001  2.4957354e+001  2.3043934e+001  2.3233675e+001
 -1.1333333e-001  2.0706148e+001  2.5136658e+001  2.4955784e+001  2.3056047e+001  2.3233715e+001
 -1.0666667e-001  2.0709480e+001  2.5139690e+001  2.4925304e+001  2.3058672e+001  2.3228153e+001
 -1.0000000e-001  2.0713089e+001  2.5144180e+001  2.4884226e+001  2.3059891e+001  2.3219160e+001
 -9.3333333e-002  2.0712791e+001  2.5163517e+001  2.4902058e+001  2.3047354e+001  2.3230003e+001
 -8.6666667e-002  2.0688395e+001  2.5176558e+001  2.4863720e+001  2.3059277e+001  2.3219587e+001
 -8.0000000e-002  2.0671936e+001  2.5137867e+001  2.4879709e+001  2.3057457e+001  2.3208364e+001
 -7.3333333e-002  2.0670778e+001  2.5167133e+001  2.4887150e+001  2.3031981e+001  2.3205507e+001
 -6.6666667e-002  2.0673382e+001  2.5184443e+001  2.4860968e+001  2.3022802e+001  2.3208780e+001
 -6.0000000e-002  2.0696634e+001  2.5196180e+001  2.4857109e+001  2.3032183e+001  2.3188604e+001
 -5.3333333e-002  2.0694641e+001  2.5222469e+001  2.4828829e+001  2.3024067e+001  2.3189098e+001
 -4.6666667e-002  2.0701794e+001  2.5198820e+001  2.4851639e+001  2.2994204e+001  2.3175341e+001
 -4.0000000e-002  2.0693716e+001  2.5206322e+001  2.4868202e+001  2.2980331e+001  2.3163012e+001
 -3.3333333e-002  2.0705074e+001  2.5232496e+001  2.4861076e+001  2.2980934e+001  2.3155420e+001
 -2.6666667e-002  2.0692619e+001  2.5205750e+001  2.4827818e+001  2.2961931e+001  2.3149508e+001
 -2.0000000e-002  2.0700167e+001  2.5179987e+001  2.4846741e+001  2.2958527e+001  2.3153261e+001
 -1.3333333e-002  2.0699612e+001  2.5186029e+001  2.4853825e+001  2.2959538e+001  2.3164082e+001
 -6.6666667e-003  2.0697119e+001  2.5199617e+001  2.4889673e+001  2.2968220e+001  2.3171995e+001
  0.0000000e+000  2.0703653e+001  2.5190550e+001  2.4912411e+001  2.2962332e+001  2.3168432e+001
  6.6666667e-003  2.0714281e+001  2.5211285e+001  2.4894953e+001  2.2957258e+001  2.3159351e+001
  1.3333333e-002  2.0725775e+001  2.5201672e+001  2.4893690e+001  2.2964796e+001  2.3169094e+001
  2.0000000e-002  2.0721138e+001  2.5223526e+001  2.4908768e+001  2.2969614e+001  2.3183338e+001
  2.6666667e-002  2.0731001e+001  2.5299610e+001  2.4987761e+001  2.2998264e+001  2.3211769e+001
  3.3333333e-002  2.0734888e+001  2.5286102e+001  2.5005310e+001  2.3028795e+001  2.3222929e+001
  4.0000000e-002  2.0749632e+001  2.5247171e+001  2.4999332e+001  2.3028368e+001  2.3231647e+001
  4.6666667e-002  2.0740673e+001  2.5193905e+001  2.4988560e+001  2.3047743e+001  2.3249830e+001
  5.3333333e-002  2.0736452e+001  2.5227129e+001  2.5011015e+001  2.3076981e+001  2.3261343e+001
  6.0000000e-002  2.0725063e+001  2.5266169e+001  2.5003836e+001  2.3099222e+001  2.3283916e+001
  6.6666667e-002  2.0723928e+001  2.5219696e+001  2.5022570e+001  2.3105450e+001  2.3299044e+001
  7.3333333e-002  2.0722553e+001  2.5181421e+001  2.5019411e+001  2.3150583e+001  2.3297625e+001
  8.0000000e-002  2.0717321e+001  2.5207310e+001  2.5007830e+001  2.3185303e+001  2.3317617e+001
  8.6666667e-002  2.0727551e+001  2.5212521e+001  2.5026371e+001  2.3215269e+001  2.3333881e+001
  9.3333333e-002  2.0715988e+001  2.5191351e+001  2.5034916e+001  2.3257229e+001  2.3329611e+001
  1.0000000e-001  2.0698137e+001  2.5148464e+001  2.5026745e+001  2.3270315e+001  2.3343660e+001
  1.0666667e-001  2.0691002e+001  2.5143059e+001  2.5071877e+001  2.3293804e+001  2.3343069e+001
  1.1333333e-001  2.0671356e+001  2.5127310e+001  2.5079485e+001  2.3321440e+001  2.3325586e+001
  1.2000000e-001  2.0666233e+001  2.5156088e+001  2.5073763e+001  2.3330561e+001  2.3301561e+001
  1.2666667e-001  2.0642258e+001  2.5095209e+001  2.5094358e+001  2.3327909e+001  2.3291189e+001
  1.3333333e-001  2.0602369e+001  2.5093674e+001  2.5100277e+001  2.3349957e+001  2.3268759e+001
  1.4000000e-001  2.0579283e+001  2.5108711e+001  2.5049614e+001  2.3330770e+001  2.3245331e+001
  1.4666667e-001  2.0582352e+001  2.5108635e+001  2.5063919e+001  2.3314989e+001  2.3222694e+001
  1.5333333e-001  2.0571522e+001  2.5053385e+001  2.5061579e+001  2.3300478e+001  2.3161331e+001
  1.6000000e-001  2.0555798e+001  2.5006483e+001  2.5045387e+001  2.3274332e+001  2.3123011e+001
  1.6666667e-001  2.0538725e+001  2.5032907e+001  2.5050093e+001  2.3237921e+001  2.3099028e+001
  1.7333333e-001  2.0509710e+001  2.4950615e+001  2.5041922e+001  2.3199402e+001  2.3045446e+001
  1.8000000e-001  2.0456989e+001  2.4919508e+001  2.4954702e+001  2.3160814e+001  2.2981396e+001
  1.8666667e-001  2.0387987e+001  2.4895786e+001  2.4963860e+001  2.3090586e+001  2.2932554e+001
  1.9333333e-001  2.0329645e+001  2.4839092e+001  2.4943546e+001  2.3028166e+001  2.2846716e+001
  2.0000000e-001  2.0251345e+001  2.4703833e+001  2.4885929e+001  2.2959431e+001  2.2757654e+001
  2.0666667e-001  2.0152924e+001  2.4608953e+001  2.4817932e+001  2.2893845e+001  2.2669748e+001
  2.1333333e-001  2.0089352e+001  2.4551941e+001  2.4751329e+001  2.2815313e+001  2.2597229e+001
  2.2000000e-001  2.0017052e+001  2.4425888e+001  2.4684177e+001  2.2750053e+001  2.2515684e+001
  2.2666667e-001  1.9931162e+001  2.4377018e+001  2.4642347e+001  2.2687544e+001  2.2407265e+001
  2.3333333e-001  1.9842670e+001  2.4262403e+001  2.4527178e+001  2.2595285e+001  2.2318457e+001
  2.4000000e-001  1.9751062e+001  2.4173643e+001  2.4453867e+001  2.2519350e+001  2.2223576e+001
  2.4666667e-001  1.9664923e+001  2.4129869e+001  2.4363445e+001  2.2419680e+001  2.2117922e+001
  2.5333333e-001  1.9566364e+001  2.4042553e+001  2.4245752e+001  2.2317041e+001  2.2029596e+001
  2.6000000e-001  1.9478760e+001  2.3959545e+001  2.4145676e+001  2.2227369e+001  2.1955418e+001
  2.6666667e-001  1.9396725e+001  2.3845226e+001  2.4062273e+001  2.2131432e+001  2.1880310e+001
  2.7333333e-001  1.9282650e+001  2.3744543e+001  2.3964481e+001  2.2008846e+001  2.1803061e+001
  2.8000000e-001  1.9163006e+001  2.3656796e+001  2.3840889e+001  2.1895327e+001  2.1730194e+001
  2.8666667e-001  1.9031643e+001  2.3579229e+001  2.3748978e+001  2.1781929e+001  2.1618023e+001
  2.9333333e-001  1.8920990e+001  2.3473877e+001  2.3685415e+001  2.1691580e+001  2.1503803e+001
  3.0000000e-001  1.8805731e+001  2.3380075e+001  2.3625006e+001  2.1597733e+001  2.1381195e+001
  3.0666667e-001  1.8655855e+001  2.3243227e+001  2.3569761e+001  2.1503401e+001  2.1273867e+001
  3.1333333e-001  1.8507448e+001  2.3088360e+001  2.3485590e+001  2.1404856e+001  2.1154932e+001
  3.2000000e-001  1.8360584e+001  2.2943108e+001  2.3403595e+001  2.1272041e+001  2.1021856e+001
  3.2666667e-001  1.8209620e+001  2.2811644e+001  2.3321604e+001  2.1126150e+001  2.0896618e+001
  3.3333333e-001  1.8030746e+001  2.2663025e+001  2.3229841e+001  2.0988024e+001  2.0730303e+001
  3.4000000e-001  1.7824944e+001  2.2467493e+001  2.3123499e+001  2.0829283e+001  1.9906769e+001
  3.4666667e-001  1.7607817e+001  2.2222681e+001  2.2996712e+001  2.0678513e+001  1.9725401e+001
  3.5333333e-001  1.7385111e+001  2.2006552e+001  2.2919804e+001  2.0495298e+001  1.9571518e+001
  3.6000000e-001  1.7142637e+001  2.1857130e+001  2.2789139e+001  2.0272388e+001  1.9348236e+001
  3.6666667e-001  1.6874615e+001  2.2361923e+001  2.2653673e+001  1.9983330e+001  1.9113625e+001
  3.7333333e-001  1.6594862e+001  2.2167732e+001  2.2462671e+001  1.9735334e+001  1.8910000e+001
  3.8000000e-001  1.6291939e+001  2.1198971e+001  2.2258440e+001  1.9467941e+001  1.8725399e+001
  3.8666667e-001  1.5992530e+001  2.0937452e+001  2.2091099e+001  1.9165003e+001  1.8537024e+001
  3.9333333e-001  1.5708101e+001  2.0723230e+001  2.1875580e+001  1.8878410e+001  1.8337383e+001
  4.0000000e-001  1.5440445e+001  2.1251909e+001  2.1659796e+001  1.8586683e+001  1.8128742e+001
  4.0666667e-001  1.5174205e+001  2.0993778e+001  2.1461550e+001  1.8299761e+001  1.7868404e+001
  4.1333333e-001  1.4906801e+001  2.0758209e+001  2.1313608e+001  1.7990505e+001  1.7618982e+001
  4.2000000e-001  1.4674146e+001  2.0504429e+001  2.1152426e+001  1.7654722e+001  1.7372274e+001
  4.2666667e-001  1.4415765e+001  2.0290619e+001  2.0949396e+001  1.7314079e+001  1.7186916e+001
  4.3333333e-001  1.4134055e+001  2.0099613e+001  2.0768005e+001  1.7062107e+001  1.7057991e+001
  4.4000000e-001  1.3891850e+001  1.9855326e+001  2.0590094e+001  1.6847095e+001  1.6920643e+001
  4.4666667e-001  1.3645816e+001  1.9633152e+001  2.0409641e+001  1.6600420e+001  1.6804173e+001
  4.5333333e-001  1.2687675e+001  1.9450434e+001  2.0272409e+001  1.6354498e+001  1.6702248e+001
  4.6000000e-001  1.2428117e+001  1.9320599e+001  2.0096376e+001  1.6175516e+001  1.6618828e+001
  4.6666667e-001  1.2212415e+001  1.9225773e+001  1.9715805e+001  1.6036619e+001  1.7250156e+001
  4.7333333e-001  1.1928591e+001  1.9260464e+001  1.9510448e+001  1.5952988e+001  1.7315725e+001
  4.8000000e-001  1.1632343e+001  1.9201033e+001  1.9335251e+001  1.5106779e+001  1.6733654e+001
  4.8666667e-001  1.1398329e+001  1.9241558e+001  1.9220345e+001  1.5060949e+001  1.7510727e+001
  4.9333333e-001  1.1202107e+001  1.9299831e+001  1.9096645e+001  1.5024810e+001  1.7649643e+001
  5.0000000e-001  1.0950095e+001  1.9375074e+001  1.8968983e+001  1.5044543e+001  1.7844076e+001
  5.0666667e-001  1.0747574e+001  1.9479156e+001  1.8869621e+001  1.5092196e+001  1.8009371e+001
  5.1333333e-001  1.1226869e+001  1.9641811e+001  1.8794100e+001  1.5140540e+001  1.8216461e+001
  5.2000000e-001  1.1022491e+001  1.9883284e+001  1.8749649e+001  1.5149193e+001  1.8431377e+001
  5.2666667e-001  1.0187196e+001  2.0141373e+001  1.8782995e+001  1.5215297e+001  1.8590023e+001
  5.3333333e-001  1.0668087e+001  2.0360676e+001  1.8861383e+001  1.5243420e+001  1.8783924e+001
  5.4000000e-001  1.0559155e+001  2.0613297e+001  1.8954578e+001  1.5292402e+001  1.8956829e+001
  5.4666667e-001  1.0419594e+001  2.0962212e+001  1.9036245e+001  1.5339959e+001  1.9165550e+001
  5.5333333e-001  1.0212601e+001  2.1333666e+001  1.9141653e+001  1.5341760e+001  1.9403612e+001
  5.6000000e-001  1.0207899e+001  2.1639360e+001  1.9322783e+001  1.5397216e+001  1.9608717e+001
  5.6666667e-001  1.0131063e+001  2.1947514e+001  1.9492786e+001  1.6182962e+001  1.9835968e+001
  5.7333333e-001  1.0031124e+001  2.2317940e+001  1.9668974e+001  1.6448763e+001  2.0024353e+001
  5.8000000e-001  1.0000313e+001  2.2320953e+001  1.9838432e+001  1.6522787e+001  2.0261940e+001
  5.8666667e-001  9.9565180e+000  2.2651184e+001  2.0002319e+001  1.6624039e+001  2.0429314e+001
  5.9333333e-001  9.9248080e+000  2.2922213e+001  2.0181751e+001  1.6718884e+001  2.0620617e+001
  6.0000000e-001  9.9626350e+000  2.3204411e+001  2.0339375e+001  1.6777195e+001  2.0855837e+001
  6.0666667e-001  9.9955340e+000  2.3471998e+001  2.0511719e+001  1.6849255e+001  2.1100857e+001
  6.1333333e-001  1.0068394e+001  2.3736263e+001  2.0687349e+001  1.6995499e+001  2.1239128e+001
  6.2000000e-001  1.0082111e+001  2.4010107e+001  2.0862881e+001  1.7066944e+001  2.1465246e+001
  6.2666667e-001  1.0120582e+001  2.4290190e+001  2.1039371e+001  1.7142315e+001  2.1631250e+001
  6.3333333e-001  9.9112770e+000  2.4583727e+001  2.1188951e+001  1.7231815e+001  2.1734261e+001
  6.4000000e-001  9.9662420e+000  2.4878883e+001  2.1316458e+001  1.7233715e+001  2.1895411e+001
  6.4666667e-001  1.0022825e+001  2.5159790e+001  2.1434036e+001  1.6950478e+001  2.2076229e+001
  6.5333333e-001  1.0063308e+001  2.5425585e+001  2.1591501e+001  1.6976055e+001  2.2226463e+001
  6.6000000e-001  1.0099707e+001  2.5715574e+001  2.1757786e+001  1.6978556e+001  2.2393997e+001
  6.6666667e-001  1.0127727e+001  2.6040810e+001  2.1843397e+001  1.6961479e+001  2.2555424e+001
  6.7333333e-001  1.0146338e+001  2.6320332e+001  2.1945751e+001  1.6969187e+001  2.2703537e+001
  6.8000000e-001  1.0175277e+001  2.6589304e+001  2.2075247e+001  1.6948517e+001  2.2846779e+001
  6.8666667e-001  1.0170732e+001  2.6841764e+001  2.2196432e+001  1.6970158e+001  2.2726820e+001
  6.9333333e-001  1.0202697e+001  2.7100912e+001  2.2288694e+001  1.6992025e+001  2.2882887e+001
  7.0000000e-001  1.0235415e+001  2.7320799e+001  2.2381170e+001  1.6994305e+001  2.3029673e+001
  7.0666667e-001  1.0258584e+001  2.7541634e+001  2.2477207e+001  1.7047857e+001  2.3154097e+001
  7.1333333e-001  1.0263230e+001  2.7748238e+001  2.2562634e+001  1.7080931e+001  2.3293190e+001
  7.2000000e-001  1.0288739e+001  2.7972120e+001  2.2623951e+001  1.7188517e+001  2.3435272e+001
  7.2666667e-001  1.0334050e+001  2.8206846e+001  2.2704296e+001  1.7250292e+001  2.3574146e+001
  7.3333333e-001  1.0383414e+001  2.8399277e+001  2.2751141e+001  1.7320087e+001  2.3695877e+001
  7.4000000e-001  1.0370069e+001  2.8606020e+001  2.2790026e+001  1.7466551e+001  2.3817663e+001
  7.4666667e-001  1.0357581e+001  2.8795681e+001  2.2862188e+001  1.7572886e+001  2.3971392e+001
  7.5333333e-001  1.0352019e+001  2.8966228e+001  2.2920109e+001  1.7701323e+001  2.4095215e+001
  7.6000000e-001  1.0361498e+001  2.9112619e+001  2.3000162e+001  1.7875742e+001  2.4248917e+001
  7.6666667e-001  1.0388056e+001  2.9253225e+001  2.3071541e+001  1.8026569e+001  2.4375257e+001
  7.7333333e-001  1.0386140e+001  2.9386162e+001  2.3130459e+001  1.8169718e+001  2.4505533e+001
  7.8000000e-001  1.0384657e+001  2.9513838e+001  2.3187315e+001  1.8391243e+001  2.4630110e+001
  7.8666667e-001  1.0395008e+001  2.9639057e+001  2.3240749e+001  1.8543875e+001  2.5036964e+001
  7.9333333e-001  1.0379043e+001  2.9765471e+001  2.3301525e+001  1.8684544e+001  2.5103031e+001
  8.0000000e-001  1.0347945e+001  2.9871925e+001  2.3370975e+001  1.8890959e+001  2.5192392e+001
  8.0666667e-001  1.0344692e+001  2.9999039e+001  2.3417215e+001  1.9080521e+001  2.5325525e+001
  8.1333333e-001  1.0358303e+001  3.0154913e+001  2.3471140e+001  1.9241926e+001  2.5418367e+001
  8.2000000e-001  1.0397412e+001  3.0284237e+001  2.3537155e+001  1.9404116e+001  2.5303541e+001
  8.2666667e-001  1.0470483e+001  3.0403559e+001  2.3597025e+001  1.9593760e+001  2.5434822e+001
  8.3333333e-001  1.0503687e+001  3.0485836e+001  2.3684278e+001  1.9788712e+001  2.5561531e+001
  8.4000000e-001  1.0560443e+001  3.0536486e+001  2.3756819e+001  1.9944174e+001  2.5947615e+001
  8.4666667e-001  1.0633147e+001  3.0612600e+001  2.3822495e+001  2.0120462e+001  2.6039225e+001
  8.5333333e-001  1.0744681e+001  3.0734421e+001  2.3864876e+001  2.0302927e+001  2.6114462e+001
  8.6000000e-001  1.0852503e+001  3.0882824e+001  2.3931297e+001  2.0466154e+001  2.6209087e+001
  8.6666667e-001  1.0972058e+001  3.0986578e+001  2.4011543e+001  2.0605742e+001  2.6332035e+001
  8.7333333e-001  1.1114647e+001  3.1040308e+001  2.4088375e+001  2.0770826e+001  2.6426449e+001
  8.8000000e-001  1.1247429e+001  3.1097919e+001  2.4147812e+001  2.0932955e+001  2.6544004e+001
  8.8666667e-001  1.1376798e+001  3.1186934e+001  2.4228542e+001  2.1121931e+001  2.6657045e+001
  8.9333333e-001  1.1486744e+001  3.1294695e+001  2.4308313e+001  2.1279888e+001  2.6700495e+001
  9.0000000e-001  1.1618166e+001  3.1416349e+001  2.4387796e+001  2.1423277e+001  2.6745941e+001
  9.0666667e-001  1.1764747e+001  3.1490820e+001  2.4471554e+001  2.1523504e+001  2.6624331e+001
  9.1333333e-001  1.1915320e+001  3.1521053e+001  2.4527124e+001  2.1610275e+001  2.6674496e+001
  9.2000000e-001  1.2045175e+001  3.1598043e+001  2.4561369e+001  2.1712938e+001  2.6757496e+001
  9.2666667e-001  1.2181457e+001  3.1691238e+001  2.4592587e+001  2.1808943e+001  2.6800623e+001
  9.3333333e-001  1.2315883e+001  3.1775694e+001  2.4646534e+001  2.1894526e+001  2.6932936e+001
  9.4000000e-001  1.2461062e+001  3.1858944e+001  2.4706255e+001  2.1994631e+001  2.7009048e+001
  9.4666667e-001  1.2572560e+001  3.1875393e+001  2.4765184e+001  2.2101360e+001  2.7017378e+001
  9.5333333e-001  1.2678635e+001  3.1880089e+001  2.4840801e+001  2.2216480e+001  2.7046328e+001
  9.6000000e-001  1.2783426e+001  3.1920462e+001  2.4921082e+001  2.2284494e+001  2.7121937e+001
  9.6666667e-001  1.2921872e+001  3.2013405e+001  2.4950579e+001  2.2390867e+001  2.7256950e+001
  9.7333333e-001  1.3063024e+001  3.2344067e+001  2.4974154e+001  2.2483425e+001  2.7305799e+001
  9.8000000e-001  1.3189425e+001  3.2385746e+001  2.4999617e+001  2.2563393e+001  2.7337456e+001
  9.8666667e-001  1.3321659e+001  3.2470272e+001  2.5031803e+001  2.2646646e+001  2.7402800e+001
  9.9333333e-001  1.3436714e+001  3.2475109e+001  2.5109207e+001  2.2715706e+001  2.7459414e+001
  1.0000000e+000  1.3570644e+001  3.2465527e+001  2.5162325e+001  2.2808115e+001  2.7564987e+001
  1.0066667e+000  1.3694495e+001  3.2514858e+001  2.5202034e+001  2.2886015e+001  2.7645914e+001
  1.0133333e+000  1.3815133e+001  3.2570995e+001  2.5229532e+001  2.2976542e+001  2.7169531e+001
  1.0200000e+000  1.3940073e+001  3.2599892e+001  2.5280178e+001  2.3066990e+001  2.7936489e+001
  1.0266667e+000  1.4054684e+001  3.2613541e+001  2.5329016e+001  2.3136320e+001  2.7965378e+001
  1.0333333e+000  1.4192935e+001  3.2613678e+001  2.5386528e+001  2.3221008e+001  2.8005775e+001
  1.0400000e+000  1.4311100e+001  3.2603523e+001  2.5437613e+001  2.3329863e+001  2.8060064e+001
  1.0466667e+000  1.4426965e+001  3.2680939e+001  2.5441624e+001  2.3401066e+001  2.8097458e+001
  1.0533333e+000  1.4527353e+001  3.2674442e+001  2.5428345e+001  2.3463663e+001  2.8141523e+001
  1.0600000e+000  1.4624557e+001  3.2680061e+001  2.5451080e+001  2.3518740e+001  2.8203630e+001
  1.0666667e+000  1.4710351e+001  3.2779667e+001  2.5524460e+001  2.3588911e+001  2.8270651e+001
  1.0733333e+000  1.4822853e+001  3.2848667e+001  2.5605579e+001  2.3665527e+001  2.8296114e+001
  1.0800000e+000  1.4947658e+001  3.2799297e+001  2.5645365e+001  2.3709572e+001  2.8303408e+001
  1.0866667e+000  1.5053184e+001  3.2827976e+001  2.5652376e+001  2.3774057e+001  2.8373274e+001
  1.0933333e+000  1.5157702e+001  3.2944725e+001  2.5679501e+001  2.3841541e+001  2.8435781e+001
  1.1000000e+000  1.5267908e+001  3.2878731e+001  2.5710541e+001  2.3869440e+001  2.8429516e+001
  1.1066667e+000  1.5348603e+001  3.2838455e+001  2.6012623e+001  2.3893900e+001  2.8442593e+001
  1.1133333e+000  1.5433217e+001  3.2884682e+001  2.5997171e+001  2.3918543e+001  2.8502291e+001
  1.1200000e+000  1.5519567e+001  3.2926197e+001  2.6011505e+001  2.3914637e+001  2.8544056e+001
  1.1266667e+000  1.5609838e+001  3.2983627e+001  2.5991173e+001  2.3925882e+001  2.8579981e+001
  1.1333333e+000  1.5730797e+001  3.3011845e+001  2.5927118e+001  2.3960251e+001  2.8635815e+001
  1.1400000e+000  1.5821483e+001  3.3008965e+001  2.5961462e+001  2.3980787e+001  2.8682421e+001
  1.1466667e+000  1.5944754e+001  3.3125462e+001  2.5945503e+001  2.3985582e+001  2.8685572e+001
  1.1533333e+000  1.6061398e+001  3.3092289e+001  2.5968935e+001  2.3969229e+001  2.8839539e+001
  1.1600000e+000  1.6180605e+001  3.3135826e+001  2.5945160e+001  2.3960188e+001  2.8894838e+001
  1.1666667e+000  1.6291155e+001  3.3202576e+001  2.5950989e+001  2.3930233e+001  2.8927303e+001
  1.1733333e+000  1.6387377e+001  3.3247204e+001  2.5920956e+001  2.3918417e+001  2.8927010e+001
  1.1800000e+000  1.6489634e+001  3.3320133e+001  2.5868334e+001  2.3910917e+001  2.9000973e+001
  1.1866667e+000  1.6575617e+001  3.4010956e+001  2.5901699e+001  2.3965393e+001  2.9062103e+001
  1.1933333e+000  1.6682051e+001  3.4022697e+001  2.5932173e+001  2.4010923e+001  2.9059395e+001
  1.2000000e+000  1.6767256e+001  3.3551109e+001  2.5948088e+001  2.4077044e+001  2.9068113e+001
  1.2066667e+000  1.6902765e+001  3.3579437e+001  2.5976002e+001  2.4155060e+001  2.9105902e+001
  1.2133333e+000  1.7016617e+001  3.3596077e+001  2.6047493e+001  2.4188477e+001  2.9137201e+001
  1.2200000e+000  1.7152113e+001  3.3603466e+001  2.5986423e+001  2.4249563e+001  2.9154093e+001
  1.2266667e+000  1.7283447e+001  3.3597546e+001  2.5992420e+001  2.4300272e+001  2.9174675e+001
  1.2333333e+000  1.7389048e+001  3.3586246e+001  2.6133833e+001  2.4337879e+001  2.9221169e+001
  1.2400000e+000  1.7462778e+001  3.3582554e+001  2.5472145e+001  2.4410576e+001  2.9239542e+001
  1.2466667e+000  1.7517923e+001  3.3583984e+001  2.5552277e+001  2.4458614e+001  2.9246672e+001
  1.2533333e+000  1.7638611e+001  3.3565506e+001  2.6255924e+001  2.4510647e+001  2.9001646e+001
  1.2600000e+000  1.7736029e+001  3.3594097e+001  2.6274273e+001  2.4567770e+001  2.9056458e+001
  1.2666667e+000  1.7861589e+001  3.3623734e+001  2.6279678e+001  2.4608408e+001  2.9052237e+001
  1.2733333e+000  1.8002884e+001  3.3623741e+001  2.6264893e+001  2.4646036e+001  2.9077820e+001
  1.2800000e+000  1.8112690e+001  3.3626610e+001  2.6269945e+001  2.4629305e+001  2.9116144e+001
  1.2866667e+000  1.8235674e+001  3.3624660e+001  2.6295389e+001  2.4625906e+001  2.9147724e+001
  1.2933333e+000  1.8331324e+001  3.3612442e+001  2.6341089e+001  2.4632074e+001  2.9165503e+001
  1.3000000e+000  1.8440403e+001  3.3614723e+001  2.6331106e+001  2.4601379e+001  2.9175306e+001
  1.3066667e+000  1.8537035e+001  3.3621246e+001  2.6310383e+001  2.4585062e+001  2.9227057e+001
  1.3133333e+000  1.8650341e+001  3.3621548e+001  2.6319174e+001  2.4568287e+001  2.9267727e+001
  1.3200000e+000  1.8730101e+001  3.3611771e+001  2.6358877e+001  2.4558060e+001  2.9273098e+001
  1.3266667e+000  1.8830795e+001  3.3586590e+001  2.6384151e+001  2.4508400e+001  2.9307457e+001
  1.3333333e+000  1.8907507e+001  3.3571758e+001  2.6391350e+001  2.4509010e+001  2.9322969e+001
  1.3400000e+000  1.8971195e+001  3.3582794e+001  2.6415453e+001  2.4503391e+001  2.9351311e+001
  1.3466667e+000  1.9045645e+001  3.3584831e+001  2.6418093e+001  2.4504196e+001  2.9370523e+001
  1.3533333e+000  1.9101955e+001  3.3604313e+001  2.6429651e+001  2.4515581e+001  2.9379829e+001
  1.3600000e+000  1.9123192e+001  3.3611332e+001  2.6432278e+001  2.4540043e+001  2.9420135e+001
  1.3666667e+000  1.9202759e+001  3.3583179e+001  2.6422243e+001  2.4575703e+001  2.9424772e+001
  1.3733333e+000  1.9276051e+001  3.3583241e+001  2.6392830e+001  2.4601032e+001  2.9437382e+001
  1.3800000e+000  1.9310436e+001  3.3594479e+001  2.6398670e+001  2.4644140e+001  2.9473015e+001
  1.3866667e+000  1.9639608e+001  3.3587845e+001  2.6442436e+001  2.4708323e+001  2.9476528e+001
  1.3933333e+000  1.9665413e+001  3.3602959e+001  2.6471487e+001  2.4798283e+001  2.9469952e+001
  1.4000000e+000  1.9759436e+001  3.3634895e+001  2.6464802e+001  2.4909227e+001  2.9474657e+001
  1.4066667e+000  1.9785244e+001  3.3624924e+001  2.6453075e+001  2.4992466e+001  2.9501148e+001
  1.4133333e+000  1.9826426e+001  3.3614124e+001  2.6460938e+001  2.5088444e+001  2.9532322e+001
  1.4200000e+000  1.9867970e+001  3.3616661e+001  2.6491535e+001  2.5191887e+001  2.9539148e+001
  1.4266667e+000  1.9851990e+001  3.3643833e+001  2.6510698e+001  2.5281792e+001  2.9529524e+001
  1.4333333e+000  1.9963768e+001  3.3654980e+001  2.6493452e+001  2.5388546e+001  2.9541986e+001
  1.4400000e+000  2.0023029e+001  3.3659096e+001  2.6476259e+001  2.5475845e+001  2.9577465e+001
  1.4466667e+000  2.0036077e+001  3.3644588e+001  2.6480200e+001  2.5567167e+001  2.9590733e+001
  1.4533333e+000  2.0011696e+001  3.3662727e+001  2.6515663e+001  2.5684902e+001  2.9584473e+001
  1.4600000e+000  2.0021132e+001  3.3678009e+001  2.6526905e+001  2.5811739e+001  2.9590939e+001
  1.4666667e+000  1.9936249e+001  3.3692905e+001  2.6510347e+001  2.5924768e+001  2.9615318e+001
  1.4733333e+000  2.0004122e+001  3.3708771e+001  2.6488777e+001  2.6024860e+001  2.9632626e+001
  1.4800000e+000  2.0042536e+001  3.3713909e+001  2.6515362e+001  2.6135805e+001  2.9620741e+001
  1.4866667e+000  2.0064390e+001  3.3703300e+001  2.6521441e+001  2.6223795e+001  2.9653933e+001
  1.4933333e+000  2.0203388e+001  3.3714985e+001  2.6516783e+001  2.6300718e+001  2.9637417e+001
  1.5000000e+000  2.0237757e+001  3.3733883e+001  2.6489044e+001  2.6367632e+001  2.9623337e+001
  1.5066667e+000  2.0269627e+001  3.3761261e+001  2.6483912e+001  2.6422770e+001  2.9629005e+001
  1.5133333e+000  2.0314728e+001  3.3775711e+001  2.6495327e+001  2.6482452e+001  2.9625072e+001
  1.5200000e+000  2.0382387e+001  3.3752125e+001  2.6541191e+001  2.6528000e+001  2.9609314e+001
  1.5266667e+000  2.0423597e+001  3.3766548e+001  2.6527681e+001  2.6587612e+001  2.9615011e+001
  1.5333333e+000  2.0427856e+001  3.3840118e+001  2.6488367e+001  2.6669025e+001  2.9570505e+001
  1.5400000e+000  2.0483000e+001  3.3856289e+001  2.6490870e+001  2.6759094e+001  2.9554926e+001
  1.5466667e+000  2.0516159e+001  3.3854393e+001  2.6470200e+001  2.6808485e+001  2.9576481e+001
  1.5533333e+000  2.0579367e+001  3.3825775e+001  2.6444454e+001  2.6855387e+001  2.9555605e+001
  1.5600000e+000  2.0067959e+001  3.3818481e+001  2.6452274e+001  2.6915388e+001  2.9517311e+001
  1.5666667e+000  2.0782591e+001  3.3825558e+001  2.6495003e+001  2.6979685e+001  2.9534111e+001
  1.5733333e+000  2.0816469e+001  3.3862488e+001  2.6518492e+001  2.7013620e+001  2.9544613e+001
  1.5800000e+000  2.0838987e+001  3.3842484e+001  2.6512419e+001  2.7057920e+001  2.9515594e+001
  1.5866667e+000  2.0823708e+001  3.3795696e+001  2.6520357e+001  2.7100130e+001  2.9510109e+001
  1.5933333e+000  2.0887182e+001  3.3807224e+001  2.6526810e+001  2.7155548e+001  2.9540747e+001
  1.6000000e+000  2.0947329e+001  3.3824093e+001  2.6541880e+001  2.7194046e+001  2.9526205e+001
  1.6066667e+000  2.0967142e+001  3.3827168e+001  2.6544264e+001  2.7237761e+001  2.9455744e+001
  1.6133333e+000  2.0996954e+001  3.3797054e+001  2.6373259e+001  2.7338856e+001  2.9400276e+001
  1.6200000e+000  2.1043516e+001  3.3761463e+001  2.6413385e+001  2.7391720e+001  2.9363649e+001
  1.6266667e+000  2.1037344e+001  3.3491085e+001  2.6473402e+001  2.7417677e+001  2.9242657e+001
  1.6333333e+000  2.1039089e+001  3.3532040e+001  2.6497496e+001  2.7468098e+001  2.9097231e+001
  1.6400000e+000  2.1087355e+001  3.3542580e+001  2.6503241e+001  2.7532787e+001  2.8985376e+001
  1.6466667e+000  2.1103365e+001  3.3544487e+001  2.6541401e+001  2.7565781e+001  2.8885908e+001
  1.6533333e+000  2.1084026e+001  3.3524532e+001  2.6575027e+001  2.7628084e+001  2.8739801e+001
  1.6600000e+000  2.1133081e+001  3.3534756e+001  2.6595806e+001  2.7655233e+001  2.8588705e+001
  1.6666667e+000  2.1178329e+001  3.3537022e+001  2.6605913e+001  2.7706678e+001  2.8500807e+001
  1.6733333e+000  2.1206585e+001  3.3534885e+001  2.6643473e+001  2.7757233e+001  2.8389423e+001
  1.6800000e+000  2.1246046e+001  3.3502613e+001  2.6690783e+001  2.7803133e+001  2.8234785e+001
  1.6866667e+000  2.1293961e+001  3.3514339e+001  2.6727966e+001  2.7843958e+001  2.8126348e+001
  1.6933333e+000  2.1319874e+001  3.3555115e+001  2.6751402e+001  2.7877983e+001  2.8075813e+001
  1.7000000e+000  2.1379728e+001  3.3573029e+001  2.6800247e+001  2.7926563e+001  2.8047760e+001
  1.7066667e+000  2.1452244e+001  3.3564671e+001  2.6849417e+001  2.7991676e+001  2.8009695e+001
  1.7133333e+000  2.1452629e+001  3.3588253e+001  2.6879818e+001  2.8042459e+001  2.7961594e+001
  1.7200000e+000  2.1581108e+001  3.3594681e+001  2.6898853e+001  2.8075798e+001  2.7961725e+001
  1.7266667e+000  2.1638548e+001  3.3592468e+001  2.6968172e+001  2.8103840e+001  2.7962130e+001
  1.7333333e+000  2.1628183e+001  3.3632473e+001  2.7007580e+001  2.8112394e+001  2.7908136e+001
  1.7400000e+000  2.1634125e+001  3.3661442e+001  2.6938194e+001  2.8117065e+001  2.7867979e+001
  1.7466667e+000  2.1692308e+001  3.3659531e+001  2.6794649e+001  2.8133867e+001  2.7877172e+001
  1.7533333e+000  2.1707916e+001  3.3637230e+001  2.6658371e+001  2.8156565e+001  2.7867844e+001
  1.7600000e+000  2.1729074e+001  3.3659889e+001  2.6513956e+001  2.8492338e+001  2.7824497e+001
  1.7666667e+000  2.1801512e+001  3.3703281e+001  2.6380024e+001  2.8507463e+001  2.7790087e+001
  1.7733333e+000  2.1799177e+001  3.3701248e+001  2.6239250e+001  2.8550596e+001  2.7777624e+001
  1.7800000e+000  2.1822939e+001  3.3727272e+001  2.6143948e+001  2.8231087e+001  2.7742365e+001
  1.7866667e+000  2.1611280e+001  3.3800278e+001  2.6134184e+001  2.8284451e+001  2.7694042e+001
  1.7933333e+000  2.1638157e+001  3.3806923e+001  2.6169212e+001  2.8316023e+001  2.7664156e+001
  1.8000000e+000  2.1695513e+001  3.3734890e+001  2.6186378e+001  2.8333263e+001  2.7619799e+001
  1.8066667e+000  2.1753292e+001  3.3642696e+001  2.6204782e+001  2.8321873e+001  2.7587200e+001
  1.8133333e+000  2.1771381e+001  3.3445435e+001  2.6207901e+001  2.8341877e+001  2.7554304e+001
  1.8200000e+000  2.1836098e+001  3.3207779e+001  2.6190121e+001  2.8398394e+001  2.7508120e+001
  1.8266667e+000  2.1873798e+001  3.3003571e+001  2.6163719e+001  2.8757753e+001  2.7445066e+001
  1.8333333e+000  2.1910572e+001  3.2896996e+001  2.6155312e+001  2.8784971e+001  2.7406004e+001
  1.8400000e+000  2.2010622e+001  3.2832458e+001  2.6129875e+001  2.8804268e+001  2.7356199e+001
  1.8466667e+000  2.2080503e+001  3.2816116e+001  2.6119366e+001  2.8489899e+001  2.7294147e+001
  1.8533333e+000  2.2166304e+001  3.2849232e+001  2.6092546e+001  2.8499361e+001  2.7214283e+001
  1.8600000e+000  2.2229792e+001  3.2814163e+001  2.6044121e+001  2.8503712e+001  2.7139521e+001
  1.8666667e+000  2.2254187e+001  3.2782215e+001  2.5990631e+001  2.8492085e+001  2.7069527e+001
  1.8733333e+000  2.2306087e+001  3.2786785e+001  2.5927828e+001  2.8847984e+001  2.7010298e+001
  1.8800000e+000  2.2321331e+001  3.2734966e+001  2.5878744e+001  2.8857147e+001  2.6955715e+001
  1.8866667e+000  2.2380692e+001  3.2646519e+001  2.5859877e+001  2.8819057e+001  2.6913265e+001
  1.8933333e+000  2.2458755e+001  3.2638985e+001  2.5866577e+001  2.8450018e+001  2.6893970e+001
  1.9000000e+000  2.2518864e+001  3.2560364e+001  2.5940939e+001  2.8425627e+001  2.6909889e+001
  1.9066667e+000  2.2594185e+001  3.2496773e+001  2.6020481e+001  2.8424900e+001  2.6933516e+001
  1.9133333e+000  2.2651220e+001  3.2582878e+001  2.6097858e+001  2.8445324e+001  2.6954189e+001
  1.9200000e+000  2.2612719e+001  3.2746498e+001  2.6182108e+001  2.8766531e+001  2.6962109e+001
  1.9266667e+000  2.2500580e+001  3.2873596e+001  2.6303944e+001  2.8795179e+001  2.6978827e+001
  1.9333333e+000  2.2326332e+001  3.3005032e+001  2.6442186e+001  2.8423296e+001  2.6992601e+001
  1.9400000e+000  2.2152927e+001  3.3097759e+001  2.6494129e+001  2.8431749e+001  2.6998886e+001
  1.9466667e+000  2.2085630e+001  3.3035675e+001  2.6503401e+001  2.8422895e+001  2.6962706e+001
  1.9533333e+000  2.2109570e+001  3.2955410e+001  2.6510595e+001  2.8457699e+001  2.6866688e+001
  1.9600000e+000  2.2194954e+001  3.2918121e+001  2.6495417e+001  2.8834604e+001  2.6774109e+001
  1.9666667e+000  2.2256552e+001  3.2824207e+001  2.6456589e+001  2.8858574e+001  2.6723038e+001
  1.9733333e+000  2.2323360e+001  3.2748325e+001  2.6440002e+001  2.8889799e+001  2.6668749e+001
  1.9800000e+000  2.2391886e+001  3.2726269e+001  2.6460396e+001  2.8570324e+001  2.6583578e+001
  1.9866667e+000  2.2417011e+001  3.2654385e+001  2.6453741e+001  2.8593987e+001  2.6497190e+001
  1.9933333e+000  2.2485500e+001  3.2583431e+001  2.6447941e+001  2.8644882e+001  2.6461611e+001
  2.0000000e+000  2.2558031e+001  3.2554905e+001  2.6438290e+001  2.8741863e+001  2.6454718e+001
