 -5.0000000e-001 -6.5699516e+001 -6.5209503e+001 -6.4797592e+001 -6.2432541e+001 -6.2740501e+001
 -4.9333333e-001 -6.5681740e+001 -6.5224998e+001 -6.4751129e+001 -6.2449684e+001 -6.2735744e+001
 -4.8666667e-001 -6.5741135e+001 -6.5233185e+001 -6.4712395e+001 -6.2454281e+001 -6.2688633e+001
 -4.8000000e-001 -6.5691772e+001 -6.5247032e+001 -6.4744789e+001 -6.2443966e+001 -6.2715302e+001
 -4.7333333e-001 -6.5665726e+001 -6.5186302e+001 -6.4802078e+001 -6.2426262e+001 -6.2691177e+001
 -4.6666667e-001 -6.5683273e+001 -6.5172615e+001 -6.4793686e+001 -6.2485889e+001 -6.2766132e+001
 -4.6000000e-001 -6.5713081e+001 -6.5206711e+001 -6.4800095e+001 -6.2478706e+001 -6.2729382e+001
 -4.5333333e-001 -6.5674026e+001 -6.5165558e+001 -6.4822060e+001 -6.2419167e+001 -6.2717777e+001
 -4.4666667e-001 -6.5678223e+001 -6.5227043e+001 -6.4823914e+001 -6.2404385e+001 -6.2752541e+001
 -4.4000000e-001 -6.5686295e+001 -6.5181160e+001 -6.4779465e+001 -6.2502010e+001 -6.2730022e+001
 -4.3333333e-001 -6.5712059e+001 -6.5204033e+001 -6.4770782e+001 -6.2499126e+001 -6.2709442e+001
 -4.2666667e-001 -6.5736046e+001 -6.5225159e+001 -6.4790321e+001 -6.2438614e+001 -6.2747597e+001
 -4.2000000e-001 -6.5700302e+001 -6.5195282e+001 -6.4804466e+001 -6.2454212e+001 -6.2790783e+001
 -4.1333333e-001 -6.5692726e+001 -6.5146103e+001 -6.4831383e+001 -6.2468304e+001 -6.2723221e+001
 -4.0666667e-001 -6.5677109e+001 -6.5204887e+001 -6.4800926e+001 -6.2508404e+001 -6.2725433e+001
 -4.0000000e-001 -6.5721992e+001 -6.5170837e+001 -6.4824677e+001 -6.2460899e+001 -6.2717182e+001
 -3.9333333e-001 -6.5690643e+001 -6.5188255e+001 -6.4805695e+001 -6.2466904e+001 -6.2650532e+001
 -3.8666667e-001 -6.5703453e+001 -6.5193779e+001 -6.4869293e+001 -6.2466690e+001 -6.2725700e+001
 -3.8000000e-001 -6.5667206e+001 -6.5161026e+001 -6.4815918e+001 -6.2508198e+001 -6.2705879e+001
 -3.7333333e-001 -6.5681686e+001 -6.5169350e+001 -6.4853027e+001 -6.2544453e+001 -6.2708862e+001
 -3.6666667e-001 -6.5720291e+001 -6.5151199e+001 -6.4852020e+001 -6.2461227e+001 -6.2719593e+001
 -3.6000000e-001 -6.5714439e+001 -6.5137352e+001 -6.4848198e+001 -6.2491989e+001 -6.2738567e+001
 -3.5333333e-001 -6.5736801e+001 -6.5112427e+001 -6.4869606e+001 -6.2493431e+001 -6.2739754e+001
 -3.4666667e-001 -6.5760925e+001 -6.5147774e+001 -6.4879730e+001 -6.2505165e+001 -6.2718624e+001
 -3.4000000e-001 -6.5740135e+001 -6.5112091e+001 -6.4874435e+001 -6.2500481e+001 -6.2735577e+001
 -3.3333333e-001 -6.5768135e+001 -6.5079865e+001 -6.4822495e+001 -6.2508968e+001 -6.2720234e+001
 -3.2666667e-001 -6.5706535e+001 -6.5146484e+001 -6.4884483e+001 -6.2496387e+001 -6.2711819e+001
 -3.2000000e-001 -6.5677567e+001 -6.5141640e+001 -6.4918800e+001 -6.2529411e+001 -6.2732189e+001
 -3.1333333e-001 -6.5700401e+001 -6.5135490e+001 -6.4961159e+001 -6.2500500e+001 -6.2744175e+001
 -3.0666667e-001 -6.5752373e+001 -6.5148865e+001 -6.4976982e+001 -6.2532677e+001 -6.2727406e+001
 -3.0000000e-001 -6.5739624e+001 -6.5188736e+001 -6.4970474e+001 -6.2525944e+001 -6.2744823e+001
 -2.9333333e-001 -6.5729889e+001 -6.5178505e+001 -6.4955956e+001 -6.2486149e+001 -6.2758442e+001
 -2.8666667e-001 -6.5716698e+001 -6.5165367e+001 -6.4966202e+001 -6.2513081e+001 -6.2725788e+001
 -2.8000000e-001 -6.5714157e+001 -6.5167839e+001 -6.4922447e+001 -6.2532494e+001 -6.2753620e+001
 -2.7333333e-001 -6.5715988e+001 -6.5264885e+001 -6.4942390e+001 -6.2533092e+001 -6.2748169e+001
 -2.6666667e-001 -6.5720947e+001 -6.5243065e+001 -6.4919067e+001 -6.2534973e+001 -6.2739262e+001
 -2.6000000e-001 -6.5767075e+001 -6.5289322e+001 -6.4936356e+001 -6.2504559e+001 -6.2732571e+001
 -2.5333333e-001 -6.5776443e+001 -6.5130630e+001 -6.4952980e+001 -6.2508362e+001 -6.2758629e+001
 -2.4666667e-001 -6.5745239e+001 -6.5142357e+001 -6.4973824e+001 -6.2506096e+001 -6.2770885e+001
 -2.4000000e-001 -6.5734024e+001 -6.5103752e+001 -6.5011795e+001 -6.2527924e+001 -6.2749878e+001
 -2.3333333e-001 -6.5729507e+001 -6.5154785e+001 -6.5027718e+001 -6.2535664e+001 -6.2743080e+001
 -2.2666667e-001 -6.5735695e+001 -6.5118294e+001 -6.4982147e+001 -6.2492931e+001 -6.2760620e+001
 -2.2000000e-001 -6.5728577e+001 -6.5182755e+001 -6.4991318e+001 -6.2517666e+001 -6.2764084e+001
 -2.1333333e-001 -6.5702805e+001 -6.5204758e+001 -6.4986610e+001 -6.2531300e+001 -6.2767921e+001
 -2.0666667e-001 -6.5744270e+001 -6.5150162e+001 -6.4986237e+001 -6.2495049e+001 -6.2761940e+001
 -2.0000000e-001 -6.5703323e+001 -6.5164360e+001 -6.5014832e+001 -6.2513123e+001 -6.2788391e+001
 -1.9333333e-001 -6.5685715e+001 -6.5192680e+001 -6.4981689e+001 -6.2549629e+001 -6.2762733e+001
 -1.8666667e-001 -6.5717972e+001 -6.5184898e+001 -6.4988930e+001 -6.2534092e+001 -6.2733688e+001
 -1.8000000e-001 -6.5722336e+001 -6.5117821e+001 -6.5022163e+001 -6.2549850e+001 -6.2750580e+001
 -1.7333333e-001 -6.5698929e+001 -6.5128571e+001 -6.5071167e+001 -6.2534863e+001 -6.2711914e+001
 -1.6666667e-001 -6.5737343e+001 -6.5194145e+001 -6.5045158e+001 -6.2500473e+001 -6.2678440e+001
 -1.6000000e-001 -6.5699150e+001 -6.5199455e+001 -6.5069664e+001 -6.2485031e+001 -6.2710529e+001
 -1.5333333e-001 -6.5733124e+001 -6.5193985e+001 -6.5072876e+001 -6.2526447e+001 -6.2693447e+001
 -1.4666667e-001 -6.5745110e+001 -6.5216492e+001 -6.5024254e+001 -6.2523273e+001 -6.2711582e+001
 -1.4000000e-001 -6.5747360e+001 -6.5202972e+001 -6.5047470e+001 -6.2463726e+001 -6.2720810e+001
 -1.3333333e-001 -6.5743507e+001 -6.5193619e+001 -6.5082794e+001 -6.2533127e+001 -6.2765827e+001
 -1.2666667e-001 -6.5694794e+001 -6.5240639e+001 -6.5057060e+001 -6.2607162e+001 -6.2705967e+001
 -1.2000000e-001 -6.5725487e+001 -6.5212868e+001 -6.5052345e+001 -6.2562458e+001 -6.2710899e+001
 -1.1333333e-001 -6.5717926e+001 -6.5197342e+001 -6.5059151e+001 -6.2544472e+001 -6.2766598e+001
 -1.0666667e-001 -6.5731888e+001 -6.5242432e+001 -6.5084076e+001 -6.2537006e+001 -6.2724380e+001
 -1.0000000e-001 -6.5779800e+001 -6.5207932e+001 -6.5059845e+001 -6.2524113e+001 -6.2697475e+001
 -9.3333333e-002 -6.5751854e+001 -6.5162605e+001 -6.5087738e+001 -6.2580059e+001 -6.2669041e+001
 -8.6666667e-002 -6.5755882e+001 -6.5168999e+001 -6.5121040e+001 -6.2564411e+001 -6.2697109e+001
 -8.0000000e-002 -6.5787514e+001 -6.5148369e+001 -6.5114334e+001 -6.2614864e+001 -6.2686123e+001
 -7.3333333e-002 -6.5755005e+001 -6.5191895e+001 -6.5060196e+001 -6.2630356e+001 -6.2730690e+001
 -6.6666667e-002 -6.5732643e+001 -6.5201378e+001 -6.5033134e+001 -6.2652615e+001 -6.2728466e+001
 -6.0000000e-002 -6.5748558e+001 -6.5151184e+001 -6.5057098e+001 -6.2659584e+001 -6.2775341e+001
 -5.3333333e-002 -6.5797615e+001 -6.5175896e+001 -6.5089424e+001 -6.2635246e+001 -6.2717495e+001
 -4.6666667e-002 -6.5840813e+001 -6.5203346e+001 -6.5080505e+001 -6.2641155e+001 -6.2721642e+001
 -4.0000000e-002 -6.5769188e+001 -6.5206451e+001 -6.5082436e+001 -6.2642990e+001 -6.2744659e+001
 -3.3333333e-002 -6.5805328e+001 -6.5129898e+001 -6.5144760e+001 -6.2650616e+001 -6.2702129e+001
 -2.6666667e-002 -6.5789284e+001 -6.5125885e+001 -6.5128624e+001 -6.2660786e+001 -6.2704094e+001
 -2.0000000e-002 -6.5761726e+001 -6.5118980e+001 -6.5090439e+001 -6.2651794e+001 -6.2682415e+001
 -1.3333333e-002 -6.5743645e+001 -6.5139954e+001 -6.5118454e+001 -6.2683849e+001 -6.2700790e+001
 -6.6666667e-003 -6.5808411e+001 -6.5156311e+001 -6.5066612e+001 -6.2678207e+001 -6.2667130e+001
  0.0000000e+000 -6.5844162e+001 -6.5131035e+001 -6.5078163e+001 -6.2693760e+001 -6.2662056e+001
  6.6666667e-003 -6.5835419e+001 -6.5142654e+001 -6.5167862e+001 -6.2731277e+001 -6.2740704e+001
  1.3333333e-002 -6.5876022e+001 -6.5188965e+001 -6.5186630e+001 -6.2693371e+001 -6.2740650e+001
  2.0000000e-002 -6.5927216e+001 -6.5301842e+001 -6.5230881e+001 -6.2721928e+001 -6.2790886e+001
  2.6666667e-002 -6.5982925e+001 -6.5332024e+001 -6.5281906e+001 -6.2740891e+001 -6.2828369e+001
  3.3333333e-002 -6.6011665e+001 -6.5354111e+001 -6.5344719e+001 -6.2763470e+001 -6.2810585e+001
  4.0000000e-002 -6.6078270e+001 -6.5416801e+001 -6.5360748e+001 -6.2806713e+001 -6.2844856e+001
  4.6666667e-002 -6.6055984e+001 -6.5451889e+001 -6.5415543e+001 -6.2855267e+001 -6.2841156e+001
  5.3333333e-002 -6.6096230e+001 -6.5481865e+001 -6.5431679e+001 -6.2943241e+001 -6.2862904e+001
  6.0000000e-002 -6.6128387e+001 -6.5474464e+001 -6.5462456e+001 -6.2905853e+001 -6.2930965e+001
  6.6666667e-002 -6.6143967e+001 -6.5707939e+001 -6.5497330e+001 -6.2847271e+001 -6.2894753e+001
  7.3333333e-002 -6.6152557e+001 -6.5654930e+001 -6.5530251e+001 -6.2848095e+001 -6.2912663e+001
  8.0000000e-002 -6.6161758e+001 -6.5605759e+001 -6.5584137e+001 -6.2852577e+001 -6.3039360e+001
  8.6666667e-002 -6.6221748e+001 -6.5637192e+001 -6.5641830e+001 -6.2915730e+001 -6.2976631e+001
  9.3333333e-002 -6.6299637e+001 -6.5661255e+001 -6.5685577e+001 -6.2986115e+001 -6.2997234e+001
  1.0000000e-001 -6.6302605e+001 -6.5742798e+001 -6.5734238e+001 -6.3114132e+001 -6.3242081e+001
  1.0666667e-001 -6.6370872e+001 -6.5759689e+001 -6.5795387e+001 -6.3119514e+001 -6.3239601e+001
  1.1333333e-001 -6.6428253e+001 -6.5726143e+001 -6.5826599e+001 -6.3123039e+001 -6.3254688e+001
  1.2000000e-001 -6.6523323e+001 -6.5760399e+001 -6.5889748e+001 -6.3164093e+001 -6.3253201e+001
  1.2666667e-001 -6.6527679e+001 -6.5735863e+001 -6.5907524e+001 -6.3411114e+001 -6.3230709e+001
  1.3333333e-001 -6.6590157e+001 -6.5889481e+001 -6.5882103e+001 -6.3367886e+001 -6.3223434e+001
  1.4000000e-001 -6.6595306e+001 -6.5942146e+001 -6.5923767e+001 -6.3369450e+001 -6.3233631e+001
  1.4666667e-001 -6.6599396e+001 -6.5933144e+001 -6.5976242e+001 -6.3326797e+001 -6.3232040e+001
  1.5333333e-001 -6.6635719e+001 -6.6018211e+001 -6.6037796e+001 -6.3304993e+001 -6.3268391e+001
  1.6000000e-001 -6.6748520e+001 -6.6192390e+001 -6.6111610e+001 -6.3419312e+001 -6.3326706e+001
  1.6666667e-001 -6.6803169e+001 -6.6122742e+001 -6.6084053e+001 -6.3402611e+001 -6.3332138e+001
  1.7333333e-001 -6.6808464e+001 -6.6148819e+001 -6.6198677e+001 -6.3420269e+001 -6.3269894e+001
  1.8000000e-001 -6.6898949e+001 -6.6170311e+001 -6.6240105e+001 -6.3501122e+001 -6.3341106e+001
  1.8666667e-001 -6.6935898e+001 -6.6202644e+001 -6.6232361e+001 -6.3580082e+001 -6.3328579e+001
  1.9333333e-001 -6.6989799e+001 -6.6174408e+001 -6.6173416e+001 -6.3602448e+001 -6.3297070e+001
  2.0000000e-001 -6.7043236e+001 -6.6242462e+001 -6.6162437e+001 -6.3626881e+001 -6.3350750e+001
  2.0666667e-001 -6.7058556e+001 -6.6200302e+001 -6.6069618e+001 -6.3666210e+001 -6.3250824e+001
  2.1333333e-001 -6.7100845e+001 -6.6094864e+001 -6.6083458e+001 -6.3624516e+001 -6.3233395e+001
  2.2000000e-001 -6.7156448e+001 -6.6056374e+001 -6.6085976e+001 -6.3660267e+001 -6.3199371e+001
  2.2666667e-001 -6.7190392e+001 -6.6097580e+001 -6.6042961e+001 -6.3677105e+001 -6.3166901e+001
  2.3333333e-001 -6.7232254e+001 -6.6025558e+001 -6.6092316e+001 -6.3721622e+001 -6.3055466e+001
  2.4000000e-001 -6.7278946e+001 -6.6018593e+001 -6.5938179e+001 -6.3744198e+001 -6.3042202e+001
  2.4666667e-001 -6.7269333e+001 -6.5954117e+001 -6.5866013e+001 -6.3709251e+001 -6.2982468e+001
  2.5333333e-001 -6.7269302e+001 -6.5946114e+001 -6.5780876e+001 -6.3706322e+001 -6.2902172e+001
  2.6000000e-001 -6.7285980e+001 -6.5882103e+001 -6.5686104e+001 -6.3671886e+001 -6.2855492e+001
  2.6666667e-001 -6.7257744e+001 -6.5814148e+001 -6.5586777e+001 -6.3642181e+001 -6.2849606e+001
  2.7333333e-001 -6.7299965e+001 -6.5774597e+001 -6.5475945e+001 -6.3562778e+001 -6.2730392e+001
  2.8000000e-001 -6.7316452e+001 -6.5744102e+001 -6.5394394e+001 -6.3508179e+001 -6.2643833e+001
  2.8666667e-001 -6.7349472e+001 -6.5705223e+001 -6.5247620e+001 -6.3422630e+001 -6.2544308e+001
  2.9333333e-001 -6.7379669e+001 -6.5541916e+001 -6.5137756e+001 -6.3328953e+001 -6.2418259e+001
  3.0000000e-001 -6.7327110e+001 -6.5357254e+001 -6.4997620e+001 -6.3353748e+001 -6.2293991e+001
  3.0666667e-001 -6.7323212e+001 -6.5171555e+001 -6.4794563e+001 -6.3290844e+001 -6.2072376e+001
  3.1333333e-001 -6.7274712e+001 -6.4990402e+001 -6.4644958e+001 -6.3123707e+001 -6.1886330e+001
  3.2000000e-001 -6.7240784e+001 -6.4756546e+001 -6.4425888e+001 -6.2958958e+001 -6.1753838e+001
  3.2666667e-001 -6.7127922e+001 -6.4508392e+001 -6.4181946e+001 -6.2893318e+001 -6.1563171e+001
  3.3333333e-001 -6.7001167e+001 -6.4196640e+001 -6.3966362e+001 -6.2708324e+001 -6.1361668e+001
  3.4000000e-001 -6.7052887e+001 -6.3896919e+001 -6.3785027e+001 -6.2545990e+001 -6.1213448e+001
  3.4666667e-001 -6.6976746e+001 -6.3730515e+001 -6.3543640e+001 -6.2334171e+001 -6.1068901e+001
  3.5333333e-001 -6.6930779e+001 -6.3400745e+001 -6.3323586e+001 -6.2087391e+001 -6.0982681e+001
  3.6000000e-001 -6.6804543e+001 -6.3085102e+001 -6.3164402e+001 -6.1956127e+001 -6.0892136e+001
  3.6666667e-001 -6.6740067e+001 -6.2834095e+001 -6.2966080e+001 -6.1752594e+001 -6.0802727e+001
  3.7333333e-001 -6.6656647e+001 -6.2599304e+001 -6.2765476e+001 -6.1574738e+001 -6.0670029e+001
  3.8000000e-001 -6.6595207e+001 -6.2362278e+001 -6.2528942e+001 -6.1353706e+001 -6.0550167e+001
  3.8666667e-001 -6.6502090e+001 -6.2093365e+001 -6.2418423e+001 -6.1169052e+001 -6.0504314e+001
  3.9333333e-001 -6.6396576e+001 -6.1845703e+001 -6.2273315e+001 -6.1002823e+001 -6.0417252e+001
  4.0000000e-001 -6.6339890e+001 -6.1643795e+001 -6.2127430e+001 -6.0812626e+001 -6.0318481e+001
  4.0666667e-001 -6.6213242e+001 -6.1379360e+001 -6.1938671e+001 -6.0558071e+001 -6.0229191e+001
  4.1333333e-001 -6.6140572e+001 -6.1131668e+001 -6.1842514e+001 -6.0444332e+001 -6.0213104e+001
  4.2000000e-001 -6.6100494e+001 -6.0932617e+001 -6.1756107e+001 -6.0330467e+001 -6.0216766e+001
  4.2666667e-001 -6.5979088e+001 -6.0776699e+001 -6.1626842e+001 -6.0158806e+001 -6.0274830e+001
  4.3333333e-001 -6.6013290e+001 -6.0628052e+001 -6.1523758e+001 -6.0107891e+001 -6.0085167e+001
  4.4000000e-001 -6.5913261e+001 -6.0499138e+001 -6.1421589e+001 -5.9916805e+001 -6.0054890e+001
  4.4666667e-001 -6.5954849e+001 -6.0305969e+001 -6.1376598e+001 -5.9809555e+001 -6.0072479e+001
  4.5333333e-001 -6.5948097e+001 -6.0203732e+001 -6.1424812e+001 -5.9690556e+001 -6.0102585e+001
  4.6000000e-001 -6.5918503e+001 -6.0055874e+001 -6.1331150e+001 -5.9619457e+001 -6.0114960e+001
  4.6666667e-001 -6.5901329e+001 -6.0036552e+001 -6.1246876e+001 -5.9515633e+001 -6.0101391e+001
  4.7333333e-001 -6.5879631e+001 -6.0062572e+001 -6.1197498e+001 -5.9386658e+001 -6.0159588e+001
  4.8000000e-001 -6.5897865e+001 -5.9970299e+001 -6.1241497e+001 -5.9363464e+001 -6.0222401e+001
  4.8666667e-001 -6.5909409e+001 -5.9970371e+001 -6.1231575e+001 -5.9367622e+001 -6.0267288e+001
  4.9333333e-001 -6.5933296e+001 -5.9992004e+001 -6.1249298e+001 -5.9307858e+001 -6.0342625e+001
  5.0000000e-001 -6.5950241e+001 -6.0014755e+001 -6.1273743e+001 -5.9252419e+001 -6.0383293e+001
  5.0666667e-001 -6.5956902e+001 -6.0056541e+001 -6.1298885e+001 -5.9213436e+001 -6.0494705e+001
  5.1333333e-001 -6.5917114e+001 -6.0106609e+001 -6.1345406e+001 -5.9164307e+001 -6.0574852e+001
  5.2000000e-001 -6.5894897e+001 -6.0237507e+001 -6.1352188e+001 -5.9147125e+001 -6.0610909e+001
  5.2666667e-001 -6.5894409e+001 -6.0394779e+001 -6.1394932e+001 -5.9190121e+001 -6.0715580e+001
  5.3333333e-001 -6.5897606e+001 -6.0489098e+001 -6.1464703e+001 -5.9201950e+001 -6.0746071e+001
  5.4000000e-001 -6.5959564e+001 -6.0696701e+001 -6.1531536e+001 -5.9143143e+001 -6.0830849e+001
  5.4666667e-001 -6.5970337e+001 -6.0900425e+001 -6.1574352e+001 -5.9027458e+001 -6.0864040e+001
  5.5333333e-001 -6.5901505e+001 -6.1098763e+001 -6.1649635e+001 -5.9017426e+001 -6.0903412e+001
  5.6000000e-001 -6.5919533e+001 -6.1240692e+001 -6.1755909e+001 -5.9027180e+001 -6.0935383e+001
  5.6666667e-001 -6.5917839e+001 -6.1432346e+001 -6.1775284e+001 -5.8939842e+001 -6.1065334e+001
  5.7333333e-001 -6.5904030e+001 -6.1690216e+001 -6.1899498e+001 -5.8966301e+001 -6.1110767e+001
  5.8000000e-001 -6.5917595e+001 -6.1831608e+001 -6.1989494e+001 -5.8898041e+001 -6.1093086e+001
  5.8666667e-001 -6.5928078e+001 -6.1927822e+001 -6.2109016e+001 -5.8846226e+001 -6.1176476e+001
  5.9333333e-001 -6.5892586e+001 -6.2101009e+001 -6.2156551e+001 -5.8750179e+001 -6.1255157e+001
  6.0000000e-001 -6.5815948e+001 -6.2251862e+001 -6.2147770e+001 -5.8623188e+001 -6.1349251e+001
  6.0666667e-001 -6.5819641e+001 -6.2391361e+001 -6.2310062e+001 -5.8516678e+001 -6.1337914e+001
  6.1333333e-001 -6.5755409e+001 -6.2502003e+001 -6.2338879e+001 -5.8435287e+001 -6.1346096e+001
  6.2000000e-001 -6.5736412e+001 -6.2609280e+001 -6.2435921e+001 -5.8300835e+001 -6.1350433e+001
  6.2666667e-001 -6.5771622e+001 -6.2691502e+001 -6.2551453e+001 -5.8168972e+001 -6.1355762e+001
  6.3333333e-001 -6.5746559e+001 -6.2804008e+001 -6.2616859e+001 -5.8019329e+001 -6.1366848e+001
  6.4000000e-001 -6.5715698e+001 -6.2918869e+001 -6.2700127e+001 -5.7902473e+001 -6.1388329e+001
  6.4666667e-001 -6.5637589e+001 -6.3037319e+001 -6.2778229e+001 -5.7781784e+001 -6.1320461e+001
  6.5333333e-001 -6.5638084e+001 -6.3121037e+001 -6.2801662e+001 -5.7639626e+001 -6.1341785e+001
  6.6000000e-001 -6.5634872e+001 -6.3156391e+001 -6.2987423e+001 -5.7397839e+001 -6.1319088e+001
  6.6666667e-001 -6.5657997e+001 -6.3165489e+001 -6.3034573e+001 -5.7258392e+001 -6.1328377e+001
  6.7333333e-001 -6.5616554e+001 -6.3185944e+001 -6.3102840e+001 -5.7129005e+001 -6.1361019e+001
  6.8000000e-001 -6.5626518e+001 -6.3212158e+001 -6.3058910e+001 -5.7008301e+001 -6.1388096e+001
  6.8666667e-001 -6.5621613e+001 -6.3212406e+001 -6.3104984e+001 -5.6907406e+001 -6.1336506e+001
  6.9333333e-001 -6.5625298e+001 -6.3186287e+001 -6.3172230e+001 -5.6824806e+001 -6.1314262e+001
  7.0000000e-001 -6.5676971e+001 -6.3097256e+001 -6.3208252e+001 -5.6713852e+001 -6.1300827e+001
  7.0666667e-001 -6.5739288e+001 -6.3082844e+001 -6.3205948e+001 -5.6597340e+001 -6.1357655e+001
  7.1333333e-001 -6.5747871e+001 -6.3066818e+001 -6.3156368e+001 -5.6496799e+001 -6.1332462e+001
  7.2000000e-001 -6.5803078e+001 -6.3029480e+001 -6.3139214e+001 -5.6379536e+001 -6.1331158e+001
  7.2666667e-001 -6.5810364e+001 -6.2966984e+001 -6.3154362e+001 -5.6293045e+001 -6.1313454e+001
  7.3333333e-001 -6.5872978e+001 -6.2925346e+001 -6.3188950e+001 -5.6232960e+001 -6.1284653e+001
  7.4000000e-001 -6.5849831e+001 -6.2950016e+001 -6.3178661e+001 -5.6221233e+001 -6.1265965e+001
  7.4666667e-001 -6.5887085e+001 -6.2966011e+001 -6.3173740e+001 -5.6242638e+001 -6.1252483e+001
  7.5333333e-001 -6.5896606e+001 -6.3037750e+001 -6.3110062e+001 -5.6153042e+001 -6.1295776e+001
  7.6000000e-001 -6.5929085e+001 -6.3143364e+001 -6.3097843e+001 -5.6104507e+001 -6.1271912e+001
  7.6666667e-001 -6.5907791e+001 -6.2957844e+001 -6.3075787e+001 -5.6171196e+001 -6.1205662e+001
  7.7333333e-001 -6.5918922e+001 -6.2951759e+001 -6.3111343e+001 -5.6253674e+001 -6.1174618e+001
  7.8000000e-001 -6.5861893e+001 -6.2908009e+001 -6.3125164e+001 -5.6279854e+001 -6.1238983e+001
  7.8666667e-001 -6.5895920e+001 -6.2892227e+001 -6.2990395e+001 -5.6375168e+001 -6.1210243e+001
  7.9333333e-001 -6.5893410e+001 -6.2867302e+001 -6.2977509e+001 -5.6357925e+001 -6.1247856e+001
  8.0000000e-001 -6.5837830e+001 -6.2841812e+001 -6.2988476e+001 -5.6459671e+001 -6.1265713e+001
  8.0666667e-001 -6.5816750e+001 -6.2833225e+001 -6.2979393e+001 -5.6511414e+001 -6.1224834e+001
  8.1333333e-001 -6.5828560e+001 -6.2853046e+001 -6.2992451e+001 -5.6597870e+001 -6.1246479e+001
  8.2000000e-001 -6.5820000e+001 -6.2819496e+001 -6.2993031e+001 -5.6698162e+001 -6.1243404e+001
  8.2666667e-001 -6.5799438e+001 -6.2796413e+001 -6.3000484e+001 -5.6766270e+001 -6.1287884e+001
  8.3333333e-001 -6.5801071e+001 -6.2790489e+001 -6.2899918e+001 -5.6858917e+001 -6.1269371e+001
  8.4000000e-001 -6.5763420e+001 -6.2771919e+001 -6.2896782e+001 -5.6990852e+001 -6.1270321e+001
  8.4666667e-001 -6.5719749e+001 -6.2790867e+001 -6.2869637e+001 -5.7008541e+001 -6.1279980e+001
  8.5333333e-001 -6.5711113e+001 -6.2711643e+001 -6.2818993e+001 -5.7087143e+001 -6.1271652e+001
  8.6000000e-001 -6.5721184e+001 -6.2689602e+001 -6.2778774e+001 -5.7181137e+001 -6.1243786e+001
  8.6666667e-001 -6.5707977e+001 -6.2702423e+001 -6.2748260e+001 -5.7317944e+001 -6.1241764e+001
  8.7333333e-001 -6.5712334e+001 -6.2716015e+001 -6.2749344e+001 -5.7330566e+001 -6.1342762e+001
  8.8000000e-001 -6.5748360e+001 -6.2733158e+001 -6.2736996e+001 -5.7323067e+001 -6.1311947e+001
  8.8666667e-001 -6.5733459e+001 -6.2693882e+001 -6.2725441e+001 -5.7369301e+001 -6.1266148e+001
  8.9333333e-001 -6.5722260e+001 -6.2676304e+001 -6.2698544e+001 -5.7386608e+001 -6.1281464e+001
  9.0000000e-001 -6.5724625e+001 -6.2721287e+001 -6.2647575e+001 -5.7457504e+001 -6.1290131e+001
  9.0666667e-001 -6.5769142e+001 -6.2699455e+001 -6.2652576e+001 -5.7492947e+001 -6.1337921e+001
  9.1333333e-001 -6.5655243e+001 -6.2768524e+001 -6.2629230e+001 -5.7477928e+001 -6.1390163e+001
  9.2000000e-001 -6.5708633e+001 -6.2777630e+001 -6.2634972e+001 -5.7529667e+001 -6.1290657e+001
  9.2666667e-001 -6.5762741e+001 -6.2842678e+001 -6.2626347e+001 -5.7546810e+001 -6.1261997e+001
  9.3333333e-001 -6.5704178e+001 -6.2822830e+001 -6.2620823e+001 -5.7572025e+001 -6.1245651e+001
  9.4000000e-001 -6.5753983e+001 -6.2776958e+001 -6.2630451e+001 -5.7612728e+001 -6.1258560e+001
  9.4666667e-001 -6.5720772e+001 -6.2824013e+001 -6.2633484e+001 -5.7617447e+001 -6.1243301e+001
  9.5333333e-001 -6.5731438e+001 -6.2889915e+001 -6.2640827e+001 -5.7592079e+001 -6.1275627e+001
  9.6000000e-001 -6.5730286e+001 -6.2890198e+001 -6.2641251e+001 -5.7523514e+001 -6.1345592e+001
  9.6666667e-001 -6.5764023e+001 -6.2902702e+001 -6.2721607e+001 -5.7594227e+001 -6.1318665e+001
  9.7333333e-001 -6.5768066e+001 -6.2909840e+001 -6.2776974e+001 -5.7627617e+001 -6.1213165e+001
  9.8000000e-001 -6.5792702e+001 -6.2910763e+001 -6.2771988e+001 -5.7593056e+001 -6.1202137e+001
  9.8666667e-001 -6.5770004e+001 -6.2900101e+001 -6.2690067e+001 -5.7604717e+001 -6.1108303e+001
  9.9333333e-001 -6.5739090e+001 -6.2887703e+001 -6.2671440e+001 -5.7599602e+001 -6.1151878e+001
  1.0000000e+000 -6.5717743e+001 -6.2906364e+001 -6.2725994e+001 -5.7604424e+001 -6.1168129e+001
  1.0066667e+000 -6.5745995e+001 -6.2969456e+001 -6.2735577e+001 -5.7604916e+001 -6.1161148e+001
  1.0133333e+000 -6.5772812e+001 -6.3005749e+001 -6.2722038e+001 -5.7634190e+001 -6.1132011e+001
  1.0200000e+000 -6.5774292e+001 -6.2961525e+001 -6.2579075e+001 -5.7702560e+001 -6.1117279e+001
  1.0266667e+000 -6.5832970e+001 -6.2976143e+001 -6.2593338e+001 -5.7743206e+001 -6.1174801e+001
  1.0333333e+000 -6.5854424e+001 -6.2994911e+001 -6.2659863e+001 -5.7751045e+001 -6.1224915e+001
  1.0400000e+000 -6.5840759e+001 -6.2854202e+001 -6.2645260e+001 -5.7763191e+001 -6.1237488e+001
  1.0466667e+000 -6.5888824e+001 -6.2936630e+001 -6.2637978e+001 -5.7815067e+001 -6.1209778e+001
  1.0533333e+000 -6.5885643e+001 -6.2929653e+001 -6.2658707e+001 -5.7793625e+001 -6.1162815e+001
  1.0600000e+000 -6.5889900e+001 -6.2927715e+001 -6.2631573e+001 -5.7717422e+001 -6.1166359e+001
  1.0666667e+000 -6.5904343e+001 -6.2928001e+001 -6.2659431e+001 -5.7749931e+001 -6.1208515e+001
  1.0733333e+000 -6.5925659e+001 -6.2935257e+001 -6.2777924e+001 -5.7780033e+001 -6.1253357e+001
  1.0800000e+000 -6.6006447e+001 -6.3011520e+001 -6.2787827e+001 -5.7745781e+001 -6.1222832e+001
  1.0866667e+000 -6.5999016e+001 -6.3015720e+001 -6.2720200e+001 -5.7718044e+001 -6.1234913e+001
  1.0933333e+000 -6.6020668e+001 -6.3032333e+001 -6.2759937e+001 -5.7713364e+001 -6.1192764e+001
  1.1000000e+000 -6.6010979e+001 -6.3009193e+001 -6.2842979e+001 -5.7712929e+001 -6.1163574e+001
  1.1066667e+000 -6.6030785e+001 -6.3001183e+001 -6.2832470e+001 -5.7711800e+001 -6.1181477e+001
  1.1133333e+000 -6.6120422e+001 -6.2980267e+001 -6.2858143e+001 -5.7619434e+001 -6.1231617e+001
  1.1200000e+000 -6.6160622e+001 -6.3033104e+001 -6.2847542e+001 -5.7577538e+001 -6.1297268e+001
  1.1266667e+000 -6.6193466e+001 -6.3022335e+001 -6.2913155e+001 -5.7613697e+001 -6.1233078e+001
  1.1333333e+000 -6.6200447e+001 -6.3051170e+001 -6.2920353e+001 -5.7557671e+001 -6.1171906e+001
  1.1400000e+000 -6.6188644e+001 -6.3000771e+001 -6.2928612e+001 -5.7477341e+001 -6.1168163e+001
  1.1466667e+000 -6.6254364e+001 -6.3009583e+001 -6.3006344e+001 -5.7427227e+001 -6.1206036e+001
  1.1533333e+000 -6.6197281e+001 -6.3010983e+001 -6.2985962e+001 -5.7531212e+001 -6.1235466e+001
  1.1600000e+000 -6.6202507e+001 -6.3030994e+001 -6.2976593e+001 -5.7488567e+001 -6.1282623e+001
  1.1666667e+000 -6.6224800e+001 -6.3048302e+001 -6.2961250e+001 -5.7482956e+001 -6.1251415e+001
  1.1733333e+000 -6.6249199e+001 -6.3036983e+001 -6.2990135e+001 -5.7426102e+001 -6.1245468e+001
  1.1800000e+000 -6.6238831e+001 -6.3085377e+001 -6.2957981e+001 -5.7405548e+001 -6.1219032e+001
  1.1866667e+000 -6.6202644e+001 -6.3064518e+001 -6.2968609e+001 -5.7329147e+001 -6.1247879e+001
  1.1933333e+000 -6.6196999e+001 -6.3082966e+001 -6.2964706e+001 -5.7416183e+001 -6.1278191e+001
  1.2000000e+000 -6.6246201e+001 -6.3069580e+001 -6.2964340e+001 -5.7300636e+001 -6.1258274e+001
  1.2066667e+000 -6.6258606e+001 -6.3110710e+001 -6.3001808e+001 -5.7272984e+001 -6.1270233e+001
  1.2133333e+000 -6.6244034e+001 -6.3132729e+001 -6.3007137e+001 -5.7247215e+001 -6.1226650e+001
  1.2200000e+000 -6.6273491e+001 -6.3107391e+001 -6.2958508e+001 -5.7173763e+001 -6.1346764e+001
  1.2266667e+000 -6.6250793e+001 -6.3090111e+001 -6.2920734e+001 -5.7071896e+001 -6.1390717e+001
  1.2333333e+000 -6.6225334e+001 -6.3114220e+001 -6.2906883e+001 -5.7065701e+001 -6.1400593e+001
  1.2400000e+000 -6.6284859e+001 -6.3105602e+001 -6.2917606e+001 -5.7044720e+001 -6.1420414e+001
  1.2466667e+000 -6.6306396e+001 -6.3083763e+001 -6.2908585e+001 -5.7054443e+001 -6.1502048e+001
  1.2533333e+000 -6.6297096e+001 -6.3073635e+001 -6.2922806e+001 -5.7055981e+001 -6.1551533e+001
  1.2600000e+000 -6.6318817e+001 -6.3121105e+001 -6.2997368e+001 -5.6952682e+001 -6.1608063e+001
  1.2666667e+000 -6.6332611e+001 -6.3116673e+001 -6.2915012e+001 -5.6920132e+001 -6.1623810e+001
  1.2733333e+000 -6.6336601e+001 -6.3111305e+001 -6.2896973e+001 -5.6892361e+001 -6.1622875e+001
  1.2800000e+000 -6.6294456e+001 -6.3108940e+001 -6.2943932e+001 -5.6823006e+001 -6.1639587e+001
  1.2866667e+000 -6.6327988e+001 -6.3114746e+001 -6.2954327e+001 -5.6815712e+001 -6.1632801e+001
  1.2933333e+000 -6.6327400e+001 -6.3214523e+001 -6.3027519e+001 -5.6798141e+001 -6.1666718e+001
  1.3000000e+000 -6.6385941e+001 -6.3364040e+001 -6.3142639e+001 -5.6755802e+001 -6.1706852e+001
  1.3066667e+000 -6.6379181e+001 -6.3397320e+001 -6.3172939e+001 -5.6708160e+001 -6.1711872e+001
  1.3133333e+000 -6.6391083e+001 -6.3355087e+001 -6.3193935e+001 -5.6650917e+001 -6.1686676e+001
  1.3200000e+000 -6.6384979e+001 -6.3351917e+001 -6.3169735e+001 -5.6598881e+001 -6.1680367e+001
  1.3266667e+000 -6.6352859e+001 -6.3349506e+001 -6.3163013e+001 -5.6500004e+001 -6.1710987e+001
  1.3333333e+000 -6.6376205e+001 -6.3333073e+001 -6.3118065e+001 -5.6422466e+001 -6.1773769e+001
  1.3400000e+000 -6.6364777e+001 -6.3341877e+001 -6.3205780e+001 -5.6368988e+001 -6.1810059e+001
  1.3466667e+000 -6.6397423e+001 -6.3351513e+001 -6.3269375e+001 -5.6309772e+001 -6.1801834e+001
  1.3533333e+000 -6.6402611e+001 -6.3315514e+001 -6.3234379e+001 -5.6242107e+001 -6.1819244e+001
  1.3600000e+000 -6.6403137e+001 -6.3255566e+001 -6.3281315e+001 -5.6250317e+001 -6.1812878e+001
  1.3666667e+000 -6.6438789e+001 -6.3413979e+001 -6.3299652e+001 -5.6247425e+001 -6.1829208e+001
  1.3733333e+000 -6.6429253e+001 -6.3419441e+001 -6.3256485e+001 -5.6171375e+001 -6.1874226e+001
  1.3800000e+000 -6.6444557e+001 -6.3466370e+001 -6.3291668e+001 -5.6135269e+001 -6.1923008e+001
  1.3866667e+000 -6.6451141e+001 -6.3438297e+001 -6.3314072e+001 -5.6037289e+001 -6.1902843e+001
  1.3933333e+000 -6.6454010e+001 -6.3471725e+001 -6.3358688e+001 -5.6001144e+001 -6.1958790e+001
  1.4000000e+000 -6.6476334e+001 -6.3451305e+001 -6.3382839e+001 -5.6020878e+001 -6.1925938e+001
  1.4066667e+000 -6.6463623e+001 -6.3617100e+001 -6.3411293e+001 -5.6079956e+001 -6.1891693e+001
  1.4133333e+000 -6.6435875e+001 -6.3538765e+001 -6.3356705e+001 -5.6032658e+001 -6.1944866e+001
  1.4200000e+000 -6.6438889e+001 -6.3525509e+001 -6.3500549e+001 -5.6021770e+001 -6.2014828e+001
  1.4266667e+000 -6.6515106e+001 -6.3480415e+001 -6.3512146e+001 -5.5972301e+001 -6.2055256e+001
  1.4333333e+000 -6.6538193e+001 -6.3463203e+001 -6.3528370e+001 -5.6033928e+001 -6.2056633e+001
  1.4400000e+000 -6.6518684e+001 -6.3518047e+001 -6.3551865e+001 -5.6083420e+001 -6.2096886e+001
  1.4466667e+000 -6.6519600e+001 -6.3555996e+001 -6.3556217e+001 -5.6131638e+001 -6.2089916e+001
  1.4533333e+000 -6.6437355e+001 -6.3560143e+001 -6.3550930e+001 -5.6148064e+001 -6.2065369e+001
  1.4600000e+000 -6.6602676e+001 -6.3518314e+001 -6.3510502e+001 -5.6130733e+001 -6.2168362e+001
  1.4666667e+000 -6.6638313e+001 -6.3566250e+001 -6.3487881e+001 -5.6154232e+001 -6.2234894e+001
  1.4733333e+000 -6.6611488e+001 -6.3549992e+001 -6.3520664e+001 -5.6216732e+001 -6.2233570e+001
  1.4800000e+000 -6.6624077e+001 -6.3571606e+001 -6.3515194e+001 -5.6212887e+001 -6.2225517e+001
  1.4866667e+000 -6.6619125e+001 -6.3609039e+001 -6.3606678e+001 -5.6203304e+001 -6.2291832e+001
  1.4933333e+000 -6.6599663e+001 -6.3637707e+001 -6.3566925e+001 -5.6237858e+001 -6.2285248e+001
  1.5000000e+000 -6.6623978e+001 -6.3645611e+001 -6.3589096e+001 -5.6275345e+001 -6.2287865e+001
  1.5066667e+000 -6.6580299e+001 -6.3611595e+001 -6.3586643e+001 -5.6313126e+001 -6.2334480e+001
  1.5133333e+000 -6.6614120e+001 -6.3623199e+001 -6.3624928e+001 -5.6347481e+001 -6.2332443e+001
  1.5200000e+000 -6.6665337e+001 -6.3685417e+001 -6.3680557e+001 -5.6367020e+001 -6.2364021e+001
  1.5266667e+000 -6.6716377e+001 -6.3694050e+001 -6.3687992e+001 -5.6421280e+001 -6.2370541e+001
  1.5333333e+000 -6.6672760e+001 -6.3713718e+001 -6.3732136e+001 -5.6454529e+001 -6.2377029e+001
  1.5400000e+000 -6.6699951e+001 -6.3740978e+001 -6.3714554e+001 -5.6475334e+001 -6.2350918e+001
  1.5466667e+000 -6.6752769e+001 -6.3761532e+001 -6.3710354e+001 -5.6457508e+001 -6.2434658e+001
  1.5533333e+000 -6.6781509e+001 -6.3785080e+001 -6.3740578e+001 -5.6494984e+001 -6.2502537e+001
  1.5600000e+000 -6.6820969e+001 -6.3734539e+001 -6.3737549e+001 -5.6437260e+001 -6.2526176e+001
  1.5666667e+000 -6.6824173e+001 -6.3824169e+001 -6.3736485e+001 -5.6364437e+001 -6.2489864e+001
  1.5733333e+000 -6.6772926e+001 -6.3830898e+001 -6.3775753e+001 -5.6425049e+001 -6.2506554e+001
  1.5800000e+000 -6.6771851e+001 -6.3850124e+001 -6.3781788e+001 -5.6447674e+001 -6.2548771e+001
  1.5866667e+000 -6.6833267e+001 -6.3943016e+001 -6.3799488e+001 -5.6446861e+001 -6.2578461e+001
  1.5933333e+000 -6.6835487e+001 -6.3927483e+001 -6.3805614e+001 -5.6469818e+001 -6.2620850e+001
  1.6000000e+000 -6.6816933e+001 -6.3925106e+001 -6.3824928e+001 -5.6493221e+001 -6.2674744e+001
  1.6066667e+000 -6.6837395e+001 -6.3968296e+001 -6.3835419e+001 -5.6489990e+001 -6.2695694e+001
  1.6133333e+000 -6.6828598e+001 -6.4003967e+001 -6.3880241e+001 -5.6554775e+001 -6.2694210e+001
  1.6200000e+000 -6.6828453e+001 -6.4059959e+001 -6.3977795e+001 -5.6583954e+001 -6.2736874e+001
  1.6266667e+000 -6.6763496e+001 -6.4055725e+001 -6.3938828e+001 -5.6600368e+001 -6.2724155e+001
  1.6333333e+000 -6.6857010e+001 -6.4014557e+001 -6.3907341e+001 -5.6544647e+001 -6.2740303e+001
  1.6400000e+000 -6.6893753e+001 -6.4072868e+001 -6.3936840e+001 -5.6599766e+001 -6.2736580e+001
  1.6466667e+000 -6.6813156e+001 -6.4079674e+001 -6.3944233e+001 -5.6618542e+001 -6.2758923e+001
  1.6533333e+000 -6.6855667e+001 -6.4119942e+001 -6.4021797e+001 -5.6601067e+001 -6.2808357e+001
  1.6600000e+000 -6.6843018e+001 -6.4126320e+001 -6.4035248e+001 -5.6647354e+001 -6.2832188e+001
  1.6666667e+000 -6.6850990e+001 -6.4156319e+001 -6.4020386e+001 -5.6613411e+001 -6.2804684e+001
  1.6733333e+000 -6.6917198e+001 -6.4160934e+001 -6.4050919e+001 -5.6554882e+001 -6.2802490e+001
  1.6800000e+000 -6.6870468e+001 -6.4151566e+001 -6.4088058e+001 -5.6586987e+001 -6.2857616e+001
  1.6866667e+000 -6.6896591e+001 -6.4136917e+001 -6.4085236e+001 -5.6632957e+001 -6.2935032e+001
  1.6933333e+000 -6.6907753e+001 -6.4108528e+001 -6.4137810e+001 -5.6745533e+001 -6.2913883e+001
  1.7000000e+000 -6.6964317e+001 -6.4107498e+001 -6.4152367e+001 -5.6802113e+001 -6.2900803e+001
  1.7066667e+000 -6.6917000e+001 -6.4156250e+001 -6.4186714e+001 -5.6600460e+001 -6.2981392e+001
  1.7133333e+000 -6.6921722e+001 -6.4184792e+001 -6.4191559e+001 -5.6591660e+001 -6.2914368e+001
  1.7200000e+000 -6.6947678e+001 -6.4216721e+001 -6.4212204e+001 -5.6591167e+001 -6.3000320e+001
  1.7266667e+000 -6.6971504e+001 -6.4185791e+001 -6.4250961e+001 -5.6641479e+001 -6.3007244e+001
  1.7333333e+000 -6.6976791e+001 -6.4191399e+001 -6.4283295e+001 -5.6678165e+001 -6.3004375e+001
  1.7400000e+000 -6.6982201e+001 -6.4245453e+001 -6.4278534e+001 -5.6670685e+001 -6.2988449e+001
  1.7466667e+000 -6.6946732e+001 -6.4261749e+001 -6.4268669e+001 -5.6580132e+001 -6.3044819e+001
  1.7533333e+000 -6.6952797e+001 -6.4330742e+001 -6.4268791e+001 -5.6646275e+001 -6.3097301e+001
  1.7600000e+000 -6.7020874e+001 -6.4191734e+001 -6.4312874e+001 -5.6669685e+001 -6.3098339e+001
  1.7666667e+000 -6.7009399e+001 -6.4181038e+001 -6.4277153e+001 -5.6675762e+001 -6.3154533e+001
  1.7733333e+000 -6.7042130e+001 -6.4231361e+001 -6.4317482e+001 -5.6737610e+001 -6.3139328e+001
  1.7800000e+000 -6.7090050e+001 -6.4247490e+001 -6.4331696e+001 -5.6726498e+001 -6.3174114e+001
  1.7866667e+000 -6.7019051e+001 -6.4282669e+001 -6.4374237e+001 -5.6739010e+001 -6.3226044e+001
  1.7933333e+000 -6.6987473e+001 -6.4204597e+001 -6.4392113e+001 -5.6712162e+001 -6.3257027e+001
  1.8000000e+000 -6.7031273e+001 -6.4306229e+001 -6.4428604e+001 -5.6702412e+001 -6.3305862e+001
  1.8066667e+000 -6.7086136e+001 -6.4309212e+001 -6.4394829e+001 -5.6741764e+001 -6.3283829e+001
  1.8133333e+000 -6.7051231e+001 -6.4292206e+001 -6.4447456e+001 -5.6756451e+001 -6.3327595e+001
  1.8200000e+000 -6.7089767e+001 -6.4328041e+001 -6.4433716e+001 -5.6787361e+001 -6.3391041e+001
  1.8266667e+000 -6.7085724e+001 -6.4370613e+001 -6.4503723e+001 -5.6738796e+001 -6.3416168e+001
  1.8333333e+000 -6.7092766e+001 -6.4425781e+001 -6.4545425e+001 -5.6738869e+001 -6.3472752e+001
  1.8400000e+000 -6.7064087e+001 -6.4427635e+001 -6.4567360e+001 -5.6738625e+001 -6.3537830e+001
  1.8466667e+000 -6.7041542e+001 -6.4456818e+001 -6.4602440e+001 -5.6706932e+001 -6.3675308e+001
  1.8533333e+000 -6.7091148e+001 -6.4501862e+001 -6.4593391e+001 -5.6720375e+001 -6.3513542e+001
  1.8600000e+000 -6.7127235e+001 -6.4500877e+001 -6.4632309e+001 -5.6692303e+001 -6.3515240e+001
  1.8666667e+000 -6.7117897e+001 -6.4548706e+001 -6.4660599e+001 -5.6698509e+001 -6.3469234e+001
  1.8733333e+000 -6.7095093e+001 -6.4583862e+001 -6.4699066e+001 -5.6635746e+001 -6.3468884e+001
  1.8800000e+000 -6.7083282e+001 -6.4575439e+001 -6.4738937e+001 -5.6656143e+001 -6.3508957e+001
  1.8866667e+000 -6.7114227e+001 -6.4570862e+001 -6.4796684e+001 -5.6656883e+001 -6.3512836e+001
  1.8933333e+000 -6.7106407e+001 -6.4598724e+001 -6.4784744e+001 -5.6605366e+001 -6.3538551e+001
  1.9000000e+000 -6.7121780e+001 -6.4624985e+001 -6.4872826e+001 -5.6598400e+001 -6.3647533e+001
  1.9066667e+000 -6.7155960e+001 -6.4654045e+001 -6.4925529e+001 -5.6577477e+001 -6.3681774e+001
  1.9133333e+000 -6.7153084e+001 -6.4641991e+001 -6.4957466e+001 -5.6544777e+001 -6.3651081e+001
  1.9200000e+000 -6.7115509e+001 -6.4645210e+001 -6.4991829e+001 -5.6520638e+001 -6.3664242e+001
  1.9266667e+000 -6.7072296e+001 -6.4659180e+001 -6.4942238e+001 -5.6496067e+001 -6.3666039e+001
  1.9333333e+000 -6.7051872e+001 -6.4678642e+001 -6.4938164e+001 -5.6493965e+001 -6.3720490e+001
  1.9400000e+000 -6.7059792e+001 -6.4667175e+001 -6.4936188e+001 -5.6460907e+001 -6.3691528e+001
  1.9466667e+000 -6.7107109e+001 -6.4730499e+001 -6.4987068e+001 -5.6408875e+001 -6.3736725e+001
  1.9533333e+000 -6.7112282e+001 -6.4710785e+001 -6.4977325e+001 -5.6377510e+001 -6.3783176e+001
  1.9600000e+000 -6.7111671e+001 -6.4711731e+001 -6.5045097e+001 -5.6316067e+001 -6.3759258e+001
  1.9666667e+000 -6.7122673e+001 -6.4703003e+001 -6.4964874e+001 -5.6206161e+001 -6.3765152e+001
  1.9733333e+000 -6.7103813e+001 -6.4709892e+001 -6.4968102e+001 -5.6195950e+001 -6.3790730e+001
  1.9800000e+000 -6.7078926e+001 -6.4710243e+001 -6.4969170e+001 -5.6123619e+001 -6.3767056e+001
  1.9866667e+000 -6.7086998e+001 -6.4715370e+001 -6.4914436e+001 -5.6073368e+001 -6.3802116e+001
  1.9933333e+000 -6.7125092e+001 -6.4745987e+001 -6.4998360e+001 -5.6077351e+001 -6.3807007e+001
  2.0000000e+000 -6.7068527e+001 -6.4797134e+001 -6.5012932e+001 -5.6038212e+001 -6.3836704e+001
