 -5.0000000e-001 -9.3595320e+000 -7.2264500e+000 -1.0054894e+001 -1.1822353e+001 -1.0198960e+001
 -4.9333333e-001 -9.3450890e+000 -7.2285760e+000 -1.0062980e+001 -1.1811644e+001 -1.0208275e+001
 -4.8666667e-001 -9.3384200e+000 -7.2208160e+000 -1.0062560e+001 -1.1806489e+001 -1.0202950e+001
 -4.8000000e-001 -9.3352130e+000 -7.2363550e+000 -1.0047705e+001 -1.1817896e+001 -1.0202075e+001
 -4.7333333e-001 -9.3205760e+000 -7.2316680e+000 -1.0051130e+001 -1.1818281e+001 -1.0205178e+001
 -4.6666667e-001 -9.3262400e+000 -7.2305270e+000 -1.0054451e+001 -1.1817903e+001 -1.0237094e+001
 -4.6000000e-001 -9.3327020e+000 -7.2416480e+000 -1.0064521e+001 -1.1793015e+001 -1.0225727e+001
 -4.5333333e-001 -9.3257840e+000 -7.2442160e+000 -1.0054249e+001 -1.1799083e+001 -1.0228639e+001
 -4.4666667e-001 -9.3290450e+000 -7.2543810e+000 -1.0056648e+001 -1.1795480e+001 -1.0254251e+001
 -4.4000000e-001 -9.3175890e+000 -7.2431040e+000 -1.0039715e+001 -1.1787175e+001 -1.0262742e+001
 -4.3333333e-001 -9.3238290e+000 -7.2269740e+000 -1.0052946e+001 -1.1786305e+001 -1.0263362e+001
 -4.2666667e-001 -9.3277320e+000 -7.2454380e+000 -1.0042467e+001 -1.1770379e+001 -1.0271955e+001
 -4.2000000e-001 -9.3062220e+000 -7.2317480e+000 -1.0054036e+001 -1.1772962e+001 -1.0282866e+001
 -4.1333333e-001 -9.3101760e+000 -7.2271780e+000 -1.0046402e+001 -1.1778351e+001 -1.0309742e+001
 -4.0666667e-001 -9.3228180e+000 -7.2247070e+000 -1.0051764e+001 -1.1757083e+001 -1.0320554e+001
 -4.0000000e-001 -9.3155720e+000 -7.2099190e+000 -1.0056977e+001 -1.1764023e+001 -1.0310474e+001
 -3.9333333e-001 -9.3207650e+000 -7.2275930e+000 -1.0067929e+001 -1.1779004e+001 -1.0321860e+001
 -3.8666667e-001 -9.3183900e+000 -7.2164430e+000 -1.0039843e+001 -1.1781320e+001 -1.0325773e+001
 -3.8000000e-001 -9.3227960e+000 -7.2114800e+000 -1.0048750e+001 -1.1786739e+001 -1.0324170e+001
 -3.7333333e-001 -9.3198280e+000 -7.2127290e+000 -1.0029964e+001 -1.1807547e+001 -1.0332523e+001
 -3.6666667e-001 -9.3143120e+000 -7.2131440e+000 -1.0028743e+001 -1.1795640e+001 -1.0350512e+001
 -3.6000000e-001 -9.3146840e+000 -7.2084100e+000 -1.0048391e+001 -1.1800726e+001 -1.0355573e+001
 -3.5333333e-001 -9.3364520e+000 -7.2017460e+000 -1.0043574e+001 -1.1809824e+001 -1.0368733e+001
 -3.4666667e-001 -9.3291230e+000 -7.2037700e+000 -1.0030583e+001 -1.1813204e+001 -1.0356855e+001
 -3.4000000e-001 -9.3249600e+000 -7.1838460e+000 -1.0030930e+001 -1.1805002e+001 -1.0365107e+001
 -3.3333333e-001 -9.3384730e+000 -7.1895490e+000 -1.0038572e+001 -1.1796885e+001 -1.0372677e+001
 -3.2666667e-001 -9.3468440e+000 -7.1945270e+000 -1.0029734e+001 -1.1820617e+001 -1.0373401e+001
 -3.2000000e-001 -9.3644040e+000 -7.1931530e+000 -1.0031496e+001 -1.1820765e+001 -1.0380814e+001
 -3.1333333e-001 -9.3422470e+000 -7.1966340e+000 -1.0029793e+001 -1.1805157e+001 -1.0386376e+001
 -3.0666667e-001 -9.3505200e+000 -7.2139600e+000 -1.0020125e+001 -1.1805502e+001 -1.0388816e+001
 -3.0000000e-001 -9.3449540e+000 -7.1941390e+000 -1.0025036e+001 -1.1794560e+001 -1.0402274e+001
 -2.9333333e-001 -9.3449680e+000 -7.2011310e+000 -1.0018900e+001 -1.1808029e+001 -1.0404127e+001
 -2.8666667e-001 -9.3469930e+000 -7.1968240e+000 -1.0018561e+001 -1.1805225e+001 -1.0411243e+001
 -2.8000000e-001 -9.3690080e+000 -7.2030930e+000 -9.9979570e+000 -1.1798882e+001 -1.0405605e+001
 -2.7333333e-001 -9.3606010e+000 -7.2141130e+000 -9.9893220e+000 -1.1802274e+001 -1.0414912e+001
 -2.6666667e-001 -9.3489960e+000 -7.1943190e+000 -9.9826390e+000 -1.1790597e+001 -1.0411114e+001
 -2.6000000e-001 -9.3437630e+000 -7.2033620e+000 -9.9972500e+000 -1.1800673e+001 -1.0421737e+001
 -2.5333333e-001 -9.3468030e+000 -7.2119460e+000 -9.9921830e+000 -1.1804335e+001 -1.0407991e+001
 -2.4666667e-001 -9.3513560e+000 -7.2135290e+000 -9.9920220e+000 -1.1810487e+001 -1.0416538e+001
 -2.4000000e-001 -9.3530040e+000 -7.2013110e+000 -9.9850410e+000 -1.1805450e+001 -1.0407714e+001
 -2.3333333e-001 -9.3604900e+000 -7.2093560e+000 -9.9877540e+000 -1.1801499e+001 -1.0430365e+001
 -2.2666667e-001 -9.3580140e+000 -7.2095960e+000 -9.9992420e+000 -1.1829104e+001 -1.0421872e+001
 -2.2000000e-001 -9.3576070e+000 -7.1889950e+000 -9.9991110e+000 -1.1815512e+001 -1.0433343e+001
 -2.1333333e-001 -9.3660570e+000 -7.2178020e+000 -9.9986800e+000 -1.1821671e+001 -1.0441149e+001
 -2.0666667e-001 -9.3658850e+000 -7.1958990e+000 -1.0011142e+001 -1.1822763e+001 -1.0448612e+001
 -2.0000000e-001 -9.3644750e+000 -7.2022890e+000 -1.0011647e+001 -1.1832803e+001 -1.0456217e+001
 -1.9333333e-001 -9.3597760e+000 -7.2007040e+000 -1.0010428e+001 -1.1832005e+001 -1.0449305e+001
 -1.8666667e-001 -9.3703870e+000 -7.1812690e+000 -1.0021362e+001 -1.1837989e+001 -1.0428930e+001
 -1.8000000e-001 -9.3740670e+000 -7.1978810e+000 -1.0023130e+001 -1.1827438e+001 -1.0448167e+001
 -1.7333333e-001 -9.3595430e+000 -7.1880900e+000 -1.0039518e+001 -1.1816797e+001 -1.0447127e+001
 -1.6666667e-001 -9.3664770e+000 -7.1799970e+000 -1.0043042e+001 -1.1826204e+001 -1.0448788e+001
 -1.6000000e-001 -9.3618860e+000 -7.1939770e+000 -1.0036149e+001 -1.1822930e+001 -1.0450027e+001
 -1.5333333e-001 -9.3757570e+000 -7.1998900e+000 -1.0037821e+001 -1.1825836e+001 -1.0457868e+001
 -1.4666667e-001 -9.3682940e+000 -7.2000210e+000 -1.0043085e+001 -1.1821436e+001 -1.0445988e+001
 -1.4000000e-001 -9.3675900e+000 -7.2047110e+000 -1.0042990e+001 -1.1820742e+001 -1.0439500e+001
 -1.3333333e-001 -9.3728090e+000 -7.1978700e+000 -1.0037328e+001 -1.1810561e+001 -1.0445147e+001
 -1.2666667e-001 -9.3784820e+000 -7.1920580e+000 -1.0044104e+001 -1.1829544e+001 -1.0445386e+001
 -1.2000000e-001 -9.3741100e+000 -7.1911770e+000 -1.0051994e+001 -1.1820219e+001 -1.0435865e+001
 -1.1333333e-001 -9.3766380e+000 -7.2129370e+000 -1.0045222e+001 -1.1809979e+001 -1.0439391e+001
 -1.0666667e-001 -9.3864200e+000 -7.2169900e+000 -1.0053222e+001 -1.1812646e+001 -1.0431845e+001
 -1.0000000e-001 -9.3759620e+000 -7.2016730e+000 -1.0060947e+001 -1.1807009e+001 -1.0430519e+001
 -9.3333333e-002 -9.4021260e+000 -7.2223530e+000 -1.0056958e+001 -1.1816567e+001 -1.0445343e+001
 -8.6666667e-002 -9.3894790e+000 -7.2231530e+000 -1.0051934e+001 -1.1806425e+001 -1.0457841e+001
 -8.0000000e-002 -9.4038540e+000 -7.2073390e+000 -1.0059390e+001 -1.1793013e+001 -1.0441989e+001
 -7.3333333e-002 -9.4006050e+000 -7.2084900e+000 -1.0077141e+001 -1.1803750e+001 -1.0457545e+001
 -6.6666667e-002 -9.4089000e+000 -7.2026670e+000 -1.0066754e+001 -1.1798198e+001 -1.0441780e+001
 -6.0000000e-002 -9.4108150e+000 -7.2213850e+000 -1.0061725e+001 -1.1816189e+001 -1.0466884e+001
 -5.3333333e-002 -9.4220890e+000 -7.2013160e+000 -1.0066319e+001 -1.1793900e+001 -1.0465928e+001
 -4.6666667e-002 -9.4223070e+000 -7.1990500e+000 -1.0061507e+001 -1.1799463e+001 -1.0461359e+001
 -4.0000000e-002 -9.4178150e+000 -7.2032640e+000 -1.0080359e+001 -1.1818083e+001 -1.0467772e+001
 -3.3333333e-002 -9.4137920e+000 -7.2053480e+000 -1.0080257e+001 -1.1809087e+001 -1.0463848e+001
 -2.6666667e-002 -9.4459180e+000 -7.2033360e+000 -1.0082671e+001 -1.1817759e+001 -1.0451446e+001
 -2.0000000e-002 -9.4369180e+000 -7.1920460e+000 -1.0070956e+001 -1.1825843e+001 -1.0460332e+001
 -1.3333333e-002 -9.4471830e+000 -7.1971030e+000 -1.0081139e+001 -1.1849849e+001 -1.0456857e+001
 -6.6666667e-003 -9.4608980e+000 -7.2185790e+000 -1.0090007e+001 -1.1842408e+001 -1.0460143e+001
  0.0000000e+000 -9.4760730e+000 -7.2241580e+000 -1.0102455e+001 -1.1836979e+001 -1.0501957e+001
  6.6666667e-003 -9.5157430e+000 -7.2470930e+000 -1.0127784e+001 -1.1879795e+001 -1.0506441e+001
  1.3333333e-002 -9.5480460e+000 -7.2755750e+000 -1.0174124e+001 -1.1916485e+001 -1.0567216e+001
  2.0000000e-002 -9.5870330e+000 -7.3287810e+000 -1.0202349e+001 -1.1930019e+001 -1.0593140e+001
  2.6666667e-002 -9.6196680e+000 -7.3638630e+000 -1.0223067e+001 -1.1944880e+001 -1.0616600e+001
  3.3333333e-002 -9.6467890e+000 -7.3690930e+000 -1.0243060e+001 -1.1955770e+001 -1.0619769e+001
  4.0000000e-002 -9.6675300e+000 -7.3934770e+000 -1.0241542e+001 -1.1959721e+001 -1.0643434e+001
  4.6666667e-002 -9.6761650e+000 -7.3937930e+000 -1.0238358e+001 -1.1938841e+001 -1.0643390e+001
  5.3333333e-002 -9.6645080e+000 -7.3721930e+000 -1.0228736e+001 -1.1918286e+001 -1.0629848e+001
  6.0000000e-002 -9.6390980e+000 -7.3778300e+000 -1.0222715e+001 -1.1892065e+001 -1.0626863e+001
  6.6666667e-002 -9.6358590e+000 -7.3708180e+000 -1.0206666e+001 -1.1874734e+001 -1.0607526e+001
  7.3333333e-002 -9.6457200e+000 -7.3933140e+000 -1.0210626e+001 -1.1881249e+001 -1.0619972e+001
  8.0000000e-002 -9.6516600e+000 -7.3832550e+000 -1.0214269e+001 -1.1898255e+001 -1.0617326e+001
  8.6666667e-002 -9.6825390e+000 -7.4371410e+000 -1.0236495e+001 -1.1935148e+001 -1.0648962e+001
  9.3333333e-002 -9.7071420e+000 -7.4555320e+000 -1.0253185e+001 -1.1938317e+001 -1.0670072e+001
  1.0000000e-001 -9.7160640e+000 -7.4666390e+000 -1.0271729e+001 -1.1949039e+001 -1.0657318e+001
  1.0666667e-001 -9.7320830e+000 -7.4723780e+000 -1.0259142e+001 -1.1956893e+001 -1.0643156e+001
  1.1333333e-001 -9.7423630e+000 -7.4624980e+000 -1.0247716e+001 -1.1940972e+001 -1.0644661e+001
  1.2000000e-001 -9.7120860e+000 -7.4727910e+000 -1.0238026e+001 -1.1914291e+001 -1.0598185e+001
  1.2666667e-001 -9.6576310e+000 -7.4317930e+000 -1.0200757e+001 -1.1866993e+001 -1.0565333e+001
  1.3333333e-001 -9.5333130e+000 -7.3996210e+000 -1.0188635e+001 -1.1836867e+001 -1.0518703e+001
  1.4000000e-001 -9.3950810e+000 -7.3312300e+000 -1.0188908e+001 -1.1806379e+001 -1.0450707e+001
  1.4666667e-001 -9.2458120e+000 -7.2320010e+000 -1.0193791e+001 -1.1781481e+001 -1.0386180e+001
  1.5333333e-001 -9.0882880e+000 -7.1459220e+000 -1.0185162e+001 -1.1731577e+001 -1.0284807e+001
  1.6000000e-001 -8.9190220e+000 -7.0346210e+000 -1.0140345e+001 -1.1677958e+001 -1.0167803e+001
  1.6666667e-001 -8.6972220e+000 -6.9081700e+000 -1.0042435e+001 -1.1568420e+001 -1.0059148e+001
  1.7333333e-001 -8.4425530e+000 -6.7566080e+000 -9.8989060e+000 -1.1448668e+001 -9.8853970e+000
  1.8000000e-001 -8.1292510e+000 -6.5303060e+000 -9.6930120e+000 -1.1316998e+001 -9.6811960e+000
  1.8666667e-001 -7.7622760e+000 -6.2631750e+000 -9.4922270e+000 -1.1188824e+001 -9.4595590e+000
  1.9333333e-001 -7.2902280e+000 -5.9043440e+000 -9.2576200e+000 -1.1069512e+001 -9.1799800e+000
  2.0000000e-001 -6.7497210e+000 -5.4700420e+000 -9.0236470e+000 -1.0937647e+001 -8.8391900e+000
  2.0666667e-001 -6.1285350e+000 -4.9877030e+000 -8.7317710e+000 -1.0777948e+001 -8.4464750e+000
  2.1333333e-001 -5.4476210e+000 -4.3986410e+000 -8.3929050e+000 -1.0542813e+001 -7.9972460e+000
  2.2000000e-001 -4.6869470e+000 -3.7542140e+000 -8.0009390e+000 -1.0332113e+001 -7.5343710e+000
  2.2666667e-001 -3.8940580e+000 -3.0657660e+000 -7.5426710e+000 -1.0021265e+001 -7.0005430e+000
  2.3333333e-001 -3.0547090e+000 -2.3188840e+000 -6.9953330e+000 -9.6762620e+000 -6.4046920e+000
  2.4000000e-001 -2.1984880e+000 -1.6200240e+000 -6.3886540e+000 -9.3028810e+000 -5.7533930e+000
  2.4666667e-001 -1.3229320e+000 -8.6723100e-001 -5.6650530e+000 -8.8578100e+000 -5.1023730e+000
  2.5333333e-001 -4.7651500e-001 -1.8972200e-001 -4.8414420e+000 -8.3836590e+000 -4.3463550e+000
  2.6000000e-001  3.3376900e-001  4.6727700e-001 -3.9850870e+000 -7.9000250e+000 -3.5888430e+000
  2.6666667e-001  1.1500550e+000  1.1034720e+000 -3.0311760e+000 -7.3715640e+000 -2.8682080e+000
  2.7333333e-001  1.9262000e+000  1.6993980e+000 -2.0666010e+000 -6.8060520e+000 -2.1450280e+000
  2.8000000e-001  2.6403310e+000  2.2071450e+000 -1.0696450e+000 -6.1939480e+000 -1.4288550e+000
  2.8666667e-001  3.2407750e+000  2.6444950e+000 -5.2464000e-002 -5.5743580e+000 -7.5911900e-001
  2.9333333e-001  3.6968640e+000  2.9850800e+000  9.2692600e-001 -4.8983360e+000 -1.2159300e-001
  3.0000000e-001  4.1048440e+000  3.2098950e+000  1.8413400e+000 -4.3003630e+000  4.8900900e-001
  3.0666667e-001  4.4131460e+000  3.3646770e+000  2.6223290e+000 -3.6702100e+000  1.0057910e+000
  3.1333333e-001  4.7279010e+000  3.4819160e+000  3.3239050e+000 -3.1319960e+000  1.4589140e+000
  3.2000000e-001  5.0947230e+000  3.5614100e+000  3.9600820e+000 -2.5513160e+000  1.8851650e+000
  3.2666667e-001  5.5040940e+000  3.6678910e+000  4.4643990e+000 -2.0277010e+000  2.2509920e+000
  3.3333333e-001  5.9572410e+000  3.7274480e+000  4.8868580e+000 -1.5559590e+000  2.5926300e+000
  3.4000000e-001  6.4838100e+000  3.8103570e+000  5.2393240e+000 -1.1059720e+000  2.8736640e+000
  3.4666667e-001  7.0415690e+000  3.9262400e+000  5.5122590e+000 -6.8645700e-001  3.1752200e+000
  3.5333333e-001  7.6282740e+000  4.0531790e+000  5.7257200e+000 -3.1835000e-001  3.4355500e+000
  3.6000000e-001  8.1822990e+000  4.2156170e+000  5.9057370e+000  2.5238000e-002  3.6497140e+000
  3.6666667e-001  8.6876320e+000  4.3969450e+000  6.0599420e+000  3.3117700e-001  3.8595050e+000
  3.7333333e-001  9.1815220e+000  4.5892460e+000  6.1784070e+000  6.5622800e-001  4.0938070e+000
  3.8000000e-001  9.6572640e+000  4.7550690e+000  6.3301230e+000  9.7094000e-001  4.3155360e+000
  3.8666667e-001  1.0095454e+001  4.9413270e+000  6.4901750e+000  1.2629650e+000  4.5505410e+000
  3.9333333e-001  1.0523701e+001  5.1864690e+000  6.6899500e+000  1.5758660e+000  4.7882590e+000
  4.0000000e-001  1.0910028e+001  5.4766710e+000  6.9293680e+000  1.9045860e+000  5.0386010e+000
  4.0666667e-001  1.1190014e+001  5.7072360e+000  7.1792060e+000  2.2498330e+000  5.2887000e+000
  4.1333333e-001  1.1435784e+001  5.9404090e+000  7.4696340e+000  2.6088090e+000  5.5297070e+000
  4.2000000e-001  1.1682842e+001  6.1882310e+000  7.7407950e+000  2.9413560e+000  5.8081500e+000
  4.2666667e-001  1.1939526e+001  6.4052570e+000  8.0042820e+000  3.3014580e+000  6.0703230e+000
  4.3333333e-001  1.2223899e+001  6.5844860e+000  8.2520900e+000  3.6372670e+000  6.2753420e+000
  4.4000000e-001  1.2479115e+001  6.7807820e+000  8.4916320e+000  3.9541510e+000  6.4913060e+000
  4.4666667e-001  1.2786471e+001  6.9889660e+000  8.7153220e+000  4.2609830e+000  6.6780960e+000
  4.5333333e-001  1.3044892e+001  7.1803990e+000  8.9568360e+000  4.5578970e+000  6.8458880e+000
  4.6000000e-001  1.3314064e+001  7.3560150e+000  9.2052760e+000  4.8657640e+000  7.0137990e+000
  4.6666667e-001  1.3597663e+001  7.5386230e+000  9.4872800e+000  5.1719270e+000  7.1859860e+000
  4.7333333e-001  1.3886705e+001  7.7079240e+000  9.7938230e+000  5.4816880e+000  7.3494730e+000
  4.8000000e-001  1.4165177e+001  7.8640370e+000  1.0159719e+001  5.7369120e+000  7.5195670e+000
  4.8666667e-001  1.4434464e+001  8.0247380e+000  1.0508546e+001  5.9996800e+000  7.6834280e+000
  4.9333333e-001  1.4664529e+001  8.1835000e+000  1.0857123e+001  6.2367010e+000  7.8118040e+000
  5.0000000e-001  1.4850704e+001  8.3413570e+000  1.1242496e+001  6.4919700e+000  7.9276670e+000
  5.0666667e-001  1.4995064e+001  8.4624390e+000  1.1641872e+001  6.6962290e+000  8.0448470e+000
  5.1333333e-001  1.5147343e+001  8.6288350e+000  1.2040640e+001  6.9400820e+000  8.1878230e+000
  5.2000000e-001  1.5279063e+001  8.7410320e+000  1.2442766e+001  7.1445930e+000  8.3058850e+000
  5.2666667e-001  1.5389769e+001  8.8554200e+000  1.2837303e+001  7.3361230e+000  8.4101130e+000
  5.3333333e-001  1.5462799e+001  8.9888060e+000  1.3192590e+001  7.5622210e+000  8.4919380e+000
  5.4000000e-001  1.5547246e+001  9.0507590e+000  1.3533238e+001  7.7401120e+000  8.5385210e+000
  5.4666667e-001  1.5660666e+001  9.1249120e+000  1.3834925e+001  7.9047140e+000  8.5764050e+000
  5.5333333e-001  1.5736307e+001  9.2067910e+000  1.4080792e+001  8.0512070e+000  8.6284290e+000
  5.6000000e-001  1.5831836e+001  9.2483930e+000  1.4283383e+001  8.1774620e+000  8.7024600e+000
  5.6666667e-001  1.5921178e+001  9.2618890e+000  1.4474964e+001  8.2946220e+000  8.7260570e+000
  5.7333333e-001  1.5965672e+001  9.2683780e+000  1.4610826e+001  8.3891350e+000  8.7313210e+000
  5.8000000e-001  1.5981926e+001  9.2393180e+000  1.4690165e+001  8.4864790e+000  8.7561400e+000
  5.8666667e-001  1.5980479e+001  9.1900070e+000  1.4720294e+001  8.5471270e+000  8.7806300e+000
  5.9333333e-001  1.5979419e+001  9.1422550e+000  1.4715423e+001  8.6601750e+000  8.7761420e+000
  6.0000000e-001  1.5956165e+001  9.1057510e+000  1.4677377e+001  8.7054620e+000  8.7564930e+000
  6.0666667e-001  1.5964683e+001  9.0698030e+000  1.4666076e+001  8.7646700e+000  8.7577150e+000
  6.1333333e-001  1.5946861e+001  9.0375730e+000  1.4610246e+001  8.8496070e+000  8.7620030e+000
  6.2000000e-001  1.5927515e+001  8.9944910e+000  1.4542595e+001  8.8985270e+000  8.7991350e+000
  6.2666667e-001  1.5929012e+001  8.9222070e+000  1.4476254e+001  8.9840300e+000  8.7842250e+000
  6.3333333e-001  1.5910110e+001  8.8633880e+000  1.4448345e+001  9.0668890e+000  8.7878220e+000
  6.4000000e-001  1.5900730e+001  8.7962260e+000  1.4356826e+001  9.1194470e+000  8.7525610e+000
  6.4666667e-001  1.5899039e+001  8.7024610e+000  1.4276271e+001  9.1817980e+000  8.7311860e+000
  6.5333333e-001  1.5894695e+001  8.5990540e+000  1.4198339e+001  9.2489460e+000  8.6986710e+000
  6.6000000e-001  1.5895012e+001  8.5006840e+000  1.4132195e+001  9.2842460e+000  8.6798250e+000
  6.6666667e-001  1.5890008e+001  8.3876350e+000  1.4049853e+001  9.3279660e+000  8.6888830e+000
  6.7333333e-001  1.5870435e+001  8.3111000e+000  1.3940984e+001  9.3662570e+000  8.6734340e+000
  6.8000000e-001  1.5862248e+001  8.1850720e+000  1.3861687e+001  9.4059990e+000  8.6681590e+000
  6.8666667e-001  1.5825952e+001  8.0514420e+000  1.3755010e+001  9.4391240e+000  8.6538300e+000
  6.9333333e-001  1.5831376e+001  7.9316500e+000  1.3638243e+001  9.4894930e+000  8.6384300e+000
  7.0000000e-001  1.5793809e+001  7.8211760e+000  1.3506038e+001  9.5472590e+000  8.6330810e+000
  7.0666667e-001  1.5759729e+001  7.6938130e+000  1.3377682e+001  9.5780240e+000  8.6386360e+000
  7.1333333e-001  1.5729156e+001  7.5585190e+000  1.3216005e+001  9.6207690e+000  8.6181190e+000
  7.2000000e-001  1.5721876e+001  7.4567420e+000  1.3060612e+001  9.6684850e+000  8.6046920e+000
  7.2666667e-001  1.5672844e+001  7.3339320e+000  1.2922774e+001  9.7178060e+000  8.5921510e+000
  7.3333333e-001  1.5604174e+001  7.2093670e+000  1.2753376e+001  9.7469370e+000  8.5488320e+000
  7.4000000e-001  1.5569921e+001  7.0495040e+000  1.2575809e+001  9.7639920e+000  8.5220380e+000
  7.4666667e-001  1.5496540e+001  6.8982450e+000  1.2407183e+001  9.7858620e+000  8.5074570e+000
  7.5333333e-001  1.5371179e+001  6.7757360e+000  1.2233202e+001  9.8300910e+000  8.5094780e+000
  7.6000000e-001  1.5270116e+001  6.6721320e+000  1.2058608e+001  9.8406300e+000  8.4827960e+000
  7.6666667e-001  1.5150969e+001  6.5683950e+000  1.1876527e+001  9.8643080e+000  8.4495990e+000
  7.7333333e-001  1.4985510e+001  6.4288180e+000  1.1706241e+001  9.8566950e+000  8.4191110e+000
  7.8000000e-001  1.4809947e+001  6.3139700e+000  1.1544610e+001  9.8580590e+000  8.4019690e+000
  7.8666667e-001  1.4635171e+001  6.2039660e+000  1.1371011e+001  9.8556800e+000  8.4015750e+000
  7.9333333e-001  1.4495887e+001  6.1064830e+000  1.1176174e+001  9.8440130e+000  8.3881530e+000
  8.0000000e-001  1.4354087e+001  5.9892980e+000  1.1014586e+001  9.8539350e+000  8.3676170e+000
  8.0666667e-001  1.4195606e+001  5.8664110e+000  1.0850591e+001  9.8691010e+000  8.3603600e+000
  8.1333333e-001  1.4050706e+001  5.7586150e+000  1.0668869e+001  9.8557750e+000  8.3429380e+000
  8.2000000e-001  1.3945528e+001  5.6569280e+000  1.0509733e+001  9.8527360e+000  8.3342690e+000
  8.2666667e-001  1.3811215e+001  5.5569290e+000  1.0341558e+001  9.8800390e+000  8.3459980e+000
  8.3333333e-001  1.3703728e+001  5.4465780e+000  1.0138277e+001  9.8549150e+000  8.3682380e+000
  8.4000000e-001  1.3534499e+001  5.3303580e+000  9.9474230e+000  9.8185110e+000  8.3452170e+000
  8.4666667e-001  1.3397580e+001  5.2179730e+000  9.7430360e+000  9.8089940e+000  8.2890390e+000
  8.5333333e-001  1.3266448e+001  5.1048240e+000  9.5095670e+000  9.7740840e+000  8.2701870e+000
  8.6000000e-001  1.3114448e+001  4.9854760e+000  9.2983650e+000  9.7305510e+000  8.2237530e+000
  8.6666667e-001  1.2967699e+001  4.8392330e+000  9.0701270e+000  9.6765490e+000  8.1620000e+000
  8.7333333e-001  1.2818601e+001  4.7072390e+000  8.8997280e+000  9.6239120e+000  8.1304890e+000
  8.8000000e-001  1.2667317e+001  4.5688930e+000  8.7163690e+000  9.5922840e+000  8.1108550e+000
  8.8666667e-001  1.2562772e+001  4.4272780e+000  8.5385000e+000  9.5539030e+000  8.0791570e+000
  8.9333333e-001  1.2430700e+001  4.2454030e+000  8.3447470e+000  9.5557840e+000  8.0423560e+000
  9.0000000e-001  1.2270289e+001  4.0585640e+000  8.1420540e+000  9.5258460e+000  8.0055150e+000
  9.0666667e-001  1.2115083e+001  3.8626790e+000  7.9510720e+000  9.5339880e+000  7.9806370e+000
  9.1333333e-001  1.1937660e+001  3.6981780e+000  7.7569190e+000  9.5073220e+000  7.9271220e+000
  9.2000000e-001  1.1767866e+001  3.5155220e+000  7.5635310e+000  9.4843640e+000  7.9102240e+000
  9.2666667e-001  1.1599982e+001  3.3107010e+000  7.3479210e+000  9.4392810e+000  7.8493660e+000
  9.3333333e-001  1.1409042e+001  3.1108570e+000  7.1434360e+000  9.4172420e+000  7.8001070e+000
  9.4000000e-001  1.1198252e+001  2.9403870e+000  6.9450190e+000  9.3344380e+000  7.7191760e+000
  9.4666667e-001  1.0947521e+001  2.7850850e+000  6.7427020e+000  9.2763540e+000  7.6447470e+000
  9.5333333e-001  1.0735607e+001  2.6337820e+000  6.5715000e+000  9.2192300e+000  7.5968900e+000
  9.6000000e-001  1.0509399e+001  2.4462540e+000  6.4062610e+000  9.1729620e+000  7.5013910e+000
  9.6666667e-001  1.0278240e+001  2.2771410e+000  6.2359420e+000  9.0680010e+000  7.4338790e+000
  9.7333333e-001  1.0015830e+001  2.1062280e+000  6.0807410e+000  9.0017520e+000  7.3507450e+000
  9.8000000e-001  9.7723500e+000  1.9271750e+000  5.9463490e+000  8.8689540e+000  7.2837330e+000
  9.8666667e-001  9.5952570e+000  1.7564510e+000  5.8127680e+000  8.7612440e+000  7.1795840e+000
  9.9333333e-001  9.3369800e+000  1.5933910e+000  5.7097160e+000  8.6051430e+000  7.0678830e+000
  1.0000000e+000  9.1363850e+000  1.4155360e+000  5.6092270e+000  8.4784930e+000  6.9461180e+000
  1.0066667e+000  8.9405090e+000  1.2650770e+000  5.5133450e+000  8.3154830e+000  6.8336830e+000
  1.0133333e+000  8.7651880e+000  1.0805200e+000  5.4523250e+000  8.1468870e+000  6.6876300e+000
  1.0200000e+000  8.5732320e+000  9.0452700e-001  5.3965660e+000  7.9982540e+000  6.5763230e+000
  1.0266667e+000  8.4036890e+000  7.1078800e-001  5.3496100e+000  7.8308360e+000  6.4528070e+000
  1.0333333e+000  8.2165600e+000  5.0521000e-001  5.3362770e+000  7.7054860e+000  6.3448980e+000
  1.0400000e+000  8.0721510e+000  3.2094800e-001  5.3302370e+000  7.5583950e+000  6.2000540e+000
  1.0466667e+000  7.8674230e+000  1.3271200e-001  5.3549560e+000  7.3974380e+000  6.0621860e+000
  1.0533333e+000  7.7065880e+000 -5.3834000e-002  5.3606630e+000  7.2587720e+000  5.9181910e+000
  1.0600000e+000  7.5123010e+000 -2.3450700e-001  5.4146740e+000  7.0646420e+000  5.7846020e+000
  1.0666667e+000  7.3521720e+000 -4.3089500e-001  5.4254290e+000  6.8310090e+000  5.6259260e+000
  1.0733333e+000  7.1826580e+000 -6.0282500e-001  5.4566810e+000  6.5808610e+000  5.4918750e+000
  1.0800000e+000  7.0076750e+000 -7.6939100e-001  5.4914880e+000  6.3547720e+000  5.3525020e+000
  1.0866667e+000  6.8573760e+000 -9.1597700e-001  5.5164770e+000  6.1510430e+000  5.2084080e+000
  1.0933333e+000  6.6570990e+000 -1.0860070e+000  5.5002490e+000  5.9885080e+000  5.1289110e+000
  1.1000000e+000  6.4844580e+000 -1.2693370e+000  5.4982460e+000  5.7823740e+000  4.9988210e+000
  1.1066667e+000  6.2959220e+000 -1.4474470e+000  5.4783380e+000  5.5609060e+000  4.8631120e+000
  1.1133333e+000  6.0675610e+000 -1.6144260e+000  5.4383020e+000  5.3366210e+000  4.7296280e+000
  1.1200000e+000  5.8883360e+000 -1.8004810e+000  5.3665120e+000  5.1085530e+000  4.6162970e+000
  1.1266667e+000  5.7027220e+000 -1.9312720e+000  5.2690220e+000  4.8937150e+000  4.4860260e+000
  1.1333333e+000  5.5689100e+000 -2.0517050e+000  5.1647870e+000  4.6529690e+000  4.3675430e+000
  1.1400000e+000  5.5295560e+000 -2.1605790e+000  5.0559380e+000  4.3931160e+000  4.2812440e+000
  1.1466667e+000  5.5144270e+000 -2.1953270e+000  4.9898500e+000  4.1763290e+000  4.1895540e+000
  1.1533333e+000  5.5078170e+000 -2.1899600e+000  4.9033840e+000  3.8986130e+000  4.0907240e+000
  1.1600000e+000  5.4670110e+000 -2.1349840e+000  4.7633560e+000  3.6317290e+000  3.9690280e+000
  1.1666667e+000  5.3956230e+000 -2.0721690e+000  4.6844180e+000  3.3824810e+000  3.8448880e+000
  1.1733333e+000  5.2931840e+000 -1.9956400e+000  4.5736010e+000  3.1646210e+000  3.7101620e+000
  1.1800000e+000  5.1970060e+000 -1.8646490e+000  4.4566540e+000  2.9367070e+000  3.5494500e+000
  1.1866667e+000  5.0970310e+000 -1.7344830e+000  4.3769190e+000  2.7220780e+000  3.3795230e+000
  1.1933333e+000  4.9939870e+000 -1.5195870e+000  4.3345440e+000  2.4926600e+000  3.1794710e+000
  1.2000000e+000  4.8916600e+000 -1.3478810e+000  4.2660850e+000  2.2926100e+000  2.9905800e+000
  1.2066667e+000  4.7697650e+000 -1.1384390e+000  4.2172560e+000  2.0932760e+000  2.8087880e+000
  1.2133333e+000  4.6245590e+000 -9.3267200e-001  4.1429020e+000  1.9076970e+000  2.5948310e+000
  1.2200000e+000  4.4901210e+000 -7.0789400e-001  4.0665810e+000  1.7096610e+000  2.4202740e+000
  1.2266667e+000  4.3550940e+000 -4.0514900e-001  3.9950260e+000  1.5259960e+000  2.2415870e+000
  1.2333333e+000  4.2168680e+000 -8.0790000e-003  3.9077810e+000  1.3237010e+000  2.0604230e+000
  1.2400000e+000  4.0657630e+000  4.6396800e-001  3.8122070e+000  1.1588590e+000  1.8977400e+000
  1.2466667e+000  3.9654230e+000  1.0104760e+000  3.7164670e+000  9.5101900e-001  1.7394490e+000
  1.2533333e+000  3.8373960e+000  1.6667470e+000  3.6001760e+000  7.5860600e-001  1.5669960e+000
  1.2600000e+000  3.7453440e+000  2.4130600e+000  3.4938580e+000  5.6807600e-001  1.4086380e+000
  1.2666667e+000  3.6198890e+000  3.1787380e+000  3.3591880e+000  3.8757900e-001  1.2328290e+000
  1.2733333e+000  3.4807630e+000  4.0901130e+000  3.2027970e+000  1.9967000e-001  1.0550900e+000
  1.2800000e+000  3.3648590e+000  5.0151530e+000  3.0197900e+000  3.6603000e-002  9.0347600e-001
  1.2866667e+000  3.2298100e+000  6.0385240e+000  2.8338930e+000 -1.1957900e-001  7.2774400e-001
  1.2933333e+000  3.0969710e+000  7.0895040e+000  2.6295150e+000 -3.0862200e-001  5.5134500e-001
  1.3000000e+000  2.9736060e+000  8.1446110e+000  2.3936060e+000 -4.9546700e-001  4.0883600e-001
  1.3066667e+000  2.8198140e+000  9.2162360e+000  2.2332880e+000 -6.8658600e-001  2.2575300e-001
  1.3133333e+000  2.6921780e+000  1.0321599e+001  2.0387080e+000 -8.8376700e-001  7.5699000e-002
  1.3200000e+000  2.5772250e+000  1.1484292e+001  1.8382190e+000 -1.0388440e+000 -9.4946000e-002
  1.3266667e+000  2.4462490e+000  1.2591270e+001  1.6315740e+000 -1.2340870e+000 -2.4924600e-001
  1.3333333e+000  2.3412240e+000  1.3744025e+001  1.5086730e+000 -1.4341250e+000 -4.1077500e-001
  1.3400000e+000  2.2271070e+000  1.4854968e+001  1.2473210e+000 -1.6185230e+000 -5.6348200e-001
  1.3466667e+000  2.1552910e+000  1.5874904e+001  1.0247690e+000 -1.8137100e+000 -7.4727900e-001
  1.3533333e+000  2.0729670e+000  1.6725618e+001  7.7901200e-001 -2.0089680e+000 -9.0782300e-001
  1.3600000e+000  2.0006700e+000  1.7374058e+001  5.5108700e-001 -2.1882750e+000 -1.0713300e+000
  1.3666667e+000  1.9335580e+000  1.7781054e+001  3.4674200e-001 -2.3752900e+000 -1.2262900e+000
  1.3733333e+000  1.8524950e+000  1.7981281e+001  1.3401300e-001 -2.5617660e+000 -1.3453640e+000
  1.3800000e+000  1.7619120e+000  1.7951353e+001 -5.1342000e-002 -2.7570240e+000 -1.4618940e+000
  1.3866667e+000  1.7012810e+000  1.7667055e+001 -2.8467200e-001 -2.9650330e+000 -1.6113800e+000
  1.3933333e+000  1.5913380e+000  1.7224997e+001 -4.6258900e-001 -3.1698160e+000 -1.7397410e+000
  1.4000000e+000  1.5168740e+000  1.6620281e+001 -6.6747900e-001 -3.3350770e+000 -1.8508420e+000
  1.4066667e+000  1.3843650e+000  1.5894807e+001 -8.2366200e-001 -3.5133710e+000 -1.9922320e+000
  1.4133333e+000  1.2919440e+000  1.5089401e+001 -1.0019960e+000 -3.7066400e+000 -2.1015780e+000
  1.4200000e+000  1.1584480e+000  1.4197643e+001 -1.1739790e+000 -3.8950740e+000 -2.2184520e+000
  1.4266667e+000  1.0142200e+000  1.3224689e+001 -1.3364470e+000 -4.0653990e+000 -2.3168910e+000
  1.4333333e+000  9.1943300e-001  1.2130677e+001 -1.5259180e+000 -4.2187570e+000 -2.4161880e+000
  1.4400000e+000  7.4370500e-001  1.0964028e+001 -1.6719430e+000 -4.3764830e+000 -2.5147870e+000
  1.4466667e+000  6.0110900e-001  9.8452630e+000 -1.8892380e+000 -4.5076450e+000 -2.6067280e+000
  1.4533333e+000  4.3272300e-001  8.8139700e+000 -2.0754380e+000 -4.6226330e+000 -2.7080920e+000
  1.4600000e+000  2.7376000e-001  7.9100100e+000 -2.2730250e+000 -4.7604660e+000 -2.7612130e+000
  1.4666667e+000  9.0166000e-002  7.0672050e+000 -2.5045480e+000 -4.9083090e+000 -2.8506250e+000
  1.4733333e+000 -6.4441000e-002  6.2989750e+000 -2.7062660e+000 -4.9935100e+000 -2.9172320e+000
  1.4800000e+000 -2.0860000e-001  5.6253490e+000 -2.9612730e+000 -5.1138750e+000 -2.9702200e+000
  1.4866667e+000 -3.9096300e-001  5.0537500e+000 -3.1843560e+000 -5.2244270e+000 -3.0400640e+000
  1.4933333e+000 -5.2423500e-001  4.5668370e+000 -3.4054830e+000 -5.3297250e+000 -3.1048600e+000
  1.5000000e+000 -6.9102800e-001  4.1405780e+000 -3.6822260e+000 -5.4322590e+000 -3.1506340e+000
  1.5066667e+000 -8.2315000e-001  3.7978760e+000 -3.9220060e+000 -5.5203040e+000 -3.2174580e+000
  1.5133333e+000 -9.5614500e-001  3.5101290e+000 -4.2059780e+000 -5.6086980e+000 -3.2943670e+000
  1.5200000e+000 -1.1052680e+000  3.3161320e+000 -4.4456290e+000 -5.6927100e+000 -3.3497720e+000
  1.5266667e+000 -1.2100760e+000  3.1994740e+000 -4.6807490e+000 -5.7620010e+000 -3.4085940e+000
  1.5333333e+000 -1.3659510e+000  3.2028000e+000 -4.8787160e+000 -5.8737250e+000 -3.4594590e+000
  1.5400000e+000 -1.4760900e+000  3.2996610e+000 -5.0788100e+000 -5.9443580e+000 -3.5347230e+000
  1.5466667e+000 -1.6071920e+000  3.4579930e+000 -5.2490890e+000 -6.0230740e+000 -3.5855140e+000
  1.5533333e+000 -1.7380860e+000  3.7660980e+000 -5.4282310e+000 -6.1212590e+000 -3.6354050e+000
  1.5600000e+000 -1.8344580e+000  4.1600200e+000 -5.5942700e+000 -6.2162940e+000 -3.7003170e+000
  1.5666667e+000 -1.9594440e+000  4.6954690e+000 -5.7374730e+000 -6.2816430e+000 -3.7669600e+000
  1.5733333e+000 -2.0665960e+000  5.3020760e+000 -5.8721370e+000 -6.3968990e+000 -3.8199710e+000
  1.5800000e+000 -2.1673070e+000  5.9349330e+000 -6.0011530e+000 -6.4872020e+000 -3.8636070e+000
  1.5866667e+000 -2.2666500e+000  6.5681220e+000 -6.1149210e+000 -6.5541120e+000 -3.9078420e+000
  1.5933333e+000 -2.3715120e+000  7.1943720e+000 -6.2531930e+000 -6.6499010e+000 -3.9398820e+000
  1.6000000e+000 -2.5057580e+000  7.8428060e+000 -6.3724930e+000 -6.7301240e+000 -3.9913940e+000
  1.6066667e+000 -2.6271210e+000  8.5015820e+000 -6.4850050e+000 -6.7939590e+000 -4.0238360e+000
  1.6133333e+000 -2.8045170e+000  9.1498630e+000 -6.5915160e+000 -6.8941800e+000 -4.0645940e+000
  1.6200000e+000 -2.9924960e+000  9.8059650e+000 -6.7271750e+000 -6.9566710e+000 -4.0840740e+000
  1.6266667e+000 -3.2061870e+000  1.0464208e+001 -6.8154160e+000 -7.0161660e+000 -4.1192500e+000
  1.6333333e+000 -3.4039560e+000  1.1109950e+001 -6.9161910e+000 -7.0756170e+000 -4.1547210e+000
  1.6400000e+000 -3.6336440e+000  1.1797482e+001 -7.0526920e+000 -7.1390080e+000 -4.1932560e+000
  1.6466667e+000 -3.8733550e+000  1.2504775e+001 -7.1691890e+000 -7.1745780e+000 -4.2181580e+000
  1.6533333e+000 -4.1169640e+000  1.3183884e+001 -7.2759080e+000 -7.2230880e+000 -4.2932900e+000
  1.6600000e+000 -4.3398210e+000  1.3864441e+001 -7.3692600e+000 -7.2509670e+000 -4.3180470e+000
  1.6666667e+000 -4.5462800e+000  1.4570996e+001 -7.4683290e+000 -7.2841590e+000 -4.4060430e+000
  1.6733333e+000 -4.7919680e+000  1.5240616e+001 -7.6026720e+000 -7.2890460e+000 -4.4523880e+000
  1.6800000e+000 -5.0026870e+000  1.5930494e+001 -7.6880290e+000 -7.3144670e+000 -4.4955850e+000
  1.6866667e+000 -5.2304930e+000  1.6644081e+001 -7.7865410e+000 -7.3651250e+000 -4.5610110e+000
  1.6933333e+000 -5.4134430e+000  1.7301434e+001 -7.9253370e+000 -7.3735230e+000 -4.6594120e+000
  1.7000000e+000 -5.5925080e+000  1.7955275e+001 -8.0692650e+000 -7.3900990e+000 -4.7352620e+000
  1.7066667e+000 -5.7484890e+000  1.8693085e+001 -8.1788990e+000 -7.4208300e+000 -4.8243450e+000
  1.7133333e+000 -5.9193920e+000  1.9453705e+001 -8.2927400e+000 -7.4485960e+000 -4.9111570e+000
  1.7200000e+000 -6.0471150e+000  2.0210365e+001 -8.4140130e+000 -7.4816250e+000 -4.9773960e+000
  1.7266667e+000 -6.1867120e+000  2.1016972e+001 -8.5279620e+000 -7.5164890e+000 -5.0500480e+000
  1.7333333e+000 -6.2960970e+000  2.1920073e+001 -8.6500870e+000 -7.5353560e+000 -5.1522850e+000
  1.7400000e+000 -6.3911810e+000  2.2951605e+001 -8.7583670e+000 -7.5479530e+000 -5.2314640e+000
  1.7466667e+000 -6.4726510e+000  2.3998194e+001 -8.8340660e+000 -7.6001270e+000 -5.3158420e+000
  1.7533333e+000 -6.5374640e+000  2.5094707e+001 -8.8971200e+000 -7.6109060e+000 -5.3991880e+000
  1.7600000e+000 -6.6033050e+000  2.6191404e+001 -8.9418080e+000 -7.6289100e+000 -5.4933400e+000
  1.7666667e+000 -6.6457640e+000  2.7289959e+001 -8.9986120e+000 -7.6787240e+000 -5.5852970e+000
  1.7733333e+000 -6.6949370e+000  2.8402472e+001 -9.0247280e+000 -7.7012970e+000 -5.6831950e+000
  1.7800000e+000 -6.7350750e+000  2.9442247e+001 -9.0598670e+000 -7.7561880e+000 -5.7798520e+000
  1.7866667e+000 -6.7760530e+000  3.0441671e+001 -9.0958030e+000 -7.8063300e+000 -5.8460300e+000
  1.7933333e+000 -6.8027850e+000  3.1395723e+001 -9.1271880e+000 -7.8304300e+000 -5.9294500e+000
  1.8000000e+000 -6.8171180e+000  3.2228088e+001 -9.1553130e+000 -7.8589600e+000 -6.0105340e+000
  1.8066667e+000 -6.8579440e+000  3.3014725e+001 -9.1905940e+000 -7.9215210e+000 -6.1090910e+000
  1.8133333e+000 -6.8838420e+000  3.3748127e+001 -9.2340960e+000 -7.9354590e+000 -6.1975960e+000
  1.8200000e+000 -6.9052010e+000  3.4405869e+001 -9.2393090e+000 -7.9977100e+000 -6.2933470e+000
  1.8266667e+000 -6.9425090e+000  3.4978233e+001 -9.2995410e+000 -8.0509460e+000 -6.3935830e+000
  1.8333333e+000 -6.9611470e+000  3.5464062e+001 -9.3416360e+000 -8.0918490e+000 -6.4758420e+000
  1.8400000e+000 -7.0207910e+000  3.5839344e+001 -9.3776610e+000 -8.1211420e+000 -6.5570510e+000
  1.8466667e+000 -7.0620050e+000  3.6095257e+001 -9.4415430e+000 -8.1365090e+000 -6.6506110e+000
  1.8533333e+000 -7.1265000e+000  3.6347221e+001 -9.4627940e+000 -8.1727100e+000 -6.7507820e+000
  1.8600000e+000 -7.1667270e+000  3.6477283e+001 -9.4896620e+000 -8.2177020e+000 -6.8223300e+000
  1.8666667e+000 -7.2120240e+000  3.6495770e+001 -9.5262250e+000 -8.2644410e+000 -6.8733680e+000
  1.8733333e+000 -7.2890340e+000  3.6389904e+001 -9.5280400e+000 -8.3026920e+000 -6.9628640e+000
  1.8800000e+000 -7.3424610e+000  3.6189678e+001 -9.5441390e+000 -8.3243260e+000 -7.0492160e+000
  1.8866667e+000 -7.4074800e+000  3.5826397e+001 -9.5408740e+000 -8.3889680e+000 -7.1334970e+000
  1.8933333e+000 -7.5019350e+000  3.5479397e+001 -9.5494880e+000 -8.4103320e+000 -7.2080960e+000
  1.9000000e+000 -7.5710870e+000  3.5040092e+001 -9.5289190e+000 -8.4674100e+000 -7.2766170e+000
  1.9066667e+000 -7.6608560e+000  3.4550709e+001 -9.5564720e+000 -8.4892170e+000 -7.3480850e+000
  1.9133333e+000 -7.7287100e+000  3.5081268e+001 -9.5306900e+000 -8.5388840e+000 -7.4300230e+000
  1.9200000e+000 -7.8150550e+000  3.4524445e+001 -9.5424310e+000 -8.5758480e+000 -7.4912410e+000
  1.9266667e+000 -7.8987430e+000  3.4006039e+001 -9.5731370e+000 -8.6309280e+000 -7.5558350e+000
  1.9333333e+000 -7.9764970e+000  3.3273758e+001 -9.5666240e+000 -8.6628200e+000 -7.6110990e+000
  1.9400000e+000 -8.0718380e+000  3.2641861e+001 -9.5876750e+000 -8.7272990e+000 -7.6342120e+000
  1.9466667e+000 -8.1779890e+000  3.1861731e+001 -9.5839470e+000 -8.7585150e+000 -7.6864890e+000
  1.9533333e+000 -8.2508040e+000  3.1068151e+001 -9.6113930e+000 -8.8286990e+000 -7.7367670e+000
  1.9600000e+000 -8.3314170e+000  3.0283680e+001 -9.6378350e+000 -8.8706390e+000 -7.7701620e+000
  1.9666667e+000 -8.4329590e+000  2.9389639e+001 -9.6468990e+000 -8.9021440e+000 -7.8272070e+000
  1.9733333e+000 -8.4813600e+000  2.8539305e+001 -9.6817160e+000 -8.9427100e+000 -7.8447440e+000
  1.9800000e+000 -8.5492030e+000  2.7724207e+001 -9.7251320e+000 -8.9842410e+000 -7.8785060e+000
  1.9866667e+000 -8.6093460e+000  2.6408571e+001 -9.7376460e+000 -9.0226020e+000 -7.9285220e+000
  1.9933333e+000 -8.6765970e+000  2.5617294e+001 -9.7945870e+000 -9.0659100e+000 -7.9319920e+000
  2.0000000e+000 -8.7246350e+000  2.4750254e+001 -9.8383740e+000 -9.1067570e+000 -7.9397060e+000
