 -5.0000000e-001  3.8515100e-001  3.8521400e-001  3.8514300e-001  3.8514600e-001  3.8513100e-001  3.8526600e-001  3.8521000e-001  3.8528200e-001
 -4.9333333e-001  3.8520500e-001  3.8518800e-001  3.8515900e-001  3.8512500e-001  3.8510800e-001  3.8528800e-001  3.8521300e-001  3.8527700e-001
 -4.8666667e-001  3.8516200e-001  3.8523400e-001  3.8513400e-001  3.8512300e-001  3.8510700e-001  3.8529200e-001  3.8518900e-001  3.8529000e-001
 -4.8000000e-001  3.8521400e-001  3.8521000e-001  3.8514000e-001  3.8512500e-001  3.8508700e-001  3.8526600e-001  3.8520800e-001  3.8526500e-001
 -4.7333333e-001  3.8518400e-001  3.8519000e-001  3.8515300e-001  3.8517700e-001  3.8508900e-001  3.8526600e-001  3.8519300e-001  3.8524900e-001
 -4.6666667e-001  3.8518600e-001  3.8518900e-001  3.8515000e-001  3.8516100e-001  3.8510700e-001  3.8525300e-001  3.8518100e-001  3.8527000e-001
 -4.6000000e-001  3.8518000e-001  3.8521100e-001  3.8516700e-001  3.8516200e-001  3.8507100e-001  3.8525700e-001  3.8518700e-001  3.8529000e-001
 -4.5333333e-001  3.8515800e-001  3.8518700e-001  3.8517400e-001  3.8515700e-001  3.8514000e-001  3.8526000e-001  3.8520300e-001  3.8526400e-001
 -4.4666667e-001  3.8515900e-001  3.8517200e-001  3.8514500e-001  3.8513200e-001  3.8513400e-001  3.8527400e-001  3.8522300e-001  3.8528200e-001
 -4.4000000e-001  3.8518300e-001  3.8520000e-001  3.8512800e-001  3.8516200e-001  3.8507800e-001  3.8525400e-001  3.8522700e-001  3.8528400e-001
 -4.3333333e-001  3.8520300e-001  3.8518700e-001  3.8514000e-001  3.8516800e-001  3.8508700e-001  3.8524700e-001  3.8520000e-001  3.8525800e-001
 -4.2666667e-001  3.8515300e-001  3.8519100e-001  3.8514000e-001  3.8517300e-001  3.8511000e-001  3.8527600e-001  3.8520800e-001  3.8529900e-001
 -4.2000000e-001  3.8516200e-001  3.8518300e-001  3.8517500e-001  3.8515800e-001  3.8510400e-001  3.8524600e-001  3.8522000e-001  3.8528100e-001
 -4.1333333e-001  3.8514700e-001  3.8518200e-001  3.8517200e-001  3.8516500e-001  3.8512300e-001  3.8525500e-001  3.8521200e-001  3.8527500e-001
 -4.0666667e-001  3.8517300e-001  3.8521700e-001  3.8515100e-001  3.8513200e-001  3.8509500e-001  3.8529200e-001  3.8519300e-001  3.8525200e-001
 -4.0000000e-001  3.8517500e-001  3.8519500e-001  3.8512300e-001  3.8513300e-001  3.8505500e-001  3.8526300e-001  3.8521800e-001  3.8528000e-001
 -3.9333333e-001  3.8515100e-001  3.8518500e-001  3.8513100e-001  3.8516600e-001  3.8508400e-001  3.8525200e-001  3.8520800e-001  3.8525700e-001
 -3.8666667e-001  3.8515900e-001  3.8519300e-001  3.8516000e-001  3.8516700e-001  3.8514400e-001  3.8528200e-001  3.8519400e-001  3.8530100e-001
 -3.8000000e-001  3.8516100e-001  3.8517400e-001  3.8516400e-001  3.8513300e-001  3.8510800e-001  3.8526900e-001  3.8515700e-001  3.8527000e-001
 -3.7333333e-001  3.8518400e-001  3.8520500e-001  3.8513200e-001  3.8511500e-001  3.8508600e-001  3.8526500e-001  3.8517900e-001  3.8527100e-001
 -3.6666667e-001  3.8516400e-001  3.8523400e-001  3.8514100e-001  3.8517400e-001  3.8512300e-001  3.8527500e-001  3.8520200e-001  3.8525100e-001
 -3.6000000e-001  3.8516000e-001  3.8520000e-001  3.8514200e-001  3.8517200e-001  3.8514400e-001  3.8531600e-001  3.8522200e-001  3.8526700e-001
 -3.5333333e-001  3.8517500e-001  3.8521500e-001  3.8517400e-001  3.8518600e-001  3.8510200e-001  3.8526500e-001  3.8521600e-001  3.8530400e-001
 -3.4666667e-001  3.8516900e-001  3.8519600e-001  3.8518700e-001  3.8513900e-001  3.8507100e-001  3.8523600e-001  3.8518900e-001  3.8528600e-001
 -3.4000000e-001  3.8513700e-001  3.8518400e-001  3.8518000e-001  3.8513400e-001  3.8510500e-001  3.8524100e-001  3.8519400e-001  3.8532000e-001
 -3.3333333e-001  3.8517500e-001  3.8519800e-001  3.8515100e-001  3.8515300e-001  3.8512700e-001  3.8529700e-001  3.8518800e-001  3.8531900e-001
 -3.2666667e-001  3.8513900e-001  3.8518600e-001  3.8515800e-001  3.8514100e-001  3.8513400e-001  3.8527700e-001  3.8518400e-001  3.8527400e-001
 -3.2000000e-001  3.8514900e-001  3.8523900e-001  3.8515600e-001  3.8515800e-001  3.8508600e-001  3.8530500e-001  3.8519800e-001  3.8529700e-001
 -3.1333333e-001  3.8516600e-001  3.8519500e-001  3.8517000e-001  3.8518100e-001  3.8508900e-001  3.8528600e-001  3.8520200e-001  3.8530200e-001
 -3.0666667e-001  3.8518700e-001  3.8522200e-001  3.8515500e-001  3.8515300e-001  3.8510000e-001  3.8526200e-001  3.8516900e-001  3.8526700e-001
 -3.0000000e-001  3.8517200e-001  3.8522700e-001  3.8515900e-001  3.8516300e-001  3.8511200e-001  3.8528400e-001  3.8519400e-001  3.8524000e-001
 -2.9333333e-001  3.8521400e-001  3.8518500e-001  3.8518300e-001  3.8517500e-001  3.8509300e-001  3.8530800e-001  3.8520500e-001  3.8525400e-001
 -2.8666667e-001  3.8521400e-001  3.8521000e-001  3.8518800e-001  3.8516800e-001  3.8510300e-001  3.8528200e-001  3.8522400e-001  3.8528700e-001
 -2.8000000e-001  3.8518900e-001  3.8519900e-001  3.8516600e-001  3.8516700e-001  3.8512200e-001  3.8528500e-001  3.8517700e-001  3.8527700e-001
 -2.7333333e-001  3.8518000e-001  3.8521400e-001  3.8516800e-001  3.8513200e-001  3.8510600e-001  3.8528400e-001  3.8519400e-001  3.8526200e-001
 -2.6666667e-001  3.8519200e-001  3.8521900e-001  3.8518600e-001  3.8515300e-001  3.8509900e-001  3.8529100e-001  3.8521100e-001  3.8528000e-001
 -2.6000000e-001  3.8516800e-001  3.8523800e-001  3.8518000e-001  3.8518100e-001  3.8510300e-001  3.8525700e-001  3.8519300e-001  3.8528300e-001
 -2.5333333e-001  3.8517100e-001  3.8521900e-001  3.8517900e-001  3.8515200e-001  3.8512200e-001  3.8525000e-001  3.8519500e-001  3.8527200e-001
 -2.4666667e-001  3.8516500e-001  3.8523300e-001  3.8516100e-001  3.8514400e-001  3.8509800e-001  3.8527300e-001  3.8521200e-001  3.8526200e-001
 -2.4000000e-001  3.8521100e-001  3.8519300e-001  3.8514600e-001  3.8512800e-001  3.8508900e-001  3.8524300e-001  3.8521500e-001  3.8525400e-001
 -2.3333333e-001  3.8514800e-001  3.8519400e-001  3.8514300e-001  3.8516900e-001  3.8510300e-001  3.8526900e-001  3.8523200e-001  3.8528400e-001
 -2.2666667e-001  3.8515900e-001  3.8519900e-001  3.8518100e-001  3.8515200e-001  3.8510300e-001  3.8528900e-001  3.8521200e-001  3.8526100e-001
 -2.2000000e-001  3.8515000e-001  3.8521800e-001  3.8513900e-001  3.8517300e-001  3.8509700e-001  3.8528300e-001  3.8518700e-001  3.8527100e-001
 -2.1333333e-001  3.8519400e-001  3.8519100e-001  3.8519300e-001  3.8515800e-001  3.8509300e-001  3.8526900e-001  3.8519500e-001  3.8525800e-001
 -2.0666667e-001  3.8519500e-001  3.8520000e-001  3.8517700e-001  3.8514800e-001  3.8507600e-001  3.8529000e-001  3.8517700e-001  3.8521300e-001
 -2.0000000e-001  3.8517800e-001  3.8520300e-001  3.8517300e-001  3.8517100e-001  3.8507700e-001  3.8528200e-001  3.8518000e-001  3.8525800e-001
 -1.9333333e-001  3.8515900e-001  3.8519000e-001  3.8515700e-001  3.8517900e-001  3.8513000e-001  3.8527500e-001  3.8517400e-001  3.8523300e-001
 -1.8666667e-001  3.8517300e-001  3.8519500e-001  3.8519700e-001  3.8516700e-001  3.8514200e-001  3.8527800e-001  3.8518200e-001  3.8524800e-001
 -1.8000000e-001  3.8518200e-001  3.8522100e-001  3.8517600e-001  3.8515700e-001  3.8510000e-001  3.8527900e-001  3.8517500e-001  3.8528900e-001
 -1.7333333e-001  3.8517700e-001  3.8520000e-001  3.8515900e-001  3.8518900e-001  3.8512800e-001  3.8527000e-001  3.8521500e-001  3.8530300e-001
 -1.6666667e-001  3.8517500e-001  3.8517500e-001  3.8514500e-001  3.8514900e-001  3.8513500e-001  3.8525000e-001  3.8520700e-001  3.8530700e-001
 -1.6000000e-001  3.8514400e-001  3.8519900e-001  3.8517900e-001  3.8514600e-001  3.8513200e-001  3.8527000e-001  3.8523700e-001  3.8526000e-001
 -1.5333333e-001  3.8516000e-001  3.8521400e-001  3.8518300e-001  3.8518000e-001  3.8510000e-001  3.8530000e-001  3.8519400e-001  3.8529600e-001
 -1.4666667e-001  3.8515800e-001  3.8518600e-001  3.8515100e-001  3.8515900e-001  3.8509300e-001  3.8529200e-001  3.8518700e-001  3.8528100e-001
 -1.4000000e-001  3.8515600e-001  3.8521100e-001  3.8515600e-001  3.8515600e-001  3.8506500e-001  3.8529600e-001  3.8519900e-001  3.8527600e-001
 -1.3333333e-001  3.8515100e-001  3.8515000e-001  3.8517600e-001  3.8511600e-001  3.8509900e-001  3.8525900e-001  3.8520100e-001  3.8525800e-001
 -1.2666667e-001  3.8516800e-001  3.8518300e-001  3.8517000e-001  3.8517500e-001  3.8510400e-001  3.8526300e-001  3.8518900e-001  3.8530600e-001
 -1.2000000e-001  3.8517100e-001  3.8519000e-001  3.8516300e-001  3.8516700e-001  3.8506800e-001  3.8527300e-001  3.8518200e-001  3.8528900e-001
 -1.1333333e-001  3.8518200e-001  3.8520600e-001  3.8515600e-001  3.8515300e-001  3.8509900e-001  3.8527300e-001  3.8519900e-001  3.8527100e-001
 -1.0666667e-001  3.8514500e-001  3.8523200e-001  3.8518900e-001  3.8517300e-001  3.8512500e-001  3.8526000e-001  3.8517400e-001  3.8527500e-001
 -1.0000000e-001  3.8515200e-001  3.8520700e-001  3.8517300e-001  3.8517000e-001  3.8510700e-001  3.8528200e-001  3.8521700e-001  3.8528300e-001
 -9.3333333e-002  3.8518400e-001  3.8520100e-001  3.8517400e-001  3.8516800e-001  3.8514000e-001  3.8530000e-001  3.8520100e-001  3.8528200e-001
 -8.6666667e-002  3.8516300e-001  3.8519400e-001  3.8518300e-001  3.8516000e-001  3.8508700e-001  3.8528200e-001  3.8520500e-001  3.8526000e-001
 -8.0000000e-002  3.8517700e-001  3.8517600e-001  3.8516800e-001  3.8519900e-001  3.8510400e-001  3.8530000e-001  3.8519500e-001  3.8527100e-001
 -7.3333333e-002  3.8517900e-001  3.8516500e-001  3.8519500e-001  3.8513300e-001  3.8511300e-001  3.8525900e-001  3.8522900e-001  3.8527100e-001
 -6.6666667e-002  3.8516700e-001  3.8517900e-001  3.8521000e-001  3.8515800e-001  3.8512300e-001  3.8528300e-001  3.8520000e-001  3.8526700e-001
 -6.0000000e-002  3.8519200e-001  3.8517800e-001  3.8522800e-001  3.8517000e-001  3.8510600e-001  3.8529700e-001  3.8520500e-001  3.8525600e-001
 -5.3333333e-002  3.8517400e-001  3.8517200e-001  3.8521600e-001  3.8513600e-001  3.8507300e-001  3.8527200e-001  3.8518800e-001  3.8526700e-001
 -4.6666667e-002  3.8516400e-001  3.8516900e-001  3.8520200e-001  3.8515100e-001  3.8508900e-001  3.8527900e-001  3.8519100e-001  3.8530400e-001
 -4.0000000e-002  3.8518600e-001  3.8519100e-001  3.8520500e-001  3.8516000e-001  3.8508300e-001  3.8528100e-001  3.8518000e-001  3.8529800e-001
 -3.3333333e-002  3.8519400e-001  3.8519600e-001  3.8518600e-001  3.8515700e-001  3.8508800e-001  3.8525000e-001  3.8521100e-001  3.8529500e-001
 -2.6666667e-002  3.8515000e-001  3.8519300e-001  3.8515100e-001  3.8514500e-001  3.8510400e-001  3.8529000e-001  3.8520400e-001  3.8528200e-001
 -2.0000000e-002  3.8514200e-001  3.8515100e-001  3.8510300e-001  3.8512900e-001  3.8510000e-001  3.8522900e-001  3.8517300e-001  3.8524100e-001
 -1.3333333e-002  3.8511100e-001  3.8508700e-001  3.8505200e-001  3.8508200e-001  3.8505000e-001  3.8512200e-001  3.8509400e-001  3.8522200e-001
 -6.6666667e-003  3.8502200e-001  3.8501300e-001  3.8486000e-001  3.8495300e-001  3.8490700e-001  3.8498900e-001  3.8495900e-001  3.8510900e-001
  0.0000000e+000  3.8483800e-001  3.8482600e-001  3.8462000e-001  3.8479300e-001  3.8474800e-001  3.8473700e-001  3.8481300e-001  3.8485000e-001
  6.6666667e-003  3.8460900e-001  3.8458800e-001  3.8431700e-001  3.8456400e-001  3.8453900e-001  3.8447000e-001  3.8452900e-001  3.8462500e-001
  1.3333333e-002  3.8429500e-001  3.8427500e-001  3.8396500e-001  3.8427800e-001  3.8421500e-001  3.8410900e-001  3.8421200e-001  3.8429500e-001
  2.0000000e-002  3.8396400e-001  3.8394000e-001  3.8356500e-001  3.8392800e-001  3.8386000e-001  3.8370400e-001  3.8382400e-001  3.8394600e-001
  2.6666667e-002  3.8360500e-001  3.8352200e-001  3.8318600e-001  3.8354000e-001  3.8348900e-001  3.8330300e-001  3.8343500e-001  3.8355700e-001
  3.3333333e-002  3.8319400e-001  3.8308100e-001  3.8278500e-001  3.8309400e-001  3.8305400e-001  3.8289800e-001  3.8300600e-001  3.8313300e-001
  4.0000000e-002  3.8273500e-001  3.8267900e-001  3.8232700e-001  3.8266900e-001  3.8263200e-001  3.8243300e-001  3.8259600e-001  3.8270700e-001
  4.6666667e-002  3.8230500e-001  3.8225700e-001  3.8187700e-001  3.8222400e-001  3.8220100e-001  3.8200400e-001  3.8210400e-001  3.8232100e-001
  5.3333333e-002  3.8184900e-001  3.8180100e-001  3.8141400e-001  3.8180900e-001  3.8175900e-001  3.8157100e-001  3.8165900e-001  3.8188800e-001
  6.0000000e-002  3.8137900e-001  3.8136100e-001  3.8090100e-001  3.8135600e-001  3.8129100e-001  3.8106600e-001  3.8120300e-001  3.8139500e-001
  6.6666667e-002  3.8091000e-001  3.8082800e-001  3.8035000e-001  3.8080000e-001  3.8078400e-001  3.8050300e-001  3.8067100e-001  3.8086800e-001
  7.3333333e-002  3.8034100e-001  3.8023100e-001  3.7972100e-001  3.8024800e-001  3.8022400e-001  3.7988900e-001  3.8009700e-001  3.8029500e-001
  8.0000000e-002  3.7970400e-001  3.7960300e-001  3.7904700e-001  3.7962000e-001  3.7959600e-001  3.7920200e-001  3.7942200e-001  3.7966200e-001
  8.6666667e-002  3.7903100e-001  3.7889300e-001  3.7830900e-001  3.7893300e-001  3.7892400e-001  3.7848200e-001  3.7876900e-001  3.7897600e-001
  9.3333333e-002  3.7829200e-001  3.7814400e-001  3.7754300e-001  3.7822700e-001  3.7819500e-001  3.7772400e-001  3.7799800e-001  3.7817900e-001
  1.0000000e-001  3.7754900e-001  3.7737600e-001  3.7674900e-001  3.7741500e-001  3.7743100e-001  3.7698800e-001  3.7724800e-001  3.7740400e-001
  1.0666667e-001  3.7673900e-001  3.7658800e-001  3.7597600e-001  3.7663100e-001  3.7661700e-001  3.7616600e-001  3.7643300e-001  3.7663300e-001
  1.1333333e-001  3.7594500e-001  3.7583500e-001  3.7516900e-001  3.7585900e-001  3.7581500e-001  3.7532400e-001  3.7565200e-001  3.7584300e-001
  1.2000000e-001  3.7513100e-001  3.7499700e-001  3.7433100e-001  3.7509300e-001  3.7503500e-001  3.7453700e-001  3.7479100e-001  3.7502400e-001
  1.2666667e-001  3.7429100e-001  3.7418000e-001  3.7350400e-001  3.7421100e-001  3.7416600e-001  3.7366100e-001  3.7398900e-001  3.7421100e-001
  1.3333333e-001  3.7344700e-001  3.7332900e-001  3.7260800e-001  3.7336400e-001  3.7331400e-001  3.7276500e-001  3.7312000e-001  3.7333800e-001
  1.4000000e-001  3.7256000e-001  3.7240600e-001  3.7164900e-001  3.7246300e-001  3.7240600e-001  3.7182500e-001  3.7220400e-001  3.7243600e-001
  1.4666667e-001  3.7165400e-001  3.7142300e-001  3.7059000e-001  3.7148000e-001  3.7146800e-001  3.7080300e-001  3.7124600e-001  3.7145400e-001
  1.5333333e-001  3.7063900e-001  3.7038600e-001  3.6951500e-001  3.7042500e-001  3.7046800e-001  3.6970300e-001  3.7017900e-001  3.7043600e-001
  1.6000000e-001  3.6956100e-001  3.6929000e-001  3.6837000e-001  3.6937300e-001  3.6941300e-001  3.6862400e-001  3.6908100e-001  3.6933200e-001
  1.6666667e-001  3.6842600e-001  3.6812100e-001  3.6723600e-001  3.6827100e-001  3.6826000e-001  3.6745200e-001  3.6795800e-001  3.6820100e-001
  1.7333333e-001  3.6721700e-001  3.6699000e-001  3.6606500e-001  3.6712300e-001  3.6707900e-001  3.6628700e-001  3.6677400e-001  3.6702200e-001
  1.8000000e-001  3.6608100e-001  3.6582600e-001  3.6486700e-001  3.6591100e-001  3.6590100e-001  3.6509600e-001  3.6559300e-001  3.6589300e-001
  1.8666667e-001  3.6487600e-001  3.6464800e-001  3.6370600e-001  3.6478000e-001  3.6472800e-001  3.6390700e-001  3.6440500e-001  3.6468900e-001
  1.9333333e-001  3.6368100e-001  3.6345300e-001  3.6247000e-001  3.6356500e-001  3.6351200e-001  3.6271900e-001  3.6321000e-001  3.6351000e-001
  2.0000000e-001  3.6247400e-001  3.6225000e-001  3.6125000e-001  3.6234600e-001  3.6234200e-001  3.6146600e-001  3.6195400e-001  3.6231200e-001
  2.0666667e-001  3.6120300e-001  3.6100100e-001  3.6000000e-001  3.6110500e-001  3.6102500e-001  3.6020100e-001  3.6071500e-001  3.6100600e-001
  2.1333333e-001  3.5990200e-001  3.5967600e-001  3.5864100e-001  3.5980800e-001  3.5975200e-001  3.5886100e-001  3.5941400e-001  3.5969500e-001
  2.2000000e-001  3.5856700e-001  3.5832400e-001  3.5723500e-001  3.5844600e-001  3.5839500e-001  3.5742800e-001  3.5803100e-001  3.5835900e-001
  2.2666667e-001  3.5712800e-001  3.5691700e-001  3.5579300e-001  3.5704300e-001  3.5694300e-001  3.5599200e-001  3.5660300e-001  3.5696300e-001
  2.3333333e-001  3.5569800e-001  3.5547000e-001  3.5429400e-001  3.5556500e-001  3.5543900e-001  3.5446500e-001  3.5510300e-001  3.5550000e-001
  2.4000000e-001  3.5413900e-001  3.5393900e-001  3.5272900e-001  3.5404800e-001  3.5392700e-001  3.5294400e-001  3.5356700e-001  3.5396400e-001
  2.4666667e-001  3.5256500e-001  3.5240700e-001  3.5113400e-001  3.5247800e-001  3.5240800e-001  3.5141500e-001  3.5195900e-001  3.5239100e-001
  2.5333333e-001  3.5099700e-001  3.5082600e-001  3.4953400e-001  3.5089500e-001  3.5085300e-001  3.4981900e-001  3.5036100e-001  3.5082700e-001
  2.6000000e-001  3.4940600e-001  3.4923200e-001  3.4792800e-001  3.4930200e-001  3.4925500e-001  3.4819200e-001  3.4879200e-001  3.4922800e-001
  2.6666667e-001  3.4781600e-001  3.4758800e-001  3.4622700e-001  3.4768100e-001  3.4763500e-001  3.4654800e-001  3.4717400e-001  3.4755800e-001
  2.7333333e-001  3.4620300e-001  3.4592600e-001  3.4453500e-001  3.4606200e-001  3.4603100e-001  3.4489000e-001  3.4552900e-001  3.4590100e-001
  2.8000000e-001  3.4456200e-001  3.4425100e-001  3.4288700e-001  3.4438700e-001  3.4437800e-001  3.4320900e-001  3.4389700e-001  3.4423000e-001
  2.8666667e-001  3.4287600e-001  3.4261900e-001  3.4121100e-001  3.4270500e-001  3.4272100e-001  3.4148400e-001  3.4224300e-001  3.4253600e-001
  2.9333333e-001  3.4120300e-001  3.4085900e-001  3.3950900e-001  3.4102900e-001  3.4100300e-001  3.3979900e-001  3.4061300e-001  3.4086800e-001
  3.0000000e-001  3.3951200e-001  3.3919700e-001  3.3787500e-001  3.3930200e-001  3.3929900e-001  3.3813200e-001  3.3890500e-001  3.3919500e-001
  3.0666667e-001  3.3779000e-001  3.3750000e-001  3.3618800e-001  3.3761800e-001  3.3763100e-001  3.3642400e-001  3.3719700e-001  3.3752200e-001
  3.1333333e-001  3.3610200e-001  3.3588500e-001  3.3453800e-001  3.3593500e-001  3.3592000e-001  3.3475600e-001  3.3554000e-001  3.3586900e-001
  3.2000000e-001  3.3441400e-001  3.3419300e-001  3.3289200e-001  3.3433300e-001  3.3426000e-001  3.3312700e-001  3.3385900e-001  3.3423300e-001
  3.2666667e-001  3.3276700e-001  3.3257300e-001  3.3124100e-001  3.3269600e-001  3.3265500e-001  3.3147800e-001  3.3223200e-001  3.3263000e-001
  3.3333333e-001  3.3118500e-001  3.3098400e-001  3.2960100e-001  3.3109200e-001  3.3102100e-001  3.2982300e-001  3.3055600e-001  3.3098300e-001
  3.4000000e-001  3.2960100e-001  3.2934100e-001  3.2791900e-001  3.2945200e-001  3.2940400e-001  3.2819800e-001  3.2893800e-001  3.2935200e-001
  3.4666667e-001  3.2791500e-001  3.2767000e-001  3.2624100e-001  3.2776000e-001  3.2778400e-001  3.2653900e-001  3.2727000e-001  3.2769100e-001
  3.5333333e-001  3.2625800e-001  3.2598000e-001  3.2454500e-001  3.2610800e-001  3.2613900e-001  3.2485900e-001  3.2558800e-001  3.2600900e-001
  3.6000000e-001  3.2458400e-001  3.2424000e-001  3.2286600e-001  3.2436500e-001  3.2442800e-001  3.2317400e-001  3.2391500e-001  3.2425700e-001
  3.6666667e-001  3.2288900e-001  3.2257300e-001  3.2116700e-001  3.2264900e-001  3.2274000e-001  3.2149400e-001  3.2223100e-001  3.2258200e-001
  3.7333333e-001  3.2120300e-001  3.2091000e-001  3.1949200e-001  3.2098100e-001  3.2102900e-001  3.1981600e-001  3.2056200e-001  3.2091600e-001
  3.8000000e-001  3.1946700e-001  3.1922200e-001  3.1786100e-001  3.1924600e-001  3.1932500e-001  3.1811000e-001  3.1887200e-001  3.1925300e-001
  3.8666667e-001  3.1774700e-001  3.1754800e-001  3.1613500e-001  3.1756700e-001  3.1761300e-001  3.1637300e-001  3.1715900e-001  3.1758000e-001
  3.9333333e-001  3.1606500e-001  3.1587500e-001  3.1447900e-001  3.1589100e-001  3.1587400e-001  3.1470900e-001  3.1548200e-001  3.1588400e-001
  4.0000000e-001  3.1435200e-001  3.1420000e-001  3.1282500e-001  3.1432900e-001  3.1422600e-001  3.1303900e-001  3.1387600e-001  3.1423300e-001
  4.0666667e-001  3.1275400e-001  3.1256300e-001  3.1116000e-001  3.1268300e-001  3.1261700e-001  3.1144800e-001  3.1229900e-001  3.1261600e-001
  4.1333333e-001  3.1115200e-001  3.1094300e-001  3.0949400e-001  3.1101900e-001  3.1100800e-001  3.0982600e-001  3.1069800e-001  3.1094800e-001
  4.2000000e-001  3.0953400e-001  3.0926700e-001  3.0783400e-001  3.0939300e-001  3.0935700e-001  3.0818400e-001  3.0900100e-001  3.0932500e-001
  4.2666667e-001  3.0786500e-001  3.0762100e-001  3.0613500e-001  3.0769900e-001  3.0768600e-001  3.0653300e-001  3.0735600e-001  3.0762100e-001
  4.3333333e-001  3.0617900e-001  3.0590900e-001  3.0444800e-001  3.0602700e-001  3.0597200e-001  3.0492100e-001  3.0560700e-001  3.0591600e-001
  4.4000000e-001  3.0448800e-001  3.0424700e-001  3.0278500e-001  3.0429500e-001  3.0430800e-001  3.0324500e-001  3.0384000e-001  3.0420000e-001
  4.4666667e-001  3.0277700e-001  3.0257400e-001  3.0111100e-001  3.0256500e-001  3.0263500e-001  3.0160000e-001  3.0209200e-001  3.0250700e-001
  4.5333333e-001  3.0107300e-001  3.0085800e-001  2.9947500e-001  3.0087800e-001  3.0092200e-001  2.9988600e-001  3.0044200e-001  3.0086900e-001
  4.6000000e-001  2.9938500e-001  2.9919900e-001  2.9782300e-001  2.9924600e-001  2.9926500e-001  2.9813900e-001  2.9879200e-001  2.9922900e-001
  4.6666667e-001  2.9776800e-001  2.9752700e-001  2.9618000e-001  2.9759800e-001  2.9763400e-001  2.9634000e-001  2.9717100e-001  2.9752800e-001
  4.7333333e-001  2.9603600e-001  2.9586800e-001  2.9450200e-001  2.9592000e-001  2.9592100e-001  2.9458600e-001  2.9554300e-001  2.9586600e-001
  4.8000000e-001  2.9438300e-001  2.9421800e-001  2.9281500e-001  2.9425300e-001  2.9428000e-001  2.9290300e-001  2.9385600e-001  2.9420100e-001
  4.8666667e-001  2.9276000e-001  2.9255800e-001  2.9117300e-001  2.9261000e-001  2.9262300e-001  2.9128100e-001  2.9227300e-001  2.9250600e-001
  4.9333333e-001  2.9115400e-001  2.9090300e-001  2.8950600e-001  2.9091800e-001  2.9097900e-001  2.8963300e-001  2.9065200e-001  2.9087300e-001
  5.0000000e-001  2.8948600e-001  2.8924200e-001  2.8784400e-001  2.8931500e-001  2.8934600e-001  2.8808400e-001  2.8895500e-001  2.8922500e-001
  5.0666667e-001  2.8779100e-001  2.8759000e-001  2.8617600e-001  2.8764200e-001  2.8769600e-001  2.8649800e-001  2.8724800e-001  2.8754100e-001
  5.1333333e-001  2.8611600e-001  2.8588200e-001  2.8448900e-001  2.8593800e-001  2.8597000e-001  2.8488900e-001  2.8552200e-001  2.8582300e-001
  5.2000000e-001  2.8441100e-001  2.8414600e-001  2.8282800e-001  2.8424700e-001  2.8424200e-001  2.8320100e-001  2.8384000e-001  2.8416200e-001
  5.2666667e-001  2.8273300e-001  2.8250100e-001  2.8112300e-001  2.8260700e-001  2.8255800e-001  2.8147200e-001  2.8213500e-001  2.8250000e-001
  5.3333333e-001  2.8108100e-001  2.8084600e-001  2.7941800e-001  2.8097600e-001  2.8093400e-001  2.7980900e-001  2.8049800e-001  2.8080800e-001
  5.4000000e-001  2.7937000e-001  2.7920100e-001  2.7780700e-001  2.7927900e-001  2.7925000e-001  2.7806200e-001  2.7886500e-001  2.7914100e-001
  5.4666667e-001  2.7771000e-001  2.7752300e-001  2.7610100e-001  2.7760400e-001  2.7761600e-001  2.7628900e-001  2.7723200e-001  2.7746300e-001
  5.5333333e-001  2.7605300e-001  2.7587400e-001  2.7444700e-001  2.7593100e-001  2.7592900e-001  2.7459700e-001  2.7558000e-001  2.7579900e-001
  5.6000000e-001  2.7441700e-001  2.7424900e-001  2.7279500e-001  2.7427400e-001  2.7426200e-001  2.7294600e-001  2.7394600e-001  2.7413800e-001
  5.6666667e-001  2.7274600e-001  2.7258100e-001  2.7113700e-001  2.7262200e-001  2.7262000e-001  2.7134100e-001  2.7229100e-001  2.7249400e-001
  5.7333333e-001  2.7106800e-001  2.7091800e-001  2.6945900e-001  2.7095500e-001  2.7098000e-001  2.6971800e-001  2.7063300e-001  2.7086100e-001
  5.8000000e-001  2.6942400e-001  2.6925600e-001  2.6778600e-001  2.6924600e-001  2.6932100e-001  2.6817600e-001  2.6894000e-001  2.6919000e-001
  5.8666667e-001  2.6773200e-001  2.6753400e-001  2.6604800e-001  2.6759300e-001  2.6761300e-001  2.6648300e-001  2.6718200e-001  2.6746600e-001
  5.9333333e-001  2.6607700e-001  2.6580900e-001  2.6433700e-001  2.6590700e-001  2.6586600e-001  2.6475900e-001  2.6544000e-001  2.6576200e-001
  6.0000000e-001  2.6435100e-001  2.6416000e-001  2.6272800e-001  2.6423300e-001  2.6418200e-001  2.6307400e-001  2.6374000e-001  2.6407400e-001
  6.0666667e-001  2.6266000e-001  2.6248200e-001  2.6105500e-001  2.6257000e-001  2.6251100e-001  2.6138500e-001  2.6205600e-001  2.6240000e-001
  6.1333333e-001  2.6100400e-001  2.6080200e-001  2.5938700e-001  2.6094500e-001  2.6087500e-001  2.5968000e-001  2.6040400e-001  2.6075500e-001
  6.2000000e-001  2.5935000e-001  2.5917200e-001  2.5775100e-001  2.5932900e-001  2.5923700e-001  2.5793500e-001  2.5880700e-001  2.5910600e-001
  6.2666667e-001  2.5772300e-001  2.5751000e-001  2.5601700e-001  2.5768900e-001  2.5755900e-001  2.5624000e-001  2.5718700e-001  2.5742900e-001
  6.3333333e-001  2.5597300e-001  2.5580700e-001  2.5432900e-001  2.5593000e-001  2.5587000e-001  2.5457700e-001  2.5551500e-001  2.5577400e-001
  6.4000000e-001  2.5430400e-001  2.5415100e-001  2.5271100e-001  2.5421000e-001  2.5423100e-001  2.5293700e-001  2.5383600e-001  2.5406900e-001
  6.4666667e-001  2.5268300e-001  2.5246300e-001  2.5097200e-001  2.5245900e-001  2.5257300e-001  2.5130200e-001  2.5218300e-001  2.5243800e-001
  6.5333333e-001  2.5106000e-001  2.5080600e-001  2.4933000e-001  2.5075100e-001  2.5086600e-001  2.4966700e-001  2.5050800e-001  2.5079700e-001
  6.6000000e-001  2.4935700e-001  2.4912500e-001  2.4768400e-001  2.4902400e-001  2.4919700e-001  2.4802800e-001  2.4880400e-001  2.4910200e-001
  6.6666667e-001  2.4762900e-001  2.4743600e-001  2.4596900e-001  2.4736500e-001  2.4755500e-001  2.4633100e-001  2.4708200e-001  2.4744000e-001
  6.7333333e-001  2.4594500e-001  2.4573600e-001  2.4430000e-001  2.4572400e-001  2.4586700e-001  2.4466200e-001  2.4539500e-001  2.4569000e-001
  6.8000000e-001  2.4427100e-001  2.4405900e-001  2.4264600e-001  2.4406800e-001  2.4416200e-001  2.4294400e-001  2.4374100e-001  2.4403400e-001
  6.8666667e-001  2.4260100e-001  2.4239600e-001  2.4100400e-001  2.4254000e-001  2.4248200e-001  2.4129400e-001  2.4207200e-001  2.4240900e-001
  6.9333333e-001  2.4097800e-001  2.4074600e-001  2.3936800e-001  2.4095000e-001  2.4086100e-001  2.3953900e-001  2.4047600e-001  2.4075300e-001
  7.0000000e-001  2.3932700e-001  2.3915500e-001  2.3771200e-001  2.3933400e-001  2.3920500e-001  2.3787000e-001  2.3885600e-001  2.3908800e-001
  7.0666667e-001  2.3765100e-001  2.3751900e-001  2.3603600e-001  2.3769400e-001  2.3752300e-001  2.3622500e-001  2.3719600e-001  2.3741200e-001
  7.1333333e-001  2.3600200e-001  2.3581800e-001  2.3432700e-001  2.3595700e-001  2.3584300e-001  2.3452000e-001  2.3552100e-001  2.3571400e-001
  7.2000000e-001  2.3434200e-001  2.3410600e-001  2.3262400e-001  2.3418600e-001  2.3419000e-001  2.3291700e-001  2.3383400e-001  2.3404600e-001
  7.2666667e-001  2.3268900e-001  2.3244600e-001  2.3100500e-001  2.3240900e-001  2.3255100e-001  2.3134400e-001  2.3216800e-001  2.3238900e-001
  7.3333333e-001  2.3099200e-001  2.3080300e-001  2.2937400e-001  2.3073700e-001  2.3082300e-001  2.2970300e-001  2.3046100e-001  2.3074000e-001
  7.4000000e-001  2.2930300e-001  2.2910300e-001  2.2769700e-001  2.2909600e-001  2.2917000e-001  2.2804300e-001  2.2878400e-001  2.2908500e-001
  7.4666667e-001  2.2764300e-001  2.2741600e-001  2.2604600e-001  2.2744500e-001  2.2749100e-001  2.2631800e-001  2.2711400e-001  2.2740300e-001
  7.5333333e-001  2.2600100e-001  2.2580200e-001  2.2439600e-001  2.2580600e-001  2.2584500e-001  2.2461200e-001  2.2543000e-001  2.2575800e-001
  7.6000000e-001  2.2431900e-001  2.2411400e-001  2.2271600e-001  2.2423500e-001  2.2422500e-001  2.2293300e-001  2.2370500e-001  2.2403600e-001
  7.6666667e-001  2.2266900e-001  2.2249900e-001  2.2105600e-001  2.2258600e-001  2.2253300e-001  2.2127600e-001  2.2209100e-001  2.2238100e-001
  7.7333333e-001  2.2101500e-001  2.2084400e-001  2.1940700e-001  2.2097800e-001  2.2089500e-001  2.1958800e-001  2.2048200e-001  2.2078600e-001
  7.8000000e-001  2.1937200e-001  2.1916200e-001  2.1775500e-001  2.1932100e-001  2.1928300e-001  2.1795300e-001  2.1881100e-001  2.1913900e-001
  7.8666667e-001  2.1769700e-001  2.1750900e-001  2.1609500e-001  2.1766400e-001  2.1760800e-001  2.1630500e-001  2.1717700e-001  2.1745400e-001
  7.9333333e-001  2.1605900e-001  2.1580700e-001  2.1438200e-001  2.1593100e-001  2.1594600e-001  2.1460100e-001  2.1545100e-001  2.1575700e-001
  8.0000000e-001  2.1433000e-001  2.1411100e-001  2.1269200e-001  2.1422800e-001  2.1427300e-001  2.1296800e-001  2.1379100e-001  2.1406000e-001
  8.0666667e-001  2.1268700e-001  2.1243900e-001  2.1105600e-001  2.1247100e-001  2.1260100e-001  2.1131600e-001  2.1215000e-001  2.1240500e-001
  8.1333333e-001  2.1099800e-001  2.1081900e-001  2.0941600e-001  2.1079500e-001  2.1087400e-001  2.0967100e-001  2.1043900e-001  2.1072900e-001
  8.2000000e-001  2.0935200e-001  2.0914200e-001  2.0774700e-001  2.0917000e-001  2.0921100e-001  2.0795500e-001  2.0874900e-001  2.0905700e-001
  8.2666667e-001  2.0765900e-001  2.0747100e-001  2.0605300e-001  2.0749200e-001  2.0755600e-001  2.0623200e-001  2.0706900e-001  2.0736200e-001
  8.3333333e-001  2.0598500e-001  2.0575700e-001  2.0435500e-001  2.0587800e-001  2.0583600e-001  2.0453100e-001  2.0544100e-001  2.0573000e-001
  8.4000000e-001  2.0431300e-001  2.0410900e-001  2.0270400e-001  2.0423700e-001  2.0411500e-001  2.0280400e-001  2.0374400e-001  2.0400500e-001
  8.4666667e-001  2.0262100e-001  2.0246800e-001  2.0105500e-001  2.0260100e-001  2.0252400e-001  2.0117500e-001  2.0210500e-001  2.0237100e-001
  8.5333333e-001  2.0098600e-001  2.0079000e-001  1.9935500e-001  2.0094400e-001  2.0089900e-001  1.9954700e-001  2.0049000e-001  2.0070900e-001
  8.6000000e-001  1.9931100e-001  1.9919100e-001  1.9768000e-001  1.9925900e-001  1.9924800e-001  1.9790000e-001  1.9882900e-001  1.9905200e-001
  8.6666667e-001  1.9770500e-001  1.9749100e-001  1.9596700e-001  1.9760000e-001  1.9758000e-001  1.9622400e-001  1.9714900e-001  1.9733700e-001
  8.7333333e-001  1.9599000e-001  1.9583200e-001  1.9431200e-001  1.9581200e-001  1.9584800e-001  1.9456300e-001  1.9542600e-001  1.9564300e-001
  8.8000000e-001  1.9432000e-001  1.9415700e-001  1.9264300e-001  1.9404300e-001  1.9416200e-001  1.9290700e-001  1.9374100e-001  1.9398300e-001
  8.8666667e-001  1.9265400e-001  1.9245900e-001  1.9104200e-001  1.9238700e-001  1.9247000e-001  1.9123800e-001  1.9204300e-001  1.9231600e-001
  8.9333333e-001  1.9102000e-001  1.9080000e-001  1.8936100e-001  1.9072500e-001  1.9081100e-001  1.8957100e-001  1.9038900e-001  1.9065500e-001
  9.0000000e-001  1.8937000e-001  1.8914800e-001  1.8770000e-001  1.8914900e-001  1.8916000e-001  1.8789900e-001  1.8875000e-001  1.8900400e-001
  9.0666667e-001  1.8767800e-001  1.8749100e-001  1.8605900e-001  1.8757000e-001  1.8754200e-001  1.8624400e-001  1.8708300e-001  1.8735300e-001
  9.1333333e-001  1.8598700e-001  1.8580300e-001  1.8432400e-001  1.8592100e-001  1.8586200e-001  1.8446300e-001  1.8537500e-001  1.8567700e-001
  9.2000000e-001  1.8431200e-001  1.8410200e-001  1.8264900e-001  1.8426200e-001  1.8415000e-001  1.8279700e-001  1.8369600e-001  1.8398300e-001
  9.2666667e-001  1.8261700e-001  1.8244300e-001  1.8099200e-001  1.8259300e-001  1.8248700e-001  1.8116000e-001  1.8201800e-001  1.8228700e-001
  9.3333333e-001  1.8098600e-001  1.8078200e-001  1.7930200e-001  1.8086800e-001  1.8087200e-001  1.7950600e-001  1.8035800e-001  1.8065400e-001
  9.4000000e-001  1.7935100e-001  1.7912700e-001  1.7763100e-001  1.7911800e-001  1.7916500e-001  1.7788800e-001  1.7868000e-001  1.7900400e-001
  9.4666667e-001  1.7764700e-001  1.7745400e-001  1.7595300e-001  1.7736000e-001  1.7751100e-001  1.7622300e-001  1.7702900e-001  1.7733100e-001
  9.5333333e-001  1.7597100e-001  1.7576100e-001  1.7423600e-001  1.7562800e-001  1.7581100e-001  1.7451200e-001  1.7535000e-001  1.7562600e-001
  9.6000000e-001  1.7423600e-001  1.7406000e-001  1.7257200e-001  1.7391000e-001  1.7414600e-001  1.7282100e-001  1.7361300e-001  1.7393900e-001
  9.6666667e-001  1.7253400e-001  1.7237900e-001  1.7094000e-001  1.7236400e-001  1.7247600e-001  1.7115100e-001  1.7194700e-001  1.7225300e-001
  9.7333333e-001  1.7090300e-001  1.7071300e-001  1.6930100e-001  1.7073400e-001  1.7076500e-001  1.6946900e-001  1.7031200e-001  1.7057200e-001
  9.8000000e-001  1.6926100e-001  1.6905200e-001  1.6762500e-001  1.6913900e-001  1.6912100e-001  1.6783500e-001  1.6864200e-001  1.6892100e-001
  9.8666667e-001  1.6760400e-001  1.6742000e-001  1.6593000e-001  1.6753200e-001  1.6746900e-001  1.6613500e-001  1.6700800e-001  1.6729500e-001
  9.9333333e-001  1.6592600e-001  1.6573200e-001  1.6428700e-001  1.6585500e-001  1.6583500e-001  1.6448500e-001  1.6533100e-001  1.6564300e-001
  1.0000000e+000  1.6426600e-001  1.6406400e-001  1.6257500e-001  1.6417300e-001  1.6414700e-001  1.6278900e-001  1.6366100e-001  1.6394600e-001
  1.0066667e+000  1.6258100e-001  1.6236000e-001  1.6091700e-001  1.6248800e-001  1.6248200e-001  1.6117100e-001  1.6200300e-001  1.6228900e-001
  1.0133333e+000  1.6092100e-001  1.6074400e-001  1.5930900e-001  1.6080100e-001  1.6082800e-001  1.5952000e-001  1.6033800e-001  1.6060200e-001
  1.0200000e+000  1.5929000e-001  1.5902400e-001  1.5760800e-001  1.5906800e-001  1.5915000e-001  1.5790200e-001  1.5867500e-001  1.5894000e-001
  1.0266667e+000  1.5759100e-001  1.5738100e-001  1.5594700e-001  1.5734100e-001  1.5752500e-001  1.5625400e-001  1.5701700e-001  1.5725200e-001
  1.0333333e+000  1.5594700e-001  1.5571300e-001  1.5427800e-001  1.5567600e-001  1.5586000e-001  1.5453500e-001  1.5532800e-001  1.5563100e-001
  1.0400000e+000  1.5426800e-001  1.5401600e-001  1.5260300e-001  1.5400700e-001  1.5416900e-001  1.5286100e-001  1.5365800e-001  1.5399300e-001
  1.0466667e+000  1.5257300e-001  1.5234800e-001  1.5096000e-001  1.5240400e-001  1.5249300e-001  1.5114900e-001  1.5195500e-001  1.5229300e-001
  1.0533333e+000  1.5095600e-001  1.5067900e-001  1.4936300e-001  1.5086600e-001  1.5081200e-001  1.4954200e-001  1.5033400e-001  1.5062500e-001
  1.0600000e+000  1.4930100e-001  1.4905800e-001  1.4766600e-001  1.4920400e-001  1.4919900e-001  1.4787400e-001  1.4866900e-001  1.4897900e-001
  1.0666667e+000  1.4763500e-001  1.4742400e-001  1.4600100e-001  1.4756100e-001  1.4752900e-001  1.4622400e-001  1.4702700e-001  1.4735000e-001
  1.0733333e+000  1.4596700e-001  1.4575100e-001  1.4429800e-001  1.4590300e-001  1.4588000e-001  1.4454300e-001  1.4534300e-001  1.4564600e-001
  1.0800000e+000  1.4426700e-001  1.4406100e-001  1.4264600e-001  1.4413500e-001  1.4415800e-001  1.4282400e-001  1.4362300e-001  1.4400800e-001
  1.0866667e+000  1.4260400e-001  1.4236800e-001  1.4102200e-001  1.4249100e-001  1.4251300e-001  1.4120700e-001  1.4201000e-001  1.4232900e-001
  1.0933333e+000  1.4092500e-001  1.4074400e-001  1.3938000e-001  1.4080400e-001  1.4085900e-001  1.3952500e-001  1.4035900e-001  1.4065700e-001
  1.1000000e+000  1.3929900e-001  1.3904100e-001  1.3767900e-001  1.3912700e-001  1.3916500e-001  1.3784600e-001  1.3865000e-001  1.3899000e-001
  1.1066667e+000  1.3765400e-001  1.3738700e-001  1.3593400e-001  1.3743200e-001  1.3751000e-001  1.3617100e-001  1.3694900e-001  1.3733700e-001
  1.1133333e+000  1.3591600e-001  1.3570800e-001  1.3421000e-001  1.3570600e-001  1.3582000e-001  1.3450700e-001  1.3526200e-001  1.3560400e-001
  1.1200000e+000  1.3422600e-001  1.3400000e-001  1.3257700e-001  1.3407100e-001  1.3415200e-001  1.3280700e-001  1.3359600e-001  1.3395200e-001
  1.1266667e+000  1.3257200e-001  1.3235100e-001  1.3093800e-001  1.3246400e-001  1.3250100e-001  1.3114400e-001  1.3193800e-001  1.3225600e-001
  1.1333333e+000  1.3094600e-001  1.3071300e-001  1.2928800e-001  1.3081800e-001  1.3085500e-001  1.2952200e-001  1.3031000e-001  1.3064700e-001
  1.1400000e+000  1.2930300e-001  1.2907700e-001  1.2762200e-001  1.2921600e-001  1.2919000e-001  1.2782800e-001  1.2866000e-001  1.2904400e-001
  1.1466667e+000  1.2768200e-001  1.2741800e-001  1.2598000e-001  1.2755500e-001  1.2749900e-001  1.2618200e-001  1.2695400e-001  1.2738300e-001
  1.1533333e+000  1.2597000e-001  1.2573100e-001  1.2429500e-001  1.2585100e-001  1.2581100e-001  1.2451000e-001  1.2530400e-001  1.2566200e-001
  1.1600000e+000  1.2428500e-001  1.2404500e-001  1.2261600e-001  1.2411600e-001  1.2411300e-001  1.2282400e-001  1.2360900e-001  1.2399800e-001
  1.1666667e+000  1.2255100e-001  1.2235400e-001  1.2093500e-001  1.2239200e-001  1.2239900e-001  1.2118100e-001  1.2193900e-001  1.2229100e-001
  1.1733333e+000  1.2089200e-001  1.2066800e-001  1.1926800e-001  1.2069800e-001  1.2076000e-001  1.1952400e-001  1.2023500e-001  1.2063100e-001
  1.1800000e+000  1.1927200e-001  1.1899800e-001  1.1762300e-001  1.1912500e-001  1.1910600e-001  1.1790200e-001  1.1858800e-001  1.1903100e-001
  1.1866667e+000  1.1761900e-001  1.1739000e-001  1.1594000e-001  1.1746000e-001  1.1747100e-001  1.1625000e-001  1.1695100e-001  1.1734700e-001
  1.1933333e+000  1.1593500e-001  1.1570600e-001  1.1428200e-001  1.1576100e-001  1.1580200e-001  1.1454800e-001  1.1527300e-001  1.1567200e-001
  1.2000000e+000  1.1429100e-001  1.1398900e-001  1.1258400e-001  1.1411800e-001  1.1410800e-001  1.1280100e-001  1.1357700e-001  1.1395400e-001
  1.2066667e+000  1.1254100e-001  1.1229100e-001  1.1090600e-001  1.1235600e-001  1.1242600e-001  1.1112700e-001  1.1189700e-001  1.1224800e-001
  1.2133333e+000  1.1083100e-001  1.1070000e-001  1.0920400e-001  1.1072700e-001  1.1070700e-001  1.0945000e-001  1.1025300e-001  1.1056500e-001
  1.2200000e+000  1.0920800e-001  1.0902600e-001  1.0756400e-001  1.0906100e-001  1.0904100e-001  1.0779800e-001  1.0860700e-001  1.0896000e-001
  1.2266667e+000  1.0752200e-001  1.0734300e-001  1.0599300e-001  1.0743800e-001  1.0738200e-001  1.0613900e-001  1.0692400e-001  1.0722700e-001
  1.2333333e+000  1.0587600e-001  1.0564200e-001  1.0440300e-001  1.0572000e-001  1.0572200e-001  1.0439900e-001  1.0523500e-001  1.0562600e-001
  1.2400000e+000  1.0413200e-001  1.0397300e-001  1.0273000e-001  1.0397900e-001  1.0402800e-001  1.0271600e-001  1.0356600e-001  1.0393200e-001
  1.2466667e+000  1.0251700e-001  1.0228700e-001  1.0101100e-001  1.0230200e-001  1.0230900e-001  1.0111400e-001  1.0184100e-001  1.0216800e-001
  1.2533333e+000  1.0084100e-001  1.0059800e-001  9.9277000e-002  1.0065700e-001  1.0068100e-001  9.9442000e-002  1.0017700e-001  1.0049800e-001
  1.2600000e+000  9.9115000e-002  9.8987000e-002  9.7572000e-002  9.9003000e-002  9.9011000e-002  9.7820000e-002  9.8558000e-002  9.8834000e-002
  1.2666667e+000  9.7475000e-002  9.7350000e-002  9.5808000e-002  9.7372000e-002  9.7411000e-002  9.6133000e-002  9.6915000e-002  9.7217000e-002
  1.2733333e+000  9.5879000e-002  9.5693000e-002  9.4023000e-002  9.5751000e-002  9.5771000e-002  9.4452000e-002  9.5246000e-002  9.5631000e-002
  1.2800000e+000  9.4217000e-002  9.3983000e-002  9.2318000e-002  9.4085000e-002  9.4071000e-002  9.2800000e-002  9.3552000e-002  9.3934000e-002
  1.2866667e+000  9.2521000e-002  9.2311000e-002  9.0716000e-002  9.2361000e-002  9.2393000e-002  9.1125000e-002  9.1906000e-002  9.2228000e-002
  1.2933333e+000  9.0854000e-002  9.0654000e-002  8.9197000e-002  9.0709000e-002  9.0774000e-002  8.9476000e-002  9.0245000e-002  9.0572000e-002
  1.3000000e+000  8.9217000e-002  8.9038000e-002  8.7609000e-002  8.9048000e-002  8.9075000e-002  8.7831000e-002  8.8578000e-002  8.8920000e-002
  1.3066667e+000  8.7535000e-002  8.7351000e-002  8.6004000e-002  8.7399000e-002  8.7413000e-002  8.6176000e-002  8.6951000e-002  8.7248000e-002
  1.3133333e+000  8.5885000e-002  8.5693000e-002  8.4394000e-002  8.5711000e-002  8.5758000e-002  8.4459000e-002  8.5246000e-002  8.5537000e-002
  1.3200000e+000  8.4185000e-002  8.3972000e-002  8.2669000e-002  8.4041000e-002  8.4063000e-002  8.2758000e-002  8.3529000e-002  8.3858000e-002
  1.3266667e+000  8.2477000e-002  8.2284000e-002  8.0931000e-002  8.2300000e-002  8.2363000e-002  8.1091000e-002  8.1866000e-002  8.2126000e-002
  1.3333333e+000  8.0791000e-002  8.0592000e-002  7.9249000e-002  8.0605000e-002  8.0676000e-002  7.9396000e-002  8.0176000e-002  8.0515000e-002
  1.3400000e+000  7.9136000e-002  7.8901000e-002  7.7444000e-002  7.9002000e-002  7.9028000e-002  7.7721000e-002  7.8539000e-002  7.8802000e-002
  1.3466667e+000  7.7471000e-002  7.7239000e-002  7.5707000e-002  7.7363000e-002  7.7392000e-002  7.6059000e-002  7.6873000e-002  7.7138000e-002
  1.3533333e+000  7.5826000e-002  7.5565000e-002  7.4034000e-002  7.5654000e-002  7.5698000e-002  7.4350000e-002  7.5166000e-002  7.5484000e-002
  1.3600000e+000  7.4132000e-002  7.3892000e-002  7.2363000e-002  7.3946000e-002  7.3997000e-002  7.2640000e-002  7.3449000e-002  7.3790000e-002
  1.3666667e+000  7.2417000e-002  7.2163000e-002  7.0718000e-002  7.2216000e-002  7.2285000e-002  7.0992000e-002  7.1768000e-002  7.2118000e-002
  1.3733333e+000  7.0766000e-002  7.0469000e-002  6.9129000e-002  7.0567000e-002  7.0628000e-002  6.9318000e-002  7.0038000e-002  7.0450000e-002
  1.3800000e+000  6.9063000e-002  6.8773000e-002  6.7520000e-002  6.8914000e-002  6.8973000e-002  6.7675000e-002  6.8451000e-002  6.8762000e-002
  1.3866667e+000  6.7414000e-002  6.7185000e-002  6.5898000e-002  6.7234000e-002  6.7319000e-002  6.6050000e-002  6.6799000e-002  6.7100000e-002
  1.3933333e+000  6.5818000e-002  6.5520000e-002  6.4228000e-002  6.5602000e-002  6.5656000e-002  6.4390000e-002  6.5149000e-002  6.5421000e-002
  1.4000000e+000  6.4108000e-002  6.3844000e-002  6.2515000e-002  6.3872000e-002  6.3920000e-002  6.2628000e-002  6.3476000e-002  6.3744000e-002
  1.4066667e+000  6.2464000e-002  6.2158000e-002  6.0739000e-002  6.2226000e-002  6.2251000e-002  6.0958000e-002  6.1751000e-002  6.2009000e-002
  1.4133333e+000  6.0722000e-002  6.0462000e-002  5.8946000e-002  6.0561000e-002  6.0599000e-002  5.9288000e-002  6.0059000e-002  6.0370000e-002
  1.4200000e+000  5.9105000e-002  5.8836000e-002  5.7296000e-002  5.8925000e-002  5.8914000e-002  5.7623000e-002  5.8430000e-002  5.8715000e-002
  1.4266667e+000  5.7454000e-002  5.7205000e-002  5.5662000e-002  5.7269000e-002  5.7254000e-002  5.5965000e-002  5.6784000e-002  5.7029000e-002
  1.4333333e+000  5.5757000e-002  5.5563000e-002  5.4046000e-002  5.5604000e-002  5.5543000e-002  5.4292000e-002  5.5140000e-002  5.5378000e-002
  1.4400000e+000  5.4062000e-002  5.3787000e-002  5.2387000e-002  5.3907000e-002  5.3900000e-002  5.2613000e-002  5.3472000e-002  5.3681000e-002
  1.4466667e+000  5.2398000e-002  5.2077000e-002  5.0674000e-002  5.2169000e-002  5.2210000e-002  5.0902000e-002  5.1709000e-002  5.1995000e-002
  1.4533333e+000  5.0699000e-002  5.0443000e-002  4.9070000e-002  5.0495000e-002  5.0509000e-002  4.9245000e-002  5.0025000e-002  5.0273000e-002
  1.4600000e+000  4.8993000e-002  4.8745000e-002  4.7452000e-002  4.8845000e-002  4.8835000e-002  4.7604000e-002  4.8353000e-002  4.8648000e-002
  1.4666667e+000  4.7366000e-002  4.7099000e-002  4.5771000e-002  4.7192000e-002  4.7210000e-002  4.5993000e-002  4.6737000e-002  4.7023000e-002
  1.4733333e+000  4.5694000e-002  4.5456000e-002  4.4115000e-002  4.5547000e-002  4.5541000e-002  4.4314000e-002  4.5093000e-002  4.5350000e-002
  1.4800000e+000  4.3997000e-002  4.3737000e-002  4.2378000e-002  4.3887000e-002  4.3866000e-002  4.2633000e-002  4.3450000e-002  4.3681000e-002
  1.4866667e+000  4.2353000e-002  4.2066000e-002  4.0654000e-002  4.2213000e-002  4.2214000e-002  4.0929000e-002  4.1770000e-002  4.1982000e-002
  1.4933333e+000  4.0624000e-002  4.0389000e-002  3.8904000e-002  4.0485000e-002  4.0539000e-002  3.9216000e-002  4.0050000e-002  4.0305000e-002
  1.5000000e+000  3.8977000e-002  3.8738000e-002  3.7297000e-002  3.8875000e-002  3.8890000e-002  3.7559000e-002  3.8358000e-002  3.8638000e-002
  1.5066667e+000  3.7364000e-002  3.7149000e-002  3.5657000e-002  3.7250000e-002  3.7231000e-002  3.5920000e-002  3.6733000e-002  3.7014000e-002
  1.5133333e+000  3.5676000e-002  3.5496000e-002  3.3993000e-002  3.5627000e-002  3.5565000e-002  3.4282000e-002  3.5117000e-002  3.5395000e-002
  1.5200000e+000  3.4061000e-002  3.3721000e-002  3.2383000e-002  3.3966000e-002  3.3834000e-002  3.2673000e-002  3.3474000e-002  3.3745000e-002
  1.5266667e+000  3.2342000e-002  3.2055000e-002  3.0724000e-002  3.2194000e-002  3.2175000e-002  3.0960000e-002  3.1822000e-002  3.2051000e-002
  1.5333333e+000  3.0621000e-002  3.0366000e-002  2.9125000e-002  3.0532000e-002  3.0496000e-002  2.9262000e-002  3.0084000e-002  3.0304000e-002
  1.5400000e+000  2.8983000e-002  2.8700000e-002  2.7484000e-002  2.8797000e-002  2.8842000e-002  2.7605000e-002  2.8392000e-002  2.8653000e-002
  1.5466667e+000  2.7323000e-002  2.7099000e-002  2.5801000e-002  2.7206000e-002  2.7213000e-002  2.5964000e-002  2.6772000e-002  2.6990000e-002
  1.5533333e+000  2.5709000e-002  2.5500000e-002  2.4149000e-002  2.5566000e-002  2.5581000e-002  2.4310000e-002  2.5086000e-002  2.5398000e-002
  1.5600000e+000  2.4029000e-002  2.3811000e-002  2.2417000e-002  2.3865000e-002  2.3887000e-002  2.2626000e-002  2.3411000e-002  2.3716000e-002
  1.5666667e+000  2.2325000e-002  2.2129000e-002  2.0664000e-002  2.2225000e-002  2.2229000e-002  2.0954000e-002  2.1731000e-002  2.2014000e-002
  1.5733333e+000  2.0643000e-002  2.0406000e-002  1.8973000e-002  2.0560000e-002  2.0524000e-002  1.9261000e-002  2.0074000e-002  2.0379000e-002
  1.5800000e+000  1.8986000e-002  1.8764000e-002  1.7292000e-002  1.8832000e-002  1.8852000e-002  1.7601000e-002  1.8384000e-002  1.8711000e-002
  1.5866667e+000  1.7323000e-002  1.7096000e-002  1.5693000e-002  1.7150000e-002  1.7203000e-002  1.5960000e-002  1.6724000e-002  1.7031000e-002
  1.5933333e+000  1.5692000e-002  1.5445000e-002  1.4136000e-002  1.5544000e-002  1.5471000e-002  1.4283000e-002  1.5057000e-002  1.5425000e-002
  1.6000000e+000  1.4077000e-002  1.3759000e-002  1.2419000e-002  1.3864000e-002  1.3873000e-002  1.2607000e-002  1.3376000e-002  1.3737000e-002
  1.6066667e+000  1.2391000e-002  1.2069000e-002  1.0730000e-002  1.2196000e-002  1.2190000e-002  1.0879000e-002  1.1700000e-002  1.2013000e-002
  1.6133333e+000  1.0680000e-002  1.0364000e-002  9.0280000e-003  1.0548000e-002  1.0480000e-002  9.2350000e-003  9.9950000e-003  1.0349000e-002
  1.6200000e+000  9.0210000e-003  8.6720000e-003  7.3710000e-003  8.8290000e-003  8.8070000e-003  7.5260000e-003  8.3270000e-003  8.6410000e-003
  1.6266667e+000  7.3630000e-003  7.0400000e-003  5.7160000e-003  7.1040000e-003  7.1530000e-003  5.8280000e-003  6.6320000e-003  6.9460000e-003
  1.6333333e+000  5.6740000e-003  5.3800000e-003  4.0600000e-003  5.4710000e-003  5.4860000e-003  4.2210000e-003  5.0360000e-003  5.3190000e-003
  1.6400000e+000  4.0180000e-003  3.7460000e-003  2.3410000e-003  3.8630000e-003  3.8420000e-003  2.5600000e-003  3.3550000e-003  3.6710000e-003
  1.6466667e+000  2.4120000e-003  2.1140000e-003  6.5300000e-004  2.2240000e-003  2.1770000e-003  8.8600000e-004  1.6750000e-003  2.0590000e-003
  1.6533333e+000  7.0000000e-004  4.3700000e-004 -1.0190000e-003  5.1200000e-004  4.9700000e-004 -8.1700000e-004 -2.0000000e-005  3.5500000e-004
  1.6600000e+000 -1.0220000e-003 -1.2900000e-003 -2.6840000e-003 -1.1740000e-003 -1.1970000e-003 -2.4430000e-003 -1.6490000e-003 -1.3260000e-003
  1.6666667e+000 -2.6800000e-003 -2.9150000e-003 -4.3440000e-003 -2.8400000e-003 -2.8320000e-003 -4.1270000e-003 -3.3130000e-003 -2.9970000e-003
  1.6733333e+000 -4.3110000e-003 -4.5450000e-003 -5.9350000e-003 -4.5370000e-003 -4.4990000e-003 -5.7140000e-003 -4.9770000e-003 -4.6340000e-003
  1.6800000e+000 -5.9600000e-003 -6.2060000e-003 -7.6180000e-003 -6.1650000e-003 -6.1460000e-003 -7.3790000e-003 -6.6450000e-003 -6.3090000e-003
  1.6866667e+000 -7.6190000e-003 -7.9410000e-003 -9.3160000e-003 -7.8580000e-003 -7.8450000e-003 -9.0790000e-003 -8.3310000e-003 -7.9370000e-003
  1.6933333e+000 -9.2820000e-003 -9.6100000e-003 -1.1050000e-002 -9.5040000e-003 -9.4780000e-003 -1.0792000e-002 -9.9750000e-003 -9.6810000e-003
  1.7000000e+000 -1.0985000e-002 -1.1270000e-002 -1.2749000e-002 -1.1181000e-002 -1.1211000e-002 -1.2475000e-002 -1.1715000e-002 -1.1322000e-002
  1.7066667e+000 -1.2684000e-002 -1.2886000e-002 -1.4388000e-002 -1.2863000e-002 -1.2858000e-002 -1.4143000e-002 -1.3363000e-002 -1.2978000e-002
  1.7133333e+000 -1.4320000e-002 -1.4612000e-002 -1.6033000e-002 -1.4531000e-002 -1.4541000e-002 -1.5719000e-002 -1.5006000e-002 -1.4655000e-002
  1.7200000e+000 -1.6004000e-002 -1.6259000e-002 -1.7649000e-002 -1.6171000e-002 -1.6185000e-002 -1.7360000e-002 -1.6655000e-002 -1.6310000e-002
  1.7266667e+000 -1.7677000e-002 -1.7913000e-002 -1.9274000e-002 -1.7850000e-002 -1.7778000e-002 -1.9028000e-002 -1.8336000e-002 -1.7912000e-002
  1.7333333e+000 -1.9330000e-002 -1.9584000e-002 -2.0970000e-002 -1.9457000e-002 -1.9454000e-002 -2.0704000e-002 -1.9989000e-002 -1.9576000e-002
  1.7400000e+000 -2.1036000e-002 -2.1246000e-002 -2.2676000e-002 -2.1162000e-002 -2.1199000e-002 -2.2477000e-002 -2.1695000e-002 -2.1390000e-002
  1.7466667e+000 -2.2697000e-002 -2.2922000e-002 -2.4351000e-002 -2.2851000e-002 -2.2837000e-002 -2.4145000e-002 -2.3350000e-002 -2.2996000e-002
  1.7533333e+000 -2.4366000e-002 -2.4582000e-002 -2.6048000e-002 -2.4555000e-002 -2.4502000e-002 -2.5778000e-002 -2.4967000e-002 -2.4673000e-002
  1.7600000e+000 -2.5997000e-002 -2.6315000e-002 -2.7684000e-002 -2.6185000e-002 -2.6163000e-002 -2.7421000e-002 -2.6622000e-002 -2.6314000e-002
  1.7666667e+000 -2.7664000e-002 -2.7982000e-002 -2.9343000e-002 -2.7866000e-002 -2.7859000e-002 -2.9032000e-002 -2.8329000e-002 -2.8003000e-002
  1.7733333e+000 -2.9309000e-002 -2.9653000e-002 -3.1042000e-002 -2.9522000e-002 -2.9550000e-002 -3.0777000e-002 -3.0060000e-002 -2.9703000e-002
  1.7800000e+000 -3.1009000e-002 -3.1358000e-002 -3.2772000e-002 -3.1254000e-002 -3.1252000e-002 -3.2503000e-002 -3.1773000e-002 -3.1432000e-002
  1.7866667e+000 -3.2706000e-002 -3.3026000e-002 -3.4455000e-002 -3.2975000e-002 -3.2930000e-002 -3.4157000e-002 -3.3402000e-002 -3.3085000e-002
  1.7933333e+000 -3.4407000e-002 -3.4714000e-002 -3.6125000e-002 -3.4595000e-002 -3.4589000e-002 -3.5861000e-002 -3.5071000e-002 -3.4681000e-002
  1.8000000e+000 -3.6091000e-002 -3.6346000e-002 -3.7731000e-002 -3.6263000e-002 -3.6222000e-002 -3.7528000e-002 -3.6709000e-002 -3.6357000e-002
  1.8066667e+000 -3.7699000e-002 -3.8012000e-002 -3.9351000e-002 -3.7930000e-002 -3.7878000e-002 -3.9157000e-002 -3.8345000e-002 -3.8017000e-002
  1.8133333e+000 -3.9424000e-002 -3.9655000e-002 -4.1058000e-002 -3.9614000e-002 -3.9507000e-002 -4.0778000e-002 -4.0057000e-002 -3.9732000e-002
  1.8200000e+000 -4.1097000e-002 -4.1347000e-002 -4.2733000e-002 -4.1285000e-002 -4.1230000e-002 -4.2536000e-002 -4.1726000e-002 -4.1393000e-002
  1.8266667e+000 -4.2743000e-002 -4.3040000e-002 -4.4361000e-002 -4.2942000e-002 -4.2978000e-002 -4.4204000e-002 -4.3465000e-002 -4.3086000e-002
  1.8333333e+000 -4.4398000e-002 -4.4714000e-002 -4.5998000e-002 -4.4611000e-002 -4.4591000e-002 -4.5858000e-002 -4.5126000e-002 -4.4766000e-002
  1.8400000e+000 -4.6034000e-002 -4.6383000e-002 -4.7754000e-002 -4.6240000e-002 -4.6213000e-002 -4.7531000e-002 -4.6733000e-002 -4.6398000e-002
  1.8466667e+000 -4.7703000e-002 -4.7984000e-002 -4.9406000e-002 -4.7892000e-002 -4.7873000e-002 -4.9108000e-002 -4.8438000e-002 -4.8074000e-002
  1.8533333e+000 -4.9404000e-002 -4.9608000e-002 -5.1044000e-002 -4.9532000e-002 -4.9591000e-002 -5.0795000e-002 -5.0099000e-002 -4.9719000e-002
  1.8600000e+000 -5.1088000e-002 -5.1338000e-002 -5.2723000e-002 -5.1232000e-002 -5.1206000e-002 -5.2506000e-002 -5.1785000e-002 -5.1396000e-002
  1.8666667e+000 -5.2733000e-002 -5.3052000e-002 -5.4349000e-002 -5.2868000e-002 -5.2906000e-002 -5.4207000e-002 -5.3477000e-002 -5.3108000e-002
  1.8733333e+000 -5.4445000e-002 -5.4716000e-002 -5.6032000e-002 -5.4604000e-002 -5.4625000e-002 -5.5858000e-002 -5.5155000e-002 -5.4746000e-002
  1.8800000e+000 -5.6084000e-002 -5.6329000e-002 -5.7657000e-002 -5.6237000e-002 -5.6283000e-002 -5.7457000e-002 -5.6783000e-002 -5.6471000e-002
  1.8866667e+000 -5.7673000e-002 -5.8015000e-002 -5.9351000e-002 -5.7923000e-002 -5.7942000e-002 -5.9150000e-002 -5.8419000e-002 -5.8086000e-002
  1.8933333e+000 -5.9404000e-002 -5.9642000e-002 -6.0993000e-002 -5.9560000e-002 -5.9591000e-002 -6.0772000e-002 -6.0043000e-002 -5.9731000e-002
  1.9000000e+000 -6.1050000e-002 -6.1330000e-002 -6.2631000e-002 -6.1231000e-002 -6.1200000e-002 -6.2440000e-002 -6.1763000e-002 -6.1422000e-002
  1.9066667e+000 -6.2778000e-002 -6.2995000e-002 -6.4381000e-002 -6.2948000e-002 -6.2861000e-002 -6.4165000e-002 -6.3450000e-002 -6.3110000e-002
  1.9133333e+000 -6.4410000e-002 -6.4693000e-002 -6.6083000e-002 -6.4643000e-002 -6.4570000e-002 -6.5871000e-002 -6.5093000e-002 -6.4772000e-002
  1.9200000e+000 -6.6086000e-002 -6.6371000e-002 -6.7717000e-002 -6.6251000e-002 -6.6215000e-002 -6.7501000e-002 -6.6738000e-002 -6.6461000e-002
  1.9266667e+000 -6.7766000e-002 -6.8011000e-002 -6.9352000e-002 -6.7920000e-002 -6.7878000e-002 -6.9124000e-002 -6.8431000e-002 -6.8071000e-002
  1.9333333e+000 -6.9362000e-002 -6.9663000e-002 -7.1036000e-002 -6.9583000e-002 -6.9570000e-002 -7.0796000e-002 -7.0045000e-002 -6.9718000e-002
  1.9400000e+000 -7.1104000e-002 -7.1327000e-002 -7.2723000e-002 -7.1268000e-002 -7.1209000e-002 -7.2506000e-002 -7.1702000e-002 -7.1362000e-002
  1.9466667e+000 -7.2764000e-002 -7.2979000e-002 -7.4384000e-002 -7.2899000e-002 -7.2905000e-002 -7.4111000e-002 -7.3426000e-002 -7.3106000e-002
  1.9533333e+000 -7.4420000e-002 -7.4701000e-002 -7.6111000e-002 -7.4648000e-002 -7.4542000e-002 -7.5851000e-002 -7.5081000e-002 -7.4775000e-002
  1.9600000e+000 -7.6101000e-002 -7.6356000e-002 -7.7736000e-002 -7.6308000e-002 -7.6212000e-002 -7.7539000e-002 -7.6721000e-002 -7.6434000e-002
  1.9666667e+000 -7.7752000e-002 -7.8012000e-002 -7.9328000e-002 -7.7909000e-002 -7.7934000e-002 -7.9209000e-002 -7.8334000e-002 -7.8074000e-002
  1.9733333e+000 -7.9394000e-002 -7.9660000e-002 -8.1054000e-002 -7.9572000e-002 -7.9577000e-002 -8.0857000e-002 -8.0008000e-002 -7.9709000e-002
  1.9800000e+000 -8.1100000e-002 -8.1354000e-002 -8.2708000e-002 -8.1278000e-002 -8.1264000e-002 -8.2516000e-002 -8.1736000e-002 -8.1404000e-002
  1.9866667e+000 -8.2767000e-002 -8.3072000e-002 -8.4438000e-002 -8.2963000e-002 -8.2901000e-002 -8.4183000e-002 -8.3462000e-002 -8.3102000e-002
  1.9933333e+000 -8.4483000e-002 -8.4749000e-002 -8.6159000e-002 -8.4637000e-002 -8.4619000e-002 -8.5933000e-002 -8.5132000e-002 -8.4819000e-002
  2.0000000e+000 -8.6169000e-002 -8.6456000e-002 -8.7837000e-002 -8.6318000e-002 -8.6350000e-002 -8.7567000e-002 -8.6730000e-002 -8.6495000e-002
