 -5.0000000e-001  3.8518800e-001  3.8519300e-001  3.8512900e-001  3.8516300e-001  3.8525600e-001
 -4.9333333e-001  3.8520600e-001  3.8518700e-001  3.8511700e-001  3.8517500e-001  3.8524400e-001
 -4.8666667e-001  3.8523200e-001  3.8520000e-001  3.8512200e-001  3.8518200e-001  3.8524800e-001
 -4.8000000e-001  3.8522400e-001  3.8519500e-001  3.8512400e-001  3.8518700e-001  3.8524400e-001
 -4.7333333e-001  3.8522100e-001  3.8518000e-001  3.8513700e-001  3.8519300e-001  3.8522900e-001
 -4.6666667e-001  3.8524700e-001  3.8517600e-001  3.8514700e-001  3.8519300e-001  3.8523600e-001
 -4.6000000e-001  3.8519600e-001  3.8520600e-001  3.8511600e-001  3.8519200e-001  3.8524900e-001
 -4.5333333e-001  3.8521900e-001  3.8522400e-001  3.8511400e-001  3.8519300e-001  3.8527800e-001
 -4.4666667e-001  3.8524800e-001  3.8519200e-001  3.8514500e-001  3.8521200e-001  3.8526700e-001
 -4.4000000e-001  3.8524000e-001  3.8517700e-001  3.8512600e-001  3.8526500e-001  3.8525000e-001
 -4.3333333e-001  3.8522800e-001  3.8519800e-001  3.8513700e-001  3.8525800e-001  3.8521200e-001
 -4.2666667e-001  3.8525000e-001  3.8516300e-001  3.8511900e-001  3.8522300e-001  3.8527600e-001
 -4.2000000e-001  3.8524900e-001  3.8520400e-001  3.8514200e-001  3.8520400e-001  3.8521700e-001
 -4.1333333e-001  3.8522300e-001  3.8517000e-001  3.8511000e-001  3.8518000e-001  3.8521300e-001
 -4.0666667e-001  3.8525400e-001  3.8517100e-001  3.8514500e-001  3.8520300e-001  3.8524900e-001
 -4.0000000e-001  3.8522800e-001  3.8518800e-001  3.8513700e-001  3.8521400e-001  3.8526900e-001
 -3.9333333e-001  3.8520700e-001  3.8513800e-001  3.8514700e-001  3.8523700e-001  3.8524400e-001
 -3.8666667e-001  3.8520900e-001  3.8520500e-001  3.8513900e-001  3.8523700e-001  3.8523400e-001
 -3.8000000e-001  3.8521000e-001  3.8519500e-001  3.8511800e-001  3.8522900e-001  3.8525700e-001
 -3.7333333e-001  3.8522200e-001  3.8521100e-001  3.8511600e-001  3.8521800e-001  3.8522500e-001
 -3.6666667e-001  3.8518300e-001  3.8518500e-001  3.8511800e-001  3.8523500e-001  3.8523000e-001
 -3.6000000e-001  3.8520000e-001  3.8519500e-001  3.8515200e-001  3.8521600e-001  3.8523100e-001
 -3.5333333e-001  3.8522800e-001  3.8524300e-001  3.8513800e-001  3.8524400e-001  3.8520400e-001
 -3.4666667e-001  3.8519600e-001  3.8519800e-001  3.8513300e-001  3.8522000e-001  3.8521900e-001
 -3.4000000e-001  3.8521500e-001  3.8516400e-001  3.8513200e-001  3.8523700e-001  3.8521300e-001
 -3.3333333e-001  3.8520400e-001  3.8520500e-001  3.8514600e-001  3.8520300e-001  3.8522900e-001
 -3.2666667e-001  3.8519600e-001  3.8520400e-001  3.8515300e-001  3.8521100e-001  3.8524900e-001
 -3.2000000e-001  3.8519400e-001  3.8518600e-001  3.8515000e-001  3.8522300e-001  3.8523700e-001
 -3.1333333e-001  3.8520700e-001  3.8516900e-001  3.8516600e-001  3.8523600e-001  3.8522300e-001
 -3.0666667e-001  3.8520000e-001  3.8519200e-001  3.8513400e-001  3.8521900e-001  3.8522500e-001
 -3.0000000e-001  3.8521800e-001  3.8517200e-001  3.8513200e-001  3.8521900e-001  3.8522200e-001
 -2.9333333e-001  3.8525400e-001  3.8518800e-001  3.8516100e-001  3.8522500e-001  3.8524900e-001
 -2.8666667e-001  3.8517700e-001  3.8520500e-001  3.8514300e-001  3.8523800e-001  3.8521600e-001
 -2.8000000e-001  3.8517700e-001  3.8518500e-001  3.8516600e-001  3.8523500e-001  3.8521100e-001
 -2.7333333e-001  3.8518800e-001  3.8516700e-001  3.8514900e-001  3.8523500e-001  3.8523600e-001
 -2.6666667e-001  3.8522600e-001  3.8520400e-001  3.8512000e-001  3.8523400e-001  3.8523900e-001
 -2.6000000e-001  3.8522500e-001  3.8516200e-001  3.8514800e-001  3.8522000e-001  3.8525600e-001
 -2.5333333e-001  3.8521600e-001  3.8516700e-001  3.8514900e-001  3.8523500e-001  3.8525500e-001
 -2.4666667e-001  3.8517700e-001  3.8520500e-001  3.8514500e-001  3.8524600e-001  3.8525600e-001
 -2.4000000e-001  3.8520700e-001  3.8521500e-001  3.8516700e-001  3.8521500e-001  3.8526400e-001
 -2.3333333e-001  3.8521600e-001  3.8521100e-001  3.8517500e-001  3.8522100e-001  3.8530100e-001
 -2.2666667e-001  3.8523500e-001  3.8517500e-001  3.8513300e-001  3.8522500e-001  3.8525900e-001
 -2.2000000e-001  3.8518900e-001  3.8516600e-001  3.8516100e-001  3.8520700e-001  3.8526800e-001
 -2.1333333e-001  3.8516500e-001  3.8515700e-001  3.8512800e-001  3.8523400e-001  3.8523500e-001
 -2.0666667e-001  3.8520000e-001  3.8520900e-001  3.8514000e-001  3.8522400e-001  3.8525400e-001
 -2.0000000e-001  3.8524500e-001  3.8520700e-001  3.8513400e-001  3.8523300e-001  3.8525400e-001
 -1.9333333e-001  3.8522700e-001  3.8519300e-001  3.8513200e-001  3.8524600e-001  3.8526400e-001
 -1.8666667e-001  3.8520000e-001  3.8517600e-001  3.8514800e-001  3.8523000e-001  3.8526600e-001
 -1.8000000e-001  3.8519200e-001  3.8518800e-001  3.8513000e-001  3.8523900e-001  3.8524400e-001
 -1.7333333e-001  3.8524800e-001  3.8521400e-001  3.8511000e-001  3.8524100e-001  3.8526600e-001
 -1.6666667e-001  3.8524100e-001  3.8520100e-001  3.8512300e-001  3.8526300e-001  3.8528000e-001
 -1.6000000e-001  3.8522600e-001  3.8519500e-001  3.8513400e-001  3.8525300e-001  3.8523300e-001
 -1.5333333e-001  3.8522700e-001  3.8519900e-001  3.8515900e-001  3.8522200e-001  3.8524100e-001
 -1.4666667e-001  3.8522100e-001  3.8520000e-001  3.8513400e-001  3.8527800e-001  3.8524100e-001
 -1.4000000e-001  3.8521800e-001  3.8518000e-001  3.8514600e-001  3.8524700e-001  3.8523700e-001
 -1.3333333e-001  3.8523700e-001  3.8518900e-001  3.8513100e-001  3.8527100e-001  3.8524500e-001
 -1.2666667e-001  3.8521100e-001  3.8520100e-001  3.8513400e-001  3.8524300e-001  3.8523900e-001
 -1.2000000e-001  3.8520000e-001  3.8521600e-001  3.8516100e-001  3.8525900e-001  3.8525000e-001
 -1.1333333e-001  3.8521600e-001  3.8520200e-001  3.8516700e-001  3.8523800e-001  3.8527000e-001
 -1.0666667e-001  3.8518300e-001  3.8517000e-001  3.8517900e-001  3.8522400e-001  3.8529000e-001
 -1.0000000e-001  3.8522700e-001  3.8519300e-001  3.8516100e-001  3.8522900e-001  3.8528300e-001
 -9.3333333e-002  3.8523900e-001  3.8518500e-001  3.8513200e-001  3.8525100e-001  3.8524600e-001
 -8.6666667e-002  3.8522500e-001  3.8524400e-001  3.8512500e-001  3.8526900e-001  3.8523700e-001
 -8.0000000e-002  3.8521300e-001  3.8523200e-001  3.8515200e-001  3.8526700e-001  3.8526900e-001
 -7.3333333e-002  3.8521500e-001  3.8519800e-001  3.8514300e-001  3.8524200e-001  3.8526100e-001
 -6.6666667e-002  3.8518200e-001  3.8520600e-001  3.8511600e-001  3.8524300e-001  3.8525900e-001
 -6.0000000e-002  3.8524800e-001  3.8518500e-001  3.8513500e-001  3.8524300e-001  3.8523300e-001
 -5.3333333e-002  3.8525900e-001  3.8520800e-001  3.8511200e-001  3.8525600e-001  3.8525400e-001
 -4.6666667e-002  3.8522000e-001  3.8521200e-001  3.8515400e-001  3.8525200e-001  3.8522600e-001
 -4.0000000e-002  3.8523200e-001  3.8520900e-001  3.8512600e-001  3.8525500e-001  3.8525000e-001
 -3.3333333e-002  3.8520600e-001  3.8522700e-001  3.8508900e-001  3.8525700e-001  3.8526600e-001
 -2.6666667e-002  3.8522900e-001  3.8517000e-001  3.8512500e-001  3.8524600e-001  3.8523700e-001
 -2.0000000e-002  3.8521500e-001  3.8514300e-001  3.8506200e-001  3.8523200e-001  3.8520900e-001
 -1.3333333e-002  3.8511200e-001  3.8508700e-001  3.8498900e-001  3.8514900e-001  3.8516600e-001
 -6.6666667e-003  3.8499000e-001  3.8492500e-001  3.8485200e-001  3.8502300e-001  3.8504700e-001
  0.0000000e+000  3.8477700e-001  3.8468300e-001  3.8462300e-001  3.8487700e-001  3.8488200e-001
  6.6666667e-003  3.8453500e-001  3.8442700e-001  3.8438200e-001  3.8460100e-001  3.8466200e-001
  1.3333333e-002  3.8419800e-001  3.8407900e-001  3.8407500e-001  3.8433400e-001  3.8437200e-001
  2.0000000e-002  3.8386900e-001  3.8373200e-001  3.8370400e-001  3.8390100e-001  3.8399500e-001
  2.6666667e-002  3.8345600e-001  3.8332100e-001  3.8326000e-001  3.8351800e-001  3.8362800e-001
  3.3333333e-002  3.8305700e-001  3.8291800e-001  3.8290000e-001  3.8312500e-001  3.8320200e-001
  4.0000000e-002  3.8262600e-001  3.8248700e-001  3.8246300e-001  3.8272500e-001  3.8277800e-001
  4.6666667e-002  3.8217600e-001  3.8198700e-001  3.8199600e-001  3.8230400e-001  3.8235300e-001
  5.3333333e-002  3.8171600e-001  3.8151300e-001  3.8152000e-001  3.8182900e-001  3.8191800e-001
  6.0000000e-002  3.8124800e-001  3.8104000e-001  3.8103200e-001  3.8134800e-001  3.8142000e-001
  6.6666667e-002  3.8074700e-001  3.8051400e-001  3.8052700e-001  3.8086700e-001  3.8094500e-001
  7.3333333e-002  3.8019500e-001  3.7992300e-001  3.7992500e-001  3.8030400e-001  3.8039600e-001
  8.0000000e-002  3.7950000e-001  3.7923300e-001  3.7926300e-001  3.7964800e-001  3.7973800e-001
  8.6666667e-002  3.7877100e-001  3.7852600e-001  3.7855800e-001  3.7891800e-001  3.7904800e-001
  9.3333333e-002  3.7806800e-001  3.7776000e-001  3.7780900e-001  3.7822200e-001  3.7831900e-001
  1.0000000e-001  3.7731400e-001  3.7697200e-001  3.7702200e-001  3.7746800e-001  3.7758400e-001
  1.0666667e-001  3.7649200e-001  3.7620500e-001  3.7620000e-001  3.7666100e-001  3.7681400e-001
  1.1333333e-001  3.7572200e-001  3.7537900e-001  3.7541300e-001  3.7585000e-001  3.7601500e-001
  1.2000000e-001  3.7489300e-001  3.7458500e-001  3.7459400e-001  3.7506700e-001  3.7519800e-001
  1.2666667e-001  3.7409400e-001  3.7372000e-001  3.7374700e-001  3.7421500e-001  3.7436200e-001
  1.3333333e-001  3.7323100e-001  3.7284900e-001  3.7291600e-001  3.7340100e-001  3.7352900e-001
  1.4000000e-001  3.7227100e-001  3.7192000e-001  3.7193300e-001  3.7246000e-001  3.7262600e-001
  1.4666667e-001  3.7131500e-001  3.7091200e-001  3.7092000e-001  3.7144300e-001  3.7165800e-001
  1.5333333e-001  3.7026100e-001  3.6980500e-001  3.6989200e-001  3.7043900e-001  3.7060100e-001
  1.6000000e-001  3.6918800e-001  3.6870400e-001  3.6876400e-001  3.6936900e-001  3.6955700e-001
  1.6666667e-001  3.6805200e-001  3.6756200e-001  3.6761600e-001  3.6820300e-001  3.6842700e-001
  1.7333333e-001  3.6686800e-001  3.6636400e-001  3.6644100e-001  3.6707100e-001  3.6725300e-001
  1.8000000e-001  3.6569200e-001  3.6521300e-001  3.6529700e-001  3.6589400e-001  3.6607300e-001
  1.8666667e-001  3.6450200e-001  3.6403100e-001  3.6411600e-001  3.6471500e-001  3.6489400e-001
  1.9333333e-001  3.6331500e-001  3.6280600e-001  3.6294900e-001  3.6350600e-001  3.6373200e-001
  2.0000000e-001  3.6210500e-001  3.6159300e-001  3.6168800e-001  3.6231400e-001  3.6251600e-001
  2.0666667e-001  3.6081000e-001  3.6030000e-001  3.6041500e-001  3.6104600e-001  3.6128800e-001
  2.1333333e-001  3.5949900e-001  3.5894800e-001  3.5910000e-001  3.5976100e-001  3.5999500e-001
  2.2000000e-001  3.5813400e-001  3.5756400e-001  3.5769800e-001  3.5844000e-001  3.5863700e-001
  2.2666667e-001  3.5670000e-001  3.5619900e-001  3.5627300e-001  3.5700200e-001  3.5722100e-001
  2.3333333e-001  3.5519900e-001  3.5466800e-001  3.5474800e-001  3.5551600e-001  3.5573900e-001
  2.4000000e-001  3.5368300e-001  3.5311900e-001  3.5327000e-001  3.5403000e-001  3.5426800e-001
  2.4666667e-001  3.5212000e-001  3.5154500e-001  3.5174400e-001  3.5250100e-001  3.5275700e-001
  2.5333333e-001  3.5050600e-001  3.4992400e-001  3.5010100e-001  3.5091400e-001  3.5118800e-001
  2.6000000e-001  3.4890000e-001  3.4831900e-001  3.4853200e-001  3.4932300e-001  3.4959100e-001
  2.6666667e-001  3.4727300e-001  3.4666000e-001  3.4691100e-001  3.4769800e-001  3.4793900e-001
  2.7333333e-001  3.4562600e-001  3.4498500e-001  3.4521800e-001  3.4603700e-001  3.4626700e-001
  2.8000000e-001  3.4396300e-001  3.4329900e-001  3.4354900e-001  3.4439800e-001  3.4455600e-001
  2.8666667e-001  3.4233300e-001  3.4162900e-001  3.4182100e-001  3.4269300e-001  3.4288800e-001
  2.9333333e-001  3.4066700e-001  3.3993500e-001  3.4012800e-001  3.4098600e-001  3.4119200e-001
  3.0000000e-001  3.3897900e-001  3.3827400e-001  3.3848100e-001  3.3928000e-001  3.3949100e-001
  3.0666667e-001  3.3732300e-001  3.3662100e-001  3.3673800e-001  3.3758600e-001  3.3784900e-001
  3.1333333e-001  3.3562900e-001  3.3496100e-001  3.3507000e-001  3.3590800e-001  3.3618100e-001
  3.2000000e-001  3.3396600e-001  3.3333000e-001  3.3342600e-001  3.3421700e-001  3.3451700e-001
  3.2666667e-001  3.3234400e-001  3.3169000e-001  3.3181200e-001  3.3259700e-001  3.3287700e-001
  3.3333333e-001  3.3069400e-001  3.3005500e-001  3.3022600e-001  3.3099600e-001  3.3127500e-001
  3.4000000e-001  3.2903800e-001  3.2834200e-001  3.2856100e-001  3.2935300e-001  3.2959300e-001
  3.4666667e-001  3.2736300e-001  3.2665000e-001  3.2692100e-001  3.2771400e-001  3.2794600e-001
  3.5333333e-001  3.2566200e-001  3.2497700e-001  3.2519900e-001  3.2597900e-001  3.2623100e-001
  3.6000000e-001  3.2401000e-001  3.2326300e-001  3.2352900e-001  3.2426400e-001  3.2453900e-001
  3.6666667e-001  3.2233600e-001  3.2158800e-001  3.2181700e-001  3.2259500e-001  3.2284700e-001
  3.7333333e-001  3.2062400e-001  3.1989000e-001  3.2015000e-001  3.2088100e-001  3.2118100e-001
  3.8000000e-001  3.1893600e-001  3.1819200e-001  3.1842200e-001  3.1920300e-001  3.1951000e-001
  3.8666667e-001  3.1725500e-001  3.1654600e-001  3.1672600e-001  3.1749800e-001  3.1777800e-001
  3.9333333e-001  3.1556600e-001  3.1483900e-001  3.1504400e-001  3.1580400e-001  3.1609200e-001
  4.0000000e-001  3.1387200e-001  3.1319400e-001  3.1340000e-001  3.1415500e-001  3.1442200e-001
  4.0666667e-001  3.1227000e-001  3.1161700e-001  3.1176200e-001  3.1258200e-001  3.1278100e-001
  4.1333333e-001  3.1060300e-001  3.0992000e-001  3.1010600e-001  3.1089300e-001  3.1117600e-001
  4.2000000e-001  3.0895500e-001  3.0825100e-001  3.0849400e-001  3.0925900e-001  3.0950800e-001
  4.2666667e-001  3.0732900e-001  3.0656500e-001  3.0679300e-001  3.0760300e-001  3.0783700e-001
  4.3333333e-001  3.0563500e-001  3.0483700e-001  3.0512600e-001  3.0588300e-001  3.0613400e-001
  4.4000000e-001  3.0392300e-001  3.0320100e-001  3.0343900e-001  3.0417200e-001  3.0443800e-001
  4.4666667e-001  3.0222700e-001  3.0150800e-001  3.0172000e-001  3.0247600e-001  3.0274800e-001
  4.5333333e-001  3.0053200e-001  2.9985600e-001  3.0004000e-001  3.0084000e-001  3.0109600e-001
  4.6000000e-001  2.9885900e-001  2.9813400e-001  2.9836200e-001  2.9913700e-001  2.9941700e-001
  4.6666667e-001  2.9720000e-001  2.9653900e-001  2.9671900e-001  2.9746700e-001  2.9779700e-001
  4.7333333e-001  2.9555600e-001  2.9485100e-001  2.9503500e-001  2.9582700e-001  2.9613700e-001
  4.8000000e-001  2.9389900e-001  2.9323900e-001  2.9338700e-001  2.9419500e-001  2.9443800e-001
  4.8666667e-001  2.9223600e-001  2.9154600e-001  2.9175400e-001  2.9257400e-001  2.9281100e-001
  4.9333333e-001  2.9056300e-001  2.8982000e-001  2.9012800e-001  2.9090600e-001  2.9115100e-001
  5.0000000e-001  2.8888300e-001  2.8818500e-001  2.8846000e-001  2.8923100e-001  2.8948800e-001
  5.0666667e-001  2.8723200e-001  2.8650400e-001  2.8676000e-001  2.8758300e-001  2.8784100e-001
  5.1333333e-001  2.8556800e-001  2.8483300e-001  2.8507700e-001  2.8587000e-001  2.8611600e-001
  5.2000000e-001  2.8387400e-001  2.8315200e-001  2.8339200e-001  2.8415900e-001  2.8443000e-001
  5.2666667e-001  2.8220200e-001  2.8147600e-001  2.8167100e-001  2.8245100e-001  2.8273300e-001
  5.3333333e-001  2.8051400e-001  2.7984200e-001  2.8004600e-001  2.8079900e-001  2.8109200e-001
  5.4000000e-001  2.7884300e-001  2.7819100e-001  2.7838700e-001  2.7913900e-001  2.7946000e-001
  5.4666667e-001  2.7715400e-001  2.7649800e-001  2.7671200e-001  2.7745400e-001  2.7778500e-001
  5.5333333e-001  2.7548900e-001  2.7483500e-001  2.7505400e-001  2.7580500e-001  2.7610500e-001
  5.6000000e-001  2.7386200e-001  2.7318600e-001  2.7339100e-001  2.7412200e-001  2.7442400e-001
  5.6666667e-001  2.7217300e-001  2.7153100e-001  2.7177600e-001  2.7249900e-001  2.7278200e-001
  5.7333333e-001  2.7056500e-001  2.6989000e-001  2.7009600e-001  2.7087400e-001  2.7111100e-001
  5.8000000e-001  2.6891000e-001  2.6819500e-001  2.6839200e-001  2.6918300e-001  2.6947300e-001
  5.8666667e-001  2.6720500e-001  2.6649100e-001  2.6672800e-001  2.6752200e-001  2.6776000e-001
  5.9333333e-001  2.6550000e-001  2.6476700e-001  2.6500100e-001  2.6579000e-001  2.6607700e-001
  6.0000000e-001  2.6379200e-001  2.6313300e-001  2.6332700e-001  2.6412800e-001  2.6435800e-001
  6.0666667e-001  2.6211500e-001  2.6146500e-001  2.6168700e-001  2.6248500e-001  2.6272800e-001
  6.1333333e-001  2.6049500e-001  2.5984600e-001  2.6004500e-001  2.6081800e-001  2.6109500e-001
  6.2000000e-001  2.5880400e-001  2.5812700e-001  2.5837000e-001  2.5913700e-001  2.5946600e-001
  6.2666667e-001  2.5709900e-001  2.5645900e-001  2.5669800e-001  2.5748200e-001  2.5774000e-001
  6.3333333e-001  2.5546100e-001  2.5478600e-001  2.5502900e-001  2.5583300e-001  2.5602600e-001
  6.4000000e-001  2.5379700e-001  2.5311900e-001  2.5335800e-001  2.5414300e-001  2.5438300e-001
  6.4666667e-001  2.5212900e-001  2.5149700e-001  2.5173000e-001  2.5245800e-001  2.5271100e-001
  6.5333333e-001  2.5045600e-001  2.4978000e-001  2.5001100e-001  2.5081800e-001  2.5107700e-001
  6.6000000e-001  2.4880400e-001  2.4811500e-001  2.4833800e-001  2.4913000e-001  2.4938100e-001
  6.6666667e-001  2.4713700e-001  2.4646000e-001  2.4662400e-001  2.4745300e-001  2.4772900e-001
  6.7333333e-001  2.4542500e-001  2.4478000e-001  2.4492700e-001  2.4574500e-001  2.4603300e-001
  6.8000000e-001  2.4372800e-001  2.4311700e-001  2.4327400e-001  2.4409500e-001  2.4433300e-001
  6.8666667e-001  2.4209900e-001  2.4148700e-001  2.4166800e-001  2.4241700e-001  2.4269500e-001
  6.9333333e-001  2.4041400e-001  2.3977600e-001  2.3999600e-001  2.4079000e-001  2.4102200e-001
  7.0000000e-001  2.3876400e-001  2.3814200e-001  2.3838000e-001  2.3912500e-001  2.3936500e-001
  7.0666667e-001  2.3711000e-001  2.3650000e-001  2.3669200e-001  2.3750600e-001  2.3771000e-001
  7.1333333e-001  2.3543600e-001  2.3481400e-001  2.3501800e-001  2.3583300e-001  2.3599400e-001
  7.2000000e-001  2.3376100e-001  2.3314800e-001  2.3336600e-001  2.3413400e-001  2.3438500e-001
  7.2666667e-001  2.3209400e-001  2.3144400e-001  2.3167900e-001  2.3249600e-001  2.3268300e-001
  7.3333333e-001  2.3042100e-001  2.2982800e-001  2.3001900e-001  2.3081700e-001  2.3102700e-001
  7.4000000e-001  2.2877900e-001  2.2818200e-001  2.2834200e-001  2.2912500e-001  2.2941500e-001
  7.4666667e-001  2.2714100e-001  2.2649500e-001  2.2669100e-001  2.2746100e-001  2.2774500e-001
  7.5333333e-001  2.2543200e-001  2.2484500e-001  2.2500800e-001  2.2577800e-001  2.2607400e-001
  7.6000000e-001  2.2375500e-001  2.2319700e-001  2.2335100e-001  2.2414900e-001  2.2437000e-001
  7.6666667e-001  2.2214000e-001  2.2152800e-001  2.2168400e-001  2.2252300e-001  2.2270800e-001
  7.7333333e-001  2.2052500e-001  2.1986000e-001  2.2008200e-001  2.2084900e-001  2.2109400e-001
  7.8000000e-001  2.1894100e-001  2.1831700e-001  2.1846900e-001  2.1924000e-001  2.1947300e-001
  7.8666667e-001  2.1737400e-001  2.1674800e-001  2.1695700e-001  2.1770100e-001  2.1787700e-001
  7.9333333e-001  2.1584500e-001  2.1525900e-001  2.1542200e-001  2.1610000e-001  2.1632900e-001
  8.0000000e-001  2.1439000e-001  2.1379400e-001  2.1397000e-001  2.1467300e-001  2.1484300e-001
  8.0666667e-001  2.1298400e-001  2.1246100e-001  2.1258200e-001  2.1327300e-001  2.1342800e-001
  8.1333333e-001  2.1166400e-001  2.1113900e-001  2.1129700e-001  2.1195300e-001  2.1208600e-001
  8.2000000e-001  2.1037800e-001  2.0985700e-001  2.1001900e-001  2.1061600e-001  2.1078800e-001
  8.2666667e-001  2.0910300e-001  2.0860800e-001  2.0869700e-001  2.0938000e-001  2.0948000e-001
  8.3333333e-001  2.0779300e-001  2.0729800e-001  2.0741700e-001  2.0807500e-001  2.0820600e-001
  8.4000000e-001  2.0651800e-001  2.0602500e-001  2.0614000e-001  2.0676500e-001  2.0693900e-001
  8.4666667e-001  2.0521900e-001  2.0473600e-001  2.0489800e-001  2.0548700e-001  2.0566000e-001
  8.5333333e-001  2.0399900e-001  2.0355700e-001  2.0372000e-001  2.0425800e-001  2.0442500e-001
  8.6000000e-001  2.0285600e-001  2.0240600e-001  2.0252700e-001  2.0312200e-001  2.0323700e-001
  8.6666667e-001  2.0177700e-001  2.0131800e-001  2.0146200e-001  2.0198400e-001  2.0209500e-001
  8.7333333e-001  2.0074400e-001  2.0029900e-001  2.0044700e-001  2.0090500e-001  2.0101000e-001
  8.8000000e-001  1.9973800e-001  1.9930000e-001  1.9942900e-001  1.9994700e-001  2.0001100e-001
  8.8666667e-001  1.9878700e-001  1.9835600e-001  1.9846400e-001  1.9899300e-001  1.9904700e-001
  8.9333333e-001  1.9780300e-001  1.9738500e-001  1.9749600e-001  1.9799800e-001  1.9807700e-001
  9.0000000e-001  1.9688100e-001  1.9648500e-001  1.9658100e-001  1.9710500e-001  1.9714800e-001
  9.0666667e-001  1.9597300e-001  1.9561000e-001  1.9570500e-001  1.9614700e-001  1.9625200e-001
  9.1333333e-001  1.9508500e-001  1.9470000e-001  1.9483800e-001  1.9526800e-001  1.9536300e-001
  9.2000000e-001  1.9426400e-001  1.9387400e-001  1.9401100e-001  1.9443000e-001  1.9448800e-001
  9.2666667e-001  1.9346400e-001  1.9312100e-001  1.9321500e-001  1.9363100e-001  1.9365900e-001
  9.3333333e-001  1.9268500e-001  1.9235200e-001  1.9249200e-001  1.9283200e-001  1.9286000e-001
  9.4000000e-001  1.9197900e-001  1.9162800e-001  1.9175200e-001  1.9209600e-001  1.9212600e-001
  9.4666667e-001  1.9131900e-001  1.9098300e-001  1.9106800e-001  1.9143400e-001  1.9145300e-001
  9.5333333e-001  1.9066700e-001  1.9034300e-001  1.9042600e-001  1.9077500e-001  1.9081400e-001
  9.6000000e-001  1.9006600e-001  1.8977500e-001  1.8984300e-001  1.9018300e-001  1.9018600e-001
  9.6666667e-001  1.8949800e-001  1.8923100e-001  1.8932700e-001  1.8959100e-001  1.8965900e-001
  9.7333333e-001  1.8898500e-001  1.8871000e-001  1.8879000e-001  1.8908200e-001  1.8910500e-001
  9.8000000e-001  1.8851700e-001  1.8818100e-001  1.8829800e-001  1.8859400e-001  1.8856700e-001
  9.8666667e-001  1.8802000e-001  1.8773600e-001  1.8786800e-001  1.8809100e-001  1.8808100e-001
  9.9333333e-001  1.8755300e-001  1.8734300e-001  1.8741300e-001  1.8765600e-001  1.8762100e-001
  1.0000000e+000  1.8718100e-001  1.8690400e-001  1.8698400e-001  1.8723500e-001  1.8717300e-001
  1.0066667e+000  1.8680600e-001  1.8650500e-001  1.8662100e-001  1.8688200e-001  1.8684500e-001
  1.0133333e+000  1.8645200e-001  1.8620400e-001  1.8632900e-001  1.8650400e-001  1.8650000e-001
  1.0200000e+000  1.8618100e-001  1.8595500e-001  1.8602900e-001  1.8622800e-001  1.8617100e-001
  1.0266667e+000  1.8591800e-001  1.8570700e-001  1.8578400e-001  1.8594200e-001  1.8591100e-001
  1.0333333e+000  1.8569100e-001  1.8548800e-001  1.8560800e-001  1.8571600e-001  1.8567300e-001
  1.0400000e+000  1.8551700e-001  1.8539000e-001  1.8543400e-001  1.8548400e-001  1.8546800e-001
  1.0466667e+000  1.8537500e-001  1.8519100e-001  1.8523500e-001  1.8534600e-001  1.8531100e-001
  1.0533333e+000  1.8522800e-001  1.8509500e-001  1.8517200e-001  1.8523500e-001  1.8522300e-001
  1.0600000e+000  1.8516500e-001  1.8505700e-001  1.8510200e-001  1.8515200e-001  1.8511200e-001
  1.0666667e+000  1.8512400e-001  1.8501100e-001  1.8505600e-001  1.8506700e-001  1.8504800e-001
  1.0733333e+000  1.8506900e-001  1.8499800e-001  1.8503000e-001  1.8500900e-001  1.8501500e-001
  1.0800000e+000  1.8512200e-001  1.8501500e-001  1.8502700e-001  1.8500800e-001  1.8498200e-001
  1.0866667e+000  1.8513800e-001  1.8504400e-001  1.8505900e-001  1.8508700e-001  1.8501100e-001
  1.0933333e+000  1.8516200e-001  1.8508900e-001  1.8511400e-001  1.8514200e-001  1.8505200e-001
  1.1000000e+000  1.8519300e-001  1.8509000e-001  1.8511000e-001  1.8513800e-001  1.8503200e-001
  1.1066667e+000  1.8518700e-001  1.8508100e-001  1.8514600e-001  1.8510700e-001  1.8509200e-001
  1.1133333e+000  1.8518100e-001  1.8507900e-001  1.8509200e-001  1.8509400e-001  1.8507800e-001
  1.1200000e+000  1.8518700e-001  1.8506000e-001  1.8509800e-001  1.8509800e-001  1.8505500e-001
  1.1266667e+000  1.8516600e-001  1.8506100e-001  1.8508800e-001  1.8508100e-001  1.8502000e-001
  1.1333333e+000  1.8509800e-001  1.8506800e-001  1.8507300e-001  1.8504800e-001  1.8504700e-001
  1.1400000e+000  1.8511600e-001  1.8504900e-001  1.8506600e-001  1.8505900e-001  1.8499600e-001
  1.1466667e+000  1.8515400e-001  1.8506300e-001  1.8508400e-001  1.8511100e-001  1.8499600e-001
  1.1533333e+000  1.8512900e-001  1.8511300e-001  1.8511400e-001  1.8506800e-001  1.8503700e-001
  1.1600000e+000  1.8513100e-001  1.8507100e-001  1.8507300e-001  1.8510300e-001  1.8505400e-001
  1.1666667e+000  1.8517500e-001  1.8503600e-001  1.8508400e-001  1.8506800e-001  1.8506400e-001
  1.1733333e+000  1.8513200e-001  1.8502600e-001  1.8511200e-001  1.8506500e-001  1.8503400e-001
  1.1800000e+000  1.8509800e-001  1.8504100e-001  1.8511200e-001  1.8503800e-001  1.8502000e-001
  1.1866667e+000  1.8512000e-001  1.8504800e-001  1.8511300e-001  1.8503300e-001  1.8499900e-001
  1.1933333e+000  1.8508300e-001  1.8504600e-001  1.8509900e-001  1.8505800e-001  1.8499300e-001
  1.2000000e+000  1.8510800e-001  1.8505800e-001  1.8505800e-001  1.8508000e-001  1.8500700e-001
  1.2066667e+000  1.8509900e-001  1.8505400e-001  1.8508100e-001  1.8510700e-001  1.8503600e-001
  1.2133333e+000  1.8506000e-001  1.8504500e-001  1.8508900e-001  1.8508400e-001  1.8505300e-001
  1.2200000e+000  1.8509300e-001  1.8507900e-001  1.8507900e-001  1.8508200e-001  1.8501300e-001
  1.2266667e+000  1.8513800e-001  1.8504000e-001  1.8511200e-001  1.8506500e-001  1.8500800e-001
  1.2333333e+000  1.8513800e-001  1.8508100e-001  1.8508100e-001  1.8509900e-001  1.8503700e-001
  1.2400000e+000  1.8510300e-001  1.8512100e-001  1.8505000e-001  1.8511400e-001  1.8503500e-001
  1.2466667e+000  1.8512000e-001  1.8505100e-001  1.8508300e-001  1.8506700e-001  1.8507200e-001
  1.2533333e+000  1.8511400e-001  1.8506800e-001  1.8509000e-001  1.8508800e-001  1.8507200e-001
  1.2600000e+000  1.8514000e-001  1.8509300e-001  1.8506300e-001  1.8510500e-001  1.8502200e-001
  1.2666667e+000  1.8505500e-001  1.8508100e-001  1.8504700e-001  1.8511300e-001  1.8498500e-001
  1.2733333e+000  1.8506800e-001  1.8507400e-001  1.8503900e-001  1.8512000e-001  1.8501200e-001
  1.2800000e+000  1.8511600e-001  1.8508100e-001  1.8507300e-001  1.8509800e-001  1.8503900e-001
  1.2866667e+000  1.8511600e-001  1.8509400e-001  1.8504600e-001  1.8509200e-001  1.8504800e-001
  1.2933333e+000  1.8511100e-001  1.8505800e-001  1.8507500e-001  1.8510300e-001  1.8501800e-001
  1.3000000e+000  1.8510600e-001  1.8505900e-001  1.8505100e-001  1.8509400e-001  1.8500600e-001
  1.3066667e+000  1.8507700e-001  1.8508500e-001  1.8504200e-001  1.8506600e-001  1.8500900e-001
  1.3133333e+000  1.8508800e-001  1.8507500e-001  1.8506000e-001  1.8512200e-001  1.8501900e-001
  1.3200000e+000  1.8509000e-001  1.8506900e-001  1.8503500e-001  1.8512100e-001  1.8504800e-001
  1.3266667e+000  1.8512100e-001  1.8508000e-001  1.8503300e-001  1.8514700e-001  1.8503100e-001
  1.3333333e+000  1.8507200e-001  1.8507500e-001  1.8501400e-001  1.8510500e-001  1.8502500e-001
  1.3400000e+000  1.8509800e-001  1.8510600e-001  1.8502100e-001  1.8512900e-001  1.8502200e-001
  1.3466667e+000  1.8510900e-001  1.8507600e-001  1.8503600e-001  1.8509600e-001  1.8502900e-001
  1.3533333e+000  1.8512600e-001  1.8503600e-001  1.8505500e-001  1.8510400e-001  1.8507600e-001
  1.3600000e+000  1.8511600e-001  1.8505300e-001  1.8502200e-001  1.8511400e-001  1.8505300e-001
  1.3666667e+000  1.8507500e-001  1.8504200e-001  1.8505000e-001  1.8513000e-001  1.8503300e-001
  1.3733333e+000  1.8505900e-001  1.8502400e-001  1.8506900e-001  1.8508300e-001  1.8505100e-001
  1.3800000e+000  1.8511600e-001  1.8505900e-001  1.8502000e-001  1.8511200e-001  1.8502900e-001
  1.3866667e+000  1.8507200e-001  1.8503700e-001  1.8505000e-001  1.8511700e-001  1.8503300e-001
  1.3933333e+000  1.8505800e-001  1.8505000e-001  1.8504400e-001  1.8511800e-001  1.8505500e-001
  1.4000000e+000  1.8513300e-001  1.8504700e-001  1.8507000e-001  1.8511100e-001  1.8506300e-001
  1.4066667e+000  1.8507600e-001  1.8504700e-001  1.8506100e-001  1.8509500e-001  1.8503600e-001
  1.4133333e+000  1.8507900e-001  1.8507800e-001  1.8503800e-001  1.8515800e-001  1.8504800e-001
  1.4200000e+000  1.8510600e-001  1.8506200e-001  1.8501300e-001  1.8511700e-001  1.8504800e-001
  1.4266667e+000  1.8512000e-001  1.8503800e-001  1.8501000e-001  1.8512400e-001  1.8502700e-001
  1.4333333e+000  1.8509500e-001  1.8504000e-001  1.8505600e-001  1.8514300e-001  1.8504800e-001
  1.4400000e+000  1.8509500e-001  1.8508500e-001  1.8503900e-001  1.8513700e-001  1.8506900e-001
  1.4466667e+000  1.8510600e-001  1.8509400e-001  1.8499900e-001  1.8512700e-001  1.8505600e-001
  1.4533333e+000  1.8514900e-001  1.8506900e-001  1.8502800e-001  1.8515000e-001  1.8502400e-001
  1.4600000e+000  1.8513100e-001  1.8512400e-001  1.8506500e-001  1.8516100e-001  1.8502000e-001
  1.4666667e+000  1.8511600e-001  1.8512100e-001  1.8507500e-001  1.8515800e-001  1.8502800e-001
  1.4733333e+000  1.8509400e-001  1.8514100e-001  1.8506300e-001  1.8516900e-001  1.8503600e-001
  1.4800000e+000  1.8508400e-001  1.8511200e-001  1.8502400e-001  1.8514500e-001  1.8506900e-001
  1.4866667e+000  1.8507300e-001  1.8511200e-001  1.8504500e-001  1.8511600e-001  1.8505100e-001
  1.4933333e+000  1.8507500e-001  1.8511500e-001  1.8505100e-001  1.8514400e-001  1.8506600e-001
  1.5000000e+000  1.8509300e-001  1.8514100e-001  1.8503500e-001  1.8509000e-001  1.8503300e-001
  1.5066667e+000  1.8510500e-001  1.8510200e-001  1.8504500e-001  1.8512200e-001  1.8505200e-001
  1.5133333e+000  1.8507800e-001  1.8510500e-001  1.8504100e-001  1.8514700e-001  1.8503000e-001
  1.5200000e+000  1.8507700e-001  1.8512000e-001  1.8502600e-001  1.8513600e-001  1.8505200e-001
  1.5266667e+000  1.8507600e-001  1.8511500e-001  1.8503800e-001  1.8513500e-001  1.8506300e-001
  1.5333333e+000  1.8509300e-001  1.8512000e-001  1.8505500e-001  1.8511500e-001  1.8502400e-001
  1.5400000e+000  1.8508100e-001  1.8509200e-001  1.8504100e-001  1.8514900e-001  1.8499900e-001
  1.5466667e+000  1.8509800e-001  1.8510800e-001  1.8504100e-001  1.8517900e-001  1.8503100e-001
  1.5533333e+000  1.8509400e-001  1.8512600e-001  1.8502700e-001  1.8513100e-001  1.8506100e-001
  1.5600000e+000  1.8508200e-001  1.8512400e-001  1.8503700e-001  1.8513100e-001  1.8504600e-001
  1.5666667e+000  1.8505000e-001  1.8510200e-001  1.8504600e-001  1.8514300e-001  1.8506100e-001
  1.5733333e+000  1.8509600e-001  1.8510300e-001  1.8504000e-001  1.8514200e-001  1.8508000e-001
  1.5800000e+000  1.8508000e-001  1.8510900e-001  1.8508500e-001  1.8513400e-001  1.8507700e-001
  1.5866667e+000  1.8506300e-001  1.8512300e-001  1.8506100e-001  1.8514300e-001  1.8507100e-001
  1.5933333e+000  1.8506900e-001  1.8513100e-001  1.8504500e-001  1.8514000e-001  1.8508000e-001
  1.6000000e+000  1.8510100e-001  1.8512900e-001  1.8503200e-001  1.8512800e-001  1.8503900e-001
  1.6066667e+000  1.8513400e-001  1.8513600e-001  1.8501700e-001  1.8516500e-001  1.8502500e-001
  1.6133333e+000  1.8509400e-001  1.8512800e-001  1.8505300e-001  1.8513000e-001  1.8504400e-001
  1.6200000e+000  1.8507100e-001  1.8507200e-001  1.8504600e-001  1.8512400e-001  1.8506400e-001
  1.6266667e+000  1.8511400e-001  1.8510400e-001  1.8507100e-001  1.8512200e-001  1.8507800e-001
  1.6333333e+000  1.8510700e-001  1.8510000e-001  1.8505600e-001  1.8517600e-001  1.8506100e-001
  1.6400000e+000  1.8509500e-001  1.8510600e-001  1.8507900e-001  1.8514500e-001  1.8507800e-001
  1.6466667e+000  1.8507500e-001  1.8513000e-001  1.8505700e-001  1.8512400e-001  1.8505200e-001
  1.6533333e+000  1.8503300e-001  1.8510100e-001  1.8503500e-001  1.8512400e-001  1.8507000e-001
  1.6600000e+000  1.8506900e-001  1.8508900e-001  1.8503800e-001  1.8513500e-001  1.8509700e-001
  1.6666667e+000  1.8513800e-001  1.8510700e-001  1.8502800e-001  1.8512900e-001  1.8505700e-001
  1.6733333e+000  1.8509200e-001  1.8511000e-001  1.8500600e-001  1.8515800e-001  1.8508700e-001
  1.6800000e+000  1.8508300e-001  1.8510900e-001  1.8503800e-001  1.8516900e-001  1.8509500e-001
  1.6866667e+000  1.8513000e-001  1.8510800e-001  1.8501800e-001  1.8512300e-001  1.8510200e-001
  1.6933333e+000  1.8505900e-001  1.8506900e-001  1.8504500e-001  1.8513800e-001  1.8506400e-001
  1.7000000e+000  1.8507900e-001  1.8507200e-001  1.8506200e-001  1.8511900e-001  1.8512100e-001
  1.7066667e+000  1.8507500e-001  1.8508000e-001  1.8503000e-001  1.8511900e-001  1.8510000e-001
  1.7133333e+000  1.8508600e-001  1.8509200e-001  1.8502500e-001  1.8515600e-001  1.8508400e-001
  1.7200000e+000  1.8510400e-001  1.8508600e-001  1.8506000e-001  1.8511200e-001  1.8509800e-001
  1.7266667e+000  1.8507200e-001  1.8509900e-001  1.8502800e-001  1.8513100e-001  1.8508300e-001
  1.7333333e+000  1.8509900e-001  1.8503400e-001  1.8502200e-001  1.8513900e-001  1.8512000e-001
  1.7400000e+000  1.8513400e-001  1.8507000e-001  1.8506500e-001  1.8510900e-001  1.8511200e-001
  1.7466667e+000  1.8512600e-001  1.8505400e-001  1.8505900e-001  1.8512300e-001  1.8508900e-001
  1.7533333e+000  1.8508300e-001  1.8505300e-001  1.8503200e-001  1.8517400e-001  1.8508600e-001
  1.7600000e+000  1.8511600e-001  1.8500900e-001  1.8502100e-001  1.8516700e-001  1.8511300e-001
  1.7666667e+000  1.8513000e-001  1.8494100e-001  1.8504000e-001  1.8514700e-001  1.8511300e-001
  1.7733333e+000  1.8512100e-001  1.8486400e-001  1.8507900e-001  1.8510200e-001  1.8511900e-001
  1.7800000e+000  1.8513300e-001  1.8489900e-001  1.8505400e-001  1.8510100e-001  1.8512600e-001
  1.7866667e+000  1.8509800e-001  1.8491500e-001  1.8504400e-001  1.8512900e-001  1.8511700e-001
  1.7933333e+000  1.8514500e-001  1.8493500e-001  1.8501200e-001  1.8513400e-001  1.8511100e-001
  1.8000000e+000  1.8508500e-001  1.8492400e-001  1.8504900e-001  1.8513500e-001  1.8509700e-001
  1.8066667e+000  1.8506400e-001  1.8487500e-001  1.8505100e-001  1.8517000e-001  1.8510400e-001
  1.8133333e+000  1.8509700e-001  1.8492000e-001  1.8505900e-001  1.8512200e-001  1.8512400e-001
  1.8200000e+000  1.8511700e-001  1.8490500e-001  1.8504400e-001  1.8509500e-001  1.8508100e-001
  1.8266667e+000  1.8511700e-001  1.8488300e-001  1.8504300e-001  1.8512300e-001  1.8509500e-001
  1.8333333e+000  1.8510400e-001  1.8490600e-001  1.8504300e-001  1.8510000e-001  1.8511100e-001
  1.8400000e+000  1.8512800e-001  1.8492600e-001  1.8501800e-001  1.8513400e-001  1.8508600e-001
  1.8466667e+000  1.8513000e-001  1.8492300e-001  1.8501100e-001  1.8510100e-001  1.8511000e-001
  1.8533333e+000  1.8511800e-001  1.8492400e-001  1.8502800e-001  1.8513100e-001  1.8511900e-001
  1.8600000e+000  1.8509000e-001  1.8489400e-001  1.8505000e-001  1.8512100e-001  1.8510000e-001
  1.8666667e+000  1.8512500e-001  1.8488600e-001  1.8503000e-001  1.8516400e-001  1.8511200e-001
  1.8733333e+000  1.8509100e-001  1.8492100e-001  1.8502200e-001  1.8513800e-001  1.8508400e-001
  1.8800000e+000  1.8510800e-001  1.8487700e-001  1.8502000e-001  1.8511900e-001  1.8510200e-001
  1.8866667e+000  1.8508200e-001  1.8493000e-001  1.8502500e-001  1.8516000e-001  1.8511200e-001
  1.8933333e+000  1.8511400e-001  1.8495100e-001  1.8503400e-001  1.8511400e-001  1.8507100e-001
  1.9000000e+000  1.8512700e-001  1.8495600e-001  1.8501700e-001  1.8513500e-001  1.8512000e-001
  1.9066667e+000  1.8512100e-001  1.8497700e-001  1.8505000e-001  1.8511700e-001  1.8512800e-001
  1.9133333e+000  1.8514600e-001  1.8494700e-001  1.8504500e-001  1.8513000e-001  1.8509300e-001
  1.9200000e+000  1.8510800e-001  1.8497600e-001  1.8502200e-001  1.8510400e-001  1.8508200e-001
  1.9266667e+000  1.8509600e-001  1.8498600e-001  1.8500500e-001  1.8510400e-001  1.8509100e-001
  1.9333333e+000  1.8507900e-001  1.8500700e-001  1.8504600e-001  1.8514600e-001  1.8505400e-001
  1.9400000e+000  1.8509600e-001  1.8503400e-001  1.8507500e-001  1.8513800e-001  1.8506100e-001
  1.9466667e+000  1.8511000e-001  1.8505400e-001  1.8504700e-001  1.8515600e-001  1.8511000e-001
  1.9533333e+000  1.8511200e-001  1.8510000e-001  1.8504900e-001  1.8515900e-001  1.8508100e-001
  1.9600000e+000  1.8509200e-001  1.8512000e-001  1.8504700e-001  1.8506500e-001  1.8510300e-001
  1.9666667e+000  1.8513300e-001  1.8508800e-001  1.8502500e-001  1.8509900e-001  1.8511300e-001
  1.9733333e+000  1.8508100e-001  1.8509700e-001  1.8503400e-001  1.8515900e-001  1.8507900e-001
  1.9800000e+000  1.8510600e-001  1.8510800e-001  1.8504800e-001  1.8512600e-001  1.8508000e-001
  1.9866667e+000  1.8509100e-001  1.8509800e-001  1.8506100e-001  1.8512300e-001  1.8509800e-001
  1.9933333e+000  1.8510800e-001  1.8509700e-001  1.8506900e-001  1.8516900e-001  1.8510800e-001
  2.0000000e+000  1.8510300e-001  1.8511300e-001  1.8509600e-001  1.8512200e-001  1.8508300e-001
