 -5.0000000e-001  1.3520903e+002  1.3511317e+002  1.3808046e+002  1.3564238e+002  1.3474866e+002  1.3678923e+002  1.3348524e+002
 -4.9333333e-001  1.3520525e+002  1.3511934e+002  1.3808824e+002  1.3563353e+002  1.3474617e+002  1.3678311e+002  1.3349902e+002
 -4.8666667e-001  1.3521655e+002  1.3511504e+002  1.3806717e+002  1.3565167e+002  1.3470758e+002  1.3677058e+002  1.3350369e+002
 -4.8000000e-001  1.3523177e+002  1.3511494e+002  1.3805223e+002  1.3562903e+002  1.3468835e+002  1.3676498e+002  1.3349735e+002
 -4.7333333e-001  1.3521773e+002  1.3511462e+002  1.3805299e+002  1.3561085e+002  1.3469176e+002  1.3676877e+002  1.3348540e+002
 -4.6666667e-001  1.3522960e+002  1.3510635e+002  1.3803799e+002  1.3560175e+002  1.3468141e+002  1.3677004e+002  1.3348604e+002
 -4.6000000e-001  1.3523450e+002  1.3510712e+002  1.3803857e+002  1.3559340e+002  1.3468828e+002  1.3677075e+002  1.3348408e+002
 -4.5333333e-001  1.3521400e+002  1.3512163e+002  1.3804834e+002  1.3560741e+002  1.3471236e+002  1.3678215e+002  1.3348041e+002
 -4.4666667e-001  1.3521721e+002  1.3511598e+002  1.3806029e+002  1.3560411e+002  1.3472166e+002  1.3677142e+002  1.3347914e+002
 -4.4000000e-001  1.3522922e+002  1.3509105e+002  1.3805515e+002  1.3561412e+002  1.3468776e+002  1.3676973e+002  1.3349016e+002
 -4.3333333e-001  1.3522537e+002  1.3509032e+002  1.3804024e+002  1.3558633e+002  1.3470250e+002  1.3675664e+002  1.3346303e+002
 -4.2666667e-001  1.3522018e+002  1.3511862e+002  1.3806035e+002  1.3557164e+002  1.3472488e+002  1.3674356e+002  1.3344606e+002
 -4.2000000e-001  1.3521759e+002  1.3511697e+002  1.3806014e+002  1.3557854e+002  1.3472496e+002  1.3675456e+002  1.3344161e+002
 -4.1333333e-001  1.3523566e+002  1.3512797e+002  1.3802245e+002  1.3556943e+002  1.3471580e+002  1.3676115e+002  1.3347273e+002
 -4.0666667e-001  1.3524812e+002  1.3513113e+002  1.3802354e+002  1.3556287e+002  1.3470949e+002  1.3676270e+002  1.3346188e+002
 -4.0000000e-001  1.3525772e+002  1.3512671e+002  1.3801933e+002  1.3556448e+002  1.3470244e+002  1.3675534e+002  1.3345638e+002
 -3.9333333e-001  1.3523943e+002  1.3511470e+002  1.3801714e+002  1.3555325e+002  1.3470819e+002  1.3675223e+002  1.3346519e+002
 -3.8666667e-001  1.3525320e+002  1.3512840e+002  1.3803148e+002  1.3557692e+002  1.3470366e+002  1.3675197e+002  1.3347650e+002
 -3.8000000e-001  1.3524127e+002  1.3513033e+002  1.3804428e+002  1.3559822e+002  1.3467645e+002  1.3674915e+002  1.3347086e+002
 -3.7333333e-001  1.3524417e+002  1.3514331e+002  1.3802382e+002  1.3557240e+002  1.3468477e+002  1.3677254e+002  1.3344302e+002
 -3.6666667e-001  1.3523805e+002  1.3513483e+002  1.3802814e+002  1.3556000e+002  1.3468909e+002  1.3676144e+002  1.3345602e+002
 -3.6000000e-001  1.3521437e+002  1.3513806e+002  1.3801445e+002  1.3557159e+002  1.3468163e+002  1.3673560e+002  1.3347485e+002
 -3.5333333e-001  1.3523106e+002  1.3512399e+002  1.3800551e+002  1.3557623e+002  1.3467363e+002  1.3674696e+002  1.3347867e+002
 -3.4666667e-001  1.3523383e+002  1.3514676e+002  1.3799223e+002  1.3557576e+002  1.3466594e+002  1.3676121e+002  1.3345929e+002
 -3.4000000e-001  1.3522086e+002  1.3514442e+002  1.3799516e+002  1.3557548e+002  1.3467117e+002  1.3674200e+002  1.3346587e+002
 -3.3333333e-001  1.3524263e+002  1.3512131e+002  1.3801843e+002  1.3555844e+002  1.3467984e+002  1.3673222e+002  1.3349026e+002
 -3.2666667e-001  1.3524010e+002  1.3512950e+002  1.3801331e+002  1.3555966e+002  1.3465227e+002  1.3674342e+002  1.3346983e+002
 -3.2000000e-001  1.3522923e+002  1.3513965e+002  1.3801883e+002  1.3557413e+002  1.3467177e+002  1.3673283e+002  1.3347496e+002
 -3.1333333e-001  1.3524081e+002  1.3514543e+002  1.3804066e+002  1.3557008e+002  1.3467308e+002  1.3671652e+002  1.3347028e+002
 -3.0666667e-001  1.3524651e+002  1.3515276e+002  1.3805789e+002  1.3557556e+002  1.3468535e+002  1.3670564e+002  1.3347653e+002
 -3.0000000e-001  1.3523491e+002  1.3512380e+002  1.3803272e+002  1.3560008e+002  1.3467363e+002  1.3671184e+002  1.3346640e+002
 -2.9333333e-001  1.3523987e+002  1.3513130e+002  1.3804175e+002  1.3558141e+002  1.3465395e+002  1.3670351e+002  1.3344395e+002
 -2.8666667e-001  1.3526253e+002  1.3514491e+002  1.3807829e+002  1.3555777e+002  1.3463356e+002  1.3671045e+002  1.3346272e+002
 -2.8000000e-001  1.3524182e+002  1.3514996e+002  1.3808011e+002  1.3556610e+002  1.3465173e+002  1.3671863e+002  1.3349573e+002
 -2.7333333e-001  1.3521896e+002  1.3512625e+002  1.3806651e+002  1.3558899e+002  1.3465477e+002  1.3672170e+002  1.3347293e+002
 -2.6666667e-001  1.3522928e+002  1.3514412e+002  1.3806281e+002  1.3557742e+002  1.3463759e+002  1.3670627e+002  1.3346179e+002
 -2.6000000e-001  1.3525638e+002  1.3515149e+002  1.3806738e+002  1.3557867e+002  1.3463562e+002  1.3673007e+002  1.3346106e+002
 -2.5333333e-001  1.3526215e+002  1.3514438e+002  1.3807994e+002  1.3558148e+002  1.3464739e+002  1.3671220e+002  1.3343968e+002
 -2.4666667e-001  1.3525128e+002  1.3515396e+002  1.3809773e+002  1.3554979e+002  1.3464844e+002  1.3670142e+002  1.3342781e+002
 -2.4000000e-001  1.3526462e+002  1.3515544e+002  1.3809416e+002  1.3555432e+002  1.3464857e+002  1.3671352e+002  1.3343213e+002
 -2.3333333e-001  1.3527135e+002  1.3516547e+002  1.3811180e+002  1.3555977e+002  1.3463588e+002  1.3671722e+002  1.3344661e+002
 -2.2666667e-001  1.3526958e+002  1.3515654e+002  1.3810474e+002  1.3555698e+002  1.3461177e+002  1.3672510e+002  1.3344823e+002
 -2.2000000e-001  1.3526813e+002  1.3513203e+002  1.3809653e+002  1.3556161e+002  1.3462279e+002  1.3670862e+002  1.3347279e+002
 -2.1333333e-001  1.3527797e+002  1.3512048e+002  1.3809959e+002  1.3556406e+002  1.3462979e+002  1.3668387e+002  1.3346313e+002
 -2.0666667e-001  1.3525060e+002  1.3513098e+002  1.3810159e+002  1.3557373e+002  1.3460692e+002  1.3668436e+002  1.3345807e+002
 -2.0000000e-001  1.3524176e+002  1.3513792e+002  1.3807408e+002  1.3557970e+002  1.3460243e+002  1.3671876e+002  1.3348373e+002
 -1.9333333e-001  1.3524468e+002  1.3515349e+002  1.3808118e+002  1.3555817e+002  1.3459784e+002  1.3672989e+002  1.3347942e+002
 -1.8666667e-001  1.3524284e+002  1.3514955e+002  1.3808424e+002  1.3556798e+002  1.3457939e+002  1.3673956e+002  1.3347174e+002
 -1.8000000e-001  1.3525972e+002  1.3516725e+002  1.3811722e+002  1.3558101e+002  1.3459491e+002  1.3672478e+002  1.3345824e+002
 -1.7333333e-001  1.3525052e+002  1.3516032e+002  1.3811298e+002  1.3556024e+002  1.3459322e+002  1.3671367e+002  1.3346368e+002
 -1.6666667e-001  1.3526042e+002  1.3515776e+002  1.3809238e+002  1.3556464e+002  1.3456999e+002  1.3669344e+002  1.3344811e+002
 -1.6000000e-001  1.3526425e+002  1.3518816e+002  1.3807587e+002  1.3555747e+002  1.3455951e+002  1.3668745e+002  1.3346135e+002
 -1.5333333e-001  1.3526318e+002  1.3521327e+002  1.3809001e+002  1.3555719e+002  1.3456935e+002  1.3672018e+002  1.3346309e+002
 -1.4666667e-001  1.3523894e+002  1.3518541e+002  1.3808964e+002  1.3556735e+002  1.3458127e+002  1.3671942e+002  1.3345700e+002
 -1.4000000e-001  1.3525607e+002  1.3518854e+002  1.3808612e+002  1.3556125e+002  1.3457994e+002  1.3669605e+002  1.3344481e+002
 -1.3333333e-001  1.3527100e+002  1.3520471e+002  1.3808432e+002  1.3553470e+002  1.3456973e+002  1.3667219e+002  1.3344058e+002
 -1.2666667e-001  1.3527881e+002  1.3520892e+002  1.3805962e+002  1.3553075e+002  1.3460329e+002  1.3670244e+002  1.3345612e+002
 -1.2000000e-001  1.3528915e+002  1.3520651e+002  1.3806755e+002  1.3553346e+002  1.3459244e+002  1.3669125e+002  1.3345825e+002
 -1.1333333e-001  1.3528850e+002  1.3520398e+002  1.3806613e+002  1.3553088e+002  1.3456165e+002  1.3669183e+002  1.3344750e+002
 -1.0666667e-001  1.3525145e+002  1.3519045e+002  1.3807408e+002  1.3552084e+002  1.3458431e+002  1.3668567e+002  1.3346313e+002
 -1.0000000e-001  1.3523795e+002  1.3520035e+002  1.3808179e+002  1.3550806e+002  1.3459259e+002  1.3667972e+002  1.3345857e+002
 -9.3333333e-002  1.3524704e+002  1.3517133e+002  1.3808859e+002  1.3549200e+002  1.3456178e+002  1.3668265e+002  1.3347423e+002
 -8.6666667e-002  1.3524468e+002  1.3516914e+002  1.3807036e+002  1.3547922e+002  1.3456413e+002  1.3667836e+002  1.3348384e+002
 -8.0000000e-002  1.3523329e+002  1.3518138e+002  1.3807942e+002  1.3547217e+002  1.3458748e+002  1.3668292e+002  1.3345725e+002
 -7.3333333e-002  1.3525540e+002  1.3517903e+002  1.3807355e+002  1.3545895e+002  1.3459546e+002  1.3667827e+002  1.3344829e+002
 -6.6666667e-002  1.3527536e+002  1.3518660e+002  1.3808179e+002  1.3546083e+002  1.3458539e+002  1.3666992e+002  1.3346094e+002
 -6.0000000e-002  1.3527122e+002  1.3520534e+002  1.3807143e+002  1.3544371e+002  1.3457275e+002  1.3665614e+002  1.3348305e+002
 -5.3333333e-002  1.3524431e+002  1.3521365e+002  1.3806155e+002  1.3544154e+002  1.3458818e+002  1.3665715e+002  1.3350723e+002
 -4.6666667e-002  1.3524072e+002  1.3519533e+002  1.3805981e+002  1.3543172e+002  1.3459142e+002  1.3666930e+002  1.3350671e+002
 -4.0000000e-002  1.3526920e+002  1.3519421e+002  1.3806740e+002  1.3543353e+002  1.3458983e+002  1.3667021e+002  1.3348093e+002
 -3.3333333e-002  1.3526555e+002  1.3520450e+002  1.3806152e+002  1.3542561e+002  1.3458344e+002  1.3666519e+002  1.3349599e+002
 -2.6666667e-002  1.3525282e+002  1.3519565e+002  1.3804056e+002  1.3541652e+002  1.3458501e+002  1.3668799e+002  1.3348540e+002
 -2.0000000e-002  1.3526085e+002  1.3520876e+002  1.3803642e+002  1.3539767e+002  1.3459560e+002  1.3665993e+002  1.3346422e+002
 -1.3333333e-002  1.3524927e+002  1.3522461e+002  1.3802769e+002  1.3538974e+002  1.3458505e+002  1.3662054e+002  1.3347688e+002
 -6.6666667e-003  1.3522331e+002  1.3519113e+002  1.3801001e+002  1.3538968e+002  1.3460359e+002  1.3663994e+002  1.3346471e+002
  0.0000000e+000  1.3522420e+002  1.3519530e+002  1.3803516e+002  1.3539221e+002  1.3459221e+002  1.3664395e+002  1.3346292e+002
  6.6666667e-003  1.3521629e+002  1.3519104e+002  1.3801537e+002  1.3539746e+002  1.3459219e+002  1.3664499e+002  1.3346948e+002
  1.3333333e-002  1.3524614e+002  1.3517778e+002  1.3800633e+002  1.3540065e+002  1.3459547e+002  1.3661467e+002  1.3344876e+002
  2.0000000e-002  1.3524033e+002  1.3520566e+002  1.3800395e+002  1.3539267e+002  1.3458740e+002  1.3660022e+002  1.3344072e+002
  2.6666667e-002  1.3521773e+002  1.3520554e+002  1.3800421e+002  1.3537198e+002  1.3458401e+002  1.3658583e+002  1.3342900e+002
  3.3333333e-002  1.3518538e+002  1.3519371e+002  1.3799614e+002  1.3536975e+002  1.3456978e+002  1.3658813e+002  1.3341007e+002
  4.0000000e-002  1.3514342e+002  1.3518492e+002  1.3797241e+002  1.3536470e+002  1.3456047e+002  1.3657013e+002  1.3341634e+002
  4.6666667e-002  1.3511752e+002  1.3517055e+002  1.3795705e+002  1.3532884e+002  1.3455441e+002  1.3653720e+002  1.3335002e+002
  5.3333333e-002  1.3513466e+002  1.3514926e+002  1.3793472e+002  1.3532440e+002  1.3450546e+002  1.3650201e+002  1.3330991e+002
  6.0000000e-002  1.3508888e+002  1.3512378e+002  1.3791672e+002  1.3528917e+002  1.3445209e+002  1.3649126e+002  1.3328902e+002
  6.6666667e-002  1.3504132e+002  1.3507875e+002  1.3788538e+002  1.3526039e+002  1.3441809e+002  1.3646715e+002  1.3324767e+002
  7.3333333e-002  1.3501283e+002  1.3504302e+002  1.3786353e+002  1.3522528e+002  1.3440479e+002  1.3644296e+002  1.3319847e+002
  8.0000000e-002  1.3493843e+002  1.3501056e+002  1.3783626e+002  1.3515843e+002  1.3436748e+002  1.3639500e+002  1.3316486e+002
  8.6666667e-002  1.3491509e+002  1.3496526e+002  1.3777920e+002  1.3511726e+002  1.3433672e+002  1.3634212e+002  1.3311342e+002
  9.3333333e-002  1.3487903e+002  1.3494322e+002  1.3770650e+002  1.3508519e+002  1.3431038e+002  1.3629842e+002  1.3307948e+002
  1.0000000e-001  1.3480641e+002  1.3487772e+002  1.3762898e+002  1.3507047e+002  1.3426588e+002  1.3626352e+002  1.3302930e+002
  1.0666667e-001  1.3477533e+002  1.3480328e+002  1.3757320e+002  1.3507246e+002  1.3421126e+002  1.3619525e+002  1.3299257e+002
  1.1333333e-001  1.3472601e+002  1.3478018e+002  1.3751553e+002  1.3508301e+002  1.3416904e+002  1.3613591e+002  1.3293051e+002
  1.2000000e-001  1.3468672e+002  1.3473035e+002  1.3745053e+002  1.3516309e+002  1.3411328e+002  1.3609660e+002  1.3290004e+002
  1.2666667e-001  1.3466505e+002  1.3470833e+002  1.3739793e+002  1.3524617e+002  1.3404652e+002  1.3603406e+002  1.3290224e+002
  1.3333333e-001  1.3466403e+002  1.3467325e+002  1.3734082e+002  1.3533456e+002  1.3398515e+002  1.3597633e+002  1.3291655e+002
  1.4000000e-001  1.3468703e+002  1.3465778e+002  1.3729111e+002  1.3542267e+002  1.3393564e+002  1.3595854e+002  1.3290324e+002
  1.4666667e-001  1.3470952e+002  1.3463535e+002  1.3725719e+002  1.3550493e+002  1.3391390e+002  1.3597269e+002  1.3292127e+002
  1.5333333e-001  1.3470717e+002  1.3461700e+002  1.3723791e+002  1.3554988e+002  1.3391394e+002  1.3596616e+002  1.3295038e+002
  1.6000000e-001  1.3471715e+002  1.3460213e+002  1.3723265e+002  1.3559447e+002  1.3399239e+002  1.3596786e+002  1.3295544e+002
  1.6666667e-001  1.3475510e+002  1.3455450e+002  1.3725760e+002  1.3566594e+002  1.3409509e+002  1.3593004e+002  1.3295427e+002
  1.7333333e-001  1.3482281e+002  1.3451369e+002  1.3729099e+002  1.3577382e+002  1.3415422e+002  1.3589876e+002  1.3298753e+002
  1.8000000e-001  1.3491803e+002  1.3450682e+002  1.3728651e+002  1.3590585e+002  1.3419066e+002  1.3590008e+002  1.3307869e+002
  1.8666667e-001  1.3503697e+002  1.3446999e+002  1.3729985e+002  1.3604953e+002  1.3423047e+002  1.3589883e+002  1.3315323e+002
  1.9333333e-001  1.3513022e+002  1.3440831e+002  1.3729428e+002  1.3620834e+002  1.3421931e+002  1.3594408e+002  1.3323207e+002
  2.0000000e-001  1.3517506e+002  1.3435138e+002  1.3729305e+002  1.3633107e+002  1.3419745e+002  1.3603308e+002  1.3337856e+002
  2.0666667e-001  1.3521295e+002  1.3436583e+002  1.3728946e+002  1.3639307e+002  1.3417049e+002  1.3609644e+002  1.3352983e+002
  2.1333333e-001  1.3521643e+002  1.3439789e+002  1.3729146e+002  1.3641353e+002  1.3414716e+002  1.3620372e+002  1.3366197e+002
  2.2000000e-001  1.3515173e+002  1.3439745e+002  1.3735686e+002  1.3637309e+002  1.3414447e+002  1.3632823e+002  1.3383667e+002
  2.2666667e-001  1.3503056e+002  1.3441638e+002  1.3741870e+002  1.3631638e+002  1.3413335e+002  1.3646114e+002  1.3397141e+002
  2.3333333e-001  1.3484520e+002  1.3441544e+002  1.3753262e+002  1.3625853e+002  1.3409209e+002  1.3654619e+002  1.3403317e+002
  2.4000000e-001  1.3459297e+002  1.3433629e+002  1.3765024e+002  1.3617864e+002  1.3404501e+002  1.3653511e+002  1.3408237e+002
  2.4666667e-001  1.3429774e+002  1.3428334e+002  1.3776056e+002  1.3602548e+002  1.3393926e+002  1.3648904e+002  1.3406290e+002
  2.5333333e-001  1.3396350e+002  1.3421155e+002  1.3782068e+002  1.3588365e+002  1.3372818e+002  1.3639288e+002  1.3399394e+002
  2.6000000e-001  1.3359021e+002  1.3408594e+002  1.3785544e+002  1.3569353e+002  1.3351298e+002  1.3623262e+002  1.3390735e+002
  2.6666667e-001  1.3319296e+002  1.3400760e+002  1.3785043e+002  1.3548862e+002  1.3329217e+002  1.3607307e+002  1.3373467e+002
  2.7333333e-001  1.3279947e+002  1.3390857e+002  1.3786227e+002  1.3533260e+002  1.3308855e+002  1.3590418e+002  1.3354057e+002
  2.8000000e-001  1.3243745e+002  1.3378502e+002  1.3783011e+002  1.3515442e+002  1.3285960e+002  1.3568339e+002  1.3335307e+002
  2.8666667e-001  1.3211339e+002  1.3368202e+002  1.3774889e+002  1.3495248e+002  1.3260263e+002  1.3544168e+002  1.3311896e+002
  2.9333333e-001  1.3181729e+002  1.3355428e+002  1.3764192e+002  1.3475258e+002  1.3236848e+002  1.3518860e+002  1.3290355e+002
  3.0000000e-001  1.3158865e+002  1.3342897e+002  1.3753105e+002  1.3456166e+002  1.3215929e+002  1.3495578e+002  1.3264949e+002
  3.0666667e-001  1.3139346e+002  1.3328227e+002  1.3743610e+002  1.3438574e+002  1.3197742e+002  1.3473746e+002  1.3242397e+002
  3.1333333e-001  1.3122037e+002  1.3315987e+002  1.3730557e+002  1.3425285e+002  1.3179878e+002  1.3451192e+002  1.3221753e+002
  3.2000000e-001  1.3112178e+002  1.3301308e+002  1.3715816e+002  1.3411220e+002  1.3164584e+002  1.3430357e+002  1.3203639e+002
  3.2666667e-001  1.3104568e+002  1.3283327e+002  1.3701666e+002  1.3398096e+002  1.3145654e+002  1.3415010e+002  1.3190756e+002
  3.3333333e-001  1.3103946e+002  1.3271135e+002  1.3685576e+002  1.3385977e+002  1.3126375e+002  1.3400333e+002  1.3179248e+002
  3.4000000e-001  1.3105399e+002  1.3262280e+002  1.3669893e+002  1.3381517e+002  1.3107988e+002  1.3391652e+002  1.3171033e+002
  3.4666667e-001  1.3119452e+002  1.3253120e+002  1.3659074e+002  1.3382758e+002  1.3091332e+002  1.3390602e+002  1.3167981e+002
  3.5333333e-001  1.3137795e+002  1.3241806e+002  1.3650757e+002  1.3381470e+002  1.3077905e+002  1.3390503e+002  1.3162320e+002
  3.6000000e-001  1.3164502e+002  1.3233462e+002  1.3644080e+002  1.3381007e+002  1.3064630e+002  1.3397614e+002  1.3157721e+002
  3.6666667e-001  1.3193811e+002  1.3227626e+002  1.3635832e+002  1.3384256e+002  1.3049768e+002  1.3410194e+002  1.3156924e+002
  3.7333333e-001  1.3226405e+002  1.3222646e+002  1.3630309e+002  1.3391386e+002  1.3043272e+002  1.3419107e+002  1.3157101e+002
  3.8000000e-001  1.3256689e+002  1.3223175e+002  1.3624506e+002  1.3400708e+002  1.3041699e+002  1.3428850e+002  1.3156198e+002
  3.8666667e-001  1.3285388e+002  1.3222429e+002  1.3624150e+002  1.3411890e+002  1.3039385e+002  1.3439031e+002  1.3158569e+002
  3.9333333e-001  1.3311145e+002  1.3220403e+002  1.3622931e+002  1.3424364e+002  1.3039024e+002  1.3452016e+002  1.3165247e+002
  4.0000000e-001  1.3330090e+002  1.3218732e+002  1.3619916e+002  1.3438364e+002  1.3038879e+002  1.3460403e+002  1.3171574e+002
  4.0666667e-001  1.3349843e+002  1.3219031e+002  1.3620549e+002  1.3452251e+002  1.3041490e+002  1.3470099e+002  1.3180196e+002
  4.1333333e-001  1.3369072e+002  1.3221252e+002  1.3621732e+002  1.3464288e+002  1.3045296e+002  1.3488486e+002  1.3192377e+002
  4.2000000e-001  1.3386826e+002  1.3224457e+002  1.3623894e+002  1.3474336e+002  1.3049139e+002  1.3509222e+002  1.3207416e+002
  4.2666667e-001  1.3403938e+002  1.3228538e+002  1.3629732e+002  1.3485017e+002  1.3059389e+002  1.3528616e+002  1.3225411e+002
  4.3333333e-001  1.3423257e+002  1.3233615e+002  1.3638356e+002  1.3494371e+002  1.3071249e+002  1.3549323e+002  1.3244421e+002
  4.4000000e-001  1.3448476e+002  1.3237640e+002  1.3650926e+002  1.3505896e+002  1.3080766e+002  1.3574594e+002  1.3268471e+002
  4.4666667e-001  1.3476285e+002  1.3244759e+002  1.3671269e+002  1.3519360e+002  1.3090588e+002  1.3602559e+002  1.3295914e+002
  4.5333333e-001  1.3501701e+002  1.3249210e+002  1.3688913e+002  1.3535695e+002  1.3098494e+002  1.3628893e+002  1.3326920e+002
  4.6000000e-001  1.3528821e+002  1.3255199e+002  1.3705208e+002  1.3555615e+002  1.3105270e+002  1.3658762e+002  1.3360848e+002
  4.6666667e-001  1.3555287e+002  1.3264537e+002  1.3726962e+002  1.3570956e+002  1.3111969e+002  1.3688353e+002  1.3396126e+002
  4.7333333e-001  1.3586218e+002  1.3277531e+002  1.3751183e+002  1.3583405e+002  1.3117285e+002  1.3713774e+002  1.3430029e+002
  4.8000000e-001  1.3620177e+002  1.3288179e+002  1.3770859e+002  1.3594212e+002  1.3123392e+002  1.3742902e+002  1.3469173e+002
  4.8666667e-001  1.3652953e+002  1.3295105e+002  1.3789847e+002  1.3602626e+002  1.3132721e+002  1.3774789e+002  1.3505041e+002
  4.9333333e-001  1.3685927e+002  1.3302634e+002  1.3810776e+002  1.3610504e+002  1.3142477e+002  1.3801413e+002  1.3535677e+002
  5.0000000e-001  1.3720593e+002  1.3315324e+002  1.3835062e+002  1.3621622e+002  1.3153253e+002  1.3823055e+002  1.3565308e+002
  5.0666667e-001  1.3758876e+002  1.3327744e+002  1.3860013e+002  1.3625520e+002  1.3167297e+002  1.3846178e+002  1.3588986e+002
  5.1333333e-001  1.3794881e+002  1.3336023e+002  1.3883414e+002  1.3631903e+002  1.3179785e+002  1.3864311e+002  1.3615515e+002
  5.2000000e-001  1.3833722e+002  1.3344087e+002  1.3903960e+002  1.3637993e+002  1.3191235e+002  1.3883438e+002  1.3640103e+002
  5.2666667e-001  1.3870973e+002  1.3349056e+002  1.3920732e+002  1.3643144e+002  1.3204498e+002  1.3899641e+002  1.3660281e+002
  5.3333333e-001  1.3910472e+002  1.3349818e+002  1.3935678e+002  1.3650751e+002  1.3209013e+002  1.3912741e+002  1.3673666e+002
  5.4000000e-001  1.3949350e+002  1.3349326e+002  1.3949280e+002  1.3658646e+002  1.3213174e+002  1.3927828e+002  1.3683002e+002
  5.4666667e-001  1.3985249e+002  1.3348094e+002  1.3963490e+002  1.3665723e+002  1.3220378e+002  1.3942133e+002  1.3694826e+002
  5.5333333e-001  1.4016699e+002  1.3351216e+002  1.3976047e+002  1.3675020e+002  1.3224738e+002  1.3954486e+002  1.3704086e+002
  5.6000000e-001  1.4044116e+002  1.3351294e+002  1.3989392e+002  1.3688725e+002  1.3228809e+002  1.3967631e+002  1.3710490e+002
  5.6666667e-001  1.4069066e+002  1.3351398e+002  1.4000507e+002  1.3703597e+002  1.3235124e+002  1.3981430e+002  1.3723097e+002
  5.7333333e-001  1.4093500e+002  1.3350470e+002  1.4013374e+002  1.3712291e+002  1.3238742e+002  1.3995726e+002  1.3737089e+002
  5.8000000e-001  1.4112886e+002  1.3350491e+002  1.4025215e+002  1.3724542e+002  1.3243367e+002  1.4006819e+002  1.3752814e+002
  5.8666667e-001  1.4130531e+002  1.3351848e+002  1.4035251e+002  1.3733055e+002  1.3246298e+002  1.4015715e+002  1.3762592e+002
  5.9333333e-001  1.4147444e+002  1.3350626e+002  1.4044493e+002  1.3741757e+002  1.3254677e+002  1.4021063e+002  1.3772362e+002
  6.0000000e-001  1.4173877e+002  1.3351823e+002  1.4054871e+002  1.3748753e+002  1.3259831e+002  1.4029765e+002  1.3784644e+002
  6.0666667e-001  1.4202783e+002  1.3353244e+002  1.4066145e+002  1.3749709e+002  1.3264404e+002  1.4036765e+002  1.3799438e+002
  6.1333333e-001  1.4233803e+002  1.3357960e+002  1.4104306e+002  1.3751746e+002  1.3268185e+002  1.4043584e+002  1.3809177e+002
  6.2000000e-001  1.4264969e+002  1.3367226e+002  1.4114868e+002  1.3759003e+002  1.3273224e+002  1.4048459e+002  1.3815953e+002
  6.2666667e-001  1.4294934e+002  1.3373459e+002  1.4126256e+002  1.3762282e+002  1.3281279e+002  1.4052406e+002  1.3824287e+002
  6.3333333e-001  1.4326924e+002  1.3379645e+002  1.4111038e+002  1.3763617e+002  1.3286731e+002  1.4056886e+002  1.3833449e+002
  6.4000000e-001  1.4360338e+002  1.3389621e+002  1.4122530e+002  1.3762872e+002  1.3290108e+002  1.4063350e+002  1.3838219e+002
  6.4666667e-001  1.4389458e+002  1.3399973e+002  1.4139198e+002  1.3760388e+002  1.3292888e+002  1.4069357e+002  1.3847627e+002
  6.5333333e-001  1.4418396e+002  1.3412556e+002  1.4181297e+002  1.3760994e+002  1.3296996e+002  1.4077502e+002  1.3852448e+002
  6.6000000e-001  1.4447641e+002  1.3421959e+002  1.4189565e+002  1.3759770e+002  1.3297790e+002  1.4080714e+002  1.3855129e+002
  6.6666667e-001  1.4471982e+002  1.3432611e+002  1.4203709e+002  1.3762462e+002  1.3301532e+002  1.4086052e+002  1.3858041e+002
  6.7333333e-001  1.4493156e+002  1.3445369e+002  1.4214229e+002  1.3767593e+002  1.3306946e+002  1.4094228e+002  1.3860248e+002
  6.8000000e-001  1.4511971e+002  1.3457886e+002  1.4226942e+002  1.3767830e+002  1.3309836e+002  1.4097815e+002  1.3863731e+002
  6.8666667e-001  1.4529778e+002  1.3470981e+002  1.4235678e+002  1.3769647e+002  1.3314127e+002  1.4103473e+002  1.3864691e+002
  6.9333333e-001  1.4545941e+002  1.3481126e+002  1.4238817e+002  1.3771149e+002  1.3319269e+002  1.4110049e+002  1.3865099e+002
  7.0000000e-001  1.4565460e+002  1.3492596e+002  1.4251866e+002  1.3770886e+002  1.3323714e+002  1.4112610e+002  1.3868674e+002
  7.0666667e-001  1.4586328e+002  1.3504108e+002  1.4260106e+002  1.3770077e+002  1.3328174e+002  1.4117020e+002  1.3871552e+002
  7.1333333e-001  1.4609819e+002  1.3517331e+002  1.4273090e+002  1.3773775e+002  1.3337622e+002  1.4121178e+002  1.3874953e+002
  7.2000000e-001  1.4631924e+002  1.3529683e+002  1.4272441e+002  1.3787582e+002  1.3346085e+002  1.4124136e+002  1.3878926e+002
  7.2666667e-001  1.4653221e+002  1.3542703e+002  1.4277718e+002  1.3809462e+002  1.3348981e+002  1.4129640e+002  1.3880386e+002
  7.3333333e-001  1.4681210e+002  1.3556221e+002  1.4278061e+002  1.3831976e+002  1.3354350e+002  1.4135228e+002  1.3878644e+002
  7.4000000e-001  1.4702057e+002  1.3571451e+002  1.4276794e+002  1.3851985e+002  1.3362120e+002  1.4138711e+002  1.3882408e+002
  7.4666667e-001  1.4723164e+002  1.3586911e+002  1.4281198e+002  1.3864372e+002  1.3371874e+002  1.4144406e+002  1.3887450e+002
  7.5333333e-001  1.4747377e+002  1.3600769e+002  1.4295520e+002  1.3873993e+002  1.3382132e+002  1.4149249e+002  1.3893724e+002
  7.6000000e-001  1.4769991e+002  1.3611819e+002  1.4295018e+002  1.3889880e+002  1.3392131e+002  1.4150493e+002  1.3896095e+002
  7.6666667e-001  1.4794975e+002  1.3623982e+002  1.4301195e+002  1.3903731e+002  1.3401773e+002  1.4152095e+002  1.3896159e+002
  7.7333333e-001  1.4822136e+002  1.3635825e+002  1.4308046e+002  1.3908109e+002  1.3408383e+002  1.4152280e+002  1.3897086e+002
  7.8000000e-001  1.4850731e+002  1.3644975e+002  1.4308940e+002  1.3908348e+002  1.3418231e+002  1.4156650e+002  1.3898074e+002
  7.8666667e-001  1.4875507e+002  1.3656575e+002  1.4317722e+002  1.3902510e+002  1.3427356e+002  1.4160719e+002  1.3901224e+002
  7.9333333e-001  1.4899257e+002  1.3669217e+002  1.4320223e+002  1.3899838e+002  1.3432695e+002  1.4160098e+002  1.3903880e+002
  8.0000000e-001  1.4924232e+002  1.3680924e+002  1.4318950e+002  1.3897479e+002  1.3436658e+002  1.4160436e+002  1.3904478e+002
  8.0666667e-001  1.4945190e+002  1.3692505e+002  1.4323381e+002  1.3893240e+002  1.3441786e+002  1.4162617e+002  1.3906160e+002
  8.1333333e-001  1.4966100e+002  1.3698760e+002  1.4325311e+002  1.3890285e+002  1.3446544e+002  1.4162387e+002  1.3904504e+002
  8.2000000e-001  1.4982687e+002  1.3702954e+002  1.4332513e+002  1.3886302e+002  1.3451547e+002  1.4163355e+002  1.3902904e+002
  8.2666667e-001  1.4995325e+002  1.3710004e+002  1.4338059e+002  1.3881158e+002  1.3455531e+002  1.4163150e+002  1.3903287e+002
  8.3333333e-001  1.5009251e+002  1.3715567e+002  1.4345352e+002  1.3878378e+002  1.3457648e+002  1.4161092e+002  1.3904982e+002
  8.4000000e-001  1.5021866e+002  1.3725453e+002  1.4344260e+002  1.3879878e+002  1.3458571e+002  1.4158528e+002  1.3905043e+002
  8.4666667e-001  1.5032951e+002  1.3734116e+002  1.4344104e+002  1.3881479e+002  1.3460378e+002  1.4158554e+002  1.3904120e+002
  8.5333333e-001  1.5040564e+002  1.3738971e+002  1.4339867e+002  1.3882927e+002  1.3462968e+002  1.4156426e+002  1.3903566e+002
  8.6000000e-001  1.5046732e+002  1.3743304e+002  1.4342198e+002  1.3883403e+002  1.3462918e+002  1.4152974e+002  1.3905017e+002
  8.6666667e-001  1.5054950e+002  1.3752499e+002  1.4346249e+002  1.3878824e+002  1.3464841e+002  1.4152892e+002  1.3903574e+002
  8.7333333e-001  1.5063402e+002  1.3760216e+002  1.4351233e+002  1.3869759e+002  1.3469441e+002  1.4149612e+002  1.3901224e+002
  8.8000000e-001  1.5071317e+002  1.3768835e+002  1.4350281e+002  1.3857904e+002  1.3471187e+002  1.4149886e+002  1.3903954e+002
  8.8666667e-001  1.5080150e+002  1.3775798e+002  1.4347624e+002  1.3846031e+002  1.3470987e+002  1.4150670e+002  1.3903923e+002
  8.9333333e-001  1.5086972e+002  1.3778998e+002  1.4347632e+002  1.3835602e+002  1.3471732e+002  1.4148230e+002  1.3903384e+002
  9.0000000e-001  1.5097989e+002  1.3784465e+002  1.4351128e+002  1.3823790e+002  1.3476695e+002  1.4145033e+002  1.3898408e+002
  9.0666667e-001  1.5105377e+002  1.3790225e+002  1.4353183e+002  1.3808775e+002  1.3479445e+002  1.4144736e+002  1.3896571e+002
  9.1333333e-001  1.5114523e+002  1.3796162e+002  1.4352953e+002  1.3798328e+002  1.3481079e+002  1.4146152e+002  1.3898447e+002
  9.2000000e-001  1.5122589e+002  1.3799442e+002  1.4348247e+002  1.3785007e+002  1.3485480e+002  1.4145238e+002  1.3899258e+002
  9.2666667e-001  1.5132158e+002  1.3804939e+002  1.4347688e+002  1.3776819e+002  1.3490141e+002  1.4145218e+002  1.3898067e+002
  9.3333333e-001  1.5143249e+002  1.3807059e+002  1.4343782e+002  1.3780534e+002  1.3488625e+002  1.4144556e+002  1.3897047e+002
  9.4000000e-001  1.5156436e+002  1.3810979e+002  1.4345721e+002  1.3782411e+002  1.3487007e+002  1.4144624e+002  1.3895735e+002
  9.4666667e-001  1.5168184e+002  1.3814043e+002  1.4332626e+002  1.3786218e+002  1.3486501e+002  1.4143453e+002  1.3891699e+002
  9.5333333e-001  1.5176006e+002  1.3815094e+002  1.4327750e+002  1.3785544e+002  1.3488531e+002  1.4140231e+002  1.3888812e+002
  9.6000000e-001  1.5179227e+002  1.3818394e+002  1.4321951e+002  1.3783546e+002  1.3490868e+002  1.4139049e+002  1.3891814e+002
  9.6666667e-001  1.5185167e+002  1.3825647e+002  1.4321999e+002  1.3782454e+002  1.3489493e+002  1.4134334e+002  1.3891232e+002
  9.7333333e-001  1.5190508e+002  1.3829269e+002  1.4324016e+002  1.3780940e+002  1.3490401e+002  1.4132526e+002  1.3888701e+002
  9.8000000e-001  1.5194457e+002  1.3827785e+002  1.4340660e+002  1.3781761e+002  1.3489769e+002  1.4131177e+002  1.3884903e+002
  9.8666667e-001  1.5196374e+002  1.3828053e+002  1.4337589e+002  1.3779617e+002  1.3488976e+002  1.4124661e+002  1.3883377e+002
  9.9333333e-001  1.5197903e+002  1.3830324e+002  1.4341544e+002  1.3776241e+002  1.3488577e+002  1.4118533e+002  1.3882838e+002
  1.0000000e+000  1.5199260e+002  1.3834274e+002  1.4343495e+002  1.3776059e+002  1.3488864e+002  1.4114722e+002  1.3880818e+002
  1.0066667e+000  1.5204063e+002  1.3837956e+002  1.4337318e+002  1.3773866e+002  1.3486809e+002  1.4114032e+002  1.3875751e+002
  1.0133333e+000  1.5206377e+002  1.3837822e+002  1.4333699e+002  1.3772665e+002  1.3488519e+002  1.4114015e+002  1.3870813e+002
  1.0200000e+000  1.5202110e+002  1.3838466e+002  1.4337415e+002  1.3770918e+002  1.3489557e+002  1.4113843e+002  1.3869380e+002
  1.0266667e+000  1.5201933e+002  1.3839839e+002  1.4337325e+002  1.3769881e+002  1.3487199e+002  1.4119101e+002  1.3863995e+002
  1.0333333e+000  1.5203684e+002  1.3839961e+002  1.4340195e+002  1.3769968e+002  1.3486250e+002  1.4122607e+002  1.3860991e+002
  1.0400000e+000  1.5204549e+002  1.3839145e+002  1.4339529e+002  1.3769243e+002  1.3488651e+002  1.4129161e+002  1.3860956e+002
  1.0466667e+000  1.5200070e+002  1.3841440e+002  1.4329234e+002  1.3768147e+002  1.3487973e+002  1.4134448e+002  1.3859068e+002
  1.0533333e+000  1.5199139e+002  1.3848892e+002  1.4321429e+002  1.3767496e+002  1.3486250e+002  1.4140198e+002  1.3853096e+002
  1.0600000e+000  1.5199510e+002  1.3864708e+002  1.4317664e+002  1.3767421e+002  1.3484670e+002  1.4145863e+002  1.3850880e+002
  1.0666667e+000  1.5201027e+002  1.3893848e+002  1.4319240e+002  1.3761874e+002  1.3485132e+002  1.4150946e+002  1.3850690e+002
  1.0733333e+000  1.5202383e+002  1.3889092e+002  1.4324452e+002  1.3758946e+002  1.3483786e+002  1.4156836e+002  1.3847807e+002
  1.0800000e+000  1.5202577e+002  1.3886679e+002  1.4332123e+002  1.3756908e+002  1.3482709e+002  1.4160454e+002  1.3843387e+002
  1.0866667e+000  1.5200815e+002  1.3888208e+002  1.4330838e+002  1.3756862e+002  1.3481331e+002  1.4162779e+002  1.3837979e+002
  1.0933333e+000  1.5197684e+002  1.3899075e+002  1.4331119e+002  1.3755244e+002  1.3474176e+002  1.4159949e+002  1.3837141e+002
  1.1000000e+000  1.5196944e+002  1.3894367e+002  1.4327058e+002  1.3752576e+002  1.3475117e+002  1.4156091e+002  1.3833730e+002
  1.1066667e+000  1.5195161e+002  1.3900842e+002  1.4323373e+002  1.3748640e+002  1.3477751e+002  1.4154336e+002  1.3828607e+002
  1.1133333e+000  1.5191563e+002  1.3903519e+002  1.4321944e+002  1.3742891e+002  1.3476424e+002  1.4151000e+002  1.3824387e+002
  1.1200000e+000  1.5190770e+002  1.3905765e+002  1.4307204e+002  1.3739394e+002  1.3472650e+002  1.4147612e+002  1.3823230e+002
  1.1266667e+000  1.5193866e+002  1.3910930e+002  1.4304153e+002  1.3737674e+002  1.3470587e+002  1.4141060e+002  1.3820560e+002
  1.1333333e+000  1.5194923e+002  1.3920982e+002  1.4301743e+002  1.3733513e+002  1.3466904e+002  1.4135616e+002  1.3815575e+002
  1.1400000e+000  1.5193720e+002  1.3927328e+002  1.4296306e+002  1.3729051e+002  1.3465007e+002  1.4131715e+002  1.3812950e+002
  1.1466667e+000  1.5189723e+002  1.3931525e+002  1.4293823e+002  1.3724735e+002  1.3464986e+002  1.4124957e+002  1.3811534e+002
  1.1533333e+000  1.5188075e+002  1.3937860e+002  1.4292560e+002  1.3717981e+002  1.3464194e+002  1.4121483e+002  1.3807646e+002
  1.1600000e+000  1.5185754e+002  1.3939955e+002  1.4271982e+002  1.3713104e+002  1.3465021e+002  1.4118545e+002  1.3804370e+002
  1.1666667e+000  1.5181191e+002  1.3879735e+002  1.4259650e+002  1.3709665e+002  1.3465018e+002  1.4114478e+002  1.3804305e+002
  1.1733333e+000  1.5181282e+002  1.3874663e+002  1.4252232e+002  1.3704770e+002  1.3463246e+002  1.4109131e+002  1.3801823e+002
  1.1800000e+000  1.5181346e+002  1.3870895e+002  1.4249764e+002  1.3701094e+002  1.3463814e+002  1.4105743e+002  1.3798431e+002
  1.1866667e+000  1.5182011e+002  1.3871826e+002  1.4245316e+002  1.3698668e+002  1.3466817e+002  1.4101962e+002  1.3793193e+002
  1.1933333e+000  1.5181879e+002  1.3867793e+002  1.4237866e+002  1.3696454e+002  1.3464537e+002  1.4098979e+002  1.3792604e+002
  1.2000000e+000  1.5181325e+002  1.3868947e+002  1.4231409e+002  1.3691238e+002  1.3462984e+002  1.4093863e+002  1.3795323e+002
  1.2066667e+000  1.5175830e+002  1.3869763e+002  1.4227095e+002  1.3688574e+002  1.3460020e+002  1.4091643e+002  1.3799306e+002
  1.2133333e+000  1.5168826e+002  1.3870071e+002  1.4222925e+002  1.3684688e+002  1.3458115e+002  1.4087029e+002  1.3802127e+002
  1.2200000e+000  1.5168179e+002  1.3868672e+002  1.4221764e+002  1.3679623e+002  1.3458469e+002  1.4084630e+002  1.3799939e+002
  1.2266667e+000  1.5172263e+002  1.3867998e+002  1.4215495e+002  1.3675391e+002  1.3457025e+002  1.4080847e+002  1.3797202e+002
  1.2333333e+000  1.5170946e+002  1.3869693e+002  1.4210220e+002  1.3674112e+002  1.3460078e+002  1.4070000e+002  1.3794263e+002
  1.2400000e+000  1.5166017e+002  1.3869664e+002  1.4206265e+002  1.3674446e+002  1.3461296e+002  1.4060429e+002  1.3789249e+002
  1.2466667e+000  1.5158813e+002  1.3867596e+002  1.4200142e+002  1.3671254e+002  1.3458919e+002  1.4044841e+002  1.3783289e+002
  1.2533333e+000  1.5159363e+002  1.3868005e+002  1.4195070e+002  1.3668185e+002  1.3455614e+002  1.4030455e+002  1.3782001e+002
  1.2600000e+000  1.5161893e+002  1.3867432e+002  1.4189208e+002  1.3666057e+002  1.3455460e+002  1.4016527e+002  1.3781015e+002
  1.2666667e+000  1.5158656e+002  1.3864136e+002  1.4182767e+002  1.3664317e+002  1.3453601e+002  1.4001054e+002  1.3777499e+002
  1.2733333e+000  1.5154688e+002  1.3861652e+002  1.4175722e+002  1.3662024e+002  1.3451146e+002  1.3990006e+002  1.3770200e+002
  1.2800000e+000  1.5153481e+002  1.3858598e+002  1.4172494e+002  1.3657431e+002  1.3449284e+002  1.3980788e+002  1.3764177e+002
  1.2866667e+000  1.5150140e+002  1.3857509e+002  1.4166080e+002  1.3655295e+002  1.3446803e+002  1.3969768e+002  1.3757155e+002
  1.2933333e+000  1.5145989e+002  1.3855141e+002  1.4157576e+002  1.3654785e+002  1.3443698e+002  1.3954190e+002  1.3748071e+002
  1.3000000e+000  1.5144116e+002  1.3850552e+002  1.4149466e+002  1.3649220e+002  1.3445128e+002  1.3942835e+002  1.3741867e+002
  1.3066667e+000  1.5139229e+002  1.3845503e+002  1.4143826e+002  1.3647284e+002  1.3445480e+002  1.3931972e+002  1.3735696e+002
  1.3133333e+000  1.5136955e+002  1.3840433e+002  1.4136858e+002  1.3643886e+002  1.3442152e+002  1.3920604e+002  1.3729445e+002
  1.3200000e+000  1.5133684e+002  1.3836551e+002  1.4129916e+002  1.3641640e+002  1.3439241e+002  1.3913942e+002  1.3724234e+002
  1.3266667e+000  1.5130185e+002  1.3829973e+002  1.4123145e+002  1.3641798e+002  1.3439461e+002  1.3909914e+002  1.3715981e+002
  1.3333333e+000  1.5130147e+002  1.3823949e+002  1.4114085e+002  1.3638119e+002  1.3439270e+002  1.3905553e+002  1.3707794e+002
  1.3400000e+000  1.5128272e+002  1.3820467e+002  1.4105853e+002  1.3636510e+002  1.3439088e+002  1.3902768e+002  1.3700479e+002
  1.3466667e+000  1.5124699e+002  1.3815314e+002  1.4099017e+002  1.3633925e+002  1.3436433e+002  1.3900238e+002  1.3702704e+002
  1.3533333e+000  1.5121515e+002  1.3806979e+002  1.4090500e+002  1.3629819e+002  1.3433424e+002  1.3898956e+002  1.3716582e+002
  1.3600000e+000  1.5114566e+002  1.3800693e+002  1.4083141e+002  1.3628473e+002  1.3431636e+002  1.3892943e+002  1.3736372e+002
  1.3666667e+000  1.5109975e+002  1.3799599e+002  1.4075438e+002  1.3626697e+002  1.3429782e+002  1.3891087e+002  1.3759833e+002
  1.3733333e+000  1.5107227e+002  1.3795656e+002  1.4067081e+002  1.3626204e+002  1.3428767e+002  1.3892645e+002  1.3772046e+002
  1.3800000e+000  1.5100731e+002  1.3788901e+002  1.4059058e+002  1.3623094e+002  1.3424599e+002  1.3886360e+002  1.3769457e+002
  1.3866667e+000  1.5095924e+002  1.3784589e+002  1.4052499e+002  1.3619264e+002  1.3420505e+002  1.3881899e+002  1.3764145e+002
  1.3933333e+000  1.5092998e+002  1.3783443e+002  1.4046301e+002  1.3616591e+002  1.3415448e+002  1.3878087e+002  1.3757291e+002
  1.4000000e+000  1.5089536e+002  1.3777472e+002  1.4039618e+002  1.3614256e+002  1.3414604e+002  1.3873850e+002  1.3751704e+002
  1.4066667e+000  1.5084000e+002  1.3769008e+002  1.4033168e+002  1.3615868e+002  1.3414902e+002  1.3870128e+002  1.3749217e+002
  1.4133333e+000  1.5081900e+002  1.3762882e+002  1.4025240e+002  1.3612514e+002  1.3414833e+002  1.3866219e+002  1.3746709e+002
  1.4200000e+000  1.5076840e+002  1.3758119e+002  1.4015311e+002  1.3610507e+002  1.3415971e+002  1.3861931e+002  1.3748033e+002
  1.4266667e+000  1.5073730e+002  1.3752838e+002  1.4007401e+002  1.3607188e+002  1.3413449e+002  1.3860815e+002  1.3748734e+002
  1.4333333e+000  1.5068124e+002  1.3756384e+002  1.3998782e+002  1.3602882e+002  1.3412814e+002  1.3857025e+002  1.3746437e+002
  1.4400000e+000  1.5066557e+002  1.3765065e+002  1.3990918e+002  1.3599004e+002  1.3412839e+002  1.3851834e+002  1.3738467e+002
  1.4466667e+000  1.5067981e+002  1.3775101e+002  1.3981755e+002  1.3594997e+002  1.3409737e+002  1.3847011e+002  1.3710200e+002
  1.4533333e+000  1.5066257e+002  1.3784448e+002  1.3974139e+002  1.3592889e+002  1.3407899e+002  1.3845653e+002  1.3677821e+002
  1.4600000e+000  1.5064452e+002  1.3792201e+002  1.3971745e+002  1.3588794e+002  1.3405186e+002  1.3842210e+002  1.3650200e+002
  1.4666667e+000  1.5062778e+002  1.3796107e+002  1.3973808e+002  1.3584282e+002  1.3400543e+002  1.3838474e+002  1.3634578e+002
  1.4733333e+000  1.5058859e+002  1.3792473e+002  1.3982262e+002  1.3581798e+002  1.3396973e+002  1.3832431e+002  1.3633223e+002
  1.4800000e+000  1.5054640e+002  1.3784749e+002  1.3990739e+002  1.3579178e+002  1.3393428e+002  1.3828201e+002  1.3632388e+002
  1.4866667e+000  1.5052873e+002  1.3775690e+002  1.3999252e+002  1.3577846e+002  1.3387967e+002  1.3825748e+002  1.3632509e+002
  1.4933333e+000  1.5048612e+002  1.3768784e+002  1.4008685e+002  1.3575014e+002  1.3388413e+002  1.3820306e+002  1.3631157e+002
  1.5000000e+000  1.5046584e+002  1.3764169e+002  1.4014009e+002  1.3573570e+002  1.3394769e+002  1.3818953e+002  1.3631335e+002
  1.5066667e+000  1.5043133e+002  1.3758241e+002  1.4014973e+002  1.3570563e+002  1.3406728e+002  1.3817731e+002  1.3630974e+002
  1.5133333e+000  1.5041127e+002  1.3751692e+002  1.4006134e+002  1.3567058e+002  1.3420352e+002  1.3814238e+002  1.3627809e+002
  1.5200000e+000  1.5037797e+002  1.3746628e+002  1.3998692e+002  1.3565840e+002  1.3430347e+002  1.3808508e+002  1.3626627e+002
  1.5266667e+000  1.5031711e+002  1.3739893e+002  1.3994145e+002  1.3564165e+002  1.3440552e+002  1.3805193e+002  1.3625475e+002
  1.5333333e+000  1.5029369e+002  1.3732419e+002  1.3990050e+002  1.3560455e+002  1.3451656e+002  1.3803563e+002  1.3623560e+002
  1.5400000e+000  1.5028688e+002  1.3725121e+002  1.3982608e+002  1.3558308e+002  1.3461877e+002  1.3797972e+002  1.3619751e+002
  1.5466667e+000  1.5023940e+002  1.3720720e+002  1.3976300e+002  1.3556831e+002  1.3469040e+002  1.3792191e+002  1.3618457e+002
  1.5533333e+000  1.5019733e+002  1.3719572e+002  1.3971954e+002  1.3555391e+002  1.3469186e+002  1.3789801e+002  1.3618712e+002
  1.5600000e+000  1.5015608e+002  1.3715468e+002  1.3971237e+002  1.3557726e+002  1.3466022e+002  1.3786978e+002  1.3618132e+002
  1.5666667e+000  1.5013858e+002  1.3712061e+002  1.3966516e+002  1.3556113e+002  1.3462027e+002  1.3782884e+002  1.3613057e+002
  1.5733333e+000  1.5013037e+002  1.3704053e+002  1.3962762e+002  1.3551732e+002  1.3455086e+002  1.3775711e+002  1.3605353e+002
  1.5800000e+000  1.5009772e+002  1.3686343e+002  1.3958244e+002  1.3549721e+002  1.3450302e+002  1.3771544e+002  1.3603348e+002
  1.5866667e+000  1.5006265e+002  1.3661633e+002  1.3954692e+002  1.3550429e+002  1.3447504e+002  1.3770465e+002  1.3599748e+002
  1.5933333e+000  1.5002806e+002  1.3637614e+002  1.3952823e+002  1.3550938e+002  1.3443140e+002  1.3765747e+002  1.3594786e+002
  1.6000000e+000  1.5002731e+002  1.3616852e+002  1.3950165e+002  1.3549416e+002  1.3441609e+002  1.3760974e+002  1.3588176e+002
  1.6066667e+000  1.5003999e+002  1.3595073e+002  1.3945750e+002  1.3546277e+002  1.3439140e+002  1.3756985e+002  1.3581447e+002
  1.6133333e+000  1.4999748e+002  1.3582790e+002  1.3941084e+002  1.3546272e+002  1.3435561e+002  1.3752480e+002  1.3577588e+002
  1.6200000e+000  1.4995657e+002  1.3580399e+002  1.3925882e+002  1.3547012e+002  1.3434370e+002  1.3746452e+002  1.3572833e+002
  1.6266667e+000  1.4995726e+002  1.3576303e+002  1.3898996e+002  1.3543756e+002  1.3433110e+002  1.3742403e+002  1.3567836e+002
  1.6333333e+000  1.4992615e+002  1.3576978e+002  1.3874114e+002  1.3542836e+002  1.3432915e+002  1.3739619e+002  1.3563455e+002
  1.6400000e+000  1.4990161e+002  1.3573030e+002  1.3853391e+002  1.3542383e+002  1.3428505e+002  1.3731947e+002  1.3555464e+002
  1.6466667e+000  1.4984847e+002  1.3570453e+002  1.3836063e+002  1.3540544e+002  1.3424388e+002  1.3730039e+002  1.3548492e+002
  1.6533333e+000  1.4979694e+002  1.3565323e+002  1.3830199e+002  1.3539416e+002  1.3426668e+002  1.3728126e+002  1.3542610e+002
  1.6600000e+000  1.4975714e+002  1.3559549e+002  1.3829936e+002  1.3537970e+002  1.3428474e+002  1.3720822e+002  1.3540987e+002
  1.6666667e+000  1.4971107e+002  1.3556349e+002  1.3829451e+002  1.3535529e+002  1.3425894e+002  1.3717795e+002  1.3539372e+002
  1.6733333e+000  1.4964436e+002  1.3553696e+002  1.3830525e+002  1.3535712e+002  1.3425726e+002  1.3715672e+002  1.3534839e+002
  1.6800000e+000  1.4960001e+002  1.3547644e+002  1.3828230e+002  1.3533849e+002  1.3421532e+002  1.3713559e+002  1.3530362e+002
  1.6866667e+000  1.4955676e+002  1.3540562e+002  1.3827019e+002  1.3530237e+002  1.3410289e+002  1.3709551e+002  1.3524745e+002
  1.6933333e+000  1.4952435e+002  1.3535288e+002  1.3825694e+002  1.3527289e+002  1.3398306e+002  1.3705315e+002  1.3522092e+002
  1.7000000e+000  1.4948267e+002  1.3529617e+002  1.3824443e+002  1.3527518e+002  1.3387022e+002  1.3703272e+002  1.3518268e+002
  1.7066667e+000  1.4942755e+002  1.3525607e+002  1.3824239e+002  1.3526730e+002  1.3373456e+002  1.3698488e+002  1.3514110e+002
  1.7133333e+000  1.4934894e+002  1.3523868e+002  1.3820898e+002  1.3522389e+002  1.3358310e+002  1.3694585e+002  1.3511980e+002
  1.7200000e+000  1.4928810e+002  1.3518228e+002  1.3819199e+002  1.3517944e+002  1.3344768e+002  1.3693098e+002  1.3509163e+002
  1.7266667e+000  1.4923636e+002  1.3513203e+002  1.3817659e+002  1.3516670e+002  1.3334787e+002  1.3691176e+002  1.3507390e+002
  1.7333333e+000  1.4918666e+002  1.3509236e+002  1.3818803e+002  1.3515160e+002  1.3328821e+002  1.3688327e+002  1.3508093e+002
  1.7400000e+000  1.4912091e+002  1.3502466e+002  1.3818062e+002  1.3513728e+002  1.3327139e+002  1.3687692e+002  1.3507922e+002
  1.7466667e+000  1.4904411e+002  1.3498605e+002  1.3816750e+002  1.3512396e+002  1.3326025e+002  1.3685135e+002  1.3503893e+002
  1.7533333e+000  1.4897981e+002  1.3494273e+002  1.3811153e+002  1.3510231e+002  1.3326544e+002  1.3681532e+002  1.3501730e+002
  1.7600000e+000  1.4889749e+002  1.3489531e+002  1.3808704e+002  1.3507585e+002  1.3327782e+002  1.3677992e+002  1.3500247e+002
  1.7666667e+000  1.4880557e+002  1.3480794e+002  1.3806171e+002  1.3506151e+002  1.3330309e+002  1.3674701e+002  1.3496510e+002
  1.7733333e+000  1.4873877e+002  1.3473125e+002  1.3803162e+002  1.3503494e+002  1.3331081e+002  1.3671973e+002  1.3495810e+002
  1.7800000e+000  1.4866064e+002  1.3469974e+002  1.3800308e+002  1.3502422e+002  1.3331357e+002  1.3669562e+002  1.3496651e+002
  1.7866667e+000  1.4857524e+002  1.3463710e+002  1.3797554e+002  1.3501190e+002  1.3329132e+002  1.3666356e+002  1.3494544e+002
  1.7933333e+000  1.4850816e+002  1.3457216e+002  1.3793892e+002  1.3502443e+002  1.3327580e+002  1.3662901e+002  1.3493349e+002
  1.8000000e+000  1.4842639e+002  1.3450676e+002  1.3790736e+002  1.3501508e+002  1.3326028e+002  1.3659236e+002  1.3494777e+002
  1.8066667e+000  1.4834666e+002  1.3444725e+002  1.3789731e+002  1.3499904e+002  1.3323192e+002  1.3655702e+002  1.3494687e+002
  1.8133333e+000  1.4823349e+002  1.3441187e+002  1.3786385e+002  1.3497360e+002  1.3321443e+002  1.3655405e+002  1.3494585e+002
  1.8200000e+000  1.4812582e+002  1.3436125e+002  1.3781271e+002  1.3493065e+002  1.3322232e+002  1.3651216e+002  1.3497664e+002
  1.8266667e+000  1.4802982e+002  1.3430542e+002  1.3777843e+002  1.3494743e+002  1.3322307e+002  1.3648401e+002  1.3497035e+002
  1.8333333e+000  1.4795067e+002  1.3423076e+002  1.3776054e+002  1.3493999e+002  1.3323019e+002  1.3645628e+002  1.3497378e+002
  1.8400000e+000  1.4785388e+002  1.3414560e+002  1.3772279e+002  1.3491364e+002  1.3319423e+002  1.3641450e+002  1.3499147e+002
  1.8466667e+000  1.4772502e+002  1.3408467e+002  1.3768637e+002  1.3489504e+002  1.3319377e+002  1.3637689e+002  1.3498704e+002
  1.8533333e+000  1.4760840e+002  1.3402960e+002  1.3762205e+002  1.3488777e+002  1.3322444e+002  1.3635765e+002  1.3498134e+002
  1.8600000e+000  1.4746626e+002  1.3397568e+002  1.3754990e+002  1.3487859e+002  1.3321138e+002  1.3635336e+002  1.3497249e+002
  1.8666667e+000  1.4735548e+002  1.3391298e+002  1.3754401e+002  1.3485844e+002  1.3318567e+002  1.3633044e+002  1.3495309e+002
  1.8733333e+000  1.4724210e+002  1.3382211e+002  1.3751242e+002  1.3485822e+002  1.3321501e+002  1.3629550e+002  1.3496487e+002
  1.8800000e+000  1.4718121e+002  1.3377873e+002  1.3747202e+002  1.3480682e+002  1.3323116e+002  1.3629970e+002  1.3498392e+002
  1.8866667e+000  1.4719322e+002  1.3373172e+002  1.3743625e+002  1.3479169e+002  1.3320976e+002  1.3628891e+002  1.3499202e+002
  1.8933333e+000  1.4718691e+002  1.3369258e+002  1.3739784e+002  1.3481882e+002  1.3320200e+002  1.3624895e+002  1.3497331e+002
  1.9000000e+000  1.4717397e+002  1.3364784e+002  1.3736603e+002  1.3481105e+002  1.3317837e+002  1.3623834e+002  1.3497069e+002
  1.9066667e+000  1.4718408e+002  1.3359192e+002  1.3736589e+002  1.3479742e+002  1.3315622e+002  1.3622237e+002  1.3498595e+002
  1.9133333e+000  1.4718152e+002  1.3355037e+002  1.3734869e+002  1.3477148e+002  1.3312839e+002  1.3618213e+002  1.3500142e+002
  1.9200000e+000  1.4717705e+002  1.3351605e+002  1.3732065e+002  1.3475961e+002  1.3310629e+002  1.3615251e+002  1.3502573e+002
  1.9266667e+000  1.4709291e+002  1.3344351e+002  1.3729009e+002  1.3477814e+002  1.3310605e+002  1.3612347e+002  1.3501971e+002
  1.9333333e+000  1.4696782e+002  1.3338562e+002  1.3726566e+002  1.3474461e+002  1.3307712e+002  1.3612537e+002  1.3504581e+002
  1.9400000e+000  1.4683978e+002  1.3335382e+002  1.3723175e+002  1.3470665e+002  1.3306233e+002  1.3610384e+002  1.3509551e+002
  1.9466667e+000  1.4672636e+002  1.3331345e+002  1.3718413e+002  1.3468645e+002  1.3306682e+002  1.3606874e+002  1.3509906e+002
  1.9533333e+000  1.4660640e+002  1.3324234e+002  1.3715288e+002  1.3470351e+002  1.3307126e+002  1.3604662e+002  1.3511291e+002
  1.9600000e+000  1.4646365e+002  1.3318903e+002  1.3712465e+002  1.3469215e+002  1.3303551e+002  1.3603130e+002  1.3515138e+002
  1.9666667e+000  1.4635399e+002  1.3312569e+002  1.3708379e+002  1.3465901e+002  1.3300803e+002  1.3603471e+002  1.3518541e+002
  1.9733333e+000  1.4624217e+002  1.3308948e+002  1.3706249e+002  1.3462688e+002  1.3301926e+002  1.3597871e+002  1.3519957e+002
  1.9800000e+000  1.4610288e+002  1.3305116e+002  1.3701376e+002  1.3460899e+002  1.3300824e+002  1.3593829e+002  1.3521426e+002
  1.9866667e+000  1.4599240e+002  1.3300009e+002  1.3697162e+002  1.3461054e+002  1.3300293e+002  1.3594778e+002  1.3524216e+002
  1.9933333e+000  1.4593602e+002  1.3294458e+002  1.3694807e+002  1.3459178e+002  1.3298520e+002  1.3591450e+002  1.3526434e+002
  2.0000000e+000  1.4585716e+002  1.3290010e+002  1.3692252e+002  1.3457466e+002  1.3297853e+002  1.3587341e+002  1.3528510e+002
