 -5.0000000e-001 -1.2299656e+001 -1.1572688e+001 -6.5238600e+000 -1.1151701e+001 -1.1020321e+001 -1.0767076e+001 -1.0385545e+001
 -4.9333333e-001 -1.2302075e+001 -1.1561489e+001 -6.5129220e+000 -1.1175481e+001 -1.1027016e+001 -1.0760015e+001 -1.0383801e+001
 -4.8666667e-001 -1.2308594e+001 -1.1577966e+001 -6.5006730e+000 -1.1148487e+001 -1.1034025e+001 -1.0760914e+001 -1.0388650e+001
 -4.8000000e-001 -1.2303468e+001 -1.1572924e+001 -6.5121710e+000 -1.1140457e+001 -1.1012363e+001 -1.0762349e+001 -1.0388308e+001
 -4.7333333e-001 -1.2312256e+001 -1.1559561e+001 -6.4920540e+000 -1.1156003e+001 -1.1019772e+001 -1.0763552e+001 -1.0390840e+001
 -4.6666667e-001 -1.2313798e+001 -1.1583460e+001 -6.5060740e+000 -1.1159545e+001 -1.1025970e+001 -1.0768806e+001 -1.0386387e+001
 -4.6000000e-001 -1.2317087e+001 -1.1577503e+001 -6.5111830e+000 -1.1165449e+001 -1.1017896e+001 -1.0777450e+001 -1.0391332e+001
 -4.5333333e-001 -1.2306926e+001 -1.1581323e+001 -6.5018060e+000 -1.1174413e+001 -1.1014404e+001 -1.0761108e+001 -1.0386784e+001
 -4.4666667e-001 -1.2298698e+001 -1.1577059e+001 -6.5121020e+000 -1.1168241e+001 -1.1028117e+001 -1.0777188e+001 -1.0382924e+001
 -4.4000000e-001 -1.2303876e+001 -1.1569923e+001 -6.5093690e+000 -1.1176084e+001 -1.1026682e+001 -1.0767267e+001 -1.0393329e+001
 -4.3333333e-001 -1.2295694e+001 -1.1572387e+001 -6.5274350e+000 -1.1161253e+001 -1.1028499e+001 -1.0774069e+001 -1.0404914e+001
 -4.2666667e-001 -1.2319143e+001 -1.1572174e+001 -6.5262750e+000 -1.1161026e+001 -1.1038512e+001 -1.0775214e+001 -1.0392190e+001
 -4.2000000e-001 -1.2306811e+001 -1.1596410e+001 -6.5173440e+000 -1.1179849e+001 -1.1034163e+001 -1.0777130e+001 -1.0392874e+001
 -4.1333333e-001 -1.2290847e+001 -1.1588683e+001 -6.5267020e+000 -1.1175433e+001 -1.1032352e+001 -1.0796578e+001 -1.0397579e+001
 -4.0666667e-001 -1.2295212e+001 -1.1579270e+001 -6.5289050e+000 -1.1174656e+001 -1.1032621e+001 -1.0790437e+001 -1.0413385e+001
 -4.0000000e-001 -1.2303585e+001 -1.1586017e+001 -6.5146580e+000 -1.1177006e+001 -1.1034410e+001 -1.0800351e+001 -1.0413999e+001
 -3.9333333e-001 -1.2298663e+001 -1.1583841e+001 -6.5281330e+000 -1.1156581e+001 -1.1035378e+001 -1.0808084e+001 -1.0393736e+001
 -3.8666667e-001 -1.2298488e+001 -1.1567451e+001 -6.5271090e+000 -1.1153715e+001 -1.1033629e+001 -1.0801029e+001 -1.0393947e+001
 -3.8000000e-001 -1.2310927e+001 -1.1583805e+001 -6.5152760e+000 -1.1157658e+001 -1.1044907e+001 -1.0800806e+001 -1.0397269e+001
 -3.7333333e-001 -1.2306850e+001 -1.1582223e+001 -6.5342450e+000 -1.1164080e+001 -1.1050699e+001 -1.0811671e+001 -1.0405707e+001
 -3.6666667e-001 -1.2306797e+001 -1.1577765e+001 -6.5451410e+000 -1.1163974e+001 -1.1047483e+001 -1.0812814e+001 -1.0388097e+001
 -3.6000000e-001 -1.2304743e+001 -1.1562553e+001 -6.5305990e+000 -1.1136085e+001 -1.1036695e+001 -1.0807827e+001 -1.0398151e+001
 -3.5333333e-001 -1.2307121e+001 -1.1593783e+001 -6.5081220e+000 -1.1151524e+001 -1.1036510e+001 -1.0806886e+001 -1.0415436e+001
 -3.4666667e-001 -1.2320016e+001 -1.1579824e+001 -6.5245870e+000 -1.1145905e+001 -1.1039177e+001 -1.0811000e+001 -1.0402509e+001
 -3.4000000e-001 -1.2310263e+001 -1.1585385e+001 -6.5396130e+000 -1.1138438e+001 -1.1037385e+001 -1.0817343e+001 -1.0397289e+001
 -3.3333333e-001 -1.2312455e+001 -1.1576788e+001 -6.5267910e+000 -1.1146008e+001 -1.1046010e+001 -1.0793488e+001 -1.0391468e+001
 -3.2666667e-001 -1.2305758e+001 -1.1577176e+001 -6.5343570e+000 -1.1139033e+001 -1.1036322e+001 -1.0801550e+001 -1.0388189e+001
 -3.2000000e-001 -1.2310795e+001 -1.1575146e+001 -6.5284830e+000 -1.1131510e+001 -1.1036744e+001 -1.0803687e+001 -1.0394774e+001
 -3.1333333e-001 -1.2303297e+001 -1.1569171e+001 -6.5413620e+000 -1.1144841e+001 -1.1018597e+001 -1.0802059e+001 -1.0388426e+001
 -3.0666667e-001 -1.2305127e+001 -1.1561019e+001 -6.5295950e+000 -1.1126902e+001 -1.1025673e+001 -1.0813138e+001 -1.0388842e+001
 -3.0000000e-001 -1.2314622e+001 -1.1566483e+001 -6.5356590e+000 -1.1115067e+001 -1.1039943e+001 -1.0810147e+001 -1.0395160e+001
 -2.9333333e-001 -1.2321928e+001 -1.1554488e+001 -6.5344360e+000 -1.1125639e+001 -1.1028613e+001 -1.0811798e+001 -1.0409296e+001
 -2.8666667e-001 -1.2322730e+001 -1.1561749e+001 -6.5220520e+000 -1.1112939e+001 -1.1044423e+001 -1.0809444e+001 -1.0410700e+001
 -2.8000000e-001 -1.2301438e+001 -1.1551228e+001 -6.5271630e+000 -1.1115313e+001 -1.1043479e+001 -1.0806236e+001 -1.0384338e+001
 -2.7333333e-001 -1.2314228e+001 -1.1555524e+001 -6.5111030e+000 -1.1106104e+001 -1.1057496e+001 -1.0797942e+001 -1.0400122e+001
 -2.6666667e-001 -1.2311845e+001 -1.1560690e+001 -6.5332940e+000 -1.1119626e+001 -1.1059823e+001 -1.0821742e+001 -1.0413076e+001
 -2.6000000e-001 -1.2309095e+001 -1.1554877e+001 -6.5304670e+000 -1.1111052e+001 -1.1068130e+001 -1.0804546e+001 -1.0413588e+001
 -2.5333333e-001 -1.2303987e+001 -1.1562725e+001 -6.5384830e+000 -1.1108982e+001 -1.1057449e+001 -1.0799397e+001 -1.0409445e+001
 -2.4666667e-001 -1.2327161e+001 -1.1567687e+001 -6.5200470e+000 -1.1089597e+001 -1.1052402e+001 -1.0808439e+001 -1.0396899e+001
 -2.4000000e-001 -1.2324936e+001 -1.1558201e+001 -6.5272500e+000 -1.1097615e+001 -1.1056008e+001 -1.0804244e+001 -1.0393924e+001
 -2.3333333e-001 -1.2315295e+001 -1.1582469e+001 -6.5414960e+000 -1.1081076e+001 -1.1057876e+001 -1.0798097e+001 -1.0408961e+001
 -2.2666667e-001 -1.2306491e+001 -1.1571988e+001 -6.5342820e+000 -1.1110292e+001 -1.1058604e+001 -1.0811688e+001 -1.0385692e+001
 -2.2000000e-001 -1.2298623e+001 -1.1585292e+001 -6.5611010e+000 -1.1099049e+001 -1.1046885e+001 -1.0790734e+001 -1.0400900e+001
 -2.1333333e-001 -1.2314180e+001 -1.1587308e+001 -6.5392260e+000 -1.1090087e+001 -1.1059861e+001 -1.0793573e+001 -1.0409945e+001
 -2.0666667e-001 -1.2316862e+001 -1.1590008e+001 -6.5525000e+000 -1.1101131e+001 -1.1056343e+001 -1.0810409e+001 -1.0403058e+001
 -2.0000000e-001 -1.2305132e+001 -1.1572993e+001 -6.5449520e+000 -1.1098294e+001 -1.1064748e+001 -1.0808322e+001 -1.0397213e+001
 -1.9333333e-001 -1.2289851e+001 -1.1585810e+001 -6.5531730e+000 -1.1101163e+001 -1.1076564e+001 -1.0809799e+001 -1.0399283e+001
 -1.8666667e-001 -1.2300162e+001 -1.1579441e+001 -6.5500970e+000 -1.1090320e+001 -1.1072109e+001 -1.0811800e+001 -1.0394889e+001
 -1.8000000e-001 -1.2288856e+001 -1.1576492e+001 -6.5613090e+000 -1.1102799e+001 -1.1073428e+001 -1.0808747e+001 -1.0388268e+001
 -1.7333333e-001 -1.2295657e+001 -1.1575120e+001 -6.5655070e+000 -1.1106034e+001 -1.1066141e+001 -1.0812202e+001 -1.0384498e+001
 -1.6666667e-001 -1.2294376e+001 -1.1575377e+001 -6.5710020e+000 -1.1110594e+001 -1.1083792e+001 -1.0799126e+001 -1.0401902e+001
 -1.6000000e-001 -1.2302724e+001 -1.1573742e+001 -6.5768980e+000 -1.1104032e+001 -1.1072044e+001 -1.0808418e+001 -1.0394039e+001
 -1.5333333e-001 -1.2291564e+001 -1.1597122e+001 -6.5828600e+000 -1.1096141e+001 -1.1066897e+001 -1.0789077e+001 -1.0394030e+001
 -1.4666667e-001 -1.2296028e+001 -1.1575996e+001 -6.5874990e+000 -1.1104050e+001 -1.1076373e+001 -1.0798381e+001 -1.0385017e+001
 -1.4000000e-001 -1.2295323e+001 -1.1567012e+001 -6.6001380e+000 -1.1097368e+001 -1.1075898e+001 -1.0799995e+001 -1.0392655e+001
 -1.3333333e-001 -1.2279504e+001 -1.1589334e+001 -6.5927690e+000 -1.1128728e+001 -1.1088597e+001 -1.0810263e+001 -1.0400654e+001
 -1.2666667e-001 -1.2282517e+001 -1.1564352e+001 -6.6131970e+000 -1.1114573e+001 -1.1072106e+001 -1.0796257e+001 -1.0394085e+001
 -1.2000000e-001 -1.2276037e+001 -1.1570145e+001 -6.6115540e+000 -1.1115563e+001 -1.1074328e+001 -1.0808514e+001 -1.0402368e+001
 -1.1333333e-001 -1.2269352e+001 -1.1567106e+001 -6.6130190e+000 -1.1115700e+001 -1.1065159e+001 -1.0811558e+001 -1.0402197e+001
 -1.0666667e-001 -1.2265799e+001 -1.1572167e+001 -6.6076510e+000 -1.1110430e+001 -1.1068621e+001 -1.0813305e+001 -1.0406223e+001
 -1.0000000e-001 -1.2269043e+001 -1.1569689e+001 -6.6219500e+000 -1.1113698e+001 -1.1054363e+001 -1.0792279e+001 -1.0404183e+001
 -9.3333333e-002 -1.2269119e+001 -1.1576423e+001 -6.6274110e+000 -1.1111751e+001 -1.1071280e+001 -1.0789369e+001 -1.0398786e+001
 -8.6666667e-002 -1.2265200e+001 -1.1580802e+001 -6.6212760e+000 -1.1116312e+001 -1.1069208e+001 -1.0810511e+001 -1.0414445e+001
 -8.0000000e-002 -1.2274160e+001 -1.1578505e+001 -6.6233390e+000 -1.1106742e+001 -1.1061117e+001 -1.0805124e+001 -1.0395285e+001
 -7.3333333e-002 -1.2280977e+001 -1.1571857e+001 -6.6394400e+000 -1.1118038e+001 -1.1072676e+001 -1.0821454e+001 -1.0406155e+001
 -6.6666667e-002 -1.2272398e+001 -1.1570546e+001 -6.6320740e+000 -1.1121014e+001 -1.1057547e+001 -1.0809736e+001 -1.0410982e+001
 -6.0000000e-002 -1.2284716e+001 -1.1571817e+001 -6.6351610e+000 -1.1115870e+001 -1.1061835e+001 -1.0820870e+001 -1.0403483e+001
 -5.3333333e-002 -1.2294933e+001 -1.1564292e+001 -6.6283000e+000 -1.1115991e+001 -1.1069453e+001 -1.0810863e+001 -1.0406227e+001
 -4.6666667e-002 -1.2263718e+001 -1.1566705e+001 -6.6412210e+000 -1.1115234e+001 -1.1055920e+001 -1.0811327e+001 -1.0401577e+001
 -4.0000000e-002 -1.2283613e+001 -1.1570134e+001 -6.6609770e+000 -1.1117121e+001 -1.1050871e+001 -1.0820204e+001 -1.0397138e+001
 -3.3333333e-002 -1.2285705e+001 -1.1575912e+001 -6.6502470e+000 -1.1130948e+001 -1.1044203e+001 -1.0814954e+001 -1.0408283e+001
 -2.6666667e-002 -1.2286231e+001 -1.1562308e+001 -6.6589780e+000 -1.1124266e+001 -1.1048565e+001 -1.0827567e+001 -1.0390714e+001
 -2.0000000e-002 -1.2279812e+001 -1.1566425e+001 -6.6493130e+000 -1.1122612e+001 -1.1053718e+001 -1.0811530e+001 -1.0399402e+001
 -1.3333333e-002 -1.2266158e+001 -1.1565966e+001 -6.6452720e+000 -1.1122665e+001 -1.1043631e+001 -1.0819822e+001 -1.0398620e+001
 -6.6666667e-003 -1.2251491e+001 -1.1569948e+001 -6.6515530e+000 -1.1118641e+001 -1.1051498e+001 -1.0816434e+001 -1.0369704e+001
  0.0000000e+000 -1.2225969e+001 -1.1566154e+001 -6.6313220e+000 -1.1096291e+001 -1.1030673e+001 -1.0809089e+001 -1.0366537e+001
  6.6666667e-003 -1.2202125e+001 -1.1555165e+001 -6.6018100e+000 -1.1073576e+001 -1.1018530e+001 -1.0775955e+001 -1.0347727e+001
  1.3333333e-002 -1.2164246e+001 -1.1524804e+001 -6.5758220e+000 -1.1041818e+001 -1.0981695e+001 -1.0763451e+001 -1.0301458e+001
  2.0000000e-002 -1.2152397e+001 -1.1494974e+001 -6.5253820e+000 -1.1022182e+001 -1.0977552e+001 -1.0716371e+001 -1.0284816e+001
  2.6666667e-002 -1.2138231e+001 -1.1465896e+001 -6.5202230e+000 -1.0991809e+001 -1.0925955e+001 -1.0701082e+001 -1.0257490e+001
  3.3333333e-002 -1.2134669e+001 -1.1446918e+001 -6.5018710e+000 -1.0970085e+001 -1.0942327e+001 -1.0700552e+001 -1.0247729e+001
  4.0000000e-002 -1.2164379e+001 -1.1441557e+001 -6.4881670e+000 -1.0983708e+001 -1.0926248e+001 -1.0709612e+001 -1.0245146e+001
  4.6666667e-002 -1.2184747e+001 -1.1437105e+001 -6.4901070e+000 -1.1001835e+001 -1.0929195e+001 -1.0733657e+001 -1.0266663e+001
  5.3333333e-002 -1.2258277e+001 -1.1469756e+001 -6.5257990e+000 -1.1045715e+001 -1.0956218e+001 -1.0776133e+001 -1.0317156e+001
  6.0000000e-002 -1.2271643e+001 -1.1484385e+001 -6.5615000e+000 -1.1089292e+001 -1.0999806e+001 -1.0816241e+001 -1.0338749e+001
  6.6666667e-002 -1.2270215e+001 -1.1514969e+001 -6.5841570e+000 -1.1109452e+001 -1.1030477e+001 -1.0828602e+001 -1.0362979e+001
  7.3333333e-002 -1.2261111e+001 -1.1542573e+001 -6.6086030e+000 -1.1110068e+001 -1.1015157e+001 -1.0831130e+001 -1.0374345e+001
  8.0000000e-002 -1.2228386e+001 -1.1537483e+001 -6.6063450e+000 -1.1119448e+001 -1.1005721e+001 -1.0796814e+001 -1.0360548e+001
  8.6666667e-002 -1.2210906e+001 -1.1537094e+001 -6.5844920e+000 -1.1096758e+001 -1.0992936e+001 -1.0778647e+001 -1.0330889e+001
  9.3333333e-002 -1.2193215e+001 -1.1508700e+001 -6.5433210e+000 -1.1051845e+001 -1.0967777e+001 -1.0746318e+001 -1.0295981e+001
  1.0000000e-001 -1.2205720e+001 -1.1495441e+001 -6.5238110e+000 -1.1012321e+001 -1.0954531e+001 -1.0753848e+001 -1.0273528e+001
  1.0666667e-001 -1.2226506e+001 -1.1477829e+001 -6.5126440e+000 -1.0972316e+001 -1.0954021e+001 -1.0757250e+001 -1.0269276e+001
  1.1333333e-001 -1.2268812e+001 -1.1475920e+001 -6.4940960e+000 -1.0983046e+001 -1.0974805e+001 -1.0791700e+001 -1.0296584e+001
  1.2000000e-001 -1.2305231e+001 -1.1517868e+001 -6.4809720e+000 -1.0989400e+001 -1.0996835e+001 -1.0822737e+001 -1.0325976e+001
  1.2666667e-001 -1.2354243e+001 -1.1556398e+001 -6.4993220e+000 -1.0983346e+001 -1.1034207e+001 -1.0863581e+001 -1.0381534e+001
  1.3333333e-001 -1.2367385e+001 -1.1593250e+001 -6.5251380e+000 -1.0934329e+001 -1.1060834e+001 -1.0900189e+001 -1.0391981e+001
  1.4000000e-001 -1.2358252e+001 -1.1624173e+001 -6.5323970e+000 -1.0847707e+001 -1.1074636e+001 -1.0914957e+001 -1.0416944e+001
  1.4666667e-001 -1.2349688e+001 -1.1660735e+001 -6.5288210e+000 -1.0734947e+001 -1.1084591e+001 -1.0920553e+001 -1.0438647e+001
  1.5333333e-001 -1.2339856e+001 -1.1667116e+001 -6.5341570e+000 -1.0600505e+001 -1.1063363e+001 -1.0910479e+001 -1.0452956e+001
  1.6000000e-001 -1.2317211e+001 -1.1649048e+001 -6.5070550e+000 -1.0469460e+001 -1.1033467e+001 -1.0877610e+001 -1.0433798e+001
  1.6666667e-001 -1.2279945e+001 -1.1637836e+001 -6.4734400e+000 -1.0339825e+001 -1.0979067e+001 -1.0849665e+001 -1.0390727e+001
  1.7333333e-001 -1.2233916e+001 -1.1585687e+001 -6.4561190e+000 -1.0260250e+001 -1.0946901e+001 -1.0821856e+001 -1.0384431e+001
  1.8000000e-001 -1.2227336e+001 -1.1548161e+001 -6.4353390e+000 -1.0186077e+001 -1.0896159e+001 -1.0811430e+001 -1.0392302e+001
  1.8666667e-001 -1.2226995e+001 -1.1554863e+001 -6.4049940e+000 -1.0127514e+001 -1.0857814e+001 -1.0779815e+001 -1.0384741e+001
  1.9333333e-001 -1.2230333e+001 -1.1541654e+001 -6.3972800e+000 -1.0115734e+001 -1.0834370e+001 -1.0764012e+001 -1.0400952e+001
  2.0000000e-001 -1.2232496e+001 -1.1563349e+001 -6.4118560e+000 -1.0141379e+001 -1.0839505e+001 -1.0749188e+001 -1.0408091e+001
  2.0666667e-001 -1.2194454e+001 -1.1581226e+001 -6.4358640e+000 -1.0134563e+001 -1.0837948e+001 -1.0741314e+001 -1.0420498e+001
  2.1333333e-001 -1.2153536e+001 -1.1605202e+001 -6.4253100e+000 -1.0143317e+001 -1.0823133e+001 -1.0676861e+001 -1.0437374e+001
  2.2000000e-001 -1.2048124e+001 -1.1600998e+001 -6.4326220e+000 -1.0102931e+001 -1.0811753e+001 -1.0595838e+001 -1.0427481e+001
  2.2666667e-001 -1.1924537e+001 -1.1585135e+001 -6.4271180e+000 -1.0012807e+001 -1.0766116e+001 -1.0490918e+001 -1.0364233e+001
  2.3333333e-001 -1.1733067e+001 -1.1564420e+001 -6.4045660e+000 -9.9354410e+000 -1.0719954e+001 -1.0343837e+001 -1.0306190e+001
  2.4000000e-001 -1.1563129e+001 -1.1541771e+001 -6.3889320e+000 -9.8473710e+000 -1.0650126e+001 -1.0201154e+001 -1.0221055e+001
  2.4666667e-001 -1.1368654e+001 -1.1512182e+001 -6.3744750e+000 -9.7493520e+000 -1.0588159e+001 -1.0060902e+001 -1.0103703e+001
  2.5333333e-001 -1.1166618e+001 -1.1513394e+001 -6.3586050e+000 -9.6456330e+000 -1.0582776e+001 -9.9326000e+000 -1.0008197e+001
  2.6000000e-001 -1.0995794e+001 -1.1518812e+001 -6.2972240e+000 -9.5519960e+000 -1.0596255e+001 -9.8293100e+000 -9.9107320e+000
  2.6666667e-001 -1.0853346e+001 -1.1532316e+001 -6.2764980e+000 -9.4796260e+000 -1.0629996e+001 -9.7633710e+000 -9.8425050e+000
  2.7333333e-001 -1.0755375e+001 -1.1547420e+001 -6.2490250e+000 -9.4427570e+000 -1.0653293e+001 -9.7282200e+000 -9.7967210e+000
  2.8000000e-001 -1.0698039e+001 -1.1551006e+001 -6.2388820e+000 -9.3920060e+000 -1.0688084e+001 -9.7226140e+000 -9.7559210e+000
  2.8666667e-001 -1.0697760e+001 -1.1557210e+001 -6.2477940e+000 -9.3471540e+000 -1.0739752e+001 -9.7123060e+000 -9.7403080e+000
  2.9333333e-001 -1.0683431e+001 -1.1566242e+001 -6.2739970e+000 -9.3186690e+000 -1.0791892e+001 -9.7316750e+000 -9.7571860e+000
  3.0000000e-001 -1.0717223e+001 -1.1553039e+001 -6.3105440e+000 -9.2932430e+000 -1.0827392e+001 -9.7743930e+000 -9.8002160e+000
  3.0666667e-001 -1.0784541e+001 -1.1541920e+001 -6.3252430e+000 -9.2858000e+000 -1.0880245e+001 -9.7938590e+000 -9.9126880e+000
  3.1333333e-001 -1.0860209e+001 -1.1521986e+001 -6.3759950e+000 -9.2990250e+000 -1.0918168e+001 -9.8272210e+000 -1.0065310e+001
  3.2000000e-001 -1.0947371e+001 -1.1506506e+001 -6.4803440e+000 -9.3076150e+000 -1.0932811e+001 -9.7852600e+000 -1.0194077e+001
  3.2666667e-001 -1.1015745e+001 -1.1445512e+001 -6.5606110e+000 -9.3331830e+000 -1.0946415e+001 -9.7175910e+000 -1.0328533e+001
  3.3333333e-001 -1.1070148e+001 -1.1394457e+001 -6.6053560e+000 -9.3455500e+000 -1.0935482e+001 -9.7088300e+000 -1.0373887e+001
  3.4000000e-001 -1.1085298e+001 -1.1319475e+001 -6.6261880e+000 -9.3017560e+000 -1.0865789e+001 -9.6506720e+000 -1.0353697e+001
  3.4666667e-001 -1.1066761e+001 -1.1213096e+001 -6.6425900e+000 -9.2282420e+000 -1.0807992e+001 -9.6013750e+000 -1.0298573e+001
  3.5333333e-001 -1.0992450e+001 -1.1111934e+001 -6.6948610e+000 -9.1454180e+000 -1.0734686e+001 -9.5069500e+000 -1.0196392e+001
  3.6000000e-001 -1.0913522e+001 -1.0978165e+001 -6.7352700e+000 -9.0723410e+000 -1.0692313e+001 -9.4323240e+000 -1.0137477e+001
  3.6666667e-001 -1.0799015e+001 -1.0867935e+001 -6.7669440e+000 -9.0113300e+000 -1.0603397e+001 -9.3153900e+000 -1.0077049e+001
  3.7333333e-001 -1.0656729e+001 -1.0760134e+001 -6.7951120e+000 -9.0002960e+000 -1.0572220e+001 -9.2371910e+000 -9.9790120e+000
  3.8000000e-001 -1.0553028e+001 -1.0694733e+001 -6.8194700e+000 -9.0400200e+000 -1.0502098e+001 -9.1541390e+000 -9.9249950e+000
  3.8666667e-001 -1.0485414e+001 -1.0637623e+001 -6.8481720e+000 -9.0997410e+000 -1.0454424e+001 -9.0948890e+000 -9.8522890e+000
  3.9333333e-001 -1.0437112e+001 -1.0641977e+001 -6.8649710e+000 -9.1736940e+000 -1.0435873e+001 -9.0806410e+000 -9.8283950e+000
  4.0000000e-001 -1.0402064e+001 -1.0632567e+001 -6.8811400e+000 -9.2602070e+000 -1.0422678e+001 -9.1211150e+000 -9.7920920e+000
  4.0666667e-001 -1.0427101e+001 -1.0605118e+001 -6.8755270e+000 -9.3645340e+000 -1.0435503e+001 -9.1650760e+000 -9.7659270e+000
  4.1333333e-001 -1.0445821e+001 -1.0614195e+001 -6.8667920e+000 -9.4492340e+000 -1.0452070e+001 -9.1745660e+000 -9.7475360e+000
  4.2000000e-001 -1.0466202e+001 -1.0633198e+001 -6.8783780e+000 -9.5182270e+000 -1.0428008e+001 -9.2224020e+000 -9.7605400e+000
  4.2666667e-001 -1.0517875e+001 -1.0647944e+001 -6.8629680e+000 -9.5636670e+000 -1.0422675e+001 -9.2828900e+000 -9.7543100e+000
  4.3333333e-001 -1.0561716e+001 -1.0677472e+001 -6.8750020e+000 -9.6036660e+000 -1.0438793e+001 -9.3232330e+000 -9.7715960e+000
  4.4000000e-001 -1.0612955e+001 -1.0715356e+001 -6.9297790e+000 -9.6635870e+000 -1.0461254e+001 -9.3500190e+000 -9.8090420e+000
  4.4666667e-001 -1.0679056e+001 -1.0783298e+001 -7.0075160e+000 -9.7405870e+000 -1.0492422e+001 -9.4119230e+000 -9.8765090e+000
  4.5333333e-001 -1.0789207e+001 -1.0839827e+001 -7.1132750e+000 -9.7903410e+000 -1.0549119e+001 -9.4612730e+000 -9.9841880e+000
  4.6000000e-001 -1.0914345e+001 -1.0928128e+001 -7.2428190e+000 -9.8851790e+000 -1.0638233e+001 -9.5507300e+000 -1.0095238e+001
  4.6666667e-001 -1.1016449e+001 -1.1059690e+001 -7.4049810e+000 -1.0017916e+001 -1.0708011e+001 -9.6186030e+000 -1.0228102e+001
  4.7333333e-001 -1.1188424e+001 -1.1167969e+001 -7.5320760e+000 -1.0107602e+001 -1.0794625e+001 -9.7276470e+000 -1.0355030e+001
  4.8000000e-001 -1.1345833e+001 -1.1267583e+001 -7.6705950e+000 -1.0180263e+001 -1.0872681e+001 -9.8073140e+000 -1.0439851e+001
  4.8666667e-001 -1.1505822e+001 -1.1366735e+001 -7.8232160e+000 -1.0243934e+001 -1.0927231e+001 -9.8955470e+000 -1.0491495e+001
  4.9333333e-001 -1.1635377e+001 -1.1452241e+001 -7.9206200e+000 -1.0291001e+001 -1.0938910e+001 -9.9365890e+000 -1.0522647e+001
  5.0000000e-001 -1.1788293e+001 -1.1537632e+001 -7.9911090e+000 -1.0315436e+001 -1.0964482e+001 -9.9434710e+000 -1.0558723e+001
  5.0666667e-001 -1.1923987e+001 -1.1600309e+001 -8.1087660e+000 -1.0321875e+001 -1.0993334e+001 -9.9475580e+000 -1.0576260e+001
  5.1333333e-001 -1.2077870e+001 -1.1675598e+001 -8.2314240e+000 -1.0312454e+001 -1.1016905e+001 -9.9386760e+000 -1.0566390e+001
  5.2000000e-001 -1.2187445e+001 -1.1763482e+001 -8.2882300e+000 -1.0305973e+001 -1.1098578e+001 -9.9148240e+000 -1.0550712e+001
  5.2666667e-001 -1.2266160e+001 -1.1829162e+001 -8.3705780e+000 -1.0301903e+001 -1.1153191e+001 -9.9112940e+000 -1.0558543e+001
  5.3333333e-001 -1.2358656e+001 -1.1871779e+001 -8.4399370e+000 -1.0275524e+001 -1.1214920e+001 -9.8993010e+000 -1.0561509e+001
  5.4000000e-001 -1.2421084e+001 -1.1937184e+001 -8.4694180e+000 -1.0284685e+001 -1.1281147e+001 -9.9096370e+000 -1.0563172e+001
  5.4666667e-001 -1.2479332e+001 -1.1969741e+001 -8.5237100e+000 -1.0298556e+001 -1.1313353e+001 -9.9266110e+000 -1.0531823e+001
  5.5333333e-001 -1.2534496e+001 -1.2002941e+001 -8.5325210e+000 -1.0301157e+001 -1.1326550e+001 -9.9272070e+000 -1.0511787e+001
  5.6000000e-001 -1.2581832e+001 -1.2024470e+001 -8.5211800e+000 -1.0274302e+001 -1.1342162e+001 -9.9445560e+000 -1.0523514e+001
  5.6666667e-001 -1.2649920e+001 -1.2040049e+001 -8.5194200e+000 -1.0233974e+001 -1.1357061e+001 -9.9664510e+000 -1.0533497e+001
  5.7333333e-001 -1.2707996e+001 -1.2047895e+001 -8.5154500e+000 -1.0225857e+001 -1.1382421e+001 -9.9716690e+000 -1.0539196e+001
  5.8000000e-001 -1.2780430e+001 -1.2058105e+001 -8.4733320e+000 -1.0237274e+001 -1.1370815e+001 -9.9778520e+000 -1.0531308e+001
  5.8666667e-001 -1.2841821e+001 -1.2045309e+001 -8.4272740e+000 -1.0206389e+001 -1.1379052e+001 -9.9796390e+000 -1.0567797e+001
  5.9333333e-001 -1.2918326e+001 -1.2045163e+001 -8.3858360e+000 -1.0217519e+001 -1.1355827e+001 -9.9891060e+000 -1.0595391e+001
  6.0000000e-001 -1.3003860e+001 -1.2042887e+001 -8.3340530e+000 -1.0245074e+001 -1.1340227e+001 -9.9850710e+000 -1.0632341e+001
  6.0666667e-001 -1.3088118e+001 -1.2020922e+001 -8.2762950e+000 -1.0271704e+001 -1.1286674e+001 -9.9732320e+000 -1.0649842e+001
  6.1333333e-001 -1.3127850e+001 -1.2022721e+001 -8.2372740e+000 -1.0279125e+001 -1.1249081e+001 -9.9955820e+000 -1.0659426e+001
  6.2000000e-001 -1.3178797e+001 -1.1984771e+001 -8.1918250e+000 -1.0298913e+001 -1.1200539e+001 -9.9888330e+000 -1.0690413e+001
  6.2666667e-001 -1.3179479e+001 -1.1992616e+001 -8.1228930e+000 -1.0309999e+001 -1.1179045e+001 -9.9780940e+000 -1.0682669e+001
  6.3333333e-001 -1.3156726e+001 -1.1950948e+001 -8.0720460e+000 -1.0310261e+001 -1.1131324e+001 -9.9679300e+000 -1.0653379e+001
  6.4000000e-001 -1.3108530e+001 -1.1914593e+001 -8.0417090e+000 -1.0289243e+001 -1.1064223e+001 -9.9311600e+000 -1.0599077e+001
  6.4666667e-001 -1.3062416e+001 -1.1883738e+001 -8.0703040e+000 -1.0259209e+001 -1.1008349e+001 -9.8871530e+000 -1.0566074e+001
  6.5333333e-001 -1.2973034e+001 -1.1843830e+001 -8.1057920e+000 -1.0229592e+001 -1.0936857e+001 -9.8566560e+000 -1.0543850e+001
  6.6000000e-001 -1.2906033e+001 -1.1807955e+001 -8.1308760e+000 -1.0242481e+001 -1.0859771e+001 -9.8275160e+000 -1.0495042e+001
  6.6666667e-001 -1.2809302e+001 -1.1786266e+001 -8.1755470e+000 -1.0239564e+001 -1.0807674e+001 -9.8137210e+000 -1.0483499e+001
  6.7333333e-001 -1.2737795e+001 -1.1748717e+001 -8.2427700e+000 -1.0244642e+001 -1.0752351e+001 -9.8124190e+000 -1.0449657e+001
  6.8000000e-001 -1.2672725e+001 -1.1753372e+001 -8.2640020e+000 -1.0245621e+001 -1.0683151e+001 -9.8475010e+000 -1.0441718e+001
  6.8666667e-001 -1.2590122e+001 -1.1761857e+001 -8.3151180e+000 -1.0287152e+001 -1.0622723e+001 -9.8932450e+000 -1.0448695e+001
  6.9333333e-001 -1.2534257e+001 -1.1787218e+001 -8.3650800e+000 -1.0359841e+001 -1.0585710e+001 -9.9621010e+000 -1.0465627e+001
  7.0000000e-001 -1.2513862e+001 -1.1819336e+001 -8.4012340e+000 -1.0421826e+001 -1.0571443e+001 -1.0075274e+001 -1.0486488e+001
  7.0666667e-001 -1.2456813e+001 -1.1851444e+001 -8.4365230e+000 -1.0479049e+001 -1.0539605e+001 -1.0154761e+001 -1.0517724e+001
  7.1333333e-001 -1.2434902e+001 -1.1899157e+001 -8.4325970e+000 -1.0560542e+001 -1.0537989e+001 -1.0234715e+001 -1.0541713e+001
  7.2000000e-001 -1.2441157e+001 -1.1909874e+001 -8.4358770e+000 -1.0621964e+001 -1.0543076e+001 -1.0324976e+001 -1.0556969e+001
  7.2666667e-001 -1.2449908e+001 -1.1910872e+001 -8.4343070e+000 -1.0652942e+001 -1.0546975e+001 -1.0394445e+001 -1.0575067e+001
  7.3333333e-001 -1.2450147e+001 -1.1916239e+001 -8.4417100e+000 -1.0699422e+001 -1.0555033e+001 -1.0485891e+001 -1.0589895e+001
  7.4000000e-001 -1.2482554e+001 -1.1907472e+001 -8.4308210e+000 -1.0755192e+001 -1.0578887e+001 -1.0569025e+001 -1.0612988e+001
  7.4666667e-001 -1.2544002e+001 -1.1925771e+001 -8.4134650e+000 -1.0792896e+001 -1.0632402e+001 -1.0619332e+001 -1.0659881e+001
  7.5333333e-001 -1.2584243e+001 -1.1956620e+001 -8.4013790e+000 -1.0836001e+001 -1.0684743e+001 -1.0676848e+001 -1.0685243e+001
  7.6000000e-001 -1.2643818e+001 -1.1989068e+001 -8.4280580e+000 -1.0885664e+001 -1.0730168e+001 -1.0717459e+001 -1.0687498e+001
  7.6666667e-001 -1.2708793e+001 -1.2006798e+001 -8.4643340e+000 -1.0884313e+001 -1.0773822e+001 -1.0738090e+001 -1.0706664e+001
  7.7333333e-001 -1.2766723e+001 -1.2002402e+001 -8.5105920e+000 -1.0868527e+001 -1.0802195e+001 -1.0732579e+001 -1.0713391e+001
  7.8000000e-001 -1.2830933e+001 -1.2026485e+001 -8.5485470e+000 -1.0848132e+001 -1.0821085e+001 -1.0720538e+001 -1.0718396e+001
  7.8666667e-001 -1.2857580e+001 -1.2035998e+001 -8.5800680e+000 -1.0794826e+001 -1.0816731e+001 -1.0714327e+001 -1.0713919e+001
  7.9333333e-001 -1.2896572e+001 -1.2012468e+001 -8.6196320e+000 -1.0738725e+001 -1.0815202e+001 -1.0688711e+001 -1.0712825e+001
  8.0000000e-001 -1.2902041e+001 -1.2001231e+001 -8.6612170e+000 -1.0676169e+001 -1.0826860e+001 -1.0626962e+001 -1.0716043e+001
  8.0666667e-001 -1.2914803e+001 -1.1954054e+001 -8.7156180e+000 -1.0637813e+001 -1.0807499e+001 -1.0587624e+001 -1.0718091e+001
  8.1333333e-001 -1.2937663e+001 -1.1909646e+001 -8.7922710e+000 -1.0597106e+001 -1.0787004e+001 -1.0538152e+001 -1.0716609e+001
  8.2000000e-001 -1.2967796e+001 -1.1891967e+001 -8.8551850e+000 -1.0555235e+001 -1.0788455e+001 -1.0523290e+001 -1.0702145e+001
  8.2666667e-001 -1.2974241e+001 -1.1878711e+001 -8.8927090e+000 -1.0527401e+001 -1.0789829e+001 -1.0514573e+001 -1.0694905e+001
  8.3333333e-001 -1.2997138e+001 -1.1862045e+001 -8.8949290e+000 -1.0491985e+001 -1.0809550e+001 -1.0508166e+001 -1.0701042e+001
  8.4000000e-001 -1.3019495e+001 -1.1866509e+001 -8.9253910e+000 -1.0503543e+001 -1.0820099e+001 -1.0475310e+001 -1.0699318e+001
  8.4666667e-001 -1.3041304e+001 -1.1894682e+001 -8.9629300e+000 -1.0489487e+001 -1.0846869e+001 -1.0478907e+001 -1.0674004e+001
  8.5333333e-001 -1.3059286e+001 -1.1936086e+001 -8.9721050e+000 -1.0486171e+001 -1.0850950e+001 -1.0484585e+001 -1.0674384e+001
  8.6000000e-001 -1.3052115e+001 -1.1984246e+001 -8.9688250e+000 -1.0509794e+001 -1.0859773e+001 -1.0493737e+001 -1.0660592e+001
  8.6666667e-001 -1.3034153e+001 -1.2022883e+001 -8.9589620e+000 -1.0530054e+001 -1.0860345e+001 -1.0489617e+001 -1.0622869e+001
  8.7333333e-001 -1.3030060e+001 -1.2055985e+001 -8.9345560e+000 -1.0549990e+001 -1.0863040e+001 -1.0485892e+001 -1.0610961e+001
  8.8000000e-001 -1.3020913e+001 -1.2089603e+001 -8.9143390e+000 -1.0593234e+001 -1.0856042e+001 -1.0511500e+001 -1.0589535e+001
  8.8666667e-001 -1.3016293e+001 -1.2108205e+001 -8.8939190e+000 -1.0641770e+001 -1.0846821e+001 -1.0541061e+001 -1.0580386e+001
  8.9333333e-001 -1.3019709e+001 -1.2107704e+001 -8.8808710e+000 -1.0693315e+001 -1.0835853e+001 -1.0565754e+001 -1.0580982e+001
  9.0000000e-001 -1.3001181e+001 -1.2134838e+001 -8.9011530e+000 -1.0749196e+001 -1.0828344e+001 -1.0588902e+001 -1.0607841e+001
  9.0666667e-001 -1.2980729e+001 -1.2146694e+001 -8.8955510e+000 -1.0799141e+001 -1.0815031e+001 -1.0626054e+001 -1.0620181e+001
  9.1333333e-001 -1.2968465e+001 -1.2110383e+001 -8.8862420e+000 -1.0843580e+001 -1.0821920e+001 -1.0672515e+001 -1.0615126e+001
  9.2000000e-001 -1.2925771e+001 -1.2090424e+001 -8.8615920e+000 -1.0875813e+001 -1.0829216e+001 -1.0714735e+001 -1.0597709e+001
  9.2666667e-001 -1.2892986e+001 -1.2033585e+001 -8.8448100e+000 -1.0878616e+001 -1.0828479e+001 -1.0724081e+001 -1.0577774e+001
  9.3333333e-001 -1.2835985e+001 -1.2002667e+001 -8.8305530e+000 -1.0894549e+001 -1.0853403e+001 -1.0760085e+001 -1.0593021e+001
  9.4000000e-001 -1.2804798e+001 -1.1990320e+001 -8.8103160e+000 -1.0897882e+001 -1.0856236e+001 -1.0780437e+001 -1.0576189e+001
  9.4666667e-001 -1.2752512e+001 -1.1989331e+001 -8.8041170e+000 -1.0894541e+001 -1.0856125e+001 -1.0793359e+001 -1.0594335e+001
  9.5333333e-001 -1.2702541e+001 -1.1991610e+001 -8.7752730e+000 -1.0900025e+001 -1.0869491e+001 -1.0804911e+001 -1.0567219e+001
  9.6000000e-001 -1.2658031e+001 -1.2028199e+001 -8.7362400e+000 -1.0870781e+001 -1.0899238e+001 -1.0807988e+001 -1.0579905e+001
  9.6666667e-001 -1.2647173e+001 -1.2073320e+001 -8.6857860e+000 -1.0837390e+001 -1.0909991e+001 -1.0810303e+001 -1.0568582e+001
  9.7333333e-001 -1.2625134e+001 -1.2136449e+001 -8.6459060e+000 -1.0851761e+001 -1.0917854e+001 -1.0817868e+001 -1.0580985e+001
  9.8000000e-001 -1.2639679e+001 -1.2198416e+001 -8.6251730e+000 -1.0844069e+001 -1.0935766e+001 -1.0817163e+001 -1.0591084e+001
  9.8666667e-001 -1.2650548e+001 -1.2267125e+001 -8.5987160e+000 -1.0870872e+001 -1.0969803e+001 -1.0804071e+001 -1.0605280e+001
  9.9333333e-001 -1.2694815e+001 -1.2314647e+001 -8.6058090e+000 -1.0874640e+001 -1.1007263e+001 -1.0788286e+001 -1.0625410e+001
  1.0000000e+000 -1.2739419e+001 -1.2333524e+001 -8.5946000e+000 -1.0876584e+001 -1.1015834e+001 -1.0780835e+001 -1.0631572e+001
  1.0066667e+000 -1.2769607e+001 -1.2344710e+001 -8.5779760e+000 -1.0861243e+001 -1.1010114e+001 -1.0761120e+001 -1.0657266e+001
  1.0133333e+000 -1.2793920e+001 -1.2329104e+001 -8.5738480e+000 -1.0845832e+001 -1.1023296e+001 -1.0752611e+001 -1.0656381e+001
  1.0200000e+000 -1.2812468e+001 -1.2276279e+001 -8.5916220e+000 -1.0846671e+001 -1.1022272e+001 -1.0757987e+001 -1.0641902e+001
  1.0266667e+000 -1.2834179e+001 -1.2241788e+001 -8.6311190e+000 -1.0861786e+001 -1.1044812e+001 -1.0738275e+001 -1.0645833e+001
  1.0333333e+000 -1.2845142e+001 -1.2180554e+001 -8.6658870e+000 -1.0864464e+001 -1.1046635e+001 -1.0739782e+001 -1.0672570e+001
  1.0400000e+000 -1.2835649e+001 -1.2125288e+001 -8.6933220e+000 -1.0878571e+001 -1.1045867e+001 -1.0713653e+001 -1.0713212e+001
  1.0466667e+000 -1.2832454e+001 -1.2053426e+001 -8.7237030e+000 -1.0887420e+001 -1.1040522e+001 -1.0717749e+001 -1.0700734e+001
  1.0533333e+000 -1.2823558e+001 -1.2020243e+001 -8.7576800e+000 -1.0919505e+001 -1.1050853e+001 -1.0717958e+001 -1.0701138e+001
  1.0600000e+000 -1.2831340e+001 -1.2018791e+001 -8.7998380e+000 -1.0943077e+001 -1.1060574e+001 -1.0735359e+001 -1.0694378e+001
  1.0666667e+000 -1.2807666e+001 -1.2038397e+001 -8.8375740e+000 -1.0953740e+001 -1.1084655e+001 -1.0747179e+001 -1.0702115e+001
  1.0733333e+000 -1.2792053e+001 -1.2100655e+001 -8.8310430e+000 -1.0957747e+001 -1.1093055e+001 -1.0763776e+001 -1.0695818e+001
  1.0800000e+000 -1.2805967e+001 -1.2162430e+001 -8.8370960e+000 -1.0976746e+001 -1.1087898e+001 -1.0781651e+001 -1.0677988e+001
  1.0866667e+000 -1.2813622e+001 -1.2210596e+001 -8.8590200e+000 -1.0992611e+001 -1.1083236e+001 -1.0803615e+001 -1.0677176e+001
  1.0933333e+000 -1.2834476e+001 -1.2272687e+001 -8.8754840e+000 -1.1017253e+001 -1.1105898e+001 -1.0843153e+001 -1.0676712e+001
  1.1000000e+000 -1.2830536e+001 -1.2308294e+001 -8.8854040e+000 -1.1035296e+001 -1.1102997e+001 -1.0874874e+001 -1.0687309e+001
  1.1066667e+000 -1.2830106e+001 -1.2323726e+001 -8.8722190e+000 -1.1049288e+001 -1.1133469e+001 -1.0873792e+001 -1.0677416e+001
  1.1133333e+000 -1.2838635e+001 -1.2340085e+001 -8.8683150e+000 -1.1035981e+001 -1.1139376e+001 -1.0919647e+001 -1.0678045e+001
  1.1200000e+000 -1.2821321e+001 -1.2326584e+001 -8.8737720e+000 -1.1037727e+001 -1.1122252e+001 -1.0944935e+001 -1.0690317e+001
  1.1266667e+000 -1.2802258e+001 -1.2312238e+001 -8.8937880e+000 -1.1028271e+001 -1.1119537e+001 -1.0983586e+001 -1.0702281e+001
  1.1333333e+000 -1.2758020e+001 -1.2268827e+001 -8.9254700e+000 -1.1038028e+001 -1.1136203e+001 -1.1018760e+001 -1.0706543e+001
  1.1400000e+000 -1.2729599e+001 -1.2205491e+001 -8.9347150e+000 -1.1066024e+001 -1.1158485e+001 -1.1022225e+001 -1.0704518e+001
  1.1466667e+000 -1.2687883e+001 -1.2123516e+001 -8.9516660e+000 -1.1082187e+001 -1.1197667e+001 -1.1024006e+001 -1.0725103e+001
  1.1533333e+000 -1.2643174e+001 -1.2022429e+001 -8.9440120e+000 -1.1069377e+001 -1.1221866e+001 -1.1026137e+001 -1.0727781e+001
  1.1600000e+000 -1.2569425e+001 -1.1961237e+001 -8.9420150e+000 -1.1052445e+001 -1.1252120e+001 -1.1049532e+001 -1.0727692e+001
  1.1666667e+000 -1.2515833e+001 -1.1897557e+001 -8.9640730e+000 -1.1026588e+001 -1.1284160e+001 -1.1045342e+001 -1.0728098e+001
  1.1733333e+000 -1.2463326e+001 -1.1861529e+001 -8.9867770e+000 -1.1019702e+001 -1.1332406e+001 -1.1038239e+001 -1.0739133e+001
  1.1800000e+000 -1.2447561e+001 -1.1826539e+001 -9.0187710e+000 -1.1013041e+001 -1.1386781e+001 -1.1028449e+001 -1.0750084e+001
  1.1866667e+000 -1.2431798e+001 -1.1791499e+001 -9.0188670e+000 -1.1007452e+001 -1.1436252e+001 -1.1010228e+001 -1.0748869e+001
  1.1933333e+000 -1.2417496e+001 -1.1796927e+001 -9.0246820e+000 -1.1002564e+001 -1.1465323e+001 -1.1008501e+001 -1.0764039e+001
  1.2000000e+000 -1.2412658e+001 -1.1814591e+001 -9.0329630e+000 -1.0981750e+001 -1.1490296e+001 -1.1010017e+001 -1.0780212e+001
  1.2066667e+000 -1.2433290e+001 -1.1861402e+001 -9.0478820e+000 -1.0983923e+001 -1.1515606e+001 -1.0988457e+001 -1.0793929e+001
  1.2133333e+000 -1.2437925e+001 -1.1873205e+001 -9.0351850e+000 -1.0967578e+001 -1.1507587e+001 -1.0988153e+001 -1.0813181e+001
  1.2200000e+000 -1.2463744e+001 -1.1911451e+001 -9.0456810e+000 -1.0942326e+001 -1.1481958e+001 -1.0986832e+001 -1.0826678e+001
  1.2266667e+000 -1.2492409e+001 -1.1936312e+001 -9.0616490e+000 -1.0923094e+001 -1.1485126e+001 -1.1000126e+001 -1.0825629e+001
  1.2333333e+000 -1.2515153e+001 -1.1960366e+001 -9.0875540e+000 -1.0896918e+001 -1.1469577e+001 -1.1004132e+001 -1.0843555e+001
  1.2400000e+000 -1.2519349e+001 -1.1979428e+001 -9.1030030e+000 -1.0879856e+001 -1.1437691e+001 -1.1023904e+001 -1.0861224e+001
  1.2466667e+000 -1.2506147e+001 -1.1995640e+001 -9.1103580e+000 -1.0859459e+001 -1.1380976e+001 -1.1015847e+001 -1.0879493e+001
  1.2533333e+000 -1.2501750e+001 -1.1983728e+001 -9.1038410e+000 -1.0857421e+001 -1.1346709e+001 -1.1001652e+001 -1.0893078e+001
  1.2600000e+000 -1.2503600e+001 -1.1954241e+001 -9.1147370e+000 -1.0839071e+001 -1.1290912e+001 -1.0998547e+001 -1.0908404e+001
  1.2666667e+000 -1.2500827e+001 -1.1929692e+001 -9.1215290e+000 -1.0822331e+001 -1.1255790e+001 -1.1021267e+001 -1.0947297e+001
  1.2733333e+000 -1.2466182e+001 -1.1909597e+001 -9.1269340e+000 -1.0816710e+001 -1.1218859e+001 -1.1016263e+001 -1.0957783e+001
  1.2800000e+000 -1.2428828e+001 -1.1883421e+001 -9.1353160e+000 -1.0806370e+001 -1.1179589e+001 -1.1028828e+001 -1.0945381e+001
  1.2866667e+000 -1.2386428e+001 -1.1859211e+001 -9.1503680e+000 -1.0801396e+001 -1.1160789e+001 -1.1046968e+001 -1.0979305e+001
  1.2933333e+000 -1.2346863e+001 -1.1853713e+001 -9.1337420e+000 -1.0809164e+001 -1.1129747e+001 -1.1064369e+001 -1.0989412e+001
  1.3000000e+000 -1.2338470e+001 -1.1854433e+001 -9.1447010e+000 -1.0819112e+001 -1.1133890e+001 -1.1049134e+001 -1.0981645e+001
  1.3066667e+000 -1.2322411e+001 -1.1878226e+001 -9.1364340e+000 -1.0809293e+001 -1.1156826e+001 -1.1041898e+001 -1.0968362e+001
  1.3133333e+000 -1.2334431e+001 -1.1872579e+001 -9.1087200e+000 -1.0809587e+001 -1.1147147e+001 -1.1027191e+001 -1.0982631e+001
  1.3200000e+000 -1.2338552e+001 -1.1871467e+001 -9.1157670e+000 -1.0812319e+001 -1.1167880e+001 -1.1027208e+001 -1.0976182e+001
  1.3266667e+000 -1.2355884e+001 -1.1888635e+001 -9.1086200e+000 -1.0847373e+001 -1.1171795e+001 -1.1047887e+001 -1.0962377e+001
  1.3333333e+000 -1.2368414e+001 -1.1914165e+001 -9.1176990e+000 -1.0877278e+001 -1.1206095e+001 -1.1063126e+001 -1.0965547e+001
  1.3400000e+000 -1.2375233e+001 -1.1929493e+001 -9.1140140e+000 -1.0890840e+001 -1.1244437e+001 -1.1085509e+001 -1.0978076e+001
  1.3466667e+000 -1.2355327e+001 -1.1940834e+001 -9.1153630e+000 -1.0910976e+001 -1.1250131e+001 -1.1083998e+001 -1.0982184e+001
  1.3533333e+000 -1.2327219e+001 -1.1948650e+001 -9.1164270e+000 -1.0914217e+001 -1.1258421e+001 -1.1070465e+001 -1.0976755e+001
  1.3600000e+000 -1.2287262e+001 -1.1966095e+001 -9.1083930e+000 -1.0924021e+001 -1.1270109e+001 -1.1080464e+001 -1.0951375e+001
  1.3666667e+000 -1.2254019e+001 -1.1970276e+001 -9.0915930e+000 -1.0944335e+001 -1.1254763e+001 -1.1067495e+001 -1.0985003e+001
  1.3733333e+000 -1.2179389e+001 -1.1967973e+001 -9.0823830e+000 -1.0951118e+001 -1.1249135e+001 -1.1064231e+001 -1.0985476e+001
  1.3800000e+000 -1.2111159e+001 -1.1962160e+001 -9.0844280e+000 -1.0963499e+001 -1.1227899e+001 -1.1051862e+001 -1.0969110e+001
  1.3866667e+000 -1.2064742e+001 -1.1951976e+001 -9.0822320e+000 -1.0980323e+001 -1.1196899e+001 -1.1034710e+001 -1.0969100e+001
  1.3933333e+000 -1.2037274e+001 -1.1939117e+001 -9.0974670e+000 -1.0983889e+001 -1.1191526e+001 -1.1016284e+001 -1.0990340e+001
  1.4000000e+000 -1.2031811e+001 -1.1940638e+001 -9.0875420e+000 -1.0980941e+001 -1.1175748e+001 -1.1024231e+001 -1.0984388e+001
  1.4066667e+000 -1.2058234e+001 -1.1945295e+001 -9.0801940e+000 -1.0974704e+001 -1.1174295e+001 -1.1020689e+001 -1.0975709e+001
  1.4133333e+000 -1.2097691e+001 -1.1931894e+001 -9.0707210e+000 -1.1002218e+001 -1.1145025e+001 -1.1035792e+001 -1.0980949e+001
  1.4200000e+000 -1.2162906e+001 -1.1931035e+001 -9.0576030e+000 -1.1007421e+001 -1.1140575e+001 -1.1023439e+001 -1.1013736e+001
  1.4266667e+000 -1.2265126e+001 -1.1942280e+001 -9.0726180e+000 -1.1031661e+001 -1.1139195e+001 -1.1029893e+001 -1.1029259e+001
  1.4333333e+000 -1.2354030e+001 -1.1950621e+001 -9.0752680e+000 -1.1045865e+001 -1.1148474e+001 -1.1024698e+001 -1.1031907e+001
  1.4400000e+000 -1.2438592e+001 -1.1955107e+001 -9.0819150e+000 -1.1047139e+001 -1.1151334e+001 -1.1010380e+001 -1.1017491e+001
  1.4466667e+000 -1.2491102e+001 -1.1933260e+001 -9.0837000e+000 -1.1049684e+001 -1.1153761e+001 -1.0983541e+001 -1.1041324e+001
  1.4533333e+000 -1.2560130e+001 -1.1917759e+001 -9.0836040e+000 -1.1066678e+001 -1.1131800e+001 -1.0966844e+001 -1.1057163e+001
  1.4600000e+000 -1.2615933e+001 -1.1916478e+001 -9.0814680e+000 -1.1079112e+001 -1.1122235e+001 -1.0959075e+001 -1.1030708e+001
  1.4666667e+000 -1.2621856e+001 -1.1921204e+001 -9.0639410e+000 -1.1080244e+001 -1.1124525e+001 -1.0949863e+001 -1.1026361e+001
  1.4733333e+000 -1.2607844e+001 -1.1927720e+001 -9.0694660e+000 -1.1083207e+001 -1.1123083e+001 -1.0940416e+001 -1.1042367e+001
  1.4800000e+000 -1.2558875e+001 -1.1923316e+001 -9.0806150e+000 -1.1103205e+001 -1.1113791e+001 -1.0937637e+001 -1.1056624e+001
  1.4866667e+000 -1.2501698e+001 -1.1902275e+001 -9.0863540e+000 -1.1113229e+001 -1.1128904e+001 -1.0936448e+001 -1.1054417e+001
  1.4933333e+000 -1.2446572e+001 -1.1889780e+001 -9.0696850e+000 -1.1122255e+001 -1.1124556e+001 -1.0933769e+001 -1.1053500e+001
  1.5000000e+000 -1.2376690e+001 -1.1907588e+001 -9.0799660e+000 -1.1117285e+001 -1.1131994e+001 -1.0942843e+001 -1.1077018e+001
  1.5066667e+000 -1.2304578e+001 -1.1925768e+001 -9.0779400e+000 -1.1124610e+001 -1.1147268e+001 -1.0925961e+001 -1.1091236e+001
  1.5133333e+000 -1.2240170e+001 -1.1925530e+001 -9.1053270e+000 -1.1118365e+001 -1.1151595e+001 -1.0916827e+001 -1.1092310e+001
  1.5200000e+000 -1.2220097e+001 -1.1903592e+001 -9.0826810e+000 -1.1118155e+001 -1.1150798e+001 -1.0908975e+001 -1.1092458e+001
  1.5266667e+000 -1.2185931e+001 -1.1914495e+001 -9.0658660e+000 -1.1120253e+001 -1.1134964e+001 -1.0901438e+001 -1.1069673e+001
  1.5333333e+000 -1.2161934e+001 -1.1927391e+001 -9.0735970e+000 -1.1147774e+001 -1.1130466e+001 -1.0884624e+001 -1.1061270e+001
  1.5400000e+000 -1.2146451e+001 -1.1948564e+001 -9.0968740e+000 -1.1177822e+001 -1.1142921e+001 -1.0872200e+001 -1.1083429e+001
  1.5466667e+000 -1.2119218e+001 -1.1968605e+001 -9.1004360e+000 -1.1185076e+001 -1.1147390e+001 -1.0832370e+001 -1.1098219e+001
  1.5533333e+000 -1.2103955e+001 -1.1966366e+001 -9.1065970e+000 -1.1171254e+001 -1.1145985e+001 -1.0821106e+001 -1.1099697e+001
  1.5600000e+000 -1.2103159e+001 -1.1976726e+001 -9.1160620e+000 -1.1165023e+001 -1.1129844e+001 -1.0831632e+001 -1.1100670e+001
  1.5666667e+000 -1.2100524e+001 -1.1994450e+001 -9.1376670e+000 -1.1181908e+001 -1.1133710e+001 -1.0819688e+001 -1.1098542e+001
  1.5733333e+000 -1.2096315e+001 -1.2014413e+001 -9.1686660e+000 -1.1219144e+001 -1.1145657e+001 -1.0818505e+001 -1.1126578e+001
  1.5800000e+000 -1.2083680e+001 -1.2044506e+001 -9.1817440e+000 -1.1229911e+001 -1.1145810e+001 -1.0793453e+001 -1.1132142e+001
  1.5866667e+000 -1.2060493e+001 -1.2036032e+001 -9.1734570e+000 -1.1227347e+001 -1.1145978e+001 -1.0790045e+001 -1.1127865e+001
  1.5933333e+000 -1.2054987e+001 -1.2037884e+001 -9.1803370e+000 -1.1212127e+001 -1.1122416e+001 -1.0763705e+001 -1.1115782e+001
  1.6000000e+000 -1.2056763e+001 -1.2035482e+001 -9.2032110e+000 -1.1203905e+001 -1.1103289e+001 -1.0734426e+001 -1.1105845e+001
  1.6066667e+000 -1.2049521e+001 -1.2072176e+001 -9.2184620e+000 -1.1207093e+001 -1.1108307e+001 -1.0708909e+001 -1.1130647e+001
  1.6133333e+000 -1.2066583e+001 -1.2087765e+001 -9.2344780e+000 -1.1228275e+001 -1.1116916e+001 -1.0674789e+001 -1.1152518e+001
  1.6200000e+000 -1.2086830e+001 -1.2119495e+001 -9.2448670e+000 -1.1238563e+001 -1.1116472e+001 -1.0648685e+001 -1.1153105e+001
  1.6266667e+000 -1.2122038e+001 -1.2132422e+001 -9.2628160e+000 -1.1242650e+001 -1.1105140e+001 -1.0624949e+001 -1.1150477e+001
  1.6333333e+000 -1.2121245e+001 -1.2144899e+001 -9.2738440e+000 -1.1244805e+001 -1.1097513e+001 -1.0613083e+001 -1.1141639e+001
  1.6400000e+000 -1.2133084e+001 -1.2173054e+001 -9.2742910e+000 -1.1253995e+001 -1.1112746e+001 -1.0615472e+001 -1.1137390e+001
  1.6466667e+000 -1.2133595e+001 -1.2196913e+001 -9.2774480e+000 -1.1262605e+001 -1.1107544e+001 -1.0607566e+001 -1.1154664e+001
  1.6533333e+000 -1.2158668e+001 -1.2220089e+001 -9.3013790e+000 -1.1265705e+001 -1.1121396e+001 -1.0587338e+001 -1.1134357e+001
  1.6600000e+000 -1.2186824e+001 -1.2201074e+001 -9.3096090e+000 -1.1260445e+001 -1.1128487e+001 -1.0563090e+001 -1.1145688e+001
  1.6666667e+000 -1.2186232e+001 -1.2204820e+001 -9.3188990e+000 -1.1262231e+001 -1.1114485e+001 -1.0529148e+001 -1.1148531e+001
  1.6733333e+000 -1.2183346e+001 -1.2212569e+001 -9.3431460e+000 -1.1260299e+001 -1.1112601e+001 -1.0519179e+001 -1.1163443e+001
  1.6800000e+000 -1.2188297e+001 -1.2217776e+001 -9.3577790e+000 -1.1270036e+001 -1.1126806e+001 -1.0504175e+001 -1.1185617e+001
  1.6866667e+000 -1.2178477e+001 -1.2221147e+001 -9.3454750e+000 -1.1265353e+001 -1.1128291e+001 -1.0484307e+001 -1.1203693e+001
  1.6933333e+000 -1.2175394e+001 -1.2219415e+001 -9.3557420e+000 -1.1261629e+001 -1.1133144e+001 -1.0482369e+001 -1.1209548e+001
  1.7000000e+000 -1.2163599e+001 -1.2212043e+001 -9.3793260e+000 -1.1269065e+001 -1.1119052e+001 -1.0467206e+001 -1.1214704e+001
  1.7066667e+000 -1.2164536e+001 -1.2203959e+001 -9.4059350e+000 -1.1266472e+001 -1.1099916e+001 -1.0458858e+001 -1.1216136e+001
  1.7133333e+000 -1.2174890e+001 -1.2204431e+001 -9.4251840e+000 -1.1256919e+001 -1.1110654e+001 -1.0443290e+001 -1.1236917e+001
  1.7200000e+000 -1.2201518e+001 -1.2217674e+001 -9.4425760e+000 -1.1258478e+001 -1.1128077e+001 -1.0430803e+001 -1.1280032e+001
  1.7266667e+000 -1.2206010e+001 -1.2205926e+001 -9.4674180e+000 -1.1251092e+001 -1.1125750e+001 -1.0434999e+001 -1.1291943e+001
  1.7333333e+000 -1.2209553e+001 -1.2207334e+001 -9.4888930e+000 -1.1238585e+001 -1.1103084e+001 -1.0429127e+001 -1.1302656e+001
  1.7400000e+000 -1.2219640e+001 -1.2196859e+001 -9.5031590e+000 -1.1236411e+001 -1.1098135e+001 -1.0409901e+001 -1.1292338e+001
  1.7466667e+000 -1.2258902e+001 -1.2191799e+001 -9.5143510e+000 -1.1223313e+001 -1.1111200e+001 -1.0386357e+001 -1.1279653e+001
  1.7533333e+000 -1.2286085e+001 -1.2178099e+001 -9.5309910e+000 -1.1204402e+001 -1.1115604e+001 -1.0368131e+001 -1.1283198e+001
  1.7600000e+000 -1.2307302e+001 -1.2183260e+001 -9.5536350e+000 -1.1224226e+001 -1.1106449e+001 -1.0350240e+001 -1.1305878e+001
  1.7666667e+000 -1.2327528e+001 -1.2186072e+001 -9.5787530e+000 -1.1209851e+001 -1.1092152e+001 -1.0340824e+001 -1.1312016e+001
  1.7733333e+000 -1.2361718e+001 -1.2194502e+001 -9.6252290e+000 -1.1204246e+001 -1.1100709e+001 -1.0349406e+001 -1.1329687e+001
  1.7800000e+000 -1.2381532e+001 -1.2188967e+001 -9.6398470e+000 -1.1202670e+001 -1.1114411e+001 -1.0341158e+001 -1.1337426e+001
  1.7866667e+000 -1.2409141e+001 -1.2190253e+001 -9.6487830e+000 -1.1188474e+001 -1.1139228e+001 -1.0319708e+001 -1.1327495e+001
  1.7933333e+000 -1.2417445e+001 -1.2195496e+001 -9.6720930e+000 -1.1194863e+001 -1.1120103e+001 -1.0295231e+001 -1.1323773e+001
  1.8000000e+000 -1.2409509e+001 -1.2199229e+001 -9.6966140e+000 -1.1203820e+001 -1.1121842e+001 -1.0296994e+001 -1.1330441e+001
  1.8066667e+000 -1.2406965e+001 -1.2209922e+001 -9.7053410e+000 -1.1210361e+001 -1.1122106e+001 -1.0303329e+001 -1.1352357e+001
  1.8133333e+000 -1.2424618e+001 -1.2217299e+001 -9.7222600e+000 -1.1204143e+001 -1.1129749e+001 -1.0310920e+001 -1.1363402e+001
  1.8200000e+000 -1.2402746e+001 -1.2213196e+001 -9.7392060e+000 -1.1196237e+001 -1.1156441e+001 -1.0295073e+001 -1.1360614e+001
  1.8266667e+000 -1.2383044e+001 -1.2208983e+001 -9.7566930e+000 -1.1185489e+001 -1.1132995e+001 -1.0268242e+001 -1.1378456e+001
  1.8333333e+000 -1.2352856e+001 -1.2193728e+001 -9.7615220e+000 -1.1170322e+001 -1.1125292e+001 -1.0272286e+001 -1.1399407e+001
  1.8400000e+000 -1.2348233e+001 -1.2204190e+001 -9.7782220e+000 -1.1168800e+001 -1.1118389e+001 -1.0276337e+001 -1.1398403e+001
  1.8466667e+000 -1.2347125e+001 -1.2200559e+001 -9.8052170e+000 -1.1173280e+001 -1.1124864e+001 -1.0266397e+001 -1.1412312e+001
  1.8533333e+000 -1.2359435e+001 -1.2210458e+001 -9.8320450e+000 -1.1171283e+001 -1.1129348e+001 -1.0272313e+001 -1.1421161e+001
  1.8600000e+000 -1.2353831e+001 -1.2188356e+001 -9.8400500e+000 -1.1178664e+001 -1.1141932e+001 -1.0289645e+001 -1.1424327e+001
  1.8666667e+000 -1.2346375e+001 -1.2170144e+001 -9.8425070e+000 -1.1179176e+001 -1.1145987e+001 -1.0306054e+001 -1.1438174e+001
  1.8733333e+000 -1.2346303e+001 -1.2186374e+001 -9.8706730e+000 -1.1181009e+001 -1.1130059e+001 -1.0306816e+001 -1.1455980e+001
  1.8800000e+000 -1.2315899e+001 -1.2196234e+001 -9.8720970e+000 -1.1181884e+001 -1.1132551e+001 -1.0300010e+001 -1.1479244e+001
  1.8866667e+000 -1.2314124e+001 -1.2206031e+001 -9.8635680e+000 -1.1169238e+001 -1.1138385e+001 -1.0299294e+001 -1.1491484e+001
  1.8933333e+000 -1.2314788e+001 -1.2195908e+001 -9.8636480e+000 -1.1157084e+001 -1.1118576e+001 -1.0321066e+001 -1.1473096e+001
  1.9000000e+000 -1.2324010e+001 -1.2185932e+001 -9.8651140e+000 -1.1153843e+001 -1.1118008e+001 -1.0314089e+001 -1.1461533e+001
  1.9066667e+000 -1.2328265e+001 -1.2197597e+001 -9.8857030e+000 -1.1163559e+001 -1.1125594e+001 -1.0323632e+001 -1.1448014e+001
  1.9133333e+000 -1.2317122e+001 -1.2205891e+001 -9.8851780e+000 -1.1177397e+001 -1.1143089e+001 -1.0346630e+001 -1.1434400e+001
  1.9200000e+000 -1.2321702e+001 -1.2214972e+001 -9.8958840e+000 -1.1163577e+001 -1.1149181e+001 -1.0382716e+001 -1.1440830e+001
  1.9266667e+000 -1.2305102e+001 -1.2223585e+001 -9.8928800e+000 -1.1156443e+001 -1.1138912e+001 -1.0386222e+001 -1.1428461e+001
  1.9333333e+000 -1.2313072e+001 -1.2197368e+001 -9.9232130e+000 -1.1156499e+001 -1.1146080e+001 -1.0385239e+001 -1.1422717e+001
  1.9400000e+000 -1.2313958e+001 -1.2197701e+001 -9.9041920e+000 -1.1167667e+001 -1.1142709e+001 -1.0426492e+001 -1.1405657e+001
  1.9466667e+000 -1.2336313e+001 -1.2200055e+001 -9.9094440e+000 -1.1165030e+001 -1.1148465e+001 -1.0427427e+001 -1.1378671e+001
  1.9533333e+000 -1.2361788e+001 -1.2204538e+001 -9.9168750e+000 -1.1159918e+001 -1.1168872e+001 -1.0435535e+001 -1.1360833e+001
  1.9600000e+000 -1.2363015e+001 -1.2207094e+001 -9.9192660e+000 -1.1160399e+001 -1.1179751e+001 -1.0476187e+001 -1.1359440e+001
  1.9666667e+000 -1.2366348e+001 -1.2192389e+001 -9.9162140e+000 -1.1162584e+001 -1.1180227e+001 -1.0491816e+001 -1.1339586e+001
  1.9733333e+000 -1.2371655e+001 -1.2199773e+001 -9.9102510e+000 -1.1174438e+001 -1.1174827e+001 -1.0493675e+001 -1.1300468e+001
  1.9800000e+000 -1.2378635e+001 -1.2207725e+001 -9.9174230e+000 -1.1183459e+001 -1.1161217e+001 -1.0501177e+001 -1.1295110e+001
  1.9866667e+000 -1.2394038e+001 -1.2220898e+001 -9.9070800e+000 -1.1167308e+001 -1.1159570e+001 -1.0542325e+001 -1.1289055e+001
  1.9933333e+000 -1.2393458e+001 -1.2228005e+001 -9.9073900e+000 -1.1164392e+001 -1.1171678e+001 -1.0562711e+001 -1.1278099e+001
  2.0000000e+000 -1.2400198e+001 -1.2215446e+001 -9.9083800e+000 -1.1168568e+001 -1.1184519e+001 -1.0569172e+001 -1.1270384e+001
