 -5.0000000e-001 -6.2573235e+001 -6.2380768e+001 -6.3970207e+001 -6.1604141e+001 -6.2048958e+001 -6.1766541e+001 -6.2563713e+001
 -4.9333333e-001 -6.2625515e+001 -6.2363564e+001 -6.3948986e+001 -6.1583145e+001 -6.2070690e+001 -6.1800564e+001 -6.2590611e+001
 -4.8666667e-001 -6.2600147e+001 -6.2335819e+001 -6.3960987e+001 -6.1587036e+001 -6.2042538e+001 -6.1756550e+001 -6.2569363e+001
 -4.8000000e-001 -6.2618855e+001 -6.2321117e+001 -6.3983723e+001 -6.1666542e+001 -6.2072281e+001 -6.1818016e+001 -6.2608799e+001
 -4.7333333e-001 -6.2526436e+001 -6.2273594e+001 -6.3988110e+001 -6.1636189e+001 -6.2028099e+001 -6.1876816e+001 -6.2601196e+001
 -4.6666667e-001 -6.2574684e+001 -6.2313660e+001 -6.3981449e+001 -6.1656609e+001 -6.2041348e+001 -6.1842308e+001 -6.2601505e+001
 -4.6000000e-001 -6.2554733e+001 -6.2319035e+001 -6.3985771e+001 -6.1599449e+001 -6.2050419e+001 -6.1824306e+001 -6.2587646e+001
 -4.5333333e-001 -6.2549370e+001 -6.2275295e+001 -6.3955616e+001 -6.1604939e+001 -6.2089916e+001 -6.1797504e+001 -6.2647602e+001
 -4.4666667e-001 -6.2575756e+001 -6.2286335e+001 -6.3925510e+001 -6.1648590e+001 -6.2051929e+001 -6.1809490e+001 -6.2606777e+001
 -4.4000000e-001 -6.2539036e+001 -6.2296967e+001 -6.3980022e+001 -6.1626873e+001 -6.2062481e+001 -6.1819550e+001 -6.2649876e+001
 -4.3333333e-001 -6.2550068e+001 -6.2369251e+001 -6.3989883e+001 -6.1605972e+001 -6.2041935e+001 -6.1846081e+001 -6.2645882e+001
 -4.2666667e-001 -6.2555065e+001 -6.2300793e+001 -6.4028824e+001 -6.1645027e+001 -6.2057755e+001 -6.1858967e+001 -6.2605392e+001
 -4.2000000e-001 -6.2585815e+001 -6.2268833e+001 -6.3955059e+001 -6.1647007e+001 -6.2062885e+001 -6.1797176e+001 -6.2611675e+001
 -4.1333333e-001 -6.2582436e+001 -6.2261185e+001 -6.3977558e+001 -6.1646049e+001 -6.2082520e+001 -6.1775829e+001 -6.2628765e+001
 -4.0666667e-001 -6.2606739e+001 -6.2323360e+001 -6.3973179e+001 -6.1666584e+001 -6.2035400e+001 -6.1811157e+001 -6.2664474e+001
 -4.0000000e-001 -6.2619625e+001 -6.2319118e+001 -6.3955719e+001 -6.1657383e+001 -6.2053917e+001 -6.1800011e+001 -6.2587215e+001
 -3.9333333e-001 -6.2581116e+001 -6.2335484e+001 -6.3923023e+001 -6.1705311e+001 -6.2052898e+001 -6.1754311e+001 -6.2632050e+001
 -3.8666667e-001 -6.2591446e+001 -6.2306381e+001 -6.3976326e+001 -6.1670231e+001 -6.2123802e+001 -6.1797058e+001 -6.2634029e+001
 -3.8000000e-001 -6.2593884e+001 -6.2317547e+001 -6.3987591e+001 -6.1661404e+001 -6.2136158e+001 -6.1794006e+001 -6.2641788e+001
 -3.7333333e-001 -6.2546120e+001 -6.2352505e+001 -6.3998089e+001 -6.1710213e+001 -6.2075397e+001 -6.1806274e+001 -6.2648415e+001
 -3.6666667e-001 -6.2555428e+001 -6.2390392e+001 -6.3941711e+001 -6.1671570e+001 -6.2014908e+001 -6.1843731e+001 -6.2640327e+001
 -3.6000000e-001 -6.2573780e+001 -6.2336685e+001 -6.3920403e+001 -6.1710903e+001 -6.2006222e+001 -6.1793827e+001 -6.2609776e+001
 -3.5333333e-001 -6.2647949e+001 -6.2281948e+001 -6.3962914e+001 -6.1750431e+001 -6.2094070e+001 -6.1779839e+001 -6.2663303e+001
 -3.4666667e-001 -6.2584026e+001 -6.2285316e+001 -6.3968575e+001 -6.1685490e+001 -6.2082310e+001 -6.1806499e+001 -6.2653358e+001
 -3.4000000e-001 -6.2629326e+001 -6.2340866e+001 -6.3954060e+001 -6.1695366e+001 -6.2051983e+001 -6.1817516e+001 -6.2654850e+001
 -3.3333333e-001 -6.2601299e+001 -6.2308762e+001 -6.3983444e+001 -6.1687080e+001 -6.2062283e+001 -6.1832680e+001 -6.2656200e+001
 -3.2666667e-001 -6.2616039e+001 -6.2320538e+001 -6.3932579e+001 -6.1763412e+001 -6.2104622e+001 -6.1844940e+001 -6.2619946e+001
 -3.2000000e-001 -6.2600330e+001 -6.2340755e+001 -6.3983074e+001 -6.1719559e+001 -6.2103359e+001 -6.1791870e+001 -6.2627117e+001
 -3.1333333e-001 -6.2557449e+001 -6.2368492e+001 -6.3966518e+001 -6.1707268e+001 -6.2127136e+001 -6.1750286e+001 -6.2677418e+001
 -3.0666667e-001 -6.2547279e+001 -6.2356834e+001 -6.3922192e+001 -6.1714012e+001 -6.2049488e+001 -6.1794983e+001 -6.2682873e+001
 -3.0000000e-001 -6.2521442e+001 -6.2335278e+001 -6.3981827e+001 -6.1663979e+001 -6.2074112e+001 -6.1832985e+001 -6.2670403e+001
 -2.9333333e-001 -6.2547501e+001 -6.2367672e+001 -6.3932934e+001 -6.1697857e+001 -6.2096817e+001 -6.1852833e+001 -6.2684177e+001
 -2.8666667e-001 -6.2551460e+001 -6.2360428e+001 -6.3961834e+001 -6.1708889e+001 -6.2039211e+001 -6.1772629e+001 -6.2671303e+001
 -2.8000000e-001 -6.2535797e+001 -6.2365673e+001 -6.3975246e+001 -6.1677189e+001 -6.2024609e+001 -6.1777374e+001 -6.2722195e+001
 -2.7333333e-001 -6.2538326e+001 -6.2372826e+001 -6.3992268e+001 -6.1738121e+001 -6.2045582e+001 -6.1837234e+001 -6.2669868e+001
 -2.6666667e-001 -6.2543961e+001 -6.2363548e+001 -6.3911530e+001 -6.1732315e+001 -6.2059399e+001 -6.1802258e+001 -6.2648819e+001
 -2.6000000e-001 -6.2596607e+001 -6.2371292e+001 -6.3936417e+001 -6.1728951e+001 -6.2055717e+001 -6.1781761e+001 -6.2640575e+001
 -2.5333333e-001 -6.2579342e+001 -6.2338249e+001 -6.3947777e+001 -6.1756981e+001 -6.1967274e+001 -6.1802380e+001 -6.2647499e+001
 -2.4666667e-001 -6.2570297e+001 -6.2337601e+001 -6.3977001e+001 -6.1742069e+001 -6.2038467e+001 -6.1833649e+001 -6.2706436e+001
 -2.4000000e-001 -6.2573208e+001 -6.2337524e+001 -6.3982029e+001 -6.1742157e+001 -6.2106304e+001 -6.1796928e+001 -6.2664925e+001
 -2.3333333e-001 -6.2545662e+001 -6.2315716e+001 -6.3950298e+001 -6.1719395e+001 -6.2092129e+001 -6.1826305e+001 -6.2682865e+001
 -2.2666667e-001 -6.2604675e+001 -6.2337238e+001 -6.3977127e+001 -6.1695602e+001 -6.2045338e+001 -6.1815903e+001 -6.2616028e+001
 -2.2000000e-001 -6.2616081e+001 -6.2325203e+001 -6.3939861e+001 -6.1694954e+001 -6.2032982e+001 -6.1823753e+001 -6.2666557e+001
 -2.1333333e-001 -6.2572567e+001 -6.2316292e+001 -6.3978260e+001 -6.1697037e+001 -6.2045799e+001 -6.1819859e+001 -6.2667328e+001
 -2.0666667e-001 -6.2557674e+001 -6.2314316e+001 -6.3953167e+001 -6.1756264e+001 -6.2089432e+001 -6.1809250e+001 -6.2649502e+001
 -2.0000000e-001 -6.2580727e+001 -6.2335171e+001 -6.3958870e+001 -6.1719398e+001 -6.2077358e+001 -6.1832912e+001 -6.2644844e+001
 -1.9333333e-001 -6.2581978e+001 -6.2322784e+001 -6.4009193e+001 -6.1750294e+001 -6.2033382e+001 -6.1825092e+001 -6.2669903e+001
 -1.8666667e-001 -6.2564472e+001 -6.2364258e+001 -6.3986004e+001 -6.1750122e+001 -6.2050972e+001 -6.1825390e+001 -6.2686733e+001
 -1.8000000e-001 -6.2609455e+001 -6.2344765e+001 -6.3983131e+001 -6.1726887e+001 -6.2040024e+001 -6.1855690e+001 -6.2675900e+001
 -1.7333333e-001 -6.2590073e+001 -6.2336079e+001 -6.3997658e+001 -6.1708294e+001 -6.2054394e+001 -6.1814873e+001 -6.2691891e+001
 -1.6666667e-001 -6.2624584e+001 -6.2376827e+001 -6.3956234e+001 -6.1737255e+001 -6.2035255e+001 -6.1838074e+001 -6.2735905e+001
 -1.6000000e-001 -6.2586765e+001 -6.2336700e+001 -6.4025780e+001 -6.1733444e+001 -6.2073765e+001 -6.1872971e+001 -6.2719082e+001
 -1.5333333e-001 -6.2571049e+001 -6.2308300e+001 -6.4007011e+001 -6.1695763e+001 -6.2074924e+001 -6.1846214e+001 -6.2673462e+001
 -1.4666667e-001 -6.2553467e+001 -6.2365120e+001 -6.3949818e+001 -6.1712200e+001 -6.2094868e+001 -6.1853626e+001 -6.2749870e+001
 -1.4000000e-001 -6.2565075e+001 -6.2308620e+001 -6.3942280e+001 -6.1733437e+001 -6.2042065e+001 -6.1859146e+001 -6.2741913e+001
 -1.3333333e-001 -6.2591576e+001 -6.2326427e+001 -6.3950523e+001 -6.1689014e+001 -6.2058525e+001 -6.1877819e+001 -6.2741817e+001
 -1.2666667e-001 -6.2597939e+001 -6.2339924e+001 -6.3956692e+001 -6.1728989e+001 -6.2076893e+001 -6.1909328e+001 -6.2771248e+001
 -1.2000000e-001 -6.2557785e+001 -6.2320286e+001 -6.4001442e+001 -6.1772511e+001 -6.2070881e+001 -6.1854267e+001 -6.2691303e+001
 -1.1333333e-001 -6.2591022e+001 -6.2373432e+001 -6.3962509e+001 -6.1739120e+001 -6.2058846e+001 -6.1820938e+001 -6.2708698e+001
 -1.0666667e-001 -6.2554588e+001 -6.2317909e+001 -6.3994522e+001 -6.1797359e+001 -6.2052979e+001 -6.1839989e+001 -6.2753319e+001
 -1.0000000e-001 -6.2554008e+001 -6.2303505e+001 -6.3980896e+001 -6.1774391e+001 -6.2054447e+001 -6.1885468e+001 -6.2730957e+001
 -9.3333333e-002 -6.2614433e+001 -6.2326153e+001 -6.3979317e+001 -6.1740784e+001 -6.2023937e+001 -6.1909756e+001 -6.2734306e+001
 -8.6666667e-002 -6.2649609e+001 -6.2298512e+001 -6.3974503e+001 -6.1759548e+001 -6.2026417e+001 -6.1923588e+001 -6.2695004e+001
 -8.0000000e-002 -6.2622845e+001 -6.2315544e+001 -6.3984066e+001 -6.1796833e+001 -6.2066177e+001 -6.1935753e+001 -6.2751797e+001
 -7.3333333e-002 -6.2572197e+001 -6.2319389e+001 -6.4002121e+001 -6.1761242e+001 -6.2048244e+001 -6.1889969e+001 -6.2760841e+001
 -6.6666667e-002 -6.2583706e+001 -6.2271858e+001 -6.4023903e+001 -6.1760429e+001 -6.2049141e+001 -6.1899128e+001 -6.2771626e+001
 -6.0000000e-002 -6.2569275e+001 -6.2322628e+001 -6.3978840e+001 -6.1751030e+001 -6.2041927e+001 -6.1892838e+001 -6.2736382e+001
 -5.3333333e-002 -6.2579990e+001 -6.2316776e+001 -6.4017189e+001 -6.1725323e+001 -6.2022087e+001 -6.1877190e+001 -6.2752712e+001
 -4.6666667e-002 -6.2600960e+001 -6.2349178e+001 -6.3986286e+001 -6.1735569e+001 -6.2050678e+001 -6.1886391e+001 -6.2743664e+001
 -4.0000000e-002 -6.2588043e+001 -6.2328648e+001 -6.4005455e+001 -6.1715527e+001 -6.2079937e+001 -6.1938282e+001 -6.2759270e+001
 -3.3333333e-002 -6.2557934e+001 -6.2266914e+001 -6.3991482e+001 -6.1765942e+001 -6.2018486e+001 -6.1961926e+001 -6.2773624e+001
 -2.6666667e-002 -6.2565544e+001 -6.2352703e+001 -6.3998238e+001 -6.1795700e+001 -6.2060112e+001 -6.1881916e+001 -6.2732578e+001
 -2.0000000e-002 -6.2658085e+001 -6.2332253e+001 -6.4009911e+001 -6.1764145e+001 -6.2090366e+001 -6.1917236e+001 -6.2710869e+001
 -1.3333333e-002 -6.2596493e+001 -6.2308113e+001 -6.3993977e+001 -6.1778904e+001 -6.2069454e+001 -6.1920876e+001 -6.2711048e+001
 -6.6666667e-003 -6.2595657e+001 -6.2305416e+001 -6.3997753e+001 -6.1841721e+001 -6.2079971e+001 -6.1853184e+001 -6.2737747e+001
  0.0000000e+000 -6.2643654e+001 -6.2288601e+001 -6.3986485e+001 -6.1819653e+001 -6.2017189e+001 -6.1914982e+001 -6.2763988e+001
  6.6666667e-003 -6.2625957e+001 -6.2279236e+001 -6.3970856e+001 -6.1818405e+001 -6.2057926e+001 -6.1926094e+001 -6.2804565e+001
  1.3333333e-002 -6.2700371e+001 -6.2359818e+001 -6.4013451e+001 -6.1838970e+001 -6.2095066e+001 -6.1940056e+001 -6.2844181e+001
  2.0000000e-002 -6.2765491e+001 -6.2328037e+001 -6.4132538e+001 -6.1907497e+001 -6.2129955e+001 -6.2013378e+001 -6.2858551e+001
  2.6666667e-002 -6.2811474e+001 -6.2368160e+001 -6.4200058e+001 -6.1948582e+001 -6.2206310e+001 -6.2048759e+001 -6.2943691e+001
  3.3333333e-002 -6.2844749e+001 -6.2476658e+001 -6.4200989e+001 -6.1971481e+001 -6.2232300e+001 -6.2114948e+001 -6.2934120e+001
  4.0000000e-002 -6.2811260e+001 -6.2518028e+001 -6.4278351e+001 -6.2015236e+001 -6.2247696e+001 -6.2120003e+001 -6.2967010e+001
  4.6666667e-002 -6.2839920e+001 -6.2543839e+001 -6.4278969e+001 -6.2072842e+001 -6.2349655e+001 -6.2152210e+001 -6.3022373e+001
  5.3333333e-002 -6.2873703e+001 -6.2578636e+001 -6.4295471e+001 -6.2063095e+001 -6.2358086e+001 -6.2161724e+001 -6.3001099e+001
  6.0000000e-002 -6.2945118e+001 -6.2560040e+001 -6.4357674e+001 -6.2087765e+001 -6.2370876e+001 -6.2198853e+001 -6.2987335e+001
  6.6666667e-002 -6.2953163e+001 -6.2644371e+001 -6.4320953e+001 -6.2082813e+001 -6.2350750e+001 -6.2235611e+001 -6.3017410e+001
  7.3333333e-002 -6.2938595e+001 -6.2678493e+001 -6.4330688e+001 -6.2179142e+001 -6.2376999e+001 -6.2242615e+001 -6.3070103e+001
  8.0000000e-002 -6.2980999e+001 -6.2663689e+001 -6.4396606e+001 -6.2252831e+001 -6.2428375e+001 -6.2256268e+001 -6.3075630e+001
  8.6666667e-002 -6.3045071e+001 -6.2719006e+001 -6.4458008e+001 -6.2226475e+001 -6.2461704e+001 -6.2285378e+001 -6.3131821e+001
  9.3333333e-002 -6.3119492e+001 -6.2787041e+001 -6.4498657e+001 -6.2321480e+001 -6.2470325e+001 -6.2373043e+001 -6.3207500e+001
  1.0000000e-001 -6.3138767e+001 -6.2821465e+001 -6.4636841e+001 -6.2354630e+001 -6.2484421e+001 -6.2477436e+001 -6.3316120e+001
  1.0666667e-001 -6.3157619e+001 -6.2816730e+001 -6.4682465e+001 -6.2406094e+001 -6.2562630e+001 -6.2555943e+001 -6.3386028e+001
  1.1333333e-001 -6.3164608e+001 -6.2851791e+001 -6.4682610e+001 -6.2433277e+001 -6.2615704e+001 -6.2538300e+001 -6.3419811e+001
  1.2000000e-001 -6.3214405e+001 -6.2905449e+001 -6.4712204e+001 -6.2503689e+001 -6.2658092e+001 -6.2621483e+001 -6.3458092e+001
  1.2666667e-001 -6.3244110e+001 -6.2875175e+001 -6.4688797e+001 -6.2560135e+001 -6.2700523e+001 -6.2587933e+001 -6.3466946e+001
  1.3333333e-001 -6.3305241e+001 -6.2852768e+001 -6.4724129e+001 -6.2517281e+001 -6.2793842e+001 -6.2624851e+001 -6.3505917e+001
  1.4000000e-001 -6.3307343e+001 -6.3017048e+001 -6.4800552e+001 -6.2538170e+001 -6.2844994e+001 -6.2668121e+001 -6.3494198e+001
  1.4666667e-001 -6.3254330e+001 -6.3000252e+001 -6.4793167e+001 -6.2647739e+001 -6.2835911e+001 -6.2661053e+001 -6.3483673e+001
  1.5333333e-001 -6.3368542e+001 -6.3044941e+001 -6.4874733e+001 -6.2682724e+001 -6.2901752e+001 -6.2673729e+001 -6.3584076e+001
  1.6000000e-001 -6.3497257e+001 -6.3087147e+001 -6.4906754e+001 -6.2727760e+001 -6.2974640e+001 -6.2730465e+001 -6.3570251e+001
  1.6666667e-001 -6.3566803e+001 -6.3118210e+001 -6.4900688e+001 -6.2800243e+001 -6.3087166e+001 -6.2718822e+001 -6.3588268e+001
  1.7333333e-001 -6.3641502e+001 -6.3154346e+001 -6.4871826e+001 -6.2821518e+001 -6.3105492e+001 -6.2774269e+001 -6.3655178e+001
  1.8000000e-001 -6.3709835e+001 -6.3239193e+001 -6.4936867e+001 -6.2879044e+001 -6.3116951e+001 -6.2836887e+001 -6.3754688e+001
  1.8666667e-001 -6.3688263e+001 -6.3234528e+001 -6.4997940e+001 -6.2889030e+001 -6.3169796e+001 -6.2912792e+001 -6.3776894e+001
  1.9333333e-001 -6.3914719e+001 -6.3270489e+001 -6.4970459e+001 -6.2841656e+001 -6.3250614e+001 -6.2967350e+001 -6.3780525e+001
  2.0000000e-001 -6.3804951e+001 -6.3463886e+001 -6.4930656e+001 -6.2810204e+001 -6.3278091e+001 -6.2950275e+001 -6.3812286e+001
  2.0666667e-001 -6.3795975e+001 -6.3393726e+001 -6.4938629e+001 -6.2716267e+001 -6.3373302e+001 -6.2932098e+001 -6.3836395e+001
  2.1333333e-001 -6.3721241e+001 -6.3280670e+001 -6.5008850e+001 -6.2594852e+001 -6.3372635e+001 -6.2960625e+001 -6.3807266e+001
  2.2000000e-001 -6.3726444e+001 -6.3265347e+001 -6.4952568e+001 -6.2487045e+001 -6.3324879e+001 -6.2963383e+001 -6.3771183e+001
  2.2666667e-001 -6.3754215e+001 -6.3238087e+001 -6.4959152e+001 -6.2387627e+001 -6.3308533e+001 -6.2874535e+001 -6.3827648e+001
  2.3333333e-001 -6.3690319e+001 -6.3221714e+001 -6.4960472e+001 -6.2299324e+001 -6.3255898e+001 -6.2831772e+001 -6.3800526e+001
  2.4000000e-001 -6.3641926e+001 -6.3154320e+001 -6.4919029e+001 -6.2117313e+001 -6.3161259e+001 -6.2756927e+001 -6.3768921e+001
  2.4666667e-001 -6.3568672e+001 -6.3040146e+001 -6.4862526e+001 -6.1942520e+001 -6.3113258e+001 -6.2721874e+001 -6.3721512e+001
  2.5333333e-001 -6.3494560e+001 -6.2958439e+001 -6.4797325e+001 -6.1842194e+001 -6.2996166e+001 -6.2591873e+001 -6.3692001e+001
  2.6000000e-001 -6.3333961e+001 -6.2842373e+001 -6.4800423e+001 -6.1746849e+001 -6.2907784e+001 -6.2453365e+001 -6.3608055e+001
  2.6666667e-001 -6.3120632e+001 -6.2655136e+001 -6.4718826e+001 -6.1484638e+001 -6.2706890e+001 -6.2222130e+001 -6.3523739e+001
  2.7333333e-001 -6.2960323e+001 -6.2496929e+001 -6.4635658e+001 -6.1234081e+001 -6.2530109e+001 -6.2059490e+001 -6.3458797e+001
  2.8000000e-001 -6.2743771e+001 -6.2324036e+001 -6.4546761e+001 -6.1013744e+001 -6.2365345e+001 -6.1832256e+001 -6.3348400e+001
  2.8666667e-001 -6.2447964e+001 -6.2229828e+001 -6.4396828e+001 -6.0764923e+001 -6.2188011e+001 -6.1635654e+001 -6.3203266e+001
  2.9333333e-001 -6.2174030e+001 -6.1930847e+001 -6.4279922e+001 -6.0457596e+001 -6.2097466e+001 -6.1421768e+001 -6.3071854e+001
  3.0000000e-001 -6.1796261e+001 -6.1794613e+001 -6.4132576e+001 -6.0219307e+001 -6.1942448e+001 -6.1014183e+001 -6.3009884e+001
  3.0666667e-001 -6.1448078e+001 -6.1500103e+001 -6.3990963e+001 -5.9855980e+001 -6.1682362e+001 -6.0632881e+001 -6.2759521e+001
  3.1333333e-001 -6.0978275e+001 -6.1284466e+001 -6.3708775e+001 -5.9602806e+001 -6.1501469e+001 -6.0203468e+001 -6.2453476e+001
  3.2000000e-001 -6.0462769e+001 -6.0995884e+001 -6.3374054e+001 -5.9346741e+001 -6.1242764e+001 -5.9766888e+001 -6.2121834e+001
  3.2666667e-001 -5.9991703e+001 -6.0743114e+001 -6.2985512e+001 -5.8968952e+001 -6.0929298e+001 -5.9432632e+001 -6.1706306e+001
  3.3333333e-001 -5.9508186e+001 -6.0401733e+001 -6.2730198e+001 -5.8738731e+001 -6.0690193e+001 -5.9057621e+001 -6.1356056e+001
  3.4000000e-001 -5.9038982e+001 -6.0145962e+001 -6.2410118e+001 -5.8494579e+001 -6.0470684e+001 -5.8707684e+001 -6.1003807e+001
  3.4666667e-001 -5.8670567e+001 -5.9813984e+001 -6.2076477e+001 -5.8242363e+001 -6.0261257e+001 -5.8379459e+001 -6.0685677e+001
  3.5333333e-001 -5.8216373e+001 -5.9621078e+001 -6.1754322e+001 -5.8101707e+001 -5.9978577e+001 -5.8134956e+001 -6.0354416e+001
  3.6000000e-001 -5.7810040e+001 -5.9411861e+001 -6.1484928e+001 -5.7951527e+001 -5.9722527e+001 -5.7868034e+001 -6.0083462e+001
  3.6666667e-001 -5.7443031e+001 -5.9178734e+001 -6.1131073e+001 -5.7834320e+001 -5.9505791e+001 -5.7580734e+001 -5.9743134e+001
  3.7333333e-001 -5.7159782e+001 -5.9010548e+001 -6.0843491e+001 -5.7651081e+001 -5.9280727e+001 -5.7352238e+001 -5.9467754e+001
  3.8000000e-001 -5.6863262e+001 -5.8823788e+001 -6.0667892e+001 -5.7493031e+001 -5.9059494e+001 -5.7102398e+001 -5.9216682e+001
  3.8666667e-001 -5.6596115e+001 -5.8699615e+001 -6.0433479e+001 -5.7326237e+001 -5.8864799e+001 -5.6960991e+001 -5.8995998e+001
  3.9333333e-001 -5.6312325e+001 -5.8526459e+001 -6.0195713e+001 -5.7208969e+001 -5.8629524e+001 -5.6838223e+001 -5.8766438e+001
  4.0000000e-001 -5.6093674e+001 -5.8392982e+001 -6.0007790e+001 -5.7132561e+001 -5.8432930e+001 -5.6690983e+001 -5.8544685e+001
  4.0666667e-001 -5.5913719e+001 -5.8233395e+001 -5.9840454e+001 -5.7006344e+001 -5.8281040e+001 -5.6566307e+001 -5.8398468e+001
  4.1333333e-001 -5.5590458e+001 -5.8086838e+001 -5.9658287e+001 -5.6887177e+001 -5.8088840e+001 -5.6543308e+001 -5.8298153e+001
  4.2000000e-001 -5.5344311e+001 -5.7981449e+001 -5.9489014e+001 -5.6892948e+001 -5.8038452e+001 -5.6444965e+001 -5.8142422e+001
  4.2666667e-001 -5.5142883e+001 -5.7934185e+001 -5.9384651e+001 -5.6843746e+001 -5.7991653e+001 -5.6362812e+001 -5.8097618e+001
  4.3333333e-001 -5.4999531e+001 -5.7904835e+001 -5.9350464e+001 -5.6832695e+001 -5.7936623e+001 -5.6330025e+001 -5.8003147e+001
  4.4000000e-001 -5.4910454e+001 -5.7850460e+001 -5.9232796e+001 -5.6818432e+001 -5.7795307e+001 -5.6460033e+001 -5.7904659e+001
  4.4666667e-001 -5.4780293e+001 -5.7816597e+001 -5.9127964e+001 -5.6739197e+001 -5.7732388e+001 -5.6524212e+001 -5.7829342e+001
  4.5333333e-001 -5.4669903e+001 -5.7718815e+001 -5.9008472e+001 -5.6798073e+001 -5.7647903e+001 -5.6530319e+001 -5.7725616e+001
  4.6000000e-001 -5.4563519e+001 -5.7696041e+001 -5.8959717e+001 -5.6809177e+001 -5.7538067e+001 -5.6577381e+001 -5.7644890e+001
  4.6666667e-001 -5.4582512e+001 -5.7698761e+001 -5.8929829e+001 -5.6759529e+001 -5.7560818e+001 -5.6691597e+001 -5.7638630e+001
  4.7333333e-001 -5.4517185e+001 -5.7709049e+001 -5.8875378e+001 -5.6730457e+001 -5.7507313e+001 -5.6734989e+001 -5.7506588e+001
  4.8000000e-001 -5.4522770e+001 -5.7656059e+001 -5.8770679e+001 -5.6810654e+001 -5.7447868e+001 -5.6918781e+001 -5.7745583e+001
  4.8666667e-001 -5.4569321e+001 -5.7644661e+001 -5.8659832e+001 -5.6825863e+001 -5.7437923e+001 -5.7021187e+001 -5.7679276e+001
  4.9333333e-001 -5.4570522e+001 -5.7612682e+001 -5.8600925e+001 -5.6818146e+001 -5.7454929e+001 -5.7141666e+001 -5.7730530e+001
  5.0000000e-001 -5.4677261e+001 -5.7633144e+001 -5.8640850e+001 -5.6873203e+001 -5.7480694e+001 -5.7232231e+001 -5.7703247e+001
  5.0666667e-001 -5.4770760e+001 -5.7603455e+001 -5.8550957e+001 -5.6947659e+001 -5.7549351e+001 -5.7433994e+001 -5.7745171e+001
  5.1333333e-001 -5.4801933e+001 -5.7565430e+001 -5.8468796e+001 -5.7004169e+001 -5.7536072e+001 -5.7578201e+001 -5.7826405e+001
  5.2000000e-001 -5.4946190e+001 -5.7578037e+001 -5.8425236e+001 -5.7059780e+001 -5.7479328e+001 -5.7750916e+001 -5.7826569e+001
  5.2666667e-001 -5.5131187e+001 -5.7519279e+001 -5.8329712e+001 -5.7202812e+001 -5.7531368e+001 -5.7964531e+001 -5.7945454e+001
  5.3333333e-001 -5.5149452e+001 -5.7413082e+001 -5.8339268e+001 -5.7276218e+001 -5.7584579e+001 -5.8114773e+001 -5.8130947e+001
  5.4000000e-001 -5.5349960e+001 -5.7318161e+001 -5.8369171e+001 -5.7229053e+001 -5.7566944e+001 -5.8247097e+001 -5.8250366e+001
  5.4666667e-001 -5.5533394e+001 -5.7263184e+001 -5.8294018e+001 -5.7352036e+001 -5.7590244e+001 -5.8422298e+001 -5.8326851e+001
  5.5333333e-001 -5.5609726e+001 -5.7174877e+001 -5.8251488e+001 -5.7395878e+001 -5.7573387e+001 -5.8486248e+001 -5.8179489e+001
  5.6000000e-001 -5.5730103e+001 -5.7118301e+001 -5.8135307e+001 -5.7466431e+001 -5.7520222e+001 -5.8552494e+001 -5.8260864e+001
  5.6666667e-001 -5.5818157e+001 -5.6978596e+001 -5.8135170e+001 -5.7476036e+001 -5.7477531e+001 -5.8560368e+001 -5.8326557e+001
  5.7333333e-001 -5.5834793e+001 -5.6863949e+001 -5.8222603e+001 -5.7541134e+001 -5.7419460e+001 -5.8538712e+001 -5.8366684e+001
  5.8000000e-001 -5.5887947e+001 -5.6763752e+001 -5.8191418e+001 -5.7588230e+001 -5.7418171e+001 -5.8616245e+001 -5.8362900e+001
  5.8666667e-001 -5.5899994e+001 -5.6638641e+001 -5.8200275e+001 -5.7663990e+001 -5.7346508e+001 -5.8654846e+001 -5.8327229e+001
  5.9333333e-001 -5.5939919e+001 -5.6465054e+001 -5.8173256e+001 -5.7669800e+001 -5.7371330e+001 -5.8649757e+001 -5.8359840e+001
  6.0000000e-001 -5.5629932e+001 -5.6269260e+001 -5.8154499e+001 -5.7763332e+001 -5.7300575e+001 -5.8640324e+001 -5.8343960e+001
  6.0666667e-001 -5.5529972e+001 -5.6145832e+001 -5.8243088e+001 -5.7853767e+001 -5.7230511e+001 -5.8601379e+001 -5.8341496e+001
  6.1333333e-001 -5.5364792e+001 -5.5920227e+001 -5.8314980e+001 -5.7961308e+001 -5.7179638e+001 -5.8578217e+001 -5.8310261e+001
  6.2000000e-001 -5.5132225e+001 -5.5700909e+001 -5.8297249e+001 -5.7967884e+001 -5.7073357e+001 -5.8630852e+001 -5.8201530e+001
  6.2666667e-001 -5.4916622e+001 -5.5534565e+001 -5.8252811e+001 -5.8060200e+001 -5.7002445e+001 -5.8685444e+001 -5.8227978e+001
  6.3333333e-001 -5.4612968e+001 -5.5386967e+001 -5.8244766e+001 -5.8221031e+001 -5.6900139e+001 -5.8701637e+001 -5.8230778e+001
  6.4000000e-001 -5.4348278e+001 -5.5210842e+001 -5.8253563e+001 -5.8273830e+001 -5.6891979e+001 -5.8655117e+001 -5.8272320e+001
  6.4666667e-001 -5.4000668e+001 -5.5034897e+001 -5.8310165e+001 -5.8316860e+001 -5.6828674e+001 -5.8663185e+001 -5.8284035e+001
  6.5333333e-001 -5.3789272e+001 -5.4892841e+001 -5.8277225e+001 -5.8451763e+001 -5.6732880e+001 -5.8751698e+001 -5.8294155e+001
  6.6000000e-001 -5.3476654e+001 -5.4707260e+001 -5.8256966e+001 -5.8579201e+001 -5.6673313e+001 -5.8819588e+001 -5.8284332e+001
  6.6666667e-001 -5.3242168e+001 -5.4611603e+001 -5.8194176e+001 -5.8716801e+001 -5.6689617e+001 -5.8858150e+001 -5.8236549e+001
  6.7333333e-001 -5.2964733e+001 -5.4512180e+001 -5.8229931e+001 -5.8808197e+001 -5.6693573e+001 -5.8890152e+001 -5.8284332e+001
  6.8000000e-001 -5.2695786e+001 -5.4406078e+001 -5.8274357e+001 -5.8997849e+001 -5.6631176e+001 -5.8927055e+001 -5.8307926e+001
  6.8666667e-001 -5.2430740e+001 -5.4246468e+001 -5.8243900e+001 -5.9085247e+001 -5.6574894e+001 -5.8987900e+001 -5.8327461e+001
  6.9333333e-001 -5.2131256e+001 -5.4189476e+001 -5.8235989e+001 -5.9144550e+001 -5.6536587e+001 -5.9076607e+001 -5.8385208e+001
  7.0000000e-001 -5.1932899e+001 -5.4098186e+001 -5.8240730e+001 -5.9223732e+001 -5.6570576e+001 -5.9026566e+001 -5.8394062e+001
  7.0666667e-001 -5.1669018e+001 -5.4018902e+001 -5.8293022e+001 -5.9338184e+001 -5.6576962e+001 -5.9016674e+001 -5.8353939e+001
  7.1333333e-001 -5.1420830e+001 -5.3972385e+001 -5.8367199e+001 -5.9416672e+001 -5.6599014e+001 -5.9024105e+001 -5.8330730e+001
  7.2000000e-001 -5.1241997e+001 -5.3938972e+001 -5.8410126e+001 -5.9480949e+001 -5.6567017e+001 -5.8945660e+001 -5.8316185e+001
  7.2666667e-001 -5.1023739e+001 -5.3913006e+001 -5.8445984e+001 -5.9536690e+001 -5.6590603e+001 -5.9025230e+001 -5.8309368e+001
  7.3333333e-001 -5.0799267e+001 -5.3882217e+001 -5.8508392e+001 -5.9552017e+001 -5.6560184e+001 -5.8944000e+001 -5.8415493e+001
  7.4000000e-001 -5.0592010e+001 -5.3893017e+001 -5.8622982e+001 -5.9583038e+001 -5.6677467e+001 -5.8942127e+001 -5.8463081e+001
  7.4666667e-001 -5.0448032e+001 -5.3832092e+001 -5.8758102e+001 -5.9619671e+001 -5.6704372e+001 -5.8883034e+001 -5.8478401e+001
  7.5333333e-001 -5.0330204e+001 -5.3837925e+001 -5.8834145e+001 -5.9589001e+001 -5.6675888e+001 -5.8897629e+001 -5.8522392e+001
  7.6000000e-001 -5.0180943e+001 -5.3872822e+001 -5.8884769e+001 -5.9574326e+001 -5.6684803e+001 -5.8896843e+001 -5.8494663e+001
  7.6666667e-001 -5.0021801e+001 -5.3943321e+001 -5.8933216e+001 -5.9546875e+001 -5.6723751e+001 -5.8889446e+001 -5.8548492e+001
  7.7333333e-001 -4.9958710e+001 -5.4028858e+001 -5.9016018e+001 -5.9552883e+001 -5.6844212e+001 -5.8812641e+001 -5.8624928e+001
  7.8000000e-001 -4.9774662e+001 -5.3843674e+001 -5.9078110e+001 -5.9560215e+001 -5.6873272e+001 -5.8801582e+001 -5.8592587e+001
  7.8666667e-001 -4.9672924e+001 -5.3870449e+001 -5.9118572e+001 -5.9552700e+001 -5.6880001e+001 -5.8766537e+001 -5.8647495e+001
  7.9333333e-001 -4.9546364e+001 -5.3916630e+001 -5.9235382e+001 -5.9543411e+001 -5.6993141e+001 -5.8719036e+001 -5.8610378e+001
  8.0000000e-001 -4.9420692e+001 -5.3991592e+001 -5.9322720e+001 -5.9559578e+001 -5.7045826e+001 -5.8755741e+001 -5.8585854e+001
  8.0666667e-001 -4.9331436e+001 -5.4097679e+001 -5.9331783e+001 -5.9546227e+001 -5.7155045e+001 -5.8788204e+001 -5.8616970e+001
  8.1333333e-001 -4.9303318e+001 -5.4168854e+001 -5.9340870e+001 -5.9570026e+001 -5.7192379e+001 -5.8795498e+001 -5.8686665e+001
  8.2000000e-001 -4.9214008e+001 -5.4280491e+001 -5.9366959e+001 -5.9640713e+001 -5.7231464e+001 -5.8753956e+001 -5.8697567e+001
  8.2666667e-001 -4.9088642e+001 -5.4307812e+001 -5.9462452e+001 -5.9684093e+001 -5.7319931e+001 -5.8745487e+001 -5.8776714e+001
  8.3333333e-001 -4.9030853e+001 -5.4411270e+001 -5.9489227e+001 -5.9724964e+001 -5.7408424e+001 -5.8706139e+001 -5.8724369e+001
  8.4000000e-001 -4.8977226e+001 -5.4513603e+001 -5.9522114e+001 -5.9719929e+001 -5.7440548e+001 -5.8755917e+001 -5.8715565e+001
  8.4666667e-001 -4.8897472e+001 -5.4597313e+001 -5.9502716e+001 -5.9777470e+001 -5.7465961e+001 -5.8780575e+001 -5.8750393e+001
  8.5333333e-001 -4.8851536e+001 -5.4628185e+001 -5.9543362e+001 -5.9801086e+001 -5.7555382e+001 -5.8739151e+001 -5.8758232e+001
  8.6000000e-001 -4.8816402e+001 -5.4676636e+001 -5.9606842e+001 -5.9835171e+001 -5.7626110e+001 -5.8761452e+001 -5.8792187e+001
  8.6666667e-001 -4.8722305e+001 -5.4771393e+001 -5.9649982e+001 -5.9867168e+001 -5.7688046e+001 -5.8755787e+001 -5.8772671e+001
  8.7333333e-001 -4.8658428e+001 -5.4866234e+001 -5.9643864e+001 -5.9860222e+001 -5.7751339e+001 -5.8727989e+001 -5.8836765e+001
  8.8000000e-001 -4.8714333e+001 -5.5016369e+001 -5.9635052e+001 -5.9850346e+001 -5.7755821e+001 -5.8749763e+001 -5.8876503e+001
  8.8666667e-001 -4.8698254e+001 -5.5040901e+001 -5.9588669e+001 -5.9820778e+001 -5.7752125e+001 -5.8766441e+001 -5.8933914e+001
  8.9333333e-001 -4.8662033e+001 -5.5108040e+001 -5.9592003e+001 -5.9782017e+001 -5.7881607e+001 -5.8748753e+001 -5.8915806e+001
  9.0000000e-001 -4.8673809e+001 -5.5255608e+001 -5.9578438e+001 -5.9761894e+001 -5.7942730e+001 -5.8752476e+001 -5.8910702e+001
  9.0666667e-001 -4.8814102e+001 -5.5459221e+001 -5.9670734e+001 -5.9763275e+001 -5.7948574e+001 -5.8781731e+001 -5.8913601e+001
  9.1333333e-001 -4.8870880e+001 -5.5555424e+001 -5.9599369e+001 -5.9799118e+001 -5.7983334e+001 -5.8800968e+001 -5.8999702e+001
  9.2000000e-001 -4.9016518e+001 -5.5750042e+001 -5.9605724e+001 -5.9763950e+001 -5.8114201e+001 -5.8744209e+001 -5.8982414e+001
  9.2666667e-001 -4.9108086e+001 -5.5945568e+001 -5.9589222e+001 -5.9764824e+001 -5.8158985e+001 -5.8758949e+001 -5.9024609e+001
  9.3333333e-001 -4.9267342e+001 -5.6055111e+001 -5.9553696e+001 -5.9733067e+001 -5.8139656e+001 -5.8753273e+001 -5.9019001e+001
  9.4000000e-001 -4.9428982e+001 -5.6135391e+001 -5.9574276e+001 -5.9768246e+001 -5.8185890e+001 -5.8742115e+001 -5.9099476e+001
  9.4666667e-001 -4.9646626e+001 -5.6268181e+001 -5.9582561e+001 -5.9713600e+001 -5.8338444e+001 -5.8715347e+001 -5.9147614e+001
  9.5333333e-001 -4.9882175e+001 -5.6358387e+001 -5.9618774e+001 -5.9762928e+001 -5.8334244e+001 -5.8725460e+001 -5.9189232e+001
  9.6000000e-001 -5.0083279e+001 -5.6392773e+001 -5.9603046e+001 -5.9720455e+001 -5.8342255e+001 -5.8711140e+001 -5.9282135e+001
  9.6666667e-001 -5.0200069e+001 -5.6434029e+001 -5.9602253e+001 -5.9755127e+001 -5.8390392e+001 -5.8699459e+001 -5.9343914e+001
  9.7333333e-001 -5.0434856e+001 -5.6558098e+001 -5.9600197e+001 -5.9792336e+001 -5.8499691e+001 -5.8705593e+001 -5.9436684e+001
  9.8000000e-001 -5.0562309e+001 -5.6597565e+001 -5.9713654e+001 -5.9785007e+001 -5.8581421e+001 -5.8640202e+001 -5.9461559e+001
  9.8666667e-001 -5.0791729e+001 -5.6704327e+001 -5.9816723e+001 -5.9785912e+001 -5.8566257e+001 -5.8634941e+001 -5.9571106e+001
  9.9333333e-001 -5.0883747e+001 -5.6763073e+001 -5.9826824e+001 -5.9772694e+001 -5.8661129e+001 -5.8667049e+001 -5.9616779e+001
  1.0000000e+000 -5.1041225e+001 -5.6813564e+001 -5.9830997e+001 -5.9777809e+001 -5.8809063e+001 -5.8652592e+001 -5.9589249e+001
  1.0066667e+000 -5.1208488e+001 -5.6909180e+001 -5.9865818e+001 -5.9786922e+001 -5.8868813e+001 -5.8735619e+001 -5.9590424e+001
  1.0133333e+000 -5.1347843e+001 -5.7032745e+001 -5.9858543e+001 -5.9836849e+001 -5.8870098e+001 -5.8705669e+001 -5.9700191e+001
  1.0200000e+000 -5.1538639e+001 -5.7188606e+001 -5.9921387e+001 -5.9848152e+001 -5.8950611e+001 -5.8642441e+001 -5.9756493e+001
  1.0266667e+000 -5.1672318e+001 -5.7366760e+001 -5.9961765e+001 -5.9823502e+001 -5.9064026e+001 -5.8678741e+001 -5.9829403e+001
  1.0333333e+000 -5.1796921e+001 -5.7529625e+001 -5.9965366e+001 -5.9825752e+001 -5.9136749e+001 -5.8676132e+001 -5.9813477e+001
  1.0400000e+000 -5.1867588e+001 -5.7685791e+001 -5.9947922e+001 -5.9874306e+001 -5.9204826e+001 -5.8678600e+001 -5.9778294e+001
  1.0466667e+000 -5.2030766e+001 -5.7814022e+001 -5.9950981e+001 -5.9873009e+001 -5.9268879e+001 -5.8688553e+001 -5.9850121e+001
  1.0533333e+000 -5.2163326e+001 -5.7942204e+001 -6.0013035e+001 -5.9910007e+001 -5.9314751e+001 -5.8731030e+001 -5.9917263e+001
  1.0600000e+000 -5.2218094e+001 -5.7928207e+001 -6.0054157e+001 -5.9897938e+001 -5.9400257e+001 -5.8752159e+001 -5.9936672e+001
  1.0666667e+000 -5.2241520e+001 -5.7972275e+001 -6.0069588e+001 -5.9868809e+001 -5.9423363e+001 -5.8735420e+001 -5.9928074e+001
  1.0733333e+000 -5.2330231e+001 -5.8036758e+001 -6.0128876e+001 -5.9877632e+001 -5.9501617e+001 -5.8755707e+001 -6.0006279e+001
  1.0800000e+000 -5.2389236e+001 -5.8002159e+001 -6.0057549e+001 -5.9916840e+001 -5.9596474e+001 -5.8758205e+001 -6.0018261e+001
  1.0866667e+000 -5.2418831e+001 -5.7999241e+001 -6.0101070e+001 -5.9911121e+001 -5.9638844e+001 -5.8782356e+001 -6.0118931e+001
  1.0933333e+000 -5.2394325e+001 -5.7970070e+001 -6.0147781e+001 -5.9882446e+001 -5.9715572e+001 -5.8777233e+001 -6.0119461e+001
  1.1000000e+000 -5.2404835e+001 -5.7970570e+001 -6.0175362e+001 -5.9874771e+001 -5.9810417e+001 -5.8798347e+001 -6.0066418e+001
  1.1066667e+000 -5.2406509e+001 -5.7973137e+001 -6.0195004e+001 -5.9852573e+001 -5.9850040e+001 -5.8795975e+001 -6.0141312e+001
  1.1133333e+000 -5.2403553e+001 -5.7992165e+001 -6.0157082e+001 -5.9888363e+001 -5.9932930e+001 -5.8800571e+001 -6.0163483e+001
  1.1200000e+000 -5.2386517e+001 -5.8022087e+001 -6.0178326e+001 -5.9881664e+001 -6.0050724e+001 -5.8812218e+001 -6.0227837e+001
  1.1266667e+000 -5.2415504e+001 -5.8010410e+001 -6.0202873e+001 -5.9920166e+001 -6.0176617e+001 -5.8768272e+001 -6.0222652e+001
  1.1333333e+000 -5.2471138e+001 -5.8053154e+001 -6.0221901e+001 -5.9883129e+001 -6.0298557e+001 -5.8796360e+001 -6.0235584e+001
  1.1400000e+000 -5.2482983e+001 -5.8131168e+001 -6.0207142e+001 -5.9840633e+001 -6.0356812e+001 -5.8810169e+001 -6.0243732e+001
  1.1466667e+000 -5.2509277e+001 -5.8178192e+001 -6.0188091e+001 -5.9795254e+001 -6.0403427e+001 -5.8822765e+001 -6.0234634e+001
  1.1533333e+000 -5.2500145e+001 -5.8233143e+001 -6.0213829e+001 -5.9800514e+001 -6.0522579e+001 -5.8847298e+001 -6.0247166e+001
  1.1600000e+000 -5.2548580e+001 -5.8284348e+001 -6.0202980e+001 -5.9813831e+001 -6.0552769e+001 -5.8851479e+001 -6.0273407e+001
  1.1666667e+000 -5.2583031e+001 -5.8252014e+001 -6.0216370e+001 -5.9790562e+001 -6.0530830e+001 -5.8819042e+001 -6.0295128e+001
  1.1733333e+000 -5.2631416e+001 -5.8229309e+001 -6.0245464e+001 -5.9847492e+001 -6.0576122e+001 -5.8796268e+001 -6.0341286e+001
  1.1800000e+000 -5.2633709e+001 -5.8265652e+001 -6.0249592e+001 -5.9831871e+001 -6.0618805e+001 -5.8850224e+001 -6.0292526e+001
  1.1866667e+000 -5.2655663e+001 -5.8307720e+001 -6.0307976e+001 -5.9813847e+001 -6.0654190e+001 -5.8808605e+001 -6.0272396e+001
  1.1933333e+000 -5.2704365e+001 -5.8355408e+001 -6.0290211e+001 -5.9829445e+001 -6.0594620e+001 -5.8824554e+001 -6.0319988e+001
  1.2000000e+000 -5.2679314e+001 -5.8325603e+001 -6.0222652e+001 -5.9855030e+001 -6.0559402e+001 -5.8844566e+001 -6.0344959e+001
  1.2066667e+000 -5.2681175e+001 -5.8297722e+001 -6.0251278e+001 -5.9820206e+001 -6.0576000e+001 -5.8831768e+001 -6.0351723e+001
  1.2133333e+000 -5.2758728e+001 -5.8273247e+001 -6.0279255e+001 -5.9858551e+001 -6.0590950e+001 -5.8862606e+001 -6.0352268e+001
  1.2200000e+000 -5.2769535e+001 -5.8240902e+001 -6.0265743e+001 -5.9905323e+001 -6.0656040e+001 -5.8840851e+001 -6.0349216e+001
  1.2266667e+000 -5.2738110e+001 -5.8295925e+001 -6.0323608e+001 -5.9913696e+001 -6.0572495e+001 -5.8830551e+001 -6.0291920e+001
  1.2333333e+000 -5.2752010e+001 -5.8362656e+001 -6.0297791e+001 -5.9897373e+001 -6.0581669e+001 -5.8850353e+001 -6.0268032e+001
  1.2400000e+000 -5.2723045e+001 -5.8339283e+001 -6.0307144e+001 -5.9904209e+001 -6.0591915e+001 -5.8856190e+001 -6.0317921e+001
  1.2466667e+000 -5.2859173e+001 -5.8393841e+001 -6.0295784e+001 -5.9896008e+001 -6.0582493e+001 -5.8889378e+001 -6.0321198e+001
  1.2533333e+000 -5.2905064e+001 -5.8420822e+001 -6.0265354e+001 -5.9928688e+001 -6.0614548e+001 -5.8896729e+001 -6.0321949e+001
  1.2600000e+000 -5.2987759e+001 -5.8425713e+001 -6.0277180e+001 -5.9941719e+001 -6.0671299e+001 -5.8891727e+001 -6.0287807e+001
  1.2666667e+000 -5.3024235e+001 -5.8523235e+001 -6.0310543e+001 -5.9975925e+001 -6.0661350e+001 -5.8952866e+001 -6.0250095e+001
  1.2733333e+000 -5.3080753e+001 -5.8554367e+001 -6.0316036e+001 -6.0026901e+001 -6.0645088e+001 -5.8918823e+001 -6.0274700e+001
  1.2800000e+000 -5.3172733e+001 -5.8578381e+001 -6.0335350e+001 -6.0055428e+001 -6.0595329e+001 -5.8951221e+001 -6.0306759e+001
  1.2866667e+000 -5.3257603e+001 -5.8598618e+001 -6.0339523e+001 -6.0056679e+001 -6.0555775e+001 -5.8981800e+001 -6.0293449e+001
  1.2933333e+000 -5.3319778e+001 -5.8598969e+001 -6.0349613e+001 -6.0071609e+001 -6.0617962e+001 -5.9014706e+001 -6.0277122e+001
  1.3000000e+000 -5.3365059e+001 -5.8531197e+001 -6.0405830e+001 -6.0117531e+001 -6.0598312e+001 -5.8979885e+001 -6.0227818e+001
  1.3066667e+000 -5.3411934e+001 -5.8537357e+001 -6.0412533e+001 -6.0136707e+001 -6.0587994e+001 -5.8996025e+001 -6.0291492e+001
  1.3133333e+000 -5.3468456e+001 -5.8520733e+001 -6.0446545e+001 -6.0150833e+001 -6.0611515e+001 -5.9056427e+001 -6.0288067e+001
  1.3200000e+000 -5.3449665e+001 -5.8546120e+001 -6.0497002e+001 -6.0166534e+001 -6.0593903e+001 -5.9086678e+001 -6.0348518e+001
  1.3266667e+000 -5.3466549e+001 -5.8499027e+001 -6.0495499e+001 -6.0174767e+001 -6.0552734e+001 -5.9056427e+001 -6.0393578e+001
  1.3333333e+000 -5.3474831e+001 -5.8467739e+001 -6.0436588e+001 -6.0177574e+001 -6.0569027e+001 -5.9045784e+001 -6.0342072e+001
  1.3400000e+000 -5.3563210e+001 -5.8489418e+001 -6.0457344e+001 -6.0215214e+001 -6.0594330e+001 -5.9042923e+001 -6.0328888e+001
  1.3466667e+000 -5.3689205e+001 -5.8515686e+001 -6.0474453e+001 -6.0229504e+001 -6.0620464e+001 -5.9040745e+001 -6.0315098e+001
  1.3533333e+000 -5.3744301e+001 -5.8491829e+001 -6.0510731e+001 -6.0224762e+001 -6.0651630e+001 -5.9109406e+001 -6.0362816e+001
  1.3600000e+000 -5.3850945e+001 -5.8531403e+001 -6.0568390e+001 -6.0205654e+001 -6.0612576e+001 -5.9118355e+001 -6.0388645e+001
  1.3666667e+000 -5.3968380e+001 -5.8524326e+001 -6.0578419e+001 -6.0176426e+001 -6.0612404e+001 -5.9101360e+001 -6.0379700e+001
  1.3733333e+000 -5.4122650e+001 -5.8529949e+001 -6.0564560e+001 -6.0179321e+001 -6.0591423e+001 -5.9110966e+001 -6.0393112e+001
  1.3800000e+000 -5.4264660e+001 -5.8502335e+001 -6.0572182e+001 -6.0157970e+001 -6.0606789e+001 -5.9168938e+001 -6.0355549e+001
  1.3866667e+000 -5.4499897e+001 -5.8577705e+001 -6.0517349e+001 -6.0176487e+001 -6.0654205e+001 -5.9135437e+001 -6.0399044e+001
  1.3933333e+000 -5.4569397e+001 -5.8588871e+001 -6.0598907e+001 -6.0193413e+001 -6.0672367e+001 -5.9176350e+001 -6.0395443e+001
  1.4000000e+000 -5.4715252e+001 -5.8550323e+001 -6.0611256e+001 -6.0245651e+001 -6.0643883e+001 -5.9168312e+001 -6.0433964e+001
  1.4066667e+000 -5.4845718e+001 -5.8535267e+001 -6.0595013e+001 -6.0198517e+001 -6.0627327e+001 -5.9142136e+001 -6.0411289e+001
  1.4133333e+000 -5.4925228e+001 -5.8586311e+001 -6.0623585e+001 -6.0168850e+001 -6.0604645e+001 -5.9140415e+001 -6.0426167e+001
  1.4200000e+000 -5.5004642e+001 -5.8604568e+001 -6.0642162e+001 -6.0192852e+001 -6.0603970e+001 -5.9161098e+001 -6.0376942e+001
  1.4266667e+000 -5.5121517e+001 -5.8615620e+001 -6.0645618e+001 -6.0208706e+001 -6.0648426e+001 -5.9184956e+001 -6.0331203e+001
  1.4333333e+000 -5.5220066e+001 -5.8626610e+001 -6.0598553e+001 -6.0230133e+001 -6.0635273e+001 -5.9229652e+001 -6.0314327e+001
  1.4400000e+000 -5.5263130e+001 -5.8645214e+001 -6.0624752e+001 -6.0204422e+001 -6.0611721e+001 -5.9229607e+001 -6.0357548e+001
  1.4466667e+000 -5.5291687e+001 -5.8662987e+001 -6.0653732e+001 -6.0196465e+001 -6.0612419e+001 -5.9203922e+001 -6.0394932e+001
  1.4533333e+000 -5.5403702e+001 -5.8660137e+001 -6.0579754e+001 -6.0200428e+001 -6.0601067e+001 -5.9264526e+001 -6.0368019e+001
  1.4600000e+000 -5.5459236e+001 -5.8678646e+001 -6.0581150e+001 -6.0144951e+001 -6.0553970e+001 -5.9257923e+001 -6.0385792e+001
  1.4666667e+000 -5.5514347e+001 -5.8731720e+001 -6.0602486e+001 -6.0188911e+001 -6.0571880e+001 -5.9249958e+001 -6.0379276e+001
  1.4733333e+000 -5.5571968e+001 -5.8766701e+001 -6.0610561e+001 -6.0210194e+001 -6.0580151e+001 -5.9279446e+001 -6.0319328e+001
  1.4800000e+000 -5.5648533e+001 -5.8784012e+001 -6.0628067e+001 -6.0223713e+001 -6.0588261e+001 -5.9240662e+001 -6.0352657e+001
  1.4866667e+000 -5.5712173e+001 -5.8820686e+001 -6.0682728e+001 -6.0244106e+001 -6.0573315e+001 -5.9216110e+001 -6.0348938e+001
  1.4933333e+000 -5.5721172e+001 -5.8905376e+001 -6.0724106e+001 -6.0245358e+001 -6.0553726e+001 -5.9236156e+001 -6.0401131e+001
  1.5000000e+000 -5.5746628e+001 -5.8892918e+001 -6.0699982e+001 -6.0224052e+001 -6.0533844e+001 -5.9265900e+001 -6.0374275e+001
  1.5066667e+000 -5.5780895e+001 -5.8876526e+001 -6.0705330e+001 -6.0299343e+001 -6.0502594e+001 -5.9328499e+001 -6.0375408e+001
  1.5133333e+000 -5.5736412e+001 -5.8929157e+001 -6.0729465e+001 -6.0297295e+001 -6.0539150e+001 -5.9316936e+001 -6.0386009e+001
  1.5200000e+000 -5.5725307e+001 -5.8951092e+001 -6.0787544e+001 -6.0337757e+001 -6.0516514e+001 -5.9273613e+001 -6.0401344e+001
  1.5266667e+000 -5.5728867e+001 -5.8977406e+001 -6.0842957e+001 -6.0374783e+001 -6.0521168e+001 -5.9253735e+001 -6.0410065e+001
  1.5333333e+000 -5.5660553e+001 -5.8993511e+001 -6.0899635e+001 -6.0312908e+001 -6.0544361e+001 -5.9328777e+001 -6.0462330e+001
  1.5400000e+000 -5.5674309e+001 -5.9009579e+001 -6.0950954e+001 -6.0339115e+001 -6.0512634e+001 -5.9344387e+001 -6.0438038e+001
  1.5466667e+000 -5.5734894e+001 -5.9045731e+001 -6.0913818e+001 -6.0369694e+001 -6.0451923e+001 -5.9365566e+001 -6.0451157e+001
  1.5533333e+000 -5.5669727e+001 -5.9136585e+001 -6.0907879e+001 -6.0418427e+001 -6.0460911e+001 -5.9390114e+001 -6.0470234e+001
  1.5600000e+000 -5.5603725e+001 -5.9148399e+001 -6.0946243e+001 -6.0469475e+001 -6.0494610e+001 -5.9402744e+001 -6.0470440e+001
  1.5666667e+000 -5.5608105e+001 -5.9150867e+001 -6.0965034e+001 -6.0433201e+001 -6.0542202e+001 -5.9437038e+001 -6.0486195e+001
  1.5733333e+000 -5.5592838e+001 -5.9158394e+001 -6.1015194e+001 -6.0444485e+001 -6.0535393e+001 -5.9430172e+001 -6.0493034e+001
  1.5800000e+000 -5.5577168e+001 -5.9158569e+001 -6.1008041e+001 -6.0450836e+001 -6.0531601e+001 -5.9408741e+001 -6.0506699e+001
  1.5866667e+000 -5.5596912e+001 -5.9178017e+001 -6.1054604e+001 -6.0436882e+001 -6.0465195e+001 -5.9462761e+001 -6.0466183e+001
  1.5933333e+000 -5.5622177e+001 -5.9213150e+001 -6.1023834e+001 -6.0465302e+001 -6.0491844e+001 -5.9516628e+001 -6.0467468e+001
  1.6000000e+000 -5.5592293e+001 -5.9215679e+001 -6.1047966e+001 -6.0492683e+001 -6.0506626e+001 -5.9518551e+001 -6.0473087e+001
  1.6066667e+000 -5.5593361e+001 -5.9247047e+001 -6.1092873e+001 -6.0501022e+001 -6.0489677e+001 -5.9510094e+001 -6.0496037e+001
  1.6133333e+000 -5.5572788e+001 -5.9293316e+001 -6.1095238e+001 -6.0487263e+001 -6.0502781e+001 -5.9516861e+001 -6.0538155e+001
  1.6200000e+000 -5.5605232e+001 -5.9291466e+001 -6.1089725e+001 -6.0472584e+001 -6.0491898e+001 -5.9542263e+001 -6.0564529e+001
  1.6266667e+000 -5.5547512e+001 -5.9289299e+001 -6.1105469e+001 -6.0489796e+001 -6.0497314e+001 -5.9570648e+001 -6.0563793e+001
  1.6333333e+000 -5.5554798e+001 -5.9259903e+001 -6.1124817e+001 -6.0497349e+001 -6.0468430e+001 -5.9621796e+001 -6.0587521e+001
  1.6400000e+000 -5.5509907e+001 -5.9319305e+001 -6.1129456e+001 -6.0500217e+001 -6.0470474e+001 -5.9628513e+001 -6.0644444e+001
  1.6466667e+000 -5.5493904e+001 -5.9343403e+001 -6.1115181e+001 -6.0503662e+001 -6.0475723e+001 -5.9632202e+001 -6.0652054e+001
  1.6533333e+000 -5.5495296e+001 -5.9342762e+001 -6.1149734e+001 -6.0481899e+001 -6.0509174e+001 -5.9626747e+001 -6.0683342e+001
  1.6600000e+000 -5.5479397e+001 -5.9408230e+001 -6.1161449e+001 -6.0500702e+001 -6.0501797e+001 -5.9663528e+001 -6.0706280e+001
  1.6666667e+000 -5.5435574e+001 -5.9423904e+001 -6.1162014e+001 -6.0505634e+001 -6.0518734e+001 -5.9635536e+001 -6.0751038e+001
  1.6733333e+000 -5.5418255e+001 -5.9435581e+001 -6.1202984e+001 -6.0520866e+001 -6.0457378e+001 -5.9660732e+001 -6.0694099e+001
  1.6800000e+000 -5.5400028e+001 -5.9449276e+001 -6.1199867e+001 -6.0523933e+001 -6.0502327e+001 -5.9679237e+001 -6.0702938e+001
  1.6866667e+000 -5.5386215e+001 -5.9468613e+001 -6.1254887e+001 -6.0481468e+001 -6.0497383e+001 -5.9730633e+001 -6.0708172e+001
  1.6933333e+000 -5.5407265e+001 -5.9541424e+001 -6.1293423e+001 -6.0548290e+001 -6.0525887e+001 -5.9738316e+001 -6.0769463e+001
  1.7000000e+000 -5.5398674e+001 -5.9583233e+001 -6.1313572e+001 -6.0554749e+001 -6.0554615e+001 -5.9744274e+001 -6.0845108e+001
  1.7066667e+000 -5.5365601e+001 -5.9607254e+001 -6.1306824e+001 -6.0554478e+001 -6.0556477e+001 -5.9748680e+001 -6.0877293e+001
  1.7133333e+000 -5.5311581e+001 -5.9635353e+001 -6.1264633e+001 -6.0572296e+001 -6.0507828e+001 -5.9724930e+001 -6.0891029e+001
  1.7200000e+000 -5.5289562e+001 -5.9639362e+001 -6.1282303e+001 -6.0571793e+001 -6.0452610e+001 -5.9790466e+001 -6.0889320e+001
  1.7266667e+000 -5.5351936e+001 -5.9702957e+001 -6.1289909e+001 -6.0579197e+001 -6.0513611e+001 -5.9791130e+001 -6.0908699e+001
  1.7333333e+000 -5.5352020e+001 -5.9676510e+001 -6.1309998e+001 -6.0581635e+001 -6.0526760e+001 -5.9789394e+001 -6.0985497e+001
  1.7400000e+000 -5.5337429e+001 -5.9741608e+001 -6.1340221e+001 -6.0655735e+001 -6.0557919e+001 -5.9855675e+001 -6.1016716e+001
  1.7466667e+000 -5.5321400e+001 -5.9788212e+001 -6.1381176e+001 -6.0634090e+001 -6.0586414e+001 -5.9802193e+001 -6.1094376e+001
  1.7533333e+000 -5.5329239e+001 -5.9844917e+001 -6.1366703e+001 -6.0617165e+001 -6.0564594e+001 -5.9838017e+001 -6.1094814e+001
  1.7600000e+000 -5.5271416e+001 -5.9895535e+001 -6.1376293e+001 -6.0658390e+001 -6.0598888e+001 -5.9857422e+001 -6.1098442e+001
  1.7666667e+000 -5.5256561e+001 -5.9867546e+001 -6.1405674e+001 -6.0670296e+001 -6.0615089e+001 -5.9928307e+001 -6.1130623e+001
  1.7733333e+000 -5.5259693e+001 -5.9889580e+001 -6.1423420e+001 -6.0693321e+001 -6.0647011e+001 -5.9922741e+001 -6.1185783e+001
  1.7800000e+000 -5.5248280e+001 -5.9932384e+001 -6.1482079e+001 -6.0700603e+001 -6.0669674e+001 -5.9982456e+001 -6.1260307e+001
  1.7866667e+000 -5.5244244e+001 -5.9989998e+001 -6.1503239e+001 -6.0724304e+001 -6.0693348e+001 -5.9998192e+001 -6.1298195e+001
  1.7933333e+000 -5.5216541e+001 -5.9991539e+001 -6.1522568e+001 -6.0713047e+001 -6.0690281e+001 -6.0014988e+001 -6.1298161e+001
  1.8000000e+000 -5.5228680e+001 -6.0040363e+001 -6.1531155e+001 -6.0746140e+001 -6.0695164e+001 -6.0002831e+001 -6.1302910e+001
  1.8066667e+000 -5.5257149e+001 -6.0025532e+001 -6.1514938e+001 -6.0790501e+001 -6.0670898e+001 -6.0004238e+001 -6.1356743e+001
  1.8133333e+000 -5.5290775e+001 -6.0034931e+001 -6.1575333e+001 -6.0764370e+001 -6.0627247e+001 -6.0036129e+001 -6.1394951e+001
  1.8200000e+000 -5.5347576e+001 -6.0048729e+001 -6.1604660e+001 -6.0794403e+001 -6.0665508e+001 -6.0038914e+001 -6.1446793e+001
  1.8266667e+000 -5.5295040e+001 -6.0083767e+001 -6.1599216e+001 -6.0854622e+001 -6.0707390e+001 -6.0076424e+001 -6.1481361e+001
  1.8333333e+000 -5.5354546e+001 -6.0137882e+001 -6.1641510e+001 -6.0841057e+001 -6.0724686e+001 -6.0043865e+001 -6.1480705e+001
  1.8400000e+000 -5.5345695e+001 -6.0185612e+001 -6.1657749e+001 -6.0855244e+001 -6.0696033e+001 -6.0080135e+001 -6.1491558e+001
  1.8466667e+000 -5.5371246e+001 -6.0226219e+001 -6.1684418e+001 -6.0831284e+001 -6.0693451e+001 -6.0068066e+001 -6.1506081e+001
  1.8533333e+000 -5.5381348e+001 -6.0232166e+001 -6.1691231e+001 -6.0842705e+001 -6.0684593e+001 -6.0064793e+001 -6.1542702e+001
  1.8600000e+000 -5.5432087e+001 -6.0245377e+001 -6.1684315e+001 -6.0873726e+001 -6.0783676e+001 -6.0109352e+001 -6.1533798e+001
  1.8666667e+000 -5.5458836e+001 -6.0318550e+001 -6.1754822e+001 -6.0904026e+001 -6.0772831e+001 -6.0104656e+001 -6.1547894e+001
  1.8733333e+000 -5.5437225e+001 -6.0308781e+001 -6.1717236e+001 -6.0930836e+001 -6.0814114e+001 -6.0141476e+001 -6.1649105e+001
  1.8800000e+000 -5.5490162e+001 -6.0344223e+001 -6.1727562e+001 -6.0877312e+001 -6.0797783e+001 -6.0123356e+001 -6.1645435e+001
  1.8866667e+000 -5.5510799e+001 -6.0348621e+001 -6.1754364e+001 -6.0873917e+001 -6.0815334e+001 -6.0132366e+001 -6.1594681e+001
  1.8933333e+000 -5.5556541e+001 -6.0374336e+001 -6.1788727e+001 -6.0937862e+001 -6.0779926e+001 -6.0151402e+001 -6.1647171e+001
  1.9000000e+000 -5.5630070e+001 -6.0394260e+001 -6.1814728e+001 -6.1009689e+001 -6.0792809e+001 -6.0180851e+001 -6.1689121e+001
  1.9066667e+000 -5.5681778e+001 -6.0403774e+001 -6.1843998e+001 -6.1012196e+001 -6.0795944e+001 -6.0200859e+001 -6.1741653e+001
  1.9133333e+000 -5.5717514e+001 -6.0400681e+001 -6.1847324e+001 -6.0998165e+001 -6.0814251e+001 -6.0222618e+001 -6.1773167e+001
  1.9200000e+000 -5.5714863e+001 -6.0403454e+001 -6.1813465e+001 -6.1014885e+001 -6.0864670e+001 -6.0200439e+001 -6.1812447e+001
  1.9266667e+000 -5.5670246e+001 -6.0419102e+001 -6.1892216e+001 -6.1038063e+001 -6.0861523e+001 -6.0201492e+001 -6.1837078e+001
  1.9333333e+000 -5.5734852e+001 -6.0389431e+001 -6.1885406e+001 -6.1012455e+001 -6.0866589e+001 -6.0209396e+001 -6.1900066e+001
  1.9400000e+000 -5.5771141e+001 -6.0356804e+001 -6.1853420e+001 -6.1039742e+001 -6.0874928e+001 -6.0247692e+001 -6.1911648e+001
  1.9466667e+000 -5.5782177e+001 -6.0354263e+001 -6.1836060e+001 -6.1090176e+001 -6.0851398e+001 -6.0273792e+001 -6.1928226e+001
  1.9533333e+000 -5.5808205e+001 -6.0370903e+001 -6.1809181e+001 -6.1044590e+001 -6.0878174e+001 -6.0348484e+001 -6.1977566e+001
  1.9600000e+000 -5.5787155e+001 -6.0524685e+001 -6.1809120e+001 -6.1053852e+001 -6.0934071e+001 -6.0312305e+001 -6.1991234e+001
  1.9666667e+000 -5.5825283e+001 -6.0547211e+001 -6.1858379e+001 -6.1084846e+001 -6.0914375e+001 -6.0303543e+001 -6.2017750e+001
  1.9733333e+000 -5.5876858e+001 -6.0578232e+001 -6.1844830e+001 -6.1070667e+001 -6.0931717e+001 -6.0315590e+001 -6.2081665e+001
  1.9800000e+000 -5.5895145e+001 -6.0587391e+001 -6.1852779e+001 -6.1041729e+001 -6.0916328e+001 -6.0316788e+001 -6.2117546e+001
  1.9866667e+000 -5.5953331e+001 -6.0614536e+001 -6.1867096e+001 -6.1093193e+001 -6.0968891e+001 -6.0330154e+001 -6.2156075e+001
  1.9933333e+000 -5.5991962e+001 -6.0647110e+001 -6.1857246e+001 -6.1112175e+001 -6.1000244e+001 -6.0335701e+001 -6.2135708e+001
  2.0000000e+000 -5.6013870e+001 -6.0685596e+001 -6.1831818e+001 -6.1152576e+001 -6.0978420e+001 -6.0323280e+001 -6.2172890e+001
