 -5.0000000e-001  1.9730490e+002  1.9808771e+002  1.9791457e+002  1.9860242e+002  1.9966368e+002
 -4.9333333e-001  1.9731547e+002  1.9809508e+002  1.9792960e+002  1.9859515e+002  1.9969461e+002
 -4.8666667e-001  1.9729187e+002  1.9807346e+002  1.9793948e+002  1.9856270e+002  1.9970845e+002
 -4.8000000e-001  1.9731479e+002  1.9807469e+002  1.9793620e+002  1.9858589e+002  1.9968571e+002
 -4.7333333e-001  1.9730933e+002  1.9808968e+002  1.9795157e+002  1.9861523e+002  1.9973061e+002
 -4.6666667e-001  1.9728578e+002  1.9809032e+002  1.9797565e+002  1.9861768e+002  1.9971549e+002
 -4.6000000e-001  1.9732289e+002  1.9813673e+002  1.9801456e+002  1.9859732e+002  1.9968759e+002
 -4.5333333e-001  1.9730699e+002  1.9815086e+002  1.9800679e+002  1.9858852e+002  1.9970473e+002
 -4.4666667e-001  1.9727681e+002  1.9812187e+002  1.9800967e+002  1.9862251e+002  1.9969005e+002
 -4.4000000e-001  1.9729894e+002  1.9815894e+002  1.9804123e+002  1.9863268e+002  1.9971780e+002
 -4.3333333e-001  1.9727596e+002  1.9814717e+002  1.9804044e+002  1.9860216e+002  1.9972298e+002
 -4.2666667e-001  1.9727211e+002  1.9814677e+002  1.9802782e+002  1.9860835e+002  1.9969904e+002
 -4.2000000e-001  1.9728447e+002  1.9818532e+002  1.9806516e+002  1.9861783e+002  1.9974704e+002
 -4.1333333e-001  1.9727321e+002  1.9816475e+002  1.9807437e+002  1.9861519e+002  1.9973021e+002
 -4.0666667e-001  1.9728893e+002  1.9815666e+002  1.9808342e+002  1.9860979e+002  1.9967459e+002
 -4.0000000e-001  1.9732646e+002  1.9812608e+002  1.9805304e+002  1.9862373e+002  1.9971086e+002
 -3.9333333e-001  1.9731064e+002  1.9811574e+002  1.9801907e+002  1.9862795e+002  1.9973001e+002
 -3.8666667e-001  1.9729019e+002  1.9814874e+002  1.9802596e+002  1.9862645e+002  1.9970468e+002
 -3.8000000e-001  1.9727033e+002  1.9814519e+002  1.9802776e+002  1.9859522e+002  1.9969583e+002
 -3.7333333e-001  1.9734677e+002  1.9813129e+002  1.9803168e+002  1.9858539e+002  1.9971771e+002
 -3.6666667e-001  1.9735542e+002  1.9813559e+002  1.9804445e+002  1.9858954e+002  1.9977277e+002
 -3.6000000e-001  1.9729575e+002  1.9815674e+002  1.9804356e+002  1.9860580e+002  1.9970645e+002
 -3.5333333e-001  1.9730789e+002  1.9814983e+002  1.9807135e+002  1.9861081e+002  1.9965700e+002
 -3.4666667e-001  1.9732474e+002  1.9813205e+002  1.9808400e+002  1.9861466e+002  1.9967380e+002
 -3.4000000e-001  1.9731163e+002  1.9811710e+002  1.9808073e+002  1.9864066e+002  1.9967233e+002
 -3.3333333e-001  1.9731229e+002  1.9808760e+002  1.9810306e+002  1.9863498e+002  1.9968123e+002
 -3.2666667e-001  1.9735709e+002  1.9809784e+002  1.9812973e+002  1.9859082e+002  1.9968561e+002
 -3.2000000e-001  1.9731130e+002  1.9812360e+002  1.9811766e+002  1.9855403e+002  1.9968791e+002
 -3.1333333e-001  1.9726524e+002  1.9814815e+002  1.9812167e+002  1.9859985e+002  1.9971364e+002
 -3.0666667e-001  1.9730661e+002  1.9817851e+002  1.9810426e+002  1.9860353e+002  1.9968553e+002
 -3.0000000e-001  1.9733394e+002  1.9813638e+002  1.9809598e+002  1.9860837e+002  1.9966788e+002
 -2.9333333e-001  1.9733624e+002  1.9813390e+002  1.9812976e+002  1.9860690e+002  1.9967044e+002
 -2.8666667e-001  1.9731056e+002  1.9813460e+002  1.9811597e+002  1.9856743e+002  1.9965663e+002
 -2.8000000e-001  1.9729161e+002  1.9811179e+002  1.9807222e+002  1.9855121e+002  1.9963733e+002
 -2.7333333e-001  1.9731041e+002  1.9811955e+002  1.9813150e+002  1.9854349e+002  1.9963628e+002
 -2.6666667e-001  1.9730107e+002  1.9816562e+002  1.9811771e+002  1.9857973e+002  1.9964179e+002
 -2.6000000e-001  1.9733139e+002  1.9812918e+002  1.9809361e+002  1.9858948e+002  1.9962701e+002
 -2.5333333e-001  1.9736258e+002  1.9809653e+002  1.9807651e+002  1.9858035e+002  1.9961725e+002
 -2.4666667e-001  1.9732159e+002  1.9806967e+002  1.9802763e+002  1.9855525e+002  1.9963214e+002
 -2.4000000e-001  1.9727933e+002  1.9808946e+002  1.9806862e+002  1.9854846e+002  1.9965794e+002
 -2.3333333e-001  1.9730437e+002  1.9811197e+002  1.9807744e+002  1.9860996e+002  1.9967835e+002
 -2.2666667e-001  1.9732547e+002  1.9810918e+002  1.9806026e+002  1.9860007e+002  1.9968030e+002
 -2.2000000e-001  1.9732501e+002  1.9809677e+002  1.9807028e+002  1.9856433e+002  1.9970252e+002
 -2.1333333e-001  1.9730434e+002  1.9808151e+002  1.9808688e+002  1.9854952e+002  1.9963979e+002
 -2.0666667e-001  1.9731126e+002  1.9806624e+002  1.9809448e+002  1.9856952e+002  1.9957283e+002
 -2.0000000e-001  1.9734671e+002  1.9803766e+002  1.9805518e+002  1.9861496e+002  1.9963214e+002
 -1.9333333e-001  1.9737656e+002  1.9804430e+002  1.9803200e+002  1.9858940e+002  1.9964031e+002
 -1.8666667e-001  1.9739011e+002  1.9807938e+002  1.9804681e+002  1.9857642e+002  1.9963707e+002
 -1.8000000e-001  1.9734393e+002  1.9808896e+002  1.9811162e+002  1.9856908e+002  1.9964833e+002
 -1.7333333e-001  1.9730142e+002  1.9808482e+002  1.9812709e+002  1.9859616e+002  1.9963588e+002
 -1.6666667e-001  1.9734767e+002  1.9807388e+002  1.9806395e+002  1.9859364e+002  1.9961285e+002
 -1.6000000e-001  1.9732871e+002  1.9808752e+002  1.9802289e+002  1.9858115e+002  1.9960205e+002
 -1.5333333e-001  1.9731311e+002  1.9809615e+002  1.9804840e+002  1.9861740e+002  1.9965240e+002
 -1.4666667e-001  1.9735628e+002  1.9812154e+002  1.9802998e+002  1.9857785e+002  1.9966548e+002
 -1.4000000e-001  1.9733115e+002  1.9814092e+002  1.9799739e+002  1.9858151e+002  1.9965648e+002
 -1.3333333e-001  1.9736049e+002  1.9811320e+002  1.9798341e+002  1.9861510e+002  1.9962585e+002
 -1.2666667e-001  1.9738647e+002  1.9811098e+002  1.9797540e+002  1.9859677e+002  1.9962828e+002
 -1.2000000e-001  1.9736916e+002  1.9814018e+002  1.9799370e+002  1.9856085e+002  1.9963983e+002
 -1.1333333e-001  1.9735109e+002  1.9812628e+002  1.9798325e+002  1.9857289e+002  1.9964311e+002
 -1.0666667e-001  1.9735263e+002  1.9809738e+002  1.9797093e+002  1.9859489e+002  1.9964969e+002
 -1.0000000e-001  1.9737320e+002  1.9809837e+002  1.9794701e+002  1.9858286e+002  1.9961163e+002
 -9.3333333e-002  1.9739418e+002  1.9812999e+002  1.9791943e+002  1.9857327e+002  1.9961574e+002
 -8.6666667e-002  1.9737376e+002  1.9815099e+002  1.9792630e+002  1.9856160e+002  1.9959256e+002
 -8.0000000e-002  1.9737315e+002  1.9818407e+002  1.9793503e+002  1.9858846e+002  1.9960983e+002
 -7.3333333e-002  1.9739461e+002  1.9818095e+002  1.9793613e+002  1.9862039e+002  1.9960741e+002
 -6.6666667e-002  1.9742273e+002  1.9817650e+002  1.9790279e+002  1.9859964e+002  1.9960388e+002
 -6.0000000e-002  1.9745111e+002  1.9821675e+002  1.9788083e+002  1.9862880e+002  1.9961018e+002
 -5.3333333e-002  1.9742696e+002  1.9820969e+002  1.9786737e+002  1.9863049e+002  1.9957359e+002
 -4.6666667e-002  1.9743043e+002  1.9813194e+002  1.9787331e+002  1.9857063e+002  1.9956087e+002
 -4.0000000e-002  1.9743730e+002  1.9816803e+002  1.9788179e+002  1.9862181e+002  1.9959360e+002
 -3.3333333e-002  1.9745085e+002  1.9816740e+002  1.9786639e+002  1.9867310e+002  1.9956325e+002
 -2.6666667e-002  1.9739134e+002  1.9815019e+002  1.9786491e+002  1.9867035e+002  1.9952376e+002
 -2.0000000e-002  1.9740334e+002  1.9819249e+002  1.9792480e+002  1.9860796e+002  1.9954112e+002
 -1.3333333e-002  1.9747231e+002  1.9815295e+002  1.9792003e+002  1.9859897e+002  1.9956998e+002
 -6.6666667e-003  1.9746112e+002  1.9814795e+002  1.9791505e+002  1.9860533e+002  1.9958397e+002
  0.0000000e+000  1.9743440e+002  1.9816119e+002  1.9790109e+002  1.9861070e+002  1.9953442e+002
  6.6666667e-003  1.9743932e+002  1.9815573e+002  1.9790436e+002  1.9863284e+002  1.9949542e+002
  1.3333333e-002  1.9742068e+002  1.9818561e+002  1.9788001e+002  1.9866540e+002  1.9951225e+002
  2.0000000e-002  1.9745419e+002  1.9819560e+002  1.9786612e+002  1.9867119e+002  1.9951355e+002
  2.6666667e-002  1.9750011e+002  1.9818213e+002  1.9791264e+002  1.9866200e+002  1.9954404e+002
  3.3333333e-002  1.9748523e+002  1.9821698e+002  1.9793024e+002  1.9865518e+002  1.9957761e+002
  4.0000000e-002  1.9746722e+002  1.9824721e+002  1.9790152e+002  1.9869200e+002  1.9957477e+002
  4.6666667e-002  1.9751211e+002  1.9821764e+002  1.9790054e+002  1.9873689e+002  1.9957054e+002
  5.3333333e-002  1.9752190e+002  1.9824934e+002  1.9793085e+002  1.9874712e+002  1.9959674e+002
  6.0000000e-002  1.9753073e+002  1.9827901e+002  1.9795901e+002  1.9877162e+002  1.9960257e+002
  6.6666667e-002  1.9755100e+002  1.9822910e+002  1.9799405e+002  1.9879799e+002  1.9961150e+002
  7.3333333e-002  1.9752740e+002  1.9825426e+002  1.9797650e+002  1.9881485e+002  1.9967107e+002
  8.0000000e-002  1.9747040e+002  1.9830411e+002  1.9794739e+002  1.9879971e+002  1.9970756e+002
  8.6666667e-002  1.9746878e+002  1.9829700e+002  1.9791444e+002  1.9883594e+002  1.9969540e+002
  9.3333333e-002  1.9743703e+002  1.9831751e+002  1.9792757e+002  1.9887460e+002  1.9968568e+002
  1.0000000e-001  1.9737372e+002  1.9836325e+002  1.9793843e+002  1.9885402e+002  1.9974855e+002
  1.0666667e-001  1.9737608e+002  1.9832301e+002  1.9794379e+002  1.9882704e+002  1.9973253e+002
  1.1333333e-001  1.9737363e+002  1.9831253e+002  1.9800665e+002  1.9886766e+002  1.9972754e+002
  1.2000000e-001  1.9741168e+002  1.9837259e+002  1.9802815e+002  1.9892042e+002  1.9975417e+002
  1.2666667e-001  1.9739186e+002  1.9838890e+002  1.9805153e+002  1.9891516e+002  1.9974257e+002
  1.3333333e-001  1.9737352e+002  1.9837790e+002  1.9809058e+002  1.9891556e+002  1.9970628e+002
  1.4000000e-001  1.9738472e+002  1.9833276e+002  1.9808771e+002  1.9891496e+002  1.9969171e+002
  1.4666667e-001  1.9740981e+002  1.9833588e+002  1.9807968e+002  1.9893784e+002  1.9970630e+002
  1.5333333e-001  1.9740604e+002  1.9831705e+002  1.9805879e+002  1.9892882e+002  1.9967219e+002
  1.6000000e-001  1.9741559e+002  1.9827197e+002  1.9806476e+002  1.9893068e+002  1.9962276e+002
  1.6666667e-001  1.9742278e+002  1.9827756e+002  1.9808308e+002  1.9893266e+002  1.9964444e+002
  1.7333333e-001  1.9743230e+002  1.9829748e+002  1.9807011e+002  1.9892841e+002  1.9966359e+002
  1.8000000e-001  1.9743214e+002  1.9829169e+002  1.9806342e+002  1.9896440e+002  1.9961919e+002
  1.8666667e-001  1.9738937e+002  1.9824605e+002  1.9806737e+002  1.9897162e+002  1.9960849e+002
  1.9333333e-001  1.9735976e+002  1.9822807e+002  1.9807582e+002  1.9895416e+002  1.9962926e+002
  2.0000000e-001  1.9732457e+002  1.9822662e+002  1.9802292e+002  1.9891908e+002  1.9956201e+002
  2.0666667e-001  1.9726099e+002  1.9822241e+002  1.9798228e+002  1.9891277e+002  1.9953142e+002
  2.1333333e-001  1.9723471e+002  1.9819450e+002  1.9799150e+002  1.9893645e+002  1.9949863e+002
  2.2000000e-001  1.9719665e+002  1.9819046e+002  1.9791786e+002  1.9897498e+002  1.9940167e+002
  2.2666667e-001  1.9716016e+002  1.9817674e+002  1.9786255e+002  1.9893056e+002  1.9932071e+002
  2.3333333e-001  1.9712128e+002  1.9815826e+002  1.9779280e+002  1.9888106e+002  1.9929126e+002
  2.4000000e-001  1.9707202e+002  1.9808977e+002  1.9771182e+002  1.9888474e+002  1.9924124e+002
  2.4666667e-001  1.9701613e+002  1.9803354e+002  1.9768015e+002  1.9891171e+002  1.9915286e+002
  2.5333333e-001  1.9691994e+002  1.9795221e+002  1.9766780e+002  1.9889061e+002  1.9906959e+002
  2.6000000e-001  1.9687901e+002  1.9787630e+002  1.9767921e+002  1.9892831e+002  1.9900993e+002
  2.6666667e-001  1.9684581e+002  1.9787737e+002  1.9761427e+002  1.9897790e+002  1.9893208e+002
  2.7333333e-001  1.9675685e+002  1.9782335e+002  1.9751382e+002  1.9896306e+002  1.9887904e+002
  2.8000000e-001  1.9665666e+002  1.9776608e+002  1.9746054e+002  1.9898151e+002  1.9879901e+002
  2.8666667e-001  1.9654701e+002  1.9772716e+002  1.9738365e+002  1.9900243e+002  1.9868753e+002
  2.9333333e-001  1.9640314e+002  1.9770221e+002  1.9734659e+002  1.9899121e+002  1.9863754e+002
  3.0000000e-001  1.9626916e+002  1.9761647e+002  1.9726939e+002  1.9891293e+002  1.9855644e+002
  3.0666667e-001  1.9616434e+002  1.9752473e+002  1.9715042e+002  1.9879726e+002  1.9845186e+002
  3.1333333e-001  1.9605692e+002  1.9741689e+002  1.9709601e+002  1.9864516e+002  1.9842593e+002
  3.2000000e-001  1.9594437e+002  1.9731862e+002  1.9703865e+002  1.9852167e+002  1.9831509e+002
  3.2666667e-001  1.9586400e+002  1.9722916e+002  1.9688707e+002  1.9837457e+002  1.9821339e+002
  3.3333333e-001  1.9575250e+002  1.9709563e+002  1.9679636e+002  1.9819842e+002  1.9816983e+002
  3.4000000e-001  1.9563917e+002  1.9697435e+002  1.9675304e+002  1.9813976e+002  1.9805270e+002
  3.4666667e-001  1.9546584e+002  1.9678723e+002  1.9664381e+002  1.9805934e+002  1.9793864e+002
  3.5333333e-001  1.9533841e+002  1.9665524e+002  1.9652975e+002  1.9785062e+002  1.9782405e+002
  3.6000000e-001  1.9525713e+002  1.9652756e+002  1.9651668e+002  1.9766809e+002  1.9769161e+002
  3.6666667e-001  1.9508510e+002  1.9638121e+002  1.9642134e+002  1.9754004e+002  1.9757579e+002
  3.7333333e-001  1.9492807e+002  1.9623282e+002  1.9631786e+002  1.9743324e+002  1.9740593e+002
  3.8000000e-001  1.9484456e+002  1.9602612e+002  1.9625125e+002  1.9722846e+002  1.9725319e+002
  3.8666667e-001  1.9467061e+002  1.9586299e+002  1.9607835e+002  1.9701198e+002  1.9709102e+002
  3.9333333e-001  1.9445413e+002  1.9571307e+002  1.9598410e+002  1.9690875e+002  1.9691943e+002
  4.0000000e-001  1.9427780e+002  1.9549646e+002  1.9585387e+002  1.9675363e+002  1.9674175e+002
  4.0666667e-001  1.9411646e+002  1.9531825e+002  1.9566126e+002  1.9664197e+002  1.9659496e+002
  4.1333333e-001  1.9395660e+002  1.9517081e+002  1.9550488e+002  1.9656444e+002  1.9644084e+002
  4.2000000e-001  1.9377847e+002  1.9502809e+002  1.9538524e+002  1.9644878e+002  1.9622475e+002
  4.2666667e-001  1.9361427e+002  1.9483389e+002  1.9530107e+002  1.9631369e+002  1.9610646e+002
  4.3333333e-001  1.9344464e+002  1.9466432e+002  1.9513638e+002  1.9623389e+002  1.9596240e+002
  4.4000000e-001  1.9327867e+002  1.9447172e+002  1.9492798e+002  1.9622014e+002  1.9581850e+002
  4.4666667e-001  1.9309543e+002  1.9420625e+002  1.9475928e+002  1.9604774e+002  1.9566162e+002
  4.5333333e-001  1.9290105e+002  1.9396930e+002  1.9462114e+002  1.9591890e+002  1.9555939e+002
  4.6000000e-001  1.9272441e+002  1.9379381e+002  1.9448930e+002  1.9589328e+002  1.9544283e+002
  4.6666667e-001  1.9256831e+002  1.9361859e+002  1.9437692e+002  1.9582105e+002  1.9527707e+002
  4.7333333e-001  1.9235080e+002  1.9338098e+002  1.9423753e+002  1.9574857e+002  1.9514290e+002
  4.8000000e-001  1.9208371e+002  1.9313057e+002  1.9404773e+002  1.9569244e+002  1.9505804e+002
  4.8666667e-001  1.9186563e+002  1.9296516e+002  1.9393956e+002  1.9563702e+002  1.9497923e+002
  4.9333333e-001  1.9164969e+002  1.9275886e+002  1.9376558e+002  1.9558043e+002  1.9486482e+002
  5.0000000e-001  1.9139752e+002  1.9257015e+002  1.9357430e+002  1.9553685e+002  1.9477655e+002
  5.0666667e-001  1.9113312e+002  1.9243893e+002  1.9343822e+002  1.9545342e+002  1.9460390e+002
  5.1333333e-001  1.9089751e+002  1.9224875e+002  1.9327351e+002  1.9532550e+002  1.9447534e+002
  5.2000000e-001  1.9061594e+002  1.9200517e+002  1.9312527e+002  1.9517186e+002  1.9442862e+002
  5.2666667e-001  1.9037198e+002  1.9177707e+002  1.9298218e+002  1.9498518e+002  1.9431517e+002
  5.3333333e-001  1.9007611e+002  1.9155131e+002  1.9288310e+002  1.9475079e+002  1.9420015e+002
  5.4000000e-001  1.8972313e+002  1.9134645e+002  1.9274350e+002  1.9451703e+002  1.9407971e+002
  5.4666667e-001  1.8950931e+002  1.9116705e+002  1.9260088e+002  1.9431569e+002  1.9394635e+002
  5.5333333e-001  1.8928954e+002  1.9104572e+002  1.9255064e+002  1.9412564e+002  1.9380350e+002
  5.6000000e-001  1.8903404e+002  1.9089684e+002  1.9249986e+002  1.9395418e+002  1.9365299e+002
  5.6666667e-001  1.8877122e+002  1.9071321e+002  1.9239925e+002  1.9381635e+002  1.9362842e+002
  5.7333333e-001  1.8853523e+002  1.9057469e+002  1.9236723e+002  1.9361079e+002  1.9357320e+002
  5.8000000e-001  1.8832985e+002  1.9043324e+002  1.9232576e+002  1.9342084e+002  1.9342410e+002
  5.8666667e-001  1.8813240e+002  1.9035260e+002  1.9226384e+002  1.9318545e+002  1.9328865e+002
  5.9333333e-001  1.8790749e+002  1.9023265e+002  1.9222842e+002  1.9301816e+002  1.9323993e+002
  6.0000000e-001  1.8768001e+002  1.9013294e+002  1.9218369e+002  1.9286758e+002  1.9318825e+002
  6.0666667e-001  1.8742685e+002  1.9004259e+002  1.9215805e+002  1.9272556e+002  1.9322582e+002
  6.1333333e-001  1.8729938e+002  1.8992534e+002  1.9212152e+002  1.9262514e+002  1.9321755e+002
  6.2000000e-001  1.8719908e+002  1.8979396e+002  1.9213976e+002  1.9250302e+002  1.9317729e+002
  6.2666667e-001  1.8698808e+002  1.8970288e+002  1.9216209e+002  1.9236279e+002  1.9320558e+002
  6.3333333e-001  1.8681798e+002  1.8966914e+002  1.9212119e+002  1.9223346e+002  1.9318700e+002
  6.4000000e-001  1.8665093e+002  1.8964430e+002  1.9206670e+002  1.9212253e+002  1.9321941e+002
  6.4666667e-001  1.8651134e+002  1.8956525e+002  1.9202593e+002  1.9207915e+002  1.9325577e+002
  6.5333333e-001  1.8638379e+002  1.8955437e+002  1.9200327e+002  1.9202492e+002  1.9324274e+002
  6.6000000e-001  1.8625011e+002  1.8956580e+002  1.9202370e+002  1.9197519e+002  1.9323578e+002
  6.6666667e-001  1.8611034e+002  1.8958083e+002  1.9199388e+002  1.9195909e+002  1.9324435e+002
  6.7333333e-001  1.8598689e+002  1.8959847e+002  1.9202585e+002  1.9186360e+002  1.9329733e+002
  6.8000000e-001  1.8589516e+002  1.8964516e+002  1.9209241e+002  1.9178650e+002  1.9338406e+002
  6.8666667e-001  1.8577425e+002  1.8967996e+002  1.9215796e+002  1.9174622e+002  1.9339569e+002
  6.9333333e-001  1.8565765e+002  1.8978606e+002  1.9218770e+002  1.9168517e+002  1.9342471e+002
  7.0000000e-001  1.8559862e+002  1.8982074e+002  1.9221986e+002  1.9161734e+002  1.9347386e+002
  7.0666667e-001  1.8551567e+002  1.8983545e+002  1.9227884e+002  1.9155200e+002  1.9349484e+002
  7.1333333e-001  1.8536862e+002  1.8990358e+002  1.9231377e+002  1.9151071e+002  1.9348225e+002
  7.2000000e-001  1.8530670e+002  1.8999818e+002  1.9237671e+002  1.9151645e+002  1.9353394e+002
  7.2666667e-001  1.8527319e+002  1.9011752e+002  1.9243990e+002  1.9148445e+002  1.9358279e+002
  7.3333333e-001  1.8520041e+002  1.9016303e+002  1.9246846e+002  1.9142865e+002  1.9361443e+002
  7.4000000e-001  1.8505139e+002  1.9024603e+002  1.9246425e+002  1.9139757e+002  1.9355939e+002
  7.4666667e-001  1.8494325e+002  1.9034621e+002  1.9252643e+002  1.9137195e+002  1.9349786e+002
  7.5333333e-001  1.8488432e+002  1.9046872e+002  1.9254315e+002  1.9129451e+002  1.9355010e+002
  7.6000000e-001  1.8477153e+002  1.9056320e+002  1.9258507e+002  1.9123874e+002  1.9355487e+002
  7.6666667e-001  1.8465767e+002  1.9062962e+002  1.9265579e+002  1.9118375e+002  1.9355934e+002
  7.7333333e-001  1.8457387e+002  1.9068965e+002  1.9268806e+002  1.9117059e+002  1.9360228e+002
  7.8000000e-001  1.8447466e+002  1.9077570e+002  1.9278922e+002  1.9112772e+002  1.9360288e+002
  7.8666667e-001  1.8439900e+002  1.9084709e+002  1.9287320e+002  1.9102644e+002  1.9361107e+002
  7.9333333e-001  1.8431537e+002  1.9093678e+002  1.9286594e+002  1.9095122e+002  1.9362935e+002
  8.0000000e-001  1.8425108e+002  1.9094592e+002  1.9284921e+002  1.9092741e+002  1.9365222e+002
  8.0666667e-001  1.8418610e+002  1.9092835e+002  1.9287932e+002  1.9092598e+002  1.9368300e+002
  8.1333333e-001  1.8418965e+002  1.9099403e+002  1.9292960e+002  1.9088669e+002  1.9364529e+002
  8.2000000e-001  1.8423857e+002  1.9104794e+002  1.9299352e+002  1.9078328e+002  1.9367796e+002
  8.2666667e-001  1.8422133e+002  1.9105823e+002  1.9302940e+002  1.9070598e+002  1.9368990e+002
  8.3333333e-001  1.8427237e+002  1.9106787e+002  1.9311211e+002  1.9066205e+002  1.9369618e+002
  8.4000000e-001  1.8435272e+002  1.9108339e+002  1.9318466e+002  1.9058752e+002  1.9374460e+002
  8.4666667e-001  1.8437927e+002  1.9111975e+002  1.9319721e+002  1.9053253e+002  1.9382451e+002
  8.5333333e-001  1.8444917e+002  1.9115144e+002  1.9318491e+002  1.9048274e+002  1.9387531e+002
  8.6000000e-001  1.8454793e+002  1.9122501e+002  1.9322549e+002  1.9048978e+002  1.9388220e+002
  8.6666667e-001  1.8464954e+002  1.9127061e+002  1.9328793e+002  1.9044675e+002  1.9390898e+002
  8.7333333e-001  1.8475768e+002  1.9123447e+002  1.9331921e+002  1.9042078e+002  1.9395738e+002
  8.8000000e-001  1.8484268e+002  1.9123961e+002  1.9333588e+002  1.9040167e+002  1.9404695e+002
  8.8666667e-001  1.8491037e+002  1.9123492e+002  1.9338661e+002  1.9041234e+002  1.9406546e+002
  8.9333333e-001  1.8496312e+002  1.9121359e+002  1.9340349e+002  1.9043082e+002  1.9408990e+002
  9.0000000e-001  1.8507021e+002  1.9125554e+002  1.9342830e+002  1.9043543e+002  1.9412276e+002
  9.0666667e-001  1.8517676e+002  1.9124919e+002  1.9348753e+002  1.9043045e+002  1.9415749e+002
  9.1333333e-001  1.8525395e+002  1.9128360e+002  1.9352121e+002  1.9040593e+002  1.9417528e+002
  9.2000000e-001  1.8540369e+002  1.9137212e+002  1.9351105e+002  1.9039175e+002  1.9419278e+002
  9.2666667e-001  1.8551099e+002  1.9141505e+002  1.9349945e+002  1.9040706e+002  1.9420563e+002
  9.3333333e-001  1.8562149e+002  1.9142299e+002  1.9350345e+002  1.9047571e+002  1.9426485e+002
  9.4000000e-001  1.8570717e+002  1.9144867e+002  1.9350969e+002  1.9049927e+002  1.9430066e+002
  9.4666667e-001  1.8582129e+002  1.9145236e+002  1.9354657e+002  1.9051312e+002  1.9426147e+002
  9.5333333e-001  1.8593770e+002  1.9150128e+002  1.9354482e+002  1.9057770e+002  1.9423500e+002
  9.6000000e-001  1.8597203e+002  1.9156015e+002  1.9353488e+002  1.9053870e+002  1.9427319e+002
  9.6666667e-001  1.8607596e+002  1.9157767e+002  1.9355148e+002  1.9050401e+002  1.9430896e+002
  9.7333333e-001  1.8622963e+002  1.9163747e+002  1.9352937e+002  1.9054413e+002  1.9430702e+002
  9.8000000e-001  1.8631714e+002  1.9166866e+002  1.9347870e+002  1.9056235e+002  1.9431583e+002
  9.8666667e-001  1.8643205e+002  1.9163621e+002  1.9343486e+002  1.9056955e+002  1.9434259e+002
  9.9333333e-001  1.8651347e+002  1.9162499e+002  1.9344636e+002  1.9058376e+002  1.9436282e+002
  1.0000000e+000  1.8660053e+002  1.9161760e+002  1.9347397e+002  1.9057964e+002  1.9436148e+002
  1.0066667e+000  1.8670456e+002  1.9163123e+002  1.9343788e+002  1.9054222e+002  1.9435300e+002
  1.0133333e+000  1.8683203e+002  1.9165555e+002  1.9344597e+002  1.9055711e+002  1.9433380e+002
  1.0200000e+000  1.8692038e+002  1.9165079e+002  1.9344534e+002  1.9056401e+002  1.9436365e+002
  1.0266667e+000  1.8696794e+002  1.9166521e+002  1.9337508e+002  1.9056262e+002  1.9441334e+002
  1.0333333e+000  1.8703307e+002  1.9167360e+002  1.9335200e+002  1.9052252e+002  1.9446727e+002
  1.0400000e+000  1.8712483e+002  1.9166771e+002  1.9330855e+002  1.9053531e+002  1.9447803e+002
  1.0466667e+000  1.8719391e+002  1.9170671e+002  1.9325494e+002  1.9048102e+002  1.9446175e+002
  1.0533333e+000  1.8722536e+002  1.9173851e+002  1.9320175e+002  1.9047070e+002  1.9444253e+002
  1.0600000e+000  1.8732097e+002  1.9172052e+002  1.9318031e+002  1.9045677e+002  1.9446503e+002
  1.0666667e+000  1.8737169e+002  1.9174637e+002  1.9318318e+002  1.9040848e+002  1.9448001e+002
  1.0733333e+000  1.8735768e+002  1.9172995e+002  1.9318004e+002  1.9039482e+002  1.9446755e+002
  1.0800000e+000  1.8741226e+002  1.9172116e+002  1.9320075e+002  1.9036800e+002  1.9449841e+002
  1.0866667e+000  1.8750247e+002  1.9171269e+002  1.9318240e+002  1.9029497e+002  1.9453421e+002
  1.0933333e+000  1.8755368e+002  1.9172679e+002  1.9320438e+002  1.9022592e+002  1.9451506e+002
  1.1000000e+000  1.8758360e+002  1.9175990e+002  1.9321252e+002  1.9017133e+002  1.9448817e+002
  1.1066667e+000  1.8764891e+002  1.9172931e+002  1.9317154e+002  1.9011574e+002  1.9448732e+002
  1.1133333e+000  1.8770036e+002  1.9174493e+002  1.9312677e+002  1.9010074e+002  1.9448627e+002
  1.1200000e+000  1.8771614e+002  1.9178557e+002  1.9312651e+002  1.9009064e+002  1.9448949e+002
  1.1266667e+000  1.8770342e+002  1.9178755e+002  1.9311536e+002  1.8999452e+002  1.9452988e+002
  1.1333333e+000  1.8777931e+002  1.9175607e+002  1.9307141e+002  1.8995062e+002  1.9456045e+002
  1.1400000e+000  1.8782877e+002  1.9175194e+002  1.9305174e+002  1.8990984e+002  1.9450320e+002
  1.1466667e+000  1.8787337e+002  1.9180763e+002  1.9303908e+002  1.8984209e+002  1.9447713e+002
  1.1533333e+000  1.8789764e+002  1.9181718e+002  1.9301685e+002  1.8979637e+002  1.9446005e+002
  1.1600000e+000  1.8793285e+002  1.9182106e+002  1.9300201e+002  1.8977457e+002  1.9443169e+002
  1.1666667e+000  1.8793623e+002  1.9182541e+002  1.9302451e+002  1.8976825e+002  1.9443706e+002
  1.1733333e+000  1.8794623e+002  1.9181392e+002  1.9299083e+002  1.8968271e+002  1.9448563e+002
  1.1800000e+000  1.8798978e+002  1.9182375e+002  1.9292902e+002  1.8960982e+002  1.9450729e+002
  1.1866667e+000  1.8799756e+002  1.9185370e+002  1.9290591e+002  1.8956573e+002  1.9443536e+002
  1.1933333e+000  1.8798379e+002  1.9186603e+002  1.9287334e+002  1.8960765e+002  1.9438196e+002
  1.2000000e+000  1.8801314e+002  1.9187247e+002  1.9283400e+002  1.8964824e+002  1.9435851e+002
  1.2066667e+000  1.8805226e+002  1.9191016e+002  1.9284328e+002  1.8961578e+002  1.9431891e+002
  1.2133333e+000  1.8803972e+002  1.9190286e+002  1.9289780e+002  1.8957243e+002  1.9433119e+002
  1.2200000e+000  1.8805844e+002  1.9185722e+002  1.9290277e+002  1.8955400e+002  1.9430492e+002
  1.2266667e+000  1.8812402e+002  1.9184569e+002  1.9290575e+002  1.8951852e+002  1.9429070e+002
  1.2333333e+000  1.8817601e+002  1.9186587e+002  1.9290460e+002  1.8946812e+002  1.9426131e+002
  1.2400000e+000  1.8813118e+002  1.9189546e+002  1.9285527e+002  1.8946620e+002  1.9425400e+002
  1.2466667e+000  1.8811975e+002  1.9189665e+002  1.9282849e+002  1.8938522e+002  1.9426958e+002
  1.2533333e+000  1.8811475e+002  1.9189973e+002  1.9285362e+002  1.8932301e+002  1.9427547e+002
  1.2600000e+000  1.8807996e+002  1.9188042e+002  1.9293781e+002  1.8930826e+002  1.9424295e+002
  1.2666667e+000  1.8807938e+002  1.9186974e+002  1.9298401e+002  1.8927300e+002  1.9423486e+002
  1.2733333e+000  1.8808990e+002  1.9187097e+002  1.9296132e+002  1.8922427e+002  1.9423206e+002
  1.2800000e+000  1.8808896e+002  1.9191629e+002  1.9292603e+002  1.8914072e+002  1.9420807e+002
  1.2866667e+000  1.8809293e+002  1.9196204e+002  1.9291431e+002  1.8904463e+002  1.9420352e+002
  1.2933333e+000  1.8807948e+002  1.9197536e+002  1.9292239e+002  1.8899707e+002  1.9419612e+002
  1.3000000e+000  1.8805353e+002  1.9196596e+002  1.9293372e+002  1.8893295e+002  1.9414917e+002
  1.3066667e+000  1.8807167e+002  1.9193866e+002  1.9293514e+002  1.8887956e+002  1.9418932e+002
  1.3133333e+000  1.8809383e+002  1.9198099e+002  1.9292679e+002  1.8883090e+002  1.9422876e+002
  1.3200000e+000  1.8805629e+002  1.9201154e+002  1.9296608e+002  1.8875488e+002  1.9420528e+002
  1.3266667e+000  1.8802612e+002  1.9205516e+002  1.9298331e+002  1.8863911e+002  1.9420685e+002
  1.3333333e+000  1.8800029e+002  1.9209280e+002  1.9298659e+002  1.8853757e+002  1.9422977e+002
  1.3400000e+000  1.8798814e+002  1.9209900e+002  1.9300800e+002  1.8845550e+002  1.9422609e+002
  1.3466667e+000  1.8806654e+002  1.9209872e+002  1.9304604e+002  1.8841991e+002  1.9423750e+002
  1.3533333e+000  1.8805240e+002  1.9211946e+002  1.9306125e+002  1.8840681e+002  1.9423511e+002
  1.3600000e+000  1.8796094e+002  1.9218669e+002  1.9307783e+002  1.8838290e+002  1.9431567e+002
  1.3666667e+000  1.8793961e+002  1.9222150e+002  1.9304071e+002  1.8831964e+002  1.9433073e+002
  1.3733333e+000  1.8798221e+002  1.9227554e+002  1.9300780e+002  1.8825034e+002  1.9434378e+002
  1.3800000e+000  1.8793723e+002  1.9229225e+002  1.9302681e+002  1.8819191e+002  1.9437613e+002
  1.3866667e+000  1.8789436e+002  1.9231630e+002  1.9309752e+002  1.8803792e+002  1.9438716e+002
  1.3933333e+000  1.8786975e+002  1.9238144e+002  1.9310849e+002  1.8795830e+002  1.9442564e+002
  1.4000000e+000  1.8785722e+002  1.9245317e+002  1.9309677e+002  1.8793762e+002  1.9447810e+002
  1.4066667e+000  1.8789145e+002  1.9244905e+002  1.9312369e+002  1.8787431e+002  1.9454628e+002
  1.4133333e+000  1.8790124e+002  1.9243413e+002  1.9315805e+002  1.8787074e+002  1.9459656e+002
  1.4200000e+000  1.8783533e+002  1.9248775e+002  1.9315033e+002  1.8785304e+002  1.9465610e+002
  1.4266667e+000  1.8778839e+002  1.9253665e+002  1.9317389e+002  1.8785274e+002  1.9470252e+002
  1.4333333e+000  1.8784601e+002  1.9261188e+002  1.9318616e+002  1.8783894e+002  1.9471668e+002
  1.4400000e+000  1.8784374e+002  1.9265544e+002  1.9319502e+002  1.8778714e+002  1.9475850e+002
  1.4466667e+000  1.8784854e+002  1.9266007e+002  1.9320432e+002  1.8774197e+002  1.9484680e+002
  1.4533333e+000  1.8783032e+002  1.9270872e+002  1.9319347e+002  1.8774644e+002  1.9491063e+002
  1.4600000e+000  1.8781287e+002  1.9269835e+002  1.9322475e+002  1.8778343e+002  1.9494547e+002
  1.4666667e+000  1.8784868e+002  1.9273267e+002  1.9329988e+002  1.8778075e+002  1.9493202e+002
  1.4733333e+000  1.8785045e+002  1.9283225e+002  1.9331345e+002  1.8769876e+002  1.9496935e+002
  1.4800000e+000  1.8785899e+002  1.9284019e+002  1.9332236e+002  1.8769312e+002  1.9501247e+002
  1.4866667e+000  1.8783353e+002  1.9285858e+002  1.9334151e+002  1.8771542e+002  1.9509694e+002
  1.4933333e+000  1.8782068e+002  1.9293549e+002  1.9335292e+002  1.8773114e+002  1.9517920e+002
  1.5000000e+000  1.8782602e+002  1.9298673e+002  1.9338022e+002  1.8770209e+002  1.9516730e+002
  1.5066667e+000  1.8788380e+002  1.9302335e+002  1.9338777e+002  1.8763657e+002  1.9520041e+002
  1.5133333e+000  1.8789491e+002  1.9302983e+002  1.9340184e+002  1.8768671e+002  1.9524646e+002
  1.5200000e+000  1.8786749e+002  1.9307555e+002  1.9341916e+002  1.8768138e+002  1.9531923e+002
  1.5266667e+000  1.8790613e+002  1.9311121e+002  1.9346111e+002  1.8767477e+002  1.9537831e+002
  1.5333333e+000  1.8796262e+002  1.9313147e+002  1.9348207e+002  1.8772272e+002  1.9542299e+002
  1.5400000e+000  1.8800929e+002  1.9318230e+002  1.9344557e+002  1.8772951e+002  1.9549460e+002
  1.5466667e+000  1.8803229e+002  1.9323494e+002  1.9344203e+002  1.8771597e+002  1.9556337e+002
  1.5533333e+000  1.8806149e+002  1.9329039e+002  1.9349123e+002  1.8774042e+002  1.9557457e+002
  1.5600000e+000  1.8808794e+002  1.9330341e+002  1.9355774e+002  1.8775264e+002  1.9563205e+002
  1.5666667e+000  1.8815041e+002  1.9330797e+002  1.9359062e+002  1.8774474e+002  1.9569348e+002
  1.5733333e+000  1.8825526e+002  1.9335310e+002  1.9359642e+002  1.8775662e+002  1.9574944e+002
  1.5800000e+000  1.8830734e+002  1.9338863e+002  1.9359648e+002  1.8770839e+002  1.9585387e+002
  1.5866667e+000  1.8830441e+002  1.9341686e+002  1.9363608e+002  1.8769473e+002  1.9592023e+002
  1.5933333e+000  1.8841237e+002  1.9351506e+002  1.9371374e+002  1.8776756e+002  1.9601215e+002
  1.6000000e+000  1.8850354e+002  1.9357817e+002  1.9373587e+002  1.8779205e+002  1.9607057e+002
  1.6066667e+000  1.8856729e+002  1.9357561e+002  1.9374574e+002  1.8777714e+002  1.9606261e+002
  1.6133333e+000  1.8860854e+002  1.9360422e+002  1.9377379e+002  1.8777563e+002  1.9603473e+002
  1.6200000e+000  1.8867241e+002  1.9363261e+002  1.9385532e+002  1.8779410e+002  1.9599280e+002
  1.6266667e+000  1.8874106e+002  1.9367430e+002  1.9391980e+002  1.8779956e+002  1.9599001e+002
  1.6333333e+000  1.8880418e+002  1.9378278e+002  1.9388919e+002  1.8780955e+002  1.9597652e+002
  1.6400000e+000  1.8885635e+002  1.9383647e+002  1.9390964e+002  1.8781375e+002  1.9588850e+002
  1.6466667e+000  1.8891493e+002  1.9388751e+002  1.9395398e+002  1.8781728e+002  1.9586487e+002
  1.6533333e+000  1.8898488e+002  1.9391505e+002  1.9399626e+002  1.8779771e+002  1.9584435e+002
  1.6600000e+000  1.8906908e+002  1.9394917e+002  1.9405466e+002  1.8779755e+002  1.9576872e+002
  1.6666667e+000  1.8914339e+002  1.9399678e+002  1.9404369e+002  1.8779186e+002  1.9571956e+002
  1.6733333e+000  1.8921912e+002  1.9406070e+002  1.9408319e+002  1.8777286e+002  1.9565361e+002
  1.6800000e+000  1.8930455e+002  1.9412994e+002  1.9411885e+002  1.8772034e+002  1.9563094e+002
  1.6866667e+000  1.8935941e+002  1.9419589e+002  1.9413973e+002  1.8767925e+002  1.9560728e+002
  1.6933333e+000  1.8944086e+002  1.9427641e+002  1.9419669e+002  1.8763608e+002  1.9560446e+002
  1.7000000e+000  1.8955406e+002  1.9433369e+002  1.9428178e+002  1.8761812e+002  1.9565810e+002
  1.7066667e+000  1.8964536e+002  1.9439195e+002  1.9434990e+002  1.8761124e+002  1.9569688e+002
  1.7133333e+000  1.8971869e+002  1.9441423e+002  1.9440022e+002  1.8761414e+002  1.9572676e+002
  1.7200000e+000  1.8976526e+002  1.9443391e+002  1.9440698e+002  1.8759753e+002  1.9581178e+002
  1.7266667e+000  1.8981940e+002  1.9454118e+002  1.9448789e+002  1.8760027e+002  1.9587988e+002
  1.7333333e+000  1.8992506e+002  1.9464136e+002  1.9453564e+002  1.8754504e+002  1.9591196e+002
  1.7400000e+000  1.8995839e+002  1.9471178e+002  1.9445816e+002  1.8754271e+002  1.9596602e+002
  1.7466667e+000  1.9000386e+002  1.9478954e+002  1.9437051e+002  1.8759575e+002  1.9601631e+002
  1.7533333e+000  1.9008156e+002  1.9486850e+002  1.9426733e+002  1.8757906e+002  1.9612401e+002
  1.7600000e+000  1.9012695e+002  1.9494402e+002  1.9412360e+002  1.8755794e+002  1.9615399e+002
  1.7666667e+000  1.9020958e+002  1.9502298e+002  1.9400529e+002  1.8745944e+002  1.9616068e+002
  1.7733333e+000  1.9030479e+002  1.9505392e+002  1.9391504e+002  1.8746634e+002  1.9618749e+002
  1.7800000e+000  1.9033765e+002  1.9513402e+002  1.9382594e+002  1.8748799e+002  1.9620686e+002
  1.7866667e+000  1.9036333e+002  1.9523772e+002  1.9380869e+002  1.8746820e+002  1.9623962e+002
  1.7933333e+000  1.9043025e+002  1.9530458e+002  1.9382974e+002  1.8748242e+002  1.9633453e+002
  1.8000000e+000  1.9051181e+002  1.9531871e+002  1.9387056e+002  1.8746478e+002  1.9636282e+002
  1.8066667e+000  1.9060529e+002  1.9524306e+002  1.9394278e+002  1.8744206e+002  1.9638162e+002
  1.8133333e+000  1.9066450e+002  1.9509299e+002  1.9399518e+002  1.8748718e+002  1.9641196e+002
  1.8200000e+000  1.9070267e+002  1.9497624e+002  1.9400798e+002  1.8749144e+002  1.9645927e+002
  1.8266667e+000  1.9074532e+002  1.9485522e+002  1.9402832e+002  1.8750226e+002  1.9652370e+002
  1.8333333e+000  1.9083096e+002  1.9476782e+002  1.9410579e+002  1.8746437e+002  1.9656876e+002
  1.8400000e+000  1.9095715e+002  1.9477477e+002  1.9413271e+002  1.8737831e+002  1.9658849e+002
  1.8466667e+000  1.9102846e+002  1.9481429e+002  1.9413382e+002  1.8740463e+002  1.9659821e+002
  1.8533333e+000  1.9111180e+002  1.9488232e+002  1.9411587e+002  1.8744934e+002  1.9661322e+002
  1.8600000e+000  1.9123689e+002  1.9492702e+002  1.9410117e+002  1.8746393e+002  1.9662462e+002
  1.8666667e+000  1.9134132e+002  1.9493660e+002  1.9415736e+002  1.8742606e+002  1.9667532e+002
  1.8733333e+000  1.9144640e+002  1.9497064e+002  1.9417587e+002  1.8738458e+002  1.9672145e+002
  1.8800000e+000  1.9149208e+002  1.9502110e+002  1.9415817e+002  1.8731233e+002  1.9679770e+002
  1.8866667e+000  1.9160797e+002  1.9504167e+002  1.9418335e+002  1.8730223e+002  1.9687068e+002
  1.8933333e+000  1.9174475e+002  1.9505428e+002  1.9426361e+002  1.8729904e+002  1.9695271e+002
  1.9000000e+000  1.9187380e+002  1.9506871e+002  1.9436200e+002  1.8723119e+002  1.9708050e+002
  1.9066667e+000  1.9199884e+002  1.9511804e+002  1.9442989e+002  1.8718073e+002  1.9718214e+002
  1.9133333e+000  1.9206021e+002  1.9521707e+002  1.9453970e+002  1.8714711e+002  1.9729317e+002
  1.9200000e+000  1.9207378e+002  1.9542032e+002  1.9470460e+002  1.8709068e+002  1.9744624e+002
  1.9266667e+000  1.9193626e+002  1.9566838e+002  1.9483717e+002  1.8706039e+002  1.9756332e+002
  1.9333333e+000  1.9178841e+002  1.9585696e+002  1.9496907e+002  1.8698692e+002  1.9766031e+002
  1.9400000e+000  1.9167046e+002  1.9598088e+002  1.9509619e+002  1.8693768e+002  1.9776556e+002
  1.9466667e+000  1.9159906e+002  1.9601108e+002  1.9519098e+002  1.8686394e+002  1.9784384e+002
  1.9533333e+000  1.9163083e+002  1.9601663e+002  1.9517928e+002  1.8678743e+002  1.9782944e+002
  1.9600000e+000  1.9168219e+002  1.9599764e+002  1.9513386e+002  1.8673912e+002  1.9782271e+002
  1.9666667e+000  1.9173267e+002  1.9600038e+002  1.9515195e+002  1.8670433e+002  1.9784584e+002
  1.9733333e+000  1.9181952e+002  1.9601849e+002  1.9516493e+002  1.8667021e+002  1.9786401e+002
  1.9800000e+000  1.9194124e+002  1.9606734e+002  1.9516290e+002  1.8662958e+002  1.9786217e+002
  1.9866667e+000  1.9198222e+002  1.9611816e+002  1.9515376e+002  1.8662059e+002  1.9783517e+002
  1.9933333e+000  1.9200707e+002  1.9620061e+002  1.9515124e+002  1.8652432e+002  1.9785680e+002
  2.0000000e+000  1.9207504e+002  1.9620123e+002  1.9519794e+002  1.8648094e+002  1.9789864e+002
