 -5.0000000e-001 -1.9180935e+001 -1.9117577e+001 -1.9773808e+001 -1.9817114e+001 -2.1035549e+001 -1.8974955e+001 -2.1103170e+001 -2.0409765e+001
 -4.9333333e-001 -1.9176001e+001 -1.9114391e+001 -1.9756996e+001 -1.9834923e+001 -2.1026327e+001 -1.8979620e+001 -2.1107098e+001 -2.0424023e+001
 -4.8666667e-001 -1.9160326e+001 -1.9112883e+001 -1.9758345e+001 -1.9829031e+001 -2.1021173e+001 -1.8991217e+001 -2.1098766e+001 -2.0416073e+001
 -4.8000000e-001 -1.9175200e+001 -1.9120415e+001 -1.9759869e+001 -1.9853218e+001 -2.1015196e+001 -1.8982309e+001 -2.1077785e+001 -2.0426214e+001
 -4.7333333e-001 -1.9188396e+001 -1.9097324e+001 -1.9777733e+001 -1.9845995e+001 -2.1025478e+001 -1.8994322e+001 -2.1069117e+001 -2.0439573e+001
 -4.6666667e-001 -1.9188364e+001 -1.9096626e+001 -1.9763416e+001 -1.9829044e+001 -2.1051003e+001 -1.9009123e+001 -2.1072062e+001 -2.0425892e+001
 -4.6000000e-001 -1.9178724e+001 -1.9096991e+001 -1.9775883e+001 -1.9817677e+001 -2.1031015e+001 -1.8995481e+001 -2.1058813e+001 -2.0430603e+001
 -4.5333333e-001 -1.9187243e+001 -1.9089237e+001 -1.9784649e+001 -1.9828745e+001 -2.1026564e+001 -1.8992315e+001 -2.1077852e+001 -2.0420710e+001
 -4.4666667e-001 -1.9167450e+001 -1.9104113e+001 -1.9781164e+001 -1.9825653e+001 -2.1026281e+001 -1.8961821e+001 -2.1068239e+001 -2.0433077e+001
 -4.4000000e-001 -1.9190735e+001 -1.9095564e+001 -1.9763073e+001 -1.9822798e+001 -2.1023815e+001 -1.8988831e+001 -2.1056387e+001 -2.0424942e+001
 -4.3333333e-001 -1.9174339e+001 -1.9085369e+001 -1.9746849e+001 -1.9833897e+001 -2.1039627e+001 -1.9004196e+001 -2.1047184e+001 -2.0415506e+001
 -4.2666667e-001 -1.9149549e+001 -1.9095194e+001 -1.9736656e+001 -1.9813877e+001 -2.1056219e+001 -1.8984558e+001 -2.1036476e+001 -2.0417595e+001
 -4.2000000e-001 -1.9175091e+001 -1.9074797e+001 -1.9731358e+001 -1.9831366e+001 -2.1055698e+001 -1.8969196e+001 -2.1027386e+001 -2.0422447e+001
 -4.1333333e-001 -1.9197460e+001 -1.9070940e+001 -1.9743938e+001 -1.9838768e+001 -2.1039335e+001 -1.8982424e+001 -2.1025810e+001 -2.0418547e+001
 -4.0666667e-001 -1.9197496e+001 -1.9068974e+001 -1.9740654e+001 -1.9837063e+001 -2.1060986e+001 -1.8990616e+001 -2.1029932e+001 -2.0434795e+001
 -4.0000000e-001 -1.9205776e+001 -1.9070210e+001 -1.9747084e+001 -1.9848356e+001 -2.1047182e+001 -1.8978170e+001 -2.1041191e+001 -2.0431467e+001
 -3.9333333e-001 -1.9203165e+001 -1.9066755e+001 -1.9744055e+001 -1.9846441e+001 -2.1040716e+001 -1.8984329e+001 -2.1043661e+001 -2.0425224e+001
 -3.8666667e-001 -1.9191618e+001 -1.9073027e+001 -1.9746498e+001 -1.9835161e+001 -2.1030611e+001 -1.8996107e+001 -2.1039627e+001 -2.0420109e+001
 -3.8000000e-001 -1.9194746e+001 -1.9044456e+001 -1.9747971e+001 -1.9836864e+001 -2.1041826e+001 -1.8979616e+001 -2.1049156e+001 -2.0435810e+001
 -3.7333333e-001 -1.9203253e+001 -1.9065193e+001 -1.9727112e+001 -1.9846258e+001 -2.1046137e+001 -1.8973177e+001 -2.1041443e+001 -2.0443556e+001
 -3.6666667e-001 -1.9187490e+001 -1.9046354e+001 -1.9749603e+001 -1.9854622e+001 -2.1039671e+001 -1.8966944e+001 -2.1005571e+001 -2.0462927e+001
 -3.6000000e-001 -1.9199903e+001 -1.9057354e+001 -1.9738657e+001 -1.9831263e+001 -2.1051004e+001 -1.8970427e+001 -2.0995771e+001 -2.0466204e+001
 -3.5333333e-001 -1.9218876e+001 -1.9037004e+001 -1.9747274e+001 -1.9842543e+001 -2.1030319e+001 -1.8974514e+001 -2.1006058e+001 -2.0440712e+001
 -3.4666667e-001 -1.9196396e+001 -1.9049644e+001 -1.9767841e+001 -1.9855734e+001 -2.1042925e+001 -1.8976114e+001 -2.1000074e+001 -2.0443089e+001
 -3.4000000e-001 -1.9194324e+001 -1.9080975e+001 -1.9736542e+001 -1.9858297e+001 -2.1020952e+001 -1.9000988e+001 -2.1024303e+001 -2.0462202e+001
 -3.3333333e-001 -1.9190010e+001 -1.9067377e+001 -1.9745970e+001 -1.9845827e+001 -2.1039562e+001 -1.8992270e+001 -2.1026279e+001 -2.0458973e+001
 -3.2666667e-001 -1.9190374e+001 -1.9055120e+001 -1.9718210e+001 -1.9840084e+001 -2.1046881e+001 -1.9000353e+001 -2.1028395e+001 -2.0484720e+001
 -3.2000000e-001 -1.9181290e+001 -1.9067513e+001 -1.9717730e+001 -1.9859444e+001 -2.1037094e+001 -1.9000212e+001 -2.1009182e+001 -2.0477560e+001
 -3.1333333e-001 -1.9211233e+001 -1.9069307e+001 -1.9710962e+001 -1.9860531e+001 -2.1039186e+001 -1.8994789e+001 -2.1037071e+001 -2.0483772e+001
 -3.0666667e-001 -1.9216629e+001 -1.9065056e+001 -1.9702892e+001 -1.9855137e+001 -2.1069632e+001 -1.8978991e+001 -2.1024940e+001 -2.0479691e+001
 -3.0000000e-001 -1.9199221e+001 -1.9075218e+001 -1.9720320e+001 -1.9862236e+001 -2.1049608e+001 -1.8996384e+001 -2.1007597e+001 -2.0478619e+001
 -2.9333333e-001 -1.9188267e+001 -1.9049107e+001 -1.9733780e+001 -1.9847980e+001 -2.1050125e+001 -1.9006292e+001 -2.0995987e+001 -2.0478323e+001
 -2.8666667e-001 -1.9204145e+001 -1.9086435e+001 -1.9728077e+001 -1.9855745e+001 -2.1031858e+001 -1.9004013e+001 -2.1012777e+001 -2.0472551e+001
 -2.8000000e-001 -1.9215860e+001 -1.9073179e+001 -1.9723721e+001 -1.9842644e+001 -2.1043486e+001 -1.9005592e+001 -2.1011478e+001 -2.0468609e+001
 -2.7333333e-001 -1.9219557e+001 -1.9077017e+001 -1.9716215e+001 -1.9863756e+001 -2.1035557e+001 -1.9010849e+001 -2.1028933e+001 -2.0458733e+001
 -2.6666667e-001 -1.9216612e+001 -1.9096806e+001 -1.9719614e+001 -1.9845964e+001 -2.1037712e+001 -1.9008493e+001 -2.1029402e+001 -2.0458607e+001
 -2.6000000e-001 -1.9215996e+001 -1.9091560e+001 -1.9722103e+001 -1.9854599e+001 -2.1040735e+001 -1.8996355e+001 -2.1007843e+001 -2.0460857e+001
 -2.5333333e-001 -1.9220236e+001 -1.9070765e+001 -1.9726688e+001 -1.9857986e+001 -2.1030365e+001 -1.9001482e+001 -2.1024752e+001 -2.0454117e+001
 -2.4666667e-001 -1.9226355e+001 -1.9069590e+001 -1.9730555e+001 -1.9863293e+001 -2.1017456e+001 -1.9013359e+001 -2.1024870e+001 -2.0447525e+001
 -2.4000000e-001 -1.9222530e+001 -1.9080156e+001 -1.9717659e+001 -1.9854853e+001 -2.1027655e+001 -1.9003090e+001 -2.1022850e+001 -2.0427130e+001
 -2.3333333e-001 -1.9222521e+001 -1.9075567e+001 -1.9735773e+001 -1.9859695e+001 -2.1033127e+001 -1.9003641e+001 -2.1003679e+001 -2.0438093e+001
 -2.2666667e-001 -1.9226559e+001 -1.9088591e+001 -1.9743576e+001 -1.9850983e+001 -2.1031116e+001 -1.9026438e+001 -2.1026592e+001 -2.0432833e+001
 -2.2000000e-001 -1.9240946e+001 -1.9095043e+001 -1.9723970e+001 -1.9867353e+001 -2.1028234e+001 -1.8986610e+001 -2.1038740e+001 -2.0432922e+001
 -2.1333333e-001 -1.9239735e+001 -1.9072971e+001 -1.9731726e+001 -1.9884417e+001 -2.1021086e+001 -1.8981346e+001 -2.1028568e+001 -2.0430805e+001
 -2.0666667e-001 -1.9259712e+001 -1.9092995e+001 -1.9726753e+001 -1.9884403e+001 -2.1021631e+001 -1.8997402e+001 -2.1026335e+001 -2.0438206e+001
 -2.0000000e-001 -1.9250942e+001 -1.9081251e+001 -1.9728241e+001 -1.9859741e+001 -2.1007568e+001 -1.8992626e+001 -2.1001877e+001 -2.0435591e+001
 -1.9333333e-001 -1.9248091e+001 -1.9084223e+001 -1.9724850e+001 -1.9882933e+001 -2.1010706e+001 -1.8987391e+001 -2.1019468e+001 -2.0420048e+001
 -1.8666667e-001 -1.9265354e+001 -1.9079401e+001 -1.9726978e+001 -1.9864840e+001 -2.1005051e+001 -1.8979801e+001 -2.1024437e+001 -2.0400257e+001
 -1.8000000e-001 -1.9253395e+001 -1.9075129e+001 -1.9722002e+001 -1.9863886e+001 -2.1013058e+001 -1.8984230e+001 -2.1020601e+001 -2.0400082e+001
 -1.7333333e-001 -1.9274363e+001 -1.9086962e+001 -1.9724789e+001 -1.9883623e+001 -2.1025120e+001 -1.9003485e+001 -2.1020073e+001 -2.0406103e+001
 -1.6666667e-001 -1.9261566e+001 -1.9083628e+001 -1.9706184e+001 -1.9874842e+001 -2.1015675e+001 -1.9009098e+001 -2.1015715e+001 -2.0412146e+001
 -1.6000000e-001 -1.9256479e+001 -1.9079546e+001 -1.9713913e+001 -1.9875658e+001 -2.1013788e+001 -1.8998180e+001 -2.1008461e+001 -2.0374250e+001
 -1.5333333e-001 -1.9245779e+001 -1.9069323e+001 -1.9743847e+001 -1.9884626e+001 -2.0991697e+001 -1.9003254e+001 -2.1007015e+001 -2.0372932e+001
 -1.4666667e-001 -1.9261381e+001 -1.9067997e+001 -1.9738325e+001 -1.9893852e+001 -2.1000498e+001 -1.9013979e+001 -2.0998219e+001 -2.0396923e+001
 -1.4000000e-001 -1.9281105e+001 -1.9078650e+001 -1.9748072e+001 -1.9873043e+001 -2.1001696e+001 -1.9020023e+001 -2.1017599e+001 -2.0398735e+001
 -1.3333333e-001 -1.9276896e+001 -1.9040499e+001 -1.9724461e+001 -1.9882946e+001 -2.1014627e+001 -1.9037306e+001 -2.1049391e+001 -2.0395468e+001
 -1.2666667e-001 -1.9267769e+001 -1.9049465e+001 -1.9733162e+001 -1.9870155e+001 -2.1002609e+001 -1.9029938e+001 -2.1037888e+001 -2.0394587e+001
 -1.2000000e-001 -1.9246347e+001 -1.9055227e+001 -1.9719101e+001 -1.9890709e+001 -2.0992880e+001 -1.9023678e+001 -2.1035376e+001 -2.0377178e+001
 -1.1333333e-001 -1.9259041e+001 -1.9061953e+001 -1.9737865e+001 -1.9890285e+001 -2.0978706e+001 -1.9029524e+001 -2.1017641e+001 -2.0383331e+001
 -1.0666667e-001 -1.9246326e+001 -1.9059546e+001 -1.9734581e+001 -1.9895931e+001 -2.0982323e+001 -1.8988712e+001 -2.0984827e+001 -2.0391083e+001
 -1.0000000e-001 -1.9247164e+001 -1.9050003e+001 -1.9739325e+001 -1.9885378e+001 -2.0955896e+001 -1.9005117e+001 -2.1007532e+001 -2.0389477e+001
 -9.3333333e-002 -1.9254967e+001 -1.9068571e+001 -1.9725260e+001 -1.9884975e+001 -2.0967010e+001 -1.9007166e+001 -2.1021402e+001 -2.0393671e+001
 -8.6666667e-002 -1.9227972e+001 -1.9066032e+001 -1.9743338e+001 -1.9883755e+001 -2.0983688e+001 -1.9027838e+001 -2.1018766e+001 -2.0396801e+001
 -8.0000000e-002 -1.9255669e+001 -1.9048893e+001 -1.9774837e+001 -1.9909859e+001 -2.0987892e+001 -1.9031929e+001 -2.1041273e+001 -2.0398245e+001
 -7.3333333e-002 -1.9237991e+001 -1.9042482e+001 -1.9758764e+001 -1.9901358e+001 -2.0983112e+001 -1.9015409e+001 -2.1022738e+001 -2.0419201e+001
 -6.6666667e-002 -1.9240904e+001 -1.9055450e+001 -1.9753637e+001 -1.9897053e+001 -2.0972403e+001 -1.9037048e+001 -2.1045370e+001 -2.0412607e+001
 -6.0000000e-002 -1.9239067e+001 -1.9067938e+001 -1.9749125e+001 -1.9889765e+001 -2.0982513e+001 -1.9019316e+001 -2.1056692e+001 -2.0391045e+001
 -5.3333333e-002 -1.9240892e+001 -1.9038332e+001 -1.9749449e+001 -1.9914932e+001 -2.0997086e+001 -1.8995066e+001 -2.1029898e+001 -2.0399742e+001
 -4.6666667e-002 -1.9237356e+001 -1.9043821e+001 -1.9761105e+001 -1.9903591e+001 -2.0995678e+001 -1.9006252e+001 -2.1021914e+001 -2.0420517e+001
 -4.0000000e-002 -1.9237001e+001 -1.9071247e+001 -1.9758131e+001 -1.9901667e+001 -2.1004869e+001 -1.9014774e+001 -2.1010199e+001 -2.0407831e+001
 -3.3333333e-002 -1.9226049e+001 -1.9065367e+001 -1.9750414e+001 -1.9923475e+001 -2.0997103e+001 -1.9038752e+001 -2.1012356e+001 -2.0424122e+001
 -2.6666667e-002 -1.9250027e+001 -1.9055799e+001 -1.9775969e+001 -1.9914770e+001 -2.0976002e+001 -1.9026083e+001 -2.1000347e+001 -2.0431316e+001
 -2.0000000e-002 -1.9271444e+001 -1.9055483e+001 -1.9771393e+001 -1.9905598e+001 -2.0977293e+001 -1.9020578e+001 -2.1028002e+001 -2.0423643e+001
 -1.3333333e-002 -1.9272388e+001 -1.9075949e+001 -1.9754152e+001 -1.9901070e+001 -2.0976290e+001 -1.8994804e+001 -2.0998133e+001 -2.0410637e+001
 -6.6666667e-003 -1.9249676e+001 -1.9049938e+001 -1.9749357e+001 -1.9916367e+001 -2.0978884e+001 -1.9025423e+001 -2.0998720e+001 -2.0427294e+001
  0.0000000e+000 -1.9267130e+001 -1.9049522e+001 -1.9763386e+001 -1.9910988e+001 -2.0971128e+001 -1.9023499e+001 -2.0995928e+001 -2.0429211e+001
  6.6666667e-003 -1.9269232e+001 -1.9063393e+001 -1.9748604e+001 -1.9899332e+001 -2.0978209e+001 -1.9034149e+001 -2.1003733e+001 -2.0433386e+001
  1.3333333e-002 -1.9266336e+001 -1.9055185e+001 -1.9772696e+001 -1.9893185e+001 -2.0989737e+001 -1.9048784e+001 -2.0996799e+001 -2.0471361e+001
  2.0000000e-002 -1.9286451e+001 -1.9087212e+001 -1.9797176e+001 -1.9918285e+001 -2.0982206e+001 -1.9065228e+001 -2.0985195e+001 -2.0475721e+001
  2.6666667e-002 -1.9326178e+001 -1.9111959e+001 -1.9847378e+001 -1.9947029e+001 -2.0977211e+001 -1.9097389e+001 -2.0990250e+001 -2.0490704e+001
  3.3333333e-002 -1.9353254e+001 -1.9162348e+001 -1.9871046e+001 -1.9992674e+001 -2.0975985e+001 -1.9119766e+001 -2.0982969e+001 -2.0514540e+001
  4.0000000e-002 -1.9399483e+001 -1.9194206e+001 -1.9907375e+001 -2.0014187e+001 -2.1020144e+001 -1.9142494e+001 -2.0994083e+001 -2.0548058e+001
  4.6666667e-002 -1.9421230e+001 -1.9218212e+001 -1.9944273e+001 -2.0040083e+001 -2.1031199e+001 -1.9185831e+001 -2.1010767e+001 -2.0598688e+001
  5.3333333e-002 -1.9471680e+001 -1.9264559e+001 -1.9967844e+001 -2.0078701e+001 -2.1038113e+001 -1.9224297e+001 -2.1031357e+001 -2.0634592e+001
  6.0000000e-002 -1.9499643e+001 -1.9285196e+001 -1.9980400e+001 -2.0088778e+001 -2.1030027e+001 -1.9235367e+001 -2.1047098e+001 -2.0645214e+001
  6.6666667e-002 -1.9530621e+001 -1.9324606e+001 -1.9985617e+001 -2.0144564e+001 -2.1049465e+001 -1.9264235e+001 -2.1072012e+001 -2.0661570e+001
  7.3333333e-002 -1.9543804e+001 -1.9320940e+001 -1.9982481e+001 -2.0152847e+001 -2.1084784e+001 -1.9256632e+001 -2.1047312e+001 -2.0671928e+001
  8.0000000e-002 -1.9544994e+001 -1.9330555e+001 -1.9974831e+001 -2.0162462e+001 -2.1127748e+001 -1.9246099e+001 -2.1046667e+001 -2.0673319e+001
  8.6666667e-002 -1.9545160e+001 -1.9348478e+001 -1.9975204e+001 -2.0152887e+001 -2.1113024e+001 -1.9247921e+001 -2.1066824e+001 -2.0702755e+001
  9.3333333e-002 -1.9570742e+001 -1.9350538e+001 -1.9975063e+001 -2.0157084e+001 -2.1109449e+001 -1.9246399e+001 -2.1096113e+001 -2.0712730e+001
  1.0000000e-001 -1.9591225e+001 -1.9397083e+001 -1.9996870e+001 -2.0177237e+001 -2.1103115e+001 -1.9279249e+001 -2.1094194e+001 -2.0719175e+001
  1.0666667e-001 -1.9596025e+001 -1.9416157e+001 -2.0025154e+001 -2.0200468e+001 -2.1114212e+001 -1.9326675e+001 -2.1083921e+001 -2.0746483e+001
  1.1333333e-001 -1.9635492e+001 -1.9451130e+001 -2.0045437e+001 -2.0276661e+001 -2.1163290e+001 -1.9447060e+001 -2.1105091e+001 -2.0754156e+001
  1.2000000e-001 -1.9686846e+001 -1.9466600e+001 -2.0076696e+001 -2.0310272e+001 -2.1197971e+001 -1.9543463e+001 -2.1123363e+001 -2.0775475e+001
  1.2666667e-001 -1.9745846e+001 -1.9494905e+001 -2.0088011e+001 -2.0368305e+001 -2.1307064e+001 -1.9635164e+001 -2.1146704e+001 -2.0778002e+001
  1.3333333e-001 -1.9775309e+001 -1.9512592e+001 -2.0112593e+001 -2.0449064e+001 -2.1453156e+001 -1.9717571e+001 -2.1165014e+001 -2.0790117e+001
  1.4000000e-001 -1.9833897e+001 -1.9531033e+001 -2.0140814e+001 -2.0468338e+001 -2.1582443e+001 -1.9804838e+001 -2.1198818e+001 -2.0807362e+001
  1.4666667e-001 -1.9886612e+001 -1.9567869e+001 -2.0207859e+001 -2.0509241e+001 -2.1700481e+001 -1.9829700e+001 -2.1236301e+001 -2.0808477e+001
  1.5333333e-001 -1.9930721e+001 -1.9606558e+001 -2.0295065e+001 -2.0561703e+001 -2.1808395e+001 -1.9868320e+001 -2.1323730e+001 -2.0793653e+001
  1.6000000e-001 -1.9976658e+001 -1.9622572e+001 -2.0393730e+001 -2.0621357e+001 -2.1870741e+001 -1.9912960e+001 -2.1387821e+001 -2.0787849e+001
  1.6666667e-001 -2.0020519e+001 -1.9689457e+001 -2.0519285e+001 -2.0660013e+001 -2.1970127e+001 -1.9981581e+001 -2.1509109e+001 -2.0795401e+001
  1.7333333e-001 -2.0053051e+001 -1.9788244e+001 -2.0727985e+001 -2.0732201e+001 -2.2074871e+001 -2.0086691e+001 -2.1707464e+001 -2.0803535e+001
  1.8000000e-001 -2.0130434e+001 -1.9917469e+001 -2.0949982e+001 -2.0841406e+001 -2.2245531e+001 -2.0195303e+001 -2.1959597e+001 -2.0820621e+001
  1.8666667e-001 -2.0252020e+001 -2.0047016e+001 -2.1173473e+001 -2.0966095e+001 -2.2478045e+001 -2.0264561e+001 -2.2267292e+001 -2.0860832e+001
  1.9333333e-001 -2.0430729e+001 -2.0208475e+001 -2.1445173e+001 -2.1149605e+001 -2.2739244e+001 -2.0410906e+001 -2.2645054e+001 -2.0955822e+001
  2.0000000e-001 -2.0677736e+001 -2.0300312e+001 -2.1763210e+001 -2.1445593e+001 -2.3061304e+001 -2.0514236e+001 -2.3040211e+001 -2.1064013e+001
  2.0666667e-001 -2.1005138e+001 -2.0446463e+001 -2.2137333e+001 -2.1840479e+001 -2.3425453e+001 -2.0626177e+001 -2.3517279e+001 -2.1221199e+001
  2.1333333e-001 -2.1444323e+001 -2.0612509e+001 -2.2554913e+001 -2.2277182e+001 -2.3822315e+001 -2.0851633e+001 -2.4133490e+001 -2.1453917e+001
  2.2000000e-001 -2.1999350e+001 -2.0789225e+001 -2.2994633e+001 -2.2772346e+001 -2.4239742e+001 -2.1109648e+001 -2.4866470e+001 -2.1760519e+001
  2.2666667e-001 -2.2678783e+001 -2.1039455e+001 -2.3473261e+001 -2.3310507e+001 -2.4645441e+001 -2.1483355e+001 -2.5684313e+001 -2.2160824e+001
  2.3333333e-001 -2.3387589e+001 -2.1312286e+001 -2.4013348e+001 -2.3954580e+001 -2.5066748e+001 -2.1980631e+001 -2.6616791e+001 -2.2638350e+001
  2.4000000e-001 -2.4166039e+001 -2.1680618e+001 -2.4638594e+001 -2.4654692e+001 -2.5487989e+001 -2.2615181e+001 -2.7598711e+001 -2.3227348e+001
  2.4666667e-001 -2.5003063e+001 -2.2040133e+001 -2.5271544e+001 -2.5405138e+001 -2.5886822e+001 -2.3370089e+001 -2.8502785e+001 -2.3835127e+001
  2.5333333e-001 -2.5936409e+001 -2.2450449e+001 -2.5925024e+001 -2.6160664e+001 -2.6255676e+001 -2.4304976e+001 -2.9378208e+001 -2.4518545e+001
  2.6000000e-001 -2.6840693e+001 -2.2893272e+001 -2.6559910e+001 -2.6875345e+001 -2.6666048e+001 -2.5486385e+001 -3.0302067e+001 -2.5240082e+001
  2.6666667e-001 -2.7732208e+001 -2.3404707e+001 -2.7191387e+001 -2.7615726e+001 -2.7063404e+001 -2.6931646e+001 -3.1247330e+001 -2.6004076e+001
  2.7333333e-001 -2.8565214e+001 -2.3911345e+001 -2.7775803e+001 -2.8351114e+001 -2.7472672e+001 -2.8553288e+001 -3.2229275e+001 -2.6711559e+001
  2.8000000e-001 -2.9357618e+001 -2.4459915e+001 -2.8329275e+001 -2.9101025e+001 -2.7799063e+001 -3.0239697e+001 -3.3130962e+001 -2.7419991e+001
  2.8666667e-001 -3.0051088e+001 -2.4993938e+001 -2.8883303e+001 -2.9733976e+001 -2.8081709e+001 -3.1835861e+001 -3.3831516e+001 -2.8036005e+001
  2.9333333e-001 -3.0664564e+001 -2.5494234e+001 -2.9334099e+001 -3.0353340e+001 -2.8335648e+001 -3.3361252e+001 -3.4461906e+001 -2.8552017e+001
  3.0000000e-001 -3.1121761e+001 -2.5950403e+001 -2.9745092e+001 -3.0976288e+001 -2.8555542e+001 -3.4796494e+001 -3.5138397e+001 -2.8966091e+001
  3.0666667e-001 -3.1441696e+001 -2.6337553e+001 -3.0049786e+001 -3.1559732e+001 -2.8728233e+001 -3.6153233e+001 -3.5846230e+001 -2.9271317e+001
  3.1333333e-001 -3.1679718e+001 -2.6699177e+001 -3.0293552e+001 -3.2090080e+001 -2.8916353e+001 -3.7408775e+001 -3.6547318e+001 -2.9466026e+001
  3.2000000e-001 -3.1915964e+001 -2.7043222e+001 -3.0471544e+001 -3.2512054e+001 -2.9100176e+001 -3.8696201e+001 -3.7278221e+001 -2.9580717e+001
  3.2666667e-001 -3.2105362e+001 -2.7288023e+001 -3.0543022e+001 -3.2843586e+001 -2.9258698e+001 -4.0042889e+001 -3.8074135e+001 -2.9648579e+001
  3.3333333e-001 -3.2276680e+001 -2.7512886e+001 -3.0504858e+001 -3.3043468e+001 -2.9455540e+001 -4.1287498e+001 -3.8832584e+001 -2.9658733e+001
  3.4000000e-001 -3.2357323e+001 -2.7681553e+001 -3.0441084e+001 -3.3155148e+001 -2.9641430e+001 -4.2337036e+001 -3.9475826e+001 -2.9673733e+001
  3.4666667e-001 -3.2393913e+001 -2.7839811e+001 -3.0339346e+001 -3.3179512e+001 -2.9810963e+001 -4.3051159e+001 -3.9963245e+001 -2.9636189e+001
  3.5333333e-001 -3.2392960e+001 -2.8012621e+001 -3.0201973e+001 -3.3134277e+001 -3.0011707e+001 -4.3312935e+001 -4.0213505e+001 -2.9598072e+001
  3.6000000e-001 -3.2427979e+001 -2.8225451e+001 -3.0002163e+001 -3.3034256e+001 -3.0179516e+001 -4.3117035e+001 -4.0254211e+001 -2.9546251e+001
  3.6666667e-001 -3.2524281e+001 -2.8424269e+001 -2.9862270e+001 -3.2903919e+001 -3.0331623e+001 -4.2546490e+001 -4.0058788e+001 -2.9555988e+001
  3.7333333e-001 -3.2657936e+001 -2.8630669e+001 -2.9750553e+001 -3.2752625e+001 -3.0493362e+001 -4.1595200e+001 -3.9726383e+001 -2.9636354e+001
  3.8000000e-001 -3.2875412e+001 -2.8834118e+001 -2.9693172e+001 -3.2738651e+001 -3.0649744e+001 -4.0270840e+001 -3.9287323e+001 -2.9832098e+001
  3.8666667e-001 -3.3152454e+001 -2.9064915e+001 -2.9681667e+001 -3.2820724e+001 -3.0865953e+001 -3.8583958e+001 -3.8756668e+001 -3.0124352e+001
  3.9333333e-001 -3.3480968e+001 -2.9263723e+001 -2.9732534e+001 -3.3063145e+001 -3.1049273e+001 -3.6658543e+001 -3.8264912e+001 -3.0474596e+001
  4.0000000e-001 -3.3818497e+001 -2.9393921e+001 -2.9789539e+001 -3.3407055e+001 -3.1241364e+001 -3.4679008e+001 -3.7656315e+001 -3.0796436e+001
  4.0666667e-001 -3.4120728e+001 -2.9410788e+001 -2.9881218e+001 -3.3791355e+001 -3.1379457e+001 -3.2945320e+001 -3.7142273e+001 -3.1117960e+001
  4.1333333e-001 -3.4355167e+001 -2.9314545e+001 -2.9985859e+001 -3.4175423e+001 -3.1478456e+001 -3.1557188e+001 -3.7129440e+001 -3.1366127e+001
  4.2000000e-001 -3.4534775e+001 -2.9176373e+001 -3.0120691e+001 -3.4577091e+001 -3.1499098e+001 -3.0512962e+001 -3.7619400e+001 -3.1546473e+001
  4.2666667e-001 -3.4680923e+001 -2.9062643e+001 -3.0351954e+001 -3.4945827e+001 -3.1512897e+001 -2.9863438e+001 -3.8373184e+001 -3.1653864e+001
  4.3333333e-001 -3.4776711e+001 -2.8966320e+001 -3.0658606e+001 -3.5349419e+001 -3.1455853e+001 -3.0001743e+001 -3.9046570e+001 -3.1777294e+001
  4.4000000e-001 -3.4852978e+001 -2.8919237e+001 -3.0976988e+001 -3.5757488e+001 -3.1330347e+001 -3.0695383e+001 -3.9232449e+001 -3.1901550e+001
  4.4666667e-001 -3.4931725e+001 -2.8962812e+001 -3.1278936e+001 -3.6230251e+001 -3.1127274e+001 -3.1147259e+001 -3.8911690e+001 -3.2041248e+001
  4.5333333e-001 -3.4964504e+001 -2.9029383e+001 -3.1609022e+001 -3.6840153e+001 -3.0957106e+001 -3.1349264e+001 -3.8397633e+001 -3.2177643e+001
  4.6000000e-001 -3.4967464e+001 -2.9117588e+001 -3.1968924e+001 -3.7499119e+001 -3.0845377e+001 -3.1535591e+001 -3.8034225e+001 -3.2326435e+001
  4.6666667e-001 -3.4960369e+001 -2.9149031e+001 -3.2366894e+001 -3.8255764e+001 -3.0747965e+001 -3.1674952e+001 -3.7612206e+001 -3.2372173e+001
  4.7333333e-001 -3.4923927e+001 -2.9178843e+001 -3.2782017e+001 -3.9029671e+001 -3.0696783e+001 -3.1672848e+001 -3.7561646e+001 -3.2365314e+001
  4.8000000e-001 -3.4876335e+001 -2.9207829e+001 -3.3257019e+001 -3.9776592e+001 -3.0694117e+001 -3.1539660e+001 -3.7477955e+001 -3.2273109e+001
  4.8666667e-001 -3.4809269e+001 -2.9246805e+001 -3.3807529e+001 -4.0369026e+001 -3.0675213e+001 -3.1252218e+001 -3.7504097e+001 -3.2178650e+001
  4.9333333e-001 -3.4697441e+001 -2.9240389e+001 -3.4341846e+001 -4.0804470e+001 -3.0644695e+001 -3.0797289e+001 -3.7232903e+001 -3.2069809e+001
  5.0000000e-001 -3.4594173e+001 -2.9312559e+001 -3.4792324e+001 -4.0950645e+001 -3.0636024e+001 -3.0279800e+001 -3.6898140e+001 -3.1961229e+001
  5.0666667e-001 -3.4507954e+001 -2.9299395e+001 -3.5195053e+001 -4.0828030e+001 -3.0652138e+001 -2.9751451e+001 -3.6445927e+001 -3.1819561e+001
  5.1333333e-001 -3.4411480e+001 -2.9258587e+001 -3.5486149e+001 -4.0610378e+001 -3.0659288e+001 -2.9255177e+001 -3.5953106e+001 -3.1673941e+001
  5.2000000e-001 -3.4306526e+001 -2.9184805e+001 -3.5654034e+001 -4.0313602e+001 -3.0688246e+001 -2.8815468e+001 -3.5520725e+001 -3.1538555e+001
  5.2666667e-001 -3.4209618e+001 -2.9131556e+001 -3.5705379e+001 -3.9818356e+001 -3.0662769e+001 -2.8446838e+001 -3.5193047e+001 -3.1379778e+001
  5.3333333e-001 -3.4083553e+001 -2.9087181e+001 -3.5721516e+001 -3.9089779e+001 -3.0644058e+001 -2.8173347e+001 -3.4900600e+001 -3.1203388e+001
  5.4000000e-001 -3.3953957e+001 -2.9018625e+001 -3.5678776e+001 -3.8255875e+001 -3.0598465e+001 -2.7816601e+001 -3.4559315e+001 -3.1029062e+001
  5.4666667e-001 -3.3822292e+001 -2.8921108e+001 -3.5525734e+001 -3.7475262e+001 -3.0543550e+001 -2.7324934e+001 -3.4187027e+001 -3.0900745e+001
  5.5333333e-001 -3.3679005e+001 -2.8801525e+001 -3.5375317e+001 -3.6740177e+001 -3.0421711e+001 -2.6700096e+001 -3.3712772e+001 -3.0809591e+001
  5.6000000e-001 -3.3539577e+001 -2.8704939e+001 -3.5181427e+001 -3.5809555e+001 -3.0286812e+001 -2.5993681e+001 -3.3276844e+001 -3.0659426e+001
  5.6666667e-001 -3.3364517e+001 -2.8623188e+001 -3.4994728e+001 -3.5107079e+001 -3.0089111e+001 -2.5319559e+001 -3.2882984e+001 -3.0585260e+001
  5.7333333e-001 -3.3189198e+001 -2.8479652e+001 -3.4792271e+001 -3.4517323e+001 -2.9836660e+001 -2.4751095e+001 -3.2541958e+001 -3.0540344e+001
  5.8000000e-001 -3.3016838e+001 -2.8338417e+001 -3.4548008e+001 -3.3735600e+001 -2.9599400e+001 -2.4320219e+001 -3.2252583e+001 -3.0472862e+001
  5.8666667e-001 -3.2818142e+001 -2.8200909e+001 -3.4289497e+001 -3.2971863e+001 -2.9401949e+001 -2.4042522e+001 -3.2006199e+001 -3.0397358e+001
  5.9333333e-001 -3.2609676e+001 -2.8080732e+001 -3.4060177e+001 -3.2177990e+001 -2.9181625e+001 -2.3903265e+001 -3.1789213e+001 -3.0286118e+001
  6.0000000e-001 -3.2397915e+001 -2.7990704e+001 -3.3831837e+001 -3.1422733e+001 -2.9039669e+001 -2.3865627e+001 -3.1615587e+001 -3.0161867e+001
  6.0666667e-001 -3.2160957e+001 -2.7900000e+001 -3.3651230e+001 -3.0700325e+001 -2.8895748e+001 -2.3946032e+001 -3.1448231e+001 -2.9977274e+001
  6.1333333e-001 -3.1942186e+001 -2.7832560e+001 -3.3471050e+001 -2.9891050e+001 -2.8736900e+001 -2.4154448e+001 -3.1229958e+001 -2.9767395e+001
  6.2000000e-001 -3.1662865e+001 -2.7790424e+001 -3.3260860e+001 -2.9337299e+001 -2.8593590e+001 -2.4498770e+001 -3.0920885e+001 -2.9603765e+001
  6.2666667e-001 -3.1415031e+001 -2.7705219e+001 -3.3078114e+001 -2.9059784e+001 -2.8446014e+001 -2.4841459e+001 -3.0600040e+001 -2.9450939e+001
  6.3333333e-001 -3.1140223e+001 -2.7601509e+001 -3.2875542e+001 -2.9007462e+001 -2.8312309e+001 -2.5126793e+001 -3.0187790e+001 -2.9287811e+001
  6.4000000e-001 -3.0866213e+001 -2.7505703e+001 -3.2664024e+001 -2.9013083e+001 -2.8190184e+001 -2.5278238e+001 -2.9788200e+001 -2.9115578e+001
  6.4666667e-001 -3.0573481e+001 -2.7422564e+001 -3.2467571e+001 -2.8990746e+001 -2.8056938e+001 -2.5301939e+001 -2.9427656e+001 -2.8939642e+001
  6.5333333e-001 -3.0333427e+001 -2.7337008e+001 -3.2262508e+001 -2.8944658e+001 -2.7854437e+001 -2.5270897e+001 -2.9123562e+001 -2.8800264e+001
  6.6000000e-001 -3.0063692e+001 -2.7234451e+001 -3.2100559e+001 -2.8895796e+001 -2.7710564e+001 -2.5224031e+001 -2.8842545e+001 -2.8641508e+001
  6.6666667e-001 -2.9824247e+001 -2.7118355e+001 -3.1932232e+001 -2.8716539e+001 -2.7538771e+001 -2.5184618e+001 -2.8486132e+001 -2.8511887e+001
  6.7333333e-001 -2.9580528e+001 -2.6992584e+001 -3.1764156e+001 -2.8455166e+001 -2.7329655e+001 -2.5121971e+001 -2.8132858e+001 -2.8400341e+001
  6.8000000e-001 -2.9376678e+001 -2.6879833e+001 -3.1606018e+001 -2.8107134e+001 -2.7197346e+001 -2.4962866e+001 -2.7840874e+001 -2.8311697e+001
  6.8666667e-001 -2.9164255e+001 -2.6746950e+001 -3.1479401e+001 -2.7806879e+001 -2.7016371e+001 -2.4788115e+001 -2.7515497e+001 -2.8264217e+001
  6.9333333e-001 -2.8989679e+001 -2.6661198e+001 -3.1311008e+001 -2.7506863e+001 -2.6826679e+001 -2.4562635e+001 -2.7203989e+001 -2.8216360e+001
  7.0000000e-001 -2.8800394e+001 -2.6546362e+001 -3.1149328e+001 -2.7218763e+001 -2.6657520e+001 -2.4253542e+001 -2.6962503e+001 -2.8167065e+001
  7.0666667e-001 -2.8640314e+001 -2.6451454e+001 -3.0994579e+001 -2.6981556e+001 -2.6482224e+001 -2.3903685e+001 -2.6650129e+001 -2.8118383e+001
  7.1333333e-001 -2.8468819e+001 -2.6306765e+001 -3.0833202e+001 -2.6830849e+001 -2.6276979e+001 -2.3560410e+001 -2.6393320e+001 -2.8036701e+001
  7.2000000e-001 -2.8283665e+001 -2.6145813e+001 -3.0719732e+001 -2.6741800e+001 -2.6124071e+001 -2.3232031e+001 -2.6169659e+001 -2.7954014e+001
  7.2666667e-001 -2.8059046e+001 -2.6035927e+001 -3.0642916e+001 -2.6633495e+001 -2.5980783e+001 -2.2896593e+001 -2.5929501e+001 -2.7891277e+001
  7.3333333e-001 -2.7834114e+001 -2.5898447e+001 -3.0594748e+001 -2.6506828e+001 -2.5851673e+001 -2.2685133e+001 -2.5720587e+001 -2.7794157e+001
  7.4000000e-001 -2.7657785e+001 -2.5738329e+001 -3.0604988e+001 -2.6290894e+001 -2.5699705e+001 -2.2548986e+001 -2.5479807e+001 -2.7684645e+001
  7.4666667e-001 -2.7449663e+001 -2.5609989e+001 -3.0641493e+001 -2.6059433e+001 -2.5550140e+001 -2.2458334e+001 -2.5278883e+001 -2.7581844e+001
  7.5333333e-001 -2.7215000e+001 -2.5486374e+001 -3.0687241e+001 -2.5762428e+001 -2.5403368e+001 -2.2469242e+001 -2.5088413e+001 -2.7499290e+001
  7.6000000e-001 -2.7060068e+001 -2.5399635e+001 -3.0709562e+001 -2.5387911e+001 -2.5298748e+001 -2.2537304e+001 -2.4896221e+001 -2.7409138e+001
  7.6666667e-001 -2.6924660e+001 -2.5324272e+001 -3.0684065e+001 -2.4977196e+001 -2.5211739e+001 -2.2636782e+001 -2.4695509e+001 -2.7275457e+001
  7.7333333e-001 -2.6801455e+001 -2.5254173e+001 -3.0637575e+001 -2.4543049e+001 -2.5120432e+001 -2.2716259e+001 -2.4479044e+001 -2.7167900e+001
  7.8000000e-001 -2.6671778e+001 -2.5156439e+001 -3.0544323e+001 -2.4160765e+001 -2.5041203e+001 -2.2820728e+001 -2.4336452e+001 -2.7084978e+001
  7.8666667e-001 -2.6593422e+001 -2.5092264e+001 -3.0454147e+001 -2.3882074e+001 -2.4944382e+001 -2.2905256e+001 -2.4181927e+001 -2.6989979e+001
  7.9333333e-001 -2.6492489e+001 -2.5014542e+001 -3.0367420e+001 -2.3607603e+001 -2.4849566e+001 -2.2993118e+001 -2.4078032e+001 -2.6898119e+001
  8.0000000e-001 -2.6369270e+001 -2.4950409e+001 -3.0293119e+001 -2.3409897e+001 -2.4751392e+001 -2.3070736e+001 -2.4004232e+001 -2.6791761e+001
  8.0666667e-001 -2.6284622e+001 -2.4849394e+001 -3.0231764e+001 -2.3318611e+001 -2.4653990e+001 -2.3113121e+001 -2.3910255e+001 -2.6705549e+001
  8.1333333e-001 -2.6201393e+001 -2.4759094e+001 -3.0206923e+001 -2.3236013e+001 -2.4583204e+001 -2.3141813e+001 -2.3869186e+001 -2.6654673e+001
  8.2000000e-001 -2.6120195e+001 -2.4710135e+001 -3.0187384e+001 -2.3143629e+001 -2.4520044e+001 -2.3159599e+001 -2.3847807e+001 -2.6605680e+001
  8.2666667e-001 -2.6070370e+001 -2.4663141e+001 -3.0203783e+001 -2.2946867e+001 -2.4473618e+001 -2.3175007e+001 -2.3806509e+001 -2.6518036e+001
  8.3333333e-001 -2.6027712e+001 -2.4548697e+001 -3.0195414e+001 -2.2750256e+001 -2.4470461e+001 -2.3185850e+001 -2.3860397e+001 -2.6440184e+001
  8.4000000e-001 -2.5967302e+001 -2.4498264e+001 -3.0179150e+001 -2.2556019e+001 -2.4413010e+001 -2.3163443e+001 -2.3869595e+001 -2.6351242e+001
  8.4666667e-001 -2.5944429e+001 -2.4440289e+001 -3.0138298e+001 -2.2303356e+001 -2.4336824e+001 -2.3181858e+001 -2.3870150e+001 -2.6297251e+001
  8.5333333e-001 -2.5917322e+001 -2.4386913e+001 -3.0111975e+001 -2.2058092e+001 -2.4330381e+001 -2.3166708e+001 -2.3880638e+001 -2.6209717e+001
  8.6000000e-001 -2.5882858e+001 -2.4318226e+001 -3.0072525e+001 -2.1835899e+001 -2.4280313e+001 -2.3131382e+001 -2.3888676e+001 -2.6140263e+001
  8.6666667e-001 -2.5835249e+001 -2.4249109e+001 -2.9965252e+001 -2.1602276e+001 -2.4273787e+001 -2.3105188e+001 -2.3878666e+001 -2.6112091e+001
  8.7333333e-001 -2.5823179e+001 -2.4167610e+001 -2.9876881e+001 -2.1459515e+001 -2.4232708e+001 -2.3076591e+001 -2.3815304e+001 -2.6070305e+001
  8.8000000e-001 -2.5805481e+001 -2.4073971e+001 -2.9800402e+001 -2.1351315e+001 -2.4159567e+001 -2.3034523e+001 -2.3772285e+001 -2.5996393e+001
  8.8666667e-001 -2.5744411e+001 -2.3944336e+001 -2.9670061e+001 -2.1259335e+001 -2.4136234e+001 -2.2991392e+001 -2.3708372e+001 -2.5932587e+001
  8.9333333e-001 -2.5659069e+001 -2.3873928e+001 -2.9562674e+001 -2.1225483e+001 -2.4087608e+001 -2.2948072e+001 -2.3599136e+001 -2.5877005e+001
  9.0000000e-001 -2.5578098e+001 -2.3792036e+001 -2.9487885e+001 -2.1224562e+001 -2.4047010e+001 -2.2868784e+001 -2.3551619e+001 -2.5876783e+001
  9.0666667e-001 -2.5508934e+001 -2.3653252e+001 -2.9426989e+001 -2.1243435e+001 -2.3991121e+001 -2.2852917e+001 -2.3430685e+001 -2.5923101e+001
  9.1333333e-001 -2.5418406e+001 -2.3585667e+001 -2.9371986e+001 -2.1316977e+001 -2.3952944e+001 -2.2775318e+001 -2.3325594e+001 -2.5931852e+001
  9.2000000e-001 -2.5341564e+001 -2.3547007e+001 -2.9303486e+001 -2.1440800e+001 -2.3912907e+001 -2.2683115e+001 -2.3178345e+001 -2.5939386e+001
  9.2666667e-001 -2.5289248e+001 -2.3440645e+001 -2.9295179e+001 -2.1547392e+001 -2.3866352e+001 -2.2670351e+001 -2.2990265e+001 -2.5931671e+001
  9.3333333e-001 -2.5220034e+001 -2.3387039e+001 -2.9299908e+001 -2.1727356e+001 -2.3830971e+001 -2.2662157e+001 -2.2836426e+001 -2.5897339e+001
  9.4000000e-001 -2.5216959e+001 -2.3353804e+001 -2.9291868e+001 -2.1638298e+001 -2.3770054e+001 -2.2667679e+001 -2.2664251e+001 -2.5901346e+001
  9.4666667e-001 -2.5218071e+001 -2.3244946e+001 -2.9293217e+001 -2.1621866e+001 -2.3708534e+001 -2.2678839e+001 -2.2466515e+001 -2.5878780e+001
  9.5333333e-001 -2.5189945e+001 -2.3172604e+001 -2.9310749e+001 -2.1346437e+001 -2.3672211e+001 -2.2692295e+001 -2.2219610e+001 -2.5871248e+001
  9.6000000e-001 -2.5151270e+001 -2.3111704e+001 -2.9355976e+001 -2.1293129e+001 -2.3650829e+001 -2.2732536e+001 -2.1965931e+001 -2.5835155e+001
  9.6666667e-001 -2.5146772e+001 -2.3073931e+001 -2.9398201e+001 -2.1178354e+001 -2.3630754e+001 -2.2789116e+001 -2.1660761e+001 -2.5811502e+001
  9.7333333e-001 -2.5154335e+001 -2.3019974e+001 -2.9499601e+001 -2.0866037e+001 -2.3576738e+001 -2.2804794e+001 -2.1384706e+001 -2.5785429e+001
  9.8000000e-001 -2.5130056e+001 -2.2946749e+001 -2.9624563e+001 -2.0737509e+001 -2.3516771e+001 -2.2834152e+001 -2.1137312e+001 -2.5749630e+001
  9.8666667e-001 -2.5115620e+001 -2.2873495e+001 -2.9697723e+001 -2.0482813e+001 -2.3462997e+001 -2.2862057e+001 -2.0946877e+001 -2.5725674e+001
  9.9333333e-001 -2.5082674e+001 -2.2809093e+001 -2.9783678e+001 -2.0226068e+001 -2.3402876e+001 -2.2901855e+001 -2.0928328e+001 -2.5673128e+001
  1.0000000e+000 -2.5118982e+001 -2.2772661e+001 -2.9826336e+001 -1.9879351e+001 -2.3375816e+001 -2.2897406e+001 -2.0982182e+001 -2.5599165e+001
  1.0066667e+000 -2.5185936e+001 -2.2685297e+001 -2.9895721e+001 -1.9617697e+001 -2.3355940e+001 -2.2894510e+001 -2.1023998e+001 -2.5544453e+001
  1.0133333e+000 -2.5198027e+001 -2.2628586e+001 -3.0024324e+001 -1.9516205e+001 -2.3313215e+001 -2.2909918e+001 -2.1071833e+001 -2.5479424e+001
  1.0200000e+000 -2.5197121e+001 -2.2603239e+001 -3.0128826e+001 -1.9492607e+001 -2.3262779e+001 -2.2907419e+001 -2.1070303e+001 -2.5412413e+001
  1.0266667e+000 -2.5177460e+001 -2.2573223e+001 -3.0251625e+001 -1.9351463e+001 -2.3246517e+001 -2.2905817e+001 -2.1042410e+001 -2.5369543e+001
  1.0333333e+000 -2.5198549e+001 -2.2546915e+001 -3.0401148e+001 -1.9208742e+001 -2.3217196e+001 -2.2868807e+001 -2.1008041e+001 -2.5266104e+001
  1.0400000e+000 -2.5200022e+001 -2.2538193e+001 -3.0599203e+001 -1.9098072e+001 -2.3190439e+001 -2.2857029e+001 -2.0939566e+001 -2.5207964e+001
  1.0466667e+000 -2.5171751e+001 -2.2475775e+001 -3.0807978e+001 -1.9076126e+001 -2.3148130e+001 -2.2883635e+001 -2.0970987e+001 -2.5158342e+001
  1.0533333e+000 -2.5159969e+001 -2.2414370e+001 -3.1046789e+001 -1.9065596e+001 -2.3117771e+001 -2.2870840e+001 -2.0976822e+001 -2.5118347e+001
  1.0600000e+000 -2.5143496e+001 -2.2311249e+001 -3.1281652e+001 -1.9048187e+001 -2.3077673e+001 -2.2854044e+001 -2.1009909e+001 -2.5068581e+001
  1.0666667e+000 -2.5123648e+001 -2.2257936e+001 -3.1528761e+001 -1.9032299e+001 -2.3027182e+001 -2.2876068e+001 -2.0979904e+001 -2.5021023e+001
  1.0733333e+000 -2.5075644e+001 -2.2222359e+001 -3.1808252e+001 -1.8886868e+001 -2.3000315e+001 -2.2903780e+001 -2.0976593e+001 -2.5005339e+001
  1.0800000e+000 -2.5072344e+001 -2.2151768e+001 -3.2054939e+001 -1.8399872e+001 -2.2973244e+001 -2.2921371e+001 -2.0979618e+001 -2.4960100e+001
  1.0866667e+000 -2.5107906e+001 -2.2100691e+001 -3.2307350e+001 -1.7850908e+001 -2.2935387e+001 -2.2952467e+001 -2.0985296e+001 -2.4952076e+001
  1.0933333e+000 -2.5112289e+001 -2.2040306e+001 -3.2548958e+001 -1.7690552e+001 -2.2946198e+001 -2.3008430e+001 -2.0946711e+001 -2.4935429e+001
  1.1000000e+000 -2.5057682e+001 -2.1935656e+001 -3.2781433e+001 -1.7998276e+001 -2.2946257e+001 -2.3028233e+001 -2.0893925e+001 -2.4911930e+001
  1.1066667e+000 -2.5086142e+001 -2.1869028e+001 -3.3068611e+001 -1.8575169e+001 -2.2936701e+001 -2.3054857e+001 -2.0831207e+001 -2.4858919e+001
  1.1133333e+000 -2.5084854e+001 -2.1825579e+001 -3.3350269e+001 -1.9087423e+001 -2.2977709e+001 -2.3090767e+001 -2.0765165e+001 -2.4879099e+001
  1.1200000e+000 -2.5033371e+001 -2.1742067e+001 -3.3608204e+001 -1.9156210e+001 -2.3024210e+001 -2.3056736e+001 -2.0645121e+001 -2.4902685e+001
  1.1266667e+000 -2.5041948e+001 -2.1671293e+001 -3.3839432e+001 -1.8802984e+001 -2.3060644e+001 -2.3063910e+001 -2.0567059e+001 -2.4836252e+001
  1.1333333e+000 -2.5026917e+001 -2.1600044e+001 -3.4032112e+001 -1.8191080e+001 -2.3119967e+001 -2.3033472e+001 -2.0467672e+001 -2.4808294e+001
  1.1400000e+000 -2.5001852e+001 -2.1542494e+001 -3.4119267e+001 -1.7689796e+001 -2.3144243e+001 -2.3013092e+001 -2.0411366e+001 -2.4788139e+001
  1.1466667e+000 -2.4947477e+001 -2.1489773e+001 -3.4009396e+001 -1.7429886e+001 -2.3217066e+001 -2.2976690e+001 -2.0368410e+001 -2.4772984e+001
  1.1533333e+000 -2.4940645e+001 -2.1382624e+001 -3.3675240e+001 -1.7402029e+001 -2.3241484e+001 -2.2971855e+001 -2.0351463e+001 -2.4711870e+001
  1.1600000e+000 -2.4911299e+001 -2.1281906e+001 -3.3090473e+001 -1.7434622e+001 -2.3222517e+001 -2.2983856e+001 -2.0329773e+001 -2.4660496e+001
  1.1666667e+000 -2.4860331e+001 -2.1184706e+001 -3.2350960e+001 -1.7347893e+001 -2.3182503e+001 -2.2945402e+001 -2.0307430e+001 -2.4636082e+001
  1.1733333e+000 -2.4831997e+001 -2.1121532e+001 -3.1514832e+001 -1.7200417e+001 -2.3161438e+001 -2.2906515e+001 -2.0334551e+001 -2.4580505e+001
  1.1800000e+000 -2.4761866e+001 -2.0998524e+001 -3.0546907e+001 -1.7043673e+001 -2.3175768e+001 -2.2886261e+001 -2.0338272e+001 -2.4528812e+001
  1.1866667e+000 -2.4716660e+001 -2.0931746e+001 -2.9560455e+001 -1.6920330e+001 -2.3151304e+001 -2.2860167e+001 -2.0319134e+001 -2.4541277e+001
  1.1933333e+000 -2.4634249e+001 -2.0859432e+001 -2.8612104e+001 -1.6862263e+001 -2.3084362e+001 -2.2854078e+001 -2.0330311e+001 -2.4502445e+001
  1.2000000e+000 -2.4553410e+001 -2.0736065e+001 -2.7591354e+001 -1.6806421e+001 -2.3011318e+001 -2.2837965e+001 -2.0341177e+001 -2.4485022e+001
  1.2066667e+000 -2.4455294e+001 -2.0645916e+001 -2.6589964e+001 -1.6733631e+001 -2.2988808e+001 -2.2840578e+001 -2.0362913e+001 -2.4465805e+001
  1.2133333e+000 -2.4373657e+001 -2.0590738e+001 -2.5614363e+001 -1.6640356e+001 -2.2991297e+001 -2.2846500e+001 -2.0341261e+001 -2.4457647e+001
  1.2200000e+000 -2.4312256e+001 -2.0553957e+001 -2.4662411e+001 -1.6507582e+001 -2.2987057e+001 -2.2842655e+001 -2.0295218e+001 -2.4437712e+001
  1.2266667e+000 -2.4289324e+001 -2.0480320e+001 -2.3873976e+001 -1.6389750e+001 -2.2928045e+001 -2.2813414e+001 -2.0217775e+001 -2.4436310e+001
  1.2333333e+000 -2.4226934e+001 -2.0397686e+001 -2.3784681e+001 -1.6317678e+001 -2.2943396e+001 -2.2807642e+001 -2.0199715e+001 -2.4408703e+001
  1.2400000e+000 -2.4175276e+001 -2.0365908e+001 -2.4173828e+001 -1.6254993e+001 -2.2975407e+001 -2.2802279e+001 -2.0165327e+001 -2.4387339e+001
  1.2466667e+000 -2.4141083e+001 -2.0347502e+001 -2.4209618e+001 -1.6185228e+001 -2.2991579e+001 -2.2800163e+001 -2.0181435e+001 -2.4377878e+001
  1.2533333e+000 -2.4071821e+001 -2.0324409e+001 -2.3896334e+001 -1.6108377e+001 -2.3027647e+001 -2.2793896e+001 -2.0166265e+001 -2.4337337e+001
  1.2600000e+000 -2.4040859e+001 -2.0298580e+001 -2.3440962e+001 -1.6040863e+001 -2.3044653e+001 -2.2799503e+001 -2.0152044e+001 -2.4286842e+001
  1.2666667e+000 -2.3996689e+001 -2.0270065e+001 -2.2894569e+001 -1.5958100e+001 -2.3059319e+001 -2.2769606e+001 -2.0110369e+001 -2.4230850e+001
  1.2733333e+000 -2.3934799e+001 -2.0276138e+001 -2.2287445e+001 -1.5925817e+001 -2.3119734e+001 -2.2783051e+001 -2.0078016e+001 -2.4175640e+001
  1.2800000e+000 -2.3907677e+001 -2.0264601e+001 -2.1534595e+001 -1.5845621e+001 -2.3216158e+001 -2.2768354e+001 -2.0084530e+001 -2.4067799e+001
  1.2866667e+000 -2.3885384e+001 -2.0267916e+001 -2.0567614e+001 -1.5722917e+001 -2.3286898e+001 -2.2778957e+001 -2.0094973e+001 -2.4001427e+001
  1.2933333e+000 -2.3833681e+001 -2.0262733e+001 -1.9554436e+001 -1.5620450e+001 -2.3345678e+001 -2.2781834e+001 -2.0104378e+001 -2.3915533e+001
  1.3000000e+000 -2.3812872e+001 -2.0284634e+001 -1.8747494e+001 -1.5570376e+001 -2.3447268e+001 -2.2802677e+001 -2.0094067e+001 -2.3836409e+001
  1.3066667e+000 -2.3837891e+001 -2.0275860e+001 -1.8114405e+001 -1.5532964e+001 -2.3518536e+001 -2.2811827e+001 -2.0110670e+001 -2.3784771e+001
  1.3133333e+000 -2.3816900e+001 -2.0290459e+001 -1.7691776e+001 -1.5502403e+001 -2.3596495e+001 -2.2788912e+001 -2.0132582e+001 -2.3692093e+001
  1.3200000e+000 -2.3823986e+001 -2.0278557e+001 -1.7536308e+001 -1.5419323e+001 -2.3648510e+001 -2.2794981e+001 -2.0172806e+001 -2.3611435e+001
  1.3266667e+000 -2.3821383e+001 -2.0269724e+001 -1.7508045e+001 -1.5384271e+001 -2.3730865e+001 -2.2826447e+001 -2.0236677e+001 -2.3573185e+001
  1.3333333e+000 -2.3857582e+001 -2.0266569e+001 -1.7426550e+001 -1.5379643e+001 -2.3781660e+001 -2.2863323e+001 -2.0262861e+001 -2.3502249e+001
  1.3400000e+000 -2.3879066e+001 -2.0271648e+001 -1.7257223e+001 -1.5412095e+001 -2.3777241e+001 -2.2906027e+001 -2.0293541e+001 -2.3465858e+001
  1.3466667e+000 -2.3888248e+001 -2.0304346e+001 -1.6921749e+001 -1.5432303e+001 -2.3801264e+001 -2.2900888e+001 -2.0342533e+001 -2.3464115e+001
  1.3533333e+000 -2.3908934e+001 -2.0281916e+001 -1.6441349e+001 -1.5444365e+001 -2.3856373e+001 -2.2886410e+001 -2.0427767e+001 -2.3441525e+001
  1.3600000e+000 -2.3942713e+001 -2.0270039e+001 -1.5904405e+001 -1.5462181e+001 -2.3868929e+001 -2.2904882e+001 -2.0451319e+001 -2.3470388e+001
  1.3666667e+000 -2.3945646e+001 -2.0233635e+001 -1.5395659e+001 -1.5482719e+001 -2.3872824e+001 -2.2894617e+001 -2.0445051e+001 -2.3506819e+001
  1.3733333e+000 -2.3954321e+001 -2.0228367e+001 -1.4896061e+001 -1.5478687e+001 -2.3873598e+001 -2.2957592e+001 -2.0452837e+001 -2.3495121e+001
  1.3800000e+000 -2.3958542e+001 -2.0212130e+001 -1.4513928e+001 -1.5442578e+001 -2.3891232e+001 -2.3001196e+001 -2.0485472e+001 -2.3521921e+001
  1.3866667e+000 -2.3953463e+001 -2.0188583e+001 -1.4400505e+001 -1.5481901e+001 -2.3895554e+001 -2.3005125e+001 -2.0516300e+001 -2.3585943e+001
  1.3933333e+000 -2.3932598e+001 -2.0183167e+001 -1.4253092e+001 -1.5460030e+001 -2.3901701e+001 -2.2998114e+001 -2.0499321e+001 -2.3664539e+001
  1.4000000e+000 -2.3946886e+001 -2.0168461e+001 -1.4192834e+001 -1.5494281e+001 -2.3943108e+001 -2.3009842e+001 -2.0532055e+001 -2.3715181e+001
  1.4066667e+000 -2.3948418e+001 -2.0171551e+001 -1.4148170e+001 -1.5504619e+001 -2.3998215e+001 -2.3020060e+001 -2.0612820e+001 -2.3781534e+001
  1.4133333e+000 -2.3982679e+001 -2.0136637e+001 -1.4200902e+001 -1.5595438e+001 -2.4030424e+001 -2.3082115e+001 -2.0637327e+001 -2.3928196e+001
  1.4200000e+000 -2.3991995e+001 -2.0162724e+001 -1.4315628e+001 -1.5608550e+001 -2.4059368e+001 -2.3102568e+001 -2.0697968e+001 -2.4041855e+001
  1.4266667e+000 -2.3954517e+001 -2.0124987e+001 -1.4421204e+001 -1.5587752e+001 -2.4065508e+001 -2.3107079e+001 -2.0741322e+001 -2.4154697e+001
  1.4333333e+000 -2.3936911e+001 -2.0118460e+001 -1.4337251e+001 -1.5638415e+001 -2.4130600e+001 -2.3113430e+001 -2.0809532e+001 -2.4251974e+001
  1.4400000e+000 -2.3938370e+001 -2.0117477e+001 -1.4420115e+001 -1.5689755e+001 -2.4155678e+001 -2.3102854e+001 -2.0875809e+001 -2.4364538e+001
  1.4466667e+000 -2.3987175e+001 -2.0121649e+001 -1.4435166e+001 -1.5774262e+001 -2.4123774e+001 -2.3127985e+001 -2.0957844e+001 -2.4455929e+001
  1.4533333e+000 -2.3969147e+001 -2.0129971e+001 -1.4295252e+001 -1.5828876e+001 -2.4129904e+001 -2.3168684e+001 -2.1043341e+001 -2.4609463e+001
  1.4600000e+000 -2.3994162e+001 -2.0162340e+001 -1.3943111e+001 -1.5861349e+001 -2.4122772e+001 -2.3194693e+001 -2.1077486e+001 -2.4703306e+001
  1.4666667e+000 -2.4001213e+001 -2.0185299e+001 -1.3424370e+001 -1.5926334e+001 -2.4145077e+001 -2.3167591e+001 -2.1138639e+001 -2.4739231e+001
  1.4733333e+000 -2.4003443e+001 -2.0198151e+001 -1.2817539e+001 -1.5973953e+001 -2.4127504e+001 -2.3128227e+001 -2.1194967e+001 -2.4862442e+001
  1.4800000e+000 -2.3999964e+001 -2.0181866e+001 -1.2463435e+001 -1.6014370e+001 -2.4133781e+001 -2.3166716e+001 -2.1253881e+001 -2.4964264e+001
  1.4866667e+000 -2.3972351e+001 -2.0225155e+001 -1.2385029e+001 -1.6073782e+001 -2.4145803e+001 -2.3167879e+001 -2.1301647e+001 -2.5014498e+001
  1.4933333e+000 -2.3975452e+001 -2.0254337e+001 -1.2434005e+001 -1.6140821e+001 -2.4185858e+001 -2.3168119e+001 -2.1390202e+001 -2.5062483e+001
  1.5000000e+000 -2.4005575e+001 -2.0271341e+001 -1.2544589e+001 -1.6211178e+001 -2.4191355e+001 -2.3169720e+001 -2.1467043e+001 -2.5138161e+001
  1.5066667e+000 -2.4037825e+001 -2.0291842e+001 -1.2625356e+001 -1.6268188e+001 -2.4195280e+001 -2.3147793e+001 -2.1494099e+001 -2.5164646e+001
  1.5133333e+000 -2.4017651e+001 -2.0301964e+001 -1.2605121e+001 -1.6300608e+001 -2.4201553e+001 -2.3132441e+001 -2.1511351e+001 -2.5252329e+001
  1.5200000e+000 -2.4047503e+001 -2.0315231e+001 -1.2548361e+001 -1.6336861e+001 -2.4218945e+001 -2.3146826e+001 -2.1558857e+001 -2.5282152e+001
  1.5266667e+000 -2.4064671e+001 -2.0316122e+001 -1.2680292e+001 -1.6391933e+001 -2.4222849e+001 -2.3140635e+001 -2.1593470e+001 -2.5327400e+001
  1.5333333e+000 -2.4100544e+001 -2.0363558e+001 -1.3022172e+001 -1.6440968e+001 -2.4236029e+001 -2.3117420e+001 -2.1603081e+001 -2.5384439e+001
  1.5400000e+000 -2.4107153e+001 -2.0358137e+001 -1.3362711e+001 -1.6482563e+001 -2.4258562e+001 -2.3114767e+001 -2.1640772e+001 -2.5437725e+001
  1.5466667e+000 -2.4133991e+001 -2.0368212e+001 -1.3595446e+001 -1.6475258e+001 -2.4260204e+001 -2.3087311e+001 -2.1699638e+001 -2.5469004e+001
  1.5533333e+000 -2.4127312e+001 -2.0383968e+001 -1.3666276e+001 -1.6520920e+001 -2.4251316e+001 -2.3079655e+001 -2.1704882e+001 -2.5492712e+001
  1.5600000e+000 -2.4173382e+001 -2.0387239e+001 -1.3584945e+001 -1.6529943e+001 -2.4253620e+001 -2.3083385e+001 -2.1744228e+001 -2.5527403e+001
  1.5666667e+000 -2.4238026e+001 -2.0408361e+001 -1.3457747e+001 -1.6569891e+001 -2.4221388e+001 -2.3072870e+001 -2.1797115e+001 -2.5529013e+001
  1.5733333e+000 -2.4265099e+001 -2.0494221e+001 -1.3267728e+001 -1.6618397e+001 -2.4214090e+001 -2.3092506e+001 -2.1815117e+001 -2.5537973e+001
  1.5800000e+000 -2.4278521e+001 -2.0473944e+001 -1.3173999e+001 -1.6663452e+001 -2.4246525e+001 -2.3101013e+001 -2.1840651e+001 -2.5571938e+001
  1.5866667e+000 -2.4285486e+001 -2.0465904e+001 -1.3062435e+001 -1.6701099e+001 -2.4230680e+001 -2.3148861e+001 -2.1870333e+001 -2.5532389e+001
  1.5933333e+000 -2.4338392e+001 -2.0449894e+001 -1.2998673e+001 -1.6764441e+001 -2.4220789e+001 -2.3171791e+001 -2.1908609e+001 -2.5518085e+001
  1.6000000e+000 -2.4343437e+001 -2.0443712e+001 -1.2999257e+001 -1.6714989e+001 -2.4259336e+001 -2.3173559e+001 -2.1976788e+001 -2.5511789e+001
  1.6066667e+000 -2.4359320e+001 -2.0407127e+001 -1.3061872e+001 -1.6700375e+001 -2.4295923e+001 -2.3231396e+001 -2.2036875e+001 -2.5508324e+001
  1.6133333e+000 -2.4354527e+001 -2.0404552e+001 -1.3052819e+001 -1.6715679e+001 -2.4298672e+001 -2.3282206e+001 -2.2092510e+001 -2.5468647e+001
  1.6200000e+000 -2.4369465e+001 -2.0438509e+001 -1.3048841e+001 -1.6755100e+001 -2.4328876e+001 -2.2723370e+001 -2.2117821e+001 -2.5414408e+001
  1.6266667e+000 -2.4403297e+001 -2.0485542e+001 -1.3010898e+001 -1.6799408e+001 -2.4363144e+001 -2.2382521e+001 -2.2163664e+001 -2.5377893e+001
  1.6333333e+000 -2.4457174e+001 -2.0462725e+001 -1.2982897e+001 -1.6848156e+001 -2.4365950e+001 -2.2400833e+001 -2.2195284e+001 -2.5329962e+001
  1.6400000e+000 -2.4475948e+001 -2.0456577e+001 -1.2979047e+001 -1.6877211e+001 -2.4375448e+001 -2.2436789e+001 -2.2263927e+001 -2.5293297e+001
  1.6466667e+000 -2.4516628e+001 -2.0475334e+001 -1.3016906e+001 -1.6887074e+001 -2.4430214e+001 -2.2498154e+001 -2.2278784e+001 -2.5271070e+001
  1.6533333e+000 -2.4510178e+001 -2.0498941e+001 -1.3065568e+001 -1.6934772e+001 -2.4479246e+001 -2.2534004e+001 -2.2301041e+001 -2.5194941e+001
  1.6600000e+000 -2.4519388e+001 -2.0517221e+001 -1.3215006e+001 -1.6935911e+001 -2.4496847e+001 -2.2522579e+001 -2.2333973e+001 -2.5183006e+001
  1.6666667e+000 -2.4524111e+001 -2.0517612e+001 -1.3428546e+001 -1.6962154e+001 -2.4527721e+001 -2.2540901e+001 -2.2355097e+001 -2.5149405e+001
  1.6733333e+000 -2.4537584e+001 -2.0529425e+001 -1.3556691e+001 -1.7018538e+001 -2.4563354e+001 -2.2604137e+001 -2.2400469e+001 -2.5083643e+001
  1.6800000e+000 -2.4568008e+001 -2.0554359e+001 -1.3598351e+001 -1.7056868e+001 -2.4600670e+001 -2.2623617e+001 -2.2457798e+001 -2.5062450e+001
  1.6866667e+000 -2.4566313e+001 -2.0578707e+001 -1.3508306e+001 -1.7131289e+001 -2.4620041e+001 -2.2571146e+001 -2.2450802e+001 -2.5049419e+001
  1.6933333e+000 -2.4616463e+001 -2.0570459e+001 -1.3449130e+001 -1.7175179e+001 -2.4641562e+001 -2.2579500e+001 -2.2429960e+001 -2.5030062e+001
  1.7000000e+000 -2.4645014e+001 -2.0584309e+001 -1.3413586e+001 -1.7176928e+001 -2.4733582e+001 -2.2630377e+001 -2.2433949e+001 -2.5023035e+001
  1.7066667e+000 -2.4661060e+001 -2.0577398e+001 -1.3450823e+001 -1.7212765e+001 -2.4740765e+001 -2.2613443e+001 -2.2435865e+001 -2.5032055e+001
  1.7133333e+000 -2.4651499e+001 -2.0597389e+001 -1.3521566e+001 -1.7215008e+001 -2.4722549e+001 -2.2575878e+001 -2.2457569e+001 -2.5005287e+001
  1.7200000e+000 -2.4651691e+001 -2.0597658e+001 -1.3541671e+001 -1.7273989e+001 -2.4730295e+001 -2.2575384e+001 -2.2459959e+001 -2.4959417e+001
  1.7266667e+000 -2.4631109e+001 -2.0612305e+001 -1.3574126e+001 -1.7347153e+001 -2.4661570e+001 -2.2568708e+001 -2.2500359e+001 -2.4935942e+001
  1.7333333e+000 -2.4633535e+001 -2.0659887e+001 -1.3586067e+001 -1.7406441e+001 -2.4719126e+001 -2.2591621e+001 -2.2556641e+001 -2.4924381e+001
  1.7400000e+000 -2.4681841e+001 -2.0660725e+001 -1.3705800e+001 -1.7465191e+001 -2.4610910e+001 -2.2575180e+001 -2.2581936e+001 -2.4866465e+001
  1.7466667e+000 -2.4662655e+001 -2.0627653e+001 -1.3888517e+001 -1.7517448e+001 -2.4621052e+001 -2.2548101e+001 -2.2601864e+001 -2.4886717e+001
  1.7533333e+000 -2.4693228e+001 -2.0656555e+001 -1.4139506e+001 -1.7566954e+001 -2.4644810e+001 -2.2513596e+001 -2.2573244e+001 -2.4887352e+001
  1.7600000e+000 -2.4691046e+001 -2.0709312e+001 -1.4296278e+001 -1.7585934e+001 -2.4696871e+001 -2.2504688e+001 -2.2565924e+001 -2.4854815e+001
  1.7666667e+000 -2.4679142e+001 -2.0765182e+001 -1.4442479e+001 -1.7625395e+001 -2.4765783e+001 -2.2473093e+001 -2.2598248e+001 -2.4814154e+001
  1.7733333e+000 -2.4674025e+001 -2.0778996e+001 -1.4638844e+001 -1.7657135e+001 -2.4399956e+001 -2.2460119e+001 -2.2626503e+001 -2.4812248e+001
  1.7800000e+000 -2.4689838e+001 -2.0789352e+001 -1.4774009e+001 -1.7715128e+001 -2.4275217e+001 -2.2411179e+001 -2.2620850e+001 -2.4757620e+001
  1.7866667e+000 -2.4708187e+001 -2.0822706e+001 -1.4937426e+001 -1.7755314e+001 -2.4899063e+001 -2.2339054e+001 -2.2621309e+001 -2.4780825e+001
  1.7933333e+000 -2.4682020e+001 -2.0832228e+001 -1.5114261e+001 -1.7807514e+001 -2.4706882e+001 -2.2270775e+001 -2.2577276e+001 -2.4812204e+001
  1.8000000e+000 -2.4712215e+001 -2.0826654e+001 -1.5231686e+001 -1.7859373e+001 -2.4443573e+001 -2.2256504e+001 -2.2549835e+001 -2.4811609e+001
  1.8066667e+000 -2.4713743e+001 -2.0849821e+001 -1.5293147e+001 -1.7957760e+001 -2.4440365e+001 -2.2198591e+001 -2.2565857e+001 -2.4773424e+001
  1.8133333e+000 -2.4689661e+001 -2.0874903e+001 -1.5402982e+001 -1.8046898e+001 -2.4384638e+001 -2.2114817e+001 -2.2545942e+001 -2.4742027e+001
  1.8200000e+000 -2.4701580e+001 -2.0900723e+001 -1.5547044e+001 -1.8092733e+001 -2.4388670e+001 -2.2021364e+001 -2.2548342e+001 -2.4749182e+001
  1.8266667e+000 -2.4725443e+001 -2.0883730e+001 -1.5666934e+001 -1.8139652e+001 -2.4392511e+001 -2.1993368e+001 -2.2581568e+001 -2.4756063e+001
  1.8333333e+000 -2.4727867e+001 -2.0930323e+001 -1.5781695e+001 -1.8185068e+001 -2.4393791e+001 -2.2814260e+001 -2.2580553e+001 -2.4776754e+001
  1.8400000e+000 -2.4717237e+001 -2.0920031e+001 -1.5866287e+001 -1.8253508e+001 -2.4300606e+001 -2.2836744e+001 -2.2570522e+001 -2.4804298e+001
  1.8466667e+000 -2.4722769e+001 -2.0966274e+001 -1.5961242e+001 -1.8318825e+001 -2.4300522e+001 -2.3703918e+001 -2.2570505e+001 -2.4814085e+001
  1.8533333e+000 -2.4674702e+001 -2.0985132e+001 -1.6036459e+001 -1.8436365e+001 -2.4275030e+001 -2.3335924e+001 -2.2513653e+001 -2.4815199e+001
  1.8600000e+000 -2.4674070e+001 -2.1022127e+001 -1.6099649e+001 -1.8527504e+001 -2.4288012e+001 -2.3663185e+001 -2.2519762e+001 -2.4846151e+001
  1.8666667e+000 -2.4673264e+001 -2.1047327e+001 -1.6171574e+001 -1.8637850e+001 -2.4258188e+001 -2.3623842e+001 -2.2525583e+001 -2.4865732e+001
  1.8733333e+000 -2.4673006e+001 -2.1074474e+001 -1.6249580e+001 -1.8723083e+001 -2.4216232e+001 -2.3607368e+001 -2.2543396e+001 -2.4901413e+001
  1.8800000e+000 -2.4714237e+001 -2.1103117e+001 -1.6312965e+001 -1.8810743e+001 -2.4195673e+001 -2.3583538e+001 -2.2580160e+001 -2.4923567e+001
  1.8866667e+000 -2.4689034e+001 -2.1083580e+001 -1.6347857e+001 -1.8837334e+001 -2.4195200e+001 -2.3557800e+001 -2.2575006e+001 -2.4943775e+001
  1.8933333e+000 -2.4660877e+001 -2.1085430e+001 -1.6400406e+001 -1.8938086e+001 -2.4210938e+001 -2.3494928e+001 -2.2543648e+001 -2.4934784e+001
  1.9000000e+000 -2.4605339e+001 -2.1123930e+001 -1.6458794e+001 -1.9007780e+001 -2.4269188e+001 -2.3511612e+001 -2.2552219e+001 -2.4929159e+001
  1.9066667e+000 -2.4609987e+001 -2.1151907e+001 -1.6452597e+001 -1.9077948e+001 -2.4255217e+001 -2.3482372e+001 -2.2548128e+001 -2.4923326e+001
  1.9133333e+000 -2.4607195e+001 -2.1163679e+001 -1.6476295e+001 -1.9220537e+001 -2.4225304e+001 -2.3437155e+001 -2.2563406e+001 -2.4967819e+001
  1.9200000e+000 -2.4633999e+001 -2.1142712e+001 -1.6544083e+001 -1.9244965e+001 -2.4265556e+001 -2.3395370e+001 -2.2575945e+001 -2.4931114e+001
  1.9266667e+000 -2.4598175e+001 -2.1142611e+001 -1.6587864e+001 -1.9367031e+001 -2.4250629e+001 -2.3391254e+001 -2.2607531e+001 -2.4904633e+001
  1.9333333e+000 -2.4518475e+001 -2.1109951e+001 -1.6671097e+001 -1.9425604e+001 -2.4255096e+001 -2.3394573e+001 -2.2597778e+001 -2.4837009e+001
  1.9400000e+000 -2.4520332e+001 -2.1126474e+001 -1.6796686e+001 -1.9465338e+001 -2.4250912e+001 -2.3360849e+001 -2.2641718e+001 -2.4794004e+001
  1.9466667e+000 -2.4521891e+001 -2.1153290e+001 -1.6910240e+001 -1.9528191e+001 -2.4309786e+001 -2.3342659e+001 -2.2649374e+001 -2.4741552e+001
  1.9533333e+000 -2.4501530e+001 -2.1145075e+001 -1.7075796e+001 -1.9587526e+001 -2.4320177e+001 -2.3309052e+001 -2.2652185e+001 -2.4733477e+001
  1.9600000e+000 -2.4497517e+001 -2.1117022e+001 -1.7237553e+001 -1.9641310e+001 -2.4274158e+001 -2.3280931e+001 -2.2665545e+001 -2.4654640e+001
  1.9666667e+000 -2.4514328e+001 -2.1127232e+001 -1.7398687e+001 -1.9715788e+001 -2.4247086e+001 -2.3221905e+001 -2.2659544e+001 -2.4553062e+001
  1.9733333e+000 -2.4562334e+001 -2.1174549e+001 -1.7541552e+001 -1.9759016e+001 -2.4245848e+001 -2.3226545e+001 -2.2669250e+001 -2.4522793e+001
  1.9800000e+000 -2.4532772e+001 -2.1189955e+001 -1.7680206e+001 -1.9593304e+001 -2.4227573e+001 -2.3199080e+001 -2.2653996e+001 -2.4521646e+001
  1.9866667e+000 -2.4531424e+001 -2.1197380e+001 -1.7819359e+001 -1.9680788e+001 -2.4221678e+001 -2.3228426e+001 -2.2643454e+001 -2.4477289e+001
  1.9933333e+000 -2.4494444e+001 -2.1214294e+001 -1.8000086e+001 -1.9808937e+001 -2.4228226e+001 -2.3225157e+001 -2.2668163e+001 -2.4437231e+001
  2.0000000e+000 -2.4483118e+001 -2.1228239e+001 -1.8135082e+001 -1.9915354e+001 -2.4191717e+001 -2.3323275e+001 -2.2666449e+001 -2.4395504e+001
