 -5.0000000e-001 -6.2541767e+001 -6.2183933e+001 -6.1989109e+001 -6.1047684e+001 -6.5737137e+001 -6.1814373e+001 -6.4468857e+001 -6.1898624e+001
 -4.9333333e-001 -6.2569958e+001 -6.2164440e+001 -6.1961880e+001 -6.1057652e+001 -6.5732300e+001 -6.1821552e+001 -6.4447319e+001 -6.1906658e+001
 -4.8666667e-001 -6.2611744e+001 -6.2160385e+001 -6.1940220e+001 -6.1055786e+001 -6.5710098e+001 -6.1811726e+001 -6.4461243e+001 -6.1922928e+001
 -4.8000000e-001 -6.2620842e+001 -6.2207397e+001 -6.1921722e+001 -6.1060902e+001 -6.5733704e+001 -6.1811962e+001 -6.4529900e+001 -6.1876305e+001
 -4.7333333e-001 -6.2656284e+001 -6.2205593e+001 -6.1951900e+001 -6.1035801e+001 -6.5728004e+001 -6.1834221e+001 -6.4507309e+001 -6.1865532e+001
 -4.6666667e-001 -6.2636635e+001 -6.2205505e+001 -6.1969677e+001 -6.1046135e+001 -6.5710602e+001 -6.1827763e+001 -6.4467056e+001 -6.1914940e+001
 -4.6000000e-001 -6.2602551e+001 -6.2217533e+001 -6.1915741e+001 -6.1035957e+001 -6.5719872e+001 -6.1796398e+001 -6.4461098e+001 -6.1913513e+001
 -4.5333333e-001 -6.2611778e+001 -6.2228626e+001 -6.1915878e+001 -6.1047836e+001 -6.5693810e+001 -6.1812729e+001 -6.4509773e+001 -6.1922993e+001
 -4.4666667e-001 -6.2628067e+001 -6.2205841e+001 -6.1954842e+001 -6.1028934e+001 -6.5704414e+001 -6.1827003e+001 -6.4491814e+001 -6.1929703e+001
 -4.4000000e-001 -6.2593105e+001 -6.2218803e+001 -6.1951263e+001 -6.1036530e+001 -6.5684509e+001 -6.1832863e+001 -6.4486580e+001 -6.1872498e+001
 -4.3333333e-001 -6.2616390e+001 -6.2228878e+001 -6.1924252e+001 -6.1049118e+001 -6.5685303e+001 -6.1833866e+001 -6.4480576e+001 -6.1861504e+001
 -4.2666667e-001 -6.2648655e+001 -6.2225948e+001 -6.1917450e+001 -6.1027042e+001 -6.5729736e+001 -6.1841072e+001 -6.4506851e+001 -6.1896172e+001
 -4.2000000e-001 -6.2658085e+001 -6.2203552e+001 -6.1938690e+001 -6.1034695e+001 -6.5723854e+001 -6.1804806e+001 -6.4419937e+001 -6.1947964e+001
 -4.1333333e-001 -6.2604511e+001 -6.2124176e+001 -6.1973919e+001 -6.1079296e+001 -6.5741333e+001 -6.1791103e+001 -6.4479431e+001 -6.1954754e+001
 -4.0666667e-001 -6.2573208e+001 -6.2193661e+001 -6.1962959e+001 -6.1022606e+001 -6.5741844e+001 -6.1792988e+001 -6.4515999e+001 -6.1927811e+001
 -4.0000000e-001 -6.2627064e+001 -6.2178478e+001 -6.1963688e+001 -6.1060902e+001 -6.5715981e+001 -6.1814079e+001 -6.4473579e+001 -6.1921520e+001
 -3.9333333e-001 -6.2644760e+001 -6.2202671e+001 -6.1970833e+001 -6.1078720e+001 -6.5708702e+001 -6.1809155e+001 -6.4492126e+001 -6.1939388e+001
 -3.8666667e-001 -6.2621376e+001 -6.2240654e+001 -6.1939934e+001 -6.1058189e+001 -6.5738594e+001 -6.1841034e+001 -6.4523483e+001 -6.1930733e+001
 -3.8000000e-001 -6.2628513e+001 -6.2202084e+001 -6.1995796e+001 -6.1097805e+001 -6.5766304e+001 -6.1829948e+001 -6.4496643e+001 -6.1922680e+001
 -3.7333333e-001 -6.2615021e+001 -6.2173985e+001 -6.1961224e+001 -6.1083763e+001 -6.5732056e+001 -6.1810959e+001 -6.4480354e+001 -6.1966194e+001
 -3.6666667e-001 -6.2641197e+001 -6.2176956e+001 -6.1935413e+001 -6.1029778e+001 -6.5676117e+001 -6.1781113e+001 -6.4500961e+001 -6.1905174e+001
 -3.6000000e-001 -6.2596020e+001 -6.2200859e+001 -6.1919621e+001 -6.1033901e+001 -6.5679558e+001 -6.1838913e+001 -6.4487724e+001 -6.1890476e+001
 -3.5333333e-001 -6.2609913e+001 -6.2177605e+001 -6.1936607e+001 -6.1045013e+001 -6.5756920e+001 -6.1835419e+001 -6.4440834e+001 -6.1941532e+001
 -3.4666667e-001 -6.2619476e+001 -6.2191605e+001 -6.1937653e+001 -6.1065361e+001 -6.5733589e+001 -6.1864002e+001 -6.4472946e+001 -6.1943813e+001
 -3.4000000e-001 -6.2615513e+001 -6.2215149e+001 -6.1955627e+001 -6.1052311e+001 -6.5710266e+001 -6.1819191e+001 -6.4487328e+001 -6.1958012e+001
 -3.3333333e-001 -6.2603931e+001 -6.2223564e+001 -6.1963840e+001 -6.1046455e+001 -6.5686089e+001 -6.1779499e+001 -6.4473709e+001 -6.1905945e+001
 -3.2666667e-001 -6.2687054e+001 -6.2210217e+001 -6.1936031e+001 -6.1046837e+001 -6.5647522e+001 -6.1834141e+001 -6.4478233e+001 -6.1903824e+001
 -3.2000000e-001 -6.2630211e+001 -6.2223900e+001 -6.1925697e+001 -6.1029762e+001 -6.5675339e+001 -6.1880627e+001 -6.4489212e+001 -6.1911430e+001
 -3.1333333e-001 -6.2670731e+001 -6.2154621e+001 -6.1940861e+001 -6.1035671e+001 -6.5657486e+001 -6.1831245e+001 -6.4484848e+001 -6.1987343e+001
 -3.0666667e-001 -6.2641449e+001 -6.2205612e+001 -6.1917980e+001 -6.1072903e+001 -6.5739059e+001 -6.1809612e+001 -6.4504272e+001 -6.1988647e+001
 -3.0000000e-001 -6.2656330e+001 -6.2229321e+001 -6.1953407e+001 -6.1096207e+001 -6.5721222e+001 -6.1821278e+001 -6.4457565e+001 -6.1942379e+001
 -2.9333333e-001 -6.2719673e+001 -6.2243267e+001 -6.1968723e+001 -6.1118488e+001 -6.5690765e+001 -6.1834549e+001 -6.4414726e+001 -6.1946270e+001
 -2.8666667e-001 -6.2710869e+001 -6.2266621e+001 -6.1949051e+001 -6.1150314e+001 -6.5692368e+001 -6.1820690e+001 -6.4499016e+001 -6.1939045e+001
 -2.8000000e-001 -6.2669464e+001 -6.2249176e+001 -6.1917866e+001 -6.1103500e+001 -6.5667397e+001 -6.1864105e+001 -6.4549446e+001 -6.1950493e+001
 -2.7333333e-001 -6.2672539e+001 -6.2242653e+001 -6.1951954e+001 -6.1119156e+001 -6.5703712e+001 -6.1858490e+001 -6.4529282e+001 -6.1968239e+001
 -2.6666667e-001 -6.2641079e+001 -6.2205387e+001 -6.1999458e+001 -6.1063278e+001 -6.5759636e+001 -6.1865158e+001 -6.4517876e+001 -6.2006241e+001
 -2.6000000e-001 -6.2637146e+001 -6.2245449e+001 -6.1937992e+001 -6.1092751e+001 -6.5735542e+001 -6.1832829e+001 -6.4496658e+001 -6.1970341e+001
 -2.5333333e-001 -6.2693787e+001 -6.2225327e+001 -6.1927845e+001 -6.1124710e+001 -6.5724007e+001 -6.1852615e+001 -6.4451218e+001 -6.1961536e+001
 -2.4666667e-001 -6.2622570e+001 -6.2184776e+001 -6.1975056e+001 -6.1089302e+001 -6.5713219e+001 -6.1837486e+001 -6.4453812e+001 -6.1978142e+001
 -2.4000000e-001 -6.2671112e+001 -6.2240891e+001 -6.1963539e+001 -6.1145611e+001 -6.5738670e+001 -6.1842247e+001 -6.4430153e+001 -6.1983955e+001
 -2.3333333e-001 -6.2713070e+001 -6.2235973e+001 -6.1970299e+001 -6.1108181e+001 -6.5716309e+001 -6.1874943e+001 -6.4497322e+001 -6.1963089e+001
 -2.2666667e-001 -6.2690655e+001 -6.2205582e+001 -6.1950855e+001 -6.1091557e+001 -6.5700073e+001 -6.1876350e+001 -6.4470467e+001 -6.2001480e+001
 -2.2000000e-001 -6.2699730e+001 -6.2239601e+001 -6.1915268e+001 -6.1111671e+001 -6.5713898e+001 -6.1870209e+001 -6.4505966e+001 -6.2012318e+001
 -2.1333333e-001 -6.2709694e+001 -6.2237865e+001 -6.1930569e+001 -6.1093952e+001 -6.5768456e+001 -6.1867992e+001 -6.4490204e+001 -6.2024723e+001
 -2.0666667e-001 -6.2701847e+001 -6.2215263e+001 -6.1970547e+001 -6.1065472e+001 -6.5713135e+001 -6.1825130e+001 -6.4482651e+001 -6.2027550e+001
 -2.0000000e-001 -6.2664051e+001 -6.2216858e+001 -6.1933540e+001 -6.1054386e+001 -6.5724747e+001 -6.1847256e+001 -6.4460846e+001 -6.2016888e+001
 -1.9333333e-001 -6.2665703e+001 -6.2224239e+001 -6.1958927e+001 -6.1075424e+001 -6.5745186e+001 -6.1810787e+001 -6.4409248e+001 -6.2012341e+001
 -1.8666667e-001 -6.2714558e+001 -6.2262272e+001 -6.1978058e+001 -6.1058537e+001 -6.5763977e+001 -6.1860683e+001 -6.4416969e+001 -6.2030182e+001
 -1.8000000e-001 -6.2698925e+001 -6.2289433e+001 -6.1970295e+001 -6.1039421e+001 -6.5813606e+001 -6.1832474e+001 -6.4469299e+001 -6.1996296e+001
 -1.7333333e-001 -6.2736328e+001 -6.2286327e+001 -6.1977821e+001 -6.1040588e+001 -6.5748901e+001 -6.1850246e+001 -6.4449867e+001 -6.2017475e+001
 -1.6666667e-001 -6.2682594e+001 -6.2246395e+001 -6.1952385e+001 -6.1076637e+001 -6.5754257e+001 -6.1844353e+001 -6.4405945e+001 -6.2035858e+001
 -1.6000000e-001 -6.2671680e+001 -6.2237034e+001 -6.1951817e+001 -6.1025192e+001 -6.5801666e+001 -6.1791870e+001 -6.4431320e+001 -6.2006863e+001
 -1.5333333e-001 -6.2687916e+001 -6.2239956e+001 -6.1948963e+001 -6.1088078e+001 -6.5795540e+001 -6.1879658e+001 -6.4410904e+001 -6.1983742e+001
 -1.4666667e-001 -6.2663872e+001 -6.2226944e+001 -6.1970486e+001 -6.1129593e+001 -6.5770309e+001 -6.1873634e+001 -6.4483932e+001 -6.2013542e+001
 -1.4000000e-001 -6.2687096e+001 -6.2224854e+001 -6.1922161e+001 -6.1146667e+001 -6.5784172e+001 -6.1768127e+001 -6.4451241e+001 -6.2021389e+001
 -1.3333333e-001 -6.2664440e+001 -6.2261677e+001 -6.1985107e+001 -6.1092602e+001 -6.5779671e+001 -6.1859932e+001 -6.4470474e+001 -6.2064434e+001
 -1.2666667e-001 -6.2676254e+001 -6.2274620e+001 -6.1968086e+001 -6.1078346e+001 -6.5778572e+001 -6.1827816e+001 -6.4501595e+001 -6.2059395e+001
 -1.2000000e-001 -6.2725044e+001 -6.2246773e+001 -6.1927570e+001 -6.1062351e+001 -6.5775192e+001 -6.1837509e+001 -6.4439201e+001 -6.2017048e+001
 -1.1333333e-001 -6.2676151e+001 -6.2257618e+001 -6.1983265e+001 -6.1055759e+001 -6.5773003e+001 -6.1845943e+001 -6.4419075e+001 -6.2006561e+001
 -1.0666667e-001 -6.2750183e+001 -6.2298424e+001 -6.1989063e+001 -6.1066250e+001 -6.5823845e+001 -6.1812515e+001 -6.4464455e+001 -6.2032299e+001
 -1.0000000e-001 -6.2750111e+001 -6.2307827e+001 -6.2010933e+001 -6.1116730e+001 -6.5801598e+001 -6.1777294e+001 -6.4399933e+001 -6.2000313e+001
 -9.3333333e-002 -6.2678265e+001 -6.2295261e+001 -6.2000942e+001 -6.1086597e+001 -6.5830887e+001 -6.1787926e+001 -6.4409454e+001 -6.2002846e+001
 -8.6666667e-002 -6.2677826e+001 -6.2247005e+001 -6.2019497e+001 -6.1063976e+001 -6.5805519e+001 -6.1804607e+001 -6.4419708e+001 -6.2038712e+001
 -8.0000000e-002 -6.2713215e+001 -6.2282959e+001 -6.2021717e+001 -6.1003944e+001 -6.5823219e+001 -6.1796089e+001 -6.4385559e+001 -6.2032051e+001
 -7.3333333e-002 -6.2685394e+001 -6.2261547e+001 -6.1941990e+001 -6.1034904e+001 -6.5830933e+001 -6.1809647e+001 -6.4406456e+001 -6.2067097e+001
 -6.6666667e-002 -6.2707573e+001 -6.2315922e+001 -6.1964127e+001 -6.1054104e+001 -6.5842651e+001 -6.1817863e+001 -6.4428627e+001 -6.2024738e+001
 -6.0000000e-002 -6.2701233e+001 -6.2307732e+001 -6.1944962e+001 -6.1033054e+001 -6.5825981e+001 -6.1810658e+001 -6.4416039e+001 -6.2005463e+001
 -5.3333333e-002 -6.2716568e+001 -6.2291409e+001 -6.1970566e+001 -6.1050419e+001 -6.5825066e+001 -6.1819790e+001 -6.4462524e+001 -6.2027161e+001
 -4.6666667e-002 -6.2672375e+001 -6.2320950e+001 -6.1979473e+001 -6.1024307e+001 -6.5822708e+001 -6.1874889e+001 -6.4388077e+001 -6.2018803e+001
 -4.0000000e-002 -6.2687416e+001 -6.2278801e+001 -6.1942673e+001 -6.1083920e+001 -6.5871178e+001 -6.1879574e+001 -6.4430351e+001 -6.2020599e+001
 -3.3333333e-002 -6.2738091e+001 -6.2275467e+001 -6.1955418e+001 -6.1019775e+001 -6.5856705e+001 -6.1820263e+001 -6.4451393e+001 -6.2075806e+001
 -2.6666667e-002 -6.2675259e+001 -6.2311508e+001 -6.1981709e+001 -6.1054264e+001 -6.5790367e+001 -6.1822865e+001 -6.4463402e+001 -6.2008472e+001
 -2.0000000e-002 -6.2685863e+001 -6.2289898e+001 -6.1958935e+001 -6.1038696e+001 -6.5802803e+001 -6.1845245e+001 -6.4416199e+001 -6.2035549e+001
 -1.3333333e-002 -6.2685242e+001 -6.2260365e+001 -6.1931564e+001 -6.1052780e+001 -6.5817223e+001 -6.1884800e+001 -6.4456978e+001 -6.2045719e+001
 -6.6666667e-003 -6.2618347e+001 -6.2291126e+001 -6.1919113e+001 -6.1072685e+001 -6.5841629e+001 -6.1821819e+001 -6.4424789e+001 -6.1988476e+001
  0.0000000e+000 -6.2616524e+001 -6.2287407e+001 -6.1928444e+001 -6.1094860e+001 -6.5863533e+001 -6.1820637e+001 -6.4436264e+001 -6.2051247e+001
  6.6666667e-003 -6.2659706e+001 -6.2274303e+001 -6.1929195e+001 -6.1107559e+001 -6.5843590e+001 -6.1814442e+001 -6.4402367e+001 -6.1982384e+001
  1.3333333e-002 -6.2617462e+001 -6.2252026e+001 -6.1887455e+001 -6.1030540e+001 -6.5808311e+001 -6.1766903e+001 -6.4392540e+001 -6.1997307e+001
  2.0000000e-002 -6.2595654e+001 -6.2251541e+001 -6.1842651e+001 -6.0979576e+001 -6.5740913e+001 -6.1726662e+001 -6.4285858e+001 -6.1963074e+001
  2.6666667e-002 -6.2546715e+001 -6.2188545e+001 -6.1826553e+001 -6.0946285e+001 -6.5731392e+001 -6.1719345e+001 -6.4255272e+001 -6.1924763e+001
  3.3333333e-002 -6.2526897e+001 -6.2166885e+001 -6.1805134e+001 -6.0963024e+001 -6.5670967e+001 -6.1680264e+001 -6.4210022e+001 -6.1842194e+001
  4.0000000e-002 -6.2482224e+001 -6.2178066e+001 -6.1790134e+001 -6.0882614e+001 -6.5622437e+001 -6.1650913e+001 -6.4209267e+001 -6.1831947e+001
  4.6666667e-002 -6.2450420e+001 -6.2136684e+001 -6.1744946e+001 -6.0836361e+001 -6.5532417e+001 -6.1599556e+001 -6.4128105e+001 -6.1781055e+001
  5.3333333e-002 -6.2425507e+001 -6.2040752e+001 -6.1744980e+001 -6.0803364e+001 -6.5537575e+001 -6.1588467e+001 -6.4071106e+001 -6.1853806e+001
  6.0000000e-002 -6.2455276e+001 -6.2044594e+001 -6.1719490e+001 -6.0779240e+001 -6.5523384e+001 -6.1548180e+001 -6.4017639e+001 -6.1823627e+001
  6.6666667e-002 -6.2407345e+001 -6.2015244e+001 -6.1726543e+001 -6.0775024e+001 -6.5464584e+001 -6.1513218e+001 -6.4034569e+001 -6.1750198e+001
  7.3333333e-002 -6.2392910e+001 -6.2052681e+001 -6.1684418e+001 -6.0789715e+001 -6.5412529e+001 -6.1476910e+001 -6.4005882e+001 -6.1688301e+001
  8.0000000e-002 -6.2324650e+001 -6.1984322e+001 -6.1650578e+001 -6.0736317e+001 -6.5419647e+001 -6.1418564e+001 -6.3919247e+001 -6.1671467e+001
  8.6666667e-002 -6.2190628e+001 -6.1924297e+001 -6.1622356e+001 -6.0668427e+001 -6.5362045e+001 -6.1416386e+001 -6.3852196e+001 -6.1613621e+001
  9.3333333e-002 -6.2163265e+001 -6.1888393e+001 -6.1523415e+001 -6.0619854e+001 -6.5298645e+001 -6.1375378e+001 -6.3750881e+001 -6.1597469e+001
  1.0000000e-001 -6.2101761e+001 -6.1848572e+001 -6.1453453e+001 -6.0575874e+001 -6.5182518e+001 -6.1345741e+001 -6.3645123e+001 -6.1461163e+001
  1.0666667e-001 -6.2009907e+001 -6.1785122e+001 -6.1394146e+001 -6.0484009e+001 -6.5089119e+001 -6.1255882e+001 -6.3628124e+001 -6.1380943e+001
  1.1333333e-001 -6.1948582e+001 -6.1785324e+001 -6.1341541e+001 -6.0432491e+001 -6.5072151e+001 -6.1198994e+001 -6.3600716e+001 -6.1312607e+001
  1.2000000e-001 -6.1885113e+001 -6.1677032e+001 -6.1256199e+001 -6.0335453e+001 -6.4908440e+001 -6.1154285e+001 -6.3529728e+001 -6.1275436e+001
  1.2666667e-001 -6.1882561e+001 -6.1645435e+001 -6.1168259e+001 -6.0224396e+001 -6.4874039e+001 -6.1113815e+001 -6.3481594e+001 -6.1301338e+001
  1.3333333e-001 -6.1846741e+001 -6.1638783e+001 -6.1112209e+001 -6.0188919e+001 -6.4772263e+001 -6.1052505e+001 -6.3396320e+001 -6.1274605e+001
  1.4000000e-001 -6.1879890e+001 -6.1637466e+001 -6.1114826e+001 -6.0103786e+001 -6.4660843e+001 -6.1025330e+001 -6.3356895e+001 -6.1233788e+001
  1.4666667e-001 -6.1845997e+001 -6.1590603e+001 -6.1130363e+001 -6.0022049e+001 -6.4691063e+001 -6.0849720e+001 -6.3346134e+001 -6.1143089e+001
  1.5333333e-001 -6.1855068e+001 -6.1500317e+001 -6.1170780e+001 -6.0022705e+001 -6.4672211e+001 -6.0831406e+001 -6.3405342e+001 -6.1104210e+001
  1.6000000e-001 -6.1892185e+001 -6.1561275e+001 -6.1247398e+001 -6.0057655e+001 -6.4620796e+001 -6.0777306e+001 -6.3516743e+001 -6.1137596e+001
  1.6666667e-001 -6.1975315e+001 -6.1591682e+001 -6.1375549e+001 -6.0126396e+001 -6.4631378e+001 -6.0775467e+001 -6.3699989e+001 -6.1270458e+001
  1.7333333e-001 -6.2143589e+001 -6.1649166e+001 -6.1613785e+001 -6.0317913e+001 -6.4658569e+001 -6.0871529e+001 -6.3890839e+001 -6.1414425e+001
  1.8000000e-001 -6.2376389e+001 -6.1741604e+001 -6.1778004e+001 -6.0490524e+001 -6.4682472e+001 -6.0934200e+001 -6.4003151e+001 -6.1578983e+001
  1.8666667e-001 -6.2690880e+001 -6.1834221e+001 -6.2056690e+001 -6.0865601e+001 -6.4829628e+001 -6.0987690e+001 -6.4366997e+001 -6.1808159e+001
  1.9333333e-001 -6.2958439e+001 -6.2036240e+001 -6.2398621e+001 -6.1276093e+001 -6.5009575e+001 -6.1128063e+001 -6.4758446e+001 -6.2062855e+001
  2.0000000e-001 -6.3229595e+001 -6.2282898e+001 -6.2796329e+001 -6.1716866e+001 -6.5255791e+001 -6.1355556e+001 -6.5307869e+001 -6.2420853e+001
  2.0666667e-001 -6.3617531e+001 -6.2558720e+001 -6.3285316e+001 -6.2160870e+001 -6.5625458e+001 -6.1667934e+001 -6.5963707e+001 -6.2808605e+001
  2.1333333e-001 -6.4045425e+001 -6.2912518e+001 -6.3702217e+001 -6.2670094e+001 -6.6031921e+001 -6.2070759e+001 -6.6540482e+001 -6.3223907e+001
  2.2000000e-001 -6.4544037e+001 -6.3332424e+001 -6.4207153e+001 -6.3182869e+001 -6.6320442e+001 -6.2414364e+001 -6.7144127e+001 -6.3575020e+001
  2.2666667e-001 -6.4980484e+001 -6.3733658e+001 -6.4737869e+001 -6.3688839e+001 -6.6718613e+001 -6.2941231e+001 -6.7727989e+001 -6.3947723e+001
  2.3333333e-001 -6.5389053e+001 -6.4106529e+001 -6.5281693e+001 -6.4242638e+001 -6.7116547e+001 -6.3490742e+001 -6.8136154e+001 -6.4411064e+001
  2.4000000e-001 -6.5904625e+001 -6.4569366e+001 -6.5829498e+001 -6.4785919e+001 -6.7358292e+001 -6.4011284e+001 -6.8655006e+001 -6.4861328e+001
  2.4666667e-001 -6.6249954e+001 -6.5052277e+001 -6.6251114e+001 -6.5213219e+001 -6.7558838e+001 -6.4703621e+001 -6.9190712e+001 -6.5295769e+001
  2.5333333e-001 -6.6633034e+001 -6.5479309e+001 -6.6721550e+001 -6.5510506e+001 -6.7867668e+001 -6.5440399e+001 -6.9685860e+001 -6.5702408e+001
  2.6000000e-001 -6.7001686e+001 -6.5953178e+001 -6.7116951e+001 -6.5739899e+001 -6.8143440e+001 -6.6421791e+001 -7.0252449e+001 -6.6106033e+001
  2.6666667e-001 -6.7331657e+001 -6.6414993e+001 -6.7486938e+001 -6.6024872e+001 -6.8361862e+001 -6.7665909e+001 -7.1009270e+001 -6.6522659e+001
  2.7333333e-001 -6.7695518e+001 -6.6824364e+001 -6.7972458e+001 -6.6238457e+001 -6.8588387e+001 -6.9019066e+001 -7.1769180e+001 -6.6961945e+001
  2.8000000e-001 -6.8126488e+001 -6.7264641e+001 -6.8332047e+001 -6.6400963e+001 -6.8914093e+001 -7.0468414e+001 -7.2625465e+001 -6.7389999e+001
  2.8666667e-001 -6.8480553e+001 -6.7607513e+001 -6.8707245e+001 -6.6666748e+001 -6.9249504e+001 -7.1733574e+001 -7.3424797e+001 -6.7743187e+001
  2.9333333e-001 -6.8870743e+001 -6.8011116e+001 -6.9131363e+001 -6.6806381e+001 -6.9502968e+001 -7.2737167e+001 -7.4055450e+001 -6.8074471e+001
  3.0000000e-001 -6.9201958e+001 -6.8376480e+001 -6.9479187e+001 -6.7010887e+001 -6.9830750e+001 -7.3136757e+001 -7.4653099e+001 -6.8468300e+001
  3.0666667e-001 -6.9515175e+001 -6.8686203e+001 -6.9800972e+001 -6.7141281e+001 -7.0062126e+001 -7.3268707e+001 -7.5256699e+001 -6.8789833e+001
  3.1333333e-001 -6.9883888e+001 -6.9026268e+001 -7.0204704e+001 -6.7292885e+001 -7.0381866e+001 -7.3535683e+001 -7.5408989e+001 -6.9184746e+001
  3.2000000e-001 -7.0238663e+001 -6.9357193e+001 -7.0520088e+001 -6.7428223e+001 -7.0658775e+001 -7.3981033e+001 -7.5391251e+001 -6.9565521e+001
  3.2666667e-001 -7.0643494e+001 -6.9742851e+001 -7.0920364e+001 -6.7541206e+001 -7.1020851e+001 -7.4451477e+001 -7.5596855e+001 -6.9951492e+001
  3.3333333e-001 -7.1003471e+001 -7.0175972e+001 -7.1342216e+001 -6.7725960e+001 -7.1468376e+001 -7.4832817e+001 -7.5873260e+001 -7.0409874e+001
  3.4000000e-001 -7.1404144e+001 -7.0443756e+001 -7.1666931e+001 -6.7956589e+001 -7.1815941e+001 -7.5185265e+001 -7.6105843e+001 -7.0861763e+001
  3.4666667e-001 -7.1775139e+001 -7.0865349e+001 -7.2040009e+001 -6.8193054e+001 -7.2248497e+001 -7.5685226e+001 -7.6399719e+001 -7.1262360e+001
  3.5333333e-001 -7.2188446e+001 -7.1233086e+001 -7.2415932e+001 -6.8522400e+001 -7.2586601e+001 -7.6256187e+001 -7.6675987e+001 -7.1671051e+001
  3.6000000e-001 -7.2551918e+001 -7.1527153e+001 -7.2711090e+001 -6.8911743e+001 -7.2934250e+001 -7.6674828e+001 -7.6915199e+001 -7.2002594e+001
  3.6666667e-001 -7.2937370e+001 -7.1938248e+001 -7.3077888e+001 -6.9392189e+001 -7.3245422e+001 -7.6782997e+001 -7.6933823e+001 -7.2354736e+001
  3.7333333e-001 -7.3282799e+001 -7.2289238e+001 -7.3429161e+001 -6.9851341e+001 -7.3677460e+001 -7.7043144e+001 -7.6955254e+001 -7.2802246e+001
  3.8000000e-001 -7.3593880e+001 -7.2630569e+001 -7.3718079e+001 -7.0363091e+001 -7.3948418e+001 -7.6893745e+001 -7.7288223e+001 -7.3044556e+001
  3.8666667e-001 -7.3802124e+001 -7.2935074e+001 -7.3902359e+001 -7.0917023e+001 -7.4167259e+001 -7.7249107e+001 -7.7693497e+001 -7.3486107e+001
  3.9333333e-001 -7.4124893e+001 -7.3300926e+001 -7.4231812e+001 -7.1518669e+001 -7.4502296e+001 -7.7053520e+001 -7.7420151e+001 -7.3863678e+001
  4.0000000e-001 -7.4395996e+001 -7.3618874e+001 -7.4462952e+001 -7.2101120e+001 -7.4760406e+001 -7.6892944e+001 -7.7435158e+001 -7.4111046e+001
  4.0666667e-001 -7.4618187e+001 -7.3865555e+001 -7.4667961e+001 -7.2774490e+001 -7.4942444e+001 -7.6416458e+001 -7.7177940e+001 -7.4365562e+001
  4.1333333e-001 -7.4870773e+001 -7.4159889e+001 -7.4949989e+001 -7.3534470e+001 -7.5152412e+001 -7.5016518e+001 -7.6800011e+001 -7.4583679e+001
  4.2000000e-001 -7.5126068e+001 -7.4431732e+001 -7.5185829e+001 -7.4227966e+001 -7.5372482e+001 -7.4948769e+001 -7.6319504e+001 -7.4853218e+001
  4.2666667e-001 -7.5308945e+001 -7.4694229e+001 -7.5399979e+001 -7.4905273e+001 -7.5530312e+001 -7.6689163e+001 -7.5910469e+001 -7.5128609e+001
  4.3333333e-001 -7.5466537e+001 -7.4916046e+001 -7.5650162e+001 -7.5654846e+001 -7.5664253e+001 -7.7500092e+001 -7.5921303e+001 -7.5335358e+001
  4.4000000e-001 -7.5717278e+001 -7.5109322e+001 -7.5979698e+001 -7.6412506e+001 -7.5784477e+001 -7.7379974e+001 -7.6047867e+001 -7.5477646e+001
  4.4666667e-001 -7.5880707e+001 -7.5329338e+001 -7.6296509e+001 -7.7113365e+001 -7.5931725e+001 -7.6659477e+001 -7.5976570e+001 -7.5737640e+001
  4.5333333e-001 -7.6047684e+001 -7.5445595e+001 -7.6578720e+001 -7.7410225e+001 -7.6008705e+001 -7.5576492e+001 -7.5858101e+001 -7.5975075e+001
  4.6000000e-001 -7.6204544e+001 -7.5558777e+001 -7.6977112e+001 -7.7401405e+001 -7.6136742e+001 -7.4630371e+001 -7.5745476e+001 -7.6104622e+001
  4.6666667e-001 -7.6359955e+001 -7.5697083e+001 -7.7340271e+001 -7.7395927e+001 -7.6240593e+001 -7.3953430e+001 -7.5604683e+001 -7.6236656e+001
  4.7333333e-001 -7.6489876e+001 -7.5870125e+001 -7.7600548e+001 -7.7570175e+001 -7.6406151e+001 -7.3614548e+001 -7.5505356e+001 -7.6471077e+001
  4.8000000e-001 -7.6651611e+001 -7.5998703e+001 -7.7875778e+001 -7.7887596e+001 -7.6508453e+001 -7.3510574e+001 -7.5472336e+001 -7.6603142e+001
  4.8666667e-001 -7.6755112e+001 -7.6146095e+001 -7.8124611e+001 -7.8228630e+001 -7.6649780e+001 -7.3473518e+001 -7.5554550e+001 -7.6710991e+001
  4.9333333e-001 -7.6826416e+001 -7.6213959e+001 -7.8200096e+001 -7.8547333e+001 -7.6737862e+001 -7.3413170e+001 -7.5654388e+001 -7.6820740e+001
  5.0000000e-001 -7.6905830e+001 -7.6295639e+001 -7.8356659e+001 -7.8743256e+001 -7.6800812e+001 -7.3270020e+001 -7.5745163e+001 -7.6906860e+001
  5.0666667e-001 -7.6950951e+001 -7.6451401e+001 -7.8514839e+001 -7.8899040e+001 -7.6903900e+001 -7.3095268e+001 -7.5758011e+001 -7.6886818e+001
  5.1333333e-001 -7.7078003e+001 -7.6581451e+001 -7.8629631e+001 -7.9105843e+001 -7.7040703e+001 -7.2838562e+001 -7.5737267e+001 -7.7076988e+001
  5.2000000e-001 -7.7085388e+001 -7.6684494e+001 -7.8804138e+001 -7.9213943e+001 -7.7136581e+001 -7.2665894e+001 -7.5802505e+001 -7.7196236e+001
  5.2666667e-001 -7.7098473e+001 -7.6831230e+001 -7.8883675e+001 -7.9389168e+001 -7.7281219e+001 -7.2360626e+001 -7.5858521e+001 -7.7296539e+001
  5.3333333e-001 -7.7090874e+001 -7.6974098e+001 -7.8929398e+001 -7.9552299e+001 -7.7361122e+001 -7.2147354e+001 -7.5871635e+001 -7.7375252e+001
  5.4000000e-001 -7.7079803e+001 -7.7050270e+001 -7.8985138e+001 -7.9665657e+001 -7.7393890e+001 -7.1969894e+001 -7.5906395e+001 -7.7440842e+001
  5.4666667e-001 -7.7107285e+001 -7.7193199e+001 -7.9063087e+001 -7.9661423e+001 -7.7513107e+001 -7.1780899e+001 -7.5914848e+001 -7.7524071e+001
  5.5333333e-001 -7.7159340e+001 -7.7306435e+001 -7.9201126e+001 -7.9644783e+001 -7.7629936e+001 -7.1582634e+001 -7.5932625e+001 -7.7546837e+001
  5.6000000e-001 -7.7243942e+001 -7.7364334e+001 -7.9338676e+001 -7.9625931e+001 -7.7776131e+001 -7.1423569e+001 -7.5995369e+001 -7.7584206e+001
  5.6666667e-001 -7.7318474e+001 -7.7419075e+001 -7.9381760e+001 -7.9574570e+001 -7.7960342e+001 -7.1308281e+001 -7.6036613e+001 -7.7622932e+001
  5.7333333e-001 -7.7367287e+001 -7.7516190e+001 -7.9396629e+001 -7.9539444e+001 -7.8024406e+001 -7.1137596e+001 -7.6023384e+001 -7.7606033e+001
  5.8000000e-001 -7.7384712e+001 -7.7636826e+001 -7.9362701e+001 -7.9477722e+001 -7.8131798e+001 -7.0921936e+001 -7.6103935e+001 -7.7558800e+001
  5.8666667e-001 -7.7430733e+001 -7.7819695e+001 -7.9382721e+001 -8.0273140e+001 -7.8215515e+001 -7.0769249e+001 -7.6120972e+001 -7.7549736e+001
  5.9333333e-001 -7.7373055e+001 -7.7866264e+001 -7.9377769e+001 -8.0508728e+001 -7.8315117e+001 -7.0619553e+001 -7.6105667e+001 -7.7491386e+001
  6.0000000e-001 -7.7361656e+001 -7.7896080e+001 -7.9412155e+001 -8.0959557e+001 -7.8354713e+001 -7.0451828e+001 -7.6120247e+001 -7.7367073e+001
  6.0666667e-001 -7.7397331e+001 -7.7974197e+001 -7.9431648e+001 -8.1344536e+001 -7.8396431e+001 -7.0287056e+001 -7.6176346e+001 -7.7299721e+001
  6.1333333e-001 -7.7429321e+001 -7.8006104e+001 -7.9515892e+001 -8.1034111e+001 -7.8494621e+001 -7.0213570e+001 -7.6250710e+001 -7.7288094e+001
  6.2000000e-001 -7.7430984e+001 -7.8037560e+001 -7.9535927e+001 -8.0506676e+001 -7.8586906e+001 -7.0072624e+001 -7.6303673e+001 -7.7274101e+001
  6.2666667e-001 -7.7405289e+001 -7.8121460e+001 -7.9532906e+001 -7.9903595e+001 -7.8554573e+001 -6.9933861e+001 -7.6360649e+001 -7.7256828e+001
  6.3333333e-001 -7.7416542e+001 -7.8155502e+001 -7.9489807e+001 -7.9520241e+001 -7.8595314e+001 -6.9717155e+001 -7.6458649e+001 -7.7261803e+001
  6.4000000e-001 -7.7489388e+001 -7.8141785e+001 -7.9502396e+001 -7.9328140e+001 -7.8641953e+001 -6.9608719e+001 -7.6511269e+001 -7.7303299e+001
  6.4666667e-001 -7.7435646e+001 -7.8089859e+001 -7.9481972e+001 -7.9177925e+001 -7.8699829e+001 -6.9436424e+001 -7.6660568e+001 -7.7292618e+001
  6.5333333e-001 -7.7413246e+001 -7.8055542e+001 -7.9425156e+001 -7.8982010e+001 -7.8722069e+001 -6.9398735e+001 -7.6701424e+001 -7.7297874e+001
  6.6000000e-001 -7.7393967e+001 -7.8004990e+001 -7.9392044e+001 -7.8727135e+001 -7.8717758e+001 -6.9274475e+001 -7.6710182e+001 -7.7269341e+001
  6.6666667e-001 -7.7409065e+001 -7.7947250e+001 -7.9355804e+001 -7.8397278e+001 -7.8670517e+001 -6.9195190e+001 -7.6783653e+001 -7.7268105e+001
  6.7333333e-001 -7.7329880e+001 -7.7842613e+001 -7.9356377e+001 -7.8103210e+001 -7.8566406e+001 -6.9043709e+001 -7.6753952e+001 -7.7337082e+001
  6.8000000e-001 -7.7353455e+001 -7.7759850e+001 -7.9355377e+001 -7.7892677e+001 -7.8463287e+001 -6.9018044e+001 -7.6782639e+001 -7.7278084e+001
  6.8666667e-001 -7.7304993e+001 -7.7768356e+001 -7.9342606e+001 -7.7800835e+001 -7.8382286e+001 -6.8884933e+001 -7.6786766e+001 -7.7330391e+001
  6.9333333e-001 -7.7211761e+001 -7.7729279e+001 -7.9316269e+001 -7.7680466e+001 -7.8245705e+001 -6.8834274e+001 -7.6852562e+001 -7.7375252e+001
  7.0000000e-001 -7.7156876e+001 -7.7656563e+001 -7.9305779e+001 -7.7654099e+001 -7.8102745e+001 -6.8742607e+001 -7.6839394e+001 -7.7375099e+001
  7.0666667e-001 -7.7043884e+001 -7.7617653e+001 -7.9287262e+001 -7.7574310e+001 -7.7996429e+001 -6.8698486e+001 -7.6896233e+001 -7.7373238e+001
  7.1333333e-001 -7.7002151e+001 -7.7536102e+001 -7.9265495e+001 -7.7527458e+001 -7.7928276e+001 -6.8624733e+001 -7.6955452e+001 -7.7402954e+001
  7.2000000e-001 -7.6956573e+001 -7.7455208e+001 -7.9309937e+001 -7.7443550e+001 -7.7865128e+001 -6.8616943e+001 -7.7049431e+001 -7.7472168e+001
  7.2666667e-001 -7.6885818e+001 -7.7317070e+001 -7.9295181e+001 -7.7352798e+001 -7.7796227e+001 -6.8562424e+001 -7.6965813e+001 -7.7542358e+001
  7.3333333e-001 -7.6808807e+001 -7.7203865e+001 -7.9330276e+001 -7.7206551e+001 -7.7654320e+001 -6.8453377e+001 -7.6964058e+001 -7.7519913e+001
  7.4000000e-001 -7.6711838e+001 -7.7134483e+001 -7.9302872e+001 -7.7082649e+001 -7.7561119e+001 -6.8406181e+001 -7.6919258e+001 -7.7438797e+001
  7.4666667e-001 -7.6605293e+001 -7.6988388e+001 -7.9172127e+001 -7.7058289e+001 -7.7444046e+001 -6.8407120e+001 -7.6946648e+001 -7.7383286e+001
  7.5333333e-001 -7.6475700e+001 -7.6819328e+001 -7.9121414e+001 -7.6978325e+001 -7.7329384e+001 -6.8341629e+001 -7.6927391e+001 -7.7408234e+001
  7.6000000e-001 -7.6343292e+001 -7.6630524e+001 -7.9167747e+001 -7.6968460e+001 -7.7169189e+001 -6.8230484e+001 -7.6891518e+001 -7.7379837e+001
  7.6666667e-001 -7.6140289e+001 -7.6493820e+001 -7.9121559e+001 -7.6919853e+001 -7.7071442e+001 -6.8209923e+001 -7.6860550e+001 -7.7319618e+001
  7.7333333e-001 -7.5994720e+001 -7.6322525e+001 -7.9087631e+001 -7.6811256e+001 -7.6922272e+001 -6.8192482e+001 -7.6789330e+001 -7.7267502e+001
  7.8000000e-001 -7.5764595e+001 -7.6109451e+001 -7.9092987e+001 -7.6793037e+001 -7.6914078e+001 -6.8126083e+001 -7.6699318e+001 -7.7247696e+001
  7.8666667e-001 -7.5440025e+001 -7.5866562e+001 -7.9151222e+001 -7.6812950e+001 -7.6767326e+001 -6.8155113e+001 -7.6655724e+001 -7.7056564e+001
  7.9333333e-001 -7.5153404e+001 -7.5578911e+001 -7.9164726e+001 -7.6820946e+001 -7.6601654e+001 -6.8178070e+001 -7.6632263e+001 -7.7012726e+001
  8.0000000e-001 -7.4856003e+001 -7.5290344e+001 -7.9179420e+001 -7.6859695e+001 -7.6524345e+001 -6.8170029e+001 -7.6581032e+001 -7.7024483e+001
  8.0666667e-001 -7.4612755e+001 -7.4964661e+001 -7.9230782e+001 -7.6877808e+001 -7.6513992e+001 -6.8134186e+001 -7.6527351e+001 -7.6994949e+001
  8.1333333e-001 -7.4336220e+001 -7.4643578e+001 -7.9246277e+001 -7.6867012e+001 -7.6365822e+001 -6.8134636e+001 -7.6436592e+001 -7.6828697e+001
  8.2000000e-001 -7.4054329e+001 -7.4430031e+001 -7.9250099e+001 -7.6850624e+001 -7.6350037e+001 -6.8116570e+001 -7.6302460e+001 -7.6793968e+001
  8.2666667e-001 -7.3772720e+001 -7.4223961e+001 -7.9350540e+001 -7.6781311e+001 -7.6339371e+001 -6.8158585e+001 -7.6158791e+001 -7.6641190e+001
  8.3333333e-001 -7.3590721e+001 -7.4083870e+001 -7.9382721e+001 -7.6821693e+001 -7.6256874e+001 -6.8105026e+001 -7.6006485e+001 -7.6487160e+001
  8.4000000e-001 -7.3413826e+001 -7.3900063e+001 -7.9409645e+001 -7.6881241e+001 -7.6216148e+001 -6.8136696e+001 -7.5816658e+001 -7.6364517e+001
  8.4666667e-001 -7.3227631e+001 -7.3750320e+001 -7.9361038e+001 -7.6876846e+001 -7.6152725e+001 -6.8059151e+001 -7.5612297e+001 -7.6251282e+001
  8.5333333e-001 -7.3056549e+001 -7.3530357e+001 -7.9350143e+001 -7.6903030e+001 -7.6071159e+001 -6.8000076e+001 -7.5362793e+001 -7.6076561e+001
  8.6000000e-001 -7.2968460e+001 -7.3307541e+001 -7.9342293e+001 -7.6902893e+001 -7.6052895e+001 -6.8010086e+001 -7.5153717e+001 -7.5994453e+001
  8.6666667e-001 -7.2818092e+001 -7.3044907e+001 -7.9352249e+001 -7.6902641e+001 -7.5954826e+001 -6.7970650e+001 -7.4871841e+001 -7.5871986e+001
  8.7333333e-001 -7.2614372e+001 -7.2807999e+001 -7.9343590e+001 -7.6940865e+001 -7.5868813e+001 -6.8010742e+001 -7.4976875e+001 -7.5766197e+001
  8.8000000e-001 -7.2382278e+001 -7.2560020e+001 -7.9382202e+001 -7.6982002e+001 -7.5768250e+001 -6.8029015e+001 -7.4721642e+001 -7.5607597e+001
  8.8666667e-001 -7.2069992e+001 -7.2220230e+001 -7.9349625e+001 -7.7019806e+001 -7.5681580e+001 -6.8008362e+001 -7.4911667e+001 -7.5542374e+001
  8.9333333e-001 -7.1720711e+001 -7.1910347e+001 -7.9303772e+001 -7.7108284e+001 -7.5655243e+001 -6.7937904e+001 -7.4635941e+001 -7.5534431e+001
  9.0000000e-001 -7.1366920e+001 -7.1623581e+001 -7.9292374e+001 -7.7129555e+001 -7.5596390e+001 -6.7854858e+001 -7.4428902e+001 -7.5448448e+001
  9.0666667e-001 -7.0926468e+001 -7.1348564e+001 -7.9257240e+001 -7.7156120e+001 -7.5629570e+001 -6.7787727e+001 -7.4213730e+001 -7.5408585e+001
  9.1333333e-001 -7.0452789e+001 -7.1121643e+001 -7.9213562e+001 -7.7301262e+001 -7.5517220e+001 -6.7846581e+001 -7.3997360e+001 -7.5352905e+001
  9.2000000e-001 -7.0095886e+001 -7.0842903e+001 -7.9169563e+001 -7.7424408e+001 -7.5437416e+001 -6.7752769e+001 -7.3877098e+001 -7.5259712e+001
  9.2666667e-001 -6.9801926e+001 -7.0567963e+001 -7.9232193e+001 -7.7459389e+001 -7.5315002e+001 -6.7665382e+001 -7.3657982e+001 -7.5158798e+001
  9.3333333e-001 -6.9623428e+001 -7.0385727e+001 -7.9216286e+001 -7.7483208e+001 -7.5188820e+001 -6.7605278e+001 -7.3446571e+001 -7.5062691e+001
  9.4000000e-001 -6.9476540e+001 -7.0167763e+001 -7.9238533e+001 -7.7500694e+001 -7.5109505e+001 -6.7547012e+001 -7.3364227e+001 -7.5050972e+001
  9.4666667e-001 -6.9399460e+001 -7.0014709e+001 -7.9256035e+001 -7.7456039e+001 -7.4944389e+001 -6.7520218e+001 -7.3159958e+001 -7.4962074e+001
  9.5333333e-001 -6.9320786e+001 -6.9864021e+001 -7.9269051e+001 -7.7458809e+001 -7.4814087e+001 -6.7568832e+001 -7.2983185e+001 -7.4923370e+001
  9.6000000e-001 -6.9164925e+001 -6.9721230e+001 -7.9275764e+001 -7.7452423e+001 -7.4728790e+001 -6.7581276e+001 -7.2816132e+001 -7.4893974e+001
  9.6666667e-001 -6.9025078e+001 -6.9525818e+001 -7.9266975e+001 -7.7387093e+001 -7.4598076e+001 -6.7511536e+001 -7.2753670e+001 -7.4855309e+001
  9.7333333e-001 -6.8934631e+001 -6.9335846e+001 -7.9235916e+001 -7.7362663e+001 -7.4501480e+001 -6.7476318e+001 -7.2556335e+001 -7.4744568e+001
  9.8000000e-001 -6.8833206e+001 -6.9195007e+001 -7.9286911e+001 -7.7321495e+001 -7.4322823e+001 -6.7404144e+001 -7.2415993e+001 -7.4678093e+001
  9.8666667e-001 -6.8794304e+001 -6.9070808e+001 -7.9284706e+001 -7.7278488e+001 -7.4125626e+001 -6.7407852e+001 -7.2249252e+001 -7.4635719e+001
  9.9333333e-001 -6.8634506e+001 -6.8934822e+001 -7.9342072e+001 -7.7247223e+001 -7.3965767e+001 -6.7413605e+001 -7.2148567e+001 -7.4529404e+001
  1.0000000e+000 -6.8519844e+001 -6.8833763e+001 -7.9332161e+001 -7.7235168e+001 -7.3813194e+001 -6.7399071e+001 -7.2076012e+001 -7.4479218e+001
  1.0066667e+000 -6.8431488e+001 -6.8691368e+001 -7.9362991e+001 -7.7228561e+001 -7.3724503e+001 -6.7347969e+001 -7.1965019e+001 -7.4915176e+001
  1.0133333e+000 -6.8409569e+001 -6.8522369e+001 -7.9390953e+001 -7.7187546e+001 -7.3488884e+001 -6.7328056e+001 -7.1891792e+001 -7.4836655e+001
  1.0200000e+000 -6.8330864e+001 -6.8354576e+001 -7.9429512e+001 -7.7119995e+001 -7.3383659e+001 -6.7283241e+001 -7.1769501e+001 -7.4836281e+001
  1.0266667e+000 -6.8324280e+001 -6.8197403e+001 -7.9572060e+001 -7.6998680e+001 -7.3206650e+001 -6.7297577e+001 -7.1780830e+001 -7.4763153e+001
  1.0333333e+000 -6.8298164e+001 -6.8020599e+001 -7.9711472e+001 -7.6878998e+001 -7.3011017e+001 -6.7247269e+001 -7.1665070e+001 -7.4683517e+001
  1.0400000e+000 -6.8264038e+001 -6.7903015e+001 -7.9902229e+001 -7.6799767e+001 -7.2708305e+001 -6.7257721e+001 -7.1503265e+001 -7.4630356e+001
  1.0466667e+000 -6.8185341e+001 -6.7824318e+001 -8.0009079e+001 -7.6786118e+001 -7.2403343e+001 -6.7253525e+001 -7.1447327e+001 -7.5145325e+001
  1.0533333e+000 -6.8123459e+001 -6.7708908e+001 -8.0130814e+001 -7.6667793e+001 -7.2195961e+001 -6.7153999e+001 -7.1317993e+001 -7.5022896e+001
  1.0600000e+000 -6.8109161e+001 -6.7567238e+001 -8.0272598e+001 -7.6684334e+001 -7.1850464e+001 -6.7131058e+001 -7.1173004e+001 -7.4996147e+001
  1.0666667e+000 -6.8024643e+001 -6.7558815e+001 -8.0355553e+001 -7.6743294e+001 -7.1586296e+001 -6.7160538e+001 -7.1090553e+001 -7.4884644e+001
  1.0733333e+000 -6.7893524e+001 -6.7463676e+001 -8.1034897e+001 -7.6634979e+001 -7.1301285e+001 -6.7102089e+001 -7.0992943e+001 -7.4690735e+001
  1.0800000e+000 -6.7797325e+001 -6.7371490e+001 -8.1352509e+001 -7.6552338e+001 -7.0998581e+001 -6.7081413e+001 -7.0895607e+001 -7.4555763e+001
  1.0866667e+000 -6.7625053e+001 -6.7292435e+001 -8.1729416e+001 -7.6331161e+001 -7.0708244e+001 -6.7118149e+001 -7.0783173e+001 -7.4389214e+001
  1.0933333e+000 -6.7581673e+001 -6.7158463e+001 -8.1469627e+001 -7.6180733e+001 -7.0350700e+001 -6.7136597e+001 -7.0686760e+001 -7.4210045e+001
  1.1000000e+000 -6.7496323e+001 -6.7047096e+001 -8.1144676e+001 -7.6056747e+001 -6.9926010e+001 -6.7058167e+001 -7.0558495e+001 -7.4050301e+001
  1.1066667e+000 -6.7353775e+001 -6.6872330e+001 -8.0996124e+001 -7.5987061e+001 -6.9586723e+001 -6.7050018e+001 -7.0494621e+001 -7.3817001e+001
  1.1133333e+000 -6.7097878e+001 -6.6719109e+001 -8.0981514e+001 -7.5924477e+001 -6.9291481e+001 -6.7045631e+001 -7.0362114e+001 -7.3641518e+001
  1.1200000e+000 -6.6903488e+001 -6.6610237e+001 -8.0998894e+001 -7.5829002e+001 -6.9101715e+001 -6.7106743e+001 -7.0214142e+001 -7.3540428e+001
  1.1266667e+000 -6.6811440e+001 -6.6596138e+001 -8.1075684e+001 -7.5670410e+001 -6.8863983e+001 -6.7087051e+001 -7.0130180e+001 -7.3234230e+001
  1.1333333e+000 -6.6592789e+001 -6.6469666e+001 -8.1176636e+001 -7.5511452e+001 -6.8747795e+001 -6.6996941e+001 -7.0057053e+001 -7.3026833e+001
  1.1400000e+000 -6.6386971e+001 -6.6382866e+001 -8.1287605e+001 -7.5271210e+001 -6.8547188e+001 -6.7007523e+001 -7.0015816e+001 -7.2836784e+001
  1.1466667e+000 -6.6245277e+001 -6.6312836e+001 -8.1337456e+001 -7.5146751e+001 -6.8406265e+001 -6.6977440e+001 -6.9958900e+001 -7.2590668e+001
  1.1533333e+000 -6.6135223e+001 -6.6249939e+001 -8.1437187e+001 -7.4963409e+001 -6.8313972e+001 -6.7020866e+001 -6.9836105e+001 -7.2404121e+001
  1.1600000e+000 -6.5992966e+001 -6.6104980e+001 -8.1536964e+001 -7.4759697e+001 -6.8173973e+001 -6.7015587e+001 -6.9754570e+001 -7.2147842e+001
  1.1666667e+000 -6.5824921e+001 -6.6016441e+001 -8.1520866e+001 -7.4496544e+001 -6.8049423e+001 -6.7027901e+001 -6.9706154e+001 -7.1952423e+001
  1.1733333e+000 -6.5711250e+001 -6.5918312e+001 -8.1626915e+001 -7.4219749e+001 -6.7907623e+001 -6.6990021e+001 -6.9584694e+001 -7.1667366e+001
  1.1800000e+000 -6.5625801e+001 -6.5889275e+001 -8.1614372e+001 -7.3783051e+001 -6.7813339e+001 -6.6948303e+001 -6.9527718e+001 -7.1452164e+001
  1.1866667e+000 -6.5477539e+001 -6.6247948e+001 -8.1439384e+001 -7.3383369e+001 -6.7670891e+001 -6.6963684e+001 -6.9439400e+001 -7.1206078e+001
  1.1933333e+000 -6.5407433e+001 -6.6202217e+001 -8.1272713e+001 -7.2959755e+001 -6.7594589e+001 -6.6957558e+001 -6.9431389e+001 -7.0904465e+001
  1.2000000e+000 -6.5385460e+001 -6.6278290e+001 -8.1167183e+001 -7.2608597e+001 -6.7528419e+001 -6.7024460e+001 -6.9432404e+001 -7.0621155e+001
  1.2066667e+000 -6.5225060e+001 -6.6163231e+001 -8.1321198e+001 -7.2290436e+001 -6.7386299e+001 -6.6989677e+001 -6.9397263e+001 -7.0316605e+001
  1.2133333e+000 -6.5177773e+001 -6.6118141e+001 -8.0357124e+001 -7.2070671e+001 -6.7244881e+001 -6.6973557e+001 -6.9353020e+001 -7.0034416e+001
  1.2200000e+000 -6.5160599e+001 -6.6544380e+001 -7.9430405e+001 -7.1848206e+001 -6.7095352e+001 -6.6939285e+001 -6.9316109e+001 -6.9666718e+001
  1.2266667e+000 -6.5129082e+001 -6.6445801e+001 -7.9877052e+001 -7.1679649e+001 -6.7009743e+001 -6.6977249e+001 -6.9200012e+001 -6.9343719e+001
  1.2333333e+000 -6.5079666e+001 -6.6401703e+001 -8.0725426e+001 -7.1479652e+001 -6.6852715e+001 -6.7039261e+001 -6.9114624e+001 -6.9007362e+001
  1.2400000e+000 -6.4961288e+001 -6.6362953e+001 -8.0459152e+001 -7.1294724e+001 -6.6768616e+001 -6.7051514e+001 -6.9101219e+001 -6.8779823e+001
  1.2466667e+000 -6.5370598e+001 -6.6390945e+001 -7.9798836e+001 -7.1081787e+001 -6.6630898e+001 -6.7009377e+001 -6.9005501e+001 -6.8561295e+001
  1.2533333e+000 -6.5401909e+001 -6.6321175e+001 -7.9091232e+001 -7.0869049e+001 -6.6608269e+001 -6.6965050e+001 -6.9004639e+001 -6.8295013e+001
  1.2600000e+000 -6.5269997e+001 -6.6267944e+001 -7.8448105e+001 -7.0630478e+001 -6.6485329e+001 -6.6973198e+001 -6.9009262e+001 -6.8185249e+001
  1.2666667e+000 -6.5236473e+001 -6.6228844e+001 -7.7949486e+001 -7.0502335e+001 -6.6450172e+001 -6.6939491e+001 -6.8886833e+001 -6.8021843e+001
  1.2733333e+000 -6.5786842e+001 -6.6216911e+001 -7.7726143e+001 -7.0337891e+001 -6.6349670e+001 -6.6892227e+001 -6.8835007e+001 -6.7823616e+001
  1.2800000e+000 -6.5703407e+001 -6.6241432e+001 -7.7528168e+001 -7.0258072e+001 -6.6260216e+001 -6.6984695e+001 -6.8786850e+001 -6.7716820e+001
  1.2866667e+000 -6.5638512e+001 -6.6160912e+001 -7.7451622e+001 -7.0093834e+001 -6.6197685e+001 -6.6969620e+001 -6.8723824e+001 -6.7560051e+001
  1.2933333e+000 -6.5686958e+001 -6.6167572e+001 -7.7481285e+001 -6.9961037e+001 -6.6180038e+001 -6.6959251e+001 -6.8738617e+001 -6.7411369e+001
  1.3000000e+000 -6.5607635e+001 -6.6142166e+001 -7.7473900e+001 -6.9858521e+001 -6.6020500e+001 -6.6978897e+001 -6.8705505e+001 -6.7232841e+001
  1.3066667e+000 -6.5537117e+001 -6.6081955e+001 -7.7408936e+001 -6.9752968e+001 -6.5939140e+001 -6.6910851e+001 -6.8663986e+001 -6.6989342e+001
  1.3133333e+000 -6.5489250e+001 -6.6047722e+001 -7.7206886e+001 -6.9654610e+001 -6.5934959e+001 -6.6954224e+001 -6.8639908e+001 -6.6768951e+001
  1.3200000e+000 -6.5427467e+001 -6.6035400e+001 -7.7063957e+001 -6.9586121e+001 -6.5798538e+001 -6.6986053e+001 -6.8608009e+001 -6.6540611e+001
  1.3266667e+000 -6.5379745e+001 -6.6014832e+001 -7.6920502e+001 -6.9488304e+001 -6.5725945e+001 -6.6950798e+001 -6.8504814e+001 -6.6346359e+001
  1.3333333e+000 -6.5421906e+001 -6.6071762e+001 -7.6927391e+001 -6.9342445e+001 -6.5671158e+001 -6.6884506e+001 -6.8430450e+001 -6.6254578e+001
  1.3400000e+000 -6.5368568e+001 -6.6001457e+001 -7.6848007e+001 -6.9260643e+001 -6.5662193e+001 -6.6879463e+001 -6.8452744e+001 -6.6214401e+001
  1.3466667e+000 -6.5281326e+001 -6.5964317e+001 -7.6682480e+001 -6.9183723e+001 -6.5618340e+001 -6.6894112e+001 -6.8462761e+001 -6.6120560e+001
  1.3533333e+000 -6.5263077e+001 -6.5966515e+001 -7.6620277e+001 -6.9008972e+001 -6.5462463e+001 -6.6876137e+001 -6.8440811e+001 -6.5954002e+001
  1.3600000e+000 -6.5288452e+001 -6.5941040e+001 -7.6545029e+001 -6.8985748e+001 -6.5523827e+001 -6.6909447e+001 -6.8391968e+001 -6.5870819e+001
  1.3666667e+000 -6.5168007e+001 -6.5851387e+001 -7.6367424e+001 -6.8930458e+001 -6.5430199e+001 -6.6913895e+001 -6.8260307e+001 -6.5676620e+001
  1.3733333e+000 -6.5179161e+001 -6.5786842e+001 -7.6265701e+001 -6.8822670e+001 -6.5372284e+001 -6.6999199e+001 -6.8224365e+001 -6.5472763e+001
  1.3800000e+000 -6.5109322e+001 -6.5843666e+001 -7.6179321e+001 -6.8829086e+001 -6.5334282e+001 -6.6988319e+001 -6.8259300e+001 -6.5429146e+001
  1.3866667e+000 -6.5119415e+001 -6.5808784e+001 -7.6096344e+001 -6.8779076e+001 -6.5239502e+001 -6.6930794e+001 -6.8206841e+001 -6.5300140e+001
  1.3933333e+000 -6.5118530e+001 -6.5757507e+001 -7.6107758e+001 -6.8602524e+001 -6.5696091e+001 -6.6880287e+001 -6.8185905e+001 -6.5264580e+001
  1.4000000e+000 -6.5049477e+001 -6.5793205e+001 -7.5986008e+001 -6.8575981e+001 -6.5698830e+001 -6.6885605e+001 -6.8131821e+001 -6.5245995e+001
  1.4066667e+000 -6.5048866e+001 -6.5773102e+001 -7.5957237e+001 -6.8478203e+001 -6.5740227e+001 -6.6936394e+001 -6.8047333e+001 -6.5213982e+001
  1.4133333e+000 -6.5030022e+001 -6.5688011e+001 -7.5963654e+001 -6.8453796e+001 -6.6171593e+001 -6.6864799e+001 -6.8003578e+001 -6.5064598e+001
  1.4200000e+000 -6.5043892e+001 -6.5624680e+001 -7.6000381e+001 -6.8444168e+001 -6.6119713e+001 -6.6949821e+001 -6.8003036e+001 -6.4982788e+001
  1.4266667e+000 -6.4922981e+001 -6.5560982e+001 -7.5994705e+001 -6.8364891e+001 -6.6091690e+001 -6.6884338e+001 -6.7989746e+001 -6.4951675e+001
  1.4333333e+000 -6.4899490e+001 -6.5604042e+001 -7.5944237e+001 -6.8319946e+001 -6.6055580e+001 -6.6876091e+001 -6.7934021e+001 -6.4896721e+001
  1.4400000e+000 -6.4886208e+001 -6.5660744e+001 -7.5956017e+001 -6.8246025e+001 -6.5943390e+001 -6.6884644e+001 -6.7910927e+001 -6.4873489e+001
  1.4466667e+000 -6.4936111e+001 -6.5559990e+001 -7.5890846e+001 -6.8180565e+001 -6.5949760e+001 -6.6920723e+001 -6.7899475e+001 -6.4814690e+001
  1.4533333e+000 -6.4881882e+001 -6.5535896e+001 -7.5895325e+001 -6.8100098e+001 -6.5984238e+001 -6.6958649e+001 -6.7812263e+001 -6.4763069e+001
  1.4600000e+000 -6.4827644e+001 -6.5526100e+001 -7.5972939e+001 -6.8022331e+001 -6.5978592e+001 -6.7004128e+001 -6.7770424e+001 -6.4707062e+001
  1.4666667e+000 -6.4756546e+001 -6.5512604e+001 -7.6033241e+001 -6.8013290e+001 -6.5880005e+001 -6.7107002e+001 -6.7638580e+001 -6.4618164e+001
  1.4733333e+000 -6.4812553e+001 -6.5484840e+001 -7.6085915e+001 -6.8003738e+001 -6.5819267e+001 -6.7103271e+001 -6.7618576e+001 -6.4527771e+001
  1.4800000e+000 -6.4731529e+001 -6.5410042e+001 -7.6054466e+001 -6.7935303e+001 -6.5763542e+001 -6.7079742e+001 -6.7590218e+001 -6.4508423e+001
  1.4866667e+000 -6.4717094e+001 -6.5459961e+001 -7.6031502e+001 -6.7930519e+001 -6.5684608e+001 -6.7087540e+001 -6.7530479e+001 -6.4400970e+001
  1.4933333e+000 -6.4730598e+001 -6.5515083e+001 -7.6097412e+001 -6.7884544e+001 -6.5722702e+001 -6.7020111e+001 -6.7514008e+001 -6.4319824e+001
  1.5000000e+000 -6.4744011e+001 -6.5490562e+001 -7.6250092e+001 -6.7779297e+001 -6.5682785e+001 -6.7049080e+001 -6.7546875e+001 -6.4332687e+001
  1.5066667e+000 -6.4652954e+001 -6.5423538e+001 -7.6237190e+001 -6.7724701e+001 -6.5627060e+001 -6.7060745e+001 -6.7460289e+001 -6.4361092e+001
  1.5133333e+000 -6.4596878e+001 -6.5416428e+001 -7.6235687e+001 -6.7678345e+001 -6.5541954e+001 -6.7123901e+001 -6.7351089e+001 -6.4290428e+001
  1.5200000e+000 -6.4608452e+001 -6.5374672e+001 -7.6291168e+001 -6.7639832e+001 -6.5520119e+001 -6.7033516e+001 -6.7318130e+001 -6.4249260e+001
  1.5266667e+000 -6.4569153e+001 -6.5384933e+001 -7.6371826e+001 -6.7640091e+001 -6.5492088e+001 -6.6992729e+001 -6.7273949e+001 -6.4192879e+001
  1.5333333e+000 -6.4533264e+001 -6.5378189e+001 -7.6556396e+001 -6.7630394e+001 -6.5420898e+001 -6.7034081e+001 -6.7324409e+001 -6.4133560e+001
  1.5400000e+000 -6.4592003e+001 -6.5355309e+001 -7.6580734e+001 -6.7567558e+001 -6.5342171e+001 -6.7062294e+001 -6.7243675e+001 -6.4164925e+001
  1.5466667e+000 -6.4533493e+001 -6.5363815e+001 -7.6625015e+001 -6.7499413e+001 -6.5376816e+001 -6.7087891e+001 -6.7256248e+001 -6.4130394e+001
  1.5533333e+000 -6.4508438e+001 -6.5355698e+001 -7.6652458e+001 -6.7406693e+001 -6.5256622e+001 -6.7057892e+001 -6.7255981e+001 -6.4013802e+001
  1.5600000e+000 -6.4491463e+001 -6.5298843e+001 -7.6621956e+001 -6.7395454e+001 -6.5196304e+001 -6.7113327e+001 -6.7227631e+001 -6.4117867e+001
  1.5666667e+000 -6.4446892e+001 -6.5236580e+001 -7.6559593e+001 -6.7332237e+001 -6.5179924e+001 -6.7094543e+001 -6.7174026e+001 -6.4124947e+001
  1.5733333e+000 -6.4493202e+001 -6.5248070e+001 -7.6543930e+001 -6.7255760e+001 -6.5130066e+001 -6.7040390e+001 -6.7161644e+001 -6.4071304e+001
  1.5800000e+000 -6.4480629e+001 -6.5294571e+001 -7.6469704e+001 -6.7207214e+001 -6.5050926e+001 -6.7059296e+001 -6.7037483e+001 -6.4039955e+001
  1.5866667e+000 -6.4431999e+001 -6.5268791e+001 -7.6395180e+001 -6.7153625e+001 -6.5030380e+001 -6.7042336e+001 -6.7055824e+001 -6.4024887e+001
  1.5933333e+000 -6.4455376e+001 -6.5204216e+001 -7.6336639e+001 -6.7112671e+001 -6.4962456e+001 -6.7005264e+001 -6.7080383e+001 -6.3963634e+001
  1.6000000e+000 -6.4438095e+001 -6.5257523e+001 -7.6242477e+001 -6.7026947e+001 -6.4886444e+001 -6.7012718e+001 -6.7006981e+001 -6.3869961e+001
  1.6066667e+000 -6.4453781e+001 -6.5264183e+001 -7.6112045e+001 -6.6924927e+001 -6.4888588e+001 -6.7016975e+001 -6.6999939e+001 -6.3836029e+001
  1.6133333e+000 -6.4444412e+001 -6.5164368e+001 -7.5957573e+001 -6.6826317e+001 -6.4816078e+001 -6.6961052e+001 -6.6975945e+001 -6.3831890e+001
  1.6200000e+000 -6.4451561e+001 -6.5062340e+001 -7.5709625e+001 -6.6760078e+001 -6.4742645e+001 -6.6917740e+001 -6.7003372e+001 -6.3851791e+001
  1.6266667e+000 -6.4430595e+001 -6.5084488e+001 -7.5430031e+001 -6.6740105e+001 -6.4772850e+001 -6.6865494e+001 -6.6979065e+001 -6.3773335e+001
  1.6333333e+000 -6.4394928e+001 -6.5103050e+001 -7.5009148e+001 -6.6715897e+001 -6.4775879e+001 -6.6905739e+001 -6.6942970e+001 -6.3748970e+001
  1.6400000e+000 -6.4413086e+001 -6.5052307e+001 -7.4286034e+001 -6.6668015e+001 -6.4735489e+001 -6.7851181e+001 -6.6977364e+001 -6.3696228e+001
  1.6466667e+000 -6.4375778e+001 -6.5116104e+001 -7.3471634e+001 -6.6604500e+001 -6.4650970e+001 -6.7811142e+001 -6.6910301e+001 -6.3613037e+001
  1.6533333e+000 -6.4319931e+001 -6.5127045e+001 -7.2908905e+001 -6.6508850e+001 -6.4633575e+001 -6.7880119e+001 -6.6906570e+001 -6.3643192e+001
  1.6600000e+000 -6.4267769e+001 -6.5060211e+001 -7.2444351e+001 -6.6434715e+001 -6.4576233e+001 -6.7949303e+001 -6.6937439e+001 -6.3612099e+001
  1.6666667e+000 -6.4224983e+001 -6.4972893e+001 -7.2041801e+001 -6.6363693e+001 -6.4554977e+001 -6.7988647e+001 -6.6847496e+001 -6.3733166e+001
  1.6733333e+000 -6.4288254e+001 -6.4901192e+001 -7.1865364e+001 -6.6309631e+001 -6.4624718e+001 -6.8131149e+001 -6.6813477e+001 -6.3756004e+001
  1.6800000e+000 -6.4260925e+001 -6.4851303e+001 -7.1687332e+001 -6.6320290e+001 -6.4630569e+001 -6.7401695e+001 -6.6839996e+001 -6.3668388e+001
  1.6866667e+000 -6.4257889e+001 -6.4870682e+001 -7.1594116e+001 -6.6188454e+001 -6.4632935e+001 -6.7522568e+001 -6.6845535e+001 -6.3668175e+001
  1.6933333e+000 -6.4256241e+001 -6.4849686e+001 -7.1416504e+001 -6.6135521e+001 -6.4619194e+001 -6.7431732e+001 -6.6804604e+001 -6.3633465e+001
  1.7000000e+000 -6.4243004e+001 -6.4851074e+001 -7.1308975e+001 -6.6077339e+001 -6.4583466e+001 -6.8062866e+001 -6.6803810e+001 -6.3593563e+001
  1.7066667e+000 -6.4198204e+001 -6.4825851e+001 -7.1106483e+001 -6.5965401e+001 -6.4547729e+001 -6.7948555e+001 -6.6817764e+001 -6.3643806e+001
  1.7133333e+000 -6.4146034e+001 -6.4697731e+001 -7.0903435e+001 -6.5930191e+001 -6.4525864e+001 -6.7902214e+001 -6.6765236e+001 -6.3635323e+001
  1.7200000e+000 -6.4038940e+001 -6.4710480e+001 -7.0827347e+001 -6.5857826e+001 -6.4489471e+001 -6.7851852e+001 -6.6839119e+001 -6.3643555e+001
  1.7266667e+000 -6.4048119e+001 -6.4666077e+001 -7.0716911e+001 -6.5874992e+001 -6.4513283e+001 -6.7818565e+001 -6.6817589e+001 -6.3617447e+001
  1.7333333e+000 -6.4111168e+001 -6.4607689e+001 -7.0531113e+001 -6.5810776e+001 -6.4492645e+001 -6.7840317e+001 -6.6798439e+001 -6.3613487e+001
  1.7400000e+000 -6.4119164e+001 -6.4602890e+001 -7.0415115e+001 -6.5670639e+001 -6.4595299e+001 -6.7758789e+001 -6.6758614e+001 -6.3610722e+001
  1.7466667e+000 -6.4087570e+001 -6.4581261e+001 -7.0275429e+001 -6.5630180e+001 -6.4502625e+001 -6.7717506e+001 -6.6783066e+001 -6.3521355e+001
  1.7533333e+000 -6.4074730e+001 -6.4551582e+001 -7.0071198e+001 -6.5568268e+001 -6.4498070e+001 -6.7686493e+001 -6.6721260e+001 -6.3531475e+001
  1.7600000e+000 -6.4046562e+001 -6.4570885e+001 -7.0013199e+001 -6.5508331e+001 -6.4398445e+001 -6.7605934e+001 -6.6733269e+001 -6.3530117e+001
  1.7666667e+000 -6.4015182e+001 -6.4548386e+001 -6.9944153e+001 -6.5473083e+001 -6.4473816e+001 -6.7631653e+001 -6.6689209e+001 -6.3530529e+001
  1.7733333e+000 -6.4039948e+001 -6.4449219e+001 -6.9855026e+001 -6.5438179e+001 -6.4494522e+001 -6.7223694e+001 -6.6691605e+001 -6.3545677e+001
  1.7800000e+000 -6.3992943e+001 -6.4387291e+001 -6.9831421e+001 -6.5406181e+001 -6.4564629e+001 -6.7193054e+001 -6.6653915e+001 -6.3548100e+001
  1.7866667e+000 -6.4005829e+001 -6.4422157e+001 -6.9693512e+001 -6.5342758e+001 -6.4584122e+001 -6.7272423e+001 -6.6645424e+001 -6.3486057e+001
  1.7933333e+000 -6.4072517e+001 -6.4363686e+001 -6.9548737e+001 -6.5306625e+001 -6.4466682e+001 -6.7218307e+001 -6.6661644e+001 -6.3440411e+001
  1.8000000e+000 -6.4046875e+001 -6.4403320e+001 -6.9507263e+001 -6.5277969e+001 -6.4500076e+001 -6.7250809e+001 -6.6572220e+001 -6.3328163e+001
  1.8066667e+000 -6.3909958e+001 -6.4365883e+001 -6.9388687e+001 -6.5182594e+001 -6.4490829e+001 -6.7306038e+001 -6.6538368e+001 -6.3360306e+001
  1.8133333e+000 -6.3826794e+001 -6.4220512e+001 -6.9347580e+001 -6.5119041e+001 -6.4506721e+001 -6.7318169e+001 -6.6519638e+001 -6.3303936e+001
  1.8200000e+000 -6.3800709e+001 -6.4173050e+001 -6.9165169e+001 -6.5149292e+001 -6.4465996e+001 -6.7365417e+001 -6.6468597e+001 -6.3305603e+001
  1.8266667e+000 -6.3837429e+001 -6.4105705e+001 -6.9116295e+001 -6.5089577e+001 -6.4483704e+001 -6.7501091e+001 -6.6369431e+001 -6.3264759e+001
  1.8333333e+000 -6.3816830e+001 -6.4064575e+001 -6.9097046e+001 -6.5084572e+001 -6.4502441e+001 -6.7451591e+001 -6.6383476e+001 -6.3299408e+001
  1.8400000e+000 -6.3882713e+001 -6.4080544e+001 -6.9083961e+001 -6.4985435e+001 -6.4490875e+001 -6.7538712e+001 -6.6318985e+001 -6.3263752e+001
  1.8466667e+000 -6.3837708e+001 -6.3995758e+001 -6.9025383e+001 -6.4883797e+001 -6.4505989e+001 -6.7564468e+001 -6.6272308e+001 -6.3248585e+001
  1.8533333e+000 -6.3805901e+001 -6.4008904e+001 -6.9013741e+001 -6.4890411e+001 -6.4520149e+001 -6.7513687e+001 -6.6255646e+001 -6.3214733e+001
  1.8600000e+000 -6.3829601e+001 -6.3989166e+001 -6.8923889e+001 -6.4850845e+001 -6.4457169e+001 -6.7575287e+001 -6.6224968e+001 -6.3121452e+001
  1.8666667e+000 -6.3787228e+001 -6.3946030e+001 -6.8907516e+001 -6.4885414e+001 -6.4467026e+001 -6.7649788e+001 -6.6185165e+001 -6.3152359e+001
  1.8733333e+000 -6.3801125e+001 -6.3810749e+001 -6.8897110e+001 -6.4825859e+001 -6.4416565e+001 -6.7738380e+001 -6.6127892e+001 -6.3142673e+001
  1.8800000e+000 -6.3798592e+001 -6.3775822e+001 -6.8855560e+001 -6.4822205e+001 -6.4398933e+001 -6.7777786e+001 -6.6189293e+001 -6.3192139e+001
  1.8866667e+000 -6.3788731e+001 -6.3834915e+001 -6.8838844e+001 -6.4707840e+001 -6.4475647e+001 -6.7867058e+001 -6.6098396e+001 -6.3214077e+001
  1.8933333e+000 -6.3720722e+001 -6.3759216e+001 -6.7722710e+001 -6.4637840e+001 -6.4426094e+001 -6.7900108e+001 -6.6025642e+001 -6.3179340e+001
  1.9000000e+000 -6.3772335e+001 -6.3776470e+001 -6.7500648e+001 -6.4644630e+001 -6.4385178e+001 -6.7976456e+001 -6.6071632e+001 -6.3080746e+001
  1.9066667e+000 -6.3663021e+001 -6.3763798e+001 -6.7420837e+001 -6.4600861e+001 -6.4349960e+001 -6.7958664e+001 -6.6030174e+001 -6.3009781e+001
  1.9133333e+000 -6.3681850e+001 -6.3720535e+001 -6.7236885e+001 -6.4537056e+001 -6.4402390e+001 -6.8030731e+001 -6.5989388e+001 -6.3037792e+001
  1.9200000e+000 -6.3695129e+001 -6.3653320e+001 -6.6742287e+001 -6.4594704e+001 -6.4401329e+001 -6.8088562e+001 -6.6029282e+001 -6.2971272e+001
  1.9266667e+000 -6.3716057e+001 -6.3587349e+001 -6.6621025e+001 -6.4472328e+001 -6.4388458e+001 -6.8117836e+001 -6.6110565e+001 -6.2945686e+001
  1.9333333e+000 -6.3652325e+001 -6.3486595e+001 -6.6504585e+001 -6.4448372e+001 -6.4384216e+001 -6.8085037e+001 -6.6029297e+001 -6.2948166e+001
  1.9400000e+000 -6.3603104e+001 -6.3475639e+001 -6.7667427e+001 -6.4394882e+001 -6.4380943e+001 -6.8097313e+001 -6.6000832e+001 -6.2907291e+001
  1.9466667e+000 -6.3590416e+001 -6.3483406e+001 -6.7935333e+001 -6.4394859e+001 -6.4299522e+001 -6.8159065e+001 -6.6023880e+001 -6.2842583e+001
  1.9533333e+000 -6.3520535e+001 -6.3476536e+001 -6.8113663e+001 -6.4319885e+001 -6.4324287e+001 -6.8224243e+001 -6.6087753e+001 -6.2779568e+001
  1.9600000e+000 -6.3500530e+001 -6.3408951e+001 -6.8131500e+001 -6.4301918e+001 -6.4298805e+001 -6.8254219e+001 -6.6095375e+001 -6.2793392e+001
  1.9666667e+000 -6.3576653e+001 -6.3428101e+001 -6.8088211e+001 -6.4313873e+001 -6.4265862e+001 -6.8309715e+001 -6.6053856e+001 -6.2775253e+001
  1.9733333e+000 -6.3568516e+001 -6.3402626e+001 -6.7734009e+001 -6.4273476e+001 -6.4212624e+001 -6.8327858e+001 -6.6005882e+001 -6.2767105e+001
  1.9800000e+000 -6.3578613e+001 -6.3339588e+001 -6.7583260e+001 -6.4313057e+001 -6.4304596e+001 -6.8318573e+001 -6.5965302e+001 -6.2691376e+001
  1.9866667e+000 -6.3500011e+001 -6.3313423e+001 -6.7605789e+001 -6.4231079e+001 -6.4353958e+001 -6.8401672e+001 -6.5998245e+001 -6.2716831e+001
  1.9933333e+000 -6.3499176e+001 -6.3350662e+001 -6.7548988e+001 -6.4267303e+001 -6.4242210e+001 -6.8386368e+001 -6.6084229e+001 -6.2744633e+001
  2.0000000e+000 -6.3426750e+001 -6.3395817e+001 -6.7509354e+001 -6.4166145e+001 -6.4166573e+001 -6.8420052e+001 -6.6050522e+001 -6.2666092e+001
