 -5.0000000e-001 -4.4127500e+000 -1.1103947e+001 -9.2097260e+000 -1.1871683e+001 -1.1884803e+001
 -4.9333333e-001 -4.4024910e+000 -1.1094978e+001 -9.2332000e+000 -1.1871449e+001 -1.1870461e+001
 -4.8666667e-001 -4.4218320e+000 -1.1090911e+001 -9.2263480e+000 -1.1872232e+001 -1.1875682e+001
 -4.8000000e-001 -4.4155290e+000 -1.1078672e+001 -9.2066680e+000 -1.1862082e+001 -1.1859542e+001
 -4.7333333e-001 -4.4322510e+000 -1.1048300e+001 -9.2190390e+000 -1.1871615e+001 -1.1872202e+001
 -4.6666667e-001 -4.4303010e+000 -1.1058793e+001 -9.2198720e+000 -1.1876378e+001 -1.1862220e+001
 -4.6000000e-001 -4.4173640e+000 -1.1042666e+001 -9.2237330e+000 -1.1870720e+001 -1.1863238e+001
 -4.5333333e-001 -4.4328070e+000 -1.1047880e+001 -9.2140580e+000 -1.1877260e+001 -1.1859583e+001
 -4.4666667e-001 -4.4307410e+000 -1.1028567e+001 -9.2185410e+000 -1.1888198e+001 -1.1852847e+001
 -4.4000000e-001 -4.4216590e+000 -1.1018945e+001 -9.2082380e+000 -1.1887012e+001 -1.1858555e+001
 -4.3333333e-001 -4.4322860e+000 -1.1015988e+001 -9.2079180e+000 -1.1911854e+001 -1.1856133e+001
 -4.2666667e-001 -4.4299640e+000 -1.1000073e+001 -9.2059380e+000 -1.1900808e+001 -1.1855056e+001
 -4.2000000e-001 -4.4395970e+000 -1.0993399e+001 -9.2108600e+000 -1.1893092e+001 -1.1855719e+001
 -4.1333333e-001 -4.4167420e+000 -1.0995642e+001 -9.2151670e+000 -1.1894877e+001 -1.1856572e+001
 -4.0666667e-001 -4.4268630e+000 -1.0988914e+001 -9.2125300e+000 -1.1876524e+001 -1.1838242e+001
 -4.0000000e-001 -4.4240510e+000 -1.0983317e+001 -9.2040340e+000 -1.1894226e+001 -1.1857606e+001
 -3.9333333e-001 -4.4171620e+000 -1.0983911e+001 -9.1901420e+000 -1.1883499e+001 -1.1850458e+001
 -3.8666667e-001 -4.4099300e+000 -1.0974858e+001 -9.1911410e+000 -1.1886047e+001 -1.1865621e+001
 -3.8000000e-001 -4.4160840e+000 -1.0962597e+001 -9.1784800e+000 -1.1890879e+001 -1.1857586e+001
 -3.7333333e-001 -4.4004700e+000 -1.0954747e+001 -9.1710820e+000 -1.1866998e+001 -1.1848007e+001
 -3.6666667e-001 -4.3895910e+000 -1.0964576e+001 -9.1714050e+000 -1.1878472e+001 -1.1858034e+001
 -3.6000000e-001 -4.3724520e+000 -1.0936995e+001 -9.1677560e+000 -1.1884967e+001 -1.1868740e+001
 -3.5333333e-001 -4.3678360e+000 -1.0917413e+001 -9.1641580e+000 -1.1889747e+001 -1.1874969e+001
 -3.4666667e-001 -4.3545000e+000 -1.0923925e+001 -9.1710780e+000 -1.1891653e+001 -1.1857595e+001
 -3.4000000e-001 -4.3719960e+000 -1.0919157e+001 -9.1563410e+000 -1.1892918e+001 -1.1865824e+001
 -3.3333333e-001 -4.3693580e+000 -1.0915405e+001 -9.1854400e+000 -1.1893802e+001 -1.1870347e+001
 -3.2666667e-001 -4.3654950e+000 -1.0893140e+001 -9.1897750e+000 -1.1878172e+001 -1.1865758e+001
 -3.2000000e-001 -4.3628590e+000 -1.0901599e+001 -9.1933250e+000 -1.1881598e+001 -1.1862465e+001
 -3.1333333e-001 -4.3704810e+000 -1.0892291e+001 -9.1892320e+000 -1.1885674e+001 -1.1871099e+001
 -3.0666667e-001 -4.3569360e+000 -1.0889405e+001 -9.2029110e+000 -1.1886388e+001 -1.1877358e+001
 -3.0000000e-001 -4.3630790e+000 -1.0883166e+001 -9.2161820e+000 -1.1883878e+001 -1.1868253e+001
 -2.9333333e-001 -4.3747670e+000 -1.0888767e+001 -9.2166790e+000 -1.1870723e+001 -1.1861901e+001
 -2.8666667e-001 -4.3760280e+000 -1.0878683e+001 -9.2058190e+000 -1.1874533e+001 -1.1868392e+001
 -2.8000000e-001 -4.3681760e+000 -1.0876858e+001 -9.2145870e+000 -1.1880991e+001 -1.1880724e+001
 -2.7333333e-001 -4.3631610e+000 -1.0865851e+001 -9.2194300e+000 -1.1869766e+001 -1.1860706e+001
 -2.6666667e-001 -4.3654920e+000 -1.0836287e+001 -9.2303320e+000 -1.1866406e+001 -1.1853846e+001
 -2.6000000e-001 -4.3754110e+000 -1.0844710e+001 -9.2221570e+000 -1.1869037e+001 -1.1864312e+001
 -2.5333333e-001 -4.3816330e+000 -1.0831602e+001 -9.2313770e+000 -1.1859910e+001 -1.1879009e+001
 -2.4666667e-001 -4.3806830e+000 -1.0801880e+001 -9.2303550e+000 -1.1869389e+001 -1.1880243e+001
 -2.4000000e-001 -4.3794140e+000 -1.0804482e+001 -9.2361530e+000 -1.1864565e+001 -1.1869948e+001
 -2.3333333e-001 -4.3938400e+000 -1.0809298e+001 -9.2409710e+000 -1.1861350e+001 -1.1867140e+001
 -2.2666667e-001 -4.3950290e+000 -1.0804588e+001 -9.2392440e+000 -1.1858790e+001 -1.1871189e+001
 -2.2000000e-001 -4.3813340e+000 -1.0791118e+001 -9.2671880e+000 -1.1861372e+001 -1.1862934e+001
 -2.1333333e-001 -4.4009010e+000 -1.0771059e+001 -9.2858700e+000 -1.1860060e+001 -1.1889058e+001
 -2.0666667e-001 -4.4062020e+000 -1.0781467e+001 -9.2841780e+000 -1.1878386e+001 -1.1879434e+001
 -2.0000000e-001 -4.4107660e+000 -1.0774133e+001 -9.2748770e+000 -1.1856389e+001 -1.1876641e+001
 -1.9333333e-001 -4.4182190e+000 -1.0762362e+001 -9.2842740e+000 -1.1862193e+001 -1.1871084e+001
 -1.8666667e-001 -4.4237660e+000 -1.0753526e+001 -9.2927310e+000 -1.1858253e+001 -1.1883393e+001
 -1.8000000e-001 -4.4401190e+000 -1.0755602e+001 -9.2925290e+000 -1.1855193e+001 -1.1871896e+001
 -1.7333333e-001 -4.4562610e+000 -1.0735789e+001 -9.2941270e+000 -1.1851030e+001 -1.1869709e+001
 -1.6666667e-001 -4.4644600e+000 -1.0723454e+001 -9.2812500e+000 -1.1855308e+001 -1.1866711e+001
 -1.6000000e-001 -4.4720690e+000 -1.0709164e+001 -9.2993220e+000 -1.1854262e+001 -1.1877249e+001
 -1.5333333e-001 -4.4863720e+000 -1.0702634e+001 -9.2881050e+000 -1.1844307e+001 -1.1875439e+001
 -1.4666667e-001 -4.4994760e+000 -1.0692482e+001 -9.2748600e+000 -1.1839904e+001 -1.1866518e+001
 -1.4000000e-001 -4.5229530e+000 -1.0694570e+001 -9.2824860e+000 -1.1838991e+001 -1.1872147e+001
 -1.3333333e-001 -4.5300120e+000 -1.0686880e+001 -9.2695200e+000 -1.1854444e+001 -1.1864198e+001
 -1.2666667e-001 -4.5489980e+000 -1.0683490e+001 -9.2744620e+000 -1.1835001e+001 -1.1854931e+001
 -1.2000000e-001 -4.5571450e+000 -1.0662039e+001 -9.2749060e+000 -1.1838966e+001 -1.1860308e+001
 -1.1333333e-001 -4.5770130e+000 -1.0669873e+001 -9.2716450e+000 -1.1832856e+001 -1.1870956e+001
 -1.0666667e-001 -4.5795140e+000 -1.0682959e+001 -9.2539970e+000 -1.1844611e+001 -1.1850029e+001
 -1.0000000e-001 -4.5768050e+000 -1.0666934e+001 -9.2426710e+000 -1.1845941e+001 -1.1879476e+001
 -9.3333333e-002 -4.5792600e+000 -1.0681205e+001 -9.2473570e+000 -1.1842015e+001 -1.1853033e+001
 -8.6666667e-002 -4.5907690e+000 -1.0668201e+001 -9.2523880e+000 -1.1841348e+001 -1.1863160e+001
 -8.0000000e-002 -4.6080440e+000 -1.0653277e+001 -9.2520810e+000 -1.1842251e+001 -1.1871136e+001
 -7.3333333e-002 -4.5966070e+000 -1.0641796e+001 -9.2588110e+000 -1.1842352e+001 -1.1862857e+001
 -6.6666667e-002 -4.5924570e+000 -1.0638348e+001 -9.2596880e+000 -1.1845100e+001 -1.1858755e+001
 -6.0000000e-002 -4.5880270e+000 -1.0632961e+001 -9.2420480e+000 -1.1824592e+001 -1.1859932e+001
 -5.3333333e-002 -4.5852610e+000 -1.0597647e+001 -9.2609620e+000 -1.1824861e+001 -1.1862979e+001
 -4.6666667e-002 -4.5781610e+000 -1.0596834e+001 -9.2496930e+000 -1.1821712e+001 -1.1851091e+001
 -4.0000000e-002 -4.5663370e+000 -1.0582404e+001 -9.2618370e+000 -1.1832141e+001 -1.1859194e+001
 -3.3333333e-002 -4.5565220e+000 -1.0577425e+001 -9.2716100e+000 -1.1852951e+001 -1.1838601e+001
 -2.6666667e-002 -4.5424400e+000 -1.0581652e+001 -9.2931570e+000 -1.1846478e+001 -1.1838017e+001
 -2.0000000e-002 -4.5351180e+000 -1.0569303e+001 -9.2824410e+000 -1.1841835e+001 -1.1841476e+001
 -1.3333333e-002 -4.5220450e+000 -1.0572010e+001 -9.3058330e+000 -1.1827735e+001 -1.1820207e+001
 -6.6666667e-003 -4.5094900e+000 -1.0572012e+001 -9.3001530e+000 -1.1810311e+001 -1.1804368e+001
  0.0000000e+000 -4.4702020e+000 -1.0533836e+001 -9.2982540e+000 -1.1794594e+001 -1.1783881e+001
  6.6666667e-003 -4.4278540e+000 -1.0511503e+001 -9.2731750e+000 -1.1769982e+001 -1.1764977e+001
  1.3333333e-002 -4.3765990e+000 -1.0475628e+001 -9.2451070e+000 -1.1739463e+001 -1.1725815e+001
  2.0000000e-002 -4.3236290e+000 -1.0423314e+001 -9.2394280e+000 -1.1713863e+001 -1.1688518e+001
  2.6666667e-002 -4.2742030e+000 -1.0386099e+001 -9.2101200e+000 -1.1707824e+001 -1.1667222e+001
  3.3333333e-002 -4.2437870e+000 -1.0362518e+001 -9.2145740e+000 -1.1715933e+001 -1.1665010e+001
  4.0000000e-002 -4.2073480e+000 -1.0327718e+001 -9.2119910e+000 -1.1730878e+001 -1.1675436e+001
  4.6666667e-002 -4.2082320e+000 -1.0340255e+001 -9.2185450e+000 -1.1779426e+001 -1.1715552e+001
  5.3333333e-002 -4.2218930e+000 -1.0349553e+001 -9.2564710e+000 -1.1811713e+001 -1.1762093e+001
  6.0000000e-002 -4.2334490e+000 -1.0358621e+001 -9.2974900e+000 -1.1835601e+001 -1.1800858e+001
  6.6666667e-002 -4.2535230e+000 -1.0362384e+001 -9.3194800e+000 -1.1842339e+001 -1.1823732e+001
  7.3333333e-002 -4.2467800e+000 -1.0366748e+001 -9.3516970e+000 -1.1826069e+001 -1.1812888e+001
  8.0000000e-002 -4.2351940e+000 -1.0357649e+001 -9.3353030e+000 -1.1811264e+001 -1.1777213e+001
  8.6666667e-002 -4.2127130e+000 -1.0323990e+001 -9.3162440e+000 -1.1761887e+001 -1.1746791e+001
  9.3333333e-002 -4.1701850e+000 -1.0309287e+001 -9.2910150e+000 -1.1733121e+001 -1.1734936e+001
  1.0000000e-001 -4.1469970e+000 -1.0257945e+001 -9.2616900e+000 -1.1714876e+001 -1.1712009e+001
  1.0666667e-001 -4.1321350e+000 -1.0246461e+001 -9.2391890e+000 -1.1734911e+001 -1.1739513e+001
  1.1333333e-001 -4.1377920e+000 -1.0254048e+001 -9.2340760e+000 -1.1753035e+001 -1.1764066e+001
  1.2000000e-001 -4.1582960e+000 -1.0251525e+001 -9.2617870e+000 -1.1791462e+001 -1.1797647e+001
  1.2666667e-001 -4.1843950e+000 -1.0251759e+001 -9.3068560e+000 -1.1831208e+001 -1.1825574e+001
  1.3333333e-001 -4.2179270e+000 -1.0223315e+001 -9.3131690e+000 -1.1857832e+001 -1.1862620e+001
  1.4000000e-001 -4.2145910e+000 -1.0227544e+001 -9.3337270e+000 -1.1878394e+001 -1.1863086e+001
  1.4666667e-001 -4.2282740e+000 -1.0184948e+001 -9.3239100e+000 -1.1858386e+001 -1.1864382e+001
  1.5333333e-001 -4.1994490e+000 -1.0144692e+001 -9.2737330e+000 -1.1845722e+001 -1.1856157e+001
  1.6000000e-001 -4.1813120e+000 -1.0090240e+001 -9.2339710e+000 -1.1813669e+001 -1.1826822e+001
  1.6666667e-001 -4.1524310e+000 -1.0023573e+001 -9.1607690e+000 -1.1789430e+001 -1.1794009e+001
  1.7333333e-001 -4.1184400e+000 -9.9387560e+000 -9.1252390e+000 -1.1773821e+001 -1.1801554e+001
  1.8000000e-001 -4.1044800e+000 -9.8854680e+000 -9.0875570e+000 -1.1757989e+001 -1.1807197e+001
  1.8666667e-001 -4.1030520e+000 -9.8292070e+000 -9.0621900e+000 -1.1758720e+001 -1.1812640e+001
  1.9333333e-001 -4.0934330e+000 -9.7699580e+000 -9.0352820e+000 -1.1775347e+001 -1.1860006e+001
  2.0000000e-001 -4.0865090e+000 -9.7358840e+000 -9.0344850e+000 -1.1793590e+001 -1.1892775e+001
  2.0666667e-001 -4.1014550e+000 -9.7205200e+000 -9.0116830e+000 -1.1791652e+001 -1.1934318e+001
  2.1333333e-001 -4.1066780e+000 -9.7004180e+000 -8.9986590e+000 -1.1790032e+001 -1.1948224e+001
  2.2000000e-001 -4.1241270e+000 -9.6643750e+000 -8.9727120e+000 -1.1789356e+001 -1.1969954e+001
  2.2666667e-001 -4.1065230e+000 -9.6254340e+000 -8.9536970e+000 -1.1751799e+001 -1.1972724e+001
  2.3333333e-001 -4.1008040e+000 -9.5742000e+000 -8.9203210e+000 -1.1733132e+001 -1.1928568e+001
  2.4000000e-001 -4.0562640e+000 -9.5162170e+000 -8.9011320e+000 -1.1716195e+001 -1.1907560e+001
  2.4666667e-001 -4.0206390e+000 -9.4727170e+000 -8.8694420e+000 -1.1705351e+001 -1.1858867e+001
  2.5333333e-001 -3.9706600e+000 -9.4183650e+000 -8.8405740e+000 -1.1709835e+001 -1.1826402e+001
  2.6000000e-001 -3.9200260e+000 -9.3923030e+000 -8.7999500e+000 -1.1720111e+001 -1.1780207e+001
  2.6666667e-001 -3.8308150e+000 -9.3553580e+000 -8.7690160e+000 -1.1725487e+001 -1.1704921e+001
  2.7333333e-001 -3.7270230e+000 -9.3201070e+000 -8.7568710e+000 -1.1756232e+001 -1.1611263e+001
  2.8000000e-001 -3.5940730e+000 -9.2769480e+000 -8.7421880e+000 -1.1796068e+001 -1.1526178e+001
  2.8666667e-001 -3.4639180e+000 -9.2329280e+000 -8.7716680e+000 -1.1797055e+001 -1.1438961e+001
  2.9333333e-001 -3.2914390e+000 -9.1701910e+000 -8.8392050e+000 -1.1814372e+001 -1.1377577e+001
  3.0000000e-001 -3.1010630e+000 -9.1424170e+000 -8.9058960e+000 -1.1847598e+001 -1.1364626e+001
  3.0666667e-001 -2.9209170e+000 -9.0878720e+000 -9.0097770e+000 -1.1883976e+001 -1.1330303e+001
  3.1333333e-001 -2.7239120e+000 -9.0576970e+000 -9.1228080e+000 -1.1906897e+001 -1.1283772e+001
  3.2000000e-001 -2.5441630e+000 -9.0524820e+000 -9.2143920e+000 -1.1970430e+001 -1.1247075e+001
  3.2666667e-001 -2.3782510e+000 -9.0898540e+000 -9.3113370e+000 -1.2028469e+001 -1.1211899e+001
  3.3333333e-001 -2.2169290e+000 -9.1382420e+000 -9.3968560e+000 -1.2076887e+001 -1.1237494e+001
  3.4000000e-001 -2.0660740e+000 -9.1827290e+000 -9.4367900e+000 -1.2090621e+001 -1.1238060e+001
  3.4666667e-001 -1.8645860e+000 -9.2224530e+000 -9.4568060e+000 -1.2117577e+001 -1.1277236e+001
  3.5333333e-001 -1.7017270e+000 -9.2305230e+000 -9.4730900e+000 -1.2122248e+001 -1.1303001e+001
  3.6000000e-001 -1.5005760e+000 -9.2110930e+000 -9.4575240e+000 -1.2127519e+001 -1.1359231e+001
  3.6666667e-001 -1.3046070e+000 -9.1907040e+000 -9.4710980e+000 -1.2144681e+001 -1.1408195e+001
  3.7333333e-001 -1.1059290e+000 -9.2063800e+000 -9.4948510e+000 -1.2216361e+001 -1.1463574e+001
  3.8000000e-001 -9.0131900e-001 -9.2257800e+000 -9.5575640e+000 -1.2272931e+001 -1.1508368e+001
  3.8666667e-001 -7.1431900e-001 -9.2770420e+000 -9.6216580e+000 -1.2316757e+001 -1.1566850e+001
  3.9333333e-001 -5.0226400e-001 -9.3546310e+000 -9.6810230e+000 -1.2341069e+001 -1.1639941e+001
  4.0000000e-001 -3.2167000e-001 -9.4121800e+000 -9.7165550e+000 -1.2369736e+001 -1.1669229e+001
  4.0666667e-001 -1.5002400e-001 -9.4916240e+000 -9.7430540e+000 -1.2386538e+001 -1.1707818e+001
  4.1333333e-001  7.0710000e-003 -9.5483300e+000 -9.7490620e+000 -1.2351752e+001 -1.1761795e+001
  4.2000000e-001  1.5860800e-001 -9.5833680e+000 -9.7798800e+000 -1.2320006e+001 -1.1785570e+001
  4.2666667e-001  3.0750000e-001 -9.5959770e+000 -9.7971340e+000 -1.2315540e+001 -1.1780824e+001
  4.3333333e-001  5.1175500e-001 -9.5776160e+000 -9.8416760e+000 -1.2311830e+001 -1.1772724e+001
  4.4000000e-001  7.1578700e-001 -9.5682210e+000 -9.9222190e+000 -1.2322350e+001 -1.1735058e+001
  4.4666667e-001  9.7019000e-001 -9.5451110e+000 -1.0025498e+001 -1.2331550e+001 -1.1702739e+001
  4.5333333e-001  1.2014860e+000 -9.5285230e+000 -1.0127472e+001 -1.2390507e+001 -1.1641406e+001
  4.6000000e-001  1.4170840e+000 -9.5099780e+000 -1.0229980e+001 -1.2455717e+001 -1.1615041e+001
  4.6666667e-001  1.6497950e+000 -9.4806780e+000 -1.0345818e+001 -1.2503945e+001 -1.1568150e+001
  4.7333333e-001  1.8686670e+000 -9.4711530e+000 -1.0432768e+001 -1.2532942e+001 -1.1558331e+001
  4.8000000e-001  2.0947560e+000 -9.4540600e+000 -1.0470021e+001 -1.2557919e+001 -1.1552692e+001
  4.8666667e-001  2.3144550e+000 -9.4467300e+000 -1.0475593e+001 -1.2587979e+001 -1.1526139e+001
  4.9333333e-001  2.5013860e+000 -9.4568330e+000 -1.0490277e+001 -1.2610428e+001 -1.1541602e+001
  5.0000000e-001  2.6828160e+000 -9.4123550e+000 -1.0455354e+001 -1.2638191e+001 -1.1528866e+001
  5.0666667e-001  2.8634460e+000 -9.3982950e+000 -1.0460966e+001 -1.2681132e+001 -1.1556347e+001
  5.1333333e-001  3.0098370e+000 -9.3947340e+000 -1.0464576e+001 -1.2721347e+001 -1.1584558e+001
  5.2000000e-001  3.1179400e+000 -9.3877110e+000 -1.0538490e+001 -1.2782077e+001 -1.1622416e+001
  5.2666667e-001  3.1910020e+000 -9.3788260e+000 -1.0574028e+001 -1.2804763e+001 -1.1666948e+001
  5.3333333e-001  3.2497300e+000 -9.3750050e+000 -1.0582744e+001 -1.2813235e+001 -1.1718822e+001
  5.4000000e-001  3.2645680e+000 -9.3672970e+000 -1.0599531e+001 -1.2794426e+001 -1.1777448e+001
  5.4666667e-001  3.2281620e+000 -9.3920410e+000 -1.0630431e+001 -1.2756477e+001 -1.1836293e+001
  5.5333333e-001  3.1770040e+000 -9.3862020e+000 -1.0552570e+001 -1.2716623e+001 -1.1898699e+001
  5.6000000e-001  3.1179960e+000 -9.4160830e+000 -1.0550982e+001 -1.2671268e+001 -1.1922799e+001
  5.6666667e-001  3.0557390e+000 -9.4463270e+000 -1.0521862e+001 -1.2612661e+001 -1.1943050e+001
  5.7333333e-001  3.0246880e+000 -9.4808470e+000 -1.0482389e+001 -1.2553362e+001 -1.1964343e+001
  5.8000000e-001  3.0109870e+000 -9.4759570e+000 -1.0467309e+001 -1.2483605e+001 -1.1955232e+001
  5.8666667e-001  3.0022540e+000 -9.4465480e+000 -1.0447101e+001 -1.2447292e+001 -1.1921334e+001
  5.9333333e-001  2.9838470e+000 -9.4132770e+000 -1.0405565e+001 -1.2415491e+001 -1.1894624e+001
  6.0000000e-001  2.9574850e+000 -9.4229220e+000 -1.0451000e+001 -1.2371677e+001 -1.1851551e+001
  6.0666667e-001  2.9111950e+000 -9.4578790e+000 -1.0442667e+001 -1.2327023e+001 -1.1857128e+001
  6.1333333e-001  2.8560690e+000 -9.4790110e+000 -1.0471999e+001 -1.2271026e+001 -1.1811316e+001
  6.2000000e-001  2.8043790e+000 -9.5395000e+000 -1.0536994e+001 -1.2223286e+001 -1.1815104e+001
  6.2666667e-001  2.7694930e+000 -9.5993910e+000 -1.0561522e+001 -1.2157659e+001 -1.1782034e+001
  6.3333333e-001  2.7141100e+000 -9.6241240e+000 -1.0571443e+001 -1.2079102e+001 -1.1751180e+001
  6.4000000e-001  2.6338300e+000 -9.6683830e+000 -1.0631497e+001 -1.1982019e+001 -1.1741448e+001
  6.4666667e-001  2.5326950e+000 -9.7338920e+000 -1.0659293e+001 -1.1892877e+001 -1.1709868e+001
  6.5333333e-001  2.4198180e+000 -9.7805660e+000 -1.0696626e+001 -1.1816349e+001 -1.1728831e+001
  6.6000000e-001  2.3000010e+000 -9.8531950e+000 -1.0705415e+001 -1.1769122e+001 -1.1701978e+001
  6.6666667e-001  2.1574110e+000 -9.9275630e+000 -1.0731894e+001 -1.1725167e+001 -1.1674444e+001
  6.7333333e-001  2.0039010e+000 -9.9972440e+000 -1.0718739e+001 -1.1707781e+001 -1.1652015e+001
  6.8000000e-001  1.8373380e+000 -1.0047427e+001 -1.0734044e+001 -1.1723897e+001 -1.1599986e+001
  6.8666667e-001  1.6460850e+000 -1.0110431e+001 -1.0742490e+001 -1.1726581e+001 -1.1543167e+001
  6.9333333e-001  1.4629700e+000 -1.0149202e+001 -1.0731471e+001 -1.1746449e+001 -1.1512528e+001
  7.0000000e-001  1.2267680e+000 -1.0191311e+001 -1.0733599e+001 -1.1798941e+001 -1.1454792e+001
  7.0666667e-001  9.9591800e-001 -1.0235997e+001 -1.0727613e+001 -1.1852789e+001 -1.1385498e+001
  7.1333333e-001  7.9248400e-001 -1.0302499e+001 -1.0741261e+001 -1.1910182e+001 -1.1319514e+001
  7.2000000e-001  5.8846900e-001 -1.0373826e+001 -1.0740644e+001 -1.1947970e+001 -1.1255135e+001
  7.2666667e-001  3.7624200e-001 -1.0446647e+001 -1.0743920e+001 -1.1981744e+001 -1.1128773e+001
  7.3333333e-001  1.2750900e-001 -1.0470995e+001 -1.0753528e+001 -1.1991708e+001 -1.1086116e+001
  7.4000000e-001 -9.8590000e-002 -1.0542213e+001 -1.0766150e+001 -1.2016028e+001 -1.1022136e+001
  7.4666667e-001 -3.5354200e-001 -1.0613152e+001 -1.0785800e+001 -1.2023727e+001 -1.0984705e+001
  7.5333333e-001 -6.0437300e-001 -1.0690293e+001 -1.0801623e+001 -1.2036158e+001 -1.0990486e+001
  7.6000000e-001 -9.2456600e-001 -1.0727315e+001 -1.0800878e+001 -1.2034947e+001 -1.0998180e+001
  7.6666667e-001 -1.2443460e+000 -1.0770267e+001 -1.0814548e+001 -1.2008004e+001 -1.1040337e+001
  7.7333333e-001 -1.5769270e+000 -1.0783997e+001 -1.0798448e+001 -1.1984297e+001 -1.1111034e+001
  7.8000000e-001 -1.8987160e+000 -1.0781590e+001 -1.0783905e+001 -1.1999275e+001 -1.1211145e+001
  7.8666667e-001 -2.1648030e+000 -1.0767236e+001 -1.0765112e+001 -1.2019345e+001 -1.1287959e+001
  7.9333333e-001 -2.4236030e+000 -1.0737776e+001 -1.0748242e+001 -1.2051767e+001 -1.1360926e+001
  8.0000000e-001 -2.6831720e+000 -1.0698877e+001 -1.0750025e+001 -1.2090037e+001 -1.1469893e+001
  8.0666667e-001 -2.9423180e+000 -1.0677258e+001 -1.0794795e+001 -1.2154989e+001 -1.1541471e+001
  8.1333333e-001 -3.1599180e+000 -1.0667809e+001 -1.0825620e+001 -1.2218548e+001 -1.1625177e+001
  8.2000000e-001 -3.4296130e+000 -1.0665160e+001 -1.0889334e+001 -1.2247262e+001 -1.1688078e+001
  8.2666667e-001 -3.6555680e+000 -1.0642941e+001 -1.0919791e+001 -1.2256102e+001 -1.1749865e+001
  8.3333333e-001 -3.8841740e+000 -1.0643747e+001 -1.0953522e+001 -1.2233850e+001 -1.1733163e+001
  8.4000000e-001 -4.1449350e+000 -1.0670874e+001 -1.0957568e+001 -1.2194418e+001 -1.1713308e+001
  8.4666667e-001 -4.3678000e+000 -1.0692478e+001 -1.0984178e+001 -1.2136879e+001 -1.1694409e+001
  8.5333333e-001 -4.6011330e+000 -1.0709985e+001 -1.1014771e+001 -1.2043768e+001 -1.1638119e+001
  8.6000000e-001 -4.8490210e+000 -1.0736754e+001 -1.0995401e+001 -1.1960276e+001 -1.1602778e+001
  8.6666667e-001 -5.0882590e+000 -1.0777340e+001 -1.0999952e+001 -1.1870892e+001 -1.1591495e+001
  8.7333333e-001 -5.3182720e+000 -1.0833998e+001 -1.1000872e+001 -1.1793950e+001 -1.1596574e+001
  8.8000000e-001 -5.5275030e+000 -1.0874770e+001 -1.0988393e+001 -1.1725022e+001 -1.1621555e+001
  8.8666667e-001 -5.7389170e+000 -1.0899399e+001 -1.0963383e+001 -1.1665615e+001 -1.1654588e+001
  8.9333333e-001 -5.9765600e+000 -1.0910568e+001 -1.0959203e+001 -1.1631740e+001 -1.1700117e+001
  9.0000000e-001 -6.2006890e+000 -1.0896781e+001 -1.0922022e+001 -1.1615899e+001 -1.1749826e+001
  9.0666667e-001 -6.4305010e+000 -1.0863849e+001 -1.0898310e+001 -1.1587312e+001 -1.1784801e+001
  9.1333333e-001 -6.6796560e+000 -1.0804879e+001 -1.0875960e+001 -1.1588348e+001 -1.1804406e+001
  9.2000000e-001 -6.8945430e+000 -1.0749753e+001 -1.0826423e+001 -1.1589151e+001 -1.1805773e+001
  9.2666667e-001 -7.1102620e+000 -1.0676699e+001 -1.0799854e+001 -1.1597602e+001 -1.1797817e+001
  9.3333333e-001 -7.3137960e+000 -1.0603589e+001 -1.0783361e+001 -1.1622114e+001 -1.1802106e+001
  9.4000000e-001 -7.4954540e+000 -1.0523932e+001 -1.0769732e+001 -1.1648696e+001 -1.1759876e+001
  9.4666667e-001 -7.6500250e+000 -1.0435901e+001 -1.0764246e+001 -1.1661804e+001 -1.1712448e+001
  9.5333333e-001 -7.7824540e+000 -1.0330729e+001 -1.0756385e+001 -1.1705594e+001 -1.1672480e+001
  9.6000000e-001 -7.8823410e+000 -1.0227052e+001 -1.0769194e+001 -1.1722528e+001 -1.1639919e+001
  9.6666667e-001 -7.9827320e+000 -1.0149992e+001 -1.0784495e+001 -1.1717867e+001 -1.1625934e+001
  9.7333333e-001 -8.0667680e+000 -1.0036415e+001 -1.0789794e+001 -1.1714362e+001 -1.1620348e+001
  9.8000000e-001 -8.1332810e+000 -9.9191060e+000 -1.0801519e+001 -1.1699263e+001 -1.1610372e+001
  9.8666667e-001 -8.2083580e+000 -9.7840600e+000 -1.0792027e+001 -1.1651525e+001 -1.1614548e+001
  9.9333333e-001 -8.2917450e+000 -9.5901860e+000 -1.0778637e+001 -1.1553628e+001 -1.1612747e+001
  1.0000000e+000 -8.3627450e+000 -9.4040840e+000 -1.0768135e+001 -1.1451465e+001 -1.1622976e+001
  1.0066667e+000 -8.4173410e+000 -9.2487370e+000 -1.0752313e+001 -1.1294107e+001 -1.1630884e+001
  1.0133333e+000 -8.4520430e+000 -9.1554360e+000 -1.0733732e+001 -1.1134523e+001 -1.1657217e+001
  1.0200000e+000 -8.5136510e+000 -9.1460300e+000 -1.0707602e+001 -1.0951909e+001 -1.1675898e+001
  1.0266667e+000 -8.5354790e+000 -9.1516780e+000 -1.0702021e+001 -1.0759514e+001 -1.1703994e+001
  1.0333333e+000 -8.5569860e+000 -9.2091580e+000 -1.0659596e+001 -1.0553332e+001 -1.1699856e+001
  1.0400000e+000 -8.6171220e+000 -9.3234610e+000 -1.0600114e+001 -1.0332538e+001 -1.1687397e+001
  1.0466667e+000 -8.6449870e+000 -9.4194410e+000 -1.0506553e+001 -1.0095879e+001 -1.1630970e+001
  1.0533333e+000 -8.7000480e+000 -9.4479590e+000 -1.0412254e+001 -9.8190730e+000 -1.1515667e+001
  1.0600000e+000 -8.7429120e+000 -9.3743910e+000 -1.0294271e+001 -9.5048910e+000 -1.1371148e+001
  1.0666667e+000 -8.7509900e+000 -9.2375000e+000 -1.0134430e+001 -9.1759690e+000 -1.1180048e+001
  1.0733333e+000 -8.7521150e+000 -9.0440440e+000 -9.9795700e+000 -8.8151450e+000 -1.0978546e+001
  1.0800000e+000 -8.7274970e+000 -8.8326440e+000 -9.8221980e+000 -8.4103920e+000 -1.0752343e+001
  1.0866667e+000 -8.6665760e+000 -8.5819560e+000 -9.6529800e+000 -7.9448100e+000 -1.0520253e+001
  1.0933333e+000 -8.5451810e+000 -8.3375430e+000 -9.4633770e+000 -7.4623590e+000 -1.0287878e+001
  1.1000000e+000 -8.3839720e+000 -8.1569870e+000 -9.2558330e+000 -6.9447420e+000 -1.0071620e+001
  1.1066667e+000 -8.2205590e+000 -8.0010340e+000 -9.0210190e+000 -6.3800330e+000 -9.8319740e+000
  1.1133333e+000 -7.9875790e+000 -7.8528450e+000 -8.7705800e+000 -5.7557690e+000 -9.5893900e+000
  1.1200000e+000 -7.7345120e+000 -7.6976540e+000 -8.4958550e+000 -5.1218810e+000 -9.3333250e+000
  1.1266667e+000 -7.3894680e+000 -7.5442500e+000 -8.1807470e+000 -4.4708030e+000 -9.0607880e+000
  1.1333333e+000 -6.9500880e+000 -7.3875200e+000 -7.8302590e+000 -3.8307960e+000 -8.7654940e+000
  1.1400000e+000 -6.4590760e+000 -7.2448000e+000 -7.4689040e+000 -3.1988900e+000 -8.4564030e+000
  1.1466667e+000 -5.9616360e+000 -7.1430430e+000 -7.0925660e+000 -2.5576840e+000 -8.1102970e+000
  1.1533333e+000 -5.4448890e+000 -7.0580820e+000 -6.6933910e+000 -1.9554360e+000 -7.7289080e+000
  1.1600000e+000 -4.9135560e+000 -7.0229190e+000 -6.2747040e+000 -1.3888930e+000 -7.3675480e+000
  1.1666667e+000 -4.3047400e+000 -7.0203450e+000 -5.7787410e+000 -8.5063700e-001 -6.9578290e+000
  1.1733333e+000 -3.5453830e+000 -7.0338390e+000 -5.3114040e+000 -3.2222200e-001 -6.5236830e+000
  1.1800000e+000 -2.6629530e+000 -7.0389920e+000 -4.8175290e+000  1.3705700e-001 -6.1029340e+000
  1.1866667e+000 -1.6500840e+000 -7.0766770e+000 -4.3592530e+000  5.1282800e-001 -5.6333890e+000
  1.1933333e+000 -5.2713500e-001 -7.0908500e+000 -3.8794680e+000  8.3762000e-001 -5.1239560e+000
  1.2000000e+000  6.0568400e-001 -7.1009780e+000 -3.3856430e+000  1.1434660e+000 -4.6192230e+000
  1.2066667e+000  1.7786140e+000 -7.0876680e+000 -2.9136880e+000  1.3762470e+000 -4.1085440e+000
  1.2133333e+000  2.9564480e+000 -7.0498590e+000 -2.4117740e+000  1.6082770e+000 -3.5663630e+000
  1.2200000e+000  4.0540870e+000 -6.9788280e+000 -1.9298610e+000  1.7498060e+000 -3.0695320e+000
  1.2266667e+000  4.8603770e+000 -6.9147260e+000 -1.4551730e+000  1.8806750e+000 -2.5915560e+000
  1.2333333e+000  5.5763920e+000 -6.8679500e+000 -9.9199500e-001  1.9758240e+000 -2.1312950e+000
  1.2400000e+000  6.5416180e+000 -6.7804780e+000 -5.5674700e-001  2.0390690e+000 -1.7140800e+000
  1.2466667e+000  7.8117630e+000 -6.6870960e+000 -1.3637700e-001  2.0934820e+000 -1.3016110e+000
  1.2533333e+000  9.4908630e+000 -6.6190090e+000  2.4885600e-001  2.1126820e+000 -9.2466100e-001
  1.2600000e+000  1.1212345e+001 -6.5306830e+000  5.5600800e-001  2.1484000e+000 -5.9651100e-001
  1.2666667e+000  1.2650000e+001 -6.4488560e+000  8.1271000e-001  2.1645440e+000 -2.7499300e-001
  1.2733333e+000  1.3717280e+001 -6.3433730e+000  1.0131120e+000  2.1930230e+000  4.1531000e-002
  1.2800000e+000  1.4567909e+001 -6.2313330e+000  1.1817460e+000  2.2183830e+000  2.9371400e-001
  1.2866667e+000  1.5354001e+001 -6.1601050e+000  1.2956510e+000  2.2568560e+000  5.4123700e-001
  1.2933333e+000  1.6105164e+001 -6.0465030e+000  1.3524620e+000  2.2840010e+000  7.5246900e-001
  1.3000000e+000  1.6789722e+001 -5.9394210e+000  1.3652420e+000  2.3347100e+000  9.1824200e-001
  1.3066667e+000  1.7402954e+001 -5.8501340e+000  1.3432890e+000  2.3496040e+000  1.0383620e+000
  1.3133333e+000  1.7870790e+001 -5.7556580e+000  1.3059430e+000  2.3744160e+000  1.1222330e+000
  1.3200000e+000  1.8178442e+001 -5.6734610e+000  1.1999940e+000  2.4042250e+000  1.1641420e+000
  1.3266667e+000  1.8416149e+001 -5.5778660e+000  1.1404300e+000  2.4332720e+000  1.1780030e+000
  1.3333333e+000  1.8507715e+001 -5.5072140e+000  1.0805210e+000  2.4582250e+000  1.1887950e+000
  1.3400000e+000  1.8536146e+001 -5.4465320e+000  1.0222340e+000  2.5252060e+000  1.1547180e+000
  1.3466667e+000  1.8467194e+001 -5.4187680e+000  9.6643300e-001  2.5871940e+000  1.1334500e+000
  1.3533333e+000  1.8377058e+001 -5.4082700e+000  9.3067100e-001  2.6408380e+000  1.0995980e+000
  1.3600000e+000  1.8233883e+001 -5.4345350e+000  9.0794800e-001  2.7326480e+000  1.0607460e+000
  1.3666667e+000  1.8146093e+001 -5.4815580e+000  8.8724500e-001  2.7867590e+000  1.0331130e+000
  1.3733333e+000  1.8116064e+001 -5.5425220e+000  8.5649400e-001  2.8645100e+000  1.0096500e+000
  1.3800000e+000  1.8170649e+001 -5.6247450e+000  8.1053400e-001  2.9326910e+000  9.7033000e-001
  1.3866667e+000  1.8270767e+001 -5.7266090e+000  7.8768300e-001  3.0057480e+000  9.5262000e-001
  1.3933333e+000  1.8386316e+001 -5.8216390e+000  7.3733500e-001  3.0835100e+000  9.2897300e-001
  1.4000000e+000  1.8523336e+001 -5.9079900e+000  7.0050600e-001  3.1565580e+000  9.0957000e-001
  1.4066667e+000  1.8591518e+001 -6.0193750e+000  6.6236700e-001  3.2293380e+000  8.7433300e-001
  1.4133333e+000  1.8691174e+001 -6.1233300e+000  5.9515200e-001  3.3057920e+000  8.5442700e-001
  1.4200000e+000  1.8785412e+001 -6.2091930e+000  5.3964000e-001  3.3571280e+000  8.2553100e-001
  1.4266667e+000  1.8833071e+001 -6.3102650e+000  4.5151400e-001  3.4284370e+000  7.8947800e-001
  1.4333333e+000  1.8851393e+001 -6.4076060e+000  3.5585900e-001  3.4752000e+000  7.6112300e-001
  1.4400000e+000  1.8828545e+001 -6.4880230e+000  2.3804000e-001  3.5445440e+000  7.2888300e-001
  1.4466667e+000  1.8736668e+001 -6.5731420e+000  1.3104600e-001  3.5944930e+000  6.8823500e-001
  1.4533333e+000  1.8597630e+001 -6.6685620e+000 -1.2157000e-002  3.6551160e+000  6.4156800e-001
  1.4600000e+000  1.8438929e+001 -6.7415840e+000 -1.5168400e-001  3.7017710e+000  5.6788400e-001
  1.4666667e+000  1.8303053e+001 -6.7947510e+000 -2.7612500e-001  3.7498430e+000  4.8916800e-001
  1.4733333e+000  1.8161430e+001 -6.8528410e+000 -4.2129000e-001  3.7809410e+000  4.1313300e-001
  1.4800000e+000  1.8070467e+001 -6.9088840e+000 -5.5927200e-001  3.8050610e+000  3.2601700e-001
  1.4866667e+000  1.7974255e+001 -6.9091220e+000 -6.8003500e-001  3.8216350e+000  2.0121200e-001
  1.4933333e+000  1.7899479e+001 -6.9249280e+000 -8.2206600e-001  3.8429310e+000  8.9184000e-002
  1.5000000e+000  1.7817320e+001 -6.8868490e+000 -9.5784400e-001  3.8366950e+000 -4.0417000e-002
  1.5066667e+000  1.7747602e+001 -6.8728660e+000 -1.0997850e+000  3.8310630e+000 -1.5586000e-001
  1.5133333e+000  1.7685041e+001 -6.8348830e+000 -1.2281830e+000  3.8396320e+000 -2.9368600e-001
  1.5200000e+000  1.7609079e+001 -6.7940110e+000 -1.3617820e+000  3.8289540e+000 -4.1281600e-001
  1.5266667e+000  1.7519505e+001 -6.7497030e+000 -1.5047650e+000  3.8225240e+000 -5.3203800e-001
  1.5333333e+000  1.7437366e+001 -6.7102140e+000 -1.6228510e+000  3.8157270e+000 -6.7124700e-001
  1.5400000e+000  1.7318226e+001 -6.6793830e+000 -1.7502380e+000  3.7939410e+000 -8.0747500e-001
  1.5466667e+000  1.7177525e+001 -6.6721440e+000 -1.8690540e+000  3.7556140e+000 -9.3777800e-001
  1.5533333e+000  1.7041780e+001 -6.6547970e+000 -1.9886590e+000  3.7289700e+000 -1.0717860e+000
  1.5600000e+000  1.6893295e+001 -6.6601900e+000 -2.1254850e+000  3.6864480e+000 -1.1957870e+000
  1.5666667e+000  1.6725313e+001 -6.6748260e+000 -2.2531260e+000  3.6352240e+000 -1.3140990e+000
  1.5733333e+000  1.6520992e+001 -6.6886570e+000 -2.3785450e+000  3.5847240e+000 -1.4474170e+000
  1.5800000e+000  1.6297611e+001 -6.7000540e+000 -2.5036300e+000  3.5488820e+000 -1.5704350e+000
  1.5866667e+000  1.6020975e+001 -6.7078130e+000 -2.6416890e+000  3.5226070e+000 -1.6749050e+000
  1.5933333e+000  1.5764413e+001 -6.7375760e+000 -2.7780400e+000  3.4775780e+000 -1.7732180e+000
  1.6000000e+000  1.5471902e+001 -6.7789700e+000 -2.8970570e+000  3.4460220e+000 -1.9064250e+000
  1.6066667e+000  1.5168377e+001 -6.7972280e+000 -3.0109060e+000  3.4121610e+000 -2.0425020e+000
  1.6133333e+000  1.4880894e+001 -6.7896180e+000 -3.1347320e+000  3.3692220e+000 -2.1603810e+000
  1.6200000e+000  1.4594729e+001 -6.8042480e+000 -3.2466550e+000  3.3303190e+000 -2.2716360e+000
  1.6266667e+000  1.4325335e+001 -6.8208180e+000 -3.3711320e+000  3.3000140e+000 -2.3880170e+000
  1.6333333e+000  1.4037901e+001 -6.8516240e+000 -3.4816150e+000  3.2595180e+000 -2.4847210e+000
  1.6400000e+000  1.3748971e+001 -6.8686160e+000 -3.5824180e+000  3.2060920e+000 -2.5808850e+000
  1.6466667e+000  1.3469325e+001 -6.9086050e+000 -3.7068710e+000  3.1683390e+000 -2.6746110e+000
  1.6533333e+000  1.3194387e+001 -6.9481390e+000 -3.8110540e+000  3.1197950e+000 -2.7627930e+000
  1.6600000e+000  1.2901853e+001 -6.9781770e+000 -3.9256750e+000  3.0621300e+000 -2.8768750e+000
  1.6666667e+000  1.2618590e+001 -7.0094700e+000 -4.0571280e+000  3.0038480e+000 -2.9773260e+000
  1.6733333e+000  1.2363692e+001 -7.0455790e+000 -4.1864480e+000  2.9435390e+000 -3.0799960e+000
  1.6800000e+000  1.2125172e+001 -7.0844110e+000 -4.3266410e+000  2.9122700e+000 -3.1694020e+000
  1.6866667e+000  1.1886290e+001 -7.1236700e+000 -4.4588500e+000  2.8528630e+000 -3.2585700e+000
  1.6933333e+000  1.1674992e+001 -7.1480850e+000 -4.5788200e+000  2.8133600e+000 -3.3432000e+000
  1.7000000e+000  1.1461516e+001 -7.1677580e+000 -4.7070380e+000  2.7785520e+000 -3.4398420e+000
  1.7066667e+000  1.1266280e+001 -7.1975310e+000 -4.8195410e+000  2.7413340e+000 -3.5307960e+000
  1.7133333e+000  1.1072071e+001 -7.2287960e+000 -4.9250680e+000  2.7080670e+000 -3.6008350e+000
  1.7200000e+000  1.0848527e+001 -7.2638320e+000 -5.0448640e+000  2.6794920e+000 -3.6955020e+000
  1.7266667e+000  1.0655104e+001 -7.2861480e+000 -5.1560790e+000  2.6571900e+000 -3.7717780e+000
  1.7333333e+000  1.0376947e+001 -7.2999650e+000 -5.2627060e+000  2.6163660e+000 -3.8311660e+000
  1.7400000e+000  1.0094059e+001 -7.3094430e+000 -5.3746940e+000  2.5907460e+000 -3.9091710e+000
  1.7466667e+000  9.8240810e+000 -7.3215260e+000 -5.4659660e+000  2.5480130e+000 -3.9714570e+000
  1.7533333e+000  9.5592250e+000 -7.3340500e+000 -5.5615120e+000  2.4960980e+000 -4.0212930e+000
  1.7600000e+000  9.2757570e+000 -7.3580590e+000 -5.6670020e+000  2.4587840e+000 -4.0670850e+000
  1.7666667e+000  8.9983920e+000 -7.3738400e+000 -5.7631240e+000  2.3805910e+000 -4.1248050e+000
  1.7733333e+000  8.6738960e+000 -7.3960250e+000 -5.8440290e+000  2.3087280e+000 -4.1554540e+000
  1.7800000e+000  8.3633350e+000 -7.4303470e+000 -5.9159360e+000  2.2497840e+000 -4.1805400e+000
  1.7866667e+000  8.0743480e+000 -7.4506340e+000 -5.9830490e+000  2.2047050e+000 -4.1873460e+000
  1.7933333e+000  7.7983490e+000 -7.4844530e+000 -6.0477900e+000  2.1439140e+000 -4.1827180e+000
  1.8000000e+000  7.5200420e+000 -7.5177140e+000 -6.1156530e+000  2.1000420e+000 -4.2068360e+000
  1.8066667e+000  7.2587550e+000 -7.5469950e+000 -6.1715360e+000  2.0540490e+000 -4.2332890e+000
  1.8133333e+000  6.9960320e+000 -7.5612930e+000 -6.2356150e+000  1.9865700e+000 -4.2918490e+000
  1.8200000e+000  6.7261680e+000 -7.5852530e+000 -6.3048420e+000  1.8875980e+000 -4.3241560e+000
  1.8266667e+000  6.4958030e+000 -7.6264570e+000 -6.3722310e+000  1.8056230e+000 -4.3526510e+000
  1.8333333e+000  6.2454920e+000 -7.6426930e+000 -6.4335160e+000  1.6706770e+000 -4.3939100e+000
  1.8400000e+000  6.0048230e+000 -7.6908910e+000 -6.5199330e+000  1.5500150e+000 -4.4358490e+000
  1.8466667e+000  5.7605610e+000 -7.7071260e+000 -6.5651990e+000  1.4284060e+000 -4.4851560e+000
  1.8533333e+000  5.5167000e+000 -7.7288540e+000 -6.6418270e+000  1.3016290e+000 -4.5434100e+000
  1.8600000e+000  5.2774460e+000 -7.7420360e+000 -6.6970750e+000  1.1721100e+000 -4.6158760e+000
  1.8666667e+000  5.0625700e+000 -7.7584300e+000 -6.7661220e+000  1.0520200e+000 -4.6677120e+000
  1.8733333e+000  4.8400160e+000 -7.7935130e+000 -6.8112570e+000  9.1755900e-001 -4.7151440e+000
  1.8800000e+000  4.6184640e+000 -7.8327780e+000 -6.8663970e+000  7.8136200e-001 -4.7775560e+000
  1.8866667e+000  4.3949270e+000 -7.8334310e+000 -6.9126970e+000  6.3243500e-001 -4.8303790e+000
  1.8933333e+000  4.1654160e+000 -7.8523780e+000 -6.9589830e+000  4.9407200e-001 -4.8770450e+000
  1.9000000e+000  3.9715160e+000 -7.8611040e+000 -6.9860220e+000  3.5300000e-001 -4.9323210e+000
  1.9066667e+000  3.7678590e+000 -7.8623580e+000 -7.0300970e+000  1.9218900e-001 -4.9953960e+000
  1.9133333e+000  3.5893330e+000 -7.8688200e+000 -7.0733010e+000  3.9824000e-002 -5.0442680e+000
  1.9200000e+000  3.4133010e+000 -7.8459050e+000 -7.1175730e+000 -1.0134800e-001 -5.0889820e+000
  1.9266667e+000  3.2305130e+000 -7.8383550e+000 -7.1824930e+000 -2.5581700e-001 -5.1316950e+000
  1.9333333e+000  3.0629510e+000 -7.8234940e+000 -7.2472450e+000 -4.0083300e-001 -5.1945800e+000
  1.9400000e+000  2.8965620e+000 -7.8163790e+000 -7.3118260e+000 -5.6704700e-001 -5.2208660e+000
  1.9466667e+000  2.7362500e+000 -7.7970580e+000 -7.3706770e+000 -7.1110900e-001 -5.2349000e+000
  1.9533333e+000  2.5628110e+000 -7.7798350e+000 -7.4257120e+000 -8.7729200e-001 -5.2772300e+000
  1.9600000e+000  2.4158790e+000 -7.7698110e+000 -7.4700900e+000 -1.0662820e+000 -5.3131660e+000
  1.9666667e+000  2.2520700e+000 -7.7675070e+000 -7.5274590e+000 -1.2481670e+000 -5.3564000e+000
  1.9733333e+000  2.0920210e+000 -7.7662310e+000 -7.5684170e+000 -1.4191460e+000 -5.3877270e+000
  1.9800000e+000  1.9242530e+000 -7.7587120e+000 -7.6315550e+000 -1.6248810e+000 -5.4123770e+000
  1.9866667e+000  1.7502240e+000 -7.7520780e+000 -7.6978780e+000 -1.7938270e+000 -5.4390400e+000
  1.9933333e+000  1.5853340e+000 -7.7571270e+000 -7.7515140e+000 -1.9364960e+000 -5.4766700e+000
  2.0000000e+000  1.3867070e+000 -7.7590310e+000 -7.7982950e+000 -2.0996600e+000 -5.5155700e+000
