 -5.0000000e-001  3.8523400e-001  3.8521200e-001  3.8516500e-001  3.8510200e-001  3.8514400e-001
 -4.9333333e-001  3.8523100e-001  3.8519100e-001  3.8516600e-001  3.8515900e-001  3.8519300e-001
 -4.8666667e-001  3.8526000e-001  3.8522400e-001  3.8516900e-001  3.8515600e-001  3.8519300e-001
 -4.8000000e-001  3.8522000e-001  3.8520600e-001  3.8520700e-001  3.8516500e-001  3.8516000e-001
 -4.7333333e-001  3.8521300e-001  3.8517500e-001  3.8518100e-001  3.8514100e-001  3.8515600e-001
 -4.6666667e-001  3.8520700e-001  3.8518800e-001  3.8514300e-001  3.8512800e-001  3.8515300e-001
 -4.6000000e-001  3.8522200e-001  3.8519700e-001  3.8518000e-001  3.8514900e-001  3.8516800e-001
 -4.5333333e-001  3.8521300e-001  3.8520900e-001  3.8519700e-001  3.8514100e-001  3.8517400e-001
 -4.4666667e-001  3.8518200e-001  3.8522900e-001  3.8515800e-001  3.8514000e-001  3.8518200e-001
 -4.4000000e-001  3.8519100e-001  3.8521900e-001  3.8517800e-001  3.8512400e-001  3.8514400e-001
 -4.3333333e-001  3.8520200e-001  3.8517300e-001  3.8516700e-001  3.8509300e-001  3.8514800e-001
 -4.2666667e-001  3.8522900e-001  3.8518200e-001  3.8519200e-001  3.8511800e-001  3.8515800e-001
 -4.2000000e-001  3.8523800e-001  3.8517400e-001  3.8519400e-001  3.8513200e-001  3.8516200e-001
 -4.1333333e-001  3.8518100e-001  3.8519100e-001  3.8520400e-001  3.8513600e-001  3.8513900e-001
 -4.0666667e-001  3.8515700e-001  3.8516400e-001  3.8516900e-001  3.8514800e-001  3.8515600e-001
 -4.0000000e-001  3.8517900e-001  3.8520500e-001  3.8519400e-001  3.8512300e-001  3.8517200e-001
 -3.9333333e-001  3.8519200e-001  3.8516800e-001  3.8519500e-001  3.8516000e-001  3.8518100e-001
 -3.8666667e-001  3.8520800e-001  3.8515900e-001  3.8518400e-001  3.8513400e-001  3.8517800e-001
 -3.8000000e-001  3.8518400e-001  3.8519800e-001  3.8518000e-001  3.8515000e-001  3.8516500e-001
 -3.7333333e-001  3.8521200e-001  3.8520700e-001  3.8518200e-001  3.8514600e-001  3.8514900e-001
 -3.6666667e-001  3.8518100e-001  3.8519800e-001  3.8519900e-001  3.8512300e-001  3.8518500e-001
 -3.6000000e-001  3.8517900e-001  3.8519700e-001  3.8518200e-001  3.8511600e-001  3.8519100e-001
 -3.5333333e-001  3.8520100e-001  3.8519000e-001  3.8515700e-001  3.8514300e-001  3.8516700e-001
 -3.4666667e-001  3.8517700e-001  3.8519100e-001  3.8514400e-001  3.8512100e-001  3.8516700e-001
 -3.4000000e-001  3.8518500e-001  3.8521700e-001  3.8515800e-001  3.8513900e-001  3.8516200e-001
 -3.3333333e-001  3.8519600e-001  3.8519500e-001  3.8514200e-001  3.8512900e-001  3.8516000e-001
 -3.2666667e-001  3.8520900e-001  3.8517900e-001  3.8516300e-001  3.8515100e-001  3.8520400e-001
 -3.2000000e-001  3.8517000e-001  3.8519900e-001  3.8519700e-001  3.8513100e-001  3.8517500e-001
 -3.1333333e-001  3.8520500e-001  3.8521100e-001  3.8516800e-001  3.8514300e-001  3.8516200e-001
 -3.0666667e-001  3.8521800e-001  3.8516600e-001  3.8519900e-001  3.8513000e-001  3.8514200e-001
 -3.0000000e-001  3.8518000e-001  3.8518900e-001  3.8517000e-001  3.8510500e-001  3.8513700e-001
 -2.9333333e-001  3.8521400e-001  3.8521000e-001  3.8517900e-001  3.8513300e-001  3.8516500e-001
 -2.8666667e-001  3.8518000e-001  3.8516800e-001  3.8516900e-001  3.8512600e-001  3.8514600e-001
 -2.8000000e-001  3.8517000e-001  3.8518600e-001  3.8517700e-001  3.8515200e-001  3.8515100e-001
 -2.7333333e-001  3.8519000e-001  3.8516400e-001  3.8520300e-001  3.8515900e-001  3.8513800e-001
 -2.6666667e-001  3.8520800e-001  3.8517900e-001  3.8519500e-001  3.8513400e-001  3.8512700e-001
 -2.6000000e-001  3.8518300e-001  3.8518000e-001  3.8515400e-001  3.8517100e-001  3.8517400e-001
 -2.5333333e-001  3.8519900e-001  3.8520400e-001  3.8516000e-001  3.8516100e-001  3.8516100e-001
 -2.4666667e-001  3.8522900e-001  3.8522300e-001  3.8512700e-001  3.8514100e-001  3.8513700e-001
 -2.4000000e-001  3.8523600e-001  3.8518500e-001  3.8514800e-001  3.8515500e-001  3.8515600e-001
 -2.3333333e-001  3.8522500e-001  3.8514300e-001  3.8519700e-001  3.8517100e-001  3.8518100e-001
 -2.2666667e-001  3.8520400e-001  3.8516200e-001  3.8515400e-001  3.8518500e-001  3.8518300e-001
 -2.2000000e-001  3.8519100e-001  3.8519200e-001  3.8514800e-001  3.8517400e-001  3.8515400e-001
 -2.1333333e-001  3.8518900e-001  3.8517400e-001  3.8515200e-001  3.8515000e-001  3.8518700e-001
 -2.0666667e-001  3.8518700e-001  3.8517000e-001  3.8516000e-001  3.8512800e-001  3.8517000e-001
 -2.0000000e-001  3.8521000e-001  3.8520000e-001  3.8516900e-001  3.8516600e-001  3.8513300e-001
 -1.9333333e-001  3.8523500e-001  3.8516400e-001  3.8518300e-001  3.8520300e-001  3.8514500e-001
 -1.8666667e-001  3.8520100e-001  3.8519500e-001  3.8518400e-001  3.8518500e-001  3.8516900e-001
 -1.8000000e-001  3.8522500e-001  3.8519700e-001  3.8518000e-001  3.8516100e-001  3.8517300e-001
 -1.7333333e-001  3.8523200e-001  3.8518200e-001  3.8516300e-001  3.8515600e-001  3.8516800e-001
 -1.6666667e-001  3.8523300e-001  3.8515200e-001  3.8514900e-001  3.8514500e-001  3.8516000e-001
 -1.6000000e-001  3.8521000e-001  3.8514500e-001  3.8513800e-001  3.8514100e-001  3.8512400e-001
 -1.5333333e-001  3.8520700e-001  3.8514500e-001  3.8513900e-001  3.8515300e-001  3.8515100e-001
 -1.4666667e-001  3.8524600e-001  3.8516100e-001  3.8513300e-001  3.8515700e-001  3.8517200e-001
 -1.4000000e-001  3.8519700e-001  3.8517800e-001  3.8516100e-001  3.8517500e-001  3.8515400e-001
 -1.3333333e-001  3.8519500e-001  3.8517700e-001  3.8513200e-001  3.8517800e-001  3.8516800e-001
 -1.2666667e-001  3.8521900e-001  3.8518600e-001  3.8517200e-001  3.8515200e-001  3.8514800e-001
 -1.2000000e-001  3.8521200e-001  3.8516400e-001  3.8518800e-001  3.8518900e-001  3.8516100e-001
 -1.1333333e-001  3.8523900e-001  3.8517700e-001  3.8519200e-001  3.8518600e-001  3.8514900e-001
 -1.0666667e-001  3.8524300e-001  3.8515900e-001  3.8518500e-001  3.8518600e-001  3.8513800e-001
 -1.0000000e-001  3.8523000e-001  3.8514800e-001  3.8516700e-001  3.8518100e-001  3.8515900e-001
 -9.3333333e-002  3.8522400e-001  3.8514500e-001  3.8517800e-001  3.8518900e-001  3.8518200e-001
 -8.6666667e-002  3.8524400e-001  3.8511500e-001  3.8516900e-001  3.8518500e-001  3.8514400e-001
 -8.0000000e-002  3.8524200e-001  3.8511000e-001  3.8514800e-001  3.8518400e-001  3.8513800e-001
 -7.3333333e-002  3.8524100e-001  3.8514700e-001  3.8517600e-001  3.8520400e-001  3.8515400e-001
 -6.6666667e-002  3.8524300e-001  3.8514100e-001  3.8516100e-001  3.8515700e-001  3.8514600e-001
 -6.0000000e-002  3.8524500e-001  3.8511500e-001  3.8520100e-001  3.8519900e-001  3.8516200e-001
 -5.3333333e-002  3.8525800e-001  3.8513500e-001  3.8515300e-001  3.8518600e-001  3.8514100e-001
 -4.6666667e-002  3.8528700e-001  3.8515800e-001  3.8516000e-001  3.8518200e-001  3.8512800e-001
 -4.0000000e-002  3.8522600e-001  3.8516200e-001  3.8516100e-001  3.8517900e-001  3.8512700e-001
 -3.3333333e-002  3.8523400e-001  3.8516300e-001  3.8516500e-001  3.8515900e-001  3.8514900e-001
 -2.6666667e-002  3.8527700e-001  3.8518900e-001  3.8518800e-001  3.8516800e-001  3.8516000e-001
 -2.0000000e-002  3.8524800e-001  3.8522900e-001  3.8521700e-001  3.8520700e-001  3.8518700e-001
 -1.3333333e-002  3.8533100e-001  3.8523300e-001  3.8526500e-001  3.8523800e-001  3.8524600e-001
 -6.6666667e-003  3.8546400e-001  3.8532600e-001  3.8536900e-001  3.8534800e-001  3.8533900e-001
  0.0000000e+000  3.8563400e-001  3.8553100e-001  3.8555500e-001  3.8551500e-001  3.8549400e-001
  6.6666667e-003  3.8587800e-001  3.8578300e-001  3.8581900e-001  3.8576100e-001  3.8578800e-001
  1.3333333e-002  3.8615100e-001  3.8608800e-001  3.8614700e-001  3.8605400e-001  3.8604100e-001
  2.0000000e-002  3.8650300e-001  3.8645700e-001  3.8654400e-001  3.8646200e-001  3.8643700e-001
  2.6666667e-002  3.8690200e-001  3.8684500e-001  3.8695300e-001  3.8682200e-001  3.8683700e-001
  3.3333333e-002  3.8734100e-001  3.8728100e-001  3.8740900e-001  3.8725700e-001  3.8728600e-001
  4.0000000e-002  3.8775200e-001  3.8773000e-001  3.8784200e-001  3.8766100e-001  3.8768400e-001
  4.6666667e-002  3.8822200e-001  3.8818200e-001  3.8821900e-001  3.8808500e-001  3.8814800e-001
  5.3333333e-002  3.8868300e-001  3.8862400e-001  3.8865000e-001  3.8852400e-001  3.8855000e-001
  6.0000000e-002  3.8911700e-001  3.8908700e-001  3.8912000e-001  3.8897900e-001  3.8901800e-001
  6.6666667e-002  3.8957400e-001  3.8955100e-001  3.8965900e-001  3.8942500e-001  3.8952500e-001
  7.3333333e-002  3.9009200e-001  3.9011000e-001  3.9021100e-001  3.9001400e-001  3.9002900e-001
  8.0000000e-002  3.9073000e-001  3.9073200e-001  3.9086200e-001  3.9062700e-001  3.9066000e-001
  8.6666667e-002  3.9137000e-001  3.9142400e-001  3.9153200e-001  3.9132300e-001  3.9132700e-001
  9.3333333e-002  3.9212200e-001  3.9214600e-001  3.9232900e-001  3.9205800e-001  3.9209200e-001
  1.0000000e-001  3.9294700e-001  3.9292700e-001  3.9309100e-001  3.9282800e-001  3.9289300e-001
  1.0666667e-001  3.9376100e-001  3.9377400e-001  3.9390700e-001  3.9360600e-001  3.9367200e-001
  1.1333333e-001  3.9455200e-001  3.9459800e-001  3.9470800e-001  3.9439300e-001  3.9445800e-001
  1.2000000e-001  3.9537000e-001  3.9538800e-001  3.9556600e-001  3.9525100e-001  3.9527800e-001
  1.2666667e-001  3.9620500e-001  3.9623500e-001  3.9636300e-001  3.9605200e-001  3.9611100e-001
  1.3333333e-001  3.9706600e-001  3.9711700e-001  3.9726100e-001  3.9691600e-001  3.9699200e-001
  1.4000000e-001  3.9793300e-001  3.9800400e-001  3.9816800e-001  3.9783000e-001  3.9787600e-001
  1.4666667e-001  3.9891300e-001  3.9898200e-001  3.9913300e-001  3.9877500e-001  3.9882800e-001
  1.5333333e-001  3.9994700e-001  3.9995800e-001  4.0016600e-001  3.9978600e-001  3.9986300e-001
  1.6000000e-001  4.0102600e-001  4.0107900e-001  4.0127500e-001  4.0083600e-001  4.0095500e-001
  1.6666667e-001  4.0214200e-001  4.0221400e-001  4.0240500e-001  4.0198400e-001  4.0205200e-001
  1.7333333e-001  4.0330800e-001  4.0336800e-001  4.0353100e-001  4.0309900e-001  4.0319300e-001
  1.8000000e-001  4.0446300e-001  4.0455500e-001  4.0472000e-001  4.0424200e-001  4.0438200e-001
  1.8666667e-001  4.0569600e-001  4.0578200e-001  4.0595300e-001  4.0547300e-001  4.0556400e-001
  1.9333333e-001  4.0688500e-001  4.0699300e-001  4.0721100e-001  4.0668900e-001  4.0677500e-001
  2.0000000e-001  4.0813400e-001  4.0824100e-001  4.0844700e-001  4.0796300e-001  4.0802400e-001
  2.0666667e-001  4.0941100e-001  4.0947800e-001  4.0969900e-001  4.0923800e-001  4.0930300e-001
  2.1333333e-001  4.1067800e-001  4.1076500e-001  4.1099100e-001  4.1047300e-001  4.1053600e-001
  2.2000000e-001  4.1200500e-001  4.1204800e-001  4.1233600e-001  4.1179000e-001  4.1187200e-001
  2.2666667e-001  4.1337400e-001  4.1346800e-001  4.1368400e-001  4.1314400e-001  4.1327300e-001
  2.3333333e-001  4.1482100e-001  4.1492400e-001  4.1513300e-001  4.1460600e-001  4.1469200e-001
  2.4000000e-001  4.1631000e-001  4.1638600e-001  4.1667600e-001  4.1610100e-001  4.1615300e-001
  2.4666667e-001  4.1782800e-001  4.1793700e-001  4.1824600e-001  4.1765800e-001  4.1766500e-001
  2.5333333e-001  4.1942800e-001  4.1949500e-001  4.1985400e-001  4.1921600e-001  4.1922400e-001
  2.6000000e-001  4.2106600e-001  4.2112600e-001  4.2144200e-001  4.2082000e-001  4.2080600e-001
  2.6666667e-001  4.2268700e-001  4.2276200e-001  4.2306100e-001  4.2242000e-001  4.2246100e-001
  2.7333333e-001  4.2434000e-001  4.2441800e-001  4.2473100e-001  4.2406200e-001  4.2412600e-001
  2.8000000e-001  4.2598100e-001  4.2616000e-001  4.2644000e-001  4.2575200e-001  4.2583900e-001
  2.8666667e-001  4.2768300e-001  4.2785900e-001  4.2813500e-001  4.2740800e-001  4.2760400e-001
  2.9333333e-001  4.2938400e-001  4.2950400e-001  4.2981100e-001  4.2907900e-001  4.2932900e-001
  3.0000000e-001  4.3104000e-001  4.3121600e-001  4.3148700e-001  4.3080000e-001  4.3101500e-001
  3.0666667e-001  4.3271100e-001  4.3286600e-001  4.3315200e-001  4.3251500e-001  4.3272100e-001
  3.1333333e-001  4.3434800e-001  4.3450500e-001  4.3480200e-001  4.3417200e-001  4.3435100e-001
  3.2000000e-001  4.3600600e-001  4.3612600e-001  4.3643700e-001  4.3581300e-001  4.3593600e-001
  3.2666667e-001  4.3766500e-001  4.3778800e-001  4.3807500e-001  4.3743700e-001  4.3754500e-001
  3.3333333e-001  4.3932900e-001  4.3944700e-001  4.3976500e-001  4.3910900e-001  4.3917500e-001
  3.4000000e-001  4.4102000e-001  4.4114000e-001  4.4142600e-001  4.4077700e-001  4.4082200e-001
  3.4666667e-001  4.4266600e-001  4.4284700e-001  4.4309700e-001  4.4241300e-001  4.4255300e-001
  3.5333333e-001  4.4430200e-001  4.4451700e-001  4.4478400e-001  4.4411600e-001  4.4421900e-001
  3.6000000e-001  4.4600100e-001  4.4624600e-001  4.4648700e-001  4.4579900e-001  4.4596200e-001
  3.6666667e-001  4.4770700e-001  4.4792500e-001  4.4819400e-001  4.4750200e-001  4.4767500e-001
  3.7333333e-001  4.4940200e-001  4.4958700e-001  4.4987000e-001  4.4921800e-001  4.4938700e-001
  3.8000000e-001  4.5110300e-001  4.5124200e-001  4.5150400e-001  4.5085500e-001  4.5102100e-001
  3.8666667e-001  4.5271300e-001  4.5286700e-001  4.5315100e-001  4.5249400e-001  4.5267000e-001
  3.9333333e-001  4.5439700e-001  4.5450900e-001  4.5482500e-001  4.5413600e-001  4.5425600e-001
  4.0000000e-001  4.5603100e-001  4.5616300e-001  4.5645900e-001  4.5577800e-001  4.5587200e-001
  4.0666667e-001  4.5770700e-001  4.5780700e-001  4.5814100e-001  4.5743700e-001  4.5752400e-001
  4.1333333e-001  4.5936300e-001  4.5949800e-001  4.5977200e-001  4.5910400e-001  4.5916700e-001
  4.2000000e-001  4.6101200e-001  4.6116200e-001  4.6146900e-001  4.6072500e-001  4.6082800e-001
  4.2666667e-001  4.6264600e-001  4.6281000e-001  4.6314800e-001  4.6240500e-001  4.6254300e-001
  4.3333333e-001  4.6431400e-001  4.6451500e-001  4.6478800e-001  4.6407400e-001  4.6423900e-001
  4.4000000e-001  4.6601100e-001  4.6622400e-001  4.6651000e-001  4.6577200e-001  4.6594100e-001
  4.4666667e-001  4.6768500e-001  4.6790300e-001  4.6819300e-001  4.6747500e-001  4.6764300e-001
  4.5333333e-001  4.6935200e-001  4.6954300e-001  4.6984300e-001  4.6917400e-001  4.6931500e-001
  4.6000000e-001  4.7101700e-001  4.7114300e-001  4.7145300e-001  4.7080800e-001  4.7090200e-001
  4.6666667e-001  4.7265100e-001  4.7279100e-001  4.7309200e-001  4.7240700e-001  4.7255800e-001
  4.7333333e-001  4.7431800e-001  4.7446400e-001  4.7475500e-001  4.7407000e-001  4.7419300e-001
  4.8000000e-001  4.7597700e-001  4.7615500e-001  4.7642200e-001  4.7576100e-001  4.7585900e-001
  4.8666667e-001  4.7766500e-001  4.7784800e-001  4.7810000e-001  4.7741600e-001  4.7754700e-001
  4.9333333e-001  4.7933400e-001  4.7952500e-001  4.7979300e-001  4.7908400e-001  4.7925900e-001
  5.0000000e-001  4.8100000e-001  4.8119500e-001  4.8148700e-001  4.8075200e-001  4.8093800e-001
  5.0666667e-001  4.8265700e-001  4.8287200e-001  4.8315400e-001  4.8241400e-001  4.8261200e-001
  5.1333333e-001  4.8435200e-001  4.8456600e-001  4.8483500e-001  4.8410600e-001  4.8427700e-001
  5.2000000e-001  4.8603000e-001  4.8626100e-001  4.8652500e-001  4.8578900e-001  4.8596100e-001
  5.2666667e-001  4.8770600e-001  4.8792800e-001  4.8818000e-001  4.8746000e-001  4.8762100e-001
  5.3333333e-001  4.8939100e-001  4.8959900e-001  4.8985700e-001  4.8914000e-001  4.8927800e-001
  5.4000000e-001  4.9102300e-001  4.9122100e-001  4.9151800e-001  4.9081700e-001  4.9092600e-001
  5.4666667e-001  4.9269800e-001  4.9289100e-001  4.9318300e-001  4.9247000e-001  4.9258100e-001
  5.5333333e-001  4.9433400e-001  4.9453600e-001  4.9481600e-001  4.9410900e-001  4.9423100e-001
  5.6000000e-001  4.9598800e-001  4.9621600e-001  4.9648800e-001  4.9577800e-001  4.9587700e-001
  5.6666667e-001  4.9767500e-001  4.9791400e-001  4.9817200e-001  4.9745900e-001  4.9757500e-001
  5.7333333e-001  4.9936100e-001  4.9958200e-001  4.9982000e-001  4.9912800e-001  4.9927900e-001
  5.8000000e-001  5.0105900e-001  5.0124800e-001  5.0152100e-001  5.0078400e-001  5.0097700e-001
  5.8666667e-001  5.0270100e-001  5.0291400e-001  5.0317800e-001  5.0246900e-001  5.0264700e-001
  5.9333333e-001  5.0435000e-001  5.0458500e-001  5.0485900e-001  5.0412500e-001  5.0433200e-001
  6.0000000e-001  5.0606100e-001  5.0626100e-001  5.0651900e-001  5.0582800e-001  5.0600100e-001
  6.0666667e-001  5.0774400e-001  5.0791000e-001  5.0817900e-001  5.0748100e-001  5.0766100e-001
  6.1333333e-001  5.0936200e-001  5.0953900e-001  5.0986300e-001  5.0916400e-001  5.0930300e-001
  6.2000000e-001  5.1099100e-001  5.1121800e-001  5.1147700e-001  5.1082900e-001  5.1092200e-001
  6.2666667e-001  5.1267000e-001  5.1288900e-001  5.1313000e-001  5.1245200e-001  5.1256700e-001
  6.3333333e-001  5.1434600e-001  5.1455800e-001  5.1483500e-001  5.1409900e-001  5.1426700e-001
  6.4000000e-001  5.1600500e-001  5.1620300e-001  5.1649700e-001  5.1575100e-001  5.1595800e-001
  6.4666667e-001  5.1766400e-001  5.1786100e-001  5.1814900e-001  5.1744900e-001  5.1763200e-001
  6.5333333e-001  5.1935900e-001  5.1957800e-001  5.1979200e-001  5.1912000e-001  5.1929700e-001
  6.6000000e-001  5.2104300e-001  5.2124000e-001  5.2152700e-001  5.2080000e-001  5.2098200e-001
  6.6666667e-001  5.2271800e-001  5.2291100e-001  5.2318900e-001  5.2248000e-001  5.2266000e-001
  6.7333333e-001  5.2436400e-001  5.2459600e-001  5.2485500e-001  5.2419700e-001  5.2435000e-001
  6.8000000e-001  5.2607700e-001  5.2624500e-001  5.2654900e-001  5.2584800e-001  5.2602400e-001
  6.8666667e-001  5.2773000e-001  5.2790400e-001  5.2820200e-001  5.2750400e-001  5.2769300e-001
  6.9333333e-001  5.2935900e-001  5.2956400e-001  5.2984200e-001  5.2916600e-001  5.2934500e-001
  7.0000000e-001  5.3101300e-001  5.3123500e-001  5.3151300e-001  5.3084100e-001  5.3092200e-001
  7.0666667e-001  5.3267700e-001  5.3286400e-001  5.3315900e-001  5.3247600e-001  5.3260100e-001
  7.1333333e-001  5.3434600e-001  5.3456000e-001  5.3486200e-001  5.3413900e-001  5.3429600e-001
  7.2000000e-001  5.3603600e-001  5.3625900e-001  5.3655600e-001  5.3580600e-001  5.3600700e-001
  7.2666667e-001  5.3774400e-001  5.3793200e-001  5.3820800e-001  5.3751700e-001  5.3766400e-001
  7.3333333e-001  5.3937900e-001  5.3961300e-001  5.3987800e-001  5.3918600e-001  5.3933600e-001
  7.4000000e-001  5.4106700e-001  5.4127700e-001  5.4153800e-001  5.4082700e-001  5.4099400e-001
  7.4666667e-001  5.4273900e-001  5.4292500e-001  5.4317200e-001  5.4249200e-001  5.4264300e-001
  7.5333333e-001  5.4436800e-001  5.4457300e-001  5.4484400e-001  5.4417900e-001  5.4431500e-001
  7.6000000e-001  5.4603700e-001  5.4620200e-001  5.4651300e-001  5.4586700e-001  5.4597600e-001
  7.6666667e-001  5.4769900e-001  5.4784300e-001  5.4816400e-001  5.4750700e-001  5.4761700e-001
  7.7333333e-001  5.4935500e-001  5.4952100e-001  5.4978700e-001  5.4912400e-001  5.4923600e-001
  7.8000000e-001  5.5100300e-001  5.5117200e-001  5.5145800e-001  5.5078600e-001  5.5089000e-001
  7.8666667e-001  5.5268400e-001  5.5284700e-001  5.5310600e-001  5.5246000e-001  5.5253000e-001
  7.9333333e-001  5.5435400e-001  5.5450600e-001  5.5479500e-001  5.5409600e-001  5.5422200e-001
  8.0000000e-001  5.5601900e-001  5.5619300e-001  5.5645000e-001  5.5577000e-001  5.5591900e-001
  8.0666667e-001  5.5767800e-001  5.5786900e-001  5.5811800e-001  5.5744400e-001  5.5762600e-001
  8.1333333e-001  5.5933600e-001  5.5957200e-001  5.5981700e-001  5.5912600e-001  5.5928700e-001
  8.2000000e-001  5.6103800e-001  5.6121600e-001  5.6149200e-001  5.6081000e-001  5.6092200e-001
  8.2666667e-001  5.6272900e-001  5.6288400e-001  5.6317900e-001  5.6248000e-001  5.6259900e-001
  8.3333333e-001  5.6438900e-001  5.6457100e-001  5.6484300e-001  5.6414400e-001  5.6429300e-001
  8.4000000e-001  5.6602900e-001  5.6625500e-001  5.6650600e-001  5.6580400e-001  5.6596700e-001
  8.4666667e-001  5.6770400e-001  5.6789300e-001  5.6813800e-001  5.6747100e-001  5.6760900e-001
  8.5333333e-001  5.6937300e-001  5.6955900e-001  5.6979300e-001  5.6913400e-001  5.6926500e-001
  8.6000000e-001  5.7103000e-001  5.7122800e-001  5.7147100e-001  5.7082700e-001  5.7094600e-001
  8.6666667e-001  5.7272000e-001  5.7289800e-001  5.7319000e-001  5.7248200e-001  5.7262700e-001
  8.7333333e-001  5.7440900e-001  5.7458900e-001  5.7486000e-001  5.7416900e-001  5.7430600e-001
  8.8000000e-001  5.7607800e-001  5.7625100e-001  5.7652100e-001  5.7584100e-001  5.7598600e-001
  8.8666667e-001  5.7774000e-001  5.7789900e-001  5.7818500e-001  5.7753600e-001  5.7764900e-001
  8.9333333e-001  5.7936500e-001  5.7957100e-001  5.7984300e-001  5.7919800e-001  5.7931300e-001
  9.0000000e-001  5.8103000e-001  5.8123300e-001  5.8148000e-001  5.8083100e-001  5.8096900e-001
  9.0666667e-001  5.8268300e-001  5.8290600e-001  5.8316100e-001  5.8250200e-001  5.8262900e-001
  9.1333333e-001  5.8437100e-001  5.8456000e-001  5.8485100e-001  5.8416300e-001  5.8430300e-001
  9.2000000e-001  5.8605000e-001  5.8624400e-001  5.8652600e-001  5.8583500e-001  5.8596600e-001
  9.2666667e-001  5.8770300e-001  5.8794200e-001  5.8817400e-001  5.8749700e-001  5.8761100e-001
  9.3333333e-001  5.8937000e-001  5.8960200e-001  5.8982300e-001  5.8914700e-001  5.8926400e-001
  9.4000000e-001  5.9099700e-001  5.9120100e-001  5.9147000e-001  5.9079700e-001  5.9093300e-001
  9.4666667e-001  5.9268500e-001  5.9287100e-001  5.9314300e-001  5.9245800e-001  5.9261000e-001
  9.5333333e-001  5.9432600e-001  5.9454900e-001  5.9480900e-001  5.9411000e-001  5.9427400e-001
  9.6000000e-001  5.9599600e-001  5.9623900e-001  5.9645900e-001  5.9577700e-001  5.9593700e-001
  9.6666667e-001  5.9764400e-001  5.9792100e-001  5.9812500e-001  5.9745400e-001  5.9760800e-001
  9.7333333e-001  5.9930400e-001  5.9952700e-001  5.9977600e-001  5.9912700e-001  5.9926200e-001
  9.8000000e-001  6.0095700e-001  6.0120700e-001  6.0142500e-001  6.0078400e-001  6.0090000e-001
  9.8666667e-001  6.0266900e-001  6.0282900e-001  6.0310900e-001  6.0244300e-001  6.0256900e-001
  9.9333333e-001  6.0431800e-001  6.0452900e-001  6.0478700e-001  6.0410900e-001  6.0425500e-001
  1.0000000e+000  6.0595800e-001  6.0620800e-001  6.0646300e-001  6.0579800e-001  6.0592100e-001
  1.0066667e+000  6.0765800e-001  6.0790400e-001  6.0811100e-001  6.0748100e-001  6.0760500e-001
  1.0133333e+000  6.0930200e-001  6.0954400e-001  6.0977000e-001  6.0914000e-001  6.0929100e-001
  1.0200000e+000  6.1097600e-001  6.1122300e-001  6.1147400e-001  6.1082100e-001  6.1096900e-001
  1.0266667e+000  6.1266200e-001  6.1293900e-001  6.1315500e-001  6.1249300e-001  6.1261900e-001
  1.0333333e+000  6.1435300e-001  6.1458400e-001  6.1485200e-001  6.1417300e-001  6.1430900e-001
  1.0400000e+000  6.1603100e-001  6.1625300e-001  6.1649000e-001  6.1584600e-001  6.1598200e-001
  1.0466667e+000  6.1768900e-001  6.1791100e-001  6.1816200e-001  6.1753600e-001  6.1765000e-001
  1.0533333e+000  6.1937500e-001  6.1957800e-001  6.1983600e-001  6.1917800e-001  6.1932200e-001
  1.0600000e+000  6.2106900e-001  6.2128200e-001  6.2152000e-001  6.2087000e-001  6.2100500e-001
  1.0666667e+000  6.2273200e-001  6.2298300e-001  6.2322800e-001  6.2254500e-001  6.2266500e-001
  1.0733333e+000  6.2442000e-001  6.2464000e-001  6.2486900e-001  6.2423700e-001  6.2434200e-001
  1.0800000e+000  6.2607100e-001  6.2627900e-001  6.2652900e-001  6.2588100e-001  6.2603100e-001
  1.0866667e+000  6.2772500e-001  6.2795300e-001  6.2819800e-001  6.2752400e-001  6.2768900e-001
  1.0933333e+000  6.2939100e-001  6.2961200e-001  6.2986400e-001  6.2920400e-001  6.2934700e-001
  1.1000000e+000  6.3106200e-001  6.3127800e-001  6.3157900e-001  6.3084800e-001  6.3097800e-001
  1.1066667e+000  6.3275300e-001  6.3297800e-001  6.3326700e-001  6.3256000e-001  6.3268000e-001
  1.1133333e+000  6.3440300e-001  6.3460400e-001  6.3490800e-001  6.3423200e-001  6.3434400e-001
  1.1200000e+000  6.3604700e-001  6.3626300e-001  6.3654300e-001  6.3588700e-001  6.3600400e-001
  1.1266667e+000  6.3768700e-001  6.3793300e-001  6.3818500e-001  6.3752100e-001  6.3766400e-001
  1.1333333e+000  6.3934500e-001  6.3957100e-001  6.3983400e-001  6.3914700e-001  6.3929600e-001
  1.1400000e+000  6.4097800e-001  6.4124900e-001  6.4148400e-001  6.4082100e-001  6.4093300e-001
  1.1466667e+000  6.4267100e-001  6.4293500e-001  6.4315900e-001  6.4247400e-001  6.4260000e-001
  1.1533333e+000  6.4433700e-001  6.4457500e-001  6.4484200e-001  6.4416500e-001  6.4429200e-001
  1.1600000e+000  6.4602400e-001  6.4621400e-001  6.4648200e-001  6.4583000e-001  6.4592200e-001
  1.1666667e+000  6.4765200e-001  6.4787200e-001  6.4814300e-001  6.4747700e-001  6.4760000e-001
  1.1733333e+000  6.4931100e-001  6.4953400e-001  6.4978800e-001  6.4914400e-001  6.4924100e-001
  1.1800000e+000  6.5096100e-001  6.5121600e-001  6.5146400e-001  6.5081500e-001  6.5092500e-001
  1.1866667e+000  6.5265100e-001  6.5286100e-001  6.5316700e-001  6.5248200e-001  6.5261300e-001
  1.1933333e+000  6.5430600e-001  6.5454800e-001  6.5481900e-001  6.5416900e-001  6.5427600e-001
  1.2000000e+000  6.5597800e-001  6.5619300e-001  6.5650800e-001  6.5583500e-001  6.5593400e-001
  1.2066667e+000  6.5765300e-001  6.5784600e-001  6.5816300e-001  6.5746100e-001  6.5759700e-001
  1.2133333e+000  6.5930100e-001  6.5950700e-001  6.5980700e-001  6.5913200e-001  6.5925600e-001
  1.2200000e+000  6.6097500e-001  6.6118500e-001  6.6147800e-001  6.6078700e-001  6.6091500e-001
  1.2266667e+000  6.6267800e-001  6.6285200e-001  6.6314700e-001  6.6244100e-001  6.6258800e-001
  1.2333333e+000  6.6434300e-001  6.6453700e-001  6.6483300e-001  6.6414000e-001  6.6428000e-001
  1.2400000e+000  6.6601500e-001  6.6620000e-001  6.6652800e-001  6.6581900e-001  6.6596800e-001
  1.2466667e+000  6.6768800e-001  6.6787800e-001  6.6818200e-001  6.6749300e-001  6.6763300e-001
  1.2533333e+000  6.6935000e-001  6.6952600e-001  6.6986100e-001  6.6916600e-001  6.6928400e-001
  1.2600000e+000  6.7102000e-001  6.7120900e-001  6.7153100e-001  6.7081100e-001  6.7095900e-001
  1.2666667e+000  6.7269200e-001  6.7289900e-001  6.7321900e-001  6.7249100e-001  6.7268500e-001
  1.2733333e+000  6.7434500e-001  6.7457000e-001  6.7486700e-001  6.7415500e-001  6.7434800e-001
  1.2800000e+000  6.7600400e-001  6.7625300e-001  6.7651700e-001  6.7583700e-001  6.7598100e-001
  1.2866667e+000  6.7764800e-001  6.7792400e-001  6.7816300e-001  6.7750600e-001  6.7762600e-001
  1.2933333e+000  6.7933800e-001  6.7958200e-001  6.7987100e-001  6.7914800e-001  6.7929500e-001
  1.3000000e+000  6.8103300e-001  6.8124800e-001  6.8157700e-001  6.8083000e-001  6.8098300e-001
  1.3066667e+000  6.8271500e-001  6.8291400e-001  6.8323600e-001  6.8255300e-001  6.8266000e-001
  1.3133333e+000  6.8438600e-001  6.8458400e-001  6.8492500e-001  6.8421300e-001  6.8432100e-001
  1.3200000e+000  6.8603300e-001  6.8627000e-001  6.8654900e-001  6.8587100e-001  6.8599100e-001
  1.3266667e+000  6.8767300e-001  6.8790300e-001  6.8820500e-001  6.8752200e-001  6.8765500e-001
  1.3333333e+000  6.8935600e-001  6.8956200e-001  6.8985200e-001  6.8917100e-001  6.8929600e-001
  1.3400000e+000  6.9101200e-001  6.9124400e-001  6.9152300e-001  6.9086500e-001  6.9095100e-001
  1.3466667e+000  6.9268300e-001  6.9290600e-001  6.9320600e-001  6.9251700e-001  6.9262100e-001
  1.3533333e+000  6.9432700e-001  6.9456600e-001  6.9485000e-001  6.9415400e-001  6.9430100e-001
  1.3600000e+000  6.9598900e-001  6.9621700e-001  6.9648300e-001  6.9582500e-001  6.9593200e-001
  1.3666667e+000  6.9763000e-001  6.9786200e-001  6.9813900e-001  6.9748700e-001  6.9759400e-001
  1.3733333e+000  6.9929300e-001  6.9952200e-001  6.9983700e-001  6.9916200e-001  6.9926500e-001
  1.3800000e+000  7.0098500e-001  7.0121900e-001  7.0149300e-001  7.0080600e-001  7.0095000e-001
  1.3866667e+000  7.0265000e-001  7.0287500e-001  7.0315700e-001  7.0251200e-001  7.0260400e-001
  1.3933333e+000  7.0433800e-001  7.0455500e-001  7.0486600e-001  7.0418200e-001  7.0430500e-001
  1.4000000e+000  7.0600600e-001  7.0621600e-001  7.0651500e-001  7.0583000e-001  7.0595500e-001
  1.4066667e+000  7.0767900e-001  7.0784900e-001  7.0814800e-001  7.0748800e-001  7.0762200e-001
  1.4133333e+000  7.0935700e-001  7.0956400e-001  7.0984100e-001  7.0917300e-001  7.0929200e-001
  1.4200000e+000  7.1100300e-001  7.1122800e-001  7.1152400e-001  7.1085300e-001  7.1095900e-001
  1.4266667e+000  7.1265600e-001  7.1289000e-001  7.1318900e-001  7.1248900e-001  7.1260800e-001
  1.4333333e+000  7.1432100e-001  7.1454400e-001  7.1484700e-001  7.1416300e-001  7.1427400e-001
  1.4400000e+000  7.1603400e-001  7.1619200e-001  7.1652000e-001  7.1582100e-001  7.1594800e-001
  1.4466667e+000  7.1768800e-001  7.1789500e-001  7.1820500e-001  7.1748700e-001  7.1762700e-001
  1.4533333e+000  7.1937000e-001  7.1960300e-001  7.1987400e-001  7.1918300e-001  7.1933100e-001
  1.4600000e+000  7.2105300e-001  7.2124000e-001  7.2154500e-001  7.2087100e-001  7.2099300e-001
  1.4666667e+000  7.2271500e-001  7.2292000e-001  7.2323400e-001  7.2253600e-001  7.2266400e-001
  1.4733333e+000  7.2438800e-001  7.2456400e-001  7.2489600e-001  7.2418800e-001  7.2432600e-001
  1.4800000e+000  7.2602400e-001  7.2617900e-001  7.2653900e-001  7.2582800e-001  7.2600100e-001
  1.4866667e+000  7.2766800e-001  7.2785400e-001  7.2818300e-001  7.2749300e-001  7.2763300e-001
  1.4933333e+000  7.2935000e-001  7.2954200e-001  7.2984500e-001  7.2916900e-001  7.2933100e-001
  1.5000000e+000  7.3100200e-001  7.3120300e-001  7.3150800e-001  7.3082300e-001  7.3096600e-001
  1.5066667e+000  7.3267000e-001  7.3285000e-001  7.3319200e-001  7.3249100e-001  7.3261000e-001
  1.5133333e+000  7.3430600e-001  7.3451700e-001  7.3483300e-001  7.3417500e-001  7.3428500e-001
  1.5200000e+000  7.3600400e-001  7.3618300e-001  7.3649800e-001  7.3583500e-001  7.3593700e-001
  1.5266667e+000  7.3767100e-001  7.3785400e-001  7.3817800e-001  7.3748500e-001  7.3761600e-001
  1.5333333e+000  7.3934600e-001  7.3954700e-001  7.3985300e-001  7.3917200e-001  7.3932600e-001
  1.5400000e+000  7.4103200e-001  7.4122800e-001  7.4153800e-001  7.4088100e-001  7.4100000e-001
  1.5466667e+000  7.4271200e-001  7.4289500e-001  7.4321700e-001  7.4256000e-001  7.4267200e-001
  1.5533333e+000  7.4435800e-001  7.4456800e-001  7.4486900e-001  7.4419100e-001  7.4431700e-001
  1.5600000e+000  7.4601000e-001  7.4622600e-001  7.4654200e-001  7.4583800e-001  7.4598500e-001
  1.5666667e+000  7.4768500e-001  7.4785000e-001  7.4817700e-001  7.4748800e-001  7.4763200e-001
  1.5733333e+000  7.4933500e-001  7.4952300e-001  7.4985500e-001  7.4915400e-001  7.4929500e-001
  1.5800000e+000  7.5098700e-001  7.5119100e-001  7.5151200e-001  7.5083900e-001  7.5094900e-001
  1.5866667e+000  7.5263200e-001  7.5286200e-001  7.5316500e-001  7.5247100e-001  7.5262800e-001
  1.5933333e+000  7.5430600e-001  7.5453700e-001  7.5484400e-001  7.5412600e-001  7.5428800e-001
  1.6000000e+000  7.5598000e-001  7.5617800e-001  7.5652100e-001  7.5580900e-001  7.5593000e-001
  1.6066667e+000  7.5765100e-001  7.5786500e-001  7.5818000e-001  7.5748400e-001  7.5762100e-001
  1.6133333e+000  7.5933500e-001  7.5951500e-001  7.5985200e-001  7.5917200e-001  7.5929200e-001
  1.6200000e+000  7.6102600e-001  7.6118800e-001  7.6152000e-001  7.6083100e-001  7.6096900e-001
  1.6266667e+000  7.6269800e-001  7.6287500e-001  7.6319800e-001  7.6246500e-001  7.6264700e-001
  1.6333333e+000  7.6433400e-001  7.6452300e-001  7.6485900e-001  7.6412300e-001  7.6430000e-001
  1.6400000e+000  7.6599300e-001  7.6620300e-001  7.6654400e-001  7.6580500e-001  7.6595600e-001
  1.6466667e+000  7.6766500e-001  7.6786700e-001  7.6821600e-001  7.6751500e-001  7.6762800e-001
  1.6533333e+000  7.6937000e-001  7.6955600e-001  7.6986300e-001  7.6918600e-001  7.6929500e-001
  1.6600000e+000  7.7103400e-001  7.7122600e-001  7.7152200e-001  7.7083000e-001  7.7095300e-001
  1.6666667e+000  7.7266800e-001  7.7289600e-001  7.7319500e-001  7.7249900e-001  7.7264100e-001
  1.6733333e+000  7.7432900e-001  7.7455500e-001  7.7488000e-001  7.7417300e-001  7.7431600e-001
  1.6800000e+000  7.7603100e-001  7.7624800e-001  7.7657700e-001  7.7581800e-001  7.7595600e-001
  1.6866667e+000  7.7770800e-001  7.7791600e-001  7.7823000e-001  7.7751200e-001  7.7765800e-001
  1.6933333e+000  7.7936900e-001  7.7959700e-001  7.7991300e-001  7.7917200e-001  7.7933600e-001
  1.7000000e+000  7.8103700e-001  7.8124500e-001  7.8155600e-001  7.8084600e-001  7.8100900e-001
  1.7066667e+000  7.8267700e-001  7.8291100e-001  7.8319900e-001  7.8250700e-001  7.8263800e-001
  1.7133333e+000  7.8435500e-001  7.8452600e-001  7.8484900e-001  7.8416900e-001  7.8426700e-001
  1.7200000e+000  7.8604500e-001  7.8618500e-001  7.8652700e-001  7.8582300e-001  7.8592900e-001
  1.7266667e+000  7.8767400e-001  7.8787000e-001  7.8817300e-001  7.8751100e-001  7.8762300e-001
  1.7333333e+000  7.8934400e-001  7.8954600e-001  7.8986800e-001  7.8917700e-001  7.8930600e-001
  1.7400000e+000  7.9101600e-001  7.9122100e-001  7.9153500e-001  7.9082600e-001  7.9097100e-001
  1.7466667e+000  7.9268200e-001  7.9287700e-001  7.9319800e-001  7.9250200e-001  7.9265000e-001
  1.7533333e+000  7.9435900e-001  7.9454900e-001  7.9487300e-001  7.9416700e-001  7.9429800e-001
  1.7600000e+000  7.9602600e-001  7.9621300e-001  7.9656100e-001  7.9586200e-001  7.9597600e-001
  1.7666667e+000  7.9772200e-001  7.9788800e-001  7.9820400e-001  7.9749500e-001  7.9766000e-001
  1.7733333e+000  7.9937600e-001  7.9954000e-001  7.9987300e-001  7.9919200e-001  7.9931100e-001
  1.7800000e+000  8.0105600e-001  8.0121100e-001  8.0152500e-001  8.0084600e-001  8.0098800e-001
  1.7866667e+000  8.0270500e-001  8.0288500e-001  8.0318600e-001  8.0251000e-001  8.0261300e-001
  1.7933333e+000  8.0435800e-001  8.0452700e-001  8.0486000e-001  8.0415500e-001  8.0429800e-001
  1.8000000e+000  8.0602600e-001  8.0619200e-001  8.0648900e-001  8.0584100e-001  8.0595700e-001
  1.8066667e+000  8.0770000e-001  8.0786500e-001  8.0816100e-001  8.0748300e-001  8.0759700e-001
  1.8133333e+000  8.0935900e-001  8.0954700e-001  8.0982900e-001  8.0913000e-001  8.0926900e-001
  1.8200000e+000  8.1101300e-001  8.1118500e-001  8.1149200e-001  8.1081600e-001  8.1094200e-001
  1.8266667e+000  8.1268500e-001  8.1286200e-001  8.1319000e-001  8.1247200e-001  8.1262600e-001
  1.8333333e+000  8.1435200e-001  8.1453600e-001  8.1486200e-001  8.1413200e-001  8.1428500e-001
  1.8400000e+000  8.1603100e-001  8.1618500e-001  8.1650900e-001  8.1581100e-001  8.1592600e-001
  1.8466667e+000  8.1767800e-001  8.1783000e-001  8.1816300e-001  8.1747400e-001  8.1759500e-001
  1.8533333e+000  8.1933600e-001  8.1951000e-001  8.1983900e-001  8.1914600e-001  8.1924300e-001
  1.8600000e+000  8.2098900e-001  8.2116700e-001  8.2149200e-001  8.2076800e-001  8.2091500e-001
  1.8666667e+000  8.2262400e-001  8.2285800e-001  8.2313200e-001  8.2243300e-001  8.2256700e-001
  1.8733333e+000  8.2431900e-001  8.2451900e-001  8.2482000e-001  8.2414100e-001  8.2425800e-001
  1.8800000e+000  8.2600400e-001  8.2618100e-001  8.2649000e-001  8.2583300e-001  8.2595500e-001
  1.8866667e+000  8.2768100e-001  8.2783900e-001  8.2818200e-001  8.2749200e-001  8.2762800e-001
  1.8933333e+000  8.2933800e-001  8.2954300e-001  8.2987400e-001  8.2917300e-001  8.2928000e-001
  1.9000000e+000  8.3099800e-001  8.3120100e-001  8.3152600e-001  8.3084000e-001  8.3093500e-001
  1.9066667e+000  8.3269300e-001  8.3285400e-001  8.3319500e-001  8.3248400e-001  8.3264000e-001
  1.9133333e+000  8.3436900e-001  8.3452300e-001  8.3485800e-001  8.3415900e-001  8.3429500e-001
  1.9200000e+000  8.3604900e-001  8.3622900e-001  8.3655100e-001  8.3584500e-001  8.3598100e-001
  1.9266667e+000  8.3770300e-001  8.3788300e-001  8.3820800e-001  8.3750200e-001  8.3762100e-001
  1.9333333e+000  8.3934300e-001  8.3950800e-001  8.3986100e-001  8.3918000e-001  8.3926200e-001
  1.9400000e+000  8.4100500e-001  8.4120300e-001  8.4154100e-001  8.4084100e-001  8.4093900e-001
  1.9466667e+000  8.4267400e-001  8.4286200e-001  8.4320000e-001  8.4247000e-001  8.4261300e-001
  1.9533333e+000  8.4436600e-001  8.4456300e-001  8.4486200e-001  8.4414400e-001  8.4428700e-001
  1.9600000e+000  8.4601700e-001  8.4622300e-001  8.4652600e-001  8.4584300e-001  8.4596500e-001
  1.9666667e+000  8.4767300e-001  8.4788400e-001  8.4818300e-001  8.4749400e-001  8.4764100e-001
  1.9733333e+000  8.4933600e-001  8.4954200e-001  8.4985700e-001  8.4915800e-001  8.4927500e-001
  1.9800000e+000  8.5100400e-001  8.5118000e-001  8.5150700e-001  8.5082100e-001  8.5094900e-001
  1.9866667e+000  8.5268800e-001  8.5285900e-001  8.5318800e-001  8.5248700e-001  8.5262500e-001
  1.9933333e+000  8.5432200e-001  8.5451300e-001  8.5484300e-001  8.5412600e-001  8.5425600e-001
  2.0000000e+000  8.5599200e-001  8.5618500e-001  8.5647500e-001  8.5577400e-001  8.5592400e-001
