 -5.0000000e-001 -2.1612209e+001 -2.0518074e+001 -2.1452732e+001 -2.0851122e+001 -1.8899103e+001
 -4.9333333e-001 -2.1634600e+001 -2.0510904e+001 -2.1464264e+001 -2.0859669e+001 -1.8912361e+001
 -4.8666667e-001 -2.1598640e+001 -2.0517300e+001 -2.1457232e+001 -2.0841293e+001 -1.8917299e+001
 -4.8000000e-001 -2.1612122e+001 -2.0500235e+001 -2.1456753e+001 -2.0837606e+001 -1.8904152e+001
 -4.7333333e-001 -2.1608767e+001 -2.0501909e+001 -2.1430285e+001 -2.0861307e+001 -1.8915140e+001
 -4.6666667e-001 -2.1602457e+001 -2.0515064e+001 -2.1444925e+001 -2.0846689e+001 -1.8937840e+001
 -4.6000000e-001 -2.1592743e+001 -2.0523375e+001 -2.1452194e+001 -2.0837820e+001 -1.8926937e+001
 -4.5333333e-001 -2.1593044e+001 -2.0505302e+001 -2.1434698e+001 -2.0839216e+001 -1.8897257e+001
 -4.4666667e-001 -2.1594065e+001 -2.0509741e+001 -2.1428072e+001 -2.0854679e+001 -1.8905802e+001
 -4.4000000e-001 -2.1574295e+001 -2.0484207e+001 -2.1411339e+001 -2.0844189e+001 -1.8921635e+001
 -4.3333333e-001 -2.1581467e+001 -2.0493904e+001 -2.1402037e+001 -2.0837822e+001 -1.8901941e+001
 -4.2666667e-001 -2.1570507e+001 -2.0489414e+001 -2.1388424e+001 -2.0853170e+001 -1.8929150e+001
 -4.2000000e-001 -2.1586037e+001 -2.0497835e+001 -2.1370354e+001 -2.0830929e+001 -1.8934834e+001
 -4.1333333e-001 -2.1584522e+001 -2.0497019e+001 -2.1340513e+001 -2.0856337e+001 -1.8921064e+001
 -4.0666667e-001 -2.1583302e+001 -2.0515854e+001 -2.1330990e+001 -2.0860758e+001 -1.8916540e+001
 -4.0000000e-001 -2.1560741e+001 -2.0519686e+001 -2.1318277e+001 -2.0855642e+001 -1.8918304e+001
 -3.9333333e-001 -2.1566208e+001 -2.0508997e+001 -2.1298597e+001 -2.0863634e+001 -1.8917614e+001
 -3.8666667e-001 -2.1564144e+001 -2.0500484e+001 -2.1276440e+001 -2.0864403e+001 -1.8919111e+001
 -3.8000000e-001 -2.1580536e+001 -2.0500906e+001 -2.1291626e+001 -2.0887278e+001 -1.8920679e+001
 -3.7333333e-001 -2.1597486e+001 -2.0480402e+001 -2.1257162e+001 -2.0893215e+001 -1.8919228e+001
 -3.6666667e-001 -2.1596153e+001 -2.0478960e+001 -2.1239107e+001 -2.0871405e+001 -1.8945911e+001
 -3.6000000e-001 -2.1596905e+001 -2.0467674e+001 -2.1218428e+001 -2.0894444e+001 -1.8918404e+001
 -3.5333333e-001 -2.1554682e+001 -2.0483269e+001 -2.1216755e+001 -2.0899336e+001 -1.8916988e+001
 -3.4666667e-001 -2.1578129e+001 -2.0512110e+001 -2.1204128e+001 -2.0892059e+001 -1.8923357e+001
 -3.4000000e-001 -2.1564106e+001 -2.0509441e+001 -2.1201942e+001 -2.0867525e+001 -1.8918768e+001
 -3.3333333e-001 -2.1570286e+001 -2.0504313e+001 -2.1173618e+001 -2.0859701e+001 -1.8914803e+001
 -3.2666667e-001 -2.1574669e+001 -2.0505632e+001 -2.1194426e+001 -2.0849012e+001 -1.8913033e+001
 -3.2000000e-001 -2.1569881e+001 -2.0498920e+001 -2.1199003e+001 -2.0839357e+001 -1.8915699e+001
 -3.1333333e-001 -2.1580965e+001 -2.0513605e+001 -2.1182116e+001 -2.0852324e+001 -1.8912714e+001
 -3.0666667e-001 -2.1588375e+001 -2.0522358e+001 -2.1158800e+001 -2.0859081e+001 -1.8923826e+001
 -3.0000000e-001 -2.1578705e+001 -2.0510410e+001 -2.1165806e+001 -2.0858269e+001 -1.8920494e+001
 -2.9333333e-001 -2.1578812e+001 -2.0500011e+001 -2.1185057e+001 -2.0862352e+001 -1.8909252e+001
 -2.8666667e-001 -2.1585426e+001 -2.0532841e+001 -2.1171045e+001 -2.0858515e+001 -1.8923410e+001
 -2.8000000e-001 -2.1563797e+001 -2.0530718e+001 -2.1158587e+001 -2.0833696e+001 -1.8926081e+001
 -2.7333333e-001 -2.1564890e+001 -2.0524818e+001 -2.1149754e+001 -2.0824518e+001 -1.8910168e+001
 -2.6666667e-001 -2.1585094e+001 -2.0539850e+001 -2.1169615e+001 -2.0837448e+001 -1.8898283e+001
 -2.6000000e-001 -2.1577599e+001 -2.0516407e+001 -2.1148724e+001 -2.0829603e+001 -1.8931484e+001
 -2.5333333e-001 -2.1573517e+001 -2.0520422e+001 -2.1115774e+001 -2.0814611e+001 -1.8925816e+001
 -2.4666667e-001 -2.1570686e+001 -2.0517496e+001 -2.1130787e+001 -2.0796078e+001 -1.8923855e+001
 -2.4000000e-001 -2.1558418e+001 -2.0515589e+001 -2.1162004e+001 -2.0823923e+001 -1.8924261e+001
 -2.3333333e-001 -2.1560986e+001 -2.0521381e+001 -2.1118387e+001 -2.0812397e+001 -1.8918108e+001
 -2.2666667e-001 -2.1556116e+001 -2.0512239e+001 -2.1096291e+001 -2.0795023e+001 -1.8905306e+001
 -2.2000000e-001 -2.1562576e+001 -2.0524902e+001 -2.1105471e+001 -2.0788021e+001 -1.8900438e+001
 -2.1333333e-001 -2.1557438e+001 -2.0501175e+001 -2.1120733e+001 -2.0788986e+001 -1.8921743e+001
 -2.0666667e-001 -2.1553526e+001 -2.0513945e+001 -2.1116062e+001 -2.0743198e+001 -1.8916292e+001
 -2.0000000e-001 -2.1557934e+001 -2.0498785e+001 -2.1120922e+001 -2.0794306e+001 -1.8930130e+001
 -1.9333333e-001 -2.1548298e+001 -2.0519318e+001 -2.1121510e+001 -2.0801800e+001 -1.8902712e+001
 -1.8666667e-001 -2.1552790e+001 -2.0510637e+001 -2.1133400e+001 -2.0794744e+001 -1.8911482e+001
 -1.8000000e-001 -2.1557961e+001 -2.0517300e+001 -2.1130590e+001 -2.0774494e+001 -1.8929680e+001
 -1.7333333e-001 -2.1555937e+001 -2.0501909e+001 -2.1182224e+001 -2.0772926e+001 -1.8916145e+001
 -1.6666667e-001 -2.1539310e+001 -2.0517630e+001 -2.1177490e+001 -2.0762062e+001 -1.8929230e+001
 -1.6000000e-001 -2.1524902e+001 -2.0508680e+001 -2.1173124e+001 -2.0733763e+001 -1.8899700e+001
 -1.5333333e-001 -2.1547733e+001 -2.0501156e+001 -2.1177908e+001 -2.0771563e+001 -1.8910469e+001
 -1.4666667e-001 -2.1569893e+001 -2.0497826e+001 -2.1180008e+001 -2.0786291e+001 -1.8936178e+001
 -1.4000000e-001 -2.1559902e+001 -2.0505680e+001 -2.1189840e+001 -2.0770096e+001 -1.8936008e+001
 -1.3333333e-001 -2.1568666e+001 -2.0530052e+001 -2.1172461e+001 -2.0782509e+001 -1.8925810e+001
 -1.2666667e-001 -2.1570349e+001 -2.0496603e+001 -2.1185333e+001 -2.0782732e+001 -1.8903488e+001
 -1.2000000e-001 -2.1573814e+001 -2.0488791e+001 -2.1176914e+001 -2.0794945e+001 -1.8911385e+001
 -1.1333333e-001 -2.1579193e+001 -2.0513058e+001 -2.1186914e+001 -2.0803143e+001 -1.8913618e+001
 -1.0666667e-001 -2.1577015e+001 -2.0501461e+001 -2.1196400e+001 -2.0785887e+001 -1.8937159e+001
 -1.0000000e-001 -2.1557798e+001 -2.0490849e+001 -2.1182148e+001 -2.0779697e+001 -1.8932129e+001
 -9.3333333e-002 -2.1554113e+001 -2.0493240e+001 -2.1199011e+001 -2.0785898e+001 -1.8912560e+001
 -8.6666667e-002 -2.1566336e+001 -2.0499487e+001 -2.1189606e+001 -2.0806797e+001 -1.8924366e+001
 -8.0000000e-002 -2.1551168e+001 -2.0479521e+001 -2.1198990e+001 -2.0789959e+001 -1.8929146e+001
 -7.3333333e-002 -2.1557182e+001 -2.0477842e+001 -2.1216877e+001 -2.0795301e+001 -1.8933798e+001
 -6.6666667e-002 -2.1546579e+001 -2.0479235e+001 -2.1191898e+001 -2.0802992e+001 -1.8933348e+001
 -6.0000000e-002 -2.1534140e+001 -2.0482954e+001 -2.1209337e+001 -2.0828201e+001 -1.8929245e+001
 -5.3333333e-002 -2.1538231e+001 -2.0490852e+001 -2.1218538e+001 -2.0835447e+001 -1.8922941e+001
 -4.6666667e-002 -2.1537188e+001 -2.0495626e+001 -2.1226425e+001 -2.0826336e+001 -1.8924496e+001
 -4.0000000e-002 -2.1522314e+001 -2.0470140e+001 -2.1231869e+001 -2.0828327e+001 -1.8913836e+001
 -3.3333333e-002 -2.1532181e+001 -2.0436710e+001 -2.1242611e+001 -2.0829144e+001 -1.8917412e+001
 -2.6666667e-002 -2.1525240e+001 -2.0467831e+001 -2.1232224e+001 -2.0783644e+001 -1.8935753e+001
 -2.0000000e-002 -2.1516508e+001 -2.0461943e+001 -2.1233950e+001 -2.0766285e+001 -1.8907560e+001
 -1.3333333e-002 -2.1499063e+001 -2.0450226e+001 -2.1250324e+001 -2.0753250e+001 -1.8910599e+001
 -6.6666667e-003 -2.1493177e+001 -2.0465948e+001 -2.1266808e+001 -2.0756889e+001 -1.8903973e+001
  0.0000000e+000 -2.1480965e+001 -2.0477139e+001 -2.1264940e+001 -2.0745461e+001 -1.8918404e+001
  6.6666667e-003 -2.1501913e+001 -2.0453751e+001 -2.1251879e+001 -2.0738163e+001 -1.8944736e+001
  1.3333333e-002 -2.1477808e+001 -2.0442461e+001 -2.1272812e+001 -2.0755049e+001 -1.8916647e+001
  2.0000000e-002 -2.1473581e+001 -2.0443953e+001 -2.1240171e+001 -2.0709816e+001 -1.8904928e+001
  2.6666667e-002 -2.1469801e+001 -2.0444897e+001 -2.1235340e+001 -2.0706160e+001 -1.8888710e+001
  3.3333333e-002 -2.1452868e+001 -2.0423523e+001 -2.1244320e+001 -2.0704617e+001 -1.8874571e+001
  4.0000000e-002 -2.1436958e+001 -2.0385286e+001 -2.1268198e+001 -2.0662811e+001 -1.8858053e+001
  4.6666667e-002 -2.1387535e+001 -2.0351641e+001 -2.1261499e+001 -2.0617224e+001 -1.8773863e+001
  5.3333333e-002 -2.1345835e+001 -2.0335520e+001 -2.1218483e+001 -2.0564909e+001 -1.8739643e+001
  6.0000000e-002 -2.1302471e+001 -2.0313286e+001 -2.1221134e+001 -2.0520952e+001 -1.8727543e+001
  6.6666667e-002 -2.1266880e+001 -2.0270018e+001 -2.1199682e+001 -2.0485012e+001 -1.8698208e+001
  7.3333333e-002 -2.1201878e+001 -2.0235350e+001 -2.1174175e+001 -2.0474993e+001 -1.8680199e+001
  8.0000000e-002 -2.1158571e+001 -2.0199965e+001 -2.1173342e+001 -2.0490034e+001 -1.8672348e+001
  8.6666667e-002 -2.1146830e+001 -2.0192179e+001 -2.1167292e+001 -2.0468332e+001 -1.8668587e+001
  9.3333333e-002 -2.1131556e+001 -2.0207144e+001 -2.1193701e+001 -2.0482258e+001 -1.8692022e+001
  1.0000000e-001 -2.1111790e+001 -2.0202291e+001 -2.1184824e+001 -2.0500189e+001 -1.8660032e+001
  1.0666667e-001 -2.1074770e+001 -2.0175274e+001 -2.1164875e+001 -2.0471352e+001 -1.8623520e+001
  1.1333333e-001 -2.1043783e+001 -2.0162701e+001 -2.1152205e+001 -2.0434254e+001 -1.8554411e+001
  1.2000000e-001 -2.0994423e+001 -2.0131794e+001 -2.1104582e+001 -2.0404961e+001 -1.8500959e+001
  1.2666667e-001 -2.0953791e+001 -2.0080410e+001 -2.1079851e+001 -2.0356239e+001 -1.8463051e+001
  1.3333333e-001 -2.0916132e+001 -2.0034401e+001 -2.1042234e+001 -2.0321714e+001 -1.8435268e+001
  1.4000000e-001 -2.0868853e+001 -1.9997406e+001 -2.1006388e+001 -2.0292482e+001 -1.8396338e+001
  1.4666667e-001 -2.0844606e+001 -1.9948490e+001 -2.0976223e+001 -2.0302008e+001 -1.8408363e+001
  1.5333333e-001 -2.0805281e+001 -1.9967947e+001 -2.0939999e+001 -2.0340517e+001 -1.8460768e+001
  1.6000000e-001 -2.0812794e+001 -1.9957287e+001 -2.0936949e+001 -2.0341101e+001 -1.8510595e+001
  1.6666667e-001 -2.0804747e+001 -1.9946819e+001 -2.0928308e+001 -2.0353289e+001 -1.8532011e+001
  1.7333333e-001 -2.0801044e+001 -1.9948803e+001 -2.0923939e+001 -2.0324438e+001 -1.8537117e+001
  1.8000000e-001 -2.0801237e+001 -1.9957623e+001 -2.0888231e+001 -2.0274256e+001 -1.8572308e+001
  1.8666667e-001 -2.0786415e+001 -1.9968340e+001 -2.0867107e+001 -2.0272573e+001 -1.8599794e+001
  1.9333333e-001 -2.0753000e+001 -1.9945761e+001 -2.0817644e+001 -2.0228647e+001 -1.8633528e+001
  2.0000000e-001 -2.0755640e+001 -1.9934004e+001 -2.0782679e+001 -2.0195576e+001 -1.8669563e+001
  2.0666667e-001 -2.0749166e+001 -1.9920568e+001 -2.0750389e+001 -2.0189928e+001 -1.8744678e+001
  2.1333333e-001 -2.0733143e+001 -1.9953596e+001 -2.0715824e+001 -2.0166044e+001 -1.8777227e+001
  2.2000000e-001 -2.0788580e+001 -2.0015530e+001 -2.0729042e+001 -2.0210976e+001 -1.8896080e+001
  2.2666667e-001 -2.0838049e+001 -2.0127422e+001 -2.0732658e+001 -2.0229158e+001 -1.9025078e+001
  2.3333333e-001 -2.0887939e+001 -2.0252306e+001 -2.0735500e+001 -2.0270514e+001 -1.9152843e+001
  2.4000000e-001 -2.0990904e+001 -2.0402679e+001 -2.0746998e+001 -2.0318970e+001 -1.9368866e+001
  2.4666667e-001 -2.1097538e+001 -2.0610521e+001 -2.0807508e+001 -2.0347061e+001 -1.9540422e+001
  2.5333333e-001 -2.1200066e+001 -2.0855757e+001 -2.0880594e+001 -2.0424824e+001 -1.9741480e+001
  2.6000000e-001 -2.1351681e+001 -2.1109035e+001 -2.0950220e+001 -2.0537352e+001 -1.9937901e+001
  2.6666667e-001 -2.1485643e+001 -2.1364704e+001 -2.1014252e+001 -2.0635403e+001 -2.0115913e+001
  2.7333333e-001 -2.1629934e+001 -2.1613201e+001 -2.1110779e+001 -2.0737055e+001 -2.0259104e+001
  2.8000000e-001 -2.1821232e+001 -2.1889391e+001 -2.1144680e+001 -2.0862839e+001 -2.0407991e+001
  2.8666667e-001 -2.2024561e+001 -2.2149494e+001 -2.1273254e+001 -2.1014458e+001 -2.0574923e+001
  2.9333333e-001 -2.2244589e+001 -2.2377745e+001 -2.1354845e+001 -2.1193216e+001 -2.0727312e+001
  3.0000000e-001 -2.2528170e+001 -2.2584576e+001 -2.1421610e+001 -2.1343391e+001 -2.0898043e+001
  3.0666667e-001 -2.2796492e+001 -2.2766144e+001 -2.1528851e+001 -2.1513718e+001 -2.1091183e+001
  3.1333333e-001 -2.3074392e+001 -2.2946716e+001 -2.1677279e+001 -2.1698671e+001 -2.1265348e+001
  3.2000000e-001 -2.3398727e+001 -2.3105324e+001 -2.1813808e+001 -2.1851503e+001 -2.1498068e+001
  3.2666667e-001 -2.3713404e+001 -2.3282881e+001 -2.1943563e+001 -2.2007479e+001 -2.1739973e+001
  3.3333333e-001 -2.4066427e+001 -2.3476540e+001 -2.2117769e+001 -2.2209368e+001 -2.1991310e+001
  3.4000000e-001 -2.4360680e+001 -2.3657677e+001 -2.2343084e+001 -2.2383371e+001 -2.2352589e+001
  3.4666667e-001 -2.4653967e+001 -2.3833893e+001 -2.2545641e+001 -2.2614168e+001 -2.2757584e+001
  3.5333333e-001 -2.4945652e+001 -2.4011368e+001 -2.2811968e+001 -2.2910646e+001 -2.3146320e+001
  3.6000000e-001 -2.5253145e+001 -2.4234142e+001 -2.3066952e+001 -2.3190706e+001 -2.3545145e+001
  3.6666667e-001 -2.5569088e+001 -2.4461945e+001 -2.3322884e+001 -2.3459164e+001 -2.3856604e+001
  3.7333333e-001 -2.5890347e+001 -2.4667843e+001 -2.3594166e+001 -2.3702320e+001 -2.4159262e+001
  3.8000000e-001 -2.6245649e+001 -2.4886051e+001 -2.3860256e+001 -2.3974993e+001 -2.4420061e+001
  3.8666667e-001 -2.6589132e+001 -2.5127817e+001 -2.4154245e+001 -2.4281609e+001 -2.4688501e+001
  3.9333333e-001 -2.6984127e+001 -2.5395422e+001 -2.4481199e+001 -2.4633095e+001 -2.4965248e+001
  4.0000000e-001 -2.7350002e+001 -2.5675404e+001 -2.4796402e+001 -2.4976849e+001 -2.5194048e+001
  4.0666667e-001 -2.7713083e+001 -2.5997171e+001 -2.5089285e+001 -2.5328856e+001 -2.5387552e+001
  4.1333333e-001 -2.8075607e+001 -2.6332266e+001 -2.5423143e+001 -2.5685064e+001 -2.5596485e+001
  4.2000000e-001 -2.8457125e+001 -2.6676035e+001 -2.5783237e+001 -2.6010941e+001 -2.5784424e+001
  4.2666667e-001 -2.8873648e+001 -2.7034954e+001 -2.6114655e+001 -2.6328712e+001 -2.5951202e+001
  4.3333333e-001 -2.9266605e+001 -2.7381313e+001 -2.6427984e+001 -2.6666838e+001 -2.6087433e+001
  4.4000000e-001 -2.9640242e+001 -2.7706984e+001 -2.6719698e+001 -2.6958132e+001 -2.6215937e+001
  4.4666667e-001 -2.9992887e+001 -2.8039684e+001 -2.6990559e+001 -2.7208641e+001 -2.6331936e+001
  4.5333333e-001 -3.0392965e+001 -2.8337610e+001 -2.7249657e+001 -2.7432587e+001 -2.6421898e+001
  4.6000000e-001 -3.0811708e+001 -2.8642763e+001 -2.7484293e+001 -2.7641436e+001 -2.6483997e+001
  4.6666667e-001 -3.1217598e+001 -2.8897745e+001 -2.7643877e+001 -2.7855215e+001 -2.6516047e+001
  4.7333333e-001 -3.1601885e+001 -2.9176373e+001 -2.7820127e+001 -2.8002356e+001 -2.6556025e+001
  4.8000000e-001 -3.2000469e+001 -2.9395929e+001 -2.8022928e+001 -2.8125671e+001 -2.6651768e+001
  4.8666667e-001 -3.2410976e+001 -2.9563423e+001 -2.8184099e+001 -2.8267021e+001 -2.6709127e+001
  4.9333333e-001 -3.2787434e+001 -2.9747547e+001 -2.8317160e+001 -2.8396982e+001 -2.6770376e+001
  5.0000000e-001 -3.3191883e+001 -2.9927509e+001 -2.8402998e+001 -2.8518475e+001 -2.6863197e+001
  5.0666667e-001 -3.3599506e+001 -3.0044268e+001 -2.8498333e+001 -2.8622324e+001 -2.6948343e+001
  5.1333333e-001 -3.3996105e+001 -3.0112392e+001 -2.8606003e+001 -2.8702044e+001 -2.7002884e+001
  5.2000000e-001 -3.4401596e+001 -3.0169338e+001 -2.8680323e+001 -2.8746468e+001 -2.7085150e+001
  5.2666667e-001 -3.4783184e+001 -3.0228277e+001 -2.8724279e+001 -2.8767296e+001 -2.7116861e+001
  5.3333333e-001 -3.5235180e+001 -3.0259739e+001 -2.8788582e+001 -2.8815664e+001 -2.7168646e+001
  5.4000000e-001 -3.5637329e+001 -3.0278458e+001 -2.8827965e+001 -2.8846823e+001 -2.7231638e+001
  5.4666667e-001 -3.6041264e+001 -3.0321983e+001 -2.8863914e+001 -2.8859053e+001 -2.7305525e+001
  5.5333333e-001 -3.6438110e+001 -3.0329096e+001 -2.8926241e+001 -2.8876205e+001 -2.7366192e+001
  5.6000000e-001 -3.6884274e+001 -3.0348324e+001 -2.8994854e+001 -2.8916988e+001 -2.7443583e+001
  5.6666667e-001 -3.7278126e+001 -3.0328625e+001 -2.9049025e+001 -2.9014416e+001 -2.7544268e+001
  5.7333333e-001 -3.7648739e+001 -3.0333889e+001 -2.9136755e+001 -2.9111988e+001 -2.7628735e+001
  5.8000000e-001 -3.7994839e+001 -3.0353188e+001 -2.9196207e+001 -2.9217146e+001 -2.7694935e+001
  5.8666667e-001 -3.8341290e+001 -3.0386600e+001 -2.9294641e+001 -2.9387199e+001 -2.7725641e+001
  5.9333333e-001 -3.8653152e+001 -3.0381615e+001 -2.9335342e+001 -2.9589008e+001 -2.7833353e+001
  6.0000000e-001 -3.8965279e+001 -3.0340742e+001 -2.9377071e+001 -2.9805187e+001 -2.7927309e+001
  6.0666667e-001 -3.9251835e+001 -3.0311615e+001 -2.9428307e+001 -3.0026079e+001 -2.7987913e+001
  6.1333333e-001 -3.9542645e+001 -3.0279840e+001 -2.9461048e+001 -3.0267038e+001 -2.8068634e+001
  6.2000000e-001 -3.9848675e+001 -3.0269896e+001 -2.9526047e+001 -3.0525202e+001 -2.8171106e+001
  6.2666667e-001 -4.0078224e+001 -3.0266027e+001 -2.9578791e+001 -3.0774742e+001 -2.8287418e+001
  6.3333333e-001 -4.0331337e+001 -3.0260002e+001 -2.9615198e+001 -3.1081938e+001 -2.8403566e+001
  6.4000000e-001 -4.0616566e+001 -3.0244808e+001 -2.9673512e+001 -3.1376581e+001 -2.8518133e+001
  6.4666667e-001 -4.0867573e+001 -3.0225142e+001 -2.9744799e+001 -3.1649765e+001 -2.8615124e+001
  6.5333333e-001 -4.1091099e+001 -3.0233419e+001 -2.9838427e+001 -3.1977781e+001 -2.8768030e+001
  6.6000000e-001 -4.1257412e+001 -3.0239174e+001 -2.9881201e+001 -3.2373318e+001 -2.8884340e+001
  6.6666667e-001 -4.1495373e+001 -3.0242214e+001 -2.9922434e+001 -3.2724674e+001 -2.8961983e+001
  6.7333333e-001 -4.1672535e+001 -3.0234814e+001 -2.9987263e+001 -3.3053761e+001 -2.9051691e+001
  6.8000000e-001 -4.1838261e+001 -3.0259314e+001 -3.0058987e+001 -3.3442005e+001 -2.9172955e+001
  6.8666667e-001 -4.1966156e+001 -3.0322752e+001 -3.0122913e+001 -3.3762558e+001 -2.9250221e+001
  6.9333333e-001 -4.2126122e+001 -3.0356274e+001 -3.0148653e+001 -3.4080238e+001 -2.9342665e+001
  7.0000000e-001 -4.2267624e+001 -3.0391119e+001 -3.0177158e+001 -3.4410622e+001 -2.9410494e+001
  7.0666667e-001 -4.2398125e+001 -3.0414022e+001 -3.0228491e+001 -3.4696129e+001 -2.9465618e+001
  7.1333333e-001 -4.2584087e+001 -3.0496187e+001 -3.0295776e+001 -3.4973576e+001 -2.9507219e+001
  7.2000000e-001 -4.2755066e+001 -3.0568119e+001 -3.0334150e+001 -3.5206440e+001 -2.9598141e+001
  7.2666667e-001 -4.2889790e+001 -3.0668486e+001 -3.0363363e+001 -3.5433304e+001 -2.9636189e+001
  7.3333333e-001 -4.3024006e+001 -3.0784401e+001 -3.0406933e+001 -3.5673569e+001 -2.9654770e+001
  7.4000000e-001 -4.3153542e+001 -3.0850224e+001 -3.0443283e+001 -3.5871853e+001 -2.9653185e+001
  7.4666667e-001 -4.3251137e+001 -3.0906382e+001 -3.0453236e+001 -3.6029091e+001 -2.9676346e+001
  7.5333333e-001 -4.3349922e+001 -3.0957127e+001 -3.0470140e+001 -3.6125835e+001 -2.9675735e+001
  7.6000000e-001 -4.3452538e+001 -3.1044678e+001 -3.0505777e+001 -3.6224125e+001 -2.9634869e+001
  7.6666667e-001 -4.3504333e+001 -3.1096264e+001 -3.0586851e+001 -3.6300087e+001 -2.9632210e+001
  7.7333333e-001 -4.3584259e+001 -3.1107445e+001 -3.0605156e+001 -3.6393478e+001 -2.9645836e+001
  7.8000000e-001 -4.3620262e+001 -3.1155659e+001 -3.0614742e+001 -3.6447422e+001 -2.9671740e+001
  7.8666667e-001 -4.3681202e+001 -3.1163702e+001 -3.0682491e+001 -3.6474491e+001 -2.9674665e+001
  7.9333333e-001 -4.3733829e+001 -3.1183144e+001 -3.0701584e+001 -3.6538143e+001 -2.9682882e+001
  8.0000000e-001 -4.3784561e+001 -3.1190622e+001 -3.0745745e+001 -3.6604622e+001 -2.9748329e+001
  8.0666667e-001 -4.3862038e+001 -3.1148272e+001 -3.0799030e+001 -3.6652023e+001 -2.9756943e+001
  8.1333333e-001 -4.3912323e+001 -3.1084051e+001 -3.0799158e+001 -3.6660110e+001 -2.9773157e+001
  8.2000000e-001 -4.3983376e+001 -3.1034290e+001 -3.0801289e+001 -3.6693672e+001 -2.9791441e+001
  8.2666667e-001 -4.4025547e+001 -3.0946297e+001 -3.0787853e+001 -3.6692726e+001 -2.9803234e+001
  8.3333333e-001 -4.3990730e+001 -3.0890259e+001 -3.0820621e+001 -3.6680199e+001 -2.9815224e+001
  8.4000000e-001 -4.3994781e+001 -3.0825405e+001 -3.0815611e+001 -3.6664722e+001 -2.9852646e+001
  8.4666667e-001 -4.4004654e+001 -3.0764408e+001 -3.0835548e+001 -3.6658062e+001 -2.9890282e+001
  8.5333333e-001 -4.4008499e+001 -3.0717525e+001 -3.0811041e+001 -3.6643112e+001 -2.9902674e+001
  8.6000000e-001 -4.4005630e+001 -3.0652260e+001 -3.0774836e+001 -3.6641918e+001 -2.9914087e+001
  8.6666667e-001 -4.3987156e+001 -3.0610401e+001 -3.0749096e+001 -3.6656139e+001 -2.9926844e+001
  8.7333333e-001 -4.3953331e+001 -3.0593760e+001 -3.0760399e+001 -3.6681778e+001 -2.9940914e+001
  8.8000000e-001 -4.3895699e+001 -3.0598438e+001 -3.0735394e+001 -3.6711342e+001 -2.9964993e+001
  8.8666667e-001 -4.3846302e+001 -3.0602072e+001 -3.0725306e+001 -3.6755081e+001 -2.9972046e+001
  8.9333333e-001 -4.3790501e+001 -3.0595371e+001 -3.0701626e+001 -3.6773643e+001 -2.9938011e+001
  9.0000000e-001 -4.3738811e+001 -3.0625626e+001 -3.0658878e+001 -3.6799812e+001 -2.9886944e+001
  9.0666667e-001 -4.3679138e+001 -3.0631617e+001 -3.0623318e+001 -3.6819130e+001 -2.9875481e+001
  9.1333333e-001 -4.3600235e+001 -3.0664679e+001 -3.0573900e+001 -3.6833263e+001 -2.9880259e+001
  9.2000000e-001 -4.3499371e+001 -3.0705116e+001 -3.0566166e+001 -3.6854572e+001 -2.9890749e+001
  9.2666667e-001 -4.3412685e+001 -3.0760593e+001 -3.0564568e+001 -3.6884438e+001 -2.9842791e+001
  9.3333333e-001 -4.3322132e+001 -3.0787699e+001 -3.0537472e+001 -3.6912800e+001 -2.9807867e+001
  9.4000000e-001 -4.3201599e+001 -3.0804211e+001 -3.0521008e+001 -3.6913277e+001 -2.9793375e+001
  9.4666667e-001 -4.3075943e+001 -3.0814098e+001 -3.0537483e+001 -3.6945465e+001 -2.9782419e+001
  9.5333333e-001 -4.2978790e+001 -3.0800837e+001 -3.0530823e+001 -3.6973801e+001 -2.9722076e+001
  9.6000000e-001 -4.2899117e+001 -3.0819969e+001 -3.0503643e+001 -3.7002628e+001 -2.9694759e+001
  9.6666667e-001 -4.2796791e+001 -3.0855066e+001 -3.0476046e+001 -3.7025951e+001 -2.9658352e+001
  9.7333333e-001 -4.2705208e+001 -3.0819672e+001 -3.0483107e+001 -3.7069431e+001 -2.9615734e+001
  9.8000000e-001 -4.2628502e+001 -3.0765350e+001 -3.0475510e+001 -3.7109184e+001 -2.9595320e+001
  9.8666667e-001 -4.2524582e+001 -3.0711130e+001 -3.0456705e+001 -3.7125156e+001 -2.9558041e+001
  9.9333333e-001 -4.2431759e+001 -3.0658005e+001 -3.0434364e+001 -3.7155025e+001 -2.9513121e+001
  1.0000000e+000 -4.2323471e+001 -3.0618584e+001 -3.0413862e+001 -3.7187695e+001 -2.9461697e+001
  1.0066667e+000 -4.2211452e+001 -3.0573624e+001 -3.0382133e+001 -3.7231194e+001 -2.9437273e+001
  1.0133333e+000 -4.2122101e+001 -3.0532801e+001 -3.0334232e+001 -3.7300465e+001 -2.9420153e+001
  1.0200000e+000 -4.2007698e+001 -3.0467587e+001 -3.0330399e+001 -3.7337238e+001 -2.9375185e+001
  1.0266667e+000 -4.1906998e+001 -3.0419897e+001 -3.0287237e+001 -3.7336174e+001 -2.9333822e+001
  1.0333333e+000 -4.1800789e+001 -3.0366455e+001 -3.0237438e+001 -3.7374477e+001 -2.9290297e+001
  1.0400000e+000 -4.1669472e+001 -3.0322800e+001 -3.0188047e+001 -3.7394485e+001 -2.9263035e+001
  1.0466667e+000 -4.1566597e+001 -3.0284315e+001 -3.0156761e+001 -3.7393951e+001 -2.9216347e+001
  1.0533333e+000 -4.1468773e+001 -3.0248739e+001 -3.0125353e+001 -3.7405624e+001 -2.9156015e+001
  1.0600000e+000 -4.1365364e+001 -3.0179539e+001 -3.0092131e+001 -3.7424053e+001 -2.9106579e+001
  1.0666667e+000 -4.1261086e+001 -3.0145761e+001 -3.0068167e+001 -3.7429924e+001 -2.9072329e+001
  1.0733333e+000 -4.1116768e+001 -3.0109222e+001 -3.0052891e+001 -3.7430019e+001 -2.9027878e+001
  1.0800000e+000 -4.0967972e+001 -3.0056770e+001 -3.0039873e+001 -3.7419285e+001 -2.8986422e+001
  1.0866667e+000 -4.0837170e+001 -3.0018408e+001 -2.9988234e+001 -3.7417187e+001 -2.8923901e+001
  1.0933333e+000 -4.0708843e+001 -2.9971748e+001 -2.9932478e+001 -3.7432240e+001 -2.8896051e+001
  1.1000000e+000 -4.0577713e+001 -2.9904795e+001 -2.9944126e+001 -3.7460354e+001 -2.8840849e+001
  1.1066667e+000 -4.0440552e+001 -2.9848459e+001 -2.9940500e+001 -3.7468590e+001 -2.8788363e+001
  1.1133333e+000 -4.0311237e+001 -2.9805113e+001 -2.9920748e+001 -3.7475460e+001 -2.8738028e+001
  1.1200000e+000 -4.0195667e+001 -2.9752066e+001 -2.9892183e+001 -3.7556202e+001 -2.8685640e+001
  1.1266667e+000 -4.0042480e+001 -2.9711142e+001 -2.9867939e+001 -3.7622238e+001 -2.8616095e+001
  1.1333333e+000 -3.9905075e+001 -2.9667303e+001 -2.9837986e+001 -3.7737286e+001 -2.8557846e+001
  1.1400000e+000 -3.9767712e+001 -2.9595699e+001 -2.9817371e+001 -3.7822765e+001 -2.8508465e+001
  1.1466667e+000 -3.9593716e+001 -2.9549992e+001 -2.9793116e+001 -3.7918972e+001 -2.8464773e+001
  1.1533333e+000 -3.9443310e+001 -2.9493298e+001 -2.9754274e+001 -3.8024124e+001 -2.8399950e+001
  1.1600000e+000 -3.9335464e+001 -2.9444635e+001 -2.9702583e+001 -3.8125504e+001 -2.8347212e+001
  1.1666667e+000 -3.9189159e+001 -2.9403057e+001 -2.9643970e+001 -3.8269772e+001 -2.8270411e+001
  1.1733333e+000 -3.9051376e+001 -2.9344166e+001 -2.9611685e+001 -3.8386127e+001 -2.8207699e+001
  1.1800000e+000 -3.8897614e+001 -2.9281799e+001 -2.9559427e+001 -3.8477612e+001 -2.8155128e+001
  1.1866667e+000 -3.8740234e+001 -2.9222729e+001 -2.9510605e+001 -3.8577389e+001 -2.8081480e+001
  1.1933333e+000 -3.8581928e+001 -2.9155766e+001 -2.9445297e+001 -3.8695160e+001 -2.8012928e+001
  1.2000000e+000 -3.8413261e+001 -2.9072161e+001 -2.9404596e+001 -3.8797058e+001 -2.7950035e+001
  1.2066667e+000 -3.8285011e+001 -2.9008524e+001 -2.9358971e+001 -3.8904804e+001 -2.7875355e+001
  1.2133333e+000 -3.8120491e+001 -2.8925022e+001 -2.9301163e+001 -3.9010983e+001 -2.7803352e+001
  1.2200000e+000 -3.7953091e+001 -2.8839314e+001 -2.9233612e+001 -3.9082546e+001 -2.7742290e+001
  1.2266667e+000 -3.7808823e+001 -2.8794083e+001 -2.9164984e+001 -3.9152481e+001 -2.7698360e+001
  1.2333333e+000 -3.7685818e+001 -2.8719915e+001 -2.9131178e+001 -3.9199715e+001 -2.7626669e+001
  1.2400000e+000 -3.7543598e+001 -2.8633554e+001 -2.9101767e+001 -3.9275040e+001 -2.7557810e+001
  1.2466667e+000 -3.7409714e+001 -2.8577660e+001 -2.9060816e+001 -3.9350811e+001 -2.7489576e+001
  1.2533333e+000 -3.7275841e+001 -2.8522799e+001 -2.8990366e+001 -3.9432358e+001 -2.7412436e+001
  1.2600000e+000 -3.7168621e+001 -2.8455173e+001 -2.8927713e+001 -3.9524277e+001 -2.7298466e+001
  1.2666667e+000 -3.7014755e+001 -2.8361326e+001 -2.8869867e+001 -3.9553093e+001 -2.7196093e+001
  1.2733333e+000 -3.6900356e+001 -2.8279129e+001 -2.8816753e+001 -3.9612061e+001 -2.7121288e+001
  1.2800000e+000 -3.6764927e+001 -2.8212240e+001 -2.8766418e+001 -3.9644680e+001 -2.7016956e+001
  1.2866667e+000 -3.6632607e+001 -2.8148256e+001 -2.8725433e+001 -3.9731663e+001 -2.6888037e+001
  1.2933333e+000 -3.6527550e+001 -2.8058487e+001 -2.8667725e+001 -3.9832462e+001 -2.6780249e+001
  1.3000000e+000 -3.6407524e+001 -2.7972357e+001 -2.8597649e+001 -3.9954380e+001 -2.6683929e+001
  1.3066667e+000 -3.6326248e+001 -2.7908148e+001 -2.8516645e+001 -4.0064087e+001 -2.6564339e+001
  1.3133333e+000 -3.6207794e+001 -2.7834934e+001 -2.8476301e+001 -4.0160446e+001 -2.6467703e+001
  1.3200000e+000 -3.6101105e+001 -2.7781990e+001 -2.8444189e+001 -4.0273701e+001 -2.6389887e+001
  1.3266667e+000 -3.5983177e+001 -2.7677746e+001 -2.8347189e+001 -4.0430580e+001 -2.6278196e+001
  1.3333333e+000 -3.5866261e+001 -2.7597399e+001 -2.8244162e+001 -4.0569511e+001 -2.6189684e+001
  1.3400000e+000 -3.5762753e+001 -2.7547493e+001 -2.8162546e+001 -4.0674736e+001 -2.6095011e+001
  1.3466667e+000 -3.5652409e+001 -2.7490301e+001 -2.8115122e+001 -4.0830925e+001 -2.5977854e+001
  1.3533333e+000 -3.5541138e+001 -2.7417089e+001 -2.8066927e+001 -4.0942844e+001 -2.5884171e+001
  1.3600000e+000 -3.5458549e+001 -2.7340918e+001 -2.8004549e+001 -4.1064037e+001 -2.5798338e+001
  1.3666667e+000 -3.5343491e+001 -2.7282110e+001 -2.7933054e+001 -4.1207344e+001 -2.5689100e+001
  1.3733333e+000 -3.5260349e+001 -2.7233862e+001 -2.7864710e+001 -4.1364277e+001 -2.5589415e+001
  1.3800000e+000 -3.5172630e+001 -2.7173485e+001 -2.7813545e+001 -4.1472202e+001 -2.5511454e+001
  1.3866667e+000 -3.5065357e+001 -2.7091953e+001 -2.7760975e+001 -4.1563789e+001 -2.5415709e+001
  1.3933333e+000 -3.5004925e+001 -2.6996811e+001 -2.7710833e+001 -4.1674240e+001 -2.5281866e+001
  1.4000000e+000 -3.4919254e+001 -2.6936275e+001 -2.7642286e+001 -4.1785648e+001 -2.5157906e+001
  1.4066667e+000 -3.4850746e+001 -2.6868607e+001 -2.7594625e+001 -4.1874226e+001 -2.5060520e+001
  1.4133333e+000 -3.4788342e+001 -2.6810560e+001 -2.7533484e+001 -4.1938286e+001 -2.4956816e+001
  1.4200000e+000 -3.4731018e+001 -2.6740044e+001 -2.7478603e+001 -4.2001831e+001 -2.4871479e+001
  1.4266667e+000 -3.4661499e+001 -2.6649469e+001 -2.7413694e+001 -4.2057812e+001 -2.4736546e+001
  1.4333333e+000 -3.4590157e+001 -2.6549543e+001 -2.7341181e+001 -4.2072845e+001 -2.4618122e+001
  1.4400000e+000 -3.4541714e+001 -2.6496119e+001 -2.7292210e+001 -4.2091011e+001 -2.4526930e+001
  1.4466667e+000 -3.4474667e+001 -2.6411257e+001 -2.7254118e+001 -4.2102741e+001 -2.4425396e+001
  1.4533333e+000 -3.4393036e+001 -2.6358473e+001 -2.7181463e+001 -4.2115833e+001 -2.4337986e+001
  1.4600000e+000 -3.4330814e+001 -2.6282743e+001 -2.7126162e+001 -4.2127346e+001 -2.4269728e+001
  1.4666667e+000 -3.4260010e+001 -2.6212643e+001 -2.7079662e+001 -4.2111851e+001 -2.4159458e+001
  1.4733333e+000 -3.4177147e+001 -2.6133585e+001 -2.7011187e+001 -4.2095284e+001 -2.4052921e+001
  1.4800000e+000 -3.4101276e+001 -2.6078598e+001 -2.6940237e+001 -4.2076515e+001 -2.3959099e+001
  1.4866667e+000 -3.4026287e+001 -2.6009558e+001 -2.6885977e+001 -4.2069576e+001 -2.3845961e+001
  1.4933333e+000 -3.3946899e+001 -2.5940577e+001 -2.6834045e+001 -4.2071461e+001 -2.3749723e+001
  1.5000000e+000 -3.3880741e+001 -2.5860252e+001 -2.6794498e+001 -4.2091152e+001 -2.3652067e+001
  1.5066667e+000 -3.3815575e+001 -2.5790495e+001 -2.6732227e+001 -4.2128399e+001 -2.3548288e+001
  1.5133333e+000 -3.3729553e+001 -2.5724339e+001 -2.6669445e+001 -4.2123795e+001 -2.3430695e+001
  1.5200000e+000 -3.3621765e+001 -2.5682137e+001 -2.6636364e+001 -4.2139046e+001 -2.3343369e+001
  1.5266667e+000 -3.3549900e+001 -2.5616894e+001 -2.6588657e+001 -4.2151070e+001 -2.3233370e+001
  1.5333333e+000 -3.3488289e+001 -2.5538193e+001 -2.6551603e+001 -4.2187946e+001 -2.3155918e+001
  1.5400000e+000 -3.3408195e+001 -2.5503075e+001 -2.6506697e+001 -4.2199051e+001 -2.3014063e+001
  1.5466667e+000 -3.3335094e+001 -2.5409033e+001 -2.6437397e+001 -4.2214535e+001 -2.2918465e+001
  1.5533333e+000 -3.3246162e+001 -2.5353384e+001 -2.6358309e+001 -4.2261242e+001 -2.2821972e+001
  1.5600000e+000 -3.3192471e+001 -2.5301836e+001 -2.6280495e+001 -4.2269108e+001 -2.2742941e+001
  1.5666667e+000 -3.3114838e+001 -2.5212372e+001 -2.6232878e+001 -4.2275791e+001 -2.2658627e+001
  1.5733333e+000 -3.3013897e+001 -2.5166571e+001 -2.6165688e+001 -4.2284279e+001 -2.2560638e+001
  1.5800000e+000 -3.2940495e+001 -2.5103649e+001 -2.6098600e+001 -4.2289658e+001 -2.2442490e+001
  1.5866667e+000 -3.2868271e+001 -2.5049484e+001 -2.6028254e+001 -4.2308380e+001 -2.2339657e+001
  1.5933333e+000 -3.2797417e+001 -2.4972105e+001 -2.5951183e+001 -4.2262211e+001 -2.2239635e+001
  1.6000000e+000 -3.2700745e+001 -2.4916697e+001 -2.5909746e+001 -4.2265457e+001 -2.2153555e+001
  1.6066667e+000 -3.2645679e+001 -2.4857477e+001 -2.5860809e+001 -4.2290230e+001 -2.2093884e+001
  1.6133333e+000 -3.2570831e+001 -2.4798275e+001 -2.5787102e+001 -4.2319252e+001 -2.2004967e+001
  1.6200000e+000 -3.2494926e+001 -2.4751892e+001 -2.5703690e+001 -4.2291164e+001 -2.1893763e+001
  1.6266667e+000 -3.2411087e+001 -2.4683222e+001 -2.5643944e+001 -4.2279732e+001 -2.1773428e+001
  1.6333333e+000 -3.2338596e+001 -2.4565125e+001 -2.5584661e+001 -4.2285576e+001 -2.1690460e+001
  1.6400000e+000 -3.2265507e+001 -2.4518946e+001 -2.5531879e+001 -4.2289467e+001 -2.1619827e+001
  1.6466667e+000 -3.2205307e+001 -2.4475048e+001 -2.5462135e+001 -4.2274277e+001 -2.1523310e+001
  1.6533333e+000 -3.2147644e+001 -2.4419022e+001 -2.5390272e+001 -4.2316227e+001 -2.1435545e+001
  1.6600000e+000 -3.2087032e+001 -2.4331718e+001 -2.5316229e+001 -4.2326172e+001 -2.1337128e+001
  1.6666667e+000 -3.2029816e+001 -2.4262934e+001 -2.5258646e+001 -4.2324333e+001 -2.1255314e+001
  1.6733333e+000 -3.1982084e+001 -2.4200092e+001 -2.5216118e+001 -4.2333218e+001 -2.1166374e+001
  1.6800000e+000 -3.1922842e+001 -2.4126575e+001 -2.5154716e+001 -4.2370358e+001 -2.1095913e+001
  1.6866667e+000 -3.1864813e+001 -2.4045551e+001 -2.5075369e+001 -4.2372105e+001 -2.1033661e+001
  1.6933333e+000 -3.1817095e+001 -2.3957701e+001 -2.5013281e+001 -4.2377419e+001 -2.0958923e+001
  1.7000000e+000 -3.1741936e+001 -2.3913342e+001 -2.4955711e+001 -4.2408173e+001 -2.0907923e+001
  1.7066667e+000 -3.1666174e+001 -2.3844086e+001 -2.4922338e+001 -4.2410950e+001 -2.0820852e+001
  1.7133333e+000 -3.1593426e+001 -2.3754995e+001 -2.4866917e+001 -4.2410118e+001 -2.0737511e+001
  1.7200000e+000 -3.1528761e+001 -2.3680273e+001 -2.4804016e+001 -4.2421890e+001 -2.0660727e+001
  1.7266667e+000 -3.1460842e+001 -2.3618330e+001 -2.4747162e+001 -4.2413239e+001 -2.0590513e+001
  1.7333333e+000 -3.1385986e+001 -2.3537039e+001 -2.4658373e+001 -4.2415909e+001 -2.0544477e+001
  1.7400000e+000 -3.1291809e+001 -2.3462917e+001 -2.4592604e+001 -4.2483856e+001 -2.0497208e+001
  1.7466667e+000 -3.1214302e+001 -2.3377926e+001 -2.4545568e+001 -4.2499950e+001 -2.0451601e+001
  1.7533333e+000 -3.1169510e+001 -2.3339537e+001 -2.4470266e+001 -4.2517834e+001 -2.0404011e+001
  1.7600000e+000 -3.1103117e+001 -2.3291779e+001 -2.4370468e+001 -4.2543041e+001 -2.0391758e+001
  1.7666667e+000 -3.1001236e+001 -2.3213936e+001 -2.4288361e+001 -4.2564098e+001 -2.0357901e+001
  1.7733333e+000 -3.0931116e+001 -2.3137466e+001 -2.4184847e+001 -4.2606873e+001 -2.0327862e+001
  1.7800000e+000 -3.0850475e+001 -2.3066147e+001 -2.4093254e+001 -4.2610939e+001 -2.0295053e+001
  1.7866667e+000 -3.0783983e+001 -2.3000727e+001 -2.3996218e+001 -4.2609993e+001 -2.0270391e+001
  1.7933333e+000 -3.0688934e+001 -2.2969437e+001 -2.3915037e+001 -4.2617115e+001 -2.0259638e+001
  1.8000000e+000 -3.0585680e+001 -2.2905090e+001 -2.3833414e+001 -4.2645008e+001 -2.0233349e+001
  1.8066667e+000 -3.0471943e+001 -2.2832090e+001 -2.3797205e+001 -4.2622231e+001 -2.0211609e+001
  1.8133333e+000 -3.0355093e+001 -2.2780596e+001 -2.3763477e+001 -4.2626087e+001 -2.0209576e+001
  1.8200000e+000 -3.0199030e+001 -2.2715229e+001 -2.3712975e+001 -4.2616810e+001 -2.0196394e+001
  1.8266667e+000 -3.0061440e+001 -2.2650171e+001 -2.3644171e+001 -4.2605148e+001 -2.0212658e+001
  1.8333333e+000 -2.9962862e+001 -2.2599127e+001 -2.3585661e+001 -4.2595852e+001 -2.0217403e+001
  1.8400000e+000 -2.9881741e+001 -2.2510397e+001 -2.3553337e+001 -4.2558201e+001 -2.0189573e+001
  1.8466667e+000 -2.9761320e+001 -2.2423864e+001 -2.3501478e+001 -4.2558659e+001 -2.0191288e+001
  1.8533333e+000 -2.9660494e+001 -2.2317554e+001 -2.3449137e+001 -4.2590588e+001 -2.0178511e+001
  1.8600000e+000 -2.9581059e+001 -2.2218458e+001 -2.3383755e+001 -4.2578617e+001 -2.0154016e+001
  1.8666667e+000 -2.9463026e+001 -2.2124048e+001 -2.3310413e+001 -4.2577209e+001 -2.0109861e+001
  1.8733333e+000 -2.9363285e+001 -2.2067591e+001 -2.3252321e+001 -4.2572899e+001 -2.0069363e+001
  1.8800000e+000 -2.9264452e+001 -2.2015108e+001 -2.3182325e+001 -4.2585632e+001 -2.0050510e+001
  1.8866667e+000 -2.9183117e+001 -2.1984838e+001 -2.3117926e+001 -4.2596458e+001 -2.0017782e+001
  1.8933333e+000 -2.9060812e+001 -2.1915297e+001 -2.3059601e+001 -4.2632740e+001 -1.9984066e+001
  1.9000000e+000 -2.8958267e+001 -2.1895231e+001 -2.2986063e+001 -4.2699177e+001 -1.9948683e+001
  1.9066667e+000 -2.8837988e+001 -2.1839052e+001 -2.2943193e+001 -4.2744160e+001 -1.9939461e+001
  1.9133333e+000 -2.8734699e+001 -2.1784712e+001 -2.2884380e+001 -4.2780499e+001 -1.9884241e+001
  1.9200000e+000 -2.8599436e+001 -2.1740915e+001 -2.2835922e+001 -4.2821499e+001 -1.9834230e+001
  1.9266667e+000 -2.8498865e+001 -2.1691595e+001 -2.2790348e+001 -4.2853291e+001 -1.9764383e+001
  1.9333333e+000 -2.8401947e+001 -2.1613108e+001 -2.2745243e+001 -4.2898945e+001 -1.9750795e+001
  1.9400000e+000 -2.8266081e+001 -2.1562975e+001 -2.2690910e+001 -4.2994694e+001 -1.9744989e+001
  1.9466667e+000 -2.8150509e+001 -2.1500254e+001 -2.2644636e+001 -4.3070118e+001 -1.9700443e+001
  1.9533333e+000 -2.8057297e+001 -2.1463102e+001 -2.2584995e+001 -4.3112240e+001 -1.9650236e+001
  1.9600000e+000 -2.7936277e+001 -2.1423664e+001 -2.2538046e+001 -4.3160873e+001 -1.9588606e+001
  1.9666667e+000 -2.7830507e+001 -2.1379496e+001 -2.2514631e+001 -4.3248459e+001 -1.9584131e+001
  1.9733333e+000 -2.7738960e+001 -2.1340860e+001 -2.2461065e+001 -4.3282795e+001 -1.9578657e+001
  1.9800000e+000 -2.7645456e+001 -2.1291803e+001 -2.2427431e+001 -4.3313286e+001 -1.9547829e+001
  1.9866667e+000 -2.7559898e+001 -2.1265602e+001 -2.2389542e+001 -4.3355709e+001 -1.9531006e+001
  1.9933333e+000 -2.7439121e+001 -2.1214689e+001 -2.2350157e+001 -4.3412251e+001 -1.9495403e+001
  2.0000000e+000 -2.7366867e+001 -2.1178688e+001 -2.2322868e+001 -4.3441631e+001 -1.9478010e+001
