 -5.0000000e-001  1.3454742e+002  1.3205280e+002  1.3289442e+002  1.3248708e+002  1.3449507e+002
 -4.9333333e-001  1.3454565e+002  1.3204962e+002  1.3288620e+002  1.3250357e+002  1.3449672e+002
 -4.8666667e-001  1.3454735e+002  1.3204126e+002  1.3287439e+002  1.3248209e+002  1.3448891e+002
 -4.8000000e-001  1.3452765e+002  1.3203676e+002  1.3285800e+002  1.3246971e+002  1.3447761e+002
 -4.7333333e-001  1.3452785e+002  1.3201520e+002  1.3286807e+002  1.3246001e+002  1.3446874e+002
 -4.6666667e-001  1.3453255e+002  1.3203444e+002  1.3288062e+002  1.3247528e+002  1.3446912e+002
 -4.6000000e-001  1.3453893e+002  1.3201369e+002  1.3286922e+002  1.3248583e+002  1.3447691e+002
 -4.5333333e-001  1.3452367e+002  1.3201465e+002  1.3285623e+002  1.3248456e+002  1.3447556e+002
 -4.4666667e-001  1.3453120e+002  1.3200244e+002  1.3286986e+002  1.3245836e+002  1.3445555e+002
 -4.4000000e-001  1.3450977e+002  1.3197569e+002  1.3287253e+002  1.3244101e+002  1.3447392e+002
 -4.3333333e-001  1.3451106e+002  1.3198987e+002  1.3283929e+002  1.3244266e+002  1.3445660e+002
 -4.2666667e-001  1.3452771e+002  1.3197548e+002  1.3282378e+002  1.3243619e+002  1.3445068e+002
 -4.2000000e-001  1.3451285e+002  1.3197954e+002  1.3281464e+002  1.3245758e+002  1.3444150e+002
 -4.1333333e-001  1.3453006e+002  1.3199960e+002  1.3281812e+002  1.3245738e+002  1.3445421e+002
 -4.0666667e-001  1.3451993e+002  1.3197752e+002  1.3280019e+002  1.3244264e+002  1.3442639e+002
 -4.0000000e-001  1.3450787e+002  1.3196698e+002  1.3282059e+002  1.3244833e+002  1.3443034e+002
 -3.9333333e-001  1.3449136e+002  1.3197412e+002  1.3281841e+002  1.3244136e+002  1.3443956e+002
 -3.8666667e-001  1.3448402e+002  1.3198392e+002  1.3279611e+002  1.3241751e+002  1.3442770e+002
 -3.8000000e-001  1.3449312e+002  1.3196632e+002  1.3280269e+002  1.3242953e+002  1.3441293e+002
 -3.7333333e-001  1.3449843e+002  1.3197574e+002  1.3280452e+002  1.3242574e+002  1.3442686e+002
 -3.6666667e-001  1.3448908e+002  1.3196211e+002  1.3277420e+002  1.3244113e+002  1.3441713e+002
 -3.6000000e-001  1.3448897e+002  1.3196945e+002  1.3279048e+002  1.3246674e+002  1.3442747e+002
 -3.5333333e-001  1.3447995e+002  1.3197517e+002  1.3278224e+002  1.3246660e+002  1.3441882e+002
 -3.4666667e-001  1.3447806e+002  1.3195371e+002  1.3276456e+002  1.3246983e+002  1.3438847e+002
 -3.4000000e-001  1.3444399e+002  1.3195114e+002  1.3276138e+002  1.3247047e+002  1.3437920e+002
 -3.3333333e-001  1.3446107e+002  1.3194765e+002  1.3276396e+002  1.3245535e+002  1.3439552e+002
 -3.2666667e-001  1.3448238e+002  1.3196059e+002  1.3277345e+002  1.3242918e+002  1.3439972e+002
 -3.2000000e-001  1.3447649e+002  1.3194540e+002  1.3276912e+002  1.3244753e+002  1.3440851e+002
 -3.1333333e-001  1.3445854e+002  1.3194338e+002  1.3277954e+002  1.3244641e+002  1.3437851e+002
 -3.0666667e-001  1.3446216e+002  1.3194163e+002  1.3278314e+002  1.3244893e+002  1.3437204e+002
 -3.0000000e-001  1.3447096e+002  1.3195749e+002  1.3279320e+002  1.3242950e+002  1.3434757e+002
 -2.9333333e-001  1.3447374e+002  1.3193791e+002  1.3277411e+002  1.3241884e+002  1.3434427e+002
 -2.8666667e-001  1.3446758e+002  1.3194774e+002  1.3278332e+002  1.3240523e+002  1.3434229e+002
 -2.8000000e-001  1.3444569e+002  1.3195944e+002  1.3278398e+002  1.3237006e+002  1.3434285e+002
 -2.7333333e-001  1.3445012e+002  1.3195107e+002  1.3279675e+002  1.3235652e+002  1.3434923e+002
 -2.6666667e-001  1.3445305e+002  1.3196374e+002  1.3279910e+002  1.3234216e+002  1.3435713e+002
 -2.6000000e-001  1.3445030e+002  1.3192934e+002  1.3277962e+002  1.3236783e+002  1.3434726e+002
 -2.5333333e-001  1.3445111e+002  1.3194351e+002  1.3279677e+002  1.3234972e+002  1.3434320e+002
 -2.4666667e-001  1.3443289e+002  1.3194377e+002  1.3277850e+002  1.3233215e+002  1.3431523e+002
 -2.4000000e-001  1.3444592e+002  1.3191026e+002  1.3277797e+002  1.3233005e+002  1.3431453e+002
 -2.3333333e-001  1.3445221e+002  1.3191513e+002  1.3279656e+002  1.3229372e+002  1.3431566e+002
 -2.2666667e-001  1.3442787e+002  1.3192738e+002  1.3281018e+002  1.3227141e+002  1.3432754e+002
 -2.2000000e-001  1.3442578e+002  1.3195657e+002  1.3280432e+002  1.3226213e+002  1.3431191e+002
 -2.1333333e-001  1.3441254e+002  1.3194840e+002  1.3277170e+002  1.3227434e+002  1.3431653e+002
 -2.0666667e-001  1.3444144e+002  1.3192333e+002  1.3279794e+002  1.3228607e+002  1.3431439e+002
 -2.0000000e-001  1.3446036e+002  1.3192938e+002  1.3278188e+002  1.3227994e+002  1.3430827e+002
 -1.9333333e-001  1.3443407e+002  1.3195032e+002  1.3277508e+002  1.3226923e+002  1.3431528e+002
 -1.8666667e-001  1.3444893e+002  1.3193048e+002  1.3278227e+002  1.3227490e+002  1.3430482e+002
 -1.8000000e-001  1.3442682e+002  1.3191913e+002  1.3277185e+002  1.3227838e+002  1.3430098e+002
 -1.7333333e-001  1.3441621e+002  1.3193050e+002  1.3277315e+002  1.3227132e+002  1.3431400e+002
 -1.6666667e-001  1.3443102e+002  1.3194247e+002  1.3278320e+002  1.3227339e+002  1.3429540e+002
 -1.6000000e-001  1.3442221e+002  1.3193770e+002  1.3276158e+002  1.3226092e+002  1.3430020e+002
 -1.5333333e-001  1.3441568e+002  1.3194750e+002  1.3275996e+002  1.3223828e+002  1.3432245e+002
 -1.4666667e-001  1.3441411e+002  1.3195775e+002  1.3277263e+002  1.3222597e+002  1.3429933e+002
 -1.4000000e-001  1.3442331e+002  1.3195575e+002  1.3276869e+002  1.3220972e+002  1.3431194e+002
 -1.3333333e-001  1.3441106e+002  1.3194705e+002  1.3278050e+002  1.3222472e+002  1.3430098e+002
 -1.2666667e-001  1.3442235e+002  1.3195630e+002  1.3275938e+002  1.3223044e+002  1.3428838e+002
 -1.2000000e-001  1.3443691e+002  1.3195795e+002  1.3274370e+002  1.3221480e+002  1.3429378e+002
 -1.1333333e-001  1.3441974e+002  1.3196886e+002  1.3274298e+002  1.3220538e+002  1.3427612e+002
 -1.0666667e-001  1.3440752e+002  1.3195398e+002  1.3276155e+002  1.3219583e+002  1.3426987e+002
 -1.0000000e-001  1.3440105e+002  1.3197649e+002  1.3275192e+002  1.3220805e+002  1.3426750e+002
 -9.3333333e-002  1.3442458e+002  1.3198312e+002  1.3274451e+002  1.3219562e+002  1.3425691e+002
 -8.6666667e-002  1.3441840e+002  1.3198399e+002  1.3275047e+002  1.3217476e+002  1.3426457e+002
 -8.0000000e-002  1.3438129e+002  1.3199835e+002  1.3275255e+002  1.3215286e+002  1.3425958e+002
 -7.3333333e-002  1.3437701e+002  1.3201941e+002  1.3276686e+002  1.3214613e+002  1.3424562e+002
 -6.6666667e-002  1.3437645e+002  1.3202437e+002  1.3272113e+002  1.3215608e+002  1.3423926e+002
 -6.0000000e-002  1.3438915e+002  1.3203285e+002  1.3273218e+002  1.3214632e+002  1.3421890e+002
 -5.3333333e-002  1.3436754e+002  1.3204376e+002  1.3274547e+002  1.3214114e+002  1.3421396e+002
 -4.6666667e-002  1.3436803e+002  1.3202600e+002  1.3274278e+002  1.3215419e+002  1.3423465e+002
 -4.0000000e-002  1.3437849e+002  1.3204265e+002  1.3274052e+002  1.3215248e+002  1.3419261e+002
 -3.3333333e-002  1.3437860e+002  1.3202739e+002  1.3272177e+002  1.3214163e+002  1.3418593e+002
 -2.6666667e-002  1.3435561e+002  1.3205737e+002  1.3272765e+002  1.3213289e+002  1.3420302e+002
 -2.0000000e-002  1.3432588e+002  1.3207246e+002  1.3271719e+002  1.3213007e+002  1.3419940e+002
 -1.3333333e-002  1.3436290e+002  1.3211386e+002  1.3271381e+002  1.3211441e+002  1.3418230e+002
 -6.6666667e-003  1.3435466e+002  1.3208501e+002  1.3270584e+002  1.3211540e+002  1.3416730e+002
  0.0000000e+000  1.3433855e+002  1.3210580e+002  1.3269724e+002  1.3213310e+002  1.3415134e+002
  6.6666667e-003  1.3433791e+002  1.3211739e+002  1.3268485e+002  1.3211206e+002  1.3416334e+002
  1.3333333e-002  1.3435059e+002  1.3212012e+002  1.3268552e+002  1.3212563e+002  1.3417316e+002
  2.0000000e-002  1.3435031e+002  1.3213367e+002  1.3269714e+002  1.3211874e+002  1.3417738e+002
  2.6666667e-002  1.3436510e+002  1.3214528e+002  1.3270097e+002  1.3213528e+002  1.3416000e+002
  3.3333333e-002  1.3437180e+002  1.3214726e+002  1.3270300e+002  1.3211874e+002  1.3416655e+002
  4.0000000e-002  1.3439136e+002  1.3218787e+002  1.3273943e+002  1.3214676e+002  1.3417641e+002
  4.6666667e-002  1.3439041e+002  1.3218204e+002  1.3273912e+002  1.3218002e+002  1.3420453e+002
  5.3333333e-002  1.3439017e+002  1.3220923e+002  1.3274883e+002  1.3219780e+002  1.3421896e+002
  6.0000000e-002  1.3443387e+002  1.3221758e+002  1.3277840e+002  1.3224287e+002  1.3426147e+002
  6.6666667e-002  1.3444636e+002  1.3222350e+002  1.3279811e+002  1.3228561e+002  1.3429156e+002
  7.3333333e-002  1.3447054e+002  1.3225578e+002  1.3282191e+002  1.3231609e+002  1.3430315e+002
  8.0000000e-002  1.3451415e+002  1.3228882e+002  1.3285536e+002  1.3236154e+002  1.3433710e+002
  8.6666667e-002  1.3455147e+002  1.3235117e+002  1.3291171e+002  1.3241969e+002  1.3437779e+002
  9.3333333e-002  1.3458556e+002  1.3240782e+002  1.3295618e+002  1.3247214e+002  1.3439642e+002
  1.0000000e-001  1.3460841e+002  1.3242215e+002  1.3302077e+002  1.3250728e+002  1.3442339e+002
  1.0666667e-001  1.3467013e+002  1.3247931e+002  1.3305823e+002  1.3254478e+002  1.3448283e+002
  1.1333333e-001  1.3472321e+002  1.3255382e+002  1.3312273e+002  1.3259882e+002  1.3450841e+002
  1.2000000e-001  1.3478770e+002  1.3260953e+002  1.3316727e+002  1.3262605e+002  1.3457832e+002
  1.2666667e-001  1.3487219e+002  1.3268457e+002  1.3322672e+002  1.3269307e+002  1.3465907e+002
  1.3333333e-001  1.3496005e+002  1.3277254e+002  1.3330244e+002  1.3279388e+002  1.3472194e+002
  1.4000000e-001  1.3505611e+002  1.3286342e+002  1.3339691e+002  1.3285593e+002  1.3486173e+002
  1.4666667e-001  1.3514639e+002  1.3293591e+002  1.3349448e+002  1.3292372e+002  1.3495792e+002
  1.5333333e-001  1.3527580e+002  1.3306326e+002  1.3358177e+002  1.3305051e+002  1.3511237e+002
  1.6000000e-001  1.3542676e+002  1.3315752e+002  1.3372124e+002  1.3313464e+002  1.3525243e+002
  1.6666667e-001  1.3556474e+002  1.3324432e+002  1.3385304e+002  1.3318822e+002  1.3538280e+002
  1.7333333e-001  1.3569043e+002  1.3338767e+002  1.3397966e+002  1.3330573e+002  1.3552098e+002
  1.8000000e-001  1.3582616e+002  1.3351581e+002  1.3415930e+002  1.3344487e+002  1.3563533e+002
  1.8666667e-001  1.3597960e+002  1.3367339e+002  1.3433145e+002  1.3357585e+002  1.3575810e+002
  1.9333333e-001  1.3615366e+002  1.3381642e+002  1.3452246e+002  1.3371181e+002  1.3587444e+002
  2.0000000e-001  1.3628223e+002  1.3395125e+002  1.3469908e+002  1.3385316e+002  1.3603003e+002
  2.0666667e-001  1.3643832e+002  1.3407887e+002  1.3489505e+002  1.3398396e+002  1.3619225e+002
  2.1333333e-001  1.3657054e+002  1.3420686e+002  1.3510042e+002  1.3412923e+002  1.3633475e+002
  2.2000000e-001  1.3667670e+002  1.3434953e+002  1.3529236e+002  1.3430478e+002  1.3654474e+002
  2.2666667e-001  1.3678810e+002  1.3442957e+002  1.3546874e+002  1.3451787e+002  1.3672540e+002
  2.3333333e-001  1.3688002e+002  1.3451210e+002  1.3562228e+002  1.3470229e+002  1.3691048e+002
  2.4000000e-001  1.3699703e+002  1.3455666e+002  1.3579233e+002  1.3489506e+002  1.3706888e+002
  2.4666667e-001  1.3711883e+002  1.3462561e+002  1.3594377e+002  1.3506981e+002  1.3719881e+002
  2.5333333e-001  1.3723332e+002  1.3473363e+002  1.3606404e+002  1.3521481e+002  1.3730687e+002
  2.6000000e-001  1.3737331e+002  1.3481261e+002  1.3613573e+002  1.3532950e+002  1.3740472e+002
  2.6666667e-001  1.3752362e+002  1.3491225e+002  1.3621445e+002  1.3543016e+002  1.3750777e+002
  2.7333333e-001  1.3768803e+002  1.3500877e+002  1.3628281e+002  1.3550098e+002  1.3759560e+002
  2.8000000e-001  1.3788976e+002  1.3509625e+002  1.3634613e+002  1.3558226e+002  1.3768860e+002
  2.8666667e-001  1.3810255e+002  1.3520169e+002  1.3642271e+002  1.3559331e+002  1.3776045e+002
  2.9333333e-001  1.3830908e+002  1.3534668e+002  1.3646338e+002  1.3558490e+002  1.3783087e+002
  3.0000000e-001  1.3854797e+002  1.3545415e+002  1.3651584e+002  1.3561426e+002  1.3793211e+002
  3.0666667e-001  1.3877161e+002  1.3556493e+002  1.3655795e+002  1.3561806e+002  1.3802097e+002
  3.1333333e-001  1.3895618e+002  1.3565196e+002  1.3659270e+002  1.3561990e+002  1.3808537e+002
  3.2000000e-001  1.3913892e+002  1.3569150e+002  1.3666936e+002  1.3562795e+002  1.3817798e+002
  3.2666667e-001  1.3925806e+002  1.3575150e+002  1.3682080e+002  1.3569580e+002  1.3826125e+002
  3.3333333e-001  1.3934085e+002  1.3576502e+002  1.3693732e+002  1.3581238e+002  1.3833449e+002
  3.4000000e-001  1.3933658e+002  1.3570633e+002  1.3705270e+002  1.3589217e+002  1.3842914e+002
  3.4666667e-001  1.3923724e+002  1.3562972e+002  1.3721106e+002  1.3601155e+002  1.3848773e+002
  3.5333333e-001  1.3907976e+002  1.3554244e+002  1.3733107e+002  1.3614247e+002  1.3855347e+002
  3.6000000e-001  1.3890067e+002  1.3542004e+002  1.3740991e+002  1.3627374e+002  1.3855179e+002
  3.6666667e-001  1.3875835e+002  1.3525778e+002  1.3746263e+002  1.3645161e+002  1.3855583e+002
  3.7333333e-001  1.3866100e+002  1.3509242e+002  1.3749768e+002  1.3657486e+002  1.3847696e+002
  3.8000000e-001  1.3860109e+002  1.3488800e+002  1.3749193e+002  1.3666370e+002  1.3837672e+002
  3.8666667e-001  1.3855180e+002  1.3469363e+002  1.3747369e+002  1.3677550e+002  1.3829707e+002
  3.9333333e-001  1.3850090e+002  1.3450006e+002  1.3743398e+002  1.3685728e+002  1.3816116e+002
  4.0000000e-001  1.3845360e+002  1.3427364e+002  1.3733000e+002  1.3690338e+002  1.3805719e+002
  4.0666667e-001  1.3838583e+002  1.3405940e+002  1.3725923e+002  1.3691199e+002  1.3792581e+002
  4.1333333e-001  1.3830168e+002  1.3389127e+002  1.3718936e+002  1.3690970e+002  1.3780536e+002
  4.2000000e-001  1.3826147e+002  1.3370403e+002  1.3714294e+002  1.3688415e+002  1.3766226e+002
  4.2666667e-001  1.3824431e+002  1.3349899e+002  1.3711955e+002  1.3687035e+002  1.3752522e+002
  4.3333333e-001  1.3817541e+002  1.3333206e+002  1.3706039e+002  1.3684376e+002  1.3735695e+002
  4.4000000e-001  1.3808693e+002  1.3315775e+002  1.3698408e+002  1.3675111e+002  1.3718207e+002
  4.4666667e-001  1.3801926e+002  1.3293007e+002  1.3688812e+002  1.3664276e+002  1.3700111e+002
  4.5333333e-001  1.3796483e+002  1.3267886e+002  1.3677830e+002  1.3648488e+002  1.3681352e+002
  4.6000000e-001  1.3789651e+002  1.3243553e+002  1.3669228e+002  1.3630682e+002  1.3666310e+002
  4.6666667e-001  1.3780307e+002  1.3218985e+002  1.3655063e+002  1.3613386e+002  1.3648116e+002
  4.7333333e-001  1.3772232e+002  1.3192104e+002  1.3642217e+002  1.3589467e+002  1.3632069e+002
  4.8000000e-001  1.3763875e+002  1.3159345e+002  1.3626443e+002  1.3570615e+002  1.3619095e+002
  4.8666667e-001  1.3753020e+002  1.3127506e+002  1.3614729e+002  1.3551820e+002  1.3599371e+002
  4.9333333e-001  1.3736865e+002  1.3096086e+002  1.3602359e+002  1.3533746e+002  1.3583135e+002
  5.0000000e-001  1.3722376e+002  1.3061543e+002  1.3587656e+002  1.3515723e+002  1.3570644e+002
  5.0666667e-001  1.3701514e+002  1.3024451e+002  1.3578014e+002  1.3495676e+002  1.3557465e+002
  5.1333333e-001  1.3672966e+002  1.2986804e+002  1.3561935e+002  1.3474144e+002  1.3540596e+002
  5.2000000e-001  1.3644263e+002  1.2946204e+002  1.3539613e+002  1.3456557e+002  1.3523549e+002
  5.2666667e-001  1.3613591e+002  1.2905313e+002  1.3518898e+002  1.3433380e+002  1.3506703e+002
  5.3333333e-001  1.3576668e+002  1.2863823e+002  1.3494270e+002  1.3409439e+002  1.3487581e+002
  5.4000000e-001  1.3537172e+002  1.2819986e+002  1.3469861e+002  1.3387730e+002  1.3466432e+002
  5.4666667e-001  1.3497533e+002  1.2774131e+002  1.3440930e+002  1.3365668e+002  1.3445605e+002
  5.5333333e-001  1.3458540e+002  1.2728359e+002  1.3413614e+002  1.3338335e+002  1.3422363e+002
  5.6000000e-001  1.3421281e+002  1.2683057e+002  1.3385677e+002  1.3314481e+002  1.3402466e+002
  5.6666667e-001  1.3387740e+002  1.2637692e+002  1.3354199e+002  1.3294969e+002  1.3381793e+002
  5.7333333e-001  1.3357649e+002  1.2593786e+002  1.3321989e+002  1.3270090e+002  1.3355258e+002
  5.8000000e-001  1.3327145e+002  1.2549302e+002  1.3282838e+002  1.3244470e+002  1.3326529e+002
  5.8666667e-001  1.3297412e+002  1.2506971e+002  1.3244278e+002  1.3220666e+002  1.3300559e+002
  5.9333333e-001  1.3273383e+002  1.2464239e+002  1.3201996e+002  1.3196411e+002  1.3275880e+002
  6.0000000e-001  1.3247376e+002  1.2417767e+002  1.3149570e+002  1.3164232e+002  1.3248969e+002
  6.0666667e-001  1.3217642e+002  1.2372647e+002  1.3091139e+002  1.3133197e+002  1.3218861e+002
  6.1333333e-001  1.3191104e+002  1.2330115e+002  1.3025925e+002  1.3102344e+002  1.3188481e+002
  6.2000000e-001  1.3159442e+002  1.2290321e+002  1.2959596e+002  1.3070879e+002  1.3160423e+002
  6.2666667e-001  1.3127231e+002  1.2247960e+002  1.2891193e+002  1.3039079e+002  1.3135817e+002
  6.3333333e-001  1.3096686e+002  1.2207651e+002  1.2823392e+002  1.3008900e+002  1.3111716e+002
  6.4000000e-001  1.3058583e+002  1.2170134e+002  1.2756705e+002  1.2975078e+002  1.3083160e+002
  6.4666667e-001  1.3015788e+002  1.2136451e+002  1.2693652e+002  1.2941737e+002  1.3058342e+002
  6.5333333e-001  1.2976076e+002  1.2102292e+002  1.2636404e+002  1.2911684e+002  1.3037370e+002
  6.6000000e-001  1.2936842e+002  1.2070849e+002  1.2586427e+002  1.2878789e+002  1.3017340e+002
  6.6666667e-001  1.2897113e+002  1.2046828e+002  1.2533474e+002  1.2846890e+002  1.2993541e+002
  6.7333333e-001  1.2857037e+002  1.2020442e+002  1.2483773e+002  1.2821443e+002  1.2975494e+002
  6.8000000e-001  1.2816162e+002  1.1996099e+002  1.2436370e+002  1.2791401e+002  1.2956439e+002
  6.8666667e-001  1.2777421e+002  1.1972338e+002  1.2388361e+002  1.2763774e+002  1.2938771e+002
  6.9333333e-001  1.2738672e+002  1.1945273e+002  1.2337482e+002  1.2737444e+002  1.2923434e+002
  7.0000000e-001  1.2703606e+002  1.1916212e+002  1.2286071e+002  1.2708066e+002  1.2907605e+002
  7.0666667e-001  1.2667900e+002  1.1886883e+002  1.2237701e+002  1.2678832e+002  1.2889771e+002
  7.1333333e-001  1.2630427e+002  1.1865244e+002  1.2181641e+002  1.2654253e+002  1.2874158e+002
  7.2000000e-001  1.2596411e+002  1.1841942e+002  1.2125114e+002  1.2630112e+002  1.2857533e+002
  7.2666667e-001  1.2563215e+002  1.1820294e+002  1.2064383e+002  1.2605293e+002  1.2843622e+002
  7.3333333e-001  1.2528233e+002  1.1794009e+002  1.2004382e+002  1.2578046e+002  1.2829549e+002
  7.4000000e-001  1.2491912e+002  1.1772055e+002  1.1951986e+002  1.2554424e+002  1.2811809e+002
  7.4666667e-001  1.2459403e+002  1.1754607e+002  1.1900721e+002  1.2531133e+002  1.2791852e+002
  7.5333333e-001  1.2419476e+002  1.1731585e+002  1.1849580e+002  1.2507213e+002  1.2777651e+002
  7.6000000e-001  1.2380366e+002  1.1711555e+002  1.1805803e+002  1.2482656e+002  1.2759445e+002
  7.6666667e-001  1.2343899e+002  1.1690700e+002  1.1761678e+002  1.2461871e+002  1.2743516e+002
  7.7333333e-001  1.2307180e+002  1.1669476e+002  1.1717100e+002  1.2442156e+002  1.2724006e+002
  7.8000000e-001  1.2267297e+002  1.1650253e+002  1.1674190e+002  1.2418049e+002  1.2708042e+002
  7.8666667e-001  1.2224142e+002  1.1633868e+002  1.1634985e+002  1.2396348e+002  1.2697200e+002
  7.9333333e-001  1.2183954e+002  1.1615145e+002  1.1595723e+002  1.2371646e+002  1.2685384e+002
  8.0000000e-001  1.2139183e+002  1.1595391e+002  1.1549397e+002  1.2352188e+002  1.2676269e+002
  8.0666667e-001  1.2097443e+002  1.1579686e+002  1.1512620e+002  1.2332298e+002  1.2664207e+002
  8.1333333e-001  1.2049036e+002  1.1567778e+002  1.1475732e+002  1.2310750e+002  1.2647208e+002
  8.2000000e-001  1.2002054e+002  1.1557298e+002  1.1438940e+002  1.2291956e+002  1.2639755e+002
  8.2666667e-001  1.1962184e+002  1.1548227e+002  1.1406418e+002  1.2276081e+002  1.2632169e+002
  8.3333333e-001  1.1921080e+002  1.1537037e+002  1.1373126e+002  1.2258628e+002  1.2621416e+002
  8.4000000e-001  1.1880200e+002  1.1530486e+002  1.1344379e+002  1.2243557e+002  1.2609476e+002
  8.4666667e-001  1.1845450e+002  1.1523539e+002  1.1319321e+002  1.2231558e+002  1.2595528e+002
  8.5333333e-001  1.1812286e+002  1.1514546e+002  1.1295982e+002  1.2219740e+002  1.2585873e+002
  8.6000000e-001  1.1776071e+002  1.1507198e+002  1.1274787e+002  1.2209402e+002  1.2576247e+002
  8.6666667e-001  1.1743984e+002  1.1496436e+002  1.1257391e+002  1.2195627e+002  1.2564681e+002
  8.7333333e-001  1.1715887e+002  1.1487466e+002  1.1236251e+002  1.2180574e+002  1.2548224e+002
  8.8000000e-001  1.1685290e+002  1.1476914e+002  1.1211676e+002  1.2165686e+002  1.2532303e+002
  8.8666667e-001  1.1662363e+002  1.1462528e+002  1.1184403e+002  1.2151575e+002  1.2517721e+002
  8.9333333e-001  1.1640962e+002  1.1448558e+002  1.1157174e+002  1.2131819e+002  1.2503689e+002
  9.0000000e-001  1.1615995e+002  1.1434737e+002  1.1132625e+002  1.2117723e+002  1.2486676e+002
  9.0666667e-001  1.1590022e+002  1.1423092e+002  1.1106429e+002  1.2103970e+002  1.2468977e+002
  9.1333333e-001  1.1566352e+002  1.1407069e+002  1.1086331e+002  1.2085885e+002  1.2452129e+002
  9.2000000e-001  1.1540929e+002  1.1397072e+002  1.1066463e+002  1.2070168e+002  1.2439534e+002
  9.2666667e-001  1.1511398e+002  1.1382436e+002  1.1046116e+002  1.2054076e+002  1.2423250e+002
  9.3333333e-001  1.1483626e+002  1.1364671e+002  1.1023707e+002  1.2038280e+002  1.2405595e+002
  9.4000000e-001  1.1463150e+002  1.1353514e+002  1.0999705e+002  1.2023249e+002  1.2388638e+002
  9.4666667e-001  1.1436906e+002  1.1348367e+002  1.0980116e+002  1.2005766e+002  1.2369540e+002
  9.5333333e-001  1.1411711e+002  1.1337152e+002  1.0954746e+002  1.1988068e+002  1.2355457e+002
  9.6000000e-001  1.1391877e+002  1.1325388e+002  1.0931522e+002  1.1972188e+002  1.2342846e+002
  9.6666667e-001  1.1373824e+002  1.1319488e+002  1.0908508e+002  1.1960423e+002  1.2331377e+002
  9.7333333e-001  1.1352613e+002  1.1314269e+002  1.0888342e+002  1.1949120e+002  1.2318385e+002
  9.8000000e-001  1.1333617e+002  1.1311674e+002  1.0866467e+002  1.1933604e+002  1.2304736e+002
  9.8666667e-001  1.1314992e+002  1.1311159e+002  1.0848245e+002  1.1920483e+002  1.2292996e+002
  9.9333333e-001  1.1296159e+002  1.1308870e+002  1.0832867e+002  1.1905621e+002  1.2280305e+002
  1.0000000e+000  1.1279758e+002  1.1309766e+002  1.0814482e+002  1.1896238e+002  1.2266456e+002
  1.0066667e+000  1.1264764e+002  1.1315170e+002  1.0800891e+002  1.1880779e+002  1.2254347e+002
  1.0133333e+000  1.1254896e+002  1.1319181e+002  1.0789684e+002  1.1869218e+002  1.2244027e+002
  1.0200000e+000  1.1244017e+002  1.1321392e+002  1.0781480e+002  1.1855231e+002  1.2232148e+002
  1.0266667e+000  1.1232230e+002  1.1328869e+002  1.0777679e+002  1.1836950e+002  1.2220895e+002
  1.0333333e+000  1.1222017e+002  1.1331196e+002  1.0775356e+002  1.1823813e+002  1.2207121e+002
  1.0400000e+000  1.1215646e+002  1.1328656e+002  1.0772272e+002  1.1810629e+002  1.2195088e+002
  1.0466667e+000  1.1210197e+002  1.1326544e+002  1.0777650e+002  1.1799939e+002  1.2183183e+002
  1.0533333e+000  1.1202052e+002  1.1328471e+002  1.0783097e+002  1.1790442e+002  1.2170499e+002
  1.0600000e+000  1.1193808e+002  1.1327844e+002  1.0826156e+002  1.1783360e+002  1.2156429e+002
  1.0666667e+000  1.1185923e+002  1.1329748e+002  1.0836124e+002  1.1772734e+002  1.2147025e+002
  1.0733333e+000  1.1175776e+002  1.1327136e+002  1.0787653e+002  1.1764933e+002  1.2142017e+002
  1.0800000e+000  1.1164167e+002  1.1324146e+002  1.0784922e+002  1.1760549e+002  1.2132320e+002
  1.0866667e+000  1.1154707e+002  1.1323805e+002  1.0794102e+002  1.1754558e+002  1.2124020e+002
  1.0933333e+000  1.1101928e+002  1.1320646e+002  1.0803530e+002  1.1741729e+002  1.2119514e+002
  1.1000000e+000  1.1095921e+002  1.1310992e+002  1.0801421e+002  1.1735395e+002  1.2114230e+002
  1.1066667e+000  1.1144603e+002  1.1306117e+002  1.0794989e+002  1.1724068e+002  1.2102639e+002
  1.1133333e+000  1.1098787e+002  1.1306433e+002  1.0745836e+002  1.1712099e+002  1.2094412e+002
  1.1200000e+000  1.1096886e+002  1.1300208e+002  1.0744876e+002  1.1707352e+002  1.2090437e+002
  1.1266667e+000  1.1108263e+002  1.1291698e+002  1.0740550e+002  1.1697438e+002  1.2082414e+002
  1.1333333e+000  1.1160461e+002  1.1283122e+002  1.0732238e+002  1.1689127e+002  1.2074487e+002
  1.1400000e+000  1.1197479e+002  1.1279422e+002  1.0727998e+002  1.1679666e+002  1.2063834e+002
  1.1466667e+000  1.1170194e+002  1.1272516e+002  1.0724126e+002  1.1673090e+002  1.2052184e+002
  1.1533333e+000  1.1132762e+002  1.1260188e+002  1.0771819e+002  1.1669847e+002  1.2041359e+002
  1.1600000e+000  1.1214304e+002  1.1246259e+002  1.0763541e+002  1.1667810e+002  1.2032124e+002
  1.1666667e+000  1.1290871e+002  1.1239515e+002  1.0758473e+002  1.1670585e+002  1.2022577e+002
  1.1733333e+000  1.1305399e+002  1.1234374e+002  1.0807450e+002  1.1670702e+002  1.2015767e+002
  1.1800000e+000  1.1324025e+002  1.1228948e+002  1.0743229e+002  1.1672749e+002  1.2004824e+002
  1.1866667e+000  1.1335402e+002  1.1230470e+002  1.0726388e+002  1.1677841e+002  1.1995377e+002
  1.1933333e+000  1.1349443e+002  1.1230750e+002  1.0717246e+002  1.1691340e+002  1.1988169e+002
  1.2000000e+000  1.1349991e+002  1.1229066e+002  1.0714484e+002  1.1699072e+002  1.1981850e+002
  1.2066667e+000  1.1335639e+002  1.1229663e+002  1.0708923e+002  1.1712652e+002  1.1977671e+002
  1.2133333e+000  1.1332735e+002  1.1230057e+002  1.0705862e+002  1.1728006e+002  1.1974860e+002
  1.2200000e+000  1.1328352e+002  1.1233500e+002  1.0706696e+002  1.1743799e+002  1.1971151e+002
  1.2266667e+000  1.1327260e+002  1.1235897e+002  1.0723769e+002  1.1759687e+002  1.1967741e+002
  1.2333333e+000  1.1320416e+002  1.1243587e+002  1.0748322e+002  1.1771471e+002  1.1968754e+002
  1.2400000e+000  1.1314208e+002  1.1261310e+002  1.0771068e+002  1.1792481e+002  1.1973003e+002
  1.2466667e+000  1.1315873e+002  1.1284168e+002  1.0797783e+002  1.1820386e+002  1.1979057e+002
  1.2533333e+000  1.1315231e+002  1.1304600e+002  1.0766092e+002  1.1841129e+002  1.1981305e+002
  1.2600000e+000  1.1314293e+002  1.1333894e+002  1.0795880e+002  1.1864357e+002  1.1985474e+002
  1.2666667e+000  1.1254060e+002  1.1364455e+002  1.0901935e+002  1.1889843e+002  1.1991459e+002
  1.2733333e+000  1.1336458e+002  1.1395887e+002  1.0933907e+002  1.1915159e+002  1.1998637e+002
  1.2800000e+000  1.1349889e+002  1.1441354e+002  1.0966014e+002  1.1943520e+002  1.2004947e+002
  1.2866667e+000  1.1371566e+002  1.1491891e+002  1.0994316e+002  1.1971598e+002  1.2012888e+002
  1.2933333e+000  1.1397459e+002  1.1550630e+002  1.1019969e+002  1.1998969e+002  1.2021936e+002
  1.3000000e+000  1.1417551e+002  1.1607415e+002  1.1035043e+002  1.2029826e+002  1.2029588e+002
  1.3066667e+000  1.1437732e+002  1.1676762e+002  1.1044802e+002  1.2062147e+002  1.2042175e+002
  1.3133333e+000  1.1458376e+002  1.1753165e+002  1.1052270e+002  1.2090057e+002  1.2053600e+002
  1.3200000e+000  1.1485103e+002  1.1834145e+002  1.1059705e+002  1.2118627e+002  1.2061994e+002
  1.3266667e+000  1.1517963e+002  1.1921169e+002  1.1074178e+002  1.2148526e+002  1.2075257e+002
  1.3333333e+000  1.1550727e+002  1.2016980e+002  1.1090869e+002  1.2179222e+002  1.2082218e+002
  1.3400000e+000  1.1581093e+002  1.2105238e+002  1.1109908e+002  1.2215891e+002  1.2088486e+002
  1.3466667e+000  1.1614040e+002  1.2200300e+002  1.1130956e+002  1.2253179e+002  1.2101859e+002
  1.3533333e+000  1.1649800e+002  1.2308886e+002  1.1156927e+002  1.2284019e+002  1.2112156e+002
  1.3600000e+000  1.1675021e+002  1.2423785e+002  1.1179492e+002  1.2321257e+002  1.2120895e+002
  1.3666667e+000  1.1701093e+002  1.2548134e+002  1.1201504e+002  1.2360514e+002  1.2132388e+002
  1.3733333e+000  1.1738368e+002  1.2675129e+002  1.1224515e+002  1.2397089e+002  1.2141753e+002
  1.3800000e+000  1.1771054e+002  1.2808365e+002  1.1250365e+002  1.2431778e+002  1.2146966e+002
  1.3866667e+000  1.1808949e+002  1.2937875e+002  1.1277142e+002  1.2467430e+002  1.2151269e+002
  1.3933333e+000  1.1850620e+002  1.3054265e+002  1.1307125e+002  1.2505570e+002  1.2162357e+002
  1.4000000e+000  1.1887762e+002  1.3167561e+002  1.1332034e+002  1.2541997e+002  1.2178904e+002
  1.4066667e+000  1.1926598e+002  1.3282170e+002  1.1353751e+002  1.2581400e+002  1.2190866e+002
  1.4133333e+000  1.1969219e+002  1.3397737e+002  1.1375793e+002  1.2612123e+002  1.2200040e+002
  1.4200000e+000  1.2008590e+002  1.3501000e+002  1.1395253e+002  1.2641666e+002  1.2211657e+002
  1.4266667e+000  1.2055563e+002  1.3597502e+002  1.1417979e+002  1.2672657e+002  1.2224182e+002
  1.4333333e+000  1.2102306e+002  1.3692564e+002  1.1434290e+002  1.2703521e+002  1.2237183e+002
  1.4400000e+000  1.2146130e+002  1.3783511e+002  1.1440540e+002  1.2732987e+002  1.2250124e+002
  1.4466667e+000  1.2189507e+002  1.3869601e+002  1.1451698e+002  1.2762296e+002  1.2266138e+002
  1.4533333e+000  1.2231381e+002  1.3960664e+002  1.1461398e+002  1.2790598e+002  1.2281769e+002
  1.4600000e+000  1.2278056e+002  1.4048891e+002  1.1459844e+002  1.2820064e+002  1.2298514e+002
  1.4666667e+000  1.2327129e+002  1.4141675e+002  1.1462895e+002  1.2854251e+002  1.2312183e+002
  1.4733333e+000  1.2372275e+002  1.4233798e+002  1.1471807e+002  1.2881595e+002  1.2325302e+002
  1.4800000e+000  1.2418408e+002  1.4324652e+002  1.1481303e+002  1.2907646e+002  1.2343134e+002
  1.4866667e+000  1.2468158e+002  1.4419403e+002  1.1491505e+002  1.2934291e+002  1.2364286e+002
  1.4933333e+000  1.2518061e+002  1.4516365e+002  1.1499850e+002  1.2960767e+002  1.2385780e+002
  1.5000000e+000  1.2571323e+002  1.4623862e+002  1.1507271e+002  1.2988441e+002  1.2403069e+002
  1.5066667e+000  1.2626469e+002  1.4736113e+002  1.1522573e+002  1.3014113e+002  1.2419467e+002
  1.5133333e+000  1.2685648e+002  1.4840521e+002  1.1541380e+002  1.3038193e+002  1.2438886e+002
  1.5200000e+000  1.2747510e+002  1.4950337e+002  1.1562632e+002  1.3057504e+002  1.2456757e+002
  1.5266667e+000  1.2812604e+002  1.5057794e+002  1.1595917e+002  1.3080156e+002  1.2474474e+002
  1.5333333e+000  1.2868083e+002  1.5170950e+002  1.1634102e+002  1.3103772e+002  1.2492576e+002
  1.5400000e+000  1.2919264e+002  1.5273120e+002  1.1678781e+002  1.3128209e+002  1.2510320e+002
  1.5466667e+000  1.2971025e+002  1.5380710e+002  1.1721346e+002  1.3149658e+002  1.2531347e+002
  1.5533333e+000  1.3018941e+002  1.5494450e+002  1.1770610e+002  1.3169745e+002  1.2552483e+002
  1.5600000e+000  1.3058833e+002  1.5617578e+002  1.1826936e+002  1.3188536e+002  1.2575994e+002
  1.5666667e+000  1.3094681e+002  1.5746350e+002  1.1886758e+002  1.3212437e+002  1.2598041e+002
  1.5733333e+000  1.3125897e+002  1.5872920e+002  1.1948707e+002  1.3232948e+002  1.2616443e+002
  1.5800000e+000  1.3155350e+002  1.5999066e+002  1.2014854e+002  1.3248576e+002  1.2636983e+002
  1.5866667e+000  1.3179414e+002  1.6061958e+002  1.2089082e+002  1.3266516e+002  1.2660001e+002
  1.5933333e+000  1.3198514e+002  1.6166586e+002  1.2160384e+002  1.3286928e+002  1.2681551e+002
  1.6000000e+000  1.3220987e+002  1.6394751e+002  1.2234502e+002  1.3306387e+002  1.2703125e+002
  1.6066667e+000  1.3242145e+002  1.6449788e+002  1.2315394e+002  1.3324170e+002  1.2725805e+002
  1.6133333e+000  1.3262619e+002  1.6559637e+002  1.2392896e+002  1.3341911e+002  1.2745977e+002
  1.6200000e+000  1.3279785e+002  1.6666740e+002  1.2466753e+002  1.3356310e+002  1.2765972e+002
  1.6266667e+000  1.3294386e+002  1.6772398e+002  1.2540647e+002  1.3373311e+002  1.2786270e+002
  1.6333333e+000  1.3317963e+002  1.6872238e+002  1.2612976e+002  1.3390176e+002  1.2808655e+002
  1.6400000e+000  1.3334656e+002  1.6967709e+002  1.2685274e+002  1.3405414e+002  1.2831419e+002
  1.6466667e+000  1.3347830e+002  1.7066179e+002  1.2757956e+002  1.3419499e+002  1.2853427e+002
  1.6533333e+000  1.3370094e+002  1.7157167e+002  1.2820776e+002  1.3432121e+002  1.2877364e+002
  1.6600000e+000  1.3391092e+002  1.7234067e+002  1.2881863e+002  1.3448262e+002  1.2904018e+002
  1.6666667e+000  1.3409993e+002  1.7312531e+002  1.2945056e+002  1.3460248e+002  1.2923541e+002
  1.6733333e+000  1.3429890e+002  1.7386429e+002  1.3001717e+002  1.3469769e+002  1.2946542e+002
  1.6800000e+000  1.3451386e+002  1.7449835e+002  1.3051916e+002  1.3481902e+002  1.2971397e+002
  1.6866667e+000  1.3469800e+002  1.7497272e+002  1.3099277e+002  1.3488802e+002  1.2997714e+002
  1.6933333e+000  1.3490022e+002  1.7550017e+002  1.3147636e+002  1.3495776e+002  1.3021237e+002
  1.7000000e+000  1.3517612e+002  1.7607690e+002  1.3191315e+002  1.3510022e+002  1.3041130e+002
  1.7066667e+000  1.3541432e+002  1.7652817e+002  1.3233287e+002  1.3523773e+002  1.3062433e+002
  1.7133333e+000  1.3561899e+002  1.7686861e+002  1.3270987e+002  1.3531230e+002  1.3081215e+002
  1.7200000e+000  1.3583444e+002  1.7704279e+002  1.3304746e+002  1.3539775e+002  1.3109615e+002
  1.7266667e+000  1.3605000e+002  1.7716318e+002  1.3340463e+002  1.3550449e+002  1.3137225e+002
  1.7333333e+000  1.3625862e+002  1.7731693e+002  1.3377838e+002  1.3559236e+002  1.3159512e+002
  1.7400000e+000  1.3645583e+002  1.7742516e+002  1.3409540e+002  1.3569577e+002  1.3182571e+002
  1.7466667e+000  1.3659282e+002  1.7746408e+002  1.3444922e+002  1.3580569e+002  1.3204076e+002
  1.7533333e+000  1.3671042e+002  1.7744099e+002  1.3481776e+002  1.3586708e+002  1.3228439e+002
  1.7600000e+000  1.3688907e+002  1.7737968e+002  1.3512875e+002  1.3598370e+002  1.3253713e+002
  1.7666667e+000  1.3705853e+002  1.7726726e+002  1.3545300e+002  1.3609940e+002  1.3279440e+002
  1.7733333e+000  1.3719699e+002  1.7727069e+002  1.3581851e+002  1.3617307e+002  1.3305287e+002
  1.7800000e+000  1.3731100e+002  1.7730714e+002  1.3613203e+002  1.3628737e+002  1.3327170e+002
  1.7866667e+000  1.3740505e+002  1.7718759e+002  1.3644461e+002  1.3635042e+002  1.3351817e+002
  1.7933333e+000  1.3755556e+002  1.7752283e+002  1.3674280e+002  1.3642664e+002  1.3378740e+002
  1.8000000e+000  1.3769206e+002  1.7805054e+002  1.3701347e+002  1.3649554e+002  1.3401865e+002
  1.8066667e+000  1.3781989e+002  1.7737796e+002  1.3724858e+002  1.3655885e+002  1.3422310e+002
  1.8133333e+000  1.3791805e+002  1.7946246e+002  1.3747475e+002  1.3665326e+002  1.3443523e+002
  1.8200000e+000  1.3805031e+002 -1.7979614e+002  1.3771857e+002  1.3672221e+002  1.3465677e+002
  1.8266667e+000  1.3820091e+002 -1.7917265e+002  1.3796172e+002  1.3678117e+002  1.3494090e+002
  1.8333333e+000  1.3827435e+002 -1.7890854e+002  1.3814745e+002  1.3681833e+002  1.3516376e+002
  1.8400000e+000  1.3835983e+002 -1.7895544e+002  1.3829878e+002  1.3683218e+002  1.3537389e+002
  1.8466667e+000  1.3848746e+002 -1.7902765e+002  1.3846648e+002  1.3688831e+002  1.3558887e+002
  1.8533333e+000  1.3860307e+002 -1.7889455e+002  1.3862056e+002  1.3691277e+002  1.3578275e+002
  1.8600000e+000  1.3870421e+002 -1.7865573e+002  1.3881026e+002  1.3691588e+002  1.3598288e+002
  1.8666667e+000  1.3877374e+002 -1.7840579e+002  1.3897797e+002  1.3693668e+002  1.3612572e+002
  1.8733333e+000  1.3883308e+002 -1.7822838e+002  1.3915768e+002  1.3696664e+002  1.3632526e+002
  1.8800000e+000  1.3892830e+002 -1.7810034e+002  1.3931598e+002  1.3698978e+002  1.3655060e+002
  1.8866667e+000  1.3898704e+002             NaN  1.3947580e+002  1.3697992e+002  1.3669856e+002
  1.8933333e+000  1.3906023e+002             NaN  1.3968805e+002  1.3698531e+002  1.3684157e+002
  1.9000000e+000  1.3912691e+002 -1.7836865e+002  1.3989015e+002  1.3700458e+002  1.3699933e+002
  1.9066667e+000  1.3914949e+002             NaN  1.4008519e+002  1.3704686e+002  1.3715346e+002
  1.9133333e+000  1.3916484e+002             NaN  1.4027101e+002  1.3703697e+002  1.3732802e+002
  1.9200000e+000  1.3923984e+002             NaN  1.4046301e+002  1.3701379e+002  1.3747531e+002
  1.9266667e+000  1.3929654e+002 -1.7866983e+002  1.4064545e+002  1.3699777e+002  1.3755470e+002
  1.9333333e+000  1.3936487e+002             NaN  1.4077852e+002  1.3698402e+002  1.3767111e+002
  1.9400000e+000  1.3946686e+002             NaN  1.4088942e+002  1.3702690e+002  1.3783302e+002
  1.9466667e+000  1.3953957e+002             NaN  1.4102600e+002  1.3704709e+002  1.3801765e+002
  1.9533333e+000  1.3959444e+002             NaN  1.4110109e+002  1.3705280e+002  1.3813850e+002
  1.9600000e+000  1.3965677e+002 -1.7947157e+002  1.4117767e+002  1.3706123e+002  1.3825368e+002
  1.9666667e+000  1.3973967e+002             NaN  1.4121538e+002  1.3706869e+002  1.3836342e+002
  1.9733333e+000  1.3981959e+002             NaN  1.4122966e+002  1.3707443e+002  1.3851558e+002
  1.9800000e+000  1.3983862e+002  1.7961295e+002  1.4123328e+002  1.3703928e+002  1.3863330e+002
  1.9866667e+000  1.3993376e+002  1.7935788e+002  1.4125604e+002  1.3703351e+002  1.3873424e+002
  1.9933333e+000  1.4000398e+002  1.7912930e+002  1.4130400e+002  1.3701691e+002  1.3881267e+002
  2.0000000e+000  1.4002905e+002  1.7893213e+002  1.4134773e+002  1.3701302e+002  1.3895207e+002
