 -5.0000000e-001  1.9809857e+002  1.9917271e+002  1.9781374e+002  1.9955484e+002  1.9849362e+002
 -4.9333333e-001  1.9810728e+002  1.9918918e+002  1.9783809e+002  1.9953099e+002  1.9847644e+002
 -4.8666667e-001  1.9808467e+002  1.9917979e+002  1.9782881e+002  1.9951428e+002  1.9848637e+002
 -4.8000000e-001  1.9809970e+002  1.9913475e+002  1.9783032e+002  1.9949350e+002  1.9847621e+002
 -4.7333333e-001  1.9810843e+002  1.9913278e+002  1.9783487e+002  1.9955663e+002  1.9848830e+002
 -4.6666667e-001  1.9808620e+002  1.9908452e+002  1.9779419e+002  1.9957085e+002  1.9849416e+002
 -4.6000000e-001  1.9811812e+002  1.9903612e+002  1.9778296e+002  1.9955920e+002  1.9846512e+002
 -4.5333333e-001  1.9813205e+002  1.9906462e+002  1.9780562e+002  1.9954933e+002  1.9847144e+002
 -4.4666667e-001  1.9812212e+002  1.9905721e+002  1.9780768e+002  1.9951294e+002  1.9846416e+002
 -4.4000000e-001  1.9810928e+002  1.9907779e+002  1.9780765e+002  1.9948756e+002  1.9848753e+002
 -4.3333333e-001  1.9808145e+002  1.9904748e+002  1.9781796e+002  1.9952673e+002  1.9850429e+002
 -4.2666667e-001  1.9804254e+002  1.9898741e+002  1.9780011e+002  1.9953784e+002  1.9850188e+002
 -4.2000000e-001  1.9808334e+002  1.9893623e+002  1.9781833e+002  1.9955197e+002  1.9846440e+002
 -4.1333333e-001  1.9813762e+002  1.9888104e+002  1.9781305e+002  1.9957500e+002  1.9846275e+002
 -4.0666667e-001  1.9812135e+002  1.9887408e+002  1.9782246e+002  1.9956572e+002  1.9848019e+002
 -4.0000000e-001  1.9809221e+002  1.9884250e+002  1.9784491e+002  1.9956981e+002  1.9848029e+002
 -3.9333333e-001  1.9809866e+002  1.9876279e+002  1.9784860e+002  1.9957190e+002  1.9848795e+002
 -3.8666667e-001  1.9811142e+002  1.9872400e+002  1.9784163e+002  1.9958791e+002  1.9844588e+002
 -3.8000000e-001  1.9811061e+002  1.9868405e+002  1.9785091e+002  1.9961546e+002  1.9843684e+002
 -3.7333333e-001  1.9811125e+002  1.9864659e+002  1.9786551e+002  1.9962999e+002  1.9843854e+002
 -3.6666667e-001  1.9807832e+002  1.9859769e+002  1.9783083e+002  1.9964525e+002  1.9844608e+002
 -3.6000000e-001  1.9802133e+002  1.9858194e+002  1.9787604e+002  1.9960791e+002  1.9846034e+002
 -3.5333333e-001  1.9805988e+002  1.9856262e+002  1.9793503e+002  1.9957233e+002  1.9844428e+002
 -3.4666667e-001  1.9809514e+002  1.9851984e+002  1.9792548e+002  1.9961662e+002  1.9844125e+002
 -3.4000000e-001  1.9808331e+002  1.9848445e+002  1.9789282e+002  1.9963338e+002  1.9843303e+002
 -3.3333333e-001  1.9808116e+002  1.9844136e+002  1.9788825e+002  1.9963744e+002  1.9844144e+002
 -3.2666667e-001  1.9804691e+002  1.9834943e+002  1.9787598e+002  1.9959880e+002  1.9849648e+002
 -3.2000000e-001  1.9805214e+002  1.9830942e+002  1.9784514e+002  1.9959245e+002  1.9849222e+002
 -3.1333333e-001  1.9808109e+002  1.9830705e+002  1.9787058e+002  1.9963722e+002  1.9846967e+002
 -3.0666667e-001  1.9808839e+002  1.9827823e+002  1.9787746e+002  1.9966594e+002  1.9850001e+002
 -3.0000000e-001  1.9809831e+002  1.9825136e+002  1.9787807e+002  1.9965797e+002  1.9850635e+002
 -2.9333333e-001  1.9806801e+002  1.9820100e+002  1.9789589e+002  1.9965831e+002  1.9852264e+002
 -2.8666667e-001  1.9804573e+002  1.9817452e+002  1.9790828e+002  1.9962759e+002  1.9851173e+002
 -2.8000000e-001  1.9809580e+002  1.9816086e+002  1.9791466e+002  1.9964288e+002  1.9850407e+002
 -2.7333333e-001  1.9812558e+002  1.9813390e+002  1.9791539e+002  1.9969208e+002  1.9847327e+002
 -2.6666667e-001  1.9808972e+002  1.9811523e+002  1.9795497e+002  1.9969107e+002  1.9845361e+002
 -2.6000000e-001  1.9803433e+002  1.9806357e+002  1.9795746e+002  1.9965851e+002  1.9843547e+002
 -2.5333333e-001  1.9803410e+002  1.9802893e+002  1.9797020e+002  1.9961144e+002  1.9843810e+002
 -2.4666667e-001  1.9806455e+002  1.9803990e+002  1.9794574e+002  1.9960846e+002  1.9846832e+002
 -2.4000000e-001  1.9808524e+002  1.9804141e+002  1.9796188e+002  1.9963171e+002  1.9845808e+002
 -2.3333333e-001  1.9807903e+002  1.9804533e+002  1.9800269e+002  1.9962383e+002  1.9843367e+002
 -2.2666667e-001  1.9808467e+002  1.9802864e+002  1.9796719e+002  1.9959731e+002  1.9843764e+002
 -2.2000000e-001  1.9811096e+002  1.9801477e+002  1.9796832e+002  1.9958821e+002  1.9845639e+002
 -2.1333333e-001  1.9810518e+002  1.9796011e+002  1.9800085e+002  1.9956615e+002  1.9844333e+002
 -2.0666667e-001  1.9803082e+002  1.9791646e+002  1.9802986e+002  1.9955756e+002  1.9842953e+002
 -2.0000000e-001  1.9798955e+002  1.9793881e+002  1.9802234e+002  1.9953236e+002  1.9842952e+002
 -1.9333333e-001  1.9801126e+002  1.9795044e+002  1.9802940e+002  1.9953215e+002  1.9844189e+002
 -1.8666667e-001  1.9805951e+002  1.9795772e+002  1.9800790e+002  1.9955386e+002  1.9847202e+002
 -1.8000000e-001  1.9809227e+002  1.9793069e+002  1.9795612e+002  1.9954102e+002  1.9847615e+002
 -1.7333333e-001  1.9806709e+002  1.9792926e+002  1.9798431e+002  1.9951544e+002  1.9842909e+002
 -1.6666667e-001  1.9802960e+002  1.9795822e+002  1.9801199e+002  1.9953212e+002  1.9839857e+002
 -1.6000000e-001  1.9803563e+002  1.9793643e+002  1.9799411e+002  1.9951395e+002  1.9840369e+002
 -1.5333333e-001  1.9804623e+002  1.9793549e+002  1.9798407e+002  1.9951636e+002  1.9846799e+002
 -1.4666667e-001  1.9808472e+002  1.9794382e+002  1.9799968e+002  1.9954900e+002  1.9845247e+002
 -1.4000000e-001  1.9809819e+002  1.9797856e+002  1.9800397e+002  1.9954208e+002  1.9841473e+002
 -1.3333333e-001  1.9805611e+002  1.9801000e+002  1.9804663e+002  1.9950621e+002  1.9844032e+002
 -1.2666667e-001  1.9801741e+002  1.9796080e+002  1.9803682e+002  1.9952777e+002  1.9844687e+002
 -1.2000000e-001  1.9805414e+002  1.9801422e+002  1.9800203e+002  1.9953932e+002  1.9845088e+002
 -1.1333333e-001  1.9807185e+002  1.9812364e+002  1.9798929e+002  1.9951529e+002  1.9848975e+002
 -1.0666667e-001  1.9801393e+002  1.9810297e+002  1.9800941e+002  1.9950339e+002  1.9848952e+002
 -1.0000000e-001  1.9804149e+002  1.9807719e+002  1.9802383e+002  1.9950011e+002  1.9844403e+002
 -9.3333333e-002  1.9805928e+002  1.9813237e+002  1.9803744e+002  1.9950348e+002  1.9838789e+002
 -8.6666667e-002  1.9802518e+002  1.9812575e+002  1.9803590e+002  1.9951752e+002  1.9839261e+002
 -8.0000000e-002  1.9802036e+002  1.9814653e+002  1.9803369e+002  1.9950513e+002  1.9841592e+002
 -7.3333333e-002  1.9800374e+002  1.9819542e+002  1.9800267e+002  1.9954835e+002  1.9840694e+002
 -6.6666667e-002  1.9800099e+002  1.9819568e+002  1.9803429e+002  1.9953159e+002  1.9844014e+002
 -6.0000000e-002  1.9805337e+002  1.9823720e+002  1.9807947e+002  1.9950703e+002  1.9841164e+002
 -5.3333333e-002  1.9806128e+002  1.9828551e+002  1.9806625e+002  1.9954326e+002  1.9837897e+002
 -4.6666667e-002  1.9804439e+002  1.9826987e+002  1.9807497e+002  1.9951935e+002  1.9840042e+002
 -4.0000000e-002  1.9808211e+002  1.9828174e+002  1.9804767e+002  1.9950432e+002  1.9842293e+002
 -3.3333333e-002  1.9805635e+002  1.9834357e+002  1.9800450e+002  1.9951642e+002  1.9837334e+002
 -2.6666667e-002  1.9805829e+002  1.9839093e+002  1.9804105e+002  1.9949455e+002  1.9836845e+002
 -2.0000000e-002  1.9808067e+002  1.9838945e+002  1.9802281e+002  1.9950896e+002  1.9838864e+002
 -1.3333333e-002  1.9807587e+002  1.9840225e+002  1.9802042e+002  1.9950520e+002  1.9836687e+002
 -6.6666667e-003  1.9805129e+002  1.9842389e+002  1.9800978e+002  1.9947919e+002  1.9838536e+002
  0.0000000e+000  1.9805159e+002  1.9840103e+002  1.9800595e+002  1.9948161e+002  1.9835786e+002
  6.6666667e-003  1.9807912e+002  1.9842050e+002  1.9803980e+002  1.9944301e+002  1.9836993e+002
  1.3333333e-002  1.9806940e+002  1.9844669e+002  1.9803575e+002  1.9943469e+002  1.9839819e+002
  2.0000000e-002  1.9806155e+002  1.9844371e+002  1.9798692e+002  1.9948726e+002  1.9839769e+002
  2.6666667e-002  1.9808307e+002  1.9843845e+002  1.9796223e+002  1.9947533e+002  1.9835600e+002
  3.3333333e-002  1.9810213e+002  1.9849095e+002  1.9798967e+002  1.9945857e+002  1.9833093e+002
  4.0000000e-002  1.9805940e+002  1.9850279e+002  1.9798169e+002  1.9942033e+002  1.9834280e+002
  4.6666667e-002  1.9806883e+002  1.9852174e+002  1.9799850e+002  1.9941110e+002  1.9830290e+002
  5.3333333e-002  1.9809325e+002  1.9853665e+002  1.9796304e+002  1.9943520e+002  1.9830335e+002
  6.0000000e-002  1.9807823e+002  1.9856029e+002  1.9794646e+002  1.9940819e+002  1.9833388e+002
  6.6666667e-002  1.9807878e+002  1.9856113e+002  1.9798383e+002  1.9938652e+002  1.9833038e+002
  7.3333333e-002  1.9807985e+002  1.9851688e+002  1.9797664e+002  1.9936749e+002  1.9827956e+002
  8.0000000e-002  1.9809094e+002  1.9851363e+002  1.9796089e+002  1.9939033e+002  1.9823740e+002
  8.6666667e-002  1.9809511e+002  1.9856633e+002  1.9794772e+002  1.9938754e+002  1.9822195e+002
  9.3333333e-002  1.9808055e+002  1.9859996e+002  1.9795496e+002  1.9934471e+002  1.9820067e+002
  1.0000000e-001  1.9809672e+002  1.9856061e+002  1.9792110e+002  1.9935963e+002  1.9822438e+002
  1.0666667e-001  1.9808115e+002  1.9859213e+002  1.9791609e+002  1.9933083e+002  1.9819273e+002
  1.1333333e-001  1.9805852e+002  1.9865483e+002  1.9791374e+002  1.9929242e+002  1.9819775e+002
  1.2000000e-001  1.9804684e+002  1.9867462e+002  1.9790730e+002  1.9929698e+002  1.9820561e+002
  1.2666667e-001  1.9806265e+002  1.9868822e+002  1.9788794e+002  1.9931575e+002  1.9815956e+002
  1.3333333e-001  1.9807988e+002  1.9866251e+002  1.9786314e+002  1.9927841e+002  1.9813556e+002
  1.4000000e-001  1.9805563e+002  1.9868041e+002  1.9780652e+002  1.9925919e+002  1.9809021e+002
  1.4666667e-001  1.9806663e+002  1.9870598e+002  1.9777138e+002  1.9923192e+002  1.9808618e+002
  1.5333333e-001  1.9800639e+002  1.9866730e+002  1.9774551e+002  1.9927638e+002  1.9802844e+002
  1.6000000e-001  1.9794575e+002  1.9863580e+002  1.9770373e+002  1.9932289e+002  1.9793999e+002
  1.6666667e-001  1.9794310e+002  1.9858865e+002  1.9768312e+002  1.9931148e+002  1.9793982e+002
  1.7333333e-001  1.9788117e+002  1.9854691e+002  1.9765646e+002  1.9927049e+002  1.9783914e+002
  1.8000000e-001  1.9779750e+002  1.9849254e+002  1.9762219e+002  1.9919519e+002  1.9767394e+002
  1.8666667e-001  1.9768957e+002  1.9837524e+002  1.9751920e+002  1.9917030e+002  1.9754411e+002
  1.9333333e-001  1.9757896e+002  1.9826552e+002  1.9739349e+002  1.9910342e+002  1.9731084e+002
  2.0000000e-001  1.9746489e+002  1.9819672e+002  1.9722247e+002  1.9901090e+002  1.9711525e+002
  2.0666667e-001  1.9729637e+002  1.9817670e+002  1.9708998e+002  1.9893367e+002  1.9693846e+002
  2.1333333e-001  1.9708891e+002  1.9815187e+002  1.9701968e+002  1.9885924e+002  1.9676436e+002
  2.2000000e-001  1.9687334e+002  1.9815051e+002  1.9692017e+002  1.9881938e+002  1.9659459e+002
  2.2666667e-001  1.9669661e+002  1.9810355e+002  1.9688597e+002  1.9871719e+002  1.9644841e+002
  2.3333333e-001  1.9658760e+002  1.9801245e+002  1.9686891e+002  1.9862862e+002  1.9628331e+002
  2.4000000e-001  1.9661548e+002  1.9793741e+002  1.9674437e+002  1.9853304e+002  1.9605560e+002
  2.4666667e-001  1.9667960e+002  1.9788370e+002  1.9661514e+002  1.9844029e+002  1.9579398e+002
  2.5333333e-001  1.9664294e+002  1.9786317e+002  1.9651332e+002  1.9832094e+002  1.9555907e+002
  2.6000000e-001  1.9660065e+002  1.9788248e+002  1.9632893e+002  1.9818622e+002  1.9529495e+002
  2.6666667e-001  1.9660350e+002  1.9779936e+002  1.9615302e+002  1.9803526e+002  1.9489761e+002
  2.7333333e-001  1.9662236e+002  1.9770644e+002  1.9589082e+002  1.9793135e+002  1.9446751e+002
  2.8000000e-001  1.9655766e+002  1.9766290e+002  1.9552606e+002  1.9785103e+002  1.9397556e+002
  2.8666667e-001  1.9645058e+002  1.9761577e+002  1.9511729e+002  1.9769745e+002  1.9334035e+002
  2.9333333e-001  1.9632333e+002  1.9749936e+002  1.9459470e+002  1.9748569e+002  1.9259792e+002
  3.0000000e-001  1.9612010e+002  1.9734396e+002  1.9408176e+002  1.9736458e+002  1.9171883e+002
  3.0666667e-001  1.9592892e+002  1.9723628e+002  1.9356657e+002  1.9724849e+002  1.9073885e+002
  3.1333333e-001  1.9570494e+002  1.9704648e+002  1.9299970e+002  1.9709207e+002  1.8969701e+002
  3.2000000e-001  1.9543480e+002  1.9682922e+002  1.9239766e+002  1.9690036e+002  1.8861873e+002
  3.2666667e-001  1.9520354e+002  1.9665755e+002  1.9184311e+002  1.9668001e+002  1.8749774e+002
  3.3333333e-001  1.9500084e+002  1.9640874e+002  1.9131352e+002  1.9637683e+002  1.8634709e+002
  3.4000000e-001  1.9477464e+002  1.9618359e+002  1.9077705e+002  1.9609903e+002  1.8517629e+002
  3.4666667e-001  1.9460188e+002  1.9603217e+002  1.9025949e+002  1.9577493e+002  1.8405142e+002
  3.5333333e-001  1.9445932e+002  1.9590134e+002  1.8975830e+002  1.9543828e+002  1.8295847e+002
  3.6000000e-001  1.9430214e+002  1.9577797e+002  1.8922659e+002  1.9512746e+002  1.8181172e+002
  3.6666667e-001  1.9414864e+002  1.9559547e+002  1.8876843e+002  1.9468132e+002  1.8075510e+002
  3.7333333e-001  1.9402600e+002  1.9545789e+002  1.8825012e+002  1.9428384e+002  1.7970126e+002
  3.8000000e-001  1.9391962e+002  1.9539520e+002  1.8766312e+002  1.9393976e+002  1.7861749e+002
  3.8666667e-001  1.9376781e+002  1.9531146e+002  1.8712169e+002  1.9347540e+002  1.7754761e+002
  3.9333333e-001  1.9356583e+002  1.9524109e+002  1.8661647e+002  1.9302637e+002  1.7646816e+002
  4.0000000e-001  1.9331985e+002  1.9517845e+002  1.8609122e+002  1.9257184e+002  1.7549239e+002
  4.0666667e-001  1.9307340e+002  1.9505536e+002  1.8548735e+002  1.9207272e+002  1.7460802e+002
  4.1333333e-001  1.9281833e+002  1.9496237e+002  1.8485361e+002  1.9158844e+002  1.7370230e+002
  4.2000000e-001  1.9255588e+002  1.9483232e+002  1.8384175e+002  1.9105646e+002  1.7283138e+002
  4.2666667e-001  1.9224939e+002  1.9465662e+002  1.8310925e+002  1.9053125e+002  1.7197342e+002
  4.3333333e-001  1.9183267e+002  1.9448962e+002  1.8258148e+002  1.9000977e+002  1.7113280e+002
  4.4000000e-001  1.9137268e+002  1.9431393e+002  1.8173607e+002  1.8947449e+002  1.7028227e+002
  4.4666667e-001  1.9072296e+002  1.9409615e+002  1.8089420e+002  1.8893785e+002  1.6938649e+002
  4.5333333e-001  1.8996385e+002  1.9382045e+002  1.7965077e+002  1.8835425e+002  1.6847452e+002
  4.6000000e-001  1.8915172e+002  1.9354246e+002  1.7888892e+002  1.8782796e+002  1.6752714e+002
  4.6666667e-001  1.8832472e+002  1.9324529e+002  1.7792357e+002  1.8730920e+002  1.6648178e+002
  4.7333333e-001  1.8747052e+002  1.9289096e+002  1.7694452e+002  1.8668069e+002  1.6544989e+002
  4.8000000e-001  1.8653941e+002  1.9248976e+002  1.7592156e+002  1.8610458e+002  1.6436040e+002
  4.8666667e-001  1.8565462e+002  1.9212682e+002  1.7503192e+002  1.8552252e+002  1.6313510e+002
  4.9333333e-001  1.8485759e+002  1.9179079e+002  1.7413086e+002  1.8491972e+002  1.6193909e+002
  5.0000000e-001  1.8413950e+002  1.9142442e+002  1.7316717e+002  1.8441443e+002  1.6055054e+002
  5.0666667e-001  1.8344960e+002  1.9103284e+002  1.7303246e+002  1.8387225e+002  1.5900038e+002
  5.1333333e-001  1.8262300e+002  1.9069009e+002  1.7137396e+002  1.8340419e+002  1.5850336e+002
  5.2000000e-001  1.8217624e+002  1.9037106e+002  1.7040672e+002  1.8290981e+002  1.5716544e+002
  5.2666667e-001  1.8184773e+002  1.8999588e+002  1.7028242e+002  1.8241194e+002  1.5578973e+002
  5.3333333e-001  1.8161687e+002  1.8966402e+002  1.6937856e+002  1.8197087e+002  1.5448276e+002
  5.4000000e-001  1.8179286e+002  1.8935191e+002  1.6847650e+002  1.8149480e+002  1.5320630e+002
  5.4666667e-001  1.8193053e+002  1.8902380e+002  1.6755432e+002  1.8104637e+002  1.5198698e+002
  5.5333333e-001  1.8205122e+002  1.8880000e+002  1.6663603e+002  1.8057169e+002  1.5079556e+002
  5.6000000e-001  1.8252972e+002  1.8820387e+002  1.6573704e+002  1.8010977e+002  1.4965723e+002
  5.6666667e-001  1.8272996e+002  1.8789580e+002  1.6469353e+002  1.7968098e+002  1.4860783e+002
  5.7333333e-001  1.8255333e+002  1.8760216e+002  1.6383157e+002  1.7924229e+002  1.4767355e+002
  5.8000000e-001  1.8310342e+002  1.8725024e+002  1.6227103e+002  1.7878169e+002  1.4681906e+002
  5.8666667e-001  1.8229129e+002  1.8713744e+002  1.6139320e+002  1.7835199e+002  1.4602599e+002
  5.9333333e-001  1.8197537e+002  1.8686523e+002  1.6034196e+002  1.7790981e+002  1.4530357e+002
  6.0000000e-001  1.8206547e+002  1.8649605e+002  1.5944936e+002  1.7742616e+002  1.4461211e+002
  6.0666667e-001  1.8123729e+002  1.8626417e+002  1.5857939e+002  1.7701424e+002  1.4399994e+002
  6.1333333e-001  1.8031058e+002  1.8603899e+002  1.5767329e+002  1.7660109e+002  1.4340234e+002
  6.2000000e-001  1.7897575e+002  1.8584416e+002  1.5682161e+002  1.7616478e+002  1.4278618e+002
  6.2666667e-001  1.7839401e+002  1.8570366e+002  1.5593022e+002  1.7574901e+002  1.4218736e+002
  6.3333333e-001  1.7775063e+002  1.8560542e+002  1.5500915e+002  1.7538449e+002  1.4157518e+002
  6.4000000e-001  1.7739566e+002  1.8543498e+002  1.5410687e+002  1.7507208e+002  1.4094975e+002
  6.4666667e-001  1.7691002e+002  1.8530026e+002  1.5369409e+002  1.7471410e+002  1.4022655e+002
  6.5333333e-001  1.7669359e+002  1.8504498e+002  1.5277081e+002  1.7440480e+002  1.3941975e+002
  6.6000000e-001  1.7681094e+002  1.8485567e+002  1.5190407e+002  1.7412511e+002  1.3855165e+002
  6.6666667e-001  1.7694871e+002  1.8476500e+002  1.5108118e+002  1.7386513e+002  1.3761270e+002
  6.7333333e-001  1.7684831e+002  1.8465642e+002  1.5028226e+002  1.7357912e+002  1.3655896e+002
  6.8000000e-001  1.7652356e+002  1.8455186e+002  1.4948671e+002  1.7332953e+002  1.3544466e+002
  6.8666667e-001  1.7624597e+002  1.8448386e+002  1.4865411e+002  1.7314087e+002  1.3427776e+002
  6.9333333e-001  1.7596527e+002  1.8437663e+002  1.4787593e+002  1.7287770e+002  1.3310759e+002
  7.0000000e-001  1.7587474e+002  1.8431987e+002  1.4709847e+002  1.7264497e+002  1.3189322e+002
  7.0666667e-001  1.7607916e+002  1.8428743e+002  1.4635725e+002  1.7245627e+002  1.3064969e+002
  7.1333333e-001  1.7711250e+002  1.8424194e+002  1.4565739e+002  1.7231912e+002  1.2941484e+002
  7.2000000e-001  1.7743533e+002  1.8414191e+002  1.4494522e+002  1.7220197e+002  1.2819885e+002
  7.2666667e-001  1.7763684e+002  1.8474272e+002  1.4425026e+002  1.7199965e+002  1.2706592e+002
  7.3333333e-001  1.7765735e+002  1.8469315e+002  1.4357304e+002  1.7197592e+002  1.2599683e+002
  7.4000000e-001  1.7774147e+002  1.8469566e+002  1.4291667e+002  1.7189082e+002  1.2492818e+002
  7.4666667e-001  1.7797797e+002  1.8469423e+002  1.4225447e+002  1.7176805e+002  1.2391808e+002
  7.5333333e-001  1.7830673e+002  1.8471391e+002  1.4158990e+002  1.7178134e+002  1.2301746e+002
  7.6000000e-001  1.7867188e+002  1.8415974e+002  1.4090759e+002  1.7180450e+002  1.2215489e+002
  7.6666667e-001  1.7900855e+002  1.8420570e+002  1.4026605e+002  1.7190042e+002  1.2135298e+002
  7.7333333e-001  1.7935844e+002  1.8428070e+002  1.3956541e+002  1.7192223e+002  1.2058170e+002
  7.8000000e-001  1.7966772e+002  1.8445439e+002  1.3881894e+002  1.7201778e+002  1.1985501e+002
  7.8666667e-001  1.7993697e+002  1.8505624e+002  1.3808632e+002  1.7198102e+002  1.1920599e+002
  7.9333333e-001  1.8019423e+002  1.8521594e+002  1.3737569e+002  1.7208147e+002  1.1856890e+002
  8.0000000e-001  1.8046884e+002  1.8539516e+002  1.3666162e+002  1.7282521e+002  1.1792415e+002
  8.0666667e-001  1.8072833e+002  1.8557422e+002  1.3593469e+002  1.7299699e+002  1.1728024e+002
  8.1333333e-001  1.8100662e+002  1.8531145e+002  1.3520541e+002  1.7316162e+002  1.1665347e+002
  8.2000000e-001  1.8127622e+002  1.8553009e+002  1.3447299e+002  1.7333447e+002  1.1603050e+002
  8.2666667e-001  1.8149747e+002  1.8624263e+002  1.3375639e+002  1.7349709e+002  1.1542046e+002
  8.3333333e-001  1.8171460e+002  1.8646001e+002  1.3305779e+002  1.7368671e+002  1.1480147e+002
  8.4000000e-001  1.8198514e+002  1.8668947e+002  1.3235921e+002  1.7389355e+002  1.1421962e+002
  8.4666667e-001  1.8230096e+002  1.8688579e+002  1.3166132e+002  1.7407521e+002  1.1365837e+002
  8.5333333e-001  1.8262114e+002  1.8712071e+002  1.3096001e+002  1.7428593e+002  1.1309888e+002
  8.6000000e-001  1.8298323e+002  1.8733301e+002  1.3027371e+002  1.7451326e+002  1.1257818e+002
  8.6666667e-001  1.8278241e+002  1.8698474e+002  1.2957742e+002  1.7458452e+002  1.1206512e+002
  8.7333333e-001  1.8313039e+002  1.8722926e+002  1.2887396e+002  1.7483109e+002  1.1157540e+002
  8.8000000e-001  1.8407863e+002  1.8742673e+002  1.2817056e+002  1.7511609e+002  1.1114689e+002
  8.8666667e-001  1.8383017e+002  1.8761784e+002  1.2753373e+002  1.7542224e+002  1.1075339e+002
  8.9333333e-001  1.8419740e+002  1.8784091e+002  1.2699151e+002  1.7573996e+002  1.1032478e+002
  9.0000000e-001  1.8453787e+002  1.8807037e+002  1.2641870e+002  1.7606767e+002  1.0991423e+002
  9.0666667e-001  1.8486955e+002  1.8827820e+002  1.2586936e+002  1.7637436e+002  1.0954669e+002
  9.1333333e-001  1.8571191e+002  1.8905382e+002  1.2536488e+002  1.7665999e+002  1.0913106e+002
  9.2000000e-001  1.8598769e+002  1.8924605e+002  1.2488187e+002  1.7690958e+002  1.0877158e+002
  9.2666667e-001  1.8630795e+002  1.8947340e+002  1.2436938e+002  1.7713954e+002  1.0844740e+002
  9.3333333e-001  1.8665372e+002  1.8976097e+002  1.2379763e+002  1.7743983e+002  1.0806234e+002
  9.4000000e-001  1.8702020e+002  1.8998740e+002  1.2317652e+002  1.7775328e+002  1.0773654e+002
  9.4666667e-001  1.8736746e+002  1.9023091e+002  1.2245717e+002  1.7803883e+002  1.0746985e+002
  9.5333333e-001  1.8772894e+002  1.9052264e+002  1.2164990e+002  1.7830911e+002  1.0717385e+002
  9.6000000e-001  1.8810133e+002  1.9081944e+002  1.2072286e+002  1.7857340e+002  1.0690930e+002
  9.6666667e-001  1.8847137e+002  1.9106204e+002  1.1967102e+002  1.7888391e+002  1.0671680e+002
  9.7333333e-001  1.8889032e+002  1.9082745e+002  1.1855684e+002  1.7918936e+002  1.0654911e+002
  9.8000000e-001  1.8925937e+002  1.9108256e+002  1.1742315e+002  1.7949448e+002  1.0646452e+002
  9.8666667e-001  1.8962917e+002  1.9134042e+002  1.1625069e+002  1.7981778e+002  1.0641999e+002
  9.9333333e-001  1.9003613e+002  1.9158786e+002  1.1504923e+002  1.8008986e+002  1.0637243e+002
  1.0000000e+000  1.9039270e+002  1.9236703e+002  1.1389761e+002  1.8038138e+002  1.0640113e+002
  1.0066667e+000  1.9081645e+002  1.9264468e+002  1.1283442e+002  1.8070450e+002  1.0645730e+002
  1.0133333e+000  1.9134302e+002  1.9288852e+002  1.1184993e+002  1.8097659e+002  1.0656640e+002
  1.0200000e+000  1.9149306e+002  1.9315123e+002  1.1096920e+002  1.8123775e+002  1.0670023e+002
  1.0266667e+000  1.9203868e+002  1.9338582e+002  1.1017066e+002  1.8155785e+002  1.0688451e+002
  1.0333333e+000  1.9304977e+002  1.9313298e+002  1.0949093e+002  1.8188628e+002  1.0714510e+002
  1.0400000e+000  1.9364961e+002  1.9334514e+002  1.0894798e+002  1.8219582e+002  1.0745242e+002
  1.0466667e+000  1.9429272e+002  1.9409427e+002  1.0850965e+002  1.8251282e+002  1.0778784e+002
  1.0533333e+000  1.9464041e+002  1.9430237e+002  1.0817456e+002  1.8284843e+002  1.0811536e+002
  1.0600000e+000  1.9427713e+002  1.9452278e+002  1.0794185e+002  1.8322829e+002  1.0848333e+002
  1.0666667e+000  1.9438849e+002  1.9476387e+002  1.0780075e+002  1.8356976e+002  1.0888523e+002
  1.0733333e+000  1.9459200e+002  1.9503198e+002  1.0775346e+002  1.8391928e+002  1.0934757e+002
  1.0800000e+000  1.9465195e+002  1.9525941e+002  1.0780978e+002  1.8428355e+002  1.0981877e+002
  1.0866667e+000  1.9476315e+002  1.9548344e+002  1.0799185e+002  1.8464465e+002  1.1032934e+002
  1.0933333e+000  1.9501570e+002  1.9572456e+002  1.0825581e+002  1.8504665e+002  1.1090608e+002
  1.1000000e+000  1.9524501e+002  1.9596832e+002  1.0866328e+002  1.8541298e+002  1.1158196e+002
  1.1066667e+000  1.9539015e+002  1.9622180e+002  1.0916065e+002  1.8575136e+002  1.1236646e+002
  1.1133333e+000  1.9584297e+002  1.9593237e+002  1.0968638e+002  1.8612721e+002  1.1324738e+002
  1.1200000e+000  1.9549814e+002  1.9616457e+002  1.1032217e+002  1.8648737e+002  1.1422784e+002
  1.1266667e+000  1.9555185e+002  1.9632111e+002  1.1102423e+002  1.8683104e+002  1.1532997e+002
  1.1333333e+000  1.9567326e+002  1.9648518e+002  1.1176283e+002  1.8720967e+002  1.1653434e+002
  1.1400000e+000  1.9584824e+002  1.9664452e+002  1.1250134e+002  1.8755843e+002  1.1777473e+002
  1.1466667e+000  1.9592772e+002  1.9679250e+002  1.1324748e+002  1.8791795e+002  1.1907156e+002
  1.1533333e+000  1.9641457e+002  1.9694209e+002  1.1397566e+002  1.8831644e+002  1.2046822e+002
  1.1600000e+000  1.9601796e+002  1.9705751e+002  1.1477095e+002  1.8866728e+002  1.2187637e+002
  1.1666667e+000  1.9606538e+002  1.9724254e+002  1.1561426e+002  1.8902472e+002  1.2338522e+002
  1.1733333e+000  1.9613193e+002  1.9776975e+002  1.1649869e+002  1.8940610e+002  1.2495579e+002
  1.1800000e+000  1.9625034e+002  1.9794040e+002  1.1746554e+002  1.8978378e+002  1.2667046e+002
  1.1866667e+000  1.9643506e+002  1.9812688e+002  1.1847864e+002  1.9013443e+002  1.2869444e+002
  1.1933333e+000  1.9651581e+002  1.9827583e+002  1.1946047e+002  1.9047179e+002  1.3102615e+002
  1.2000000e+000  1.9665736e+002  1.9836408e+002  1.1968398e+002  1.9083240e+002  1.3362727e+002
  1.2066667e+000  1.9680440e+002  1.9851270e+002  1.2063528e+002  1.9115459e+002  1.3651761e+002
  1.2133333e+000  1.9694418e+002  1.9868666e+002  1.2235951e+002  1.9147137e+002  1.3969991e+002
  1.2200000e+000  1.9707758e+002  1.9882800e+002  1.2306121e+002  1.9178032e+002  1.4309270e+002
  1.2266667e+000  1.9722722e+002  1.9894429e+002  1.2427606e+002  1.9207803e+002  1.4677563e+002
  1.2333333e+000  1.9768806e+002  1.9907356e+002  1.2594694e+002  1.9238313e+002  1.5078171e+002
  1.2400000e+000  1.9783107e+002  1.9916214e+002  1.2730701e+002  1.9269008e+002  1.5515010e+002
  1.2466667e+000  1.9796660e+002  1.9920169e+002  1.2872063e+002  1.9298625e+002  1.5985436e+002
  1.2533333e+000  1.9809718e+002  1.9925688e+002  1.3026210e+002  1.9328241e+002  1.6480084e+002
  1.2600000e+000  1.9820683e+002  1.9934561e+002  1.3186650e+002  1.9355577e+002  1.6974066e+002
  1.2666667e+000  1.9827815e+002  1.9944612e+002  1.3352376e+002  1.9384345e+002  1.7444911e+002
  1.2733333e+000  1.9838782e+002  1.9950176e+002  1.3526901e+002  1.9415059e+002  1.7886652e+002
  1.2800000e+000  1.9856007e+002  1.9953062e+002  1.3707808e+002  1.9442998e+002  1.8282849e+002
  1.2866667e+000  1.9867531e+002  1.9959015e+002  1.3883270e+002  1.9472234e+002  1.8622108e+002
  1.2933333e+000  1.9873704e+002  1.9963203e+002  1.4065726e+002  1.9499579e+002  1.8909338e+002
  1.3000000e+000  1.9882428e+002  1.9969000e+002  1.4255832e+002  1.9528950e+002  1.9161101e+002
  1.3066667e+000  1.9887897e+002  1.9934908e+002  1.4437021e+002  1.9555534e+002  1.9380972e+002
  1.3133333e+000  1.9890013e+002  1.9954251e+002  1.4616570e+002  1.9582773e+002  1.9573514e+002
  1.3200000e+000  1.9890952e+002  1.9956447e+002  1.4792335e+002  1.9609296e+002  1.9749593e+002
  1.3266667e+000  1.9894333e+002  1.9965321e+002  1.4968161e+002  1.9633704e+002  1.9910883e+002
  1.3333333e+000  1.9895229e+002  1.9966725e+002  1.5144710e+002  1.9659026e+002  2.0050655e+002
  1.3400000e+000  1.9896529e+002  1.9958595e+002  1.5319412e+002  1.9684529e+002  2.0170676e+002
  1.3466667e+000  1.9898933e+002  1.9964209e+002  1.5571956e+002  1.9710365e+002  2.0279710e+002
  1.3533333e+000  1.9896767e+002  1.9974052e+002  1.5760564e+002  1.9733931e+002  2.0375742e+002
  1.3600000e+000  1.9890630e+002  1.9975641e+002  1.5816332e+002  1.9760295e+002  2.0458803e+002
  1.3666667e+000  1.9891905e+002  1.9973758e+002  1.6036725e+002  1.9785506e+002  2.0536249e+002
  1.3733333e+000  1.9894417e+002  1.9975037e+002  1.6214876e+002  1.9806763e+002  2.0609093e+002
  1.3800000e+000  1.9895406e+002  2.0017772e+002  1.6395555e+002  1.9827838e+002  2.0671530e+002
  1.3866667e+000  1.9895833e+002  2.0015971e+002  1.6579797e+002  1.9854111e+002  2.0716003e+002
  1.3933333e+000  1.9892040e+002  2.0014793e+002  1.6768701e+002  1.9877812e+002  2.0744193e+002
  1.4000000e+000  1.9890810e+002  1.9960495e+002  1.6968440e+002  1.9895076e+002  2.0756308e+002
  1.4066667e+000  1.9886935e+002  1.9964575e+002  1.7160643e+002  1.9916997e+002  2.0743906e+002
  1.4133333e+000  1.9883949e+002  2.0017729e+002  1.7347769e+002  1.9937808e+002  2.0709341e+002
  1.4200000e+000  1.9888089e+002  1.9963765e+002  1.7527212e+002  1.9954816e+002  2.0640976e+002
  1.4266667e+000  1.9886287e+002  1.9953940e+002  1.7693517e+002  1.9971318e+002  2.0538547e+002
  1.4333333e+000  1.9880417e+002  1.9951857e+002  1.7854688e+002  1.9988268e+002  2.0412170e+002
  1.4400000e+000  1.9884819e+002  1.9953838e+002  1.8011475e+002  2.0002182e+002  2.0263028e+002
  1.4466667e+000  1.9885985e+002  1.9950915e+002  1.8165184e+002  2.0018451e+002  2.0098427e+002
  1.4533333e+000  1.9880661e+002  1.9947257e+002  1.8316887e+002  2.0026279e+002  1.9915762e+002
  1.4600000e+000  1.9882016e+002  1.9942935e+002  1.8476729e+002  2.0034233e+002  1.9677539e+002
  1.4666667e+000  1.9884749e+002  1.9941399e+002  1.8644223e+002  2.0046117e+002  1.9506294e+002
  1.4733333e+000  1.9888101e+002  1.9934859e+002  1.8812456e+002  2.0062080e+002  1.9305496e+002
  1.4800000e+000  1.9885672e+002  1.9923756e+002  1.8979045e+002  2.0076085e+002  1.9101547e+002
  1.4866667e+000  1.9883093e+002  1.9924892e+002  1.9144574e+002  2.0087283e+002  1.8906328e+002
  1.4933333e+000  1.9881592e+002  1.9922432e+002  1.9302055e+002  2.0099095e+002  1.8717844e+002
  1.5000000e+000  1.9878511e+002  1.9916402e+002  1.9446635e+002  2.0111940e+002  1.8533453e+002
  1.5066667e+000  1.9881734e+002  1.9913933e+002  1.9577628e+002  2.0123651e+002  1.8351726e+002
  1.5133333e+000  1.9882399e+002  1.9903729e+002  1.9706426e+002  2.0135144e+002  1.8172913e+002
  1.5200000e+000  1.9879611e+002  1.9898865e+002  1.9831639e+002  2.0148143e+002  1.7990799e+002
  1.5266667e+000  1.9873799e+002  1.9895126e+002  1.9950508e+002  2.0160216e+002  1.7801137e+002
  1.5333333e+000  1.9866827e+002  1.9885336e+002  2.0073492e+002  2.0169367e+002  1.7620052e+002
  1.5400000e+000  1.9870146e+002  1.9883380e+002  2.0188525e+002  2.0176427e+002  1.7432617e+002
  1.5466667e+000  1.9871852e+002  1.9878407e+002  2.0294382e+002  2.0188751e+002  1.7235854e+002
  1.5533333e+000  1.9866553e+002  1.9870952e+002  2.0396912e+002  2.0198016e+002  1.7063592e+002
  1.5600000e+000  1.9860425e+002  1.9865811e+002  2.0497708e+002  2.0202130e+002  1.6951823e+002
  1.5666667e+000  1.9857184e+002  1.9863437e+002  2.0587317e+002  2.0207974e+002  1.6840646e+002
  1.5733333e+000  1.9850421e+002  1.9860608e+002  2.0668221e+002  2.0216170e+002  1.6624117e+002
  1.5800000e+000  1.9843600e+002  1.9851569e+002  2.0738109e+002  2.0225288e+002  1.6336206e+002
  1.5866667e+000  1.9834581e+002  1.9840698e+002  2.0801888e+002  2.0234506e+002  1.6074544e+002
  1.5933333e+000  1.9828424e+002  1.9836964e+002  2.0863956e+002  2.0241896e+002  1.5845816e+002
  1.6000000e+000  1.9825475e+002  1.9833360e+002  2.0915413e+002  2.0247951e+002  1.5608775e+002
  1.6066667e+000  1.9825658e+002  1.9823583e+002  2.0957130e+002  2.0255965e+002  1.5382455e+002
  1.6133333e+000  1.9819080e+002  1.9813484e+002  2.0996780e+002  2.0262404e+002  1.5168239e+002
  1.6200000e+000  1.9807201e+002  1.9804541e+002  2.1032143e+002  2.0266440e+002  1.4967410e+002
  1.6266667e+000  1.9800240e+002  1.9799039e+002  2.1061935e+002  2.0271497e+002  1.4761127e+002
  1.6333333e+000  1.9798846e+002  1.9792487e+002  2.1085779e+002  2.0273183e+002  1.4554744e+002
  1.6400000e+000  1.9799260e+002  1.9786728e+002  2.1103935e+002  2.0274744e+002  1.4352367e+002
  1.6466667e+000  1.9793671e+002  1.9781906e+002  2.1120489e+002  2.0280658e+002  1.4153987e+002
  1.6533333e+000  1.9784396e+002  1.9772192e+002  2.1124896e+002  2.0284674e+002  1.3960110e+002
  1.6600000e+000  1.9777995e+002  1.9770233e+002  2.1122595e+002  2.0289130e+002  1.3753096e+002
  1.6666667e+000  1.9774741e+002  1.9772340e+002  2.1121626e+002  2.0294038e+002  1.3544208e+002
  1.6733333e+000  1.9771310e+002  1.9769118e+002  2.1114818e+002  2.0295181e+002  1.3347549e+002
  1.6800000e+000  1.9762460e+002  1.9761908e+002  2.1103786e+002  2.0298142e+002  1.3152713e+002
  1.6866667e+000  1.9756317e+002  1.9754912e+002  2.1090775e+002  2.0322788e+002  1.2972427e+002
  1.6933333e+000  1.9751225e+002  1.9746678e+002  2.1071172e+002  2.0325618e+002  1.2797376e+002
  1.7000000e+000  1.9748846e+002  1.9744196e+002  2.1047798e+002  2.0306668e+002  1.2627796e+002
  1.7066667e+000  1.9740445e+002  1.9739603e+002  2.1027405e+002  2.0329401e+002  1.2445088e+002
  1.7133333e+000  1.9731026e+002  1.9733162e+002  2.0997745e+002  2.0332640e+002  1.2281377e+002
  1.7200000e+000  1.9727458e+002  1.9728124e+002  2.0966032e+002  2.0331982e+002  1.2086468e+002
  1.7266667e+000  1.9728278e+002  1.9722229e+002  2.0933939e+002  2.0331357e+002  1.1865612e+002
  1.7333333e+000  1.9730493e+002  1.9716402e+002  2.0897629e+002  2.0335973e+002  1.1623433e+002
  1.7400000e+000  1.9729417e+002  1.9706465e+002  2.0862743e+002  2.0336685e+002  1.1371843e+002
  1.7466667e+000  1.9723856e+002  1.9698096e+002  2.0828760e+002  2.0337273e+002  1.1112830e+002
  1.7533333e+000  1.9716849e+002  1.9690210e+002  2.0794650e+002  2.0338077e+002  1.0853967e+002
  1.7600000e+000  1.9716382e+002  1.9681482e+002  2.0761328e+002  2.0336990e+002  1.0599042e+002
  1.7666667e+000  1.9714696e+002  1.9678238e+002  2.0733693e+002  2.0334042e+002  1.0350300e+002
  1.7733333e+000  1.9712308e+002  1.9677237e+002  2.0700131e+002  2.0332593e+002  1.0103870e+002
  1.7800000e+000  1.9712332e+002  1.9673406e+002  2.0660098e+002  2.0335060e+002  9.8639908e+001
  1.7866667e+000  1.9713255e+002  1.9671588e+002  2.0616878e+002  2.0337138e+002  9.6329300e+001
  1.7933333e+000  1.9713133e+002  1.9670219e+002  2.0575269e+002  2.0336444e+002  9.4048492e+001
  1.8000000e+000  1.9715920e+002  1.9659409e+002  2.0533661e+002  2.0335480e+002  9.1766022e+001
  1.8066667e+000  1.9712010e+002  1.9655324e+002  2.0495093e+002  2.0329518e+002  8.9483383e+001
  1.8133333e+000  1.9703458e+002  1.9651271e+002  2.0459747e+002  2.0323631e+002  8.7225258e+001
  1.8200000e+000  1.9699579e+002  1.9649666e+002  2.0438518e+002  2.0319116e+002  8.4933029e+001
  1.8266667e+000  1.9705916e+002  1.9644980e+002  2.0402736e+002  2.0315770e+002  8.2610268e+001
  1.8333333e+000  1.9704646e+002  1.9640825e+002  2.0362196e+002  2.0311925e+002  8.0304924e+001
  1.8400000e+000  1.9699126e+002  1.9633363e+002  2.0321474e+002  2.0311095e+002  7.8028946e+001
  1.8466667e+000  1.9692766e+002  1.9632622e+002  2.0280006e+002  2.0311226e+002  7.5806152e+001
  1.8533333e+000  1.9687369e+002  1.9632758e+002  2.0242908e+002  2.0311731e+002  7.3671104e+001
  1.8600000e+000  1.9689862e+002  1.9630951e+002  2.0200949e+002  2.0313483e+002  7.1692909e+001
  1.8666667e+000  1.9687499e+002  1.9627666e+002  2.0149799e+002  2.0307281e+002  6.9908508e+001
  1.8733333e+000  1.9685849e+002  1.9630298e+002  2.0091432e+002  2.0238477e+002  6.8453110e+001
  1.8800000e+000  1.9680125e+002  1.9630000e+002  2.0030728e+002  2.0241959e+002  6.7379166e+001
  1.8866667e+000  1.9673645e+002  1.9625760e+002  1.9975395e+002  2.0246327e+002  6.6641754e+001
  1.8933333e+000  1.9672876e+002  1.9626234e+002  1.9923982e+002  2.0244455e+002  6.6233978e+001
  1.9000000e+000  1.9669133e+002  1.9627156e+002  1.9869769e+002  2.0236697e+002  6.6210205e+001
  1.9066667e+000  1.9663673e+002  1.9623726e+002  1.9743608e+002  2.0230452e+002  6.6595596e+001
  1.9133333e+000  1.9661107e+002  1.9625589e+002  1.9698787e+002  2.0221755e+002  6.7345856e+001
  1.9200000e+000  1.9657706e+002  1.9628961e+002  1.9656131e+002  2.0215282e+002  6.8366264e+001
  1.9266667e+000  1.9655698e+002  1.9622865e+002  1.9615363e+002  2.0212309e+002  6.9553398e+001
  1.9333333e+000  1.9649020e+002  1.9622948e+002  1.9581392e+002  2.0205295e+002  7.0866714e+001
  1.9400000e+000  1.9649185e+002  1.9626353e+002  1.9551051e+002  2.0201186e+002  7.2247818e+001
  1.9466667e+000  1.9646931e+002  1.9627257e+002  1.9567676e+002  2.0196941e+002  7.3663383e+001
  1.9533333e+000  1.9645403e+002  1.9632423e+002  1.9540656e+002  2.0189388e+002  7.5154694e+001
  1.9600000e+000  1.9640607e+002  1.9638628e+002  1.9522432e+002  2.0180832e+002  7.6779144e+001
  1.9666667e+000  1.9636183e+002  1.9635335e+002  1.9499396e+002  2.0180145e+002  7.8599632e+001
  1.9733333e+000  1.9636958e+002  1.9630348e+002  1.9464954e+002  2.0177034e+002  8.0687592e+001
  1.9800000e+000  1.9634749e+002  1.9630672e+002  1.9438809e+002  2.0175665e+002  8.3044106e+001
  1.9866667e+000  1.9633359e+002  1.9635700e+002  1.9418201e+002  2.0175790e+002  8.5653099e+001
  1.9933333e+000  1.9629417e+002  1.9640518e+002  1.9387811e+002  2.0164905e+002  8.8424675e+001
  2.0000000e+000  1.9626410e+002  1.9639619e+002  1.9354466e+002  2.0159027e+002  9.1274879e+001
