 -5.0000000e-001 -2.7754850e+001 -2.7737461e+001 -2.7290087e+001 -2.7238249e+001 -2.7612907e+001
 -4.9333333e-001 -2.7762400e+001 -2.7778646e+001 -2.7317978e+001 -2.7221706e+001 -2.7598377e+001
 -4.8666667e-001 -2.7734291e+001 -2.7788109e+001 -2.7308821e+001 -2.7230812e+001 -2.7620487e+001
 -4.8000000e-001 -2.7751389e+001 -2.7774782e+001 -2.7315947e+001 -2.7220600e+001 -2.7607533e+001
 -4.7333333e-001 -2.7772722e+001 -2.7793709e+001 -2.7338408e+001 -2.7271114e+001 -2.7622004e+001
 -4.6666667e-001 -2.7747040e+001 -2.7780766e+001 -2.7295139e+001 -2.7295389e+001 -2.7636950e+001
 -4.6000000e-001 -2.7776730e+001 -2.7768003e+001 -2.7276358e+001 -2.7283485e+001 -2.7602892e+001
 -4.5333333e-001 -2.7784744e+001 -2.7830107e+001 -2.7307552e+001 -2.7274017e+001 -2.7602636e+001
 -4.4666667e-001 -2.7763996e+001 -2.7885822e+001 -2.7311277e+001 -2.7247671e+001 -2.7601040e+001
 -4.4000000e-001 -2.7753750e+001 -2.7949121e+001 -2.7318863e+001 -2.7233688e+001 -2.7622496e+001
 -4.3333333e-001 -2.7728134e+001 -2.7979670e+001 -2.7319677e+001 -2.7252192e+001 -2.7637354e+001
 -4.2666667e-001 -2.7698067e+001 -2.7993256e+001 -2.7289415e+001 -2.7260736e+001 -2.7630571e+001
 -4.2000000e-001 -2.7738682e+001 -2.8013830e+001 -2.7315098e+001 -2.7271845e+001 -2.7609158e+001
 -4.1333333e-001 -2.7785181e+001 -2.8025469e+001 -2.7311726e+001 -2.7269506e+001 -2.7598248e+001
 -4.0666667e-001 -2.7766075e+001 -2.8073664e+001 -2.7318926e+001 -2.7237585e+001 -2.7619238e+001
 -4.0000000e-001 -2.7740665e+001 -2.8111965e+001 -2.7323738e+001 -2.7240524e+001 -2.7611763e+001
 -3.9333333e-001 -2.7743084e+001 -2.8100101e+001 -2.7313683e+001 -2.7235676e+001 -2.7627211e+001
 -3.8666667e-001 -2.7752481e+001 -2.8155476e+001 -2.7304289e+001 -2.7232243e+001 -2.7607718e+001
 -3.8000000e-001 -2.7765276e+001 -2.8204512e+001 -2.7323717e+001 -2.7239830e+001 -2.7587482e+001
 -3.7333333e-001 -2.7774830e+001 -2.8240965e+001 -2.7321337e+001 -2.7236885e+001 -2.7589405e+001
 -3.6666667e-001 -2.7735174e+001 -2.8283596e+001 -2.7285767e+001 -2.7250738e+001 -2.7600925e+001
 -3.6000000e-001 -2.7673487e+001 -2.8357813e+001 -2.7337191e+001 -2.7223972e+001 -2.7627821e+001
 -3.5333333e-001 -2.7714495e+001 -2.8434750e+001 -2.7392109e+001 -2.7185818e+001 -2.7617039e+001
 -3.4666667e-001 -2.7753712e+001 -2.8469645e+001 -2.7368755e+001 -2.7203932e+001 -2.7598207e+001
 -3.4000000e-001 -2.7744366e+001 -2.8516306e+001 -2.7338724e+001 -2.7211775e+001 -2.7586590e+001
 -3.3333333e-001 -2.7743254e+001 -2.8563978e+001 -2.7318762e+001 -2.7221363e+001 -2.7604210e+001
 -3.2666667e-001 -2.7713913e+001 -2.8573780e+001 -2.7311981e+001 -2.7184710e+001 -2.7656067e+001
 -3.2000000e-001 -2.7715868e+001 -2.8612549e+001 -2.7280766e+001 -2.7176325e+001 -2.7662262e+001
 -3.1333333e-001 -2.7739187e+001 -2.8671846e+001 -2.7312168e+001 -2.7215723e+001 -2.7642853e+001
 -3.0666667e-001 -2.7752163e+001 -2.8702391e+001 -2.7316259e+001 -2.7236687e+001 -2.7675632e+001
 -3.0000000e-001 -2.7746458e+001 -2.8736238e+001 -2.7295712e+001 -2.7221790e+001 -2.7684973e+001
 -2.9333333e-001 -2.7721645e+001 -2.8737694e+001 -2.7312252e+001 -2.7205727e+001 -2.7703703e+001
 -2.8666667e-001 -2.7706608e+001 -2.8772507e+001 -2.7340977e+001 -2.7190197e+001 -2.7709654e+001
 -2.8000000e-001 -2.7726641e+001 -2.8826227e+001 -2.7341904e+001 -2.7206253e+001 -2.7715631e+001
 -2.7333333e-001 -2.7770308e+001 -2.8870359e+001 -2.7328758e+001 -2.7219780e+001 -2.7699284e+001
 -2.6666667e-001 -2.7732521e+001 -2.8891188e+001 -2.7355921e+001 -2.7238100e+001 -2.7685520e+001
 -2.6000000e-001 -2.7693014e+001 -2.8870510e+001 -2.7362181e+001 -2.7234722e+001 -2.7675632e+001
 -2.5333333e-001 -2.7709883e+001 -2.8885212e+001 -2.7373119e+001 -2.7201141e+001 -2.7685400e+001
 -2.4666667e-001 -2.7725342e+001 -2.8927542e+001 -2.7351021e+001 -2.7202938e+001 -2.7729548e+001
 -2.4000000e-001 -2.7740726e+001 -2.8958410e+001 -2.7360870e+001 -2.7221010e+001 -2.7714880e+001
 -2.3333333e-001 -2.7719658e+001 -2.8970818e+001 -2.7398153e+001 -2.7226036e+001 -2.7702740e+001
 -2.2666667e-001 -2.7714283e+001 -2.8986931e+001 -2.7376005e+001 -2.7223406e+001 -2.7702156e+001
 -2.2000000e-001 -2.7755457e+001 -2.8997875e+001 -2.7376907e+001 -2.7223074e+001 -2.7729277e+001
 -2.1333333e-001 -2.7753281e+001 -2.8957144e+001 -2.7399935e+001 -2.7208519e+001 -2.7724308e+001
 -2.0666667e-001 -2.7690056e+001 -2.8945147e+001 -2.7418777e+001 -2.7213839e+001 -2.7707764e+001
 -2.0000000e-001 -2.7656538e+001 -2.8990898e+001 -2.7400404e+001 -2.7192732e+001 -2.7713938e+001
 -1.9333333e-001 -2.7670366e+001 -2.9024586e+001 -2.7410229e+001 -2.7188120e+001 -2.7709908e+001
 -1.8666667e-001 -2.7717163e+001 -2.9033365e+001 -2.7381990e+001 -2.7212416e+001 -2.7748730e+001
 -1.8000000e-001 -2.7738424e+001 -2.9003317e+001 -2.7345119e+001 -2.7195473e+001 -2.7753183e+001
 -1.7333333e-001 -2.7707853e+001 -2.9000212e+001 -2.7373064e+001 -2.7167475e+001 -2.7716047e+001
 -1.6666667e-001 -2.7685186e+001 -2.9018330e+001 -2.7377787e+001 -2.7183142e+001 -2.7688122e+001
 -1.6000000e-001 -2.7698696e+001 -2.8986975e+001 -2.7357450e+001 -2.7180328e+001 -2.7679064e+001
 -1.5333333e-001 -2.7719475e+001 -2.8980469e+001 -2.7358078e+001 -2.7163996e+001 -2.7736368e+001
 -1.4666667e-001 -2.7755953e+001 -2.8961966e+001 -2.7365686e+001 -2.7180143e+001 -2.7728956e+001
 -1.4000000e-001 -2.7773756e+001 -2.8969305e+001 -2.7348911e+001 -2.7202667e+001 -2.7695686e+001
 -1.3333333e-001 -2.7734524e+001 -2.8976351e+001 -2.7380131e+001 -2.7179777e+001 -2.7717522e+001
 -1.2666667e-001 -2.7715872e+001 -2.8910049e+001 -2.7380236e+001 -2.7185478e+001 -2.7720692e+001
 -1.2000000e-001 -2.7748512e+001 -2.8918438e+001 -2.7348463e+001 -2.7215431e+001 -2.7722967e+001
 -1.1333333e-001 -2.7781797e+001 -2.8972939e+001 -2.7327856e+001 -2.7203520e+001 -2.7772392e+001
 -1.0666667e-001 -2.7740396e+001 -2.8916334e+001 -2.7338676e+001 -2.7183538e+001 -2.7759197e+001
 -1.0000000e-001 -2.7755892e+001 -2.8857830e+001 -2.7349848e+001 -2.7178417e+001 -2.7714130e+001
 -9.3333333e-002 -2.7780418e+001 -2.8869041e+001 -2.7344269e+001 -2.7191780e+001 -2.7682167e+001
 -8.6666667e-002 -2.7760555e+001 -2.8811388e+001 -2.7340834e+001 -2.7201630e+001 -2.7703394e+001
 -8.0000000e-002 -2.7757017e+001 -2.8800030e+001 -2.7345053e+001 -2.7211660e+001 -2.7712259e+001
 -7.3333333e-002 -2.7753435e+001 -2.8793137e+001 -2.7335197e+001 -2.7261538e+001 -2.7712519e+001
 -6.6666667e-002 -2.7748960e+001 -2.8738230e+001 -2.7343302e+001 -2.7242676e+001 -2.7749495e+001
 -6.0000000e-002 -2.7787632e+001 -2.8723917e+001 -2.7389887e+001 -2.7244755e+001 -2.7707920e+001
 -5.3333333e-002 -2.7791880e+001 -2.8708157e+001 -2.7392525e+001 -2.7276834e+001 -2.7686056e+001
 -4.6666667e-002 -2.7779617e+001 -2.8626877e+001 -2.7399303e+001 -2.7250982e+001 -2.7714697e+001
 -4.0000000e-002 -2.7809824e+001 -2.8600994e+001 -2.7396130e+001 -2.7272926e+001 -2.7724150e+001
 -3.3333333e-002 -2.7797886e+001 -2.8603367e+001 -2.7354944e+001 -2.7297632e+001 -2.7679249e+001
 -2.6666667e-002 -2.7793928e+001 -2.8572889e+001 -2.7355621e+001 -2.7265184e+001 -2.7691444e+001
 -2.0000000e-002 -2.7795025e+001 -2.8526289e+001 -2.7361851e+001 -2.7284489e+001 -2.7711590e+001
 -1.3333333e-002 -2.7805653e+001 -2.8483315e+001 -2.7376352e+001 -2.7294048e+001 -2.7699800e+001
 -6.6666667e-003 -2.7785320e+001 -2.8439262e+001 -2.7336800e+001 -2.7270103e+001 -2.7718710e+001
  0.0000000e+000 -2.7776400e+001 -2.8366760e+001 -2.7329584e+001 -2.7258011e+001 -2.7692129e+001
  6.6666667e-003 -2.7800869e+001 -2.8342182e+001 -2.7392262e+001 -2.7223232e+001 -2.7722235e+001
  1.3333333e-002 -2.7817343e+001 -2.8323660e+001 -2.7391329e+001 -2.7230677e+001 -2.7765787e+001
  2.0000000e-002 -2.7790396e+001 -2.8281672e+001 -2.7339190e+001 -2.7282499e+001 -2.7751999e+001
  2.6666667e-002 -2.7791887e+001 -2.8240637e+001 -2.7324400e+001 -2.7277412e+001 -2.7700489e+001
  3.3333333e-002 -2.7808596e+001 -2.8233440e+001 -2.7369932e+001 -2.7263193e+001 -2.7694588e+001
  4.0000000e-002 -2.7758133e+001 -2.8191940e+001 -2.7367229e+001 -2.7237066e+001 -2.7709660e+001
  4.6666667e-002 -2.7762768e+001 -2.8153044e+001 -2.7379255e+001 -2.7232098e+001 -2.7691933e+001
  5.3333333e-002 -2.7780634e+001 -2.8111588e+001 -2.7350351e+001 -2.7256239e+001 -2.7705263e+001
  6.0000000e-002 -2.7759041e+001 -2.8090925e+001 -2.7342552e+001 -2.7263466e+001 -2.7725922e+001
  6.6666667e-002 -2.7753807e+001 -2.8051718e+001 -2.7385897e+001 -2.7276407e+001 -2.7724348e+001
  7.3333333e-002 -2.7750359e+001 -2.7987404e+001 -2.7381279e+001 -2.7263306e+001 -2.7684458e+001
  8.0000000e-002 -2.7763290e+001 -2.7954180e+001 -2.7371197e+001 -2.7272011e+001 -2.7663937e+001
  8.6666667e-002 -2.7775217e+001 -2.7960497e+001 -2.7383736e+001 -2.7282322e+001 -2.7658300e+001
  9.3333333e-002 -2.7773962e+001 -2.7970577e+001 -2.7401461e+001 -2.7263128e+001 -2.7666357e+001
  1.0000000e-001 -2.7795412e+001 -2.7908827e+001 -2.7394115e+001 -2.7286249e+001 -2.7720242e+001
  1.0666667e-001 -2.7811819e+001 -2.7914494e+001 -2.7428514e+001 -2.7274992e+001 -2.7701200e+001
  1.1333333e-001 -2.7806789e+001 -2.7966467e+001 -2.7440395e+001 -2.7271694e+001 -2.7718763e+001
  1.2000000e-001 -2.7810686e+001 -2.7980000e+001 -2.7443880e+001 -2.7309748e+001 -2.7754097e+001
  1.2666667e-001 -2.7850412e+001 -2.7983404e+001 -2.7455027e+001 -2.7351919e+001 -2.7734722e+001
  1.3333333e-001 -2.7888670e+001 -2.7970646e+001 -2.7454538e+001 -2.7334044e+001 -2.7748930e+001
  1.4000000e-001 -2.7900602e+001 -2.8008919e+001 -2.7430174e+001 -2.7337801e+001 -2.7755075e+001
  1.4666667e-001 -2.7932188e+001 -2.8052876e+001 -2.7427666e+001 -2.7336977e+001 -2.7782642e+001
  1.5333333e-001 -2.7926399e+001 -2.8030731e+001 -2.7435192e+001 -2.7407896e+001 -2.7797495e+001
  1.6000000e-001 -2.7938606e+001 -2.8014387e+001 -2.7434896e+001 -2.7465132e+001 -2.7823029e+001
  1.6666667e-001 -2.8000761e+001 -2.7985979e+001 -2.7458958e+001 -2.7473146e+001 -2.7905273e+001
  1.7333333e-001 -2.8008932e+001 -2.7979559e+001 -2.7497892e+001 -2.7468393e+001 -2.7904743e+001
  1.8000000e-001 -2.7997599e+001 -2.7965742e+001 -2.7533930e+001 -2.7442564e+001 -2.7892771e+001
  1.8666667e-001 -2.7977665e+001 -2.7893463e+001 -2.7515394e+001 -2.7454636e+001 -2.7924046e+001
  1.9333333e-001 -2.7980259e+001 -2.7803314e+001 -2.7475882e+001 -2.7433825e+001 -2.7853817e+001
  2.0000000e-001 -2.7990009e+001 -2.7730148e+001 -2.7433104e+001 -2.7411848e+001 -2.7846037e+001
  2.0666667e-001 -2.7963924e+001 -2.7696802e+001 -2.7450453e+001 -2.7406626e+001 -2.7900940e+001
  2.1333333e-001 -2.7937702e+001 -2.7656092e+001 -2.7551550e+001 -2.7397686e+001 -2.7939835e+001
  2.2000000e-001 -2.7941233e+001 -2.7651829e+001 -2.7602669e+001 -2.7385658e+001 -2.7949621e+001
  2.2666667e-001 -2.7983578e+001 -2.7635899e+001 -2.7677828e+001 -2.7349096e+001 -2.7994869e+001
  2.3333333e-001 -2.8058083e+001 -2.7591097e+001 -2.7769932e+001 -2.7329685e+001 -2.8019011e+001
  2.4000000e-001 -2.8215071e+001 -2.7581249e+001 -2.7779831e+001 -2.7300959e+001 -2.7979488e+001
  2.4666667e-001 -2.8361300e+001 -2.7631075e+001 -2.7767796e+001 -2.7267757e+001 -2.7900131e+001
  2.5333333e-001 -2.8390066e+001 -2.7742981e+001 -2.7779751e+001 -2.7210972e+001 -2.7863920e+001
  2.6000000e-001 -2.8395956e+001 -2.7871616e+001 -2.7710577e+001 -2.7151638e+001 -2.7836330e+001
  2.6666667e-001 -2.8442476e+001 -2.7919661e+001 -2.7635416e+001 -2.7109331e+001 -2.7756651e+001
  2.7333333e-001 -2.8460167e+001 -2.7936134e+001 -2.7495773e+001 -2.7099749e+001 -2.7727489e+001
  2.8000000e-001 -2.8391245e+001 -2.7975437e+001 -2.7280334e+001 -2.7108183e+001 -2.7715809e+001
  2.8666667e-001 -2.8309147e+001 -2.8008518e+001 -2.7027361e+001 -2.7059547e+001 -2.7628042e+001
  2.9333333e-001 -2.8212736e+001 -2.7958902e+001 -2.6677189e+001 -2.6967728e+001 -2.7478193e+001
  3.0000000e-001 -2.8074022e+001 -2.7859205e+001 -2.6345909e+001 -2.6949009e+001 -2.7241142e+001
  3.0666667e-001 -2.7927460e+001 -2.7782679e+001 -2.6042143e+001 -2.6925274e+001 -2.7014065e+001
  3.1333333e-001 -2.7744259e+001 -2.7605709e+001 -2.5751005e+001 -2.6877848e+001 -2.6832558e+001
  3.2000000e-001 -2.7540537e+001 -2.7375118e+001 -2.5447996e+001 -2.6824127e+001 -2.6698210e+001
  3.2666667e-001 -2.7365179e+001 -2.7175097e+001 -2.5199120e+001 -2.6748331e+001 -2.6613564e+001
  3.3333333e-001 -2.7222168e+001 -2.6921099e+001 -2.4996016e+001 -2.6630934e+001 -2.6592304e+001
  3.4000000e-001 -2.7066151e+001 -2.6655521e+001 -2.4838440e+001 -2.6548483e+001 -2.6672806e+001
  3.4666667e-001 -2.6951426e+001 -2.6466381e+001 -2.4771671e+001 -2.6414066e+001 -2.6877296e+001
  3.5333333e-001 -2.6874874e+001 -2.6313345e+001 -2.4756872e+001 -2.6282494e+001 -2.7174006e+001
  3.6000000e-001 -2.6801832e+001 -2.6165472e+001 -2.4747431e+001 -2.6206268e+001 -2.7445642e+001
  3.6666667e-001 -2.6758932e+001 -2.6005285e+001 -2.4841839e+001 -2.6040508e+001 -2.7772633e+001
  3.7333333e-001 -2.6765162e+001 -2.5889914e+001 -2.4944288e+001 -2.5913908e+001 -2.8161680e+001
  3.8000000e-001 -2.6818182e+001 -2.5816898e+001 -2.5029898e+001 -2.5901522e+001 -2.8533253e+001
  3.8666667e-001 -2.6911457e+001 -2.5758581e+001 -2.5170240e+001 -2.5825310e+001 -2.8862993e+001
  3.9333333e-001 -2.6986771e+001 -2.5729132e+001 -2.5402590e+001 -2.5788202e+001 -2.9180460e+001
  4.0000000e-001 -2.7048727e+001 -2.5740665e+001 -2.5649113e+001 -2.5789486e+001 -2.9592405e+001
  4.0666667e-001 -2.7150831e+001 -2.5732088e+001 -2.5845129e+001 -2.5796841e+001 -2.9979023e+001
  4.1333333e-001 -2.7270895e+001 -2.5757813e+001 -2.6053743e+001 -2.5823996e+001 -3.0310629e+001
  4.2000000e-001 -2.7403082e+001 -2.5768499e+001 -2.5994040e+001 -2.5841398e+001 -3.0623581e+001
  4.2666667e-001 -2.7479860e+001 -2.5766989e+001 -2.6149893e+001 -2.5868696e+001 -3.0860954e+001
  4.3333333e-001 -2.7522127e+001 -2.5797064e+001 -2.6499542e+001 -2.5955193e+001 -3.0969303e+001
  4.4000000e-001 -2.7558491e+001 -2.5818146e+001 -2.6621485e+001 -2.6092434e+001 -3.1077385e+001
  4.4666667e-001 -2.7459143e+001 -2.5805874e+001 -2.6711824e+001 -2.6229303e+001 -3.0866806e+001
  4.5333333e-001 -2.7289276e+001 -2.5776379e+001 -2.6462803e+001 -2.6377457e+001 -3.1273647e+001
  4.6000000e-001 -2.7083241e+001 -2.5711988e+001 -2.6650782e+001 -2.6562349e+001 -3.1295374e+001
  4.6666667e-001 -2.6881193e+001 -2.5623663e+001 -2.6678093e+001 -2.6755697e+001 -3.1282362e+001
  4.7333333e-001 -2.6703289e+001 -2.5526173e+001 -2.6683311e+001 -2.6911758e+001 -3.1278231e+001
  4.8000000e-001 -2.6527481e+001 -2.5409718e+001 -2.6662987e+001 -2.7099039e+001 -3.1335859e+001
  4.8666667e-001 -2.6420277e+001 -2.5321934e+001 -2.6749416e+001 -2.7272581e+001 -3.1404144e+001
  4.9333333e-001 -2.6420702e+001 -2.5261826e+001 -2.6859612e+001 -2.7446476e+001 -3.1476664e+001
  5.0000000e-001 -2.6554539e+001 -2.5204382e+001 -2.7010382e+001 -2.7742754e+001 -3.1284542e+001
  5.0666667e-001 -2.6730730e+001 -2.5168936e+001 -2.7675282e+001 -2.8008272e+001 -3.1304365e+001
  5.1333333e-001 -2.6744957e+001 -2.5177135e+001 -2.7433676e+001 -2.8327414e+001 -3.2040489e+001
  5.2000000e-001 -2.7000002e+001 -2.5222305e+001 -2.7672621e+001 -2.8585539e+001 -3.2258709e+001
  5.2666667e-001 -2.7261427e+001 -2.5256155e+001 -2.8434116e+001 -2.8912287e+001 -3.2558487e+001
  5.3333333e-001 -2.7532719e+001 -2.5321625e+001 -2.8723049e+001 -2.9690731e+001 -3.2898499e+001
  5.4000000e-001 -2.7940271e+001 -2.5410191e+001 -2.9036306e+001 -2.9561972e+001 -3.3199482e+001
  5.4666667e-001 -2.8366892e+001 -2.5529432e+001 -2.9099167e+001 -2.9863148e+001 -3.3509098e+001
  5.5333333e-001 -2.8808542e+001 -2.5732849e+001 -2.9433229e+001 -3.0133131e+001 -3.3865917e+001
  5.6000000e-001 -2.9463528e+001 -2.5637966e+001 -2.9754614e+001 -3.0429258e+001 -3.4174438e+001
  5.6666667e-001 -2.9955601e+001 -2.5796917e+001 -2.9969717e+001 -3.0732473e+001 -3.4466507e+001
  5.7333333e-001 -3.0244375e+001 -2.5971716e+001 -3.0423660e+001 -3.1136972e+001 -3.4841721e+001
  5.8000000e-001 -3.0969877e+001 -2.6108326e+001 -3.0277905e+001 -3.1534847e+001 -3.5207203e+001
  5.8666667e-001 -3.1037893e+001 -2.6406872e+001 -3.0244497e+001 -3.1904764e+001 -3.5596581e+001
  5.9333333e-001 -3.1331352e+001 -2.6603958e+001 -3.0778570e+001 -3.2184074e+001 -3.5971336e+001
  6.0000000e-001 -3.1850309e+001 -2.6722862e+001 -3.1012600e+001 -3.2294594e+001 -3.6295647e+001
  6.0666667e-001 -3.1985497e+001 -2.6937065e+001 -3.0676039e+001 -3.2603737e+001 -3.6677074e+001
  6.1333333e-001 -3.2016609e+001 -2.7188419e+001 -3.0908710e+001 -3.3050770e+001 -3.7024830e+001
  6.2000000e-001 -3.1646858e+001 -2.7404978e+001 -3.1173534e+001 -3.3455986e+001 -3.7331398e+001
  6.2666667e-001 -3.1557856e+001 -2.7627522e+001 -3.1893066e+001 -3.3902931e+001 -3.7653107e+001
  6.3333333e-001 -3.1314854e+001 -2.7905653e+001 -3.2167622e+001 -3.4133171e+001 -3.7945675e+001
  6.4000000e-001 -3.1150341e+001 -2.8095619e+001 -3.2431782e+001 -3.4310711e+001 -3.8203823e+001
  6.4666667e-001 -3.0881363e+001 -2.8285034e+001 -3.3030689e+001 -3.4644058e+001 -3.8499065e+001
  6.5333333e-001 -3.0737030e+001 -2.8403368e+001 -3.3299770e+001 -3.4949051e+001 -3.8811768e+001
  6.6000000e-001 -3.0730661e+001 -2.8561750e+001 -3.3578808e+001 -3.5309765e+001 -3.9073296e+001
  6.6666667e-001 -3.0831945e+001 -2.8745804e+001 -3.3814537e+001 -3.5618839e+001 -3.9369022e+001
  6.7333333e-001 -3.0959776e+001 -2.8912844e+001 -3.4035542e+001 -3.5883629e+001 -3.9697445e+001
  6.8000000e-001 -3.1060411e+001 -2.9071632e+001 -3.4240353e+001 -3.6232159e+001 -4.0024834e+001
  6.8666667e-001 -3.1126135e+001 -2.9222517e+001 -3.4449615e+001 -3.6595203e+001 -4.0367233e+001
  6.9333333e-001 -3.1039497e+001 -2.9341520e+001 -3.4711094e+001 -3.6863194e+001 -4.0665199e+001
  7.0000000e-001 -3.0992220e+001 -2.9515371e+001 -3.4927700e+001 -3.7112259e+001 -4.0905636e+001
  7.0666667e-001 -3.0985601e+001 -2.9673159e+001 -3.5150249e+001 -3.7397934e+001 -4.1149231e+001
  7.1333333e-001 -3.1347773e+001 -2.9806574e+001 -3.5391804e+001 -3.7717476e+001 -4.1434891e+001
  7.2000000e-001 -3.1332813e+001 -2.9895565e+001 -3.5639282e+001 -3.8033829e+001 -4.1705017e+001
  7.2666667e-001 -3.1350821e+001 -3.0465923e+001 -3.5921173e+001 -3.8221516e+001 -4.1959068e+001
  7.3333333e-001 -3.1346313e+001 -3.0561163e+001 -3.6178455e+001 -3.8514500e+001 -4.2205284e+001
  7.4000000e-001 -3.1350103e+001 -3.0651409e+001 -3.6426781e+001 -3.8826580e+001 -4.2444454e+001
  7.4666667e-001 -3.1333603e+001 -3.0712414e+001 -3.6689327e+001 -3.9047585e+001 -4.2702202e+001
  7.5333333e-001 -3.1283838e+001 -3.0775034e+001 -3.6972404e+001 -3.9327541e+001 -4.2901669e+001
  7.6000000e-001 -3.1249926e+001 -3.0391132e+001 -3.7205330e+001 -3.9636776e+001 -4.3141468e+001
  7.6666667e-001 -3.1202404e+001 -3.0428360e+001 -3.7466759e+001 -3.9990192e+001 -4.3383781e+001
  7.7333333e-001 -3.1137238e+001 -3.0430952e+001 -3.7720131e+001 -4.0201679e+001 -4.3575130e+001
  7.8000000e-001 -3.1077248e+001 -3.0489380e+001 -3.7910202e+001 -4.0420601e+001 -4.3766273e+001
  7.8666667e-001 -3.1004356e+001 -3.0840969e+001 -3.8163040e+001 -4.0515518e+001 -4.3999069e+001
  7.9333333e-001 -3.0924669e+001 -3.0824982e+001 -3.8433907e+001 -4.0679958e+001 -4.4069805e+001
  8.0000000e-001 -3.0842915e+001 -3.0821819e+001 -3.8340111e+001 -4.1355843e+001 -4.3760998e+001
  8.0666667e-001 -3.0743717e+001 -3.0808365e+001 -3.8609211e+001 -4.1555149e+001 -4.3747364e+001
  8.1333333e-001 -3.0627893e+001 -3.0423828e+001 -3.8856861e+001 -4.1696266e+001 -4.4099464e+001
  8.2000000e-001 -3.0481127e+001 -3.0352554e+001 -3.9086391e+001 -4.1838612e+001 -4.4127792e+001
  8.2666667e-001 -3.0301493e+001 -3.0652756e+001 -3.9715824e+001 -4.1922768e+001 -4.4082531e+001
  8.3333333e-001 -3.0099112e+001 -3.0573648e+001 -3.9992504e+001 -4.1964497e+001 -4.4026703e+001
  8.4000000e-001 -2.9906195e+001 -3.0473049e+001 -4.0220470e+001 -4.1999546e+001 -4.3976910e+001
  8.4666667e-001 -2.9708109e+001 -3.0354536e+001 -4.0415962e+001 -4.2029274e+001 -4.3940315e+001
  8.5333333e-001 -2.9474064e+001 -3.0250414e+001 -4.0570499e+001 -4.2037113e+001 -4.3927872e+001
  8.6000000e-001 -2.9275721e+001 -3.0114943e+001 -4.0658424e+001 -4.2066338e+001 -4.3940002e+001
  8.6666667e-001 -2.8771292e+001 -2.9521988e+001 -4.0700275e+001 -4.1967072e+001 -4.3934704e+001
  8.7333333e-001 -2.8601297e+001 -2.9367632e+001 -4.0674427e+001 -4.1901276e+001 -4.3901012e+001
  8.8000000e-001 -2.8765703e+001 -2.9196398e+001 -4.0560463e+001 -4.1874138e+001 -4.3845760e+001
  8.8666667e-001 -2.8232950e+001 -2.9030210e+001 -4.0368828e+001 -4.1868923e+001 -4.3767960e+001
  8.9333333e-001 -2.8077372e+001 -2.8827927e+001 -4.0151180e+001 -4.1847740e+001 -4.3643841e+001
  9.0000000e-001 -2.7903763e+001 -2.8661150e+001 -3.9880928e+001 -4.1807323e+001 -4.3477066e+001
  9.0666667e-001 -2.7739779e+001 -2.8496580e+001 -3.9537647e+001 -4.1743011e+001 -4.3287666e+001
  9.1333333e-001 -2.7906368e+001 -2.8790464e+001 -3.9172298e+001 -4.1645844e+001 -4.3060375e+001
  9.2000000e-001 -2.7731319e+001 -2.8590733e+001 -3.8779022e+001 -4.1506512e+001 -4.2814568e+001
  9.2666667e-001 -2.7573048e+001 -2.8438425e+001 -3.8373936e+001 -4.1323658e+001 -4.2560677e+001
  9.3333333e-001 -2.7445286e+001 -2.8327736e+001 -3.7987926e+001 -4.1179218e+001 -4.2311234e+001
  9.4000000e-001 -2.7359972e+001 -2.8177250e+001 -3.7592880e+001 -4.1026436e+001 -4.2066116e+001
  9.4666667e-001 -2.7276598e+001 -2.8032297e+001 -3.7178802e+001 -4.0845211e+001 -4.1814674e+001
  9.5333333e-001 -2.7192646e+001 -2.7937876e+001 -3.6756149e+001 -4.0674007e+001 -4.1557789e+001
  9.6000000e-001 -2.7124580e+001 -2.7852373e+001 -3.6341724e+001 -4.0483784e+001 -4.1296173e+001
  9.6666667e-001 -2.7052532e+001 -2.7754114e+001 -3.5932423e+001 -4.0393826e+001 -4.1037533e+001
  9.7333333e-001 -2.7007948e+001 -2.7240730e+001 -3.5511040e+001 -4.0327415e+001 -4.0770199e+001
  9.8000000e-001 -2.6941259e+001 -2.7107563e+001 -3.5079323e+001 -4.0057034e+001 -4.0493843e+001
  9.8666667e-001 -2.6890352e+001 -2.6994690e+001 -3.4660839e+001 -3.9713825e+001 -4.0233566e+001
  9.9333333e-001 -2.6844917e+001 -2.6908239e+001 -3.4245556e+001 -3.9462166e+001 -3.9988483e+001
  1.0000000e+000 -2.6773716e+001 -2.7244247e+001 -3.3823845e+001 -3.9185516e+001 -3.9753178e+001
  1.0066667e+000 -2.6737234e+001 -2.7207666e+001 -3.3421303e+001 -3.8846165e+001 -3.9531132e+001
  1.0133333e+000 -2.6695034e+001 -2.7149599e+001 -3.3062782e+001 -3.8599453e+001 -3.9307594e+001
  1.0200000e+000 -2.6348955e+001 -2.7074749e+001 -3.2756577e+001 -3.8496960e+001 -3.9060829e+001
  1.0266667e+000 -2.6316521e+001 -2.6991060e+001 -3.2518368e+001 -3.8296139e+001 -3.8805271e+001
  1.0333333e+000 -2.6631285e+001 -2.6519054e+001 -3.2369656e+001 -3.7864258e+001 -3.8540279e+001
  1.0400000e+000 -2.6615030e+001 -2.6460875e+001 -3.2295963e+001 -3.7602112e+001 -3.8239117e+001
  1.0466667e+000 -2.6633173e+001 -2.6851538e+001 -3.2277927e+001 -3.7336308e+001 -3.7912949e+001
  1.0533333e+000 -2.6632925e+001 -2.6800758e+001 -3.2284245e+001 -3.7039314e+001 -3.7579834e+001
  1.0600000e+000 -2.6308167e+001 -2.6740694e+001 -3.2280895e+001 -3.6724678e+001 -3.7244446e+001
  1.0666667e+000 -2.6318991e+001 -2.6694006e+001 -3.2246384e+001 -3.6454983e+001 -3.6910145e+001
  1.0733333e+000 -2.6411112e+001 -2.6678347e+001 -3.2186096e+001 -3.6432583e+001 -3.6571007e+001
  1.0800000e+000 -2.6423792e+001 -2.6649670e+001 -3.2112133e+001 -3.6161339e+001 -3.6214863e+001
  1.0866667e+000 -2.6402626e+001 -2.6625050e+001 -3.2020176e+001 -3.5924911e+001 -3.5831181e+001
  1.0933333e+000 -2.6429243e+001 -2.6588623e+001 -3.1928082e+001 -3.5698605e+001 -3.5424648e+001
  1.1000000e+000 -2.6468794e+001 -2.6571198e+001 -3.1838078e+001 -3.5468910e+001 -3.5016567e+001
  1.1066667e+000 -2.6434061e+001 -2.6563204e+001 -3.1767822e+001 -3.5222393e+001 -3.4603752e+001
  1.1133333e+000 -2.6672228e+001 -2.6061008e+001 -3.1719395e+001 -3.4967953e+001 -3.4190685e+001
  1.1200000e+000 -2.6325899e+001 -2.6025953e+001 -3.1662407e+001 -3.4710785e+001 -3.3790184e+001
  1.1266667e+000 -2.6223593e+001 -2.5968370e+001 -3.1597500e+001 -3.4452862e+001 -3.3396717e+001
  1.1333333e+000 -2.6188540e+001 -2.5926092e+001 -3.1533184e+001 -3.4214085e+001 -3.3009811e+001
  1.1400000e+000 -2.6214069e+001 -2.5859503e+001 -3.1464830e+001 -3.3978703e+001 -3.2639271e+001
  1.1466667e+000 -2.6128605e+001 -2.5799559e+001 -3.1395658e+001 -3.3748337e+001 -3.2271164e+001
  1.1533333e+000 -2.6379719e+001 -2.5733379e+001 -3.1325649e+001 -3.3556808e+001 -3.1892508e+001
  1.1600000e+000 -2.5942041e+001 -2.5654675e+001 -3.1259909e+001 -3.3362789e+001 -3.1505730e+001
  1.1666667e+000 -2.5862488e+001 -2.5656618e+001 -3.1160891e+001 -3.3181683e+001 -3.1069223e+001
  1.1733333e+000 -2.5781858e+001 -2.5945309e+001 -3.1051558e+001 -3.3013641e+001 -3.0574781e+001
  1.1800000e+000 -2.5746996e+001 -2.5936026e+001 -3.0926018e+001 -3.2842606e+001 -3.0045771e+001
  1.1866667e+000 -2.5818199e+001 -2.5949003e+001 -3.0768763e+001 -3.2667538e+001 -2.9524668e+001
  1.1933333e+000 -2.5786551e+001 -2.5963469e+001 -3.0304888e+001 -3.2494926e+001 -2.9021446e+001
  1.2000000e+000 -2.5801128e+001 -2.5932816e+001 -3.0677286e+001 -3.2336895e+001 -2.8563940e+001
  1.2066667e+000 -2.5824806e+001 -2.5920116e+001 -3.0512020e+001 -3.2178398e+001 -2.8178095e+001
  1.2133333e+000 -2.5819462e+001 -2.5938602e+001 -3.0217539e+001 -3.2010395e+001 -2.7825897e+001
  1.2200000e+000 -2.5840534e+001 -2.5953136e+001 -3.0185820e+001 -3.1843760e+001 -2.7500814e+001
  1.2266667e+000 -2.5906605e+001 -2.5980089e+001 -3.0090538e+001 -3.1671734e+001 -2.7186083e+001
  1.2333333e+000 -2.6228590e+001 -2.5983543e+001 -2.9954346e+001 -3.1509272e+001 -2.6875687e+001
  1.2400000e+000 -2.6242151e+001 -2.5957439e+001 -2.9923944e+001 -3.1363928e+001 -2.6547884e+001
  1.2466667e+000 -2.6273514e+001 -2.5921709e+001 -2.9817413e+001 -3.1226198e+001 -2.6229820e+001
  1.2533333e+000 -2.6326370e+001 -2.5887962e+001 -2.9612736e+001 -3.1091541e+001 -2.5937815e+001
  1.2600000e+000 -2.6369356e+001 -2.5882084e+001 -2.9465960e+001 -3.0946777e+001 -2.5666380e+001
  1.2666667e+000 -2.6360594e+001 -2.5897573e+001 -2.9398712e+001 -3.0826057e+001 -2.5407885e+001
  1.2733333e+000 -2.6379080e+001 -2.5905544e+001 -2.9314480e+001 -3.0725941e+001 -2.5140511e+001
  1.2800000e+000 -2.6454710e+001 -2.5917803e+001 -2.9237150e+001 -3.0623665e+001 -2.4885012e+001
  1.2866667e+000 -2.6490217e+001 -2.5925850e+001 -2.9222466e+001 -3.0520773e+001 -2.4607311e+001
  1.2933333e+000 -2.6490314e+001 -2.5940075e+001 -2.9238209e+001 -3.0421896e+001 -2.4281633e+001
  1.3000000e+000 -2.6508242e+001 -2.5953915e+001 -2.9258253e+001 -3.0330875e+001 -2.3905735e+001
  1.3066667e+000 -2.6504625e+001 -2.5626982e+001 -2.9277559e+001 -3.0228205e+001 -2.3444641e+001
  1.3133333e+000 -2.6492020e+001 -2.5816750e+001 -2.9274368e+001 -3.0127880e+001 -2.2942835e+001
  1.3200000e+000 -2.6463339e+001 -2.5881029e+001 -2.9181686e+001 -3.0034172e+001 -2.2458509e+001
  1.3266667e+000 -2.6447069e+001 -2.5971418e+001 -2.9024042e+001 -2.9948881e+001 -2.2046659e+001
  1.3333333e+000 -2.6417053e+001 -2.6005341e+001 -2.8860514e+001 -2.9869692e+001 -2.1715576e+001
  1.3400000e+000 -2.6400747e+001 -2.5960773e+001 -2.8715536e+001 -2.9788092e+001 -2.1428343e+001
  1.3466667e+000 -2.6384340e+001 -2.6051582e+001 -2.8536909e+001 -2.9702652e+001 -2.1171358e+001
  1.3533333e+000 -2.6324394e+001 -2.6180609e+001 -2.8407154e+001 -2.9621531e+001 -2.0942621e+001
  1.3600000e+000 -2.6223955e+001 -2.6210377e+001 -2.8412195e+001 -2.9561533e+001 -2.0735434e+001
  1.3666667e+000 -2.6196325e+001 -2.6237232e+001 -2.8226681e+001 -2.9491325e+001 -2.0549711e+001
  1.3733333e+000 -2.6182259e+001 -2.6302082e+001 -2.8094734e+001 -2.9400518e+001 -2.0413322e+001
  1.3800000e+000 -2.6164917e+001 -2.6723423e+001 -2.7929144e+001 -2.9320854e+001 -2.0337114e+001
  1.3866667e+000 -2.6133568e+001 -2.6756727e+001 -2.7704580e+001 -2.9260815e+001 -2.0321497e+001
  1.3933333e+000 -2.6062857e+001 -2.6813389e+001 -2.7491043e+001 -2.9199083e+001 -2.0355766e+001
  1.4000000e+000 -2.6039337e+001 -2.6395128e+001 -2.7324312e+001 -2.9130219e+001 -2.0433155e+001
  1.4066667e+000 -2.5972651e+001 -2.6486269e+001 -2.7182892e+001 -2.9061478e+001 -2.0517208e+001
  1.4133333e+000 -2.5928055e+001 -2.7009012e+001 -2.7041946e+001 -2.9001278e+001 -2.0589134e+001
  1.4200000e+000 -2.5962397e+001 -2.6622061e+001 -2.6904634e+001 -2.8922249e+001 -2.0612152e+001
  1.4266667e+000 -2.5948097e+001 -2.6625479e+001 -2.6794367e+001 -2.8848249e+001 -2.0619856e+001
  1.4333333e+000 -2.5894461e+001 -2.6685188e+001 -2.6668989e+001 -2.8769358e+001 -2.0538618e+001
  1.4400000e+000 -2.5930614e+001 -2.6759014e+001 -2.6529617e+001 -2.8660372e+001 -2.0632505e+001
  1.4466667e+000 -2.5948889e+001 -2.6829737e+001 -2.6391155e+001 -2.8559410e+001 -2.0715115e+001
  1.4533333e+000 -2.5919657e+001 -2.6883383e+001 -2.6239521e+001 -2.8463066e+001 -2.0818953e+001
  1.4600000e+000 -2.5937885e+001 -2.6956173e+001 -2.6110916e+001 -2.8367676e+001 -2.0797619e+001
  1.4666667e+000 -2.5976143e+001 -2.7063938e+001 -2.6028526e+001 -2.8300020e+001 -2.1157984e+001
  1.4733333e+000 -2.6029325e+001 -2.7099787e+001 -2.5966898e+001 -2.8231447e+001 -2.1696186e+001
  1.4800000e+000 -2.6024935e+001 -2.7080473e+001 -2.5911901e+001 -2.8176497e+001 -2.2167448e+001
  1.4866667e+000 -2.6036671e+001 -2.7174261e+001 -2.5840277e+001 -2.8113237e+001 -2.2617136e+001
  1.4933333e+000 -2.6055376e+001 -2.7263145e+001 -2.5739120e+001 -2.8051376e+001 -2.3214012e+001
  1.5000000e+000 -2.6058842e+001 -2.7344837e+001 -2.5612934e+001 -2.8028908e+001 -2.3960978e+001
  1.5066667e+000 -2.6139517e+001 -2.7446783e+001 -2.5471649e+001 -2.8014372e+001 -2.4865393e+001
  1.5133333e+000 -2.6231091e+001 -2.7466898e+001 -2.4884806e+001 -2.7991348e+001 -2.5859806e+001
  1.5200000e+000 -2.6264750e+001 -2.7524929e+001 -2.5123850e+001 -2.7974737e+001 -2.6875895e+001
  1.5266667e+000 -2.6277628e+001 -2.7580475e+001 -2.5037067e+001 -2.7957672e+001 -2.7816965e+001
  1.5333333e+000 -2.6291506e+001 -2.7601612e+001 -2.4998314e+001 -2.7935749e+001 -2.8797365e+001
  1.5400000e+000 -2.6367416e+001 -2.7698364e+001 -2.4954205e+001 -2.7905350e+001 -2.9805115e+001
  1.5466667e+000 -2.6412054e+001 -2.7751501e+001 -2.4932951e+001 -2.7885860e+001 -3.0771782e+001
  1.5533333e+000 -2.6420792e+001 -2.7783752e+001 -2.4948320e+001 -2.7866365e+001 -3.1606588e+001
  1.5600000e+000 -2.6459072e+001 -2.7871584e+001 -2.4975197e+001 -2.7817060e+001 -3.2409409e+001
  1.5666667e+000 -2.6497232e+001 -2.7966297e+001 -2.5004528e+001 -2.7781729e+001 -3.3301388e+001
  1.5733333e+000 -2.6531153e+001 -2.8032146e+001 -2.5046618e+001 -2.7767164e+001 -3.4295612e+001
  1.5800000e+000 -2.6558285e+001 -2.8065928e+001 -2.5082342e+001 -2.7751364e+001 -3.5356285e+001
  1.5866667e+000 -2.6557438e+001 -2.8082462e+001 -2.5116051e+001 -2.7741711e+001 -3.6559048e+001
  1.5933333e+000 -2.6594324e+001 -2.8153940e+001 -2.5154947e+001 -2.7728245e+001 -3.7903141e+001
  1.6000000e+000 -2.6651802e+001 -2.8217976e+001 -2.5182018e+001 -2.7729263e+001 -3.9243877e+001
  1.6066667e+000 -2.6734362e+001 -2.8239870e+001 -2.5188925e+001 -2.7724068e+001 -4.0625561e+001
  1.6133333e+000 -2.6765827e+001 -2.8252333e+001 -2.5208120e+001 -2.7689470e+001 -4.1995731e+001
  1.6200000e+000 -2.6741686e+001 -2.8278225e+001 -2.5230223e+001 -2.7666046e+001 -4.3503334e+001
  1.6266667e+000 -2.6768688e+001 -2.8332855e+001 -2.5249889e+001 -2.7658546e+001 -4.5015316e+001
  1.6333333e+000 -2.6823145e+001 -2.8350895e+001 -2.5273207e+001 -2.7653099e+001 -4.6456104e+001
  1.6400000e+000 -2.6889408e+001 -2.8368896e+001 -2.5293333e+001 -2.7654716e+001 -4.7831558e+001
  1.6466667e+000 -2.6919121e+001 -2.8396576e+001 -2.5306608e+001 -2.7647495e+001 -4.9277542e+001
  1.6533333e+000 -2.6908304e+001 -2.8407366e+001 -2.5324533e+001 -2.7665970e+001 -5.0815952e+001
  1.6600000e+000 -2.6926498e+001 -2.8486246e+001 -2.5364689e+001 -2.7703281e+001             NaN
  1.6666667e+000 -2.6982988e+001 -2.8567301e+001 -2.5372904e+001 -2.7735912e+001             NaN
  1.6733333e+000 -2.7028847e+001 -2.8627016e+001 -2.5368484e+001 -2.7760300e+001             NaN
  1.6800000e+000 -2.7017118e+001 -2.8664591e+001 -2.5391567e+001 -2.7792301e+001             NaN
  1.6866667e+000 -2.7012962e+001 -2.8658142e+001 -2.5402849e+001 -2.7964298e+001             NaN
  1.6933333e+000 -2.7010475e+001 -2.8647226e+001 -2.5412987e+001 -2.7999781e+001             NaN
  1.7000000e+000 -2.7058315e+001 -2.8678066e+001 -2.5436655e+001 -2.7902931e+001             NaN
  1.7066667e+000 -2.7088385e+001 -2.8699780e+001 -2.5466385e+001 -2.8093443e+001             NaN
  1.7133333e+000 -2.7060705e+001 -2.8716591e+001 -2.5503513e+001 -2.8126074e+001             NaN
  1.7200000e+000 -2.7073822e+001 -2.8707561e+001 -2.5533068e+001 -2.8133501e+001             NaN
  1.7266667e+000 -2.7138309e+001 -2.8725019e+001 -2.5568581e+001 -2.8124210e+001             NaN
  1.7333333e+000 -2.7207172e+001 -2.8752556e+001 -2.5602043e+001 -2.8161737e+001             NaN
  1.7400000e+000 -2.7261635e+001 -2.8726830e+001 -2.5631338e+001 -2.8199602e+001             NaN
  1.7466667e+000 -2.7252609e+001 -2.8710974e+001 -2.5680550e+001 -2.8214441e+001 -6.7680252e+001
  1.7533333e+000 -2.7214117e+001 -2.8695560e+001 -2.5741255e+001 -2.8230742e+001 -6.8127510e+001
  1.7600000e+000 -2.7274853e+001 -2.8681444e+001 -2.5799948e+001 -2.8254677e+001 -6.8377983e+001
  1.7666667e+000 -2.7311958e+001 -2.8692795e+001 -2.5866253e+001 -2.8268612e+001 -6.8483116e+001
  1.7733333e+000 -2.7308594e+001 -2.8746733e+001 -2.5939163e+001 -2.8295925e+001 -6.8467934e+001
  1.7800000e+000 -2.7340570e+001 -2.8772387e+001 -2.6001980e+001 -2.8332792e+001 -6.8330589e+001
  1.7866667e+000 -2.7376831e+001 -2.8811132e+001 -2.6051353e+001 -2.8361914e+001 -6.8211143e+001
  1.7933333e+000 -2.7402294e+001 -2.8841448e+001 -2.6105127e+001 -2.8391645e+001 -6.8153107e+001
  1.8000000e+000 -2.7424650e+001 -2.8797556e+001 -2.6177706e+001 -2.8443872e+001 -6.8105850e+001
  1.8066667e+000 -2.7398567e+001 -2.8825058e+001 -2.6248598e+001 -2.8456163e+001 -6.8096069e+001
  1.8133333e+000 -2.7357124e+001 -2.8879318e+001 -2.6353260e+001 -2.8468765e+001 -6.8225876e+001
  1.8200000e+000 -2.7380255e+001 -2.8925472e+001 -2.6507133e+001 -2.8486391e+001 -6.8427559e+001
  1.8266667e+000 -2.7477724e+001 -2.8900869e+001 -2.6661167e+001 -2.8505430e+001 -6.8694954e+001
  1.8333333e+000 -2.7482224e+001 -2.8922989e+001 -2.6776646e+001 -2.8530144e+001 -6.9090317e+001
  1.8400000e+000 -2.7427561e+001 -2.8914909e+001 -2.6883007e+001 -2.8575850e+001 -6.9532463e+001
  1.8466667e+000 -2.7369158e+001 -2.8972675e+001 -2.7007269e+001 -2.8628172e+001 -7.0004822e+001
  1.8533333e+000 -2.7330627e+001 -2.9035244e+001 -2.7138683e+001 -2.8663418e+001 -7.0482857e+001
  1.8600000e+000 -2.7376450e+001 -2.9046309e+001 -2.7226208e+001 -2.8718084e+001 -7.0998444e+001
  1.8666667e+000 -2.7374361e+001 -2.9049761e+001 -2.7296856e+001 -2.8755766e+001 -7.1553619e+001
  1.8733333e+000 -2.7382101e+001 -2.9117159e+001 -2.7333448e+001 -2.8261654e+001 -7.2118034e+001
  1.8800000e+000 -2.7379465e+001 -2.9144857e+001 -2.7313225e+001 -2.8311731e+001 -7.2723351e+001
  1.8866667e+000 -2.7370646e+001 -2.9135969e+001 -2.7298365e+001 -2.8389446e+001 -7.3381248e+001
  1.8933333e+000 -2.7394426e+001 -2.9149565e+001 -2.7276932e+001 -2.8457134e+001 -7.4073242e+001
  1.9000000e+000 -2.7405539e+001 -2.9155497e+001 -2.7259184e+001 -2.8472378e+001 -7.4827194e+001
  1.9066667e+000 -2.7408430e+001 -2.9137232e+001 -2.6922775e+001 -2.8489622e+001 -7.5606583e+001
  1.9133333e+000 -2.7403973e+001 -2.9190754e+001 -2.6949705e+001 -2.8462109e+001 -7.6361862e+001
  1.9200000e+000 -2.7382952e+001 -2.9218737e+001 -2.6969721e+001 -2.8450951e+001 -7.7082191e+001
  1.9266667e+000 -2.7399405e+001 -2.9174980e+001 -2.7006262e+001 -2.8483030e+001 -7.7683441e+001
  1.9333333e+000 -2.7409761e+001 -2.9200790e+001 -2.7094547e+001 -2.8484835e+001 -7.8192513e+001
  1.9400000e+000 -2.7447311e+001 -2.9218262e+001 -2.7140245e+001 -2.8483463e+001 -7.8519012e+001
  1.9466667e+000 -2.7467541e+001 -2.9223061e+001 -2.7519354e+001 -2.8490768e+001 -7.8636269e+001
  1.9533333e+000 -2.7512411e+001 -2.9246523e+001 -2.7568445e+001 -2.8466093e+001 -7.8758972e+001
  1.9600000e+000 -2.7502436e+001 -2.9270267e+001 -2.7634941e+001 -2.8422003e+001 -7.8762146e+001
  1.9666667e+000 -2.7479544e+001 -2.9220102e+001 -2.7685480e+001 -2.8440680e+001 -7.8651649e+001
  1.9733333e+000 -2.7499823e+001 -2.9197075e+001 -2.7657246e+001 -2.8435278e+001 -7.8577217e+001
  1.9800000e+000 -2.7485502e+001 -2.9175501e+001 -2.7699238e+001 -2.8468641e+001 -7.8489960e+001
  1.9866667e+000 -2.7491026e+001 -2.9165264e+001 -2.7789669e+001 -2.8533010e+001 -7.8348862e+001
  1.9933333e+000 -2.7539280e+001 -2.9187140e+001 -2.7817102e+001 -2.8479982e+001 -7.8122635e+001
  2.0000000e+000 -2.7584463e+001 -2.9148605e+001 -2.7839785e+001 -2.8453384e+001 -7.7672401e+001
