 -5.0000000e-001 -4.5775140e+000 -7.2842450e+000 -6.3430630e+000 -1.1824639e+001 -1.0904672e+001
 -4.9333333e-001 -4.5473210e+000 -7.2961870e+000 -6.3084560e+000 -1.1804499e+001 -1.0895242e+001
 -4.8666667e-001 -4.5632270e+000 -7.2888710e+000 -6.3004850e+000 -1.1813856e+001 -1.0900796e+001
 -4.8000000e-001 -4.5806980e+000 -7.2922720e+000 -6.2810180e+000 -1.1817632e+001 -1.0887085e+001
 -4.7333333e-001 -4.5935190e+000 -7.2945180e+000 -6.2619300e+000 -1.1791373e+001 -1.0899505e+001
 -4.6666667e-001 -4.5892830e+000 -7.3134120e+000 -6.2434030e+000 -1.1801270e+001 -1.0891159e+001
 -4.6000000e-001 -4.5979910e+000 -7.3067810e+000 -6.2426580e+000 -1.1803735e+001 -1.0878977e+001
 -4.5333333e-001 -4.5829410e+000 -7.3186330e+000 -6.2337050e+000 -1.1808388e+001 -1.0884539e+001
 -4.4666667e-001 -4.5897500e+000 -7.3193970e+000 -6.2341190e+000 -1.1794789e+001 -1.0887580e+001
 -4.4000000e-001 -4.5940500e+000 -7.3144620e+000 -6.2407520e+000 -1.1781525e+001 -1.0886713e+001
 -4.3333333e-001 -4.5969090e+000 -7.3093810e+000 -6.2270550e+000 -1.1796678e+001 -1.0898046e+001
 -4.2666667e-001 -4.5969120e+000 -7.3320010e+000 -6.2347500e+000 -1.1785522e+001 -1.0899453e+001
 -4.2000000e-001 -4.5819750e+000 -7.3254790e+000 -6.2253680e+000 -1.1776303e+001 -1.0901069e+001
 -4.1333333e-001 -4.6076330e+000 -7.3409340e+000 -6.2510310e+000 -1.1771916e+001 -1.0897869e+001
 -4.0666667e-001 -4.5997610e+000 -7.3145040e+000 -6.2388410e+000 -1.1760238e+001 -1.0900234e+001
 -4.0000000e-001 -4.6034970e+000 -7.3170620e+000 -6.2431970e+000 -1.1760805e+001 -1.0906693e+001
 -3.9333333e-001 -4.6037390e+000 -7.3116650e+000 -6.2270120e+000 -1.1757766e+001 -1.0902882e+001
 -3.8666667e-001 -4.5968770e+000 -7.3181990e+000 -6.2169290e+000 -1.1736139e+001 -1.0899040e+001
 -3.8000000e-001 -4.5919700e+000 -7.3222050e+000 -6.2017630e+000 -1.1731009e+001 -1.0903986e+001
 -3.7333333e-001 -4.5916540e+000 -7.3106230e+000 -6.2198230e+000 -1.1734521e+001 -1.0909479e+001
 -3.6666667e-001 -4.5910630e+000 -7.3131540e+000 -6.2156240e+000 -1.1742968e+001 -1.0889081e+001
 -3.6000000e-001 -4.5880560e+000 -7.3198090e+000 -6.2121870e+000 -1.1732327e+001 -1.0903275e+001
 -3.5333333e-001 -4.6008540e+000 -7.3157440e+000 -6.2110260e+000 -1.1716684e+001 -1.0903729e+001
 -3.4666667e-001 -4.5866890e+000 -7.2956720e+000 -6.2166620e+000 -1.1728252e+001 -1.0908607e+001
 -3.4000000e-001 -4.6013200e+000 -7.3096790e+000 -6.2114380e+000 -1.1741333e+001 -1.0907724e+001
 -3.3333333e-001 -4.5941440e+000 -7.3139190e+000 -6.1944380e+000 -1.1746585e+001 -1.0897092e+001
 -3.2666667e-001 -4.5894670e+000 -7.3016750e+000 -6.1770660e+000 -1.1742220e+001 -1.0899039e+001
 -3.2000000e-001 -4.5903040e+000 -7.3004740e+000 -6.1733410e+000 -1.1759541e+001 -1.0898964e+001
 -3.1333333e-001 -4.5833590e+000 -7.3005120e+000 -6.1765380e+000 -1.1753339e+001 -1.0897070e+001
 -3.0666667e-001 -4.5843880e+000 -7.2976390e+000 -6.1766520e+000 -1.1756849e+001 -1.0896688e+001
 -3.0000000e-001 -4.6055620e+000 -7.2924890e+000 -6.1707960e+000 -1.1778154e+001 -1.0897689e+001
 -2.9333333e-001 -4.5907480e+000 -7.2941100e+000 -6.1704360e+000 -1.1758159e+001 -1.0910425e+001
 -2.8666667e-001 -4.5895540e+000 -7.2885160e+000 -6.1561980e+000 -1.1766890e+001 -1.0899755e+001
 -2.8000000e-001 -4.6022370e+000 -7.2993990e+000 -6.1724280e+000 -1.1761693e+001 -1.0899051e+001
 -2.7333333e-001 -4.6040320e+000 -7.2920730e+000 -6.1656170e+000 -1.1751177e+001 -1.0888572e+001
 -2.6666667e-001 -4.6091490e+000 -7.2844960e+000 -6.1585940e+000 -1.1741690e+001 -1.0903050e+001
 -2.6000000e-001 -4.5982910e+000 -7.2930000e+000 -6.1606040e+000 -1.1748386e+001 -1.0892176e+001
 -2.5333333e-001 -4.6076640e+000 -7.2824670e+000 -6.1671370e+000 -1.1735725e+001 -1.0893465e+001
 -2.4666667e-001 -4.6197790e+000 -7.2867750e+000 -6.1532640e+000 -1.1748784e+001 -1.0899070e+001
 -2.4000000e-001 -4.6380590e+000 -7.2955680e+000 -6.1372270e+000 -1.1738159e+001 -1.0895608e+001
 -2.3333333e-001 -4.6303330e+000 -7.2910330e+000 -6.1394440e+000 -1.1750479e+001 -1.0897283e+001
 -2.2666667e-001 -4.6496210e+000 -7.2954560e+000 -6.1166880e+000 -1.1745199e+001 -1.0901427e+001
 -2.2000000e-001 -4.6454850e+000 -7.2798190e+000 -6.1177790e+000 -1.1749834e+001 -1.0900567e+001
 -2.1333333e-001 -4.6653240e+000 -7.3058470e+000 -6.1225390e+000 -1.1746598e+001 -1.0887555e+001
 -2.0666667e-001 -4.6576180e+000 -7.2916300e+000 -6.1039250e+000 -1.1754494e+001 -1.0899683e+001
 -2.0000000e-001 -4.6606560e+000 -7.3004090e+000 -6.1065070e+000 -1.1750376e+001 -1.0887256e+001
 -1.9333333e-001 -4.6649660e+000 -7.2930230e+000 -6.1043700e+000 -1.1752502e+001 -1.0887191e+001
 -1.8666667e-001 -4.6795200e+000 -7.2871770e+000 -6.0748900e+000 -1.1738992e+001 -1.0899755e+001
 -1.8000000e-001 -4.6834190e+000 -7.2856960e+000 -6.0711930e+000 -1.1744641e+001 -1.0887939e+001
 -1.7333333e-001 -4.7033830e+000 -7.3003970e+000 -6.0352670e+000 -1.1755171e+001 -1.0910661e+001
 -1.6666667e-001 -4.6991410e+000 -7.2840720e+000 -6.0332210e+000 -1.1754538e+001 -1.0906226e+001
 -1.6000000e-001 -4.7056160e+000 -7.2625450e+000 -6.0317420e+000 -1.1760324e+001 -1.0910747e+001
 -1.5333333e-001 -4.7020490e+000 -7.2791570e+000 -6.0073380e+000 -1.1750850e+001 -1.0906824e+001
 -1.4666667e-001 -4.7056740e+000 -7.2858450e+000 -6.0046020e+000 -1.1746238e+001 -1.0895692e+001
 -1.4000000e-001 -4.7023730e+000 -7.2780170e+000 -5.9996900e+000 -1.1753765e+001 -1.0909466e+001
 -1.3333333e-001 -4.7070970e+000 -7.2670610e+000 -6.0082860e+000 -1.1744435e+001 -1.0908673e+001
 -1.2666667e-001 -4.7094490e+000 -7.2684050e+000 -5.9953650e+000 -1.1738709e+001 -1.0905979e+001
 -1.2000000e-001 -4.6986550e+000 -7.2796830e+000 -5.9898220e+000 -1.1736197e+001 -1.0910047e+001
 -1.1333333e-001 -4.7097970e+000 -7.2764400e+000 -5.9903290e+000 -1.1728343e+001 -1.0918466e+001
 -1.0666667e-001 -4.7115070e+000 -7.2677350e+000 -5.9662620e+000 -1.1746750e+001 -1.0916221e+001
 -1.0000000e-001 -4.7239480e+000 -7.2949130e+000 -5.9615780e+000 -1.1744125e+001 -1.0917110e+001
 -9.3333333e-002 -4.7273750e+000 -7.2921650e+000 -5.9682760e+000 -1.1736355e+001 -1.0933279e+001
 -8.6666667e-002 -4.7121610e+000 -7.2800240e+000 -5.9547830e+000 -1.1718034e+001 -1.0920630e+001
 -8.0000000e-002 -4.7169370e+000 -7.2890970e+000 -5.9465490e+000 -1.1707519e+001 -1.0924405e+001
 -7.3333333e-002 -4.7275320e+000 -7.2950750e+000 -5.9418700e+000 -1.1688796e+001 -1.0917638e+001
 -6.6666667e-002 -4.7339170e+000 -7.2921850e+000 -5.9546230e+000 -1.1693666e+001 -1.0923954e+001
 -6.0000000e-002 -4.7470960e+000 -7.2761430e+000 -5.9473520e+000 -1.1685373e+001 -1.0898278e+001
 -5.3333333e-002 -4.7556740e+000 -7.2700140e+000 -5.9516230e+000 -1.1678275e+001 -1.0903697e+001
 -4.6666667e-002 -4.7437390e+000 -7.2832670e+000 -5.9386240e+000 -1.1658187e+001 -1.0909537e+001
 -4.0000000e-002 -4.7553350e+000 -7.2959070e+000 -5.9492830e+000 -1.1647556e+001 -1.0910469e+001
 -3.3333333e-002 -4.7475680e+000 -7.2873320e+000 -5.9223360e+000 -1.1643015e+001 -1.0905347e+001
 -2.6666667e-002 -4.7673070e+000 -7.2864300e+000 -5.9346990e+000 -1.1650456e+001 -1.0887350e+001
 -2.0000000e-002 -4.7627580e+000 -7.2793410e+000 -5.9382350e+000 -1.1656887e+001 -1.0901182e+001
 -1.3333333e-002 -4.7905510e+000 -7.2963360e+000 -5.9361560e+000 -1.1651405e+001 -1.0902285e+001
 -6.6666667e-003 -4.7737930e+000 -7.2737060e+000 -5.9255580e+000 -1.1646625e+001 -1.0888044e+001
  0.0000000e+000 -4.7684820e+000 -7.2457060e+000 -5.8891220e+000 -1.1645105e+001 -1.0875935e+001
  6.6666667e-003 -4.7355250e+000 -7.2341740e+000 -5.8773130e+000 -1.1627863e+001 -1.0865545e+001
  1.3333333e-002 -4.6992980e+000 -7.1843790e+000 -5.8369610e+000 -1.1606371e+001 -1.0836282e+001
  2.0000000e-002 -4.6620640e+000 -7.1412760e+000 -5.7998610e+000 -1.1585263e+001 -1.0801538e+001
  2.6666667e-002 -4.6123430e+000 -7.1057310e+000 -5.7272530e+000 -1.1558845e+001 -1.0780769e+001
  3.3333333e-002 -4.5714400e+000 -7.0733920e+000 -5.6783290e+000 -1.1533144e+001 -1.0771174e+001
  4.0000000e-002 -4.5458330e+000 -7.0707620e+000 -5.6327990e+000 -1.1533202e+001 -1.0749873e+001
  4.6666667e-002 -4.5582330e+000 -7.0673170e+000 -5.6172000e+000 -1.1567799e+001 -1.0800373e+001
  5.3333333e-002 -4.5578340e+000 -7.0820280e+000 -5.6010420e+000 -1.1615573e+001 -1.0818309e+001
  6.0000000e-002 -4.5926280e+000 -7.1180760e+000 -5.5889630e+000 -1.1648824e+001 -1.0837974e+001
  6.6666667e-002 -4.6207760e+000 -7.1630400e+000 -5.6032620e+000 -1.1687248e+001 -1.0856896e+001
  7.3333333e-002 -4.6526970e+000 -7.1759540e+000 -5.5938530e+000 -1.1693317e+001 -1.0868402e+001
  8.0000000e-002 -4.6455990e+000 -7.1904140e+000 -5.5565110e+000 -1.1695211e+001 -1.0864767e+001
  8.6666667e-002 -4.6328720e+000 -7.1706390e+000 -5.5037160e+000 -1.1681242e+001 -1.0848177e+001
  9.3333333e-002 -4.5897880e+000 -7.1372840e+000 -5.4611880e+000 -1.1639180e+001 -1.0800333e+001
  1.0000000e-001 -4.5616120e+000 -7.1031570e+000 -5.4242930e+000 -1.1625986e+001 -1.0763871e+001
  1.0666667e-001 -4.5430250e+000 -7.1056520e+000 -5.3786960e+000 -1.1636593e+001 -1.0743442e+001
  1.1333333e-001 -4.5110800e+000 -7.1056180e+000 -5.3306970e+000 -1.1663215e+001 -1.0756715e+001
  1.2000000e-001 -4.5213420e+000 -7.1317720e+000 -5.3206740e+000 -1.1682717e+001 -1.0783790e+001
  1.2666667e-001 -4.5256320e+000 -7.1812580e+000 -5.3184240e+000 -1.1727151e+001 -1.0817133e+001
  1.3333333e-001 -4.5198640e+000 -7.2082480e+000 -5.3344820e+000 -1.1757003e+001 -1.0832846e+001
  1.4000000e-001 -4.5487890e+000 -7.2389720e+000 -5.3496320e+000 -1.1772706e+001 -1.0844565e+001
  1.4666667e-001 -4.5220830e+000 -7.2822870e+000 -5.3512550e+000 -1.1778489e+001 -1.0826184e+001
  1.5333333e-001 -4.5153880e+000 -7.2554380e+000 -5.3408350e+000 -1.1753773e+001 -1.0778398e+001
  1.6000000e-001 -4.4460140e+000 -7.2528630e+000 -5.2961420e+000 -1.1742970e+001 -1.0718115e+001
  1.6666667e-001 -4.3955020e+000 -7.2361920e+000 -5.2628130e+000 -1.1715834e+001 -1.0653746e+001
  1.7333333e-001 -4.3303110e+000 -7.1974500e+000 -5.2495850e+000 -1.1685595e+001 -1.0632715e+001
  1.8000000e-001 -4.2591130e+000 -7.1736960e+000 -5.2119060e+000 -1.1675074e+001 -1.0595908e+001
  1.8666667e-001 -4.2118290e+000 -7.1273620e+000 -5.2126440e+000 -1.1638008e+001 -1.0581047e+001
  1.9333333e-001 -4.1579700e+000 -7.1222700e+000 -5.2288620e+000 -1.1642666e+001 -1.0557370e+001
  2.0000000e-001 -4.1389300e+000 -7.1235070e+000 -5.2228420e+000 -1.1651134e+001 -1.0554435e+001
  2.0666667e-001 -4.1155800e+000 -7.1366880e+000 -5.2372570e+000 -1.1629792e+001 -1.0542088e+001
  2.1333333e-001 -4.0891670e+000 -7.1093070e+000 -5.2928980e+000 -1.1637061e+001 -1.0538239e+001
  2.2000000e-001 -4.0697750e+000 -7.0700240e+000 -5.3171830e+000 -1.1602897e+001 -1.0526424e+001
  2.2666667e-001 -4.0040210e+000 -7.0053140e+000 -5.3206140e+000 -1.1595903e+001 -1.0518441e+001
  2.3333333e-001 -3.9305920e+000 -6.9284550e+000 -5.3496670e+000 -1.1569362e+001 -1.0504744e+001
  2.4000000e-001 -3.8563860e+000 -6.8263640e+000 -5.3430550e+000 -1.1525568e+001 -1.0467673e+001
  2.4666667e-001 -3.7595380e+000 -6.7141570e+000 -5.3393600e+000 -1.1512443e+001 -1.0450536e+001
  2.5333333e-001 -3.6719870e+000 -6.5974220e+000 -5.2987150e+000 -1.1475555e+001 -1.0457287e+001
  2.6000000e-001 -3.5969560e+000 -6.4727850e+000 -5.2908200e+000 -1.1474362e+001 -1.0444648e+001
  2.6666667e-001 -3.5192850e+000 -6.3615300e+000 -5.3306890e+000 -1.1451788e+001 -1.0447326e+001
  2.7333333e-001 -3.4561410e+000 -6.2702590e+000 -5.3482800e+000 -1.1467325e+001 -1.0493739e+001
  2.8000000e-001 -3.3953650e+000 -6.1599340e+000 -5.3952050e+000 -1.1433678e+001 -1.0553238e+001
  2.8666667e-001 -3.3133590e+000 -6.0873910e+000 -5.4344160e+000 -1.1445025e+001 -1.0622238e+001
  2.9333333e-001 -3.2205980e+000 -6.0620330e+000 -5.5427160e+000 -1.1441745e+001 -1.0663707e+001
  3.0000000e-001 -3.1059320e+000 -6.0872050e+000 -5.6877060e+000 -1.1473395e+001 -1.0689483e+001
  3.0666667e-001 -2.9990050e+000 -6.1268560e+000 -5.8038800e+000 -1.1499538e+001 -1.0716314e+001
  3.1333333e-001 -2.8775690e+000 -6.2083460e+000 -5.9254890e+000 -1.1543213e+001 -1.0785803e+001
  3.2000000e-001 -2.7661510e+000 -6.3239930e+000 -6.0702520e+000 -1.1604564e+001 -1.0829412e+001
  3.2666667e-001 -2.6518360e+000 -6.4513750e+000 -6.2331970e+000 -1.1684463e+001 -1.0894730e+001
  3.3333333e-001 -2.5533960e+000 -6.5855970e+000 -6.4020880e+000 -1.1767438e+001 -1.0931079e+001
  3.4000000e-001 -2.4517290e+000 -6.6982680e+000 -6.5346650e+000 -1.1820327e+001 -1.0923244e+001
  3.4666667e-001 -2.3693100e+000 -6.8149940e+000 -6.6379930e+000 -1.1866712e+001 -1.0874118e+001
  3.5333333e-001 -2.2439360e+000 -6.9093560e+000 -6.7198370e+000 -1.1866531e+001 -1.0790157e+001
  3.6000000e-001 -2.1535070e+000 -6.9785690e+000 -6.7921490e+000 -1.1877884e+001 -1.0720848e+001
  3.6666667e-001 -2.0780870e+000 -7.0453630e+000 -6.8693660e+000 -1.1899964e+001 -1.0662165e+001
  3.7333333e-001 -1.9972370e+000 -7.1303830e+000 -6.9579850e+000 -1.1923950e+001 -1.0624263e+001
  3.8000000e-001 -1.9431430e+000 -7.2334030e+000 -7.0512500e+000 -1.1933886e+001 -1.0633852e+001
  3.8666667e-001 -1.8882970e+000 -7.2910390e+000 -7.1038560e+000 -1.1923917e+001 -1.0649974e+001
  3.9333333e-001 -1.8158240e+000 -7.3501870e+000 -7.1821480e+000 -1.1921945e+001 -1.0659760e+001
  4.0000000e-001 -1.7729420e+000 -7.4064340e+000 -7.2468420e+000 -1.1893606e+001 -1.0697578e+001
  4.0666667e-001 -1.7042970e+000 -7.4314650e+000 -7.2996340e+000 -1.1865536e+001 -1.0734591e+001
  4.1333333e-001 -1.6303360e+000 -7.4595390e+000 -7.3097620e+000 -1.1833767e+001 -1.0755580e+001
  4.2000000e-001 -1.5408740e+000 -7.4529400e+000 -7.3125520e+000 -1.1786788e+001 -1.0776719e+001
  4.2666667e-001 -1.4294040e+000 -7.4239350e+000 -7.2759610e+000 -1.1743265e+001 -1.0811970e+001
  4.3333333e-001 -1.3207000e+000 -7.4134430e+000 -7.2293710e+000 -1.1684347e+001 -1.0843216e+001
  4.4000000e-001 -1.2068780e+000 -7.3668140e+000 -7.1833770e+000 -1.1658834e+001 -1.0872592e+001
  4.4666667e-001 -1.0762060e+000 -7.3320090e+000 -7.1582070e+000 -1.1624238e+001 -1.0930292e+001
  4.5333333e-001 -9.3525500e-001 -7.3129540e+000 -7.1134690e+000 -1.1617700e+001 -1.0987091e+001
  4.6000000e-001 -8.0777500e-001 -7.2875170e+000 -7.1087370e+000 -1.1628980e+001 -1.1073556e+001
  4.6666667e-001 -6.6422500e-001 -7.2450440e+000 -7.1132420e+000 -1.1655819e+001 -1.1155875e+001
  4.7333333e-001 -5.1373200e-001 -7.2178610e+000 -7.1018750e+000 -1.1695785e+001 -1.1217715e+001
  4.8000000e-001 -3.4924800e-001 -7.1921730e+000 -7.0846380e+000 -1.1726703e+001 -1.1266738e+001
  4.8666667e-001 -1.8434500e-001 -7.1531760e+000 -7.1132680e+000 -1.1760393e+001 -1.1317593e+001
  4.9333333e-001 -1.6289000e-002 -7.1225090e+000 -7.1288680e+000 -1.1806202e+001 -1.1347154e+001
  5.0000000e-001  1.5799400e-001 -7.1083170e+000 -7.1602050e+000 -1.1831723e+001 -1.1356261e+001
  5.0666667e-001  3.3386000e-001 -7.1094330e+000 -7.1919210e+000 -1.1870095e+001 -1.1380429e+001
  5.1333333e-001  4.7618600e-001 -7.1176380e+000 -7.2125860e+000 -1.1917934e+001 -1.1419933e+001
  5.2000000e-001  6.1253500e-001 -7.1193320e+000 -7.2467460e+000 -1.1975226e+001 -1.1453414e+001
  5.2666667e-001  7.4903100e-001 -7.1269160e+000 -7.2922150e+000 -1.2037370e+001 -1.1493211e+001
  5.3333333e-001  9.0076400e-001 -7.0934930e+000 -7.3210390e+000 -1.2109593e+001 -1.1562320e+001
  5.4000000e-001  1.0281590e+000 -7.0731150e+000 -7.3265040e+000 -1.2171437e+001 -1.1608882e+001
  5.4666667e-001  1.1899560e+000 -7.0733850e+000 -7.3743720e+000 -1.2244224e+001 -1.1628168e+001
  5.5333333e-001  1.3144860e+000 -7.1118600e+000 -7.4016110e+000 -1.2298333e+001 -1.1682592e+001
  5.6000000e-001  1.4502230e+000 -7.1246740e+000 -7.4206610e+000 -1.2365731e+001 -1.1715979e+001
  5.6666667e-001  1.5468830e+000 -7.1535550e+000 -7.4456760e+000 -1.2408307e+001 -1.1722841e+001
  5.7333333e-001  1.6241110e+000 -7.1541830e+000 -7.4499190e+000 -1.2465160e+001 -1.1726177e+001
  5.8000000e-001  1.6924300e+000 -7.1613430e+000 -7.4486360e+000 -1.2498644e+001 -1.1740281e+001
  5.8666667e-001  1.7776810e+000 -7.1752750e+000 -7.4247160e+000 -1.2520887e+001 -1.1763499e+001
  5.9333333e-001  1.8098640e+000 -7.2137560e+000 -7.4366360e+000 -1.2542463e+001 -1.1731779e+001
  6.0000000e-001  1.8213750e+000 -7.2874800e+000 -7.4787850e+000 -1.2570835e+001 -1.1735236e+001
  6.0666667e-001  1.8071710e+000 -7.3739090e+000 -7.5014980e+000 -1.2594614e+001 -1.1743510e+001
  6.1333333e-001  1.7893030e+000 -7.4703050e+000 -7.5574210e+000 -1.2615962e+001 -1.1731459e+001
  6.2000000e-001  1.8073680e+000 -7.5557910e+000 -7.5824820e+000 -1.2639919e+001 -1.1722289e+001
  6.2666667e-001  1.7462670e+000 -7.6440770e+000 -7.6139030e+000 -1.2677097e+001 -1.1679896e+001
  6.3333333e-001  1.7208140e+000 -7.7200660e+000 -7.6357550e+000 -1.2667453e+001 -1.1632864e+001
  6.4000000e-001  1.7109220e+000 -7.7827210e+000 -7.6506840e+000 -1.2647087e+001 -1.1593424e+001
  6.4666667e-001  1.6791050e+000 -7.8468740e+000 -7.6592990e+000 -1.2632121e+001 -1.1569804e+001
  6.5333333e-001  1.6564460e+000 -7.9205660e+000 -7.6805790e+000 -1.2619600e+001 -1.1507746e+001
  6.6000000e-001  1.6181780e+000 -7.9837420e+000 -7.7090050e+000 -1.2552332e+001 -1.1467859e+001
  6.6666667e-001  1.6127060e+000 -8.0245050e+000 -7.7409270e+000 -1.2527877e+001 -1.1429282e+001
  6.7333333e-001  1.5904780e+000 -8.1069380e+000 -7.7673850e+000 -1.2499363e+001 -1.1416560e+001
  6.8000000e-001  1.5752010e+000 -8.1417180e+000 -7.8035620e+000 -1.2427198e+001 -1.1382962e+001
  6.8666667e-001  1.5630150e+000 -8.1713340e+000 -7.8427620e+000 -1.2382696e+001 -1.1369252e+001
  6.9333333e-001  1.5516510e+000 -8.2042480e+000 -7.9104500e+000 -1.2333323e+001 -1.1351933e+001
  7.0000000e-001  1.5538480e+000 -8.2054380e+000 -7.9875770e+000 -1.2303369e+001 -1.1345695e+001
  7.0666667e-001  1.5355850e+000 -8.2048600e+000 -8.0333530e+000 -1.2272141e+001 -1.1322974e+001
  7.1333333e-001  1.5433250e+000 -8.1979810e+000 -8.0626890e+000 -1.2235005e+001 -1.1314886e+001
  7.2000000e-001  1.5517090e+000 -8.1748920e+000 -8.1139430e+000 -1.2196774e+001 -1.1281731e+001
  7.2666667e-001  1.5938240e+000 -8.1419070e+000 -8.1872320e+000 -1.2171635e+001 -1.1267696e+001
  7.3333333e-001  1.6195370e+000 -8.0894190e+000 -8.2266750e+000 -1.2169690e+001 -1.1258573e+001
  7.4000000e-001  1.6334420e+000 -8.0523530e+000 -8.2611420e+000 -1.2153796e+001 -1.1276456e+001
  7.4666667e-001  1.6527640e+000 -7.9997170e+000 -8.3148830e+000 -1.2170555e+001 -1.1286575e+001
  7.5333333e-001  1.6760390e+000 -7.9415280e+000 -8.3572990e+000 -1.2201794e+001 -1.1309758e+001
  7.6000000e-001  1.6868100e+000 -7.9053630e+000 -8.3916470e+000 -1.2222415e+001 -1.1341804e+001
  7.6666667e-001  1.6728090e+000 -7.8810330e+000 -8.4103570e+000 -1.2248191e+001 -1.1362614e+001
  7.7333333e-001  1.6803950e+000 -7.8492450e+000 -8.4033010e+000 -1.2254835e+001 -1.1365347e+001
  7.8000000e-001  1.6802600e+000 -7.8056280e+000 -8.3991170e+000 -1.2278136e+001 -1.1360137e+001
  7.8666667e-001  1.7176530e+000 -7.7805830e+000 -8.3938640e+000 -1.2306050e+001 -1.1343130e+001
  7.9333333e-001  1.7357830e+000 -7.7657000e+000 -8.3902160e+000 -1.2303579e+001 -1.1341822e+001
  8.0000000e-001  1.7395670e+000 -7.7597170e+000 -8.3730750e+000 -1.2322261e+001 -1.1320180e+001
  8.0666667e-001  1.7632080e+000 -7.7802700e+000 -8.3558680e+000 -1.2338360e+001 -1.1319275e+001
  8.1333333e-001  1.7894240e+000 -7.8129420e+000 -8.3515640e+000 -1.2364141e+001 -1.1302185e+001
  8.2000000e-001  1.7841220e+000 -7.8402850e+000 -8.3604760e+000 -1.2389083e+001 -1.1294932e+001
  8.2666667e-001  1.7914060e+000 -7.8876830e+000 -8.3555360e+000 -1.2420626e+001 -1.1293221e+001
  8.3333333e-001  1.7953290e+000 -7.9385530e+000 -8.3717150e+000 -1.2460961e+001 -1.1288365e+001
  8.4000000e-001  1.7987260e+000 -7.9842810e+000 -8.4024110e+000 -1.2522452e+001 -1.1274093e+001
  8.4666667e-001  1.8036740e+000 -8.0339160e+000 -8.4228270e+000 -1.2578494e+001 -1.1266346e+001
  8.5333333e-001  1.8032570e+000 -8.0821760e+000 -8.4493800e+000 -1.2607733e+001 -1.1270093e+001
  8.6000000e-001  1.8100610e+000 -8.1329590e+000 -8.4881030e+000 -1.2649323e+001 -1.1258177e+001
  8.6666667e-001  1.8252220e+000 -8.1434760e+000 -8.5153480e+000 -1.2672369e+001 -1.1242479e+001
  8.7333333e-001  1.8194830e+000 -8.1498260e+000 -8.5230070e+000 -1.2680867e+001 -1.1230254e+001
  8.8000000e-001  1.8145200e+000 -8.1342210e+000 -8.5244050e+000 -1.2683635e+001 -1.1209428e+001
  8.8666667e-001  1.8115590e+000 -8.1383090e+000 -8.5324970e+000 -1.2706813e+001 -1.1217639e+001
  8.9333333e-001  1.7963500e+000 -8.1370940e+000 -8.5603080e+000 -1.2694051e+001 -1.1214511e+001
  9.0000000e-001  1.7813240e+000 -8.1152220e+000 -8.6105740e+000 -1.2696045e+001 -1.1246863e+001
  9.0666667e-001  1.7532670e+000 -8.0838760e+000 -8.6286380e+000 -1.2682092e+001 -1.1240947e+001
  9.1333333e-001  1.7316040e+000 -8.0495140e+000 -8.6465440e+000 -1.2666389e+001 -1.1237700e+001
  9.2000000e-001  1.7180360e+000 -8.0145160e+000 -8.6644270e+000 -1.2649743e+001 -1.1218062e+001
  9.2666667e-001  1.6898050e+000 -7.9795030e+000 -8.6578190e+000 -1.2664774e+001 -1.1227767e+001
  9.3333333e-001  1.6493390e+000 -7.9406600e+000 -8.6613780e+000 -1.2669305e+001 -1.1232885e+001
  9.4000000e-001  1.6306640e+000 -7.9234460e+000 -8.6714920e+000 -1.2690870e+001 -1.1237209e+001
  9.4666667e-001  1.5754270e+000 -7.8988490e+000 -8.6739230e+000 -1.2693707e+001 -1.1235420e+001
  9.5333333e-001  1.5620350e+000 -7.8792350e+000 -8.6563390e+000 -1.2708369e+001 -1.1240979e+001
  9.6000000e-001  1.5309320e+000 -7.8582210e+000 -8.6530170e+000 -1.2705999e+001 -1.1243406e+001
  9.6666667e-001  1.5081880e+000 -7.8322340e+000 -8.6290620e+000 -1.2711514e+001 -1.1260018e+001
  9.7333333e-001  1.4674240e+000 -7.8418090e+000 -8.6108120e+000 -1.2707651e+001 -1.1266294e+001
  9.8000000e-001  1.4458400e+000 -7.8331910e+000 -8.6054740e+000 -1.2699816e+001 -1.1265738e+001
  9.8666667e-001  1.4239130e+000 -7.8709280e+000 -8.5937340e+000 -1.2706038e+001 -1.1264896e+001
  9.9333333e-001  1.4066150e+000 -7.9000090e+000 -8.5950280e+000 -1.2687584e+001 -1.1297871e+001
  1.0000000e+000  1.3771750e+000 -7.9292960e+000 -8.5774140e+000 -1.2686192e+001 -1.1310956e+001
  1.0066667e+000  1.3586760e+000 -7.9517810e+000 -8.5738470e+000 -1.2675270e+001 -1.1299842e+001
  1.0133333e+000  1.3321440e+000 -7.9703580e+000 -8.5967460e+000 -1.2641574e+001 -1.1289306e+001
  1.0200000e+000  1.2973370e+000 -7.9984070e+000 -8.5929800e+000 -1.2608771e+001 -1.1303241e+001
  1.0266667e+000  1.2733190e+000 -8.0108300e+000 -8.6140420e+000 -1.2601912e+001 -1.1311099e+001
  1.0333333e+000  1.2517300e+000 -8.0306450e+000 -8.6206710e+000 -1.2597525e+001 -1.1313532e+001
  1.0400000e+000  1.2102720e+000 -8.0490200e+000 -8.6089580e+000 -1.2594213e+001 -1.1311707e+001
  1.0466667e+000  1.1737300e+000 -8.0777030e+000 -8.6355020e+000 -1.2599756e+001 -1.1316580e+001
  1.0533333e+000  1.1275390e+000 -8.0921720e+000 -8.6571890e+000 -1.2611460e+001 -1.1335207e+001
  1.0600000e+000  1.0911020e+000 -8.1268070e+000 -8.6570680e+000 -1.2623739e+001 -1.1365922e+001
  1.0666667e+000  1.0683330e+000 -8.1204500e+000 -8.6587420e+000 -1.2621936e+001 -1.1366719e+001
  1.0733333e+000  1.0320230e+000 -8.1347870e+000 -8.6467080e+000 -1.2636752e+001 -1.1353656e+001
  1.0800000e+000  9.7350600e-001 -8.1267250e+000 -8.6532850e+000 -1.2665410e+001 -1.1346478e+001
  1.0866667e+000  9.2285400e-001 -8.1613640e+000 -8.6672720e+000 -1.2681472e+001 -1.1360259e+001
  1.0933333e+000  8.2522500e-001 -8.1721520e+000 -8.6717860e+000 -1.2713585e+001 -1.1366370e+001
  1.1000000e+000  7.4709100e-001 -8.1793870e+000 -8.6602870e+000 -1.2734532e+001 -1.1388160e+001
  1.1066667e+000  6.7867900e-001 -8.1899220e+000 -8.6440620e+000 -1.2732510e+001 -1.1369310e+001
  1.1133333e+000  6.2875300e-001 -8.1875240e+000 -8.6543860e+000 -1.2742723e+001 -1.1348408e+001
  1.1200000e+000  5.8682100e-001 -8.2082080e+000 -8.6530960e+000 -1.2715034e+001 -1.1355808e+001
  1.1266667e+000  5.2887400e-001 -8.2052910e+000 -8.6661870e+000 -1.2705899e+001 -1.1378063e+001
  1.1333333e+000  4.4954500e-001 -8.2234360e+000 -8.6793190e+000 -1.2682110e+001 -1.1380088e+001
  1.1400000e+000  3.6653900e-001 -8.2382680e+000 -8.6760720e+000 -1.2662193e+001 -1.1372232e+001
  1.1466667e+000  3.0764200e-001 -8.2440750e+000 -8.6773830e+000 -1.2628146e+001 -1.1368093e+001
  1.1533333e+000  2.2904000e-001 -8.2440690e+000 -8.7023930e+000 -1.2587329e+001 -1.1359187e+001
  1.1600000e+000  1.8182400e-001 -8.2236450e+000 -8.7197800e+000 -1.2546894e+001 -1.1353555e+001
  1.1666667e+000  1.0358400e-001 -8.2242320e+000 -8.7226960e+000 -1.2500982e+001 -1.1375246e+001
  1.1733333e+000  3.6988000e-002 -8.2229240e+000 -8.7202620e+000 -1.2452884e+001 -1.1372912e+001
  1.1800000e+000 -5.0166000e-002 -8.2341260e+000 -8.7120310e+000 -1.2417623e+001 -1.1375816e+001
  1.1866667e+000 -1.1729800e-001 -8.2558200e+000 -8.7296450e+000 -1.2409399e+001 -1.1373836e+001
  1.1933333e+000 -1.7803800e-001 -8.2612950e+000 -8.7559500e+000 -1.2400451e+001 -1.1384946e+001
  1.2000000e+000 -2.5400300e-001 -8.2671590e+000 -8.7623100e+000 -1.2393890e+001 -1.1381105e+001
  1.2066667e+000 -3.2651300e-001 -8.2785970e+000 -8.7459580e+000 -1.2375050e+001 -1.1393904e+001
  1.2133333e+000 -4.1282600e-001 -8.2720470e+000 -8.7424660e+000 -1.2362412e+001 -1.1384982e+001
  1.2200000e+000 -4.6638600e-001 -8.2909550e+000 -8.7382760e+000 -1.2372359e+001 -1.1349599e+001
  1.2266667e+000 -5.2652700e-001 -8.2828610e+000 -8.7545610e+000 -1.2368761e+001 -1.1323817e+001
  1.2333333e+000 -5.5885800e-001 -8.2916320e+000 -8.7464300e+000 -1.2378921e+001 -1.1318528e+001
  1.2400000e+000 -6.0635300e-001 -8.3079970e+000 -8.7298510e+000 -1.2394609e+001 -1.1302772e+001
  1.2466667e+000 -6.2982000e-001 -8.3243790e+000 -8.7271910e+000 -1.2404393e+001 -1.1282610e+001
  1.2533333e+000 -6.8908400e-001 -8.3363680e+000 -8.7366570e+000 -1.2418024e+001 -1.1265044e+001
  1.2600000e+000 -7.0741800e-001 -8.3569120e+000 -8.7461130e+000 -1.2436380e+001 -1.1254920e+001
  1.2666667e+000 -7.5284200e-001 -8.3675180e+000 -8.7761290e+000 -1.2463295e+001 -1.1252547e+001
  1.2733333e+000 -7.6155000e-001 -8.4014410e+000 -8.7732520e+000 -1.2476126e+001 -1.1240307e+001
  1.2800000e+000 -8.0261400e-001 -8.3998900e+000 -8.7770870e+000 -1.2497790e+001 -1.1250713e+001
  1.2866667e+000 -8.2933200e-001 -8.4220840e+000 -8.7769500e+000 -1.2521279e+001 -1.1230859e+001
  1.2933333e+000 -8.5554200e-001 -8.4458830e+000 -8.7753280e+000 -1.2518442e+001 -1.1218100e+001
  1.3000000e+000 -8.7056100e-001 -8.4582230e+000 -8.7887220e+000 -1.2528207e+001 -1.1196542e+001
  1.3066667e+000 -8.8215600e-001 -8.4513430e+000 -8.7989230e+000 -1.2514834e+001 -1.1191142e+001
  1.3133333e+000 -9.0539100e-001 -8.4678900e+000 -8.7816270e+000 -1.2503868e+001 -1.1190015e+001
  1.3200000e+000 -9.3066500e-001 -8.4721370e+000 -8.7668590e+000 -1.2505874e+001 -1.1170623e+001
  1.3266667e+000 -9.7314000e-001 -8.5014710e+000 -8.7952610e+000 -1.2511909e+001 -1.1167710e+001
  1.3333333e+000 -1.0088640e+000 -8.5159520e+000 -8.8265900e+000 -1.2499155e+001 -1.1160450e+001
  1.3400000e+000 -1.0521110e+000 -8.5017320e+000 -8.8380990e+000 -1.2468279e+001 -1.1181911e+001
  1.3466667e+000 -1.0804790e+000 -8.5242740e+000 -8.8056450e+000 -1.2452214e+001 -1.1177292e+001
  1.3533333e+000 -1.1215180e+000 -8.5272600e+000 -8.8000480e+000 -1.2446856e+001 -1.1162378e+001
  1.3600000e+000 -1.1391640e+000 -8.5335330e+000 -8.7783630e+000 -1.2424344e+001 -1.1153438e+001
  1.3666667e+000 -1.1714930e+000 -8.5313740e+000 -8.7844790e+000 -1.2374392e+001 -1.1180225e+001
  1.3733333e+000 -1.1948700e+000 -8.5218890e+000 -8.7974410e+000 -1.2345768e+001 -1.1180802e+001
  1.3800000e+000 -1.2006580e+000 -8.5051280e+000 -8.8005770e+000 -1.2339654e+001 -1.1166895e+001
  1.3866667e+000 -1.2223410e+000 -8.5213300e+000 -8.7771940e+000 -1.2336412e+001 -1.1201984e+001
  1.3933333e+000 -1.2356600e+000 -8.5272870e+000 -8.7563320e+000 -1.2305120e+001 -1.1217649e+001
  1.4000000e+000 -1.2506070e+000 -8.5298380e+000 -8.7520660e+000 -1.2265217e+001 -1.1217171e+001
  1.4066667e+000 -1.2492530e+000 -8.5254340e+000 -8.7647430e+000 -1.2255466e+001 -1.1215326e+001
  1.4133333e+000 -1.2556340e+000 -8.5177450e+000 -8.7688010e+000 -1.2268690e+001 -1.1207644e+001
  1.4200000e+000 -1.2742130e+000 -8.5286380e+000 -8.7659880e+000 -1.2270293e+001 -1.1202532e+001
  1.4266667e+000 -1.2664990e+000 -8.5517300e+000 -8.7422520e+000 -1.2259859e+001 -1.1222517e+001
  1.4333333e+000 -1.2764710e+000 -8.5667930e+000 -8.7505080e+000 -1.2292612e+001 -1.1227655e+001
  1.4400000e+000 -1.2854820e+000 -8.5719800e+000 -8.7518390e+000 -1.2317212e+001 -1.1218871e+001
  1.4466667e+000 -1.2771890e+000 -8.5650630e+000 -8.7650470e+000 -1.2327983e+001 -1.1226903e+001
  1.4533333e+000 -1.2922240e+000 -8.5677280e+000 -8.7569890e+000 -1.2356455e+001 -1.1207231e+001
  1.4600000e+000 -1.2937070e+000 -8.5774450e+000 -8.7565380e+000 -1.2382284e+001 -1.1171437e+001
  1.4666667e+000 -1.2937160e+000 -8.5830350e+000 -8.7599130e+000 -1.2417779e+001 -1.1164831e+001
  1.4733333e+000 -1.3170700e+000 -8.5812360e+000 -8.7662500e+000 -1.2428822e+001 -1.1161235e+001
  1.4800000e+000 -1.3240190e+000 -8.5798470e+000 -8.7853010e+000 -1.2465996e+001 -1.1162533e+001
  1.4866667e+000 -1.3475010e+000 -8.5878110e+000 -8.7763830e+000 -1.2508333e+001 -1.1164528e+001
  1.4933333e+000 -1.3690720e+000 -8.5904210e+000 -8.7796910e+000 -1.2526621e+001 -1.1151446e+001
  1.5000000e+000 -1.3714970e+000 -8.5984480e+000 -8.7668640e+000 -1.2532823e+001 -1.1154536e+001
  1.5066667e+000 -1.3996140e+000 -8.6156320e+000 -8.7769660e+000 -1.2539878e+001 -1.1143108e+001
  1.5133333e+000 -1.4345940e+000 -8.6002840e+000 -8.7721490e+000 -1.2550357e+001 -1.1147182e+001
  1.5200000e+000 -1.4647970e+000 -8.5774780e+000 -8.7567990e+000 -1.2557606e+001 -1.1141178e+001
  1.5266667e+000 -1.4666640e+000 -8.5722550e+000 -8.7434780e+000 -1.2548576e+001 -1.1154365e+001
  1.5333333e+000 -1.4825110e+000 -8.5838360e+000 -8.7152320e+000 -1.2531713e+001 -1.1141356e+001
  1.5400000e+000 -1.5235850e+000 -8.5729550e+000 -8.7134410e+000 -1.2556275e+001 -1.1140530e+001
  1.5466667e+000 -1.5349320e+000 -8.5464180e+000 -8.7224040e+000 -1.2569244e+001 -1.1117897e+001
  1.5533333e+000 -1.5561970e+000 -8.5459370e+000 -8.7385860e+000 -1.2557724e+001 -1.1118332e+001
  1.5600000e+000 -1.5754170e+000 -8.5590700e+000 -8.7428870e+000 -1.2564654e+001 -1.1108006e+001
  1.5666667e+000 -1.6172620e+000 -8.5978140e+000 -8.7376760e+000 -1.2595654e+001 -1.1115780e+001
  1.5733333e+000 -1.6498930e+000 -8.6076600e+000 -8.7426160e+000 -1.2624412e+001 -1.1115031e+001
  1.5800000e+000 -1.6621190e+000 -8.5989740e+000 -8.7471260e+000 -1.2637486e+001 -1.1103245e+001
  1.5866667e+000 -1.6660540e+000 -8.5688250e+000 -8.7596210e+000 -1.2625122e+001 -1.1093001e+001
  1.5933333e+000 -1.6944930e+000 -8.5691040e+000 -8.7611930e+000 -1.2642018e+001 -1.1072876e+001
  1.6000000e+000 -1.7331210e+000 -8.5778290e+000 -8.7589470e+000 -1.2639315e+001 -1.1069082e+001
  1.6066667e+000 -1.7644290e+000 -8.5989950e+000 -8.7537620e+000 -1.2633453e+001 -1.1052279e+001
  1.6133333e+000 -1.7754310e+000 -8.5914810e+000 -8.7390210e+000 -1.2603230e+001 -1.1049219e+001
  1.6200000e+000 -1.8056970e+000 -8.5915640e+000 -8.7391890e+000 -1.2626815e+001 -1.1044743e+001
  1.6266667e+000 -1.8342480e+000 -8.6197790e+000 -8.7552010e+000 -1.2633714e+001 -1.1054452e+001
  1.6333333e+000 -1.8563320e+000 -8.6626080e+000 -8.7503350e+000 -1.2607716e+001 -1.1035786e+001
  1.6400000e+000 -1.8583380e+000 -8.6667540e+000 -8.7257200e+000 -1.2595134e+001 -1.1027210e+001
  1.6466667e+000 -1.8745790e+000 -8.6714430e+000 -8.7221630e+000 -1.2612190e+001 -1.1046091e+001
  1.6533333e+000 -1.9031690e+000 -8.6659080e+000 -8.7140160e+000 -1.2600613e+001 -1.1046919e+001
  1.6600000e+000 -1.9132220e+000 -8.7039310e+000 -8.7257570e+000 -1.2599678e+001 -1.1052691e+001
  1.6666667e+000 -1.9108870e+000 -8.7229450e+000 -8.7335700e+000 -1.2591693e+001 -1.1054550e+001
  1.6733333e+000 -1.9098520e+000 -8.7213730e+000 -8.7045280e+000 -1.2608492e+001 -1.1044109e+001
  1.6800000e+000 -1.9159630e+000 -8.7441980e+000 -8.6995500e+000 -1.2602506e+001 -1.1041405e+001
  1.6866667e+000 -1.9275650e+000 -8.7824180e+000 -8.6733880e+000 -1.2590328e+001 -1.1007615e+001
  1.6933333e+000 -1.9266000e+000 -8.8177790e+000 -8.6616680e+000 -1.2599889e+001 -1.0991257e+001
  1.7000000e+000 -1.9112600e+000 -8.8328420e+000 -8.6663910e+000 -1.2618230e+001 -1.0965020e+001
  1.7066667e+000 -1.9125610e+000 -8.8489350e+000 -8.6571250e+000 -1.2631898e+001 -1.0963186e+001
  1.7133333e+000 -1.9236360e+000 -8.8797940e+000 -8.6753670e+000 -1.2632774e+001 -1.0969584e+001
  1.7200000e+000 -1.9341960e+000 -8.9111330e+000 -8.6677740e+000 -1.2642311e+001 -1.0967919e+001
  1.7266667e+000 -1.9444820e+000 -8.9454630e+000 -8.6497880e+000 -1.2644404e+001 -1.0960783e+001
  1.7333333e+000 -1.9397780e+000 -8.9645490e+000 -8.6643240e+000 -1.2644829e+001 -1.0939950e+001
  1.7400000e+000 -1.9365860e+000 -8.9715720e+000 -8.6579840e+000 -1.2623902e+001 -1.0909063e+001
  1.7466667e+000 -1.9483770e+000 -8.9955200e+000 -8.6497520e+000 -1.2624633e+001 -1.0878419e+001
  1.7533333e+000 -1.9467960e+000 -9.0151670e+000 -8.6331970e+000 -1.2612939e+001 -1.0852801e+001
  1.7600000e+000 -1.9445340e+000 -9.0243900e+000 -8.6437040e+000 -1.2607573e+001 -1.0837273e+001
  1.7666667e+000 -1.9681180e+000 -9.0389790e+000 -8.6529160e+000 -1.2609749e+001 -1.0825768e+001
  1.7733333e+000 -1.9691180e+000 -9.0555900e+000 -8.6734970e+000 -1.2622269e+001 -1.0830558e+001
  1.7800000e+000 -1.9917390e+000 -9.0910970e+000 -8.6860980e+000 -1.2640616e+001 -1.0805829e+001
  1.7866667e+000 -2.0036870e+000 -9.0969020e+000 -8.6962780e+000 -1.2630041e+001 -1.0780243e+001
  1.7933333e+000 -2.0180650e+000 -9.1005600e+000 -8.7049200e+000 -1.2621715e+001 -1.0761941e+001
  1.8000000e+000 -2.0459760e+000 -9.1049490e+000 -8.7263610e+000 -1.2623049e+001 -1.0749550e+001
  1.8066667e+000 -2.0779330e+000 -9.1146790e+000 -8.7474220e+000 -1.2644286e+001 -1.0738685e+001
  1.8133333e+000 -2.1001380e+000 -9.1352640e+000 -8.7264130e+000 -1.2647880e+001 -1.0716653e+001
  1.8200000e+000 -2.1377740e+000 -9.1610350e+000 -8.7299780e+000 -1.2654032e+001 -1.0698746e+001
  1.8266667e+000 -2.1629430e+000 -9.1636670e+000 -8.7119670e+000 -1.2672539e+001 -1.0665381e+001
  1.8333333e+000 -2.1875540e+000 -9.1763320e+000 -8.7042050e+000 -1.2691991e+001 -1.0637561e+001
  1.8400000e+000 -2.2295940e+000 -9.1842630e+000 -8.6894380e+000 -1.2719206e+001 -1.0625311e+001
  1.8466667e+000 -2.2956480e+000 -9.1899740e+000 -8.6876310e+000 -1.2740969e+001 -1.0608952e+001
  1.8533333e+000 -2.3602320e+000 -9.2087370e+000 -8.6841010e+000 -1.2725611e+001 -1.0589050e+001
  1.8600000e+000 -2.4072280e+000 -9.2276580e+000 -8.6809310e+000 -1.2759219e+001 -1.0586382e+001
  1.8666667e+000 -2.4918060e+000 -9.2422340e+000 -8.6934010e+000 -1.2764351e+001 -1.0586850e+001
  1.8733333e+000 -2.5602150e+000 -9.2463840e+000 -8.6950930e+000 -1.2758928e+001 -1.0594679e+001
  1.8800000e+000 -2.6176630e+000 -9.2657250e+000 -8.6951320e+000 -1.2749164e+001 -1.0606704e+001
  1.8866667e+000 -2.6784110e+000 -9.2575160e+000 -8.6850730e+000 -1.2738440e+001 -1.0606133e+001
  1.8933333e+000 -2.7606290e+000 -9.2645680e+000 -8.6650150e+000 -1.2729203e+001 -1.0599942e+001
  1.9000000e+000 -2.8232130e+000 -9.2812100e+000 -8.6639090e+000 -1.2714945e+001 -1.0583219e+001
  1.9066667e+000 -2.8839000e+000 -9.2991940e+000 -8.6623730e+000 -1.2681351e+001 -1.0572392e+001
  1.9133333e+000 -2.9533870e+000 -9.3253150e+000 -8.6673710e+000 -1.2668725e+001 -1.0589887e+001
  1.9200000e+000 -3.0344270e+000 -9.3347340e+000 -8.6669870e+000 -1.2651745e+001 -1.0591784e+001
  1.9266667e+000 -3.0893150e+000 -9.3540890e+000 -8.6392230e+000 -1.2650956e+001 -1.0607113e+001
  1.9333333e+000 -3.1460880e+000 -9.3774200e+000 -8.6142010e+000 -1.2618857e+001 -1.0597854e+001
  1.9400000e+000 -3.2285110e+000 -9.4012740e+000 -8.6108930e+000 -1.2602448e+001 -1.0593452e+001
  1.9466667e+000 -3.2900750e+000 -9.4250590e+000 -8.6158040e+000 -1.2578558e+001 -1.0602429e+001
  1.9533333e+000 -3.3320580e+000 -9.4366360e+000 -8.6121550e+000 -1.2589344e+001 -1.0596936e+001
  1.9600000e+000 -3.3804600e+000 -9.4608030e+000 -8.5963230e+000 -1.2578571e+001 -1.0595831e+001
  1.9666667e+000 -3.4369910e+000 -9.4795900e+000 -8.5930430e+000 -1.2545556e+001 -1.0576198e+001
  1.9733333e+000 -3.4584610e+000 -9.4855830e+000 -8.5934950e+000 -1.2540524e+001 -1.0570329e+001
  1.9800000e+000 -3.4636920e+000 -9.5017120e+000 -8.5900230e+000 -1.2524598e+001 -1.0568170e+001
  1.9866667e+000 -3.4867640e+000 -9.5023250e+000 -8.5837430e+000 -1.2495615e+001 -1.0573159e+001
  1.9933333e+000 -3.5159940e+000 -9.5370080e+000 -8.5787870e+000 -1.2471390e+001 -1.0598821e+001
  2.0000000e+000 -3.5192090e+000 -9.5501440e+000 -8.5787440e+000 -1.2458215e+001 -1.0583820e+001
