 -5.0000000e-001 -2.8238781e+001 -2.8261717e+001 -2.7062586e+001 -2.7886614e+001 -2.8950249e+001 -2.8103939e+001 -2.8758400e+001 -2.8269291e+001
 -4.9333333e-001 -2.8224773e+001 -2.8245171e+001 -2.7022491e+001 -2.7857241e+001 -2.8947155e+001 -2.7794165e+001 -2.8747574e+001 -2.8241577e+001
 -4.8666667e-001 -2.8201092e+001 -2.8269850e+001 -2.7016815e+001 -2.7884327e+001 -2.8975492e+001 -2.7787910e+001 -2.8713678e+001 -2.8240345e+001
 -4.8000000e-001 -2.8236692e+001 -2.8262039e+001 -2.7019571e+001 -2.7891762e+001 -2.8978256e+001 -2.8298599e+001 -2.8730328e+001 -2.8217176e+001
 -4.7333333e-001 -2.8211546e+001 -2.8251284e+001 -2.6994558e+001 -2.7906096e+001 -2.8974005e+001 -2.8275509e+001 -2.8792704e+001 -2.8224205e+001
 -4.6666667e-001 -2.8158009e+001 -2.8240549e+001 -2.7026052e+001 -2.7891607e+001 -2.8970675e+001 -2.8302315e+001 -2.8779173e+001 -2.8280485e+001
 -4.6000000e-001 -2.8151014e+001 -2.8207260e+001 -2.7030664e+001 -2.7872696e+001 -2.8975613e+001 -2.8298285e+001 -2.8756254e+001 -2.8257088e+001
 -4.5333333e-001 -2.8184130e+001 -2.8186150e+001 -2.7004557e+001 -2.7865711e+001 -2.8976389e+001 -2.8293461e+001 -2.8738808e+001 -2.8256353e+001
 -4.4666667e-001 -2.8162605e+001 -2.8184813e+001 -2.7025887e+001 -2.7855068e+001 -2.8987295e+001 -2.8270451e+001 -2.8717924e+001 -2.8267963e+001
 -4.4000000e-001 -2.8161245e+001 -2.8233219e+001 -2.7032196e+001 -2.7842928e+001 -2.8993675e+001 -2.8304840e+001 -2.8719147e+001 -2.8261864e+001
 -4.3333333e-001 -2.8203285e+001 -2.8216270e+001 -2.7004253e+001 -2.7813370e+001 -2.9022345e+001 -2.8329685e+001 -2.8736671e+001 -2.8257288e+001
 -4.2666667e-001 -2.8180328e+001 -2.8180309e+001 -2.6998133e+001 -2.7820890e+001 -2.9033638e+001 -2.8310541e+001 -2.8762505e+001 -2.8247465e+001
 -4.2000000e-001 -2.8179640e+001 -2.8233475e+001 -2.7000069e+001 -2.7842207e+001 -2.8952179e+001 -2.8341999e+001 -2.8758997e+001 -2.8243492e+001
 -4.1333333e-001 -2.8167484e+001 -2.8227505e+001 -2.7005207e+001 -2.7872810e+001 -2.8954811e+001 -2.8346626e+001 -2.8724781e+001 -2.8270485e+001
 -4.0666667e-001 -2.8119839e+001 -2.8213650e+001 -2.7027155e+001 -2.7864017e+001 -2.9021669e+001 -2.8324379e+001 -2.8734138e+001 -2.8262493e+001
 -4.0000000e-001 -2.8127773e+001 -2.8215958e+001 -2.6982504e+001 -2.7831106e+001 -2.9004593e+001 -2.8334902e+001 -2.8761023e+001 -2.8222729e+001
 -3.9333333e-001 -2.8151682e+001 -2.8209328e+001 -2.7423393e+001 -2.7844109e+001 -2.8989048e+001 -2.8309690e+001 -2.8739206e+001 -2.8234459e+001
 -3.8666667e-001 -2.8150190e+001 -2.8214167e+001 -2.7474646e+001 -2.7872871e+001 -2.8987963e+001 -2.8310659e+001 -2.8683397e+001 -2.8242357e+001
 -3.8000000e-001 -2.8130976e+001 -2.8224255e+001 -2.7466972e+001 -2.7878254e+001 -2.8993788e+001 -2.8324999e+001 -2.8708300e+001 -2.8232450e+001
 -3.7333333e-001 -2.8109688e+001 -2.8244205e+001 -2.7459396e+001 -2.7853317e+001 -2.9012711e+001 -2.8338623e+001 -2.8701979e+001 -2.8252460e+001
 -3.6666667e-001 -2.8155123e+001 -2.8215408e+001 -2.7507862e+001 -2.7853701e+001 -2.9019156e+001 -2.8335888e+001 -2.8659914e+001 -2.8265469e+001
 -3.6000000e-001 -2.8147474e+001 -2.8238213e+001 -2.7509144e+001 -2.7886343e+001 -2.9048262e+001 -2.8335032e+001 -2.8692362e+001 -2.8275267e+001
 -3.5333333e-001 -2.8094782e+001 -2.8278555e+001 -2.7472515e+001 -2.7874880e+001 -2.9045841e+001 -2.8324753e+001 -2.8688469e+001 -2.8280418e+001
 -3.4666667e-001 -2.8087261e+001 -2.8226686e+001 -2.7496185e+001 -2.7854437e+001 -2.9041777e+001 -2.8291967e+001 -2.8698956e+001 -2.8265469e+001
 -3.4000000e-001 -2.8100447e+001 -2.8178553e+001 -2.7479750e+001 -2.7845743e+001 -2.9051268e+001 -2.8337921e+001 -2.8697062e+001 -2.8254362e+001
 -3.3333333e-001 -2.8103531e+001 -2.8211676e+001 -2.7470419e+001 -2.7875669e+001 -2.9062038e+001 -2.8348795e+001 -2.8682325e+001 -2.8251371e+001
 -3.2666667e-001 -2.8145966e+001 -2.8233673e+001 -2.7500669e+001 -2.7864264e+001 -2.9068554e+001 -2.8334587e+001 -2.8688635e+001 -2.8282597e+001
 -3.2000000e-001 -2.8147327e+001 -2.8234259e+001 -2.7484587e+001 -2.7854433e+001 -2.9022734e+001 -2.8353685e+001 -2.8658232e+001 -2.8331991e+001
 -3.1333333e-001 -2.8113979e+001 -2.8201880e+001 -2.7442579e+001 -2.7825115e+001 -2.9025908e+001 -2.8395824e+001 -2.8647270e+001 -2.8307060e+001
 -3.0666667e-001 -2.8102392e+001 -2.8210936e+001 -2.7449284e+001 -2.7843302e+001 -2.9015791e+001 -2.8342575e+001 -2.8691381e+001 -2.8283611e+001
 -3.0000000e-001 -2.8067047e+001 -2.8237133e+001 -2.7505789e+001 -2.7845636e+001 -2.9003302e+001 -2.8293356e+001 -2.8645348e+001 -2.8308296e+001
 -2.9333333e-001 -2.8091516e+001 -2.8216742e+001 -2.7513626e+001 -2.7842464e+001 -2.9037771e+001 -2.8330828e+001 -2.8613047e+001 -2.8303635e+001
 -2.8666667e-001 -2.8115574e+001 -2.8263680e+001 -2.7506187e+001 -2.7855932e+001 -2.9067486e+001 -2.8371901e+001 -2.8667349e+001 -2.8313173e+001
 -2.8000000e-001 -2.8145493e+001 -2.8255341e+001 -2.7405874e+001 -2.7845160e+001 -2.9038679e+001 -2.8355181e+001 -2.8691925e+001 -2.8320198e+001
 -2.7333333e-001 -2.8157648e+001 -2.8263136e+001 -2.7418051e+001 -2.7844477e+001 -2.9028902e+001 -2.8316853e+001 -2.8640114e+001 -2.8321033e+001
 -2.6666667e-001 -2.8137745e+001 -2.8270237e+001 -2.7469715e+001 -2.7823782e+001 -2.9026573e+001 -2.8318014e+001 -2.8648664e+001 -2.8300869e+001
 -2.6000000e-001 -2.8139585e+001 -2.8235954e+001 -2.7089975e+001 -2.7807617e+001 -2.9041128e+001 -2.8322287e+001 -2.8697538e+001 -2.8285074e+001
 -2.5333333e-001 -2.8107073e+001 -2.8244251e+001 -2.7148153e+001 -2.7795675e+001 -2.9038160e+001 -2.8320198e+001 -2.8648081e+001 -2.8274500e+001
 -2.4666667e-001 -2.8129326e+001 -2.8261938e+001 -2.7108355e+001 -2.7754082e+001 -2.9035870e+001 -2.8284111e+001 -2.8613997e+001 -2.8265827e+001
 -2.4000000e-001 -2.8153866e+001 -2.8245338e+001 -2.7127842e+001 -2.7744453e+001 -2.9020651e+001 -2.8281614e+001 -2.8634521e+001 -2.8287691e+001
 -2.3333333e-001 -2.8131186e+001 -2.8235903e+001 -2.7113813e+001 -2.7771362e+001 -2.9014589e+001 -2.8304411e+001 -2.8619104e+001 -2.8298477e+001
 -2.2666667e-001 -2.8176235e+001 -2.8280918e+001 -2.7083391e+001 -2.7781284e+001 -2.9006153e+001 -2.8318951e+001 -2.8624647e+001 -2.8287575e+001
 -2.2000000e-001 -2.8187580e+001 -2.8275124e+001 -2.7121298e+001 -2.7813074e+001 -2.8973162e+001 -2.8292242e+001 -2.8639072e+001 -2.8304455e+001
 -2.1333333e-001 -2.8123377e+001 -2.8269087e+001 -2.7099346e+001 -2.7822878e+001 -2.9000301e+001 -2.8321726e+001 -2.8660519e+001 -2.8293203e+001
 -2.0666667e-001 -2.8111855e+001 -2.8293011e+001 -2.7055128e+001 -2.7803003e+001 -2.8971235e+001 -2.8326077e+001 -2.8665714e+001 -2.8311846e+001
 -2.0000000e-001 -2.8122772e+001 -2.8273634e+001 -2.7094940e+001 -2.7791239e+001 -2.8946991e+001 -2.8278061e+001 -2.8655420e+001 -2.8348110e+001
 -1.9333333e-001 -2.8128189e+001 -2.8262207e+001 -2.7144068e+001 -2.7786381e+001 -2.9019104e+001 -2.8279968e+001 -2.8655174e+001 -2.8329626e+001
 -1.8666667e-001 -2.8114529e+001 -2.8259113e+001 -2.7109621e+001 -2.7788012e+001 -2.9014921e+001 -2.8289955e+001 -2.8664539e+001 -2.8327711e+001
 -1.8000000e-001 -2.8081678e+001 -2.8246403e+001 -2.7094040e+001 -2.7801525e+001 -2.8952072e+001 -2.8302240e+001 -2.8618015e+001 -2.8313013e+001
 -1.7333333e-001 -2.8071257e+001 -2.8234236e+001 -2.7076876e+001 -2.7806093e+001 -2.8960136e+001 -2.8323559e+001 -2.8639462e+001 -2.8291510e+001
 -1.6666667e-001 -2.8092957e+001 -2.8252035e+001 -2.7035028e+001 -2.7800417e+001 -2.8966375e+001 -2.8280769e+001 -2.8667902e+001 -2.8288757e+001
 -1.6000000e-001 -2.8079279e+001 -2.8285227e+001 -2.7048712e+001 -2.7806520e+001 -2.8960903e+001 -2.8275837e+001 -2.8622746e+001 -2.8303247e+001
 -1.5333333e-001 -2.8052908e+001 -2.8247965e+001 -2.7064510e+001 -2.7809443e+001 -2.8981018e+001 -2.8265162e+001 -2.8618830e+001 -2.8296076e+001
 -1.4666667e-001 -2.8062298e+001 -2.8249119e+001 -2.7045290e+001 -2.7790024e+001 -2.8963919e+001 -2.8264069e+001 -2.8666273e+001 -2.8306349e+001
 -1.4000000e-001 -2.8094007e+001 -2.8294876e+001 -2.7048464e+001 -2.7782715e+001 -2.8980917e+001 -2.8283176e+001 -2.8656374e+001 -2.8317307e+001
 -1.3333333e-001 -2.8091316e+001 -2.8283936e+001 -2.7037443e+001 -2.7779972e+001 -2.8993439e+001 -2.8253977e+001 -2.8635719e+001 -2.8302391e+001
 -1.2666667e-001 -2.8024273e+001 -2.8234533e+001 -2.7083637e+001 -2.7742748e+001 -2.8986120e+001 -2.8283741e+001 -2.8633566e+001 -2.8300615e+001
 -1.2000000e-001 -2.8006010e+001 -2.8220903e+001 -2.7092022e+001 -2.7760925e+001 -2.8952007e+001 -2.8331003e+001 -2.8601706e+001 -2.8331985e+001
 -1.1333333e-001 -2.8027550e+001 -2.8236181e+001 -2.7069160e+001 -2.7824846e+001 -2.8913307e+001 -2.8322245e+001 -2.8617226e+001 -2.8315153e+001
 -1.0666667e-001 -2.8065567e+001 -2.8270746e+001 -2.7070354e+001 -2.7807680e+001 -2.8929943e+001 -2.8337578e+001 -2.8646275e+001 -2.8261633e+001
 -1.0000000e-001 -2.8160820e+001 -2.8276806e+001 -2.7105322e+001 -2.7792982e+001 -2.8955345e+001 -2.8318605e+001 -2.8664135e+001 -2.8267977e+001
 -9.3333333e-002 -2.8135098e+001 -2.8267460e+001 -2.7084944e+001 -2.7819506e+001 -2.8959948e+001 -2.8280172e+001 -2.8653683e+001 -2.8308857e+001
 -8.6666667e-002 -2.8057299e+001 -2.8287712e+001 -2.7101496e+001 -2.7865957e+001 -2.8977859e+001 -2.8308275e+001 -2.8623026e+001 -2.8295300e+001
 -8.0000000e-002 -2.8085194e+001 -2.8287756e+001 -2.7125172e+001 -2.7858282e+001 -2.8964752e+001 -2.8296938e+001 -2.8623764e+001 -2.8277889e+001
 -7.3333333e-002 -2.8097523e+001 -2.8271200e+001 -2.7083319e+001 -2.7791019e+001 -2.8995331e+001 -2.8296619e+001 -2.8647327e+001 -2.8278069e+001
 -6.6666667e-002 -2.8119072e+001 -2.8220186e+001 -2.7085184e+001 -2.7825903e+001 -2.9000010e+001 -2.8322695e+001 -2.8623314e+001 -2.8293804e+001
 -6.0000000e-002 -2.8094751e+001 -2.8255199e+001 -2.7035860e+001 -2.7843914e+001 -2.8999798e+001 -2.8314804e+001 -2.8605556e+001 -2.8268635e+001
 -5.3333333e-002 -2.8064873e+001 -2.8286718e+001 -2.7052803e+001 -2.7817186e+001 -2.8967028e+001 -2.8299322e+001 -2.8637388e+001 -2.8253031e+001
 -4.6666667e-002 -2.8083004e+001 -2.8265795e+001 -2.7093220e+001 -2.7766224e+001 -2.8940136e+001 -2.8283266e+001 -2.8652859e+001 -2.8277290e+001
 -4.0000000e-002 -2.8063406e+001 -2.8264149e+001 -2.7057617e+001 -2.7766331e+001 -2.8970692e+001 -2.8281120e+001 -2.8658777e+001 -2.8292362e+001
 -3.3333333e-002 -2.8047888e+001 -2.8246031e+001 -2.7030264e+001 -2.7812958e+001 -2.8975349e+001 -2.8344511e+001 -2.8661249e+001 -2.8265699e+001
 -2.6666667e-002 -2.8091913e+001 -2.8243807e+001 -2.7059340e+001 -2.7805353e+001 -2.9029507e+001 -2.8343681e+001 -2.8643269e+001 -2.8285727e+001
 -2.0000000e-002 -2.8121134e+001 -2.8261948e+001 -2.7085863e+001 -2.7799149e+001 -2.9035313e+001 -2.8323572e+001 -2.8655119e+001 -2.8318310e+001
 -1.3333333e-002 -2.8066050e+001 -2.8234869e+001 -2.7040388e+001 -2.7814615e+001 -2.8982876e+001 -2.8332886e+001 -2.8653788e+001 -2.8296562e+001
 -6.6666667e-003 -2.8062361e+001 -2.8222954e+001 -2.7059029e+001 -2.7803007e+001 -2.8982477e+001 -2.8350874e+001 -2.8680664e+001 -2.8302946e+001
  0.0000000e+000 -2.8107817e+001 -2.8267445e+001 -2.7089098e+001 -2.7786945e+001 -2.9011120e+001 -2.8379723e+001 -2.8685419e+001 -2.8329903e+001
  6.6666667e-003 -2.8142378e+001 -2.8291655e+001 -2.7064465e+001 -2.7795033e+001 -2.8992582e+001 -2.8352308e+001 -2.8634892e+001 -2.8310198e+001
  1.3333333e-002 -2.8117371e+001 -2.8283537e+001 -2.7095495e+001 -2.7777428e+001 -2.8993990e+001 -2.8282360e+001 -2.8606802e+001 -2.8298229e+001
  2.0000000e-002 -2.8081463e+001 -2.8255672e+001 -2.7131788e+001 -2.7756521e+001 -2.9011076e+001 -2.8288557e+001 -2.8635286e+001 -2.8310419e+001
  2.6666667e-002 -2.8107964e+001 -2.8247877e+001 -2.7106699e+001 -2.7776863e+001 -2.8975855e+001 -2.8311726e+001 -2.8676447e+001 -2.8325537e+001
  3.3333333e-002 -2.8093540e+001 -2.8275379e+001 -2.7110985e+001 -2.7796122e+001 -2.8996260e+001 -2.8339550e+001 -2.8666796e+001 -2.8299147e+001
  4.0000000e-002 -2.8071598e+001 -2.8234562e+001 -2.7092066e+001 -2.7854046e+001 -2.9032734e+001 -2.8347113e+001 -2.8628626e+001 -2.8270433e+001
  4.6666667e-002 -2.8082905e+001 -2.8221670e+001 -2.7054928e+001 -2.7816713e+001 -2.8980482e+001 -2.8313072e+001 -2.8669708e+001 -2.8250057e+001
  5.3333333e-002 -2.8087029e+001 -2.8227276e+001 -2.7068226e+001 -2.7770973e+001 -2.8964354e+001 -2.8275049e+001 -2.8676870e+001 -2.8265074e+001
  6.0000000e-002 -2.8097101e+001 -2.8243235e+001 -2.7100428e+001 -2.7803295e+001 -2.8949064e+001 -2.8265888e+001 -2.8682373e+001 -2.8273994e+001
  6.6666667e-002 -2.8088436e+001 -2.8254827e+001 -2.7114403e+001 -2.7832336e+001 -2.8970995e+001 -2.8314123e+001 -2.8699594e+001 -2.8295195e+001
  7.3333333e-002 -2.8074919e+001 -2.8232571e+001 -2.7065271e+001 -2.7804161e+001 -2.9040428e+001 -2.8296741e+001 -2.8663504e+001 -2.8325777e+001
  8.0000000e-002 -2.8069168e+001 -2.8218372e+001 -2.7071871e+001 -2.7858053e+001 -2.9039885e+001 -2.8305414e+001 -2.8689762e+001 -2.8342983e+001
  8.6666667e-002 -2.8091484e+001 -2.8213827e+001 -2.7069221e+001 -2.7906191e+001 -2.9058474e+001 -2.8359709e+001 -2.8725700e+001 -2.8350801e+001
  9.3333333e-002 -2.8157156e+001 -2.8200191e+001 -2.7057697e+001 -2.7889830e+001 -2.9048420e+001 -2.8394030e+001 -2.8713381e+001 -2.8395166e+001
  1.0000000e-001 -2.8221647e+001 -2.8207554e+001 -2.7066114e+001 -2.7878122e+001 -2.9068977e+001 -2.8486256e+001 -2.8733330e+001 -2.8427021e+001
  1.0666667e-001 -2.8246258e+001 -2.8237411e+001 -2.7074892e+001 -2.7928425e+001 -2.9083418e+001 -2.8617449e+001 -2.8756933e+001 -2.8448015e+001
  1.1333333e-001 -2.8275593e+001 -2.8283035e+001 -2.7175995e+001 -2.7925669e+001 -2.9096111e+001 -2.8804581e+001 -2.8749403e+001 -2.8499294e+001
  1.2000000e-001 -2.8323557e+001 -2.8296946e+001 -2.7240307e+001 -2.7907396e+001 -2.9104445e+001 -2.9112988e+001 -2.8761230e+001 -2.8500681e+001
  1.2666667e-001 -2.8471498e+001 -2.8328884e+001 -2.7225229e+001 -2.7942398e+001 -2.9150473e+001 -2.9520262e+001 -2.8848425e+001 -2.8535038e+001
  1.3333333e-001 -2.8690155e+001 -2.8353443e+001 -2.7330954e+001 -2.7904575e+001 -2.9297878e+001 -3.0004215e+001 -2.9008844e+001 -2.8581099e+001
  1.4000000e-001 -2.9068670e+001 -2.8452721e+001 -2.7592009e+001 -2.7938292e+001 -2.9543543e+001 -3.0582506e+001 -2.9208006e+001 -2.8610815e+001
  1.4666667e-001 -2.9683933e+001 -2.8604568e+001 -2.8508762e+001 -2.7956903e+001 -2.9807949e+001 -3.1238546e+001 -2.9526922e+001 -2.8675604e+001
  1.5333333e-001 -3.0401258e+001 -2.8750805e+001 -2.9074026e+001 -2.7959639e+001 -3.0102358e+001 -3.1866316e+001 -2.9886415e+001 -2.8824594e+001
  1.6000000e-001 -3.1185974e+001 -2.8928898e+001 -2.9757547e+001 -2.8038868e+001 -3.0525812e+001 -3.2561325e+001 -3.0207670e+001 -2.9074074e+001
  1.6666667e-001 -3.1936052e+001 -2.9187855e+001 -3.0490473e+001 -2.8112551e+001 -3.0992748e+001 -3.3405945e+001 -3.0591089e+001 -2.9326777e+001
  1.7333333e-001 -3.2617485e+001 -2.9400673e+001 -3.1221235e+001 -2.8145603e+001 -3.1524664e+001 -3.4394493e+001 -3.0986353e+001 -2.9619301e+001
  1.8000000e-001 -3.3383770e+001 -2.9633070e+001 -3.2037464e+001 -2.8107090e+001 -3.2179642e+001 -3.5553493e+001 -3.1401072e+001 -2.9941257e+001
  1.8666667e-001 -3.4326721e+001 -2.9906872e+001 -3.3026878e+001 -2.8018789e+001 -3.3057255e+001 -3.7076191e+001 -3.1930548e+001 -3.0192400e+001
  1.9333333e-001 -3.5385033e+001 -3.0222973e+001 -3.4159908e+001 -2.7945602e+001 -3.4320030e+001 -3.9213112e+001 -3.2641556e+001 -3.0502529e+001
  2.0000000e-001 -3.6744190e+001 -3.0641384e+001 -3.5686905e+001 -2.7909847e+001 -3.5958138e+001 -4.0691456e+001 -3.3592659e+001 -3.0942837e+001
  2.0666667e-001 -3.8486233e+001 -3.1160639e+001 -3.7534344e+001 -2.7821375e+001 -3.7996857e+001 -4.2668041e+001 -3.4822090e+001 -3.1502821e+001
  2.1333333e-001 -4.0662952e+001 -3.1823395e+001 -3.9657078e+001 -2.7826008e+001 -4.0055943e+001 -4.4712193e+001 -3.6326668e+001 -3.2393173e+001
  2.2000000e-001 -4.3151443e+001 -3.2771896e+001 -4.1610027e+001 -2.7973738e+001 -4.3041904e+001 -4.6659225e+001 -3.8103134e+001 -3.3696922e+001
  2.2666667e-001 -4.5830074e+001 -3.4060284e+001 -4.4608624e+001 -2.8326197e+001 -4.5715164e+001 -4.8549870e+001 -4.0059666e+001 -3.5332481e+001
  2.3333333e-001 -4.8298336e+001 -3.5723099e+001 -4.7248844e+001 -2.8857252e+001 -4.8443665e+001 -5.0595284e+001 -4.2053493e+001 -3.7232704e+001
  2.4000000e-001 -5.1630253e+001 -3.7222580e+001 -5.0000881e+001 -2.9672457e+001 -5.1098431e+001 -5.2642323e+001 -4.4292919e+001 -3.9319019e+001
  2.4666667e-001 -5.4905563e+001 -3.9442226e+001 -5.2942776e+001 -3.0825546e+001 -5.3774010e+001 -5.4705784e+001 -4.6579918e+001 -4.1517891e+001
  2.5333333e-001 -5.8229214e+001 -4.2210449e+001 -5.5889717e+001 -3.2328033e+001 -5.6368820e+001 -5.6811779e+001 -4.9000893e+001 -4.3774883e+001
  2.6000000e-001 -6.1548470e+001 -4.4785469e+001 -5.8774025e+001 -3.4077892e+001 -5.8784428e+001 -5.8585632e+001 -5.1513329e+001 -4.5947430e+001
  2.6666667e-001 -6.4816345e+001 -4.7335785e+001 -6.1492428e+001 -3.5980896e+001 -6.1227119e+001 -6.0114307e+001 -5.4083763e+001 -4.8427265e+001
  2.7333333e-001 -6.7898132e+001 -4.9862041e+001 -6.4129021e+001 -3.7483650e+001 -6.3448605e+001 -6.1812038e+001 -5.6536453e+001 -5.0834724e+001
  2.8000000e-001 -7.0765747e+001 -5.2384991e+001 -6.6548592e+001 -3.9770679e+001 -6.5351654e+001 -6.3229843e+001 -5.8711864e+001 -5.3213936e+001
  2.8666667e-001 -7.3430954e+001 -5.4800400e+001 -6.8016747e+001 -4.1728165e+001 -6.7865913e+001 -6.4241890e+001 -6.0645298e+001 -5.5752487e+001
  2.9333333e-001 -7.5678322e+001 -5.7220715e+001 -6.9640152e+001 -4.3725945e+001 -6.8823914e+001 -6.4943909e+001 -6.1978367e+001 -5.8148701e+001
  3.0000000e-001 -7.7418358e+001 -5.9367119e+001 -7.1663086e+001 -4.5676086e+001 -7.0216377e+001 -6.5063774e+001 -6.2408653e+001 -6.0231052e+001
  3.0666667e-001 -7.8422485e+001 -6.1178913e+001 -7.2234924e+001 -4.7469921e+001 -7.1135872e+001 -6.5082657e+001 -6.2155834e+001 -6.1906826e+001
  3.1333333e-001 -7.9330704e+001 -6.2454063e+001 -7.1524712e+001 -4.9021416e+001 -7.0729309e+001 -6.4900368e+001 -6.1679867e+001 -6.3245163e+001
  3.2000000e-001 -8.0888268e+001 -6.2910053e+001 -7.1354729e+001 -5.0030567e+001 -7.0195145e+001 -6.4413597e+001 -6.1348221e+001 -6.4515549e+001
  3.2666667e-001 -8.1171051e+001 -6.2955788e+001 -7.1640999e+001 -5.0733719e+001 -6.9517593e+001 -6.3524067e+001 -6.1048470e+001 -6.5730553e+001
  3.3333333e-001 -8.0111450e+001 -6.2843437e+001 -7.1096245e+001 -5.1022213e+001 -6.8859642e+001 -6.2233456e+001 -6.0508667e+001 -6.6666656e+001
  3.4000000e-001 -7.9808846e+001 -6.2505856e+001 -7.0603989e+001 -5.1095585e+001 -6.7933418e+001 -6.0662395e+001 -5.9742702e+001 -6.6974236e+001
  3.4666667e-001 -7.9679169e+001 -6.2052551e+001 -7.0230713e+001 -5.1278263e+001 -6.6742142e+001 -5.8893524e+001 -5.8636066e+001 -6.6911858e+001
  3.5333333e-001 -7.8844986e+001 -6.1383896e+001 -6.9557907e+001 -5.1135612e+001 -6.5115608e+001 -5.6985424e+001 -5.7074295e+001 -6.6945221e+001
  3.6000000e-001 -7.7739731e+001 -6.0556477e+001 -6.8922646e+001 -5.1079990e+001 -6.3080521e+001 -5.4966846e+001 -5.5085152e+001 -6.6942375e+001
  3.6666667e-001 -7.6282570e+001 -5.9438679e+001 -6.8031441e+001 -5.0870876e+001 -6.0599720e+001 -5.2982269e+001 -5.2671154e+001 -6.6531944e+001
  3.7333333e-001 -7.4588783e+001 -5.8047974e+001 -6.6754807e+001 -5.0401051e+001 -5.7788223e+001 -5.0968788e+001 -5.0104759e+001 -6.5752869e+001
  3.8000000e-001 -7.2601921e+001 -5.6394344e+001 -6.5168991e+001 -4.9679424e+001 -5.5017338e+001 -4.9128201e+001 -4.7429783e+001 -6.4493294e+001
  3.8666667e-001 -7.0231712e+001 -5.4499184e+001 -6.3179600e+001 -4.8523144e+001 -5.2216347e+001 -4.7365993e+001 -4.4708298e+001 -6.2697086e+001
  3.9333333e-001 -6.7736961e+001 -5.2490242e+001 -6.0942337e+001 -4.7240463e+001 -4.9426678e+001 -4.5735947e+001 -4.2098606e+001 -6.0623516e+001
  4.0000000e-001 -6.5050835e+001 -5.0351288e+001 -5.8457752e+001 -4.5803463e+001 -4.6856064e+001 -4.4373306e+001 -3.9642891e+001 -5.8372791e+001
  4.0666667e-001 -6.2189713e+001 -4.8134861e+001 -5.5702183e+001 -4.4148067e+001 -4.4501167e+001 -4.3185650e+001 -3.7559032e+001 -5.6119751e+001
  4.1333333e-001 -5.9348087e+001 -4.6002392e+001 -5.2857090e+001 -4.2473251e+001 -4.2267353e+001 -4.2174416e+001 -3.5747803e+001 -5.3868198e+001
  4.2000000e-001 -5.6566292e+001 -4.4012638e+001 -4.9966576e+001 -4.0937077e+001 -4.0346928e+001 -4.1271011e+001 -3.4338989e+001 -5.1671413e+001
  4.2666667e-001 -5.3906715e+001 -4.2118317e+001 -4.7086113e+001 -3.9323402e+001 -3.8774479e+001 -4.0479378e+001 -3.3210392e+001 -4.9482838e+001
  4.3333333e-001 -5.1464554e+001 -4.0226242e+001 -4.4187431e+001 -3.7684097e+001 -3.7448860e+001 -3.9665684e+001 -3.2419662e+001 -4.7305099e+001
  4.4000000e-001 -4.9338856e+001 -3.8477470e+001 -4.1550446e+001 -3.6203888e+001 -3.6543056e+001 -3.8813866e+001 -3.2050743e+001 -4.5374794e+001
  4.4666667e-001 -4.7550831e+001 -3.6774574e+001 -3.9115200e+001 -3.4722172e+001 -3.5805874e+001 -3.7971634e+001 -3.1772196e+001 -4.3573227e+001
  4.5333333e-001 -4.5999714e+001 -3.5300617e+001 -3.6828331e+001 -3.3330433e+001 -3.5234421e+001 -3.7180058e+001 -3.1899975e+001 -4.2026081e+001
  4.6000000e-001 -4.4852730e+001 -3.4030563e+001 -3.4972496e+001 -3.2118141e+001 -3.4930260e+001 -3.6600121e+001 -3.2172165e+001 -4.0820122e+001
  4.6666667e-001 -4.3942318e+001 -3.2819508e+001 -3.3695206e+001 -3.1255161e+001 -3.4671265e+001 -3.6221176e+001 -3.2447166e+001 -3.9715229e+001
  4.7333333e-001 -4.3292412e+001 -3.1970282e+001 -3.2650162e+001 -3.0680616e+001 -3.4668533e+001 -3.6028591e+001 -3.2670269e+001 -3.8676060e+001
  4.8000000e-001 -4.3105576e+001 -3.1473799e+001 -3.1947229e+001 -3.0334213e+001 -3.4926922e+001 -3.5932529e+001 -3.2606655e+001 -3.7959164e+001
  4.8666667e-001 -4.3291019e+001 -3.1107103e+001 -3.1667353e+001 -3.0418213e+001 -3.5343342e+001 -3.5948212e+001 -3.2412514e+001 -3.7434944e+001
  4.9333333e-001 -4.3827206e+001 -3.0877775e+001 -3.1914295e+001 -3.0720798e+001 -3.6068176e+001 -3.6045227e+001 -3.2540829e+001 -3.6882809e+001
  5.0000000e-001 -4.4277225e+001 -3.0749243e+001 -3.2666546e+001 -3.0942202e+001 -3.7032772e+001 -3.6105579e+001 -3.3091106e+001 -3.6464336e+001
  5.0666667e-001 -4.4449249e+001 -3.0737320e+001 -3.3720692e+001 -3.1344671e+001 -3.7938034e+001 -3.6266014e+001 -3.3989445e+001 -3.6274765e+001
  5.1333333e-001 -4.4593891e+001 -3.0774582e+001 -3.4971416e+001 -3.1720058e+001 -3.8609375e+001 -3.6382084e+001 -3.5072102e+001 -3.6219200e+001
  5.2000000e-001 -4.4676941e+001 -3.0873535e+001 -3.5945587e+001 -3.1998289e+001 -3.9090145e+001 -3.6285885e+001 -3.6089588e+001 -3.6489223e+001
  5.2666667e-001 -4.4678230e+001 -3.1065760e+001 -3.6547581e+001 -3.2325005e+001 -3.9335125e+001 -3.6284813e+001 -3.6758057e+001 -3.6918797e+001
  5.3333333e-001 -4.4470005e+001 -3.1444197e+001 -3.6754566e+001 -3.2785854e+001 -3.9239822e+001 -3.6083359e+001 -3.6817921e+001 -3.7445644e+001
  5.4000000e-001 -4.3963654e+001 -3.1824940e+001 -3.6559971e+001 -3.3424717e+001 -3.9110435e+001 -3.5838772e+001 -3.6761101e+001 -3.8033272e+001
  5.4666667e-001 -4.3709663e+001 -3.2036095e+001 -3.6134354e+001 -3.4283966e+001 -3.9026642e+001 -3.5701385e+001 -3.6712593e+001 -3.8552872e+001
  5.5333333e-001 -4.3433647e+001 -3.2308506e+001 -3.5769482e+001 -3.5158493e+001 -3.9015499e+001 -3.5651520e+001 -3.6717896e+001 -3.8993801e+001
  5.6000000e-001 -4.3110531e+001 -3.2444492e+001 -3.5729263e+001 -3.5800617e+001 -3.9125629e+001 -3.5648483e+001 -3.6864353e+001 -3.9352573e+001
  5.6666667e-001 -4.2948074e+001 -3.2444801e+001 -3.5838589e+001 -3.6274944e+001 -3.9369186e+001 -3.5667282e+001 -3.7228062e+001 -3.9651169e+001
  5.7333333e-001 -4.2869907e+001 -3.2524853e+001 -3.5988983e+001 -3.6611641e+001 -3.9721100e+001 -3.5745758e+001 -3.7806026e+001 -3.9802593e+001
  5.8000000e-001 -4.2978851e+001 -3.2606644e+001 -3.6359592e+001 -3.6764805e+001 -3.9963799e+001 -3.5776981e+001 -3.8397827e+001 -3.9918427e+001
  5.8666667e-001 -4.3110199e+001 -3.2549438e+001 -3.6677715e+001 -3.6817760e+001 -4.0251518e+001 -3.5736629e+001 -3.8891323e+001 -4.0076714e+001
  5.9333333e-001 -4.3281742e+001 -3.2508408e+001 -3.6821346e+001 -3.6928234e+001 -4.0639221e+001 -3.5664558e+001 -3.9345627e+001 -4.0311115e+001
  6.0000000e-001 -4.3420238e+001 -3.2568958e+001 -3.6816730e+001 -3.7067455e+001 -4.0830303e+001 -3.5609520e+001 -3.9794586e+001 -4.0438419e+001
  6.0666667e-001 -4.3457222e+001 -3.2594093e+001 -3.6887253e+001 -3.7356201e+001 -4.0989418e+001 -3.5580639e+001 -4.0131317e+001 -4.0625717e+001
  6.1333333e-001 -4.3416283e+001 -3.2551037e+001 -3.6900349e+001 -3.7663631e+001 -4.1128456e+001 -3.5433231e+001 -4.0349205e+001 -4.0862823e+001
  6.2000000e-001 -4.3331551e+001 -3.2575798e+001 -3.6742626e+001 -3.7932171e+001 -4.1235210e+001 -3.5384407e+001 -4.0531052e+001 -4.1061337e+001
  6.2666667e-001 -4.3282207e+001 -3.2588070e+001 -3.6556778e+001 -3.8243198e+001 -4.1370396e+001 -3.5345921e+001 -4.0489079e+001 -4.1307167e+001
  6.3333333e-001 -4.3280926e+001 -3.2463779e+001 -3.6431900e+001 -3.8456505e+001 -4.1472336e+001 -3.5320526e+001 -4.0467121e+001 -4.1558964e+001
  6.4000000e-001 -4.3224190e+001 -3.2380554e+001 -3.6409637e+001 -3.8752743e+001 -4.1384308e+001 -3.5321758e+001 -4.0596085e+001 -4.1802059e+001
  6.4666667e-001 -4.3041897e+001 -3.2387573e+001 -3.6444405e+001 -3.8972794e+001 -4.1299374e+001 -3.5299999e+001 -4.0735157e+001 -4.1912674e+001
  6.5333333e-001 -4.2931057e+001 -3.2294689e+001 -3.6502388e+001 -3.8953152e+001 -4.1379028e+001 -3.5334045e+001 -4.0816616e+001 -4.1992672e+001
  6.6000000e-001 -4.2900734e+001 -3.2133732e+001 -3.6587563e+001 -3.8929764e+001 -4.1470196e+001 -3.5354160e+001 -4.0890648e+001 -4.2185665e+001
  6.6666667e-001 -4.2864685e+001 -3.1887012e+001 -3.6617043e+001 -3.9027309e+001 -4.1329559e+001 -3.5270641e+001 -4.1107155e+001 -4.2268375e+001
  6.7333333e-001 -4.2725834e+001 -3.1750975e+001 -3.6681519e+001 -3.9083263e+001 -4.1234795e+001 -3.5210674e+001 -4.1260635e+001 -4.2295532e+001
  6.8000000e-001 -4.2567070e+001 -3.1707279e+001 -3.6761753e+001 -3.9141270e+001 -4.1157467e+001 -3.5238880e+001 -4.1448906e+001 -4.2309357e+001
  6.8666667e-001 -4.2494934e+001 -3.1585421e+001 -3.6868469e+001 -3.9235447e+001 -4.0928585e+001 -3.5122330e+001 -4.1544521e+001 -4.2300526e+001
  6.9333333e-001 -4.2334980e+001 -3.1587929e+001 -3.6965034e+001 -3.9382538e+001 -4.0784504e+001 -3.5023861e+001 -4.1656567e+001 -4.2351059e+001
  7.0000000e-001 -4.2201939e+001 -3.1603071e+001 -3.7096344e+001 -3.9703533e+001 -4.0665859e+001 -3.4986790e+001 -4.1760708e+001 -4.2344933e+001
  7.0666667e-001 -4.2068657e+001 -3.1554262e+001 -3.7154613e+001 -3.9878304e+001 -4.0628693e+001 -3.4862579e+001 -4.1838886e+001 -4.2318150e+001
  7.1333333e-001 -4.1984455e+001 -3.1473867e+001 -3.7252785e+001 -3.9915199e+001 -4.0650974e+001 -3.4908077e+001 -4.2013355e+001 -4.2315388e+001
  7.2000000e-001 -4.1945877e+001 -3.1536493e+001 -3.7489601e+001 -4.0103718e+001 -4.0660404e+001 -3.5036613e+001 -4.2116089e+001 -4.2432178e+001
  7.2666667e-001 -4.1862167e+001 -3.1641285e+001 -3.7583790e+001 -4.0229984e+001 -4.0641125e+001 -3.4994835e+001 -4.2300140e+001 -4.2513023e+001
  7.3333333e-001 -4.1752789e+001 -3.1609903e+001 -3.7574406e+001 -4.0341805e+001 -4.0661877e+001 -3.4881126e+001 -4.2483700e+001 -4.2350548e+001
  7.4000000e-001 -4.1678368e+001 -3.1669006e+001 -3.7726208e+001 -4.0552135e+001 -4.0589947e+001 -3.4891739e+001 -4.2591980e+001 -4.2365948e+001
  7.4666667e-001 -4.1584614e+001 -3.1713238e+001 -3.7777462e+001 -4.0611088e+001 -4.0536217e+001 -3.4903759e+001 -4.2761971e+001 -4.2409374e+001
  7.5333333e-001 -4.1536720e+001 -3.1715954e+001 -3.7725040e+001 -4.0712456e+001 -4.0588284e+001 -3.4831078e+001 -4.2842392e+001 -4.2262924e+001
  7.6000000e-001 -4.1607780e+001 -3.1776546e+001 -3.7696335e+001 -4.0911140e+001 -4.0483883e+001 -3.4913261e+001 -4.2929775e+001 -4.2238903e+001
  7.6666667e-001 -4.1538990e+001 -3.1806549e+001 -3.7687672e+001 -4.1000896e+001 -4.0290096e+001 -3.4988281e+001 -4.2907066e+001 -4.2346046e+001
  7.7333333e-001 -4.1515686e+001 -3.1835602e+001 -3.7577072e+001 -4.1124428e+001 -4.0185020e+001 -3.5027508e+001 -4.2889431e+001 -4.2347466e+001
  7.8000000e-001 -4.1489521e+001 -3.1893084e+001 -3.7621624e+001 -4.1248554e+001 -4.0201447e+001 -3.5168209e+001 -4.2884041e+001 -4.2297813e+001
  7.8666667e-001 -4.1412579e+001 -3.1963057e+001 -3.7715546e+001 -4.1355335e+001 -4.0103298e+001 -3.5196526e+001 -4.2753452e+001 -4.2300968e+001
  7.9333333e-001 -4.1505905e+001 -3.1923283e+001 -3.7696651e+001 -4.1496166e+001 -4.0016884e+001 -3.5233356e+001 -4.2813972e+001 -4.2336121e+001
  8.0000000e-001 -4.1372364e+001 -3.1956144e+001 -3.7752583e+001 -4.1689819e+001 -4.0034595e+001 -3.5336327e+001 -4.2925041e+001 -4.2380131e+001
  8.0666667e-001 -4.1303078e+001 -3.2048100e+001 -3.7818886e+001 -4.1603470e+001 -4.0011997e+001 -3.5427006e+001 -4.2829025e+001 -4.2348003e+001
  8.1333333e-001 -4.1354473e+001 -3.2006523e+001 -3.7901299e+001 -4.1538807e+001 -3.9985779e+001 -3.5512783e+001 -4.2687195e+001 -4.2333588e+001
  8.2000000e-001 -4.1317993e+001 -3.2040508e+001 -3.8019955e+001 -4.1742504e+001 -3.9956375e+001 -3.5605125e+001 -4.2594971e+001 -4.2367626e+001
  8.2666667e-001 -4.1410564e+001 -3.2214287e+001 -3.8153313e+001 -4.1853336e+001 -3.9885124e+001 -3.5680355e+001 -4.2581776e+001 -4.2366528e+001
  8.3333333e-001 -4.1535374e+001 -3.2239578e+001 -3.8210979e+001 -4.1870930e+001 -3.9844219e+001 -3.5675503e+001 -4.2566227e+001 -4.2304821e+001
  8.4000000e-001 -4.1523499e+001 -3.2202118e+001 -3.8320179e+001 -4.2030357e+001 -3.9791218e+001 -3.5811184e+001 -4.2564461e+001 -4.2348282e+001
  8.4666667e-001 -4.1598270e+001 -3.2278240e+001 -3.8423378e+001 -4.2205208e+001 -3.9835609e+001 -3.5933777e+001 -4.2599106e+001 -4.2440094e+001
  8.5333333e-001 -4.1674644e+001 -3.2406998e+001 -3.8535870e+001 -4.2907948e+001 -3.9801506e+001 -3.6002071e+001 -4.2663559e+001 -4.2490810e+001
  8.6000000e-001 -4.1720798e+001 -3.2436104e+001 -3.8713604e+001 -4.3155865e+001 -3.9820648e+001 -3.6088211e+001 -4.2692776e+001 -4.2481964e+001
  8.6666667e-001 -4.1860203e+001 -3.2480659e+001 -3.8842598e+001 -4.3394814e+001 -3.9834019e+001 -3.6216389e+001 -4.2695820e+001 -4.2442265e+001
  8.7333333e-001 -4.1834156e+001 -3.2655464e+001 -3.8954369e+001 -4.3607136e+001 -3.9836220e+001 -3.6328487e+001 -4.2643917e+001 -4.2452419e+001
  8.8000000e-001 -4.1737656e+001 -3.2747089e+001 -3.9153866e+001 -4.3859638e+001 -3.9812656e+001 -3.6337975e+001 -4.2653366e+001 -4.2448570e+001
  8.8666667e-001 -4.1776295e+001 -3.2795086e+001 -3.9248924e+001 -4.4096970e+001 -3.9741787e+001 -3.6475304e+001 -4.2718800e+001 -4.2486530e+001
  8.9333333e-001 -4.1781773e+001 -3.2942284e+001 -3.9330940e+001 -4.4337791e+001 -3.9745193e+001 -3.6652603e+001 -4.2799122e+001 -4.2555161e+001
  9.0000000e-001 -4.1770550e+001 -3.3120293e+001 -3.9473820e+001 -4.4587166e+001 -3.9707382e+001 -3.6694298e+001 -4.2853031e+001 -4.2705338e+001
  9.0666667e-001 -4.1902576e+001 -3.3097931e+001 -3.9605766e+001 -4.4809280e+001 -3.9716179e+001 -3.6743870e+001 -4.2829491e+001 -4.2730564e+001
  9.1333333e-001 -4.1908508e+001 -3.3149448e+001 -3.9664322e+001 -4.5072701e+001 -3.9737133e+001 -3.6881088e+001 -4.2862663e+001 -4.2675896e+001
  9.2000000e-001 -4.1878754e+001 -3.3329269e+001 -3.9685219e+001 -4.5366455e+001 -3.9698330e+001 -3.7020634e+001 -4.2888432e+001 -4.2797226e+001
  9.2666667e-001 -4.1875362e+001 -3.3331028e+001 -3.9711926e+001 -4.5613827e+001 -3.9798977e+001 -3.7018299e+001 -4.2913818e+001 -4.2844238e+001
  9.3333333e-001 -4.1887005e+001 -3.3419395e+001 -3.9799335e+001 -4.5781696e+001 -3.9828140e+001 -3.7065140e+001 -4.2978241e+001 -4.2926102e+001
  9.4000000e-001 -4.1959187e+001 -3.3558311e+001 -3.9887730e+001 -4.5995522e+001 -3.9972240e+001 -3.7148689e+001 -4.3095322e+001 -4.3017323e+001
  9.4666667e-001 -4.2020325e+001 -3.3553947e+001 -3.9980099e+001 -4.6137405e+001 -4.0074940e+001 -3.7282944e+001 -4.3215038e+001 -4.3020096e+001
  9.5333333e-001 -4.2029472e+001 -3.3714779e+001 -4.0101089e+001 -4.6199127e+001 -4.0128891e+001 -3.7373508e+001 -4.3262035e+001 -4.2958454e+001
  9.6000000e-001 -4.2199108e+001 -3.3883213e+001 -4.0058598e+001 -4.6314449e+001 -4.0236965e+001 -3.7416473e+001 -4.3319008e+001 -4.2957169e+001
  9.6666667e-001 -4.2271511e+001 -3.4023357e+001 -4.0081722e+001 -4.6413681e+001 -4.0349133e+001 -3.7519627e+001 -4.3271442e+001 -4.2965252e+001
  9.7333333e-001 -4.2195660e+001 -3.4189297e+001 -4.0257565e+001 -4.6480656e+001 -4.0376274e+001 -3.7664051e+001 -4.3160130e+001 -4.3023090e+001
  9.8000000e-001 -4.2370651e+001 -3.4295601e+001 -4.0367271e+001 -4.6520580e+001 -4.0490765e+001 -3.7727310e+001 -4.3150219e+001 -4.3030918e+001
  9.8666667e-001 -4.2552097e+001 -3.4498505e+001 -4.0401955e+001 -4.6659134e+001 -4.0591301e+001 -3.7718193e+001 -4.3231670e+001 -4.2965313e+001
  9.9333333e-001 -4.2632854e+001 -3.4608177e+001 -4.0398312e+001 -4.6796326e+001 -4.0553188e+001 -3.7735050e+001 -4.3250671e+001 -4.2968552e+001
  1.0000000e+000 -4.2779495e+001 -3.4677261e+001 -4.0574448e+001 -4.6884628e+001 -4.0688023e+001 -3.7823296e+001 -4.3364117e+001 -4.2991619e+001
  1.0066667e+000 -4.2826366e+001 -3.4737938e+001 -4.0716290e+001 -4.7048172e+001 -4.0790100e+001 -3.7881145e+001 -4.3526405e+001 -4.3034786e+001
  1.0133333e+000 -4.2897301e+001 -3.4815575e+001 -4.0712406e+001 -4.7246574e+001 -4.0979263e+001 -3.7951809e+001 -4.3522598e+001 -4.3097378e+001
  1.0200000e+000 -4.3135483e+001 -3.4903175e+001 -4.0837341e+001 -4.7458111e+001 -4.1250805e+001 -3.7968155e+001 -4.3536060e+001 -4.3101822e+001
  1.0266667e+000 -4.3270851e+001 -3.5063007e+001 -4.0897636e+001 -4.7714985e+001 -4.1396446e+001 -3.8065311e+001 -4.3639214e+001 -4.3133236e+001
  1.0333333e+000 -4.3418583e+001 -3.5281132e+001 -4.0949715e+001 -4.7959816e+001 -4.1694927e+001 -3.8167374e+001 -4.3668587e+001 -4.3158829e+001
  1.0400000e+000 -4.3563335e+001 -3.5350460e+001 -4.1015816e+001 -4.8213879e+001 -4.1967205e+001 -3.8294418e+001 -4.3708191e+001 -4.3179276e+001
  1.0466667e+000 -4.3608994e+001 -3.5543247e+001 -4.1008533e+001 -4.8400105e+001 -4.2156639e+001 -3.8436665e+001 -4.3918152e+001 -4.3212631e+001
  1.0533333e+000 -4.3739277e+001 -3.5665920e+001 -4.1065807e+001 -4.8038746e+001 -4.2459545e+001 -3.8535881e+001 -4.4131077e+001 -4.3184376e+001
  1.0600000e+000 -4.3812149e+001 -3.5725903e+001 -4.1065182e+001 -4.8891571e+001 -4.2743732e+001 -3.8628620e+001 -4.4252831e+001 -4.3184273e+001
  1.0666667e+000 -4.3850121e+001 -3.5953560e+001 -4.1055511e+001 -4.9050655e+001 -4.2958054e+001 -3.8784908e+001 -4.4411545e+001 -4.3284824e+001
  1.0733333e+000 -4.3903152e+001 -3.6151161e+001 -4.1041203e+001 -4.8670006e+001 -4.3299850e+001 -3.8991817e+001 -4.4590664e+001 -4.3326405e+001
  1.0800000e+000 -4.4037334e+001 -3.6166283e+001 -4.0915634e+001 -4.8770267e+001 -4.3654545e+001 -3.9216549e+001 -4.4707195e+001 -4.3275528e+001
  1.0866667e+000 -4.4060368e+001 -3.6267693e+001 -4.0864662e+001 -4.8877556e+001 -4.3912521e+001 -3.9387661e+001 -4.4858280e+001 -4.3269562e+001
  1.0933333e+000 -4.4040642e+001 -3.6427692e+001 -4.0869038e+001 -4.9301601e+001 -4.4246437e+001 -3.9544319e+001 -4.5080494e+001 -4.3271839e+001
  1.1000000e+000 -4.4010845e+001 -3.6411789e+001 -4.0937004e+001 -4.9400787e+001 -4.4630051e+001 -3.9737667e+001 -4.5396263e+001 -4.3362774e+001
  1.1066667e+000 -4.4039642e+001 -3.6403061e+001 -4.0990307e+001 -4.9519203e+001 -4.4981636e+001 -3.9970963e+001 -4.5560806e+001 -4.3418789e+001
  1.1133333e+000 -4.4142097e+001 -3.6505066e+001 -4.0885540e+001 -4.9615517e+001 -4.5411606e+001 -4.0184410e+001 -4.5660942e+001 -4.3387054e+001
  1.1200000e+000 -4.4181873e+001 -3.6581257e+001 -4.0856831e+001 -4.9718460e+001 -4.5787865e+001 -4.0443295e+001 -4.5893715e+001 -4.3418308e+001
  1.1266667e+000 -4.4305862e+001 -3.6574715e+001 -4.0932644e+001 -4.9865410e+001 -4.6161968e+001 -4.0591042e+001 -4.6087700e+001 -4.3484852e+001
  1.1333333e+000 -4.4308681e+001 -3.6645313e+001 -4.0950741e+001 -5.0067272e+001 -4.6612869e+001 -4.0698429e+001 -4.6195145e+001 -4.3515800e+001
  1.1400000e+000 -4.4298153e+001 -3.6709385e+001 -4.0953178e+001 -5.0308163e+001 -4.7165268e+001 -4.0946693e+001 -4.6393120e+001 -4.3657734e+001
  1.1466667e+000 -4.4477028e+001 -3.6881161e+001 -4.1034325e+001 -5.0599846e+001 -4.7660088e+001 -4.1131599e+001 -4.6544811e+001 -4.3762806e+001
  1.1533333e+000 -4.4592487e+001 -3.7030132e+001 -4.1096458e+001 -5.0941277e+001 -4.8072273e+001 -4.1299755e+001 -4.6708042e+001 -4.3866856e+001
  1.1600000e+000 -4.4713913e+001 -3.7038689e+001 -4.1033936e+001 -5.1318321e+001 -4.8586491e+001 -4.1545383e+001 -4.6763485e+001 -4.4024899e+001
  1.1666667e+000 -4.4786488e+001 -3.7094048e+001 -4.1069530e+001 -5.1728836e+001 -4.9028706e+001 -4.1796101e+001 -4.6880802e+001 -4.4200581e+001
  1.1733333e+000 -4.4765369e+001 -3.7209293e+001 -4.0951298e+001 -5.2167908e+001 -4.9418121e+001 -4.1993313e+001 -4.7043247e+001 -4.4388733e+001
  1.1800000e+000 -4.4999584e+001 -3.7321060e+001 -4.1075169e+001 -5.2607845e+001 -4.9781052e+001 -4.2111954e+001 -4.7169437e+001 -4.4610935e+001
  1.1866667e+000 -4.5301250e+001 -3.7498791e+001 -4.1100094e+001 -5.3046249e+001 -5.0329647e+001 -4.2240387e+001 -4.7228878e+001 -4.4853458e+001
  1.1933333e+000 -4.5405396e+001 -3.7561138e+001 -4.1151733e+001 -5.3493496e+001 -5.0834373e+001 -4.2487240e+001 -4.7268688e+001 -4.5132088e+001
  1.2000000e+000 -4.5467308e+001 -3.7543537e+001 -4.1055954e+001 -5.3944233e+001 -5.1278118e+001 -4.2661358e+001 -4.7381504e+001 -4.5335709e+001
  1.2066667e+000 -4.5608677e+001 -3.7658844e+001 -4.1054985e+001 -5.4390556e+001 -5.1736546e+001 -4.2852303e+001 -4.7587585e+001 -4.5528637e+001
  1.2133333e+000 -4.5825600e+001 -3.7824100e+001 -4.1153542e+001 -5.4827450e+001 -5.2167709e+001 -4.3080662e+001 -4.7705563e+001 -4.5823532e+001
  1.2200000e+000 -4.6061104e+001 -3.7930038e+001 -4.1204430e+001 -5.5245644e+001 -5.2593048e+001 -4.3269520e+001 -4.7777245e+001 -4.6202930e+001
  1.2266667e+000 -4.6214069e+001 -3.7987408e+001 -4.1229141e+001 -5.5618034e+001 -5.2941540e+001 -4.3474468e+001 -4.7934505e+001 -4.6621094e+001
  1.2333333e+000 -4.6368397e+001 -3.8062531e+001 -4.1768139e+001 -5.5928310e+001 -5.3300804e+001 -4.3695202e+001 -4.8078018e+001 -4.7095238e+001
  1.2400000e+000 -4.6634949e+001 -3.8232948e+001 -4.1871162e+001 -5.6202003e+001 -5.3611233e+001 -4.3906265e+001 -4.8214718e+001 -4.7496216e+001
  1.2466667e+000 -4.6931561e+001 -3.8315121e+001 -4.2040142e+001 -5.6472134e+001 -5.3924793e+001 -4.4086571e+001 -4.8429173e+001 -4.7867348e+001
  1.2533333e+000 -4.7148865e+001 -3.8386913e+001 -4.2180740e+001 -5.6719601e+001 -5.4258892e+001 -4.4315849e+001 -4.8587379e+001 -4.8346252e+001
  1.2600000e+000 -4.7430843e+001 -3.8520821e+001 -4.2230091e+001 -5.6937611e+001 -5.4574696e+001 -4.4498493e+001 -4.8642582e+001 -4.8923759e+001
  1.2666667e+000 -4.7664013e+001 -3.8645317e+001 -4.2297485e+001 -5.7188622e+001 -5.4857727e+001 -4.4510975e+001 -4.8790588e+001 -4.9471790e+001
  1.2733333e+000 -4.7816170e+001 -3.8780285e+001 -4.2404358e+001 -5.7444855e+001 -5.5181896e+001 -4.4664337e+001 -4.8904266e+001 -4.9933243e+001
  1.2800000e+000 -4.7892403e+001 -3.8887268e+001 -4.2460590e+001 -5.7692410e+001 -5.5528614e+001 -4.4951992e+001 -4.9069450e+001 -5.0499668e+001
  1.2866667e+000 -4.8097534e+001 -3.9016670e+001 -4.2479874e+001 -5.7974476e+001 -5.5842216e+001 -4.5174500e+001 -4.9221886e+001 -5.1101719e+001
  1.2933333e+000 -4.8274536e+001 -3.8956272e+001 -4.2477608e+001 -5.8260242e+001 -5.6134995e+001 -4.5369667e+001 -4.9330265e+001 -5.1734371e+001
  1.3000000e+000 -4.8521225e+001 -3.8920658e+001 -4.2567287e+001 -5.8562031e+001 -5.6595932e+001 -4.5625072e+001 -4.9441189e+001 -5.2396881e+001
  1.3066667e+000 -4.8794376e+001 -3.9107590e+001 -4.2642937e+001 -5.8899284e+001 -5.6963108e+001 -4.5922085e+001 -4.9598721e+001 -5.3091320e+001
  1.3133333e+000 -4.8864288e+001 -3.9280025e+001 -4.2659451e+001 -5.9250763e+001 -5.7261375e+001 -4.6267727e+001 -4.9810654e+001 -5.3817135e+001
  1.3200000e+000 -4.9000076e+001 -3.9355114e+001 -4.2758934e+001 -5.9610088e+001 -5.7600880e+001 -4.6652573e+001 -4.9988094e+001 -5.4559124e+001
  1.3266667e+000 -4.9186829e+001 -3.9465839e+001 -4.2878716e+001 -5.9981636e+001 -5.8010777e+001 -4.6903023e+001 -5.0311562e+001 -5.5231564e+001
  1.3333333e+000 -4.9465889e+001 -3.9608047e+001 -4.2973232e+001 -6.0374531e+001 -5.8284233e+001 -4.7199905e+001 -5.0454819e+001 -5.5964508e+001
  1.3400000e+000 -4.9640030e+001 -3.9716694e+001 -4.3047234e+001 -6.0750523e+001 -5.8600716e+001 -4.7511242e+001 -5.0514603e+001 -5.6744537e+001
  1.3466667e+000 -4.9694687e+001 -3.9773140e+001 -4.3177208e+001 -6.1111698e+001 -5.8991943e+001 -4.7878666e+001 -5.0718185e+001 -5.7601410e+001
  1.3533333e+000 -4.9808197e+001 -3.9860020e+001 -4.3291267e+001 -6.1494545e+001 -5.9331409e+001 -4.8138161e+001 -5.1015945e+001 -5.8471931e+001
  1.3600000e+000 -4.9978245e+001 -3.9985065e+001 -4.3323086e+001 -6.1906075e+001 -5.9739132e+001 -4.8309097e+001 -5.1173569e+001 -5.9320290e+001
  1.3666667e+000 -5.0052124e+001 -4.0065987e+001 -4.3410416e+001 -6.2319828e+001 -6.0095268e+001 -4.8527676e+001 -5.1288460e+001 -6.0218479e+001
  1.3733333e+000 -5.0015102e+001 -4.0164799e+001 -4.3486320e+001 -6.2707256e+001 -6.0487091e+001 -4.8748936e+001 -5.1516109e+001 -6.1125782e+001
  1.3800000e+000 -5.0043694e+001 -4.0091522e+001 -4.3570667e+001 -6.3109520e+001 -6.0977123e+001 -4.8997910e+001 -5.1664818e+001 -6.2014793e+001
  1.3866667e+000 -5.0177483e+001 -4.0188751e+001 -4.3700939e+001 -6.3551338e+001 -6.1492760e+001 -4.9312752e+001 -5.1785912e+001 -6.2894112e+001
  1.3933333e+000 -5.0336369e+001 -4.0410110e+001 -4.3791393e+001 -6.3989460e+001 -6.1880585e+001 -4.9574142e+001 -5.1998245e+001 -6.3806297e+001
  1.4000000e+000 -5.0361580e+001 -4.0485687e+001 -4.3831055e+001 -6.4413094e+001 -6.2242523e+001 -4.9810173e+001 -5.2251896e+001 -6.4678703e+001
  1.4066667e+000 -5.0515278e+001 -4.0570438e+001 -4.3952988e+001 -6.4822960e+001 -6.2823158e+001 -4.9999092e+001 -5.2412876e+001 -6.5420235e+001
  1.4133333e+000 -5.0644844e+001 -4.0756882e+001 -4.4139626e+001 -6.5228844e+001 -6.3311981e+001 -5.0237232e+001 -5.2677635e+001 -6.6208443e+001
  1.4200000e+000 -5.0705254e+001 -4.0950077e+001 -4.4284260e+001 -6.5661171e+001 -6.3703892e+001 -5.0468147e+001 -5.2992836e+001 -6.7063110e+001
  1.4266667e+000 -5.0755817e+001 -4.1061428e+001 -4.4483162e+001 -6.6109398e+001 -6.4219833e+001 -5.0546520e+001 -5.3212914e+001 -6.7850456e+001
  1.4333333e+000 -5.0845310e+001 -4.1083294e+001 -4.4771084e+001 -6.6561615e+001 -6.4793587e+001 -5.0676388e+001 -5.3317444e+001 -6.8523720e+001
  1.4400000e+000 -5.0991756e+001 -4.1098747e+001 -4.5056198e+001 -6.7030914e+001 -6.5295288e+001 -5.0929337e+001 -5.3496395e+001 -6.9324783e+001
  1.4466667e+000 -5.0905754e+001 -4.1253601e+001 -4.5709854e+001 -6.7491371e+001 -6.5671089e+001 -5.1203297e+001 -5.3759708e+001 -7.0264557e+001
  1.4533333e+000 -5.0934189e+001 -4.1349243e+001 -4.6111774e+001 -6.7957848e+001 -6.6094582e+001 -5.1398750e+001 -5.3935669e+001 -7.1013901e+001
  1.4600000e+000 -5.1070732e+001 -4.1432598e+001 -4.6595997e+001 -6.8429787e+001 -6.6571053e+001 -5.1491749e+001 -5.4078541e+001 -7.1759041e+001
  1.4666667e+000 -5.1173622e+001 -4.1449917e+001 -4.6674118e+001 -6.8908279e+001 -6.7057381e+001 -5.1611736e+001 -5.4300735e+001 -7.2045700e+001
  1.4733333e+000 -5.1164364e+001 -4.1450619e+001 -4.8003292e+001 -6.9390663e+001 -6.7351875e+001 -5.1787781e+001 -5.4185265e+001 -7.2777473e+001
  1.4800000e+000 -5.1209450e+001 -4.1576805e+001 -4.8664848e+001 -6.9847511e+001 -6.7698090e+001 -5.1844742e+001 -5.4288807e+001 -7.3489243e+001
  1.4866667e+000 -5.1291401e+001 -4.1634636e+001 -4.9376553e+001 -7.0298447e+001 -6.8138367e+001 -5.1857780e+001 -5.4452221e+001 -7.4309662e+001
  1.4933333e+000 -5.1251701e+001 -4.1632793e+001 -4.9603794e+001 -7.0737816e+001 -6.8601151e+001 -5.1960896e+001 -5.4874065e+001             NaN
  1.5000000e+000 -5.1388477e+001 -4.1642246e+001 -5.0411030e+001 -7.1168381e+001 -6.9016129e+001 -5.2027527e+001 -5.5040951e+001             NaN
  1.5066667e+000 -5.1503605e+001 -4.1694904e+001 -5.1274067e+001 -7.1592003e+001 -6.9294296e+001 -5.2142811e+001 -5.5304283e+001             NaN
  1.5133333e+000 -5.1565506e+001 -4.1720562e+001 -5.2172443e+001 -7.2004074e+001 -6.9574615e+001 -5.2195858e+001 -5.5454372e+001             NaN
  1.5200000e+000 -5.1554085e+001 -4.1704239e+001 -5.3152172e+001 -7.2415550e+001 -6.9848557e+001 -5.2226109e+001 -5.5639050e+001             NaN
  1.5266667e+000 -5.1497265e+001 -4.1661892e+001 -5.4156601e+001 -7.2817665e+001             NaN -5.2339848e+001 -5.5888790e+001             NaN
  1.5333333e+000 -5.1599419e+001 -4.1663208e+001 -5.5204845e+001 -7.3220619e+001             NaN -5.2438633e+001 -5.6164524e+001             NaN
  1.5400000e+000 -5.1623089e+001 -4.1723457e+001 -5.6267292e+001 -7.3635612e+001             NaN -5.2373161e+001 -5.6153435e+001             NaN
  1.5466667e+000 -5.1564346e+001 -4.1777527e+001 -5.7299538e+001 -7.4048203e+001             NaN -5.2331829e+001 -5.6577957e+001             NaN
  1.5533333e+000 -5.1558743e+001 -4.1827843e+001 -5.8315929e+001 -7.4473656e+001             NaN -5.2398476e+001 -5.7312645e+001             NaN
  1.5600000e+000 -5.1647923e+001 -4.1758694e+001 -5.9231628e+001 -7.4907921e+001             NaN -5.2533829e+001 -5.7677895e+001             NaN
  1.5666667e+000 -5.1702763e+001 -4.1684261e+001 -6.0030956e+001 -7.5350067e+001             NaN -5.2517822e+001 -5.8109882e+001             NaN
  1.5733333e+000 -5.1657379e+001 -4.1687046e+001 -6.0730770e+001 -7.5822151e+001             NaN -5.2504879e+001 -5.8556660e+001             NaN
  1.5800000e+000 -5.1638729e+001 -4.1753635e+001 -6.1306732e+001 -7.6323906e+001             NaN -5.2635082e+001 -5.8774563e+001             NaN
  1.5866667e+000 -5.1606388e+001 -4.1709824e+001 -6.1785530e+001 -7.6820724e+001             NaN -5.2770527e+001 -5.9281303e+001             NaN
  1.5933333e+000 -5.1649448e+001 -4.1686543e+001 -6.2153645e+001 -7.7293129e+001             NaN -5.2824306e+001 -6.0042030e+001             NaN
  1.6000000e+000 -5.1680027e+001 -4.1689953e+001 -6.2429543e+001 -7.7761429e+001             NaN -5.2811329e+001 -6.0568638e+001             NaN
  1.6066667e+000 -5.1627598e+001 -4.1693031e+001 -6.2609013e+001 -7.8240738e+001             NaN -5.2891125e+001 -6.1108776e+001             NaN
  1.6133333e+000 -5.1649876e+001 -4.1711086e+001 -6.2728546e+001 -7.8687126e+001             NaN -5.2972763e+001 -6.1440742e+001             NaN
  1.6200000e+000 -5.1607887e+001 -4.1757950e+001 -6.2826649e+001 -7.9129890e+001             NaN -5.3019775e+001 -6.1948559e+001             NaN
  1.6266667e+000 -5.1471931e+001 -4.1782642e+001 -6.2941936e+001 -7.9606812e+001             NaN -5.3122681e+001 -6.2768707e+001             NaN
  1.6333333e+000 -5.1408257e+001 -4.1747601e+001 -6.3127335e+001 -8.0077805e+001             NaN -5.3194736e+001 -6.3407433e+001             NaN
  1.6400000e+000 -5.1518070e+001 -4.1707226e+001 -6.3441994e+001 -8.0528831e+001             NaN -5.3279243e+001 -6.3746429e+001             NaN
  1.6466667e+000 -5.1575943e+001 -4.1575890e+001 -6.3925797e+001 -8.0987511e+001             NaN -5.3370113e+001 -6.4401398e+001             NaN
  1.6533333e+000 -5.1523815e+001 -4.1648083e+001 -6.4571785e+001 -8.1447006e+001             NaN -5.3577747e+001 -6.5392700e+001             NaN
  1.6600000e+000 -5.1526966e+001 -4.1726685e+001 -6.5356682e+001 -8.1901848e+001             NaN -5.3618649e+001 -6.6066444e+001             NaN
  1.6666667e+000 -5.1484428e+001 -4.1699848e+001 -6.6242851e+001 -8.2370148e+001             NaN -5.3574627e+001 -6.6424782e+001             NaN
  1.6733333e+000 -5.1558815e+001 -4.1705448e+001 -6.7194008e+001 -8.2833061e+001             NaN -5.3600819e+001 -6.7415672e+001             NaN
  1.6800000e+000 -5.1730457e+001 -4.1777351e+001 -6.8166992e+001 -8.3292732e+001             NaN -5.3729382e+001 -6.8097427e+001             NaN
  1.6866667e+000 -5.1712212e+001 -4.1811951e+001 -6.9110298e+001 -8.3726212e+001             NaN -5.3889366e+001 -6.8610413e+001             NaN
  1.6933333e+000 -5.1720570e+001 -4.1766605e+001 -6.9996155e+001 -8.4156685e+001             NaN -5.3902386e+001 -6.9527634e+001             NaN
  1.7000000e+000 -5.1654594e+001 -4.1721695e+001 -7.0846741e+001 -8.4628525e+001             NaN -5.3882904e+001 -7.0418930e+001             NaN
  1.7066667e+000 -5.1612091e+001 -4.1788799e+001 -7.1672195e+001 -8.5125328e+001             NaN -5.3882084e+001 -7.1185265e+001             NaN
  1.7133333e+000 -5.1714027e+001 -4.1707264e+001 -7.2470825e+001 -8.6194916e+001             NaN -5.3906349e+001 -7.1903404e+001             NaN
  1.7200000e+000 -5.1652740e+001 -4.1696014e+001 -7.3216347e+001 -8.6721649e+001             NaN -5.4066204e+001             NaN             NaN
  1.7266667e+000 -5.1660870e+001 -4.1759987e+001 -7.3896286e+001 -8.6697433e+001             NaN -5.4052849e+001             NaN             NaN
  1.7333333e+000 -5.1710217e+001 -4.1809765e+001 -7.4519600e+001 -8.7208313e+001             NaN -5.3946030e+001             NaN             NaN
  1.7400000e+000 -5.1595974e+001 -4.1841866e+001 -7.5105232e+001 -8.7718102e+001             NaN -5.3977135e+001             NaN             NaN
  1.7466667e+000 -5.1452477e+001 -4.1805645e+001 -7.5664726e+001 -8.8253250e+001             NaN -5.4128952e+001             NaN             NaN
  1.7533333e+000 -5.1448204e+001 -4.1780766e+001 -7.6218399e+001 -8.8736229e+001             NaN -5.4207726e+001             NaN             NaN
  1.7600000e+000 -5.1582394e+001 -4.1800014e+001 -7.6790413e+001 -8.9268585e+001             NaN -5.4173904e+001             NaN             NaN
  1.7666667e+000 -5.1659130e+001 -4.1884327e+001 -7.7372581e+001 -8.9764267e+001             NaN -5.4184994e+001             NaN             NaN
  1.7733333e+000 -5.1598625e+001 -4.1863747e+001 -7.7938049e+001 -9.0296722e+001             NaN -5.4319912e+001             NaN             NaN
  1.7800000e+000 -5.1534771e+001 -4.1847099e+001 -7.8486740e+001 -9.0876678e+001             NaN -5.4377136e+001             NaN             NaN
  1.7866667e+000 -5.1573318e+001 -4.1886898e+001 -7.9002945e+001 -9.1453064e+001             NaN -5.4306931e+001             NaN             NaN
  1.7933333e+000 -5.1642838e+001 -4.1792343e+001 -7.9446747e+001 -9.1947113e+001             NaN -5.4356922e+001             NaN             NaN
  1.8000000e+000 -5.1627266e+001 -4.1720123e+001 -7.9797523e+001 -9.2471497e+001             NaN -5.4375603e+001             NaN             NaN
  1.8066667e+000 -5.1551418e+001 -4.1703743e+001 -8.0019798e+001 -9.3011139e+001             NaN -5.4375725e+001             NaN             NaN
  1.8133333e+000 -5.1532890e+001 -4.1702938e+001 -8.0090256e+001 -9.3580627e+001             NaN -5.4416557e+001             NaN             NaN
  1.8200000e+000 -5.1525414e+001 -4.1777473e+001 -8.0021469e+001 -9.4187439e+001             NaN -5.4361019e+001             NaN             NaN
  1.8266667e+000 -5.1560047e+001 -4.1752491e+001 -7.9819107e+001 -9.4817474e+001             NaN -5.4403862e+001             NaN             NaN
  1.8333333e+000 -5.1602119e+001 -4.1810112e+001 -7.9504990e+001 -9.5449524e+001             NaN -5.4433769e+001             NaN             NaN
  1.8400000e+000 -5.1579006e+001 -4.1871613e+001 -7.9135521e+001 -9.5976166e+001             NaN -5.4420673e+001             NaN             NaN
  1.8466667e+000 -5.1629967e+001 -4.1865196e+001 -7.8747475e+001 -9.6547363e+001             NaN -5.4455200e+001             NaN             NaN
  1.8533333e+000 -5.1528202e+001 -4.1890797e+001 -7.8370987e+001 -9.7141418e+001             NaN -5.4444168e+001             NaN             NaN
  1.8600000e+000 -5.1540833e+001 -4.1774323e+001 -7.8037102e+001 -9.7633270e+001             NaN -5.4386265e+001             NaN             NaN
  1.8666667e+000 -5.1598152e+001 -4.1786114e+001 -7.7748161e+001 -9.8126129e+001             NaN -5.4419506e+001             NaN             NaN
  1.8733333e+000 -5.1430042e+001 -4.1891792e+001 -7.7520859e+001 -9.8606506e+001             NaN -5.4435017e+001             NaN             NaN
  1.8800000e+000 -5.1401802e+001 -4.1909988e+001 -7.7336250e+001 -9.9137268e+001             NaN -5.4539913e+001             NaN             NaN
  1.8866667e+000 -5.1453426e+001 -4.1979538e+001 -7.7337143e+001 -9.9631042e+001             NaN -5.4560066e+001             NaN             NaN
  1.8933333e+000 -5.1424217e+001 -4.2030945e+001 -7.7181572e+001 -1.0014444e+002             NaN -5.4518871e+001             NaN             NaN
  1.9000000e+000 -5.1378807e+001 -4.2068527e+001 -7.6835258e+001 -1.0065131e+002             NaN -5.4613991e+001             NaN             NaN
  1.9066667e+000 -5.1365711e+001 -4.2001251e+001 -7.6663612e+001 -1.0114166e+002             NaN -5.4720337e+001             NaN             NaN
  1.9133333e+000 -5.1345795e+001 -4.1996250e+001 -7.6486649e+001 -1.0161697e+002             NaN -5.4687794e+001             NaN             NaN
  1.9200000e+000 -5.1415798e+001 -4.1972435e+001 -7.6285149e+001 -1.0202951e+002             NaN -5.4690159e+001             NaN             NaN
  1.9266667e+000 -5.1347664e+001 -4.1852585e+001 -7.6061333e+001 -1.0243546e+002             NaN -5.4801750e+001             NaN             NaN
  1.9333333e+000 -5.1229153e+001 -4.1896564e+001 -7.5808327e+001 -1.0278787e+002             NaN -5.4806183e+001             NaN             NaN
  1.9400000e+000 -5.1407410e+001 -4.1954018e+001 -7.5522835e+001 -1.0315518e+002             NaN -5.4812286e+001             NaN             NaN
  1.9466667e+000 -5.1387020e+001 -4.1957344e+001 -7.5172676e+001 -1.0354956e+002             NaN -5.4812664e+001             NaN             NaN
  1.9533333e+000 -5.1148361e+001 -4.2036308e+001 -7.4768051e+001 -1.0392667e+002             NaN -5.4787689e+001             NaN             NaN
  1.9600000e+000 -5.1316780e+001 -4.2066948e+001 -7.4324135e+001 -1.0427025e+002             NaN -5.4850471e+001             NaN             NaN
  1.9666667e+000 -5.1427231e+001 -4.2088463e+001 -7.3828217e+001 -1.0459581e+002             NaN -5.4899071e+001             NaN             NaN
  1.9733333e+000 -5.1318047e+001 -4.2065186e+001 -7.3274117e+001 -1.0489189e+002             NaN -5.4931210e+001             NaN             NaN
  1.9800000e+000 -5.1228523e+001 -4.2039551e+001 -7.2677643e+001 -1.0517020e+002             NaN -5.4934261e+001             NaN             NaN
  1.9866667e+000 -5.1249321e+001 -4.2003296e+001 -7.2048752e+001 -1.0547177e+002             NaN -5.4859024e+001             NaN             NaN
  1.9933333e+000 -5.1317535e+001 -4.2031818e+001 -7.1413971e+001 -1.0574188e+002             NaN -5.4808224e+001             NaN             NaN
  2.0000000e+000 -5.1392662e+001 -4.2032078e+001 -7.0753601e+001 -1.0599521e+002             NaN -5.4828522e+001             NaN             NaN
