 -5.0000000e-001 -2.8316124e+001 -2.8548746e+001 -2.7987240e+001 -2.8861372e+001 -2.9096457e+001 -2.9200523e+001 -2.8706463e+001
 -4.9333333e-001 -2.8309303e+001 -2.8609798e+001 -2.8013411e+001 -2.8878071e+001 -2.9040359e+001 -2.9144821e+001 -2.8688246e+001
 -4.8666667e-001 -2.8321730e+001 -2.8608353e+001 -2.8011620e+001 -2.8902765e+001 -2.9049561e+001 -2.9202116e+001 -2.8706360e+001
 -4.8000000e-001 -2.8336338e+001 -2.8584881e+001 -2.7980127e+001 -2.8873444e+001 -2.9055748e+001 -2.9227144e+001 -2.8701965e+001
 -4.7333333e-001 -2.8316622e+001 -2.8577671e+001 -2.8019381e+001 -2.8844542e+001 -2.9074808e+001 -2.9181402e+001 -2.8670948e+001
 -4.6666667e-001 -2.8290409e+001 -2.8592381e+001 -2.8028776e+001 -2.8848801e+001 -2.9055298e+001 -2.9152296e+001 -2.8668186e+001
 -4.6000000e-001 -2.8325535e+001 -2.8613626e+001 -2.7998762e+001 -2.8869625e+001 -2.8999262e+001 -2.9145134e+001 -2.8682362e+001
 -4.5333333e-001 -2.8358168e+001 -2.8609798e+001 -2.8015165e+001 -2.8865200e+001 -2.9037292e+001 -2.9166471e+001 -2.8669855e+001
 -4.4666667e-001 -2.8329641e+001 -2.8604298e+001 -2.8038679e+001 -2.8881729e+001 -2.9035084e+001 -2.9188803e+001 -2.8669323e+001
 -4.4000000e-001 -2.8330046e+001 -2.8574217e+001 -2.8010380e+001 -2.8921190e+001 -2.9023991e+001 -2.9200686e+001 -2.8709272e+001
 -4.3333333e-001 -2.8361223e+001 -2.8598320e+001 -2.7995783e+001 -2.8912672e+001 -2.9052055e+001 -2.9208088e+001 -2.8709894e+001
 -4.2666667e-001 -2.8377272e+001 -2.8659101e+001 -2.8035940e+001 -2.8913225e+001 -2.9049929e+001 -2.9218027e+001 -2.8696627e+001
 -4.2000000e-001 -2.8353376e+001 -2.8661736e+001 -2.8036076e+001 -2.8917181e+001 -2.9056202e+001 -2.9204229e+001 -2.8695011e+001
 -4.1333333e-001 -2.8361887e+001 -2.8611383e+001 -2.8027510e+001 -2.8918978e+001 -2.9030722e+001 -2.9159861e+001 -2.8680664e+001
 -4.0666667e-001 -2.8354530e+001 -2.8589138e+001 -2.8014732e+001 -2.8910473e+001 -2.9056572e+001 -2.9171837e+001 -2.8658669e+001
 -4.0000000e-001 -2.8357777e+001 -2.8590094e+001 -2.8019852e+001 -2.8898890e+001 -2.9080515e+001 -2.9174377e+001 -2.8651773e+001
 -3.9333333e-001 -2.8351343e+001 -2.8610340e+001 -2.8018499e+001 -2.8875605e+001 -2.9031736e+001 -2.9188564e+001 -2.8644619e+001
 -3.8666667e-001 -2.8347712e+001 -2.8633945e+001 -2.8010382e+001 -2.8863148e+001 -2.9032867e+001 -2.9195421e+001 -2.8667370e+001
 -3.8000000e-001 -2.8397491e+001 -2.8642237e+001 -2.8009859e+001 -2.8864079e+001 -2.9060436e+001 -2.9175051e+001 -2.8687088e+001
 -3.7333333e-001 -2.8379971e+001 -2.8650362e+001 -2.8007845e+001 -2.8867832e+001 -2.9023247e+001 -2.9186178e+001 -2.8681505e+001
 -3.6666667e-001 -2.8322048e+001 -2.8638788e+001 -2.8005957e+001 -2.8886366e+001 -2.8974852e+001 -2.9219595e+001 -2.8675795e+001
 -3.6000000e-001 -2.8327036e+001 -2.8629009e+001 -2.8050236e+001 -2.8908270e+001 -2.9007574e+001 -2.9210398e+001 -2.8696001e+001
 -3.5333333e-001 -2.8344877e+001 -2.8645401e+001 -2.8027008e+001 -2.8911901e+001 -2.9004108e+001 -2.9188343e+001 -2.8674139e+001
 -3.4666667e-001 -2.8329184e+001 -2.8656862e+001 -2.8002815e+001 -2.8882296e+001 -2.8983740e+001 -2.9198648e+001 -2.8663494e+001
 -3.4000000e-001 -2.8333395e+001 -2.8642664e+001 -2.8013863e+001 -2.8888149e+001 -2.9018469e+001 -2.9224730e+001 -2.8679258e+001
 -3.3333333e-001 -2.8365503e+001 -2.8637480e+001 -2.8035975e+001 -2.8891718e+001 -2.9039902e+001 -2.9257109e+001 -2.8659719e+001
 -3.2666667e-001 -2.8379532e+001 -2.8657524e+001 -2.8054094e+001 -2.8883053e+001 -2.9055536e+001 -2.9226297e+001 -2.8664091e+001
 -3.2000000e-001 -2.8362858e+001 -2.8656876e+001 -2.8069063e+001 -2.8907431e+001 -2.9093416e+001 -2.9178463e+001 -2.8694605e+001
 -3.1333333e-001 -2.8373476e+001 -2.8638468e+001 -2.8065557e+001 -2.8920647e+001 -2.9070061e+001 -2.9180313e+001 -2.8698233e+001
 -3.0666667e-001 -2.8371862e+001 -2.8642683e+001 -2.8064848e+001 -2.8901291e+001 -2.9077812e+001 -2.9198994e+001 -2.8701223e+001
 -3.0000000e-001 -2.8351227e+001 -2.8651831e+001 -2.8035582e+001 -2.8921623e+001 -2.9053644e+001 -2.9213129e+001 -2.8661810e+001
 -2.9333333e-001 -2.8383484e+001 -2.8664635e+001 -2.8022764e+001 -2.8926474e+001 -2.9031801e+001 -2.9223522e+001 -2.8667101e+001
 -2.8666667e-001 -2.8381334e+001 -2.8691835e+001 -2.8034708e+001 -2.8907379e+001 -2.9056698e+001 -2.9209488e+001 -2.8693523e+001
 -2.8000000e-001 -2.8372829e+001 -2.8636778e+001 -2.8050995e+001 -2.8890533e+001 -2.9036777e+001 -2.9212545e+001 -2.8677452e+001
 -2.7333333e-001 -2.8403685e+001 -2.8652288e+001 -2.8057980e+001 -2.8892401e+001 -2.9045052e+001 -2.9184330e+001 -2.8718542e+001
 -2.6666667e-001 -2.8398050e+001 -2.8673326e+001 -2.8062424e+001 -2.8914547e+001 -2.9037197e+001 -2.9185108e+001 -2.8691420e+001
 -2.6000000e-001 -2.8366810e+001 -2.8636349e+001 -2.8044598e+001 -2.8935667e+001 -2.9004610e+001 -2.9201286e+001 -2.8658194e+001
 -2.5333333e-001 -2.8365725e+001 -2.8618006e+001 -2.8043461e+001 -2.8914957e+001 -2.9021109e+001 -2.9211685e+001 -2.8663040e+001
 -2.4666667e-001 -2.8422951e+001 -2.8605516e+001 -2.8052368e+001 -2.8888248e+001 -2.9030220e+001 -2.9193186e+001 -2.8659584e+001
 -2.4000000e-001 -2.8430603e+001 -2.8639864e+001 -2.8044512e+001 -2.8834169e+001 -2.9046602e+001 -2.9210075e+001 -2.8672615e+001
 -2.3333333e-001 -2.8368961e+001 -2.8674480e+001 -2.8047846e+001 -2.8829559e+001 -2.9026613e+001 -2.9212576e+001 -2.8667141e+001
 -2.2666667e-001 -2.8341518e+001 -2.8670214e+001 -2.8063671e+001 -2.8877838e+001 -2.9009872e+001 -2.9182753e+001 -2.8653692e+001
 -2.2000000e-001 -2.8396454e+001 -2.8652975e+001 -2.8084097e+001 -2.8890522e+001 -2.9030098e+001 -2.9196119e+001 -2.8685791e+001
 -2.1333333e-001 -2.8420635e+001 -2.8639446e+001 -2.8084349e+001 -2.8864721e+001 -2.9055645e+001 -2.9231628e+001 -2.8684452e+001
 -2.0666667e-001 -2.8420635e+001 -2.8633604e+001 -2.8070171e+001 -2.8863474e+001 -2.9049679e+001 -2.9180374e+001 -2.8654984e+001
 -2.0000000e-001 -2.8379959e+001 -2.8666809e+001 -2.8042233e+001 -2.8877176e+001 -2.9032894e+001 -2.9173370e+001 -2.8679008e+001
 -1.9333333e-001 -2.8361202e+001 -2.8640057e+001 -2.8013712e+001 -2.8881567e+001 -2.9035240e+001 -2.9234224e+001 -2.8710205e+001
 -1.8666667e-001 -2.8402912e+001 -2.8603333e+001 -2.8058794e+001 -2.8883303e+001 -2.9039007e+001 -2.9247181e+001 -2.8693214e+001
 -1.8000000e-001 -2.8420252e+001 -2.8628128e+001 -2.8063520e+001 -2.8897131e+001 -2.9057726e+001 -2.9187714e+001 -2.8689964e+001
 -1.7333333e-001 -2.8477938e+001 -2.8668842e+001 -2.8060667e+001 -2.8871408e+001 -2.9025555e+001 -2.9142311e+001 -2.8720222e+001
 -1.6666667e-001 -2.8464891e+001 -2.8652172e+001 -2.8033773e+001 -2.8839836e+001 -2.9042471e+001 -2.9210773e+001 -2.8709915e+001
 -1.6000000e-001 -2.8387688e+001 -2.8675579e+001 -2.8042088e+001 -2.8872372e+001 -2.9039280e+001 -2.9234982e+001 -2.8714611e+001
 -1.5333333e-001 -2.8397884e+001 -2.8694571e+001 -2.8044941e+001 -2.8858919e+001 -2.9022133e+001 -2.9210281e+001 -2.8721724e+001
 -1.4666667e-001 -2.8446016e+001 -2.8688072e+001 -2.8070154e+001 -2.8872652e+001 -2.9051199e+001 -2.9189877e+001 -2.8745344e+001
 -1.4000000e-001 -2.8419750e+001 -2.8685753e+001 -2.8071894e+001 -2.8894720e+001 -2.9054729e+001 -2.9166306e+001 -2.8739025e+001
 -1.3333333e-001 -2.8420547e+001 -2.8701183e+001 -2.8077719e+001 -2.8864191e+001 -2.9054958e+001 -2.9209120e+001 -2.8723671e+001
 -1.2666667e-001 -2.8431166e+001 -2.8678900e+001 -2.8094543e+001 -2.8852055e+001 -2.9062069e+001 -2.9205803e+001 -2.8733538e+001
 -1.2000000e-001 -2.8395220e+001 -2.8678619e+001 -2.8088118e+001 -2.8879171e+001 -2.9037836e+001 -2.9192974e+001 -2.8718637e+001
 -1.1333333e-001 -2.8407795e+001 -2.8660160e+001 -2.8061413e+001 -2.8908308e+001 -2.9034302e+001 -2.9194845e+001 -2.8714962e+001
 -1.0666667e-001 -2.8435698e+001 -2.8647631e+001 -2.8034964e+001 -2.8904585e+001 -2.9057735e+001 -2.9201832e+001 -2.8739889e+001
 -1.0000000e-001 -2.8434978e+001 -2.8647118e+001 -2.8049831e+001 -2.8911562e+001 -2.9069172e+001 -2.9195240e+001 -2.8695560e+001
 -9.3333333e-002 -2.8486418e+001 -2.8650213e+001 -2.8071104e+001 -2.8902260e+001 -2.9061981e+001 -2.9184710e+001 -2.8701590e+001
 -8.6666667e-002 -2.8497318e+001 -2.8679159e+001 -2.8076342e+001 -2.8930052e+001 -2.9062456e+001 -2.9159868e+001 -2.8715635e+001
 -8.0000000e-002 -2.8462107e+001 -2.8668991e+001 -2.8052893e+001 -2.8925434e+001 -2.9054918e+001 -2.9176739e+001 -2.8722326e+001
 -7.3333333e-002 -2.8423405e+001 -2.8676645e+001 -2.8071283e+001 -2.8918343e+001 -2.9039482e+001 -2.9158743e+001 -2.8716703e+001
 -6.6666667e-002 -2.8414804e+001 -2.8686275e+001 -2.8057766e+001 -2.8933720e+001 -2.9024094e+001 -2.9168289e+001 -2.8718119e+001
 -6.0000000e-002 -2.8441885e+001 -2.8651730e+001 -2.8057831e+001 -2.8925735e+001 -2.9018145e+001 -2.9230755e+001 -2.8718056e+001
 -5.3333333e-002 -2.8453735e+001 -2.8630871e+001 -2.8075651e+001 -2.8884686e+001 -2.9051161e+001 -2.9207300e+001 -2.8725426e+001
 -4.6666667e-002 -2.8442417e+001 -2.8686008e+001 -2.8046921e+001 -2.8860138e+001 -2.9051302e+001 -2.9208662e+001 -2.8755531e+001
 -4.0000000e-002 -2.8437185e+001 -2.8715523e+001 -2.8038280e+001 -2.8897007e+001 -2.8969831e+001 -2.9264168e+001 -2.8718784e+001
 -3.3333333e-002 -2.8475090e+001 -2.8683393e+001 -2.8050005e+001 -2.8900061e+001 -2.8951571e+001 -2.9267569e+001 -2.8713078e+001
 -2.6666667e-002 -2.8462263e+001 -2.8662125e+001 -2.8075871e+001 -2.8838005e+001 -2.8990974e+001 -2.9245790e+001 -2.8731867e+001
 -2.0000000e-002 -2.8449902e+001 -2.8646627e+001 -2.8050568e+001 -2.8845293e+001 -2.8989346e+001 -2.9230160e+001 -2.8760349e+001
 -1.3333333e-002 -2.8472748e+001 -2.8644590e+001 -2.8038137e+001 -2.8863653e+001 -2.8933443e+001 -2.9263601e+001 -2.8784189e+001
 -6.6666667e-003 -2.8499023e+001 -2.8678192e+001 -2.8031601e+001 -2.8859394e+001 -2.8933062e+001 -2.9279341e+001 -2.8767370e+001
  0.0000000e+000 -2.8462635e+001 -2.8673367e+001 -2.8027176e+001 -2.8837439e+001 -2.8969490e+001 -2.9241512e+001 -2.8783791e+001
  6.6666667e-003 -2.8496883e+001 -2.8684547e+001 -2.8072432e+001 -2.8826899e+001 -2.9009638e+001 -2.9255405e+001 -2.8796137e+001
  1.3333333e-002 -2.8512959e+001 -2.8691494e+001 -2.8044561e+001 -2.8870714e+001 -2.8983578e+001 -2.9243004e+001 -2.8773958e+001
  2.0000000e-002 -2.8480534e+001 -2.8661230e+001 -2.8077644e+001 -2.8874754e+001 -2.8969883e+001 -2.9204273e+001 -2.8762695e+001
  2.6666667e-002 -2.8465712e+001 -2.8674158e+001 -2.8085968e+001 -2.8907146e+001 -2.9000450e+001 -2.9162119e+001 -2.8761400e+001
  3.3333333e-002 -2.8474628e+001 -2.8664799e+001 -2.8080675e+001 -2.8907314e+001 -2.9014275e+001 -2.9223600e+001 -2.8709146e+001
  4.0000000e-002 -2.8453098e+001 -2.8686607e+001 -2.8090450e+001 -2.8861633e+001 -2.8967573e+001 -2.9277319e+001 -2.8717562e+001
  4.6666667e-002 -2.8448034e+001 -2.8728294e+001 -2.8082178e+001 -2.8907820e+001 -2.8968496e+001 -2.9238144e+001 -2.8760756e+001
  5.3333333e-002 -2.8449890e+001 -2.8704376e+001 -2.8070202e+001 -2.8895426e+001 -2.8980087e+001 -2.9213509e+001 -2.8802410e+001
  6.0000000e-002 -2.8464108e+001 -2.8662350e+001 -2.8045174e+001 -2.8874882e+001 -2.8954927e+001 -2.9223490e+001 -2.8854202e+001
  6.6666667e-002 -2.8443741e+001 -2.8662172e+001 -2.8079699e+001 -2.8897118e+001 -2.8992786e+001 -2.9258257e+001 -2.8854445e+001
  7.3333333e-002 -2.8362768e+001 -2.8673233e+001 -2.8062706e+001 -2.8897533e+001 -2.8969158e+001 -2.9253000e+001 -2.8824263e+001
  8.0000000e-002 -2.8353363e+001 -2.8709856e+001 -2.8026976e+001 -2.8850788e+001 -2.8945444e+001 -2.9210732e+001 -2.8744787e+001
  8.6666667e-002 -2.8339512e+001 -2.8729586e+001 -2.8030888e+001 -2.8824932e+001 -2.8918158e+001 -2.9181812e+001 -2.8706718e+001
  9.3333333e-002 -2.8328117e+001 -2.8678299e+001 -2.8027430e+001 -2.8840147e+001 -2.8850470e+001 -2.9165154e+001 -2.8731939e+001
  1.0000000e-001 -2.8307053e+001 -2.8603554e+001 -2.8011677e+001 -2.8837704e+001 -2.8804520e+001 -2.9187239e+001 -2.8711367e+001
  1.0666667e-001 -2.8295910e+001 -2.8572224e+001 -2.8000942e+001 -2.8834211e+001 -2.8830137e+001 -2.9194466e+001 -2.8685921e+001
  1.1333333e-001 -2.8312977e+001 -2.8599222e+001 -2.7944221e+001 -2.8887705e+001 -2.8816984e+001 -2.9166704e+001 -2.8665201e+001
  1.2000000e-001 -2.8310614e+001 -2.8582043e+001 -2.7890863e+001 -2.9094212e+001 -2.8771229e+001 -2.9165459e+001 -2.8689926e+001
  1.2666667e-001 -2.8290180e+001 -2.8575966e+001 -2.7918835e+001 -2.9532923e+001 -2.8737373e+001 -2.9186775e+001 -2.8736328e+001
  1.3333333e-001 -2.8327913e+001 -2.8691456e+001 -2.7948116e+001 -3.0192480e+001 -2.8743734e+001 -2.9181501e+001 -2.8758823e+001
  1.4000000e-001 -2.8392941e+001 -2.8872723e+001 -2.7944191e+001 -3.1023478e+001 -2.8793653e+001 -2.9235209e+001 -2.8868803e+001
  1.4666667e-001 -2.8542795e+001 -2.9142263e+001 -2.7989662e+001 -3.2100376e+001 -2.8829836e+001 -2.9422146e+001 -2.9093100e+001
  1.5333333e-001 -2.8737150e+001 -2.9494522e+001 -2.8045036e+001 -3.3363876e+001 -2.8807989e+001 -2.9664652e+001 -2.9360741e+001
  1.6000000e-001 -2.8962513e+001 -2.9959164e+001 -2.8191523e+001 -3.4823189e+001 -2.8833080e+001 -3.0038227e+001 -2.9683846e+001
  1.6666667e-001 -2.9380322e+001 -3.0496204e+001 -2.8536427e+001 -3.6394753e+001 -2.8929472e+001 -3.0747326e+001 -3.0128395e+001
  1.7333333e-001 -3.0067930e+001 -3.1250772e+001 -2.9025467e+001 -3.8180103e+001 -2.9099312e+001 -3.1731157e+001 -3.0728447e+001
  1.8000000e-001 -3.1017765e+001 -3.2237858e+001 -2.9643732e+001 -4.0340172e+001 -2.9434332e+001 -3.2897728e+001 -3.1406420e+001
  1.8666667e-001 -3.2504768e+001 -3.3406441e+001 -3.0495665e+001 -4.2836483e+001 -2.9895254e+001 -3.4353321e+001 -3.2304371e+001
  1.9333333e-001 -3.4494259e+001 -3.4792294e+001 -3.1715855e+001 -4.5668034e+001 -3.0579382e+001 -3.6187214e+001 -3.3551800e+001
  2.0000000e-001 -3.6924953e+001 -3.6409695e+001 -3.3200275e+001 -4.8303482e+001 -3.1524307e+001 -3.8424618e+001 -3.5100746e+001
  2.0666667e-001 -3.9526810e+001 -3.8350323e+001 -3.4969799e+001 -5.1916363e+001 -3.2807983e+001 -4.1051105e+001 -3.7023853e+001
  2.1333333e-001 -4.2100754e+001 -4.0587513e+001 -3.7036221e+001 -5.5411640e+001 -3.4301208e+001 -4.4073292e+001 -3.9338905e+001
  2.2000000e-001 -4.4809601e+001 -4.3275036e+001 -3.9523899e+001 -5.8484867e+001 -3.6018810e+001 -4.7257275e+001 -4.2105183e+001
  2.2666667e-001 -4.7922684e+001 -4.6190052e+001 -4.2390491e+001 -6.1972515e+001 -3.8022522e+001 -5.0150314e+001 -4.5242756e+001
  2.3333333e-001 -5.1165585e+001 -4.9313061e+001 -4.5386410e+001 -6.5581810e+001 -4.0167442e+001 -5.3293064e+001 -4.8507118e+001
  2.4000000e-001 -5.4665741e+001 -5.2742653e+001 -4.9099636e+001 -7.0023582e+001 -4.2807194e+001 -5.6512367e+001 -5.2492981e+001
  2.4666667e-001 -5.8481972e+001 -5.6324982e+001 -5.1523254e+001 -7.3691040e+001 -4.5773163e+001 -5.9720341e+001 -5.5361061e+001
  2.5333333e-001 -6.3260586e+001 -5.9308926e+001 -5.4850407e+001 -7.7251831e+001 -4.9257046e+001 -6.3483379e+001 -5.8707199e+001
  2.6000000e-001 -6.7020454e+001 -6.3164375e+001 -5.8203541e+001 -8.0627007e+001 -5.2297352e+001 -6.7150223e+001 -6.2477455e+001
  2.6666667e-001 -7.1395111e+001 -6.7801323e+001 -6.1006596e+001 -8.3985558e+001 -5.6658077e+001 -7.1204048e+001 -6.6350288e+001
  2.7333333e-001 -7.6050713e+001 -7.1666809e+001 -6.4646584e+001 -8.7089531e+001 -5.9629524e+001 -7.4835297e+001 -7.0236641e+001
  2.8000000e-001 -8.0430084e+001 -7.5516495e+001 -6.8746803e+001 -8.9760155e+001 -6.3466583e+001 -7.8376343e+001 -7.4660919e+001
  2.8666667e-001 -8.4647202e+001 -7.9314026e+001 -7.2212021e+001 -9.2364868e+001 -6.7249832e+001 -8.1758286e+001 -7.8370918e+001
  2.9333333e-001 -8.8330704e+001 -8.2982170e+001 -7.5578384e+001 -9.4629913e+001 -7.1174911e+001 -8.5087646e+001 -8.1858879e+001
  3.0000000e-001 -9.2459869e+001 -8.6448410e+001 -7.8723427e+001 -9.6675751e+001 -7.5861275e+001 -8.8195717e+001 -8.5164749e+001
  3.0666667e-001 -9.7146179e+001 -8.9501503e+001 -8.1587112e+001 -9.8608337e+001 -7.9357117e+001 -9.0922821e+001 -8.8322281e+001
  3.1333333e-001 -1.0060306e+002 -9.2403381e+001 -8.4307632e+001 -1.0007755e+002 -8.2524879e+001 -9.3715607e+001 -9.1143280e+001
  3.2000000e-001             NaN -9.5222687e+001 -8.6645668e+001             NaN -8.5462051e+001 -9.6193695e+001 -9.3764465e+001
  3.2666667e-001             NaN             NaN -8.8569328e+001             NaN -8.7983070e+001 -9.8421783e+001 -9.5985413e+001
  3.3333333e-001             NaN             NaN -9.0562317e+001             NaN -8.9891647e+001 -1.0054282e+002 -9.8034637e+001
  3.4000000e-001             NaN             NaN -9.2307220e+001             NaN -9.1787170e+001 -1.0219995e+002 -9.9900421e+001
  3.4666667e-001             NaN             NaN -9.3640839e+001             NaN -9.2895294e+001 -1.0352866e+002 -1.0126614e+002
  3.5333333e-001             NaN             NaN -9.4804932e+001             NaN -9.3665985e+001             NaN -1.0233377e+002
  3.6000000e-001             NaN             NaN -9.5915009e+001             NaN -9.3995514e+001             NaN             NaN
  3.6666667e-001             NaN             NaN -9.6851105e+001             NaN -9.3981293e+001             NaN             NaN
  3.7333333e-001             NaN             NaN -9.7572510e+001             NaN -9.3833191e+001             NaN             NaN
  3.8000000e-001             NaN             NaN -9.8141174e+001             NaN -9.3465149e+001             NaN             NaN
  3.8666667e-001             NaN             NaN -9.8581757e+001             NaN -9.3006714e+001             NaN             NaN
  3.9333333e-001             NaN             NaN             NaN             NaN -9.2431488e+001             NaN             NaN
  4.0000000e-001             NaN             NaN             NaN             NaN -9.1799835e+001             NaN             NaN
  4.0666667e-001             NaN             NaN             NaN             NaN -9.1144135e+001             NaN             NaN
  4.1333333e-001             NaN             NaN             NaN             NaN -9.0541016e+001             NaN             NaN
  4.2000000e-001             NaN             NaN             NaN             NaN -8.9928673e+001             NaN             NaN
  4.2666667e-001             NaN             NaN             NaN             NaN -8.9574333e+001             NaN             NaN
  4.3333333e-001             NaN             NaN             NaN             NaN -8.8966370e+001             NaN             NaN
  4.4000000e-001             NaN             NaN             NaN             NaN -8.8559380e+001             NaN             NaN
  4.4666667e-001             NaN             NaN             NaN             NaN -8.8083061e+001             NaN             NaN
  4.5333333e-001             NaN             NaN             NaN             NaN -8.7760086e+001             NaN             NaN
  4.6000000e-001             NaN             NaN             NaN             NaN -8.7642250e+001             NaN             NaN
  4.6666667e-001             NaN             NaN             NaN             NaN -8.7422455e+001             NaN             NaN
  4.7333333e-001             NaN             NaN             NaN             NaN -8.7212379e+001             NaN             NaN
  4.8000000e-001             NaN             NaN             NaN             NaN -8.7124306e+001             NaN             NaN
  4.8666667e-001             NaN             NaN             NaN             NaN -8.7251778e+001             NaN             NaN
  4.9333333e-001             NaN             NaN             NaN             NaN -8.7446800e+001             NaN             NaN
  5.0000000e-001             NaN             NaN             NaN             NaN -8.7779297e+001             NaN             NaN
  5.0666667e-001             NaN             NaN             NaN             NaN -8.8198212e+001             NaN             NaN
  5.1333333e-001             NaN             NaN             NaN             NaN -8.7581917e+001             NaN             NaN
  5.2000000e-001             NaN             NaN             NaN             NaN -8.8346138e+001             NaN             NaN
  5.2666667e-001             NaN             NaN             NaN             NaN -8.8298424e+001             NaN             NaN
  5.3333333e-001             NaN             NaN             NaN             NaN -8.7952538e+001             NaN             NaN
  5.4000000e-001             NaN             NaN             NaN             NaN -8.8120697e+001             NaN             NaN
  5.4666667e-001             NaN             NaN             NaN             NaN -8.8714729e+001             NaN             NaN
  5.5333333e-001             NaN             NaN             NaN             NaN -8.8608154e+001             NaN             NaN
  5.6000000e-001             NaN             NaN             NaN             NaN -8.8118927e+001             NaN             NaN
  5.6666667e-001             NaN             NaN             NaN             NaN -8.8073288e+001             NaN             NaN
  5.7333333e-001             NaN             NaN             NaN             NaN -8.7952919e+001             NaN             NaN
  5.8000000e-001             NaN             NaN             NaN             NaN -8.8106384e+001             NaN             NaN
  5.8666667e-001             NaN             NaN             NaN             NaN -8.9199364e+001             NaN             NaN
  5.9333333e-001             NaN             NaN             NaN             NaN -8.9236130e+001             NaN             NaN
  6.0000000e-001             NaN             NaN             NaN             NaN -8.9293076e+001             NaN             NaN
  6.0666667e-001             NaN             NaN             NaN             NaN -8.9479607e+001             NaN             NaN
  6.1333333e-001             NaN             NaN             NaN             NaN -8.9672546e+001             NaN             NaN
  6.2000000e-001             NaN             NaN             NaN             NaN -8.9768456e+001             NaN             NaN
  6.2666667e-001             NaN             NaN             NaN             NaN -8.9913773e+001             NaN             NaN
  6.3333333e-001             NaN             NaN             NaN             NaN -8.9833313e+001             NaN             NaN
  6.4000000e-001             NaN             NaN             NaN             NaN -9.0386627e+001             NaN             NaN
  6.4666667e-001             NaN             NaN             NaN             NaN -9.0612946e+001             NaN             NaN
  6.5333333e-001             NaN             NaN             NaN             NaN -9.0862305e+001             NaN             NaN
  6.6000000e-001             NaN             NaN             NaN             NaN             NaN             NaN             NaN
  6.6666667e-001             NaN             NaN             NaN             NaN             NaN             NaN             NaN
  6.7333333e-001             NaN             NaN             NaN             NaN -9.1761261e+001             NaN             NaN
  6.8000000e-001             NaN             NaN             NaN             NaN -9.2032959e+001             NaN             NaN
  6.8666667e-001             NaN             NaN             NaN             NaN -9.2238770e+001             NaN             NaN
  6.9333333e-001             NaN             NaN             NaN             NaN -9.2379822e+001             NaN             NaN
  7.0000000e-001             NaN             NaN             NaN             NaN -9.2550446e+001             NaN             NaN
  7.0666667e-001             NaN             NaN             NaN             NaN             NaN             NaN             NaN
  7.1333333e-001             NaN             NaN             NaN             NaN             NaN             NaN             NaN
  7.2000000e-001             NaN             NaN             NaN             NaN -9.3103943e+001             NaN             NaN
  7.2666667e-001             NaN             NaN             NaN             NaN -9.3312988e+001             NaN             NaN
  7.3333333e-001             NaN             NaN             NaN             NaN -9.3489655e+001             NaN             NaN
  7.4000000e-001             NaN             NaN             NaN             NaN -9.3542877e+001             NaN             NaN
  7.4666667e-001             NaN             NaN             NaN             NaN -9.3671021e+001             NaN             NaN
  7.5333333e-001             NaN             NaN             NaN             NaN -9.3807861e+001             NaN             NaN
  7.6000000e-001             NaN             NaN             NaN             NaN -9.3897156e+001             NaN             NaN
  7.6666667e-001             NaN             NaN             NaN             NaN             NaN             NaN             NaN
  7.7333333e-001             NaN             NaN             NaN             NaN             NaN             NaN             NaN
  7.8000000e-001             NaN             NaN             NaN             NaN -9.4427216e+001             NaN             NaN
  7.8666667e-001             NaN             NaN             NaN             NaN -9.4594086e+001             NaN             NaN
  7.9333333e-001             NaN             NaN             NaN             NaN -9.4705627e+001             NaN             NaN
  8.0000000e-001             NaN             NaN             NaN             NaN             NaN             NaN             NaN
  8.0666667e-001             NaN             NaN             NaN             NaN             NaN             NaN             NaN
  8.1333333e-001             NaN             NaN             NaN             NaN             NaN             NaN             NaN
  8.2000000e-001             NaN             NaN             NaN             NaN             NaN             NaN             NaN
  8.2666667e-001             NaN             NaN             NaN             NaN -9.5067474e+001             NaN             NaN
  8.3333333e-001             NaN             NaN             NaN             NaN -9.5167267e+001             NaN             NaN
  8.4000000e-001             NaN             NaN             NaN             NaN -9.5260559e+001             NaN             NaN
  8.4666667e-001             NaN             NaN             NaN             NaN -9.5315735e+001             NaN             NaN
  8.5333333e-001             NaN             NaN             NaN             NaN -9.5301666e+001             NaN             NaN
  8.6000000e-001             NaN             NaN             NaN             NaN             NaN             NaN             NaN
  8.6666667e-001             NaN             NaN             NaN             NaN             NaN             NaN             NaN
  8.7333333e-001             NaN             NaN             NaN             NaN -9.5346954e+001             NaN             NaN
  8.8000000e-001             NaN             NaN             NaN             NaN -9.5389618e+001             NaN             NaN
  8.8666667e-001             NaN             NaN             NaN             NaN -9.5423340e+001             NaN             NaN
  8.9333333e-001             NaN             NaN             NaN             NaN -9.5507233e+001             NaN             NaN
  9.0000000e-001             NaN             NaN             NaN             NaN -9.5526215e+001             NaN             NaN
  9.0666667e-001             NaN             NaN             NaN             NaN -9.5559570e+001             NaN             NaN
  9.1333333e-001             NaN             NaN             NaN             NaN             NaN             NaN             NaN
  9.2000000e-001             NaN             NaN             NaN             NaN             NaN             NaN             NaN
  9.2666667e-001             NaN             NaN             NaN             NaN             NaN             NaN             NaN
  9.3333333e-001             NaN             NaN             NaN             NaN             NaN             NaN             NaN
  9.4000000e-001             NaN             NaN             NaN             NaN -9.5469452e+001             NaN             NaN
  9.4666667e-001             NaN             NaN             NaN             NaN -9.5375427e+001             NaN             NaN
  9.5333333e-001             NaN             NaN             NaN             NaN             NaN             NaN             NaN
  9.6000000e-001             NaN             NaN             NaN             NaN             NaN             NaN             NaN
  9.6666667e-001             NaN             NaN             NaN             NaN             NaN             NaN             NaN
  9.7333333e-001             NaN             NaN             NaN             NaN             NaN             NaN             NaN
  9.8000000e-001             NaN             NaN             NaN             NaN -9.5029175e+001             NaN             NaN
  9.8666667e-001             NaN             NaN             NaN             NaN -9.4950348e+001             NaN             NaN
  9.9333333e-001             NaN             NaN             NaN             NaN -9.4843018e+001             NaN             NaN
  1.0000000e+000             NaN             NaN             NaN             NaN -9.4697906e+001             NaN             NaN
  1.0066667e+000             NaN             NaN             NaN             NaN -9.4485687e+001             NaN             NaN
  1.0133333e+000             NaN             NaN             NaN             NaN -9.4330017e+001             NaN             NaN
  1.0200000e+000             NaN             NaN             NaN             NaN -9.4250336e+001             NaN             NaN
  1.0266667e+000             NaN             NaN             NaN             NaN -9.4067688e+001             NaN             NaN
  1.0333333e+000             NaN             NaN             NaN             NaN             NaN             NaN             NaN
  1.0400000e+000             NaN             NaN             NaN             NaN             NaN             NaN             NaN
  1.0466667e+000             NaN             NaN             NaN             NaN -9.3554932e+001             NaN             NaN
  1.0533333e+000             NaN             NaN             NaN             NaN -9.3451111e+001             NaN             NaN
  1.0600000e+000             NaN             NaN             NaN             NaN -9.3318115e+001             NaN             NaN
  1.0666667e+000             NaN             NaN             NaN -8.7276459e+001 -9.3153687e+001             NaN             NaN
  1.0733333e+000             NaN             NaN             NaN             NaN -9.2977539e+001             NaN             NaN
  1.0800000e+000             NaN             NaN             NaN             NaN -9.2762299e+001             NaN             NaN
  1.0866667e+000             NaN             NaN             NaN             NaN -9.2536438e+001             NaN             NaN
  1.0933333e+000             NaN             NaN             NaN             NaN -9.2243500e+001             NaN             NaN
  1.1000000e+000             NaN             NaN             NaN -8.6525879e+001 -9.2038055e+001             NaN             NaN
  1.1066667e+000             NaN             NaN             NaN -8.6479797e+001 -9.1943787e+001             NaN             NaN
  1.1133333e+000             NaN             NaN             NaN -8.6364822e+001 -9.1793304e+001             NaN             NaN
  1.1200000e+000             NaN             NaN             NaN -8.6252838e+001 -9.1569122e+001             NaN             NaN
  1.1266667e+000             NaN             NaN             NaN -8.6155998e+001 -9.1245056e+001             NaN             NaN
  1.1333333e+000             NaN             NaN             NaN -8.6048637e+001 -9.0985748e+001             NaN             NaN
  1.1400000e+000             NaN             NaN             NaN -8.6011200e+001 -9.0779846e+001             NaN             NaN
  1.1466667e+000             NaN             NaN             NaN -8.5870941e+001 -9.0521149e+001             NaN             NaN
  1.1533333e+000             NaN             NaN             NaN -8.5710884e+001 -8.9742065e+001             NaN             NaN
  1.1600000e+000             NaN             NaN             NaN -8.5690834e+001 -8.9925987e+001             NaN             NaN
  1.1666667e+000             NaN             NaN             NaN -8.5667725e+001 -8.9888100e+001             NaN             NaN
  1.1733333e+000             NaN             NaN             NaN -8.5638702e+001 -8.9516243e+001             NaN             NaN
  1.1800000e+000             NaN             NaN             NaN -8.5596779e+001 -8.9162567e+001             NaN             NaN
  1.1866667e+000             NaN             NaN             NaN -8.5483429e+001 -8.8922073e+001             NaN             NaN
  1.1933333e+000             NaN             NaN             NaN -8.5381409e+001 -8.8662796e+001 -8.5962891e+001             NaN
  1.2000000e+000             NaN             NaN             NaN -8.5389343e+001 -8.8412552e+001             NaN             NaN
  1.2066667e+000             NaN             NaN -9.5684052e+001 -8.5299263e+001 -8.8141327e+001             NaN -9.7504913e+001
  1.2133333e+000             NaN             NaN -9.5337830e+001 -8.5161667e+001 -8.7873856e+001 -8.5302429e+001             NaN
  1.2200000e+000             NaN             NaN -9.5109100e+001 -8.5089371e+001 -8.7656898e+001 -8.5094032e+001             NaN
  1.2266667e+000             NaN             NaN             NaN -8.4991325e+001 -8.7446945e+001 -8.4968452e+001             NaN
  1.2333333e+000             NaN             NaN             NaN -8.4977066e+001 -8.7171738e+001 -8.4768196e+001             NaN
  1.2400000e+000             NaN             NaN -9.4619019e+001 -8.5037819e+001 -8.6915802e+001 -8.4497505e+001             NaN
  1.2466667e+000             NaN             NaN -9.4300018e+001 -8.5059059e+001 -8.6685951e+001 -8.4307220e+001             NaN
  1.2533333e+000             NaN             NaN -9.3042694e+001 -8.5047417e+001 -8.6391304e+001 -8.4130913e+001             NaN
  1.2600000e+000             NaN             NaN -9.2901154e+001 -8.4827255e+001 -8.6108971e+001 -8.3935249e+001             NaN
  1.2666667e+000             NaN             NaN -9.3905396e+001 -8.4700142e+001 -8.5814415e+001 -8.3666641e+001             NaN
  1.2733333e+000             NaN             NaN -9.3720612e+001 -8.4679359e+001 -8.5536606e+001 -8.3344780e+001 -9.5382507e+001
  1.2800000e+000             NaN             NaN -9.3410736e+001 -8.4676895e+001 -8.5331627e+001 -8.3183067e+001 -9.5255707e+001
  1.2866667e+000             NaN             NaN -9.2244202e+001 -8.4652328e+001 -8.5084457e+001 -8.3010902e+001 -9.5025146e+001
  1.2933333e+000             NaN             NaN -9.2073578e+001 -8.4548958e+001 -8.4755325e+001 -8.2788116e+001 -9.4794495e+001
  1.3000000e+000             NaN             NaN -9.2905151e+001 -8.4445923e+001 -8.4444374e+001 -8.2588997e+001 -9.4578461e+001
  1.3066667e+000             NaN             NaN -9.2613159e+001 -8.4340744e+001 -8.4101662e+001 -8.2378258e+001 -9.4357117e+001
  1.3133333e+000             NaN             NaN -9.1506500e+001 -8.4207527e+001 -8.3745712e+001 -8.2210663e+001 -9.4234192e+001
  1.3200000e+000             NaN             NaN -9.1507019e+001 -8.4149948e+001 -8.3458183e+001 -8.2058311e+001 -9.3987823e+001
  1.3266667e+000             NaN             NaN -9.2469666e+001 -8.4175972e+001 -8.3177597e+001 -8.1916016e+001 -9.3717896e+001
  1.3333333e+000             NaN             NaN -9.2239319e+001 -8.4060432e+001 -8.2880295e+001 -8.1748520e+001 -9.3605377e+001
  1.3400000e+000             NaN             NaN -9.1966217e+001 -8.3925880e+001 -8.2569168e+001 -8.1560196e+001 -9.3461853e+001
  1.3466667e+000             NaN             NaN -9.0860016e+001 -8.3878914e+001 -8.2262009e+001 -8.1331718e+001 -9.3156097e+001
  1.3533333e+000             NaN             NaN -9.0785095e+001 -8.3854614e+001 -8.1931358e+001 -8.1166290e+001 -9.2960083e+001
  1.3600000e+000             NaN             NaN -9.1674316e+001 -8.3748032e+001 -8.1558945e+001 -8.1110710e+001 -9.2881195e+001
  1.3666667e+000             NaN             NaN -9.1415527e+001 -8.3641960e+001 -8.1235390e+001 -8.0891350e+001 -9.2628906e+001
  1.3733333e+000             NaN             NaN -9.0388672e+001 -8.3682640e+001 -8.0960861e+001 -8.0614082e+001 -9.2433167e+001
  1.3800000e+000             NaN             NaN -9.0332794e+001 -8.3663582e+001 -8.0672096e+001 -8.0413292e+001 -9.2307831e+001
  1.3866667e+000             NaN             NaN -9.1133850e+001 -8.3646797e+001 -8.0398026e+001 -8.0214394e+001 -9.2083832e+001
  1.3933333e+000             NaN             NaN -9.0943756e+001 -8.3564072e+001 -8.0115471e+001 -8.0097565e+001 -9.1879944e+001
  1.4000000e+000             NaN             NaN -9.0794525e+001 -8.3340767e+001 -7.9761879e+001 -7.9949829e+001 -9.1737640e+001
  1.4066667e+000             NaN             NaN -8.9624657e+001 -8.3241142e+001 -7.9431580e+001 -7.9713135e+001 -9.1579559e+001
  1.4133333e+000             NaN             NaN -8.9524811e+001 -8.3246803e+001 -7.9283569e+001 -7.9504684e+001 -9.1483582e+001
  1.4200000e+000             NaN             NaN -9.0476410e+001 -8.3200638e+001 -7.9105682e+001 -7.9295532e+001 -9.1309113e+001
  1.4266667e+000             NaN             NaN -9.0347198e+001 -8.3144417e+001 -7.8852928e+001 -7.9163406e+001 -9.1133667e+001
  1.4333333e+000             NaN -8.3371727e+001 -8.9290314e+001 -8.3136848e+001 -7.8622482e+001 -7.9031883e+001 -9.1073578e+001
  1.4400000e+000             NaN -8.3186920e+001 -8.9122177e+001 -8.3085022e+001 -7.8301559e+001 -7.8887573e+001 -9.0929138e+001
  1.4466667e+000             NaN -8.2978813e+001 -8.9965736e+001 -8.3019890e+001 -7.8040253e+001 -7.8702530e+001 -9.0843262e+001
  1.4533333e+000             NaN -8.2729324e+001 -8.9934395e+001 -8.3032829e+001 -7.7838142e+001 -7.8590256e+001 -9.0848328e+001
  1.4600000e+000             NaN -8.2542671e+001 -8.9806175e+001 -8.3023521e+001 -7.7578636e+001 -7.8448273e+001 -9.0668823e+001
  1.4666667e+000             NaN             NaN -8.8769814e+001 -8.2988884e+001 -7.7324173e+001 -7.8250328e+001 -9.0568542e+001
  1.4733333e+000             NaN             NaN -8.8620583e+001 -8.2878365e+001 -7.7086105e+001 -7.8115318e+001 -9.0599396e+001
  1.4800000e+000             NaN -8.2123192e+001 -8.9496422e+001 -8.2754837e+001 -7.6853973e+001 -7.7933533e+001 -9.0472290e+001
  1.4866667e+000             NaN -8.1893829e+001 -8.9431793e+001 -8.2692284e+001 -7.5937531e+001 -7.7743446e+001 -9.0384094e+001
  1.4933333e+000             NaN -8.1623024e+001 -8.9359581e+001 -8.2679382e+001 -7.5755066e+001 -7.7529259e+001 -9.0454559e+001
  1.5000000e+000             NaN -8.1387871e+001 -8.9180992e+001 -8.2674446e+001 -7.6335411e+001 -7.7380226e+001 -9.0480499e+001
  1.5066667e+000             NaN -8.1269569e+001 -8.9023209e+001 -8.2611267e+001 -7.6146225e+001 -7.7249046e+001 -9.0518127e+001
  1.5133333e+000             NaN -8.1140572e+001 -8.8073288e+001 -8.2553497e+001 -7.5903755e+001 -7.7059265e+001 -9.0647095e+001
  1.5200000e+000             NaN -8.0889824e+001 -8.8035263e+001 -8.2381035e+001 -7.5643631e+001 -7.6880501e+001 -9.0667053e+001
  1.5266667e+000             NaN -8.0721596e+001 -8.8832321e+001 -8.2225639e+001 -7.5394875e+001 -7.6729057e+001 -9.0787079e+001
  1.5333333e+000             NaN -8.0620842e+001 -8.8633987e+001 -8.2186440e+001 -7.5180710e+001 -7.6544823e+001 -9.0960022e+001
  1.5400000e+000             NaN -8.0485886e+001 -8.7666023e+001 -8.2192390e+001 -7.4985069e+001 -7.6416626e+001 -9.0895020e+001
  1.5466667e+000             NaN -8.0422089e+001 -8.7602081e+001 -8.2189125e+001 -7.4824074e+001 -7.6239395e+001 -9.0994263e+001
  1.5533333e+000             NaN -8.0412056e+001 -8.8385292e+001 -8.2119499e+001 -7.3892609e+001 -7.6011314e+001 -9.1060333e+001
  1.5600000e+000             NaN -8.0228188e+001 -8.8327080e+001 -8.2016350e+001 -7.3763092e+001 -7.5820816e+001 -9.1133514e+001
  1.5666667e+000             NaN -8.0032768e+001 -8.7435631e+001 -8.1970375e+001 -7.3546204e+001 -7.5584549e+001 -9.1301147e+001
  1.5733333e+000             NaN -7.9895782e+001 -8.7305862e+001 -8.1981293e+001 -7.4101326e+001 -7.5368370e+001 -9.1432983e+001
  1.5800000e+000             NaN -7.9770111e+001 -8.8000122e+001 -8.1935493e+001 -7.3896935e+001 -7.5303665e+001 -9.1604980e+001
  1.5866667e+000             NaN -7.9702797e+001 -8.7906784e+001 -8.1874596e+001 -7.3762810e+001 -7.5090073e+001 -9.1765015e+001
  1.5933333e+000             NaN -7.9603104e+001 -8.7019287e+001 -8.1913857e+001 -7.3579475e+001 -7.4885040e+001 -9.2035187e+001
  1.6000000e+000             NaN -7.9479507e+001 -8.6908447e+001 -8.1929535e+001 -7.2699753e+001 -7.4812378e+001 -9.2216187e+001
  1.6066667e+000             NaN -7.9338287e+001 -8.7831924e+001 -8.1882019e+001 -7.2620346e+001 -7.4668083e+001 -9.2453918e+001
  1.6133333e+000             NaN -7.9201561e+001 -8.7823456e+001 -8.1794128e+001 -7.2600800e+001 -7.4569435e+001 -9.2734436e+001
  1.6200000e+000             NaN -7.9145111e+001 -8.6970627e+001 -8.1764175e+001 -7.3202095e+001 -7.4482399e+001 -9.2991119e+001
  1.6266667e+000             NaN -7.9121780e+001 -8.6800774e+001 -8.1783791e+001 -7.3057877e+001 -7.4340530e+001 -9.3333191e+001
  1.6333333e+000             NaN -7.8966148e+001 -8.7736618e+001 -8.1764244e+001 -7.2149277e+001 -7.4162544e+001 -9.3544861e+001
  1.6400000e+000             NaN -7.8785034e+001 -8.7832283e+001 -8.1794624e+001 -7.2049263e+001 -7.4004959e+001 -9.3765930e+001
  1.6466667e+000             NaN -7.8697891e+001 -8.7013184e+001 -8.1805786e+001 -7.2093872e+001 -7.3901825e+001 -9.4048553e+001
  1.6533333e+000             NaN -7.8606529e+001 -8.6877892e+001 -8.1727348e+001 -7.2871513e+001 -7.3856186e+001 -9.4404114e+001
  1.6600000e+000             NaN -7.8519554e+001 -8.7652977e+001 -8.1695656e+001 -7.2619926e+001 -7.3703163e+001 -9.4700073e+001
  1.6666667e+000             NaN -7.8464333e+001 -8.7693787e+001 -8.1699883e+001 -7.1836380e+001 -7.3609413e+001 -9.4945099e+001
  1.6733333e+000             NaN -7.8363258e+001 -8.6905663e+001 -8.1678947e+001 -7.1808235e+001 -7.3626305e+001 -9.5275879e+001
  1.6800000e+000             NaN -7.8237122e+001 -8.6749054e+001 -8.1646385e+001 -7.2597855e+001 -7.3535637e+001 -9.5595795e+001
  1.6866667e+000             NaN -7.8244576e+001 -8.7679985e+001 -8.1672859e+001 -7.2494026e+001 -7.3440216e+001 -9.5921661e+001
  1.6933333e+000             NaN -7.8234459e+001 -8.7761215e+001 -8.1702774e+001 -7.1603973e+001 -7.3409714e+001 -9.6252441e+001
  1.7000000e+000             NaN -7.8105095e+001 -8.6897011e+001 -8.1700264e+001 -7.1518257e+001 -7.3316483e+001 -9.6484833e+001
  1.7066667e+000             NaN -7.7997131e+001 -8.6812729e+001 -8.1735306e+001 -7.1582397e+001 -7.3224953e+001 -9.6700806e+001
  1.7133333e+000             NaN -7.7969620e+001 -8.6775238e+001 -8.1768463e+001 -7.2364845e+001 -7.3217842e+001 -9.6916443e+001
  1.7200000e+000             NaN -7.8018906e+001 -8.7814392e+001 -8.1674820e+001 -7.1525101e+001 -7.3166397e+001 -9.7135864e+001
  1.7266667e+000             NaN -7.7943062e+001 -8.7736267e+001 -8.1588371e+001 -7.1492401e+001 -7.3008339e+001 -9.7374023e+001
  1.7333333e+000             NaN -7.7815628e+001 -8.6751465e+001 -8.1600784e+001 -7.1481400e+001 -7.2897705e+001 -9.7532166e+001
  1.7400000e+000             NaN -7.7718788e+001 -8.6595268e+001 -8.1598984e+001 -7.2177498e+001 -7.2828751e+001 -9.7641754e+001
  1.7466667e+000             NaN -7.7652138e+001 -8.7669212e+001 -8.1710701e+001 -7.2252586e+001 -7.2752678e+001 -9.7790222e+001
  1.7533333e+000             NaN -7.7616989e+001 -8.7535179e+001 -8.1825745e+001 -7.1651001e+001 -7.2738693e+001 -9.7882690e+001
  1.7600000e+000             NaN -7.7533371e+001 -8.6552750e+001 -8.1754883e+001 -7.1578484e+001 -7.2665436e+001 -9.8018707e+001
  1.7666667e+000             NaN -7.7520401e+001 -8.6450005e+001 -8.1723076e+001 -7.1647705e+001 -7.2617699e+001 -9.8024963e+001
  1.7733333e+000             NaN -7.7470367e+001 -8.7446335e+001 -8.1775810e+001 -7.2413292e+001 -7.2543785e+001 -9.7990967e+001
  1.7800000e+000             NaN -7.7447319e+001 -8.6452484e+001 -8.1757553e+001 -7.1722992e+001 -7.2495422e+001 -9.7902954e+001
  1.7866667e+000             NaN -7.7413544e+001 -8.6383286e+001 -8.1679352e+001 -7.1543701e+001 -7.2445213e+001 -9.7891205e+001
  1.7933333e+000             NaN -7.7358719e+001 -8.6220993e+001 -8.1693764e+001 -7.1532631e+001 -7.2385971e+001 -9.7835358e+001
  1.8000000e+000             NaN -7.7393890e+001 -8.7143982e+001 -8.1772545e+001 -7.2382027e+001 -7.2344643e+001 -9.7685333e+001
  1.8066667e+000             NaN -7.7360901e+001 -8.6174080e+001 -8.1814507e+001 -7.2300468e+001 -7.2229591e+001 -9.7526306e+001
  1.8133333e+000             NaN -7.7345863e+001 -8.6290703e+001 -8.1825287e+001 -7.1548401e+001 -7.2118782e+001 -9.7345306e+001
  1.8200000e+000             NaN -7.7343170e+001 -8.6178841e+001 -8.1795609e+001 -7.1601669e+001 -7.2070724e+001 -9.7163361e+001
  1.8266667e+000             NaN -7.7322380e+001 -8.6287903e+001 -8.1764404e+001 -7.1726593e+001 -7.1992561e+001 -9.6943634e+001
  1.8333333e+000             NaN -7.7334892e+001 -8.6284004e+001 -8.1785606e+001 -7.2305176e+001 -7.1933128e+001 -9.6589203e+001
  1.8400000e+000             NaN -7.7270416e+001 -8.6641418e+001 -8.1779114e+001 -7.1558105e+001 -7.1810669e+001 -9.6204315e+001
  1.8466667e+000             NaN -7.7268387e+001 -8.6666985e+001 -8.1849167e+001 -7.1651680e+001 -7.1721062e+001 -9.5813416e+001
  1.8533333e+000             NaN -7.7257233e+001 -8.6179199e+001 -8.1857964e+001 -7.1801750e+001 -7.1706757e+001 -9.5389923e+001
  1.8600000e+000             NaN -7.7259850e+001 -8.6174080e+001 -8.1805328e+001 -7.2389618e+001 -7.1595322e+001 -9.4912598e+001
  1.8666667e+000             NaN -7.7293793e+001 -8.5949959e+001 -8.1861801e+001 -7.1690620e+001 -7.1513245e+001 -9.4394257e+001
  1.8733333e+000             NaN -7.7315529e+001 -8.6033012e+001 -8.1894531e+001 -7.1700333e+001 -7.1435608e+001 -9.3923859e+001
  1.8800000e+000             NaN -7.7308350e+001 -8.6075539e+001 -8.1928925e+001 -7.2463707e+001 -7.1352211e+001 -9.3465607e+001
  1.8866667e+000             NaN -7.7310219e+001 -8.6448738e+001 -8.1858017e+001 -7.2384659e+001 -7.1347282e+001 -9.2863770e+001
  1.8933333e+000             NaN -7.7429634e+001 -8.6305565e+001 -8.1781761e+001 -7.1689262e+001 -7.1259659e+001 -9.2337067e+001
  1.9000000e+000             NaN -7.7464127e+001 -8.5902222e+001 -8.1826172e+001 -7.1739334e+001 -7.1146820e+001 -9.1794830e+001
  1.9066667e+000             NaN -7.7470825e+001 -8.5877495e+001 -8.1877083e+001 -7.2809471e+001 -7.1035660e+001 -9.1111877e+001
  1.9133333e+000             NaN -7.7486549e+001 -8.6088440e+001 -8.1852928e+001 -7.2180084e+001 -7.0980614e+001 -9.0418243e+001
  1.9200000e+000             NaN -7.7455421e+001 -8.6204185e+001 -8.1931671e+001 -7.1758667e+001 -7.1033905e+001 -8.9741310e+001
  1.9266667e+000             NaN -7.7445618e+001 -8.6566635e+001 -8.1884048e+001 -7.1671768e+001 -7.1020760e+001 -8.9012054e+001
  1.9333333e+000             NaN -7.7377922e+001 -8.5895203e+001 -8.1792686e+001 -7.1689003e+001 -7.0952919e+001 -8.8296127e+001
  1.9400000e+000             NaN -7.7357391e+001 -8.6031281e+001 -8.1823677e+001 -7.2344826e+001 -7.0850609e+001 -8.7544968e+001
  1.9466667e+000             NaN -7.7477219e+001 -8.5539726e+001 -8.1881027e+001 -7.1573288e+001 -7.0898643e+001 -8.6751099e+001
  1.9533333e+000             NaN -7.7454010e+001 -8.5889961e+001 -8.1913155e+001 -7.1609955e+001 -7.0955177e+001 -8.5970467e+001
  1.9600000e+000             NaN -7.7414894e+001 -8.5886246e+001 -8.1840027e+001 -7.1743607e+001 -7.0886986e+001 -8.5194534e+001
  1.9666667e+000             NaN -7.7372810e+001 -8.5447571e+001 -8.1843124e+001 -7.2352448e+001 -7.0894157e+001 -8.4458397e+001
  1.9733333e+000             NaN -7.7338089e+001 -8.5852486e+001 -8.1854446e+001 -7.1655533e+001 -7.0858231e+001 -8.3636559e+001
  1.9800000e+000             NaN -7.7329262e+001 -8.5814560e+001 -8.1892036e+001 -7.1606453e+001 -7.0788284e+001 -8.2689095e+001
  1.9866667e+000             NaN -7.7331985e+001 -8.5339943e+001 -8.1818657e+001 -7.1670837e+001 -7.0808701e+001 -8.1819862e+001
  1.9933333e+000             NaN -7.7333946e+001 -8.5797607e+001 -8.1706871e+001 -7.1597198e+001 -7.0816437e+001 -8.0996445e+001
  2.0000000e+000             NaN -7.7278389e+001 -8.5758316e+001 -8.1664215e+001 -7.2220459e+001 -7.0793793e+001 -8.0098213e+001
