 -5.0000000e-001 -2.7489895e+001 -2.7897396e+001 -2.7621447e+001 -2.7507570e+001 -2.7746222e+001
 -4.9333333e-001 -2.7473713e+001 -2.7907286e+001 -2.7610561e+001 -2.7584745e+001 -2.7756474e+001
 -4.8666667e-001 -2.7478100e+001 -2.7933001e+001 -2.7600264e+001 -2.7575245e+001 -2.7771166e+001
 -4.8000000e-001 -2.7487604e+001 -2.7970516e+001 -2.7559341e+001 -2.7554493e+001 -2.7767723e+001
 -4.7333333e-001 -2.7489531e+001 -2.7953522e+001 -2.7529579e+001 -2.7550224e+001 -2.7734982e+001
 -4.6666667e-001 -2.7490969e+001 -2.7928795e+001 -2.7558802e+001 -2.7539455e+001 -2.7737404e+001
 -4.6000000e-001 -2.7479923e+001 -2.7935314e+001 -2.7543146e+001 -2.7543856e+001 -2.7743809e+001
 -4.5333333e-001 -2.7495932e+001 -2.7983322e+001 -2.7507301e+001 -2.7561617e+001 -2.7752247e+001
 -4.4666667e-001 -2.7538624e+001 -2.7961168e+001 -2.7568796e+001 -2.7570972e+001 -2.7729427e+001
 -4.4000000e-001 -2.7539486e+001 -2.7939682e+001 -2.7574976e+001 -2.7540936e+001 -2.7724932e+001
 -4.3333333e-001 -2.7523972e+001 -2.7933907e+001 -2.7549730e+001 -2.7536749e+001 -2.7736301e+001
 -4.2666667e-001 -2.7505962e+001 -2.7935162e+001 -2.7549248e+001 -2.7544655e+001 -2.7721666e+001
 -4.2000000e-001 -2.7502806e+001 -2.7927864e+001 -2.7556990e+001 -2.7531231e+001 -2.7729149e+001
 -4.1333333e-001 -2.7496042e+001 -2.7933836e+001 -2.7565290e+001 -2.7529936e+001 -2.7737768e+001
 -4.0666667e-001 -2.7457438e+001 -2.7908985e+001 -2.7540123e+001 -2.7537201e+001 -2.7716330e+001
 -4.0000000e-001 -2.7465748e+001 -2.7907370e+001 -2.7552704e+001 -2.7524002e+001 -2.7696838e+001
 -3.9333333e-001 -2.7484470e+001 -2.7925272e+001 -2.7558378e+001 -2.7528637e+001 -2.7713762e+001
 -3.8666667e-001 -2.7452051e+001 -2.7926023e+001 -2.7541035e+001 -2.7554499e+001 -2.7736067e+001
 -3.8000000e-001 -2.7452307e+001 -2.7896385e+001 -2.7518116e+001 -2.7548962e+001 -2.7767288e+001
 -3.7333333e-001 -2.7415689e+001 -2.7883005e+001 -2.7480722e+001 -2.7510267e+001 -2.7757502e+001
 -3.6666667e-001 -2.7404915e+001 -2.7886152e+001 -2.7508389e+001 -2.7506870e+001 -2.7702078e+001
 -3.6000000e-001 -2.7413752e+001 -2.7920988e+001 -2.7556887e+001 -2.7528608e+001 -2.7742006e+001
 -3.5333333e-001 -2.7406343e+001 -2.7909857e+001 -2.7567062e+001 -2.7512268e+001 -2.7757032e+001
 -3.4666667e-001 -2.7423674e+001 -2.7879074e+001 -2.7535688e+001 -2.7500845e+001 -2.7735262e+001
 -3.4000000e-001 -2.7425955e+001 -2.7884684e+001 -2.7534695e+001 -2.7524973e+001 -2.7767670e+001
 -3.3333333e-001 -2.7420229e+001 -2.7870056e+001 -2.7523933e+001 -2.7562737e+001 -2.7773914e+001
 -3.2666667e-001 -2.7441513e+001 -2.7888796e+001 -2.7532362e+001 -2.7559374e+001 -2.7741667e+001
 -3.2000000e-001 -2.7460947e+001 -2.7881367e+001 -2.7546387e+001 -2.7546686e+001 -2.7715473e+001
 -3.1333333e-001 -2.7425655e+001 -2.7834442e+001 -2.7523258e+001 -2.7568014e+001 -2.7745642e+001
 -3.0666667e-001 -2.7394642e+001 -2.7809298e+001 -2.7504490e+001 -2.7571167e+001 -2.7773882e+001
 -3.0000000e-001 -2.7408667e+001 -2.7818544e+001 -2.7492807e+001 -2.7560469e+001 -2.7746367e+001
 -2.9333333e-001 -2.7409323e+001 -2.7802904e+001 -2.7486450e+001 -2.7578716e+001 -2.7728886e+001
 -2.8666667e-001 -2.7388416e+001 -2.7804996e+001 -2.7494770e+001 -2.7597473e+001 -2.7741430e+001
 -2.8000000e-001 -2.7413784e+001 -2.7852892e+001 -2.7510122e+001 -2.7597689e+001 -2.7750669e+001
 -2.7333333e-001 -2.7404713e+001 -2.7837244e+001 -2.7482475e+001 -2.7612343e+001 -2.7775824e+001
 -2.6666667e-001 -2.7408247e+001 -2.7816793e+001 -2.7480364e+001 -2.7569595e+001 -2.7793686e+001
 -2.6000000e-001 -2.7429464e+001 -2.7824757e+001 -2.7494448e+001 -2.7504169e+001 -2.7756842e+001
 -2.5333333e-001 -2.7414648e+001 -2.7821152e+001 -2.7516235e+001 -2.7520540e+001 -2.7736391e+001
 -2.4666667e-001 -2.7408186e+001 -2.7824217e+001 -2.7501310e+001 -2.7564207e+001 -2.7773655e+001
 -2.4000000e-001 -2.7388002e+001 -2.7812317e+001 -2.7485668e+001 -2.7564938e+001 -2.7765154e+001
 -2.3333333e-001 -2.7387663e+001 -2.7821243e+001 -2.7504192e+001 -2.7558969e+001 -2.7775555e+001
 -2.2666667e-001 -2.7390633e+001 -2.7829294e+001 -2.7500170e+001 -2.7563133e+001 -2.7788313e+001
 -2.2000000e-001 -2.7364225e+001 -2.7827806e+001 -2.7474821e+001 -2.7558203e+001 -2.7780014e+001
 -2.1333333e-001 -2.7377462e+001 -2.7817413e+001 -2.7472551e+001 -2.7550053e+001 -2.7766901e+001
 -2.0666667e-001 -2.7421158e+001 -2.7816950e+001 -2.7481619e+001 -2.7531582e+001 -2.7723467e+001
 -2.0000000e-001 -2.7408016e+001 -2.7830908e+001 -2.7427288e+001 -2.7549339e+001 -2.7725149e+001
 -1.9333333e-001 -2.7390827e+001 -2.7783379e+001 -2.7444256e+001 -2.7534626e+001 -2.7772053e+001
 -1.8666667e-001 -2.7375160e+001 -2.7747801e+001 -2.7459993e+001 -2.7518301e+001 -2.7755358e+001
 -1.8000000e-001 -2.7361263e+001 -2.7779305e+001 -2.7472126e+001 -2.7540525e+001 -2.7734980e+001
 -1.7333333e-001 -2.7380699e+001 -2.7810743e+001 -2.7455240e+001 -2.7550259e+001 -2.7744324e+001
 -1.6666667e-001 -2.7390804e+001 -2.7814426e+001 -2.7422710e+001 -2.7579163e+001 -2.7735800e+001
 -1.6000000e-001 -2.7393129e+001 -2.7816517e+001 -2.7418425e+001 -2.7579836e+001 -2.7708763e+001
 -1.5333333e-001 -2.7391363e+001 -2.7817141e+001 -2.7404730e+001 -2.7594240e+001 -2.7724052e+001
 -1.4666667e-001 -2.7388191e+001 -2.7818295e+001 -2.7394411e+001 -2.7596592e+001 -2.7726837e+001
 -1.4000000e-001 -2.7398849e+001 -2.7840528e+001 -2.7426517e+001 -2.7560238e+001 -2.7737919e+001
 -1.3333333e-001 -2.7406256e+001 -2.7855888e+001 -2.7454332e+001 -2.7582388e+001 -2.7757563e+001
 -1.2666667e-001 -2.7431334e+001 -2.7890932e+001 -2.7442539e+001 -2.7600437e+001 -2.7769768e+001
 -1.2000000e-001 -2.7433851e+001 -2.7911922e+001 -2.7433756e+001 -2.7590982e+001 -2.7744743e+001
 -1.1333333e-001 -2.7392328e+001 -2.7896994e+001 -2.7435448e+001 -2.7576735e+001 -2.7726831e+001
 -1.0666667e-001 -2.7397160e+001 -2.7882870e+001 -2.7450788e+001 -2.7547615e+001 -2.7766966e+001
 -1.0000000e-001 -2.7385696e+001 -2.7840078e+001 -2.7496576e+001 -2.7561493e+001 -2.7738432e+001
 -9.3333333e-002 -2.7370277e+001 -2.7818897e+001 -2.7502645e+001 -2.7581936e+001 -2.7749977e+001
 -8.6666667e-002 -2.7389391e+001 -2.7854177e+001 -2.7491709e+001 -2.7561352e+001 -2.7764757e+001
 -8.0000000e-002 -2.7377247e+001 -2.7856443e+001 -2.7505091e+001 -2.7553394e+001 -2.7763412e+001
 -7.3333333e-002 -2.7371744e+001 -2.7847033e+001 -2.7501686e+001 -2.7551607e+001 -2.7722479e+001
 -6.6666667e-002 -2.7361406e+001 -2.7841572e+001 -2.7509495e+001 -2.7526573e+001 -2.7717129e+001
 -6.0000000e-002 -2.7356855e+001 -2.7831722e+001 -2.7501894e+001 -2.7535370e+001 -2.7734085e+001
 -5.3333333e-002 -2.7397114e+001 -2.7840757e+001 -2.7481403e+001 -2.7621733e+001 -2.7747980e+001
 -4.6666667e-002 -2.7405302e+001 -2.7813431e+001 -2.7472342e+001 -2.7613924e+001 -2.7784803e+001
 -4.0000000e-002 -2.7387569e+001 -2.7791101e+001 -2.7474745e+001 -2.7588755e+001 -2.7758280e+001
 -3.3333333e-002 -2.7367435e+001 -2.7812683e+001 -2.7492611e+001 -2.7574234e+001 -2.7732630e+001
 -2.6666667e-002 -2.7369946e+001 -2.7808331e+001 -2.7503218e+001 -2.7605415e+001 -2.7748423e+001
 -2.0000000e-002 -2.7394033e+001 -2.7814316e+001 -2.7512749e+001 -2.7618740e+001 -2.7753857e+001
 -1.3333333e-002 -2.7384445e+001 -2.7813358e+001 -2.7513586e+001 -2.7621782e+001 -2.7748289e+001
 -6.6666667e-003 -2.7362129e+001 -2.7789000e+001 -2.7512119e+001 -2.7621542e+001 -2.7747709e+001
  0.0000000e+000 -2.7379259e+001 -2.7824081e+001 -2.7502527e+001 -2.7645519e+001 -2.7762857e+001
  6.6666667e-003 -2.7340477e+001 -2.7839094e+001 -2.7483761e+001 -2.7621988e+001 -2.7764431e+001
  1.3333333e-002 -2.7318291e+001 -2.7782906e+001 -2.7476004e+001 -2.7621614e+001 -2.7788513e+001
  2.0000000e-002 -2.7309753e+001 -2.7787390e+001 -2.7497444e+001 -2.7666777e+001 -2.7789310e+001
  2.6666667e-002 -2.7350433e+001 -2.7833710e+001 -2.7485533e+001 -2.7654388e+001 -2.7772978e+001
  3.3333333e-002 -2.7383348e+001 -2.7791945e+001 -2.7501513e+001 -2.7646574e+001 -2.7760668e+001
  4.0000000e-002 -2.7403677e+001 -2.7763481e+001 -2.7520185e+001 -2.7643066e+001 -2.7787607e+001
  4.6666667e-002 -2.7399406e+001 -2.7781597e+001 -2.7464209e+001 -2.7625269e+001 -2.7815100e+001
  5.3333333e-002 -2.7352472e+001 -2.7770798e+001 -2.7468758e+001 -2.7652092e+001 -2.7830536e+001
  6.0000000e-002 -2.7346045e+001 -2.7771395e+001 -2.7502630e+001 -2.7647007e+001 -2.7843575e+001
  6.6666667e-002 -2.7345898e+001 -2.7796326e+001 -2.7526873e+001 -2.7648663e+001 -2.7790209e+001
  7.3333333e-002 -2.7330734e+001 -2.7798281e+001 -2.7505686e+001 -2.7639557e+001 -2.7761894e+001
  8.0000000e-002 -2.7324661e+001 -2.7768650e+001 -2.7482664e+001 -2.7597534e+001 -2.7744192e+001
  8.6666667e-002 -2.7307570e+001 -2.7758739e+001 -2.7481831e+001 -2.7584427e+001 -2.7716139e+001
  9.3333333e-002 -2.7295942e+001 -2.7755877e+001 -2.7434278e+001 -2.7557629e+001 -2.7688784e+001
  1.0000000e-001 -2.7306166e+001 -2.7754133e+001 -2.7401014e+001 -2.7539995e+001 -2.7682829e+001
  1.0666667e-001 -2.7301332e+001 -2.7781927e+001 -2.7361931e+001 -2.7539194e+001 -2.7673212e+001
  1.1333333e-001 -2.7295618e+001 -2.7755798e+001 -2.7338152e+001 -2.7566051e+001 -2.7690163e+001
  1.2000000e-001 -2.7281437e+001 -2.7751568e+001 -2.7357079e+001 -2.7548027e+001 -2.7683241e+001
  1.2666667e-001 -2.7286106e+001 -2.7712547e+001 -2.7344461e+001 -2.7539808e+001 -2.7686687e+001
  1.3333333e-001 -2.7283388e+001 -2.7673172e+001 -2.7330318e+001 -2.7547935e+001 -2.7709476e+001
  1.4000000e-001 -2.7292170e+001 -2.7650635e+001 -2.7322561e+001 -2.7534536e+001 -2.7689636e+001
  1.4666667e-001 -2.7278887e+001 -2.7631010e+001 -2.7356840e+001 -2.7512943e+001 -2.7656284e+001
  1.5333333e-001 -2.7246576e+001 -2.7621920e+001 -2.7331875e+001 -2.7483850e+001 -2.7635921e+001
  1.6000000e-001 -2.7269079e+001 -2.7569376e+001 -2.7324324e+001 -2.7454441e+001 -2.7600756e+001
  1.6666667e-001 -2.7273922e+001 -2.7564245e+001 -2.7358551e+001 -2.7445305e+001 -2.7548660e+001
  1.7333333e-001 -2.7266489e+001 -2.7518084e+001 -2.7317945e+001 -2.7423536e+001 -2.7521507e+001
  1.8000000e-001 -2.7301889e+001 -2.7464539e+001 -2.7316042e+001 -2.7404659e+001 -2.7522022e+001
  1.8666667e-001 -2.7300337e+001 -2.7474794e+001 -2.7292080e+001 -2.7438002e+001 -2.7520428e+001
  1.9333333e-001 -2.7291613e+001 -2.7462849e+001 -2.7269859e+001 -2.7429779e+001 -2.7539387e+001
  2.0000000e-001 -2.7323147e+001 -2.7481035e+001 -2.7239101e+001 -2.7417469e+001 -2.7537704e+001
  2.0666667e-001 -2.7344908e+001 -2.7500902e+001 -2.7273823e+001 -2.7457594e+001 -2.7520412e+001
  2.1333333e-001 -2.7323606e+001 -2.7509542e+001 -2.7337418e+001 -2.7505716e+001 -2.7505138e+001
  2.2000000e-001 -2.7356300e+001 -2.7521084e+001 -2.7377554e+001 -2.7515316e+001 -2.7495466e+001
  2.2666667e-001 -2.7375875e+001 -2.7530771e+001 -2.7441357e+001 -2.7550467e+001 -2.7511946e+001
  2.3333333e-001 -2.7363798e+001 -2.7579750e+001 -2.7506454e+001 -2.7598780e+001 -2.7484934e+001
  2.4000000e-001 -2.7391895e+001 -2.7600967e+001 -2.7604282e+001 -2.7614920e+001 -2.7484491e+001
  2.4666667e-001 -2.7410263e+001 -2.7595304e+001 -2.7625788e+001 -2.7621479e+001 -2.7534090e+001
  2.5333333e-001 -2.7391953e+001 -2.7620502e+001 -2.7589746e+001 -2.7565016e+001 -2.7546410e+001
  2.6000000e-001 -2.7404446e+001 -2.7682354e+001 -2.7560051e+001 -2.7575407e+001 -2.7564787e+001
  2.6666667e-001 -2.7422440e+001 -2.7740093e+001 -2.7556189e+001 -2.7656330e+001 -2.7618166e+001
  2.7333333e-001 -2.7390289e+001 -2.7825891e+001 -2.7617977e+001 -2.7694344e+001 -2.7663433e+001
  2.8000000e-001 -2.7361647e+001 -2.7880308e+001 -2.7719469e+001 -2.7668646e+001 -2.7685297e+001
  2.8666667e-001 -2.7367950e+001 -2.7908188e+001 -2.7735863e+001 -2.7629255e+001 -2.7654961e+001
  2.9333333e-001 -2.7414423e+001 -2.7959734e+001 -2.7743954e+001 -2.7654848e+001 -2.7593761e+001
  3.0000000e-001 -2.7378613e+001 -2.7996309e+001 -2.7745188e+001 -2.7688543e+001 -2.7570704e+001
  3.0666667e-001 -2.7319942e+001 -2.8032248e+001 -2.7795393e+001 -2.7663574e+001 -2.7584505e+001
  3.1333333e-001 -2.7340593e+001 -2.8069431e+001 -2.7868879e+001 -2.7684902e+001 -2.7554804e+001
  3.2000000e-001 -2.7380907e+001 -2.8075819e+001 -2.7856869e+001 -2.7717306e+001 -2.7471088e+001
  3.2666667e-001 -2.7429447e+001 -2.8060274e+001 -2.7864452e+001 -2.7755636e+001 -2.7456499e+001
  3.3333333e-001 -2.7502666e+001 -2.8093622e+001 -2.7928991e+001 -2.7832876e+001 -2.7414921e+001
  3.4000000e-001 -2.7483500e+001 -2.8175228e+001 -2.8011791e+001 -2.7888060e+001 -2.7369413e+001
  3.4666667e-001 -2.7461298e+001 -2.8229162e+001 -2.8067419e+001 -2.8005598e+001 -2.7402695e+001
  3.5333333e-001 -2.7377167e+001 -2.8207342e+001 -2.8145060e+001 -2.8112316e+001 -2.7430990e+001
  3.6000000e-001 -2.7373999e+001 -2.8155415e+001 -2.8246384e+001 -2.8233080e+001 -2.7440086e+001
  3.6666667e-001 -2.7436460e+001 -2.8141958e+001 -2.8307705e+001 -2.8312323e+001 -2.7562323e+001
  3.7333333e-001 -2.7428318e+001 -2.8166929e+001 -2.8309025e+001 -2.8370745e+001 -2.7701820e+001
  3.8000000e-001 -2.7330128e+001 -2.8179756e+001 -2.8350233e+001 -2.8470953e+001 -2.7780849e+001
  3.8666667e-001 -2.7297815e+001 -2.8120440e+001 -2.8471699e+001 -2.8517513e+001 -2.7904062e+001
  3.9333333e-001 -2.7284559e+001 -2.8092741e+001 -2.8550596e+001 -2.8598269e+001 -2.7995668e+001
  4.0000000e-001 -2.7248495e+001 -2.8167915e+001 -2.8592569e+001 -2.8699799e+001 -2.8153744e+001
  4.0666667e-001 -2.7269558e+001 -2.8199490e+001 -2.8662619e+001 -2.8750738e+001 -2.8296534e+001
  4.1333333e-001 -2.7252262e+001 -2.8209980e+001 -2.8781042e+001 -2.8860138e+001 -2.8362352e+001
  4.2000000e-001 -2.7238819e+001 -2.8287716e+001 -2.8893257e+001 -2.8944563e+001 -2.8507151e+001
  4.2666667e-001 -2.7278126e+001 -2.8299986e+001 -2.8928185e+001 -2.9005434e+001 -2.8611601e+001
  4.3333333e-001 -2.7323826e+001 -2.8338238e+001 -2.8987082e+001 -2.9120106e+001 -2.8745928e+001
  4.4000000e-001 -2.7364428e+001 -2.8438553e+001 -2.9067883e+001 -2.9219366e+001 -2.8926361e+001
  4.4666667e-001 -2.7412603e+001 -2.8515833e+001 -2.9108952e+001 -2.9314568e+001 -2.9028189e+001
  4.5333333e-001 -2.7453028e+001 -2.8600679e+001 -2.9136475e+001 -2.9369913e+001 -2.9168716e+001
  4.6000000e-001 -2.7475258e+001 -2.8672287e+001 -2.9230824e+001 -2.9445864e+001 -2.9352837e+001
  4.6666667e-001 -2.7477667e+001 -2.8790241e+001 -2.9301409e+001 -2.9553064e+001 -2.9472752e+001
  4.7333333e-001 -2.7565088e+001 -2.8905996e+001 -2.9345577e+001 -2.9642752e+001 -2.9617622e+001
  4.8000000e-001 -2.7643658e+001 -2.8976143e+001 -2.9339802e+001 -2.9721958e+001 -2.9824274e+001
  4.8666667e-001 -2.7661940e+001 -2.9078459e+001 -2.9377522e+001 -2.9813486e+001 -2.9973244e+001
  4.9333333e-001 -2.7729240e+001 -2.9182625e+001 -2.9444365e+001 -2.9862898e+001 -3.0073795e+001
  5.0000000e-001 -2.7823395e+001 -2.9254654e+001 -2.9452593e+001 -2.9891298e+001 -3.0169834e+001
  5.0666667e-001 -2.7896351e+001 -2.9368372e+001 -2.9480619e+001 -2.9933321e+001 -3.0260939e+001
  5.1333333e-001 -2.8008650e+001 -2.9494280e+001 -2.9520361e+001 -2.9969238e+001 -3.0323309e+001
  5.2000000e-001 -2.8079449e+001 -2.9592358e+001 -2.9540627e+001 -3.0014505e+001 -3.0381649e+001
  5.2666667e-001 -2.8166435e+001 -2.9657475e+001 -2.9550138e+001 -3.0051987e+001 -3.0423777e+001
  5.3333333e-001 -2.8308743e+001 -2.9738026e+001 -2.9597160e+001 -3.0079926e+001 -3.0476160e+001
  5.4000000e-001 -2.8369465e+001 -2.9828260e+001 -2.9613159e+001 -3.0097635e+001 -3.0504572e+001
  5.4666667e-001 -2.8438562e+001 -2.9864599e+001 -2.9667324e+001 -3.0115902e+001 -3.0493168e+001
  5.5333333e-001 -2.8496805e+001 -2.9897705e+001 -2.9736786e+001 -3.0165298e+001 -3.0499220e+001
  5.6000000e-001 -2.8480379e+001 -2.9896076e+001 -2.9759872e+001 -3.0185827e+001 -3.0509256e+001
  5.6666667e-001 -2.8524939e+001 -2.9858360e+001 -2.9784376e+001 -3.0215197e+001 -3.0535809e+001
  5.7333333e-001 -2.8578392e+001 -2.9843702e+001 -2.9789618e+001 -3.0268944e+001 -3.0511940e+001
  5.8000000e-001 -2.8672741e+001 -2.9840570e+001 -2.9763580e+001 -3.0302698e+001 -3.0515923e+001
  5.8666667e-001 -2.8718115e+001 -2.9793764e+001 -2.9811089e+001 -3.0356571e+001 -3.0573160e+001
  5.9333333e-001 -2.8689329e+001 -2.9741444e+001 -2.9862196e+001 -3.0405428e+001 -3.0624273e+001
  6.0000000e-001 -2.8711029e+001 -2.9685024e+001 -2.9934816e+001 -3.0434002e+001 -3.0627266e+001
  6.0666667e-001 -2.8752413e+001 -2.9659731e+001 -2.9978794e+001 -3.0460257e+001 -3.0653854e+001
  6.1333333e-001 -2.8787930e+001 -2.9654119e+001 -2.9985695e+001 -3.0441753e+001 -3.0729227e+001
  6.2000000e-001 -2.8891169e+001 -2.9595207e+001 -3.0036549e+001 -3.0460936e+001 -3.0708054e+001
  6.2666667e-001 -2.8985760e+001 -2.9502005e+001 -3.0130110e+001 -3.0555716e+001 -3.0778042e+001
  6.3333333e-001 -2.9056059e+001 -2.9475006e+001 -3.0118437e+001 -3.0573006e+001 -3.0864468e+001
  6.4000000e-001 -2.9131720e+001 -2.9465767e+001 -3.0080908e+001 -3.0551327e+001 -3.0931093e+001
  6.4666667e-001 -2.9243540e+001 -2.9431265e+001 -3.0067432e+001 -3.0559216e+001 -3.1010542e+001
  6.5333333e-001 -2.9376951e+001 -2.9371361e+001 -3.0053267e+001 -3.0604702e+001 -3.1091923e+001
  6.6000000e-001 -2.9498543e+001 -2.9316244e+001 -3.0096434e+001 -3.0625309e+001 -3.1140884e+001
  6.6666667e-001 -2.9610415e+001 -2.9238258e+001 -3.0146969e+001 -3.0621645e+001 -3.1185364e+001
  6.7333333e-001 -2.9736816e+001 -2.9190395e+001 -3.0122450e+001 -3.0587366e+001 -3.1247131e+001
  6.8000000e-001 -2.9863518e+001 -2.9188004e+001 -3.0096365e+001 -3.0608196e+001 -3.1277012e+001
  6.8666667e-001 -2.9918856e+001 -2.9218468e+001 -3.0081230e+001 -3.0654848e+001 -3.1297092e+001
  6.9333333e-001 -2.9909187e+001 -2.9197771e+001 -3.0060892e+001 -3.0656235e+001 -3.1345734e+001
  7.0000000e-001 -2.9921034e+001 -2.9137960e+001 -3.0054615e+001 -3.0653992e+001 -3.1361486e+001
  7.0666667e-001 -2.9898136e+001 -2.9165916e+001 -3.0040771e+001 -3.0634909e+001 -3.1388311e+001
  7.1333333e-001 -2.9814442e+001 -2.9212736e+001 -3.0034029e+001 -3.0598322e+001 -3.1450153e+001
  7.2000000e-001 -2.9805813e+001 -2.9243223e+001 -3.0024754e+001 -3.0561642e+001 -3.1458307e+001
  7.2666667e-001 -2.9818399e+001 -2.9290583e+001 -3.0021782e+001 -3.0526325e+001 -3.1447161e+001
  7.3333333e-001 -2.9804401e+001 -2.9348581e+001 -2.9995104e+001 -3.0525892e+001 -3.1502195e+001
  7.4000000e-001 -2.9830900e+001 -2.9400433e+001 -2.9999540e+001 -3.0492119e+001 -3.1526876e+001
  7.4666667e-001 -2.9882034e+001 -2.9447149e+001 -3.0007942e+001 -3.0446133e+001 -3.1533682e+001
  7.5333333e-001 -2.9948221e+001 -2.9500923e+001 -2.9994366e+001 -3.0402962e+001 -3.1549385e+001
  7.6000000e-001 -2.9941210e+001 -2.9561684e+001 -2.9977612e+001 -3.0341261e+001 -3.1544226e+001
  7.6666667e-001 -3.0025068e+001 -2.9604332e+001 -2.9952477e+001 -3.0304304e+001 -3.1559658e+001
  7.7333333e-001 -3.0129860e+001 -2.9656132e+001 -2.9976648e+001 -3.0227203e+001 -3.1559935e+001
  7.8000000e-001 -3.0240604e+001 -2.9716057e+001 -2.9961826e+001 -3.0167540e+001 -3.1571806e+001
  7.8666667e-001 -3.0311287e+001 -2.9765104e+001 -2.9902582e+001 -3.0140676e+001 -3.1560349e+001
  7.9333333e-001 -3.0389246e+001 -2.9824749e+001 -2.9851215e+001 -3.0095310e+001 -3.1533871e+001
  8.0000000e-001 -3.0464891e+001 -2.9870855e+001 -2.9810898e+001 -3.0015970e+001 -3.1471590e+001
  8.0666667e-001 -3.0516268e+001 -2.9924580e+001 -2.9822607e+001 -2.9959290e+001 -3.1439177e+001
  8.1333333e-001 -3.0607075e+001 -2.9929630e+001 -2.9817430e+001 -2.9911512e+001 -3.1421524e+001
  8.2000000e-001 -3.0735828e+001 -2.9956749e+001 -2.9824520e+001 -2.9852650e+001 -3.1395300e+001
  8.2666667e-001 -3.0803627e+001 -3.0014902e+001 -2.9808575e+001 -2.9763790e+001 -3.1359888e+001
  8.3333333e-001 -3.0905155e+001 -3.0053728e+001 -2.9731190e+001 -2.9694815e+001 -3.1334049e+001
  8.4000000e-001 -3.1038883e+001 -3.0130987e+001 -2.9671658e+001 -2.9688192e+001 -3.1286758e+001
  8.4666667e-001 -3.1134506e+001 -3.0177975e+001 -2.9620329e+001 -2.9650240e+001 -3.1255966e+001
  8.5333333e-001 -3.1188025e+001 -3.0149797e+001 -2.9573412e+001 -2.9623627e+001 -3.1193642e+001
  8.6000000e-001 -3.1271683e+001 -3.0168875e+001 -2.9523247e+001 -2.9598232e+001 -3.1135147e+001
  8.6666667e-001 -3.1379108e+001 -3.0199730e+001 -2.9502220e+001 -2.9591679e+001 -3.1071924e+001
  8.7333333e-001 -3.1497404e+001 -3.0217024e+001 -2.9467718e+001 -2.9606474e+001 -3.1034481e+001
  8.8000000e-001 -3.1610931e+001 -3.0239361e+001 -2.9332449e+001 -2.9649981e+001 -3.1014000e+001
  8.8666667e-001 -3.1661991e+001 -3.0308264e+001 -2.9246458e+001 -2.9702320e+001 -3.1017277e+001
  8.9333333e-001 -3.1701200e+001 -3.0355633e+001 -2.9200104e+001 -2.9742126e+001 -3.1022289e+001
  9.0000000e-001 -3.1714598e+001 -3.0300930e+001 -2.9121986e+001 -2.9752382e+001 -3.0944937e+001
  9.0666667e-001 -3.1741552e+001 -3.0342358e+001 -2.9094294e+001 -2.9732821e+001 -3.0850817e+001
  9.1333333e-001 -3.1762409e+001 -3.0405304e+001 -2.9074053e+001 -2.9737722e+001 -3.0866369e+001
  9.2000000e-001 -3.1808516e+001 -3.0434937e+001 -2.9073097e+001 -2.9777357e+001 -3.0832066e+001
  9.2666667e-001 -3.1789019e+001 -3.0456778e+001 -2.9036152e+001 -2.9783566e+001 -3.0798864e+001
  9.3333333e-001 -3.1770164e+001 -3.0456354e+001 -2.8989338e+001 -2.9760063e+001 -3.0784449e+001
  9.4000000e-001 -3.1801292e+001 -3.0461376e+001 -2.8933460e+001 -2.9800488e+001 -3.0779715e+001
  9.4666667e-001 -3.1766466e+001 -3.0489952e+001 -2.8938501e+001 -2.9844009e+001 -3.0794714e+001
  9.5333333e-001 -3.1747519e+001 -3.0418310e+001 -2.8920855e+001 -2.9849979e+001 -3.0737934e+001
  9.6000000e-001 -3.1719204e+001 -3.0343153e+001 -2.8887028e+001 -2.9867140e+001 -3.0670282e+001
  9.6666667e-001 -3.1650343e+001 -3.0316956e+001 -2.8853247e+001 -2.9872301e+001 -3.0692080e+001
  9.7333333e-001 -3.1626778e+001 -3.0289570e+001 -2.8861101e+001 -2.9872915e+001 -3.0642534e+001
  9.8000000e-001 -3.1588051e+001 -3.0273947e+001 -2.8877842e+001 -2.9876770e+001 -3.0628214e+001
  9.8666667e-001 -3.1557814e+001 -3.0229923e+001 -2.8893101e+001 -2.9890137e+001 -3.0707731e+001
  9.9333333e-001 -3.1490971e+001 -3.0141640e+001 -2.8902994e+001 -2.9866386e+001 -3.0773216e+001
  1.0000000e+000 -3.1343336e+001 -3.0063877e+001 -2.8914772e+001 -2.9859142e+001 -3.0785753e+001
  1.0066667e+000 -3.1173574e+001 -3.0065985e+001 -2.8930155e+001 -2.9856356e+001 -3.0770893e+001
  1.0133333e+000 -3.1013762e+001 -3.0023518e+001 -2.8938248e+001 -2.9811373e+001 -3.0771725e+001
  1.0200000e+000 -3.0855516e+001 -2.9960180e+001 -2.8954535e+001 -2.9833160e+001 -3.0736265e+001
  1.0266667e+000 -3.0785019e+001 -2.9916088e+001 -2.8974890e+001 -2.9806362e+001 -3.0648817e+001
  1.0333333e+000 -3.0747675e+001 -2.9870180e+001 -2.8992945e+001 -2.9726170e+001 -3.0614773e+001
  1.0400000e+000 -3.0726126e+001 -2.9741417e+001 -2.9000540e+001 -2.9742756e+001 -3.0600603e+001
  1.0466667e+000 -3.0709631e+001 -2.9551487e+001 -2.9020760e+001 -2.9730261e+001 -3.0591728e+001
  1.0533333e+000 -3.0659479e+001 -2.9363926e+001 -2.8984455e+001 -2.9672558e+001 -3.0546038e+001
  1.0600000e+000 -3.0655293e+001 -2.9105637e+001 -2.8942316e+001 -2.9654171e+001 -3.0488174e+001
  1.0666667e+000 -3.0714966e+001 -2.8873047e+001 -2.8899849e+001 -2.9644800e+001 -3.0481573e+001
  1.0733333e+000 -3.0767803e+001 -2.8706135e+001 -2.8876667e+001 -2.9635113e+001 -3.0464762e+001
  1.0800000e+000 -3.0811550e+001 -2.8612377e+001 -2.8836952e+001 -2.9614960e+001 -3.0459604e+001
  1.0866667e+000 -3.0856476e+001 -2.8566492e+001 -2.8843767e+001 -2.9617388e+001 -3.0488226e+001
  1.0933333e+000 -3.0931274e+001 -2.8533861e+001 -2.8837151e+001 -2.9621601e+001 -3.0511347e+001
  1.1000000e+000 -3.1047140e+001 -2.8580376e+001 -2.8783506e+001 -2.9625748e+001 -3.0496307e+001
  1.1066667e+000 -3.1183580e+001 -2.8652166e+001 -2.8764631e+001 -2.9625973e+001 -3.0552584e+001
  1.1133333e+000 -3.1238092e+001 -2.8724621e+001 -2.8763317e+001 -2.9611984e+001 -3.0526049e+001
  1.1200000e+000 -3.1378733e+001 -2.8753113e+001 -2.8816578e+001 -2.9609426e+001 -3.0483006e+001
  1.1266667e+000 -3.1446697e+001 -2.8728258e+001 -2.8831598e+001 -2.9639805e+001 -3.0495934e+001
  1.1333333e+000 -3.1456760e+001 -2.8717829e+001 -2.8811493e+001 -2.9617945e+001 -3.0504465e+001
  1.1400000e+000 -3.1512192e+001 -2.8718937e+001 -2.8870697e+001 -2.9597364e+001 -3.0520359e+001
  1.1466667e+000 -3.1525862e+001 -2.8698381e+001 -2.8923853e+001 -2.9567200e+001 -3.0504244e+001
  1.1533333e+000 -3.1522392e+001 -2.8671106e+001 -2.8989338e+001 -2.9559830e+001 -3.0537203e+001
  1.1600000e+000 -3.1477734e+001 -2.8677465e+001 -2.9036722e+001 -2.9508087e+001 -3.0586782e+001
  1.1666667e+000 -3.1452602e+001 -2.8665651e+001 -2.9075480e+001 -2.9502798e+001 -3.0588425e+001
  1.1733333e+000 -3.1447561e+001 -2.8689653e+001 -2.9087000e+001 -2.9490097e+001 -3.0626419e+001
  1.1800000e+000 -3.1433586e+001 -2.8701374e+001 -2.9044178e+001 -2.9449919e+001 -3.0668720e+001
  1.1866667e+000 -3.1415779e+001 -2.8758846e+001 -2.8993429e+001 -2.9443012e+001 -3.0691483e+001
  1.1933333e+000 -3.1373098e+001 -2.8829395e+001 -2.8968761e+001 -2.9418346e+001 -3.0721941e+001
  1.2000000e+000 -3.1320168e+001 -2.8866312e+001 -2.8909405e+001 -2.9346071e+001 -3.0763395e+001
  1.2066667e+000 -3.1285709e+001 -2.8895529e+001 -2.8821808e+001 -2.9304401e+001 -3.0772913e+001
  1.2133333e+000 -3.1238495e+001 -2.8939957e+001 -2.8733400e+001 -2.9231184e+001 -3.0824572e+001
  1.2200000e+000 -3.1158604e+001 -2.8988180e+001 -2.8651947e+001 -2.9141285e+001 -3.0842211e+001
  1.2266667e+000 -3.1097193e+001 -2.8982405e+001 -2.8546663e+001 -2.9122305e+001 -3.0852484e+001
  1.2333333e+000 -3.0948711e+001 -2.9000891e+001 -2.8436298e+001 -2.9043303e+001 -3.0829678e+001
  1.2400000e+000 -3.0774261e+001 -2.9040613e+001 -2.8367996e+001 -2.8943436e+001 -3.0815853e+001
  1.2466667e+000 -3.0556026e+001 -2.9042242e+001 -2.8329456e+001 -2.8897608e+001 -3.0839729e+001
  1.2533333e+000 -3.0272949e+001 -2.8988153e+001 -2.8226444e+001 -2.8810472e+001 -3.0833523e+001
  1.2600000e+000 -3.0006367e+001 -2.8936718e+001 -2.8161404e+001 -2.8715099e+001 -3.0812578e+001
  1.2666667e+000 -2.9740013e+001 -2.8953989e+001 -2.8110332e+001 -2.8666765e+001 -3.0824692e+001
  1.2733333e+000 -2.9478123e+001 -2.8899490e+001 -2.8035666e+001 -2.8633390e+001 -3.0775852e+001
  1.2800000e+000 -2.9213467e+001 -2.8858669e+001 -2.7991747e+001 -2.8579573e+001 -3.0688610e+001
  1.2866667e+000 -2.8928078e+001 -2.8893511e+001 -2.7962475e+001 -2.8498644e+001 -3.0611895e+001
  1.2933333e+000 -2.8757364e+001 -2.8884560e+001 -2.7938185e+001 -2.8492676e+001 -3.0508051e+001
  1.3000000e+000 -2.8640324e+001 -2.8811674e+001 -2.7961456e+001 -2.8507671e+001 -3.0371359e+001
  1.3066667e+000 -2.8585432e+001 -2.8810732e+001 -2.7988705e+001 -2.8502584e+001 -3.0218126e+001
  1.3133333e+000 -2.8598284e+001 -2.8793079e+001 -2.8051849e+001 -2.8483717e+001 -3.0070164e+001
  1.3200000e+000 -2.8628525e+001 -2.8778292e+001 -2.8110956e+001 -2.8526400e+001 -2.9922506e+001
  1.3266667e+000 -2.8785769e+001 -2.8748287e+001 -2.8195087e+001 -2.8609716e+001 -2.9820148e+001
  1.3333333e+000 -2.9040739e+001 -2.8719687e+001 -2.8296942e+001 -2.8702108e+001 -2.9757414e+001
  1.3400000e+000 -2.9357403e+001 -2.8701672e+001 -2.8425932e+001 -2.8727058e+001 -2.9698526e+001
  1.3466667e+000 -2.9628590e+001 -2.8690306e+001 -2.8535259e+001 -2.8709133e+001 -2.9667339e+001
  1.3533333e+000 -2.9887184e+001 -2.8690371e+001 -2.8913424e+001 -2.8741587e+001 -2.9670893e+001
  1.3600000e+000 -3.0115835e+001 -2.8686720e+001 -2.8796621e+001 -2.8794954e+001 -2.9704851e+001
  1.3666667e+000 -3.0443485e+001 -2.8671427e+001 -2.8663565e+001 -2.8828367e+001 -2.9781591e+001
  1.3733333e+000 -3.0704922e+001 -2.8637825e+001 -2.8734308e+001 -2.8831205e+001 -2.9860386e+001
  1.3800000e+000 -3.0908499e+001 -2.8623760e+001 -2.8807081e+001 -2.8851652e+001 -2.9943676e+001
  1.3866667e+000 -3.1106171e+001 -2.8606506e+001 -2.9187759e+001 -2.8909367e+001 -3.0067303e+001
  1.3933333e+000 -3.1247955e+001 -2.8556519e+001 -2.9277552e+001 -2.8966091e+001 -3.0204477e+001
  1.4000000e+000 -3.1330471e+001 -2.8597656e+001 -2.9342974e+001 -2.9024197e+001 -3.0331980e+001
  1.4066667e+000 -3.1400303e+001 -2.8632763e+001 -2.9391142e+001 -2.9064251e+001 -3.0459724e+001
  1.4133333e+000 -3.1473194e+001 -2.8619774e+001 -2.9442358e+001 -2.8875910e+001 -3.0583015e+001
  1.4200000e+000 -3.1530190e+001 -2.8658617e+001 -2.9489630e+001 -2.9281012e+001 -3.0745937e+001
  1.4266667e+000 -3.1591991e+001 -2.8696146e+001 -2.9551579e+001 -2.9324642e+001 -3.0923094e+001
  1.4333333e+000 -3.1679453e+001 -2.8681658e+001 -2.9624966e+001 -2.9362984e+001 -3.1069756e+001
  1.4400000e+000 -3.1772598e+001 -2.8670744e+001 -2.9678535e+001 -2.9392115e+001 -3.1453268e+001
  1.4466667e+000 -3.1873940e+001 -2.8699192e+001 -2.9718273e+001 -2.9122915e+001 -3.1383213e+001
  1.4533333e+000 -3.1973124e+001 -2.8748861e+001 -2.9744511e+001 -2.9130299e+001 -3.1383255e+001
  1.4600000e+000 -3.2053158e+001 -2.8784555e+001 -2.9754217e+001 -2.9483656e+001 -3.1916330e+001
  1.4666667e+000 -3.2116940e+001 -2.8790842e+001 -2.9747978e+001 -2.9540142e+001 -3.1850555e+001
  1.4733333e+000 -3.2144939e+001 -2.8798830e+001 -2.9730228e+001 -2.9576338e+001 -3.1880331e+001
  1.4800000e+000 -3.2137985e+001 -2.8808256e+001 -2.9721323e+001 -2.9615223e+001 -3.2387917e+001
  1.4866667e+000 -3.2115269e+001 -2.8804817e+001 -2.9710718e+001 -2.9658133e+001 -3.2278500e+001
  1.4933333e+000 -3.2066425e+001 -2.8828657e+001 -2.9682606e+001 -2.9702011e+001 -3.2231369e+001
  1.5000000e+000 -3.2014034e+001 -2.8844534e+001 -2.9644501e+001 -2.9741198e+001 -3.2377270e+001
  1.5066667e+000 -3.1963463e+001 -2.8888924e+001 -2.9598007e+001 -2.9774670e+001 -3.2848473e+001
  1.5133333e+000 -3.1915281e+001 -2.8941000e+001 -2.9581728e+001 -2.9791363e+001 -3.2902096e+001
  1.5200000e+000 -3.1845837e+001 -2.9000004e+001 -2.9598608e+001 -2.9796482e+001 -3.2568329e+001
  1.5266667e+000 -3.1800177e+001 -2.9023848e+001 -2.9604065e+001 -2.9818171e+001 -3.2638077e+001
  1.5333333e+000 -3.1780909e+001 -2.8999231e+001 -2.9583729e+001 -2.9848337e+001 -3.2663292e+001
  1.5400000e+000 -3.1769287e+001 -2.8985859e+001 -2.9542446e+001 -2.9899574e+001 -3.2669422e+001
  1.5466667e+000 -3.1767426e+001 -2.8990051e+001 -2.9490490e+001 -2.9977343e+001 -3.2683643e+001
  1.5533333e+000 -3.1776253e+001 -2.9013029e+001 -2.9447166e+001 -3.0033796e+001 -3.2683907e+001
  1.5600000e+000 -3.1784172e+001 -2.9072205e+001 -2.9407932e+001 -3.0064474e+001 -3.2664825e+001
  1.5666667e+000 -3.1785147e+001 -2.9099167e+001 -2.9380674e+001 -3.0095785e+001 -3.2638874e+001
  1.5733333e+000 -3.1794310e+001 -2.9135893e+001 -2.9347570e+001 -3.0131809e+001 -3.2859287e+001
  1.5800000e+000 -3.1784271e+001 -2.9142359e+001 -2.9320265e+001 -3.0189043e+001 -3.2843815e+001
  1.5866667e+000 -3.1764950e+001 -2.9130350e+001 -2.9291191e+001 -3.0261629e+001 -3.2834633e+001
  1.5933333e+000 -3.1755449e+001 -2.9151346e+001 -2.9242123e+001 -3.0314894e+001 -3.2815815e+001
  1.6000000e+000 -3.1722452e+001 -2.9154997e+001 -2.9184958e+001 -3.0355957e+001 -3.2767632e+001
  1.6066667e+000 -3.1681738e+001 -2.9157784e+001 -2.9130846e+001 -3.0380686e+001 -3.2722012e+001
  1.6133333e+000 -3.1645527e+001 -2.9184572e+001 -2.9077047e+001 -3.0416142e+001 -3.2635368e+001
  1.6200000e+000 -3.1614546e+001 -2.9181141e+001 -2.9020088e+001 -3.0453020e+001 -3.2566414e+001
  1.6266667e+000 -3.1584780e+001 -2.9217609e+001 -2.8961102e+001 -3.0479143e+001 -3.2554272e+001
  1.6333333e+000 -3.1550011e+001 -2.9213699e+001 -2.8895386e+001 -3.0501310e+001 -3.2497154e+001
  1.6400000e+000 -3.1522396e+001 -2.9178835e+001 -2.8820927e+001 -3.0503044e+001 -3.2399384e+001
  1.6466667e+000 -3.1500536e+001 -2.9174000e+001 -2.8748178e+001 -3.0501753e+001 -3.2334389e+001
  1.6533333e+000 -3.1485100e+001 -2.9150728e+001 -2.8684175e+001 -3.0498325e+001 -3.2275921e+001
  1.6600000e+000 -3.1476831e+001 -2.9124565e+001 -2.8599834e+001 -3.0491119e+001 -3.2183109e+001
  1.6666667e+000 -3.1457632e+001 -2.9132202e+001 -2.8506290e+001 -3.0495972e+001 -3.2107700e+001
  1.6733333e+000 -3.1393690e+001 -2.9135923e+001 -2.8421862e+001 -3.0511944e+001 -3.2059383e+001
  1.6800000e+000 -3.1338469e+001 -2.9076784e+001 -2.8358833e+001 -3.0523024e+001 -3.1975725e+001
  1.6866667e+000 -3.1285921e+001 -2.9019114e+001 -2.8296587e+001 -3.0519321e+001 -3.1872204e+001
  1.6933333e+000 -3.1200968e+001 -2.9022007e+001 -2.8226175e+001 -3.0487490e+001 -3.1787882e+001
  1.7000000e+000 -3.1114651e+001 -2.9034082e+001 -2.8133656e+001 -3.0456436e+001 -3.1729910e+001
  1.7066667e+000 -3.1033136e+001 -2.9038424e+001 -2.8052179e+001 -3.0424303e+001 -3.1677332e+001
  1.7133333e+000 -3.0946659e+001 -2.9008339e+001 -2.8001329e+001 -3.0394178e+001 -3.1561867e+001
  1.7200000e+000 -3.0852497e+001 -2.8985550e+001 -2.7953962e+001 -3.0367941e+001 -3.1453302e+001
  1.7266667e+000 -3.0769068e+001 -2.8976730e+001 -2.7879303e+001 -3.0328524e+001 -3.1411634e+001
  1.7333333e+000 -3.0702576e+001 -2.8957541e+001 -2.7803282e+001 -3.0279964e+001 -3.1313652e+001
  1.7400000e+000 -3.0627396e+001 -2.8938831e+001 -2.7769718e+001 -3.0245243e+001 -3.1180153e+001
  1.7466667e+000 -3.0551676e+001 -2.8916451e+001 -2.7721615e+001 -3.0204250e+001 -3.1090990e+001
  1.7533333e+000 -3.0489521e+001 -2.8914236e+001 -2.7634228e+001 -3.0136557e+001 -3.0973228e+001
  1.7600000e+000 -3.0423313e+001 -2.8919497e+001 -2.7566319e+001 -3.0071438e+001 -3.0839926e+001
  1.7666667e+000 -3.0351801e+001 -2.8912550e+001 -2.7520353e+001 -3.0016302e+001 -3.0708200e+001
  1.7733333e+000 -3.0280916e+001 -2.8951614e+001 -2.7479330e+001 -2.9962646e+001 -3.0573542e+001
  1.7800000e+000 -3.0213926e+001 -2.8933969e+001 -2.7430788e+001 -2.9899567e+001 -3.0452190e+001
  1.7866667e+000 -3.0150826e+001 -2.8910391e+001 -2.7403980e+001 -2.9830250e+001 -3.0300587e+001
  1.7933333e+000 -3.0081066e+001 -2.8907629e+001 -2.7368071e+001 -2.9757738e+001 -3.0166252e+001
  1.8000000e+000 -3.0016319e+001 -2.8905163e+001 -2.7312958e+001 -2.9684320e+001 -3.0030487e+001
  1.8066667e+000 -2.9970989e+001 -2.8898998e+001 -2.7269108e+001 -2.9601385e+001 -2.9862196e+001
  1.8133333e+000 -2.9918428e+001 -2.8853519e+001 -2.7235304e+001 -2.9515703e+001 -2.9748972e+001
  1.8200000e+000 -2.9868176e+001 -2.8818340e+001 -2.7201538e+001 -2.9425554e+001 -2.9597683e+001
  1.8266667e+000 -2.9834875e+001 -2.8809111e+001 -2.7161308e+001 -2.9334570e+001 -2.9439581e+001
  1.8333333e+000 -2.9781340e+001 -2.8798445e+001 -2.7141882e+001 -2.9247911e+001 -2.9323181e+001
  1.8400000e+000 -2.9721752e+001 -2.8776489e+001 -2.7128660e+001 -2.9160912e+001 -2.9174986e+001
  1.8466667e+000 -2.9687063e+001 -2.8743441e+001 -2.7123600e+001 -2.9080416e+001 -2.9056704e+001
  1.8533333e+000 -2.9647936e+001 -2.8700174e+001 -2.7125757e+001 -2.8991182e+001 -2.8932882e+001
  1.8600000e+000 -2.9605373e+001 -2.8650295e+001 -2.7122906e+001 -2.8892773e+001 -2.8804462e+001
  1.8666667e+000 -2.9567165e+001 -2.8627598e+001 -2.7098181e+001 -2.8799849e+001 -2.8697355e+001
  1.8733333e+000 -2.9531546e+001 -2.8545422e+001 -2.7070814e+001 -2.8716343e+001 -2.8554098e+001
  1.8800000e+000 -2.9499130e+001 -2.8474947e+001 -2.7066244e+001 -2.8649939e+001 -2.8449255e+001
  1.8866667e+000 -2.9453955e+001 -2.8429134e+001 -2.7032770e+001 -2.8594513e+001 -2.8385212e+001
  1.8933333e+000 -2.9400484e+001 -2.8358320e+001 -2.6991346e+001 -2.8525925e+001 -2.8260723e+001
  1.9000000e+000 -2.9349026e+001 -2.8339947e+001 -2.6984812e+001 -2.8444700e+001 -2.8160749e+001
  1.9066667e+000 -2.9312502e+001 -2.8276367e+001 -2.6972960e+001 -2.8354626e+001 -2.8110149e+001
  1.9133333e+000 -2.9275335e+001 -2.8205336e+001 -2.6940277e+001 -2.8286192e+001 -2.8035105e+001
  1.9200000e+000 -2.9235485e+001 -2.8172947e+001 -2.6925856e+001 -2.8240564e+001 -2.7920485e+001
  1.9266667e+000 -2.9187872e+001 -2.8145716e+001 -2.6915363e+001 -2.8174490e+001 -2.7821714e+001
  1.9333333e+000 -2.9156902e+001 -2.8080631e+001 -2.6902243e+001 -2.8095152e+001 -2.7768932e+001
  1.9400000e+000 -2.9133213e+001 -2.8026361e+001 -2.6894245e+001 -2.8021025e+001 -2.7696213e+001
  1.9466667e+000 -2.9101042e+001 -2.7975128e+001 -2.6869564e+001 -2.7950424e+001 -2.7618019e+001
  1.9533333e+000 -2.9074329e+001 -2.7904673e+001 -2.6821762e+001 -2.7922043e+001 -2.7548811e+001
  1.9600000e+000 -2.9038721e+001 -2.7871393e+001 -2.6794748e+001 -2.7887016e+001 -2.7476526e+001
  1.9666667e+000 -2.9004818e+001 -2.7855801e+001 -2.6778633e+001 -2.7825043e+001 -2.7142094e+001
  1.9733333e+000 -2.8965494e+001 -2.7820280e+001 -2.6750391e+001 -2.7755161e+001 -2.7042601e+001
  1.9800000e+000 -2.8932541e+001 -2.7800291e+001 -2.6730440e+001 -2.7680847e+001 -2.6972975e+001
  1.9866667e+000 -2.8909582e+001 -2.7779943e+001 -2.6408907e+001 -2.7610662e+001 -2.6904234e+001
  1.9933333e+000 -2.8866100e+001 -2.7777069e+001 -2.6373816e+001 -2.7556118e+001 -2.6830709e+001
  2.0000000e+000 -2.8818033e+001 -2.7775520e+001 -2.6347839e+001 -2.7515547e+001 -2.6771923e+001
