 -5.0000000e-001  1.9773378e+002  1.9742529e+002  1.9602216e+002  1.9755728e+002  1.9721744e+002  1.9698721e+002  1.9696870e+002  1.9614684e+002
 -4.9333333e-001  1.9772141e+002  1.9740645e+002  1.9601230e+002  1.9752696e+002  1.9720369e+002  1.9698378e+002  1.9695460e+002  1.9611267e+002
 -4.8666667e-001  1.9770146e+002  1.9743143e+002  1.9598862e+002  1.9756107e+002  1.9722420e+002  1.9698390e+002  1.9690573e+002  1.9610965e+002
 -4.8000000e-001  1.9774124e+002  1.9742798e+002  1.9598999e+002  1.9756622e+002  1.9721623e+002  1.9699611e+002  1.9693675e+002  1.9609952e+002
 -4.7333333e-001  1.9771876e+002  1.9742799e+002  1.9599110e+002  1.9757346e+002  1.9720114e+002  1.9697827e+002  1.9702013e+002  1.9611322e+002
 -4.6666667e-001  1.9768275e+002  1.9741733e+002  1.9600221e+002  1.9757326e+002  1.9719109e+002  1.9700302e+002  1.9700008e+002  1.9614334e+002
 -4.6000000e-001  1.9770099e+002  1.9738531e+002  1.9598885e+002  1.9756546e+002  1.9719041e+002  1.9698814e+002  1.9696811e+002  1.9613715e+002
 -4.5333333e-001  1.9773071e+002  1.9736511e+002  1.9597584e+002  1.9755623e+002  1.9719318e+002  1.9698357e+002  1.9696350e+002  1.9615218e+002
 -4.4666667e-001  1.9771062e+002  1.9735831e+002  1.9602508e+002  1.9754736e+002  1.9719840e+002  1.9697235e+002  1.9694112e+002  1.9615224e+002
 -4.4000000e-001  1.9769664e+002  1.9740008e+002  1.9604761e+002  1.9753719e+002  1.9719743e+002  1.9699760e+002  1.9693944e+002  1.9614737e+002
 -4.3333333e-001  1.9775375e+002  1.9739148e+002  1.9602431e+002  1.9752231e+002  1.9723712e+002  1.9701282e+002  1.9694469e+002  1.9615218e+002
 -4.2666667e-001  1.9773908e+002  1.9737373e+002  1.9602448e+002  1.9753265e+002  1.9723744e+002  1.9697992e+002  1.9696590e+002  1.9613029e+002
 -4.2000000e-001  1.9773732e+002  1.9744388e+002  1.9601594e+002  1.9755725e+002  1.9716805e+002  1.9699042e+002  1.9698538e+002  1.9610518e+002
 -4.1333333e-001  1.9772746e+002  1.9742830e+002  1.9602808e+002  1.9758086e+002  1.9717764e+002  1.9699765e+002  1.9697180e+002  1.9613780e+002
 -4.0666667e-001  1.9768140e+002  1.9740782e+002  1.9605029e+002  1.9757341e+002  1.9724991e+002  1.9697858e+002  1.9697852e+002  1.9614719e+002
 -4.0000000e-001  1.9767773e+002  1.9742711e+002  1.9602524e+002  1.9755943e+002  1.9721597e+002  1.9698744e+002  1.9699509e+002  1.9611130e+002
 -3.9333333e-001  1.9771062e+002  1.9741744e+002  1.9607744e+002  1.9759204e+002  1.9718506e+002  1.9698180e+002  1.9699063e+002  1.9612892e+002
 -3.8666667e-001  1.9771449e+002  1.9741733e+002  1.9610695e+002  1.9761673e+002  1.9716921e+002  1.9699114e+002  1.9694118e+002  1.9613737e+002
 -3.8000000e-001  1.9767248e+002  1.9743709e+002  1.9606522e+002  1.9761990e+002  1.9718947e+002  1.9699387e+002  1.9697014e+002  1.9612166e+002
 -3.7333333e-001  1.9765962e+002  1.9743686e+002  1.9604961e+002  1.9758411e+002  1.9722095e+002  1.9699852e+002  1.9696411e+002  1.9614708e+002
 -3.6666667e-001  1.9769897e+002  1.9742142e+002  1.9610034e+002  1.9758482e+002  1.9722148e+002  1.9700288e+002  1.9692529e+002  1.9615823e+002
 -3.6000000e-001  1.9769083e+002  1.9745288e+002  1.9609277e+002  1.9762025e+002  1.9724544e+002  1.9699507e+002  1.9696580e+002  1.9617744e+002
 -3.5333333e-001  1.9763141e+002  1.9748343e+002  1.9607175e+002  1.9760312e+002  1.9724858e+002  1.9697252e+002  1.9695077e+002  1.9618988e+002
 -3.4666667e-001  1.9761200e+002  1.9742642e+002  1.9609058e+002  1.9758069e+002  1.9723618e+002  1.9694771e+002  1.9695787e+002  1.9618370e+002
 -3.4000000e-001  1.9762894e+002  1.9737853e+002  1.9608525e+002  1.9758473e+002  1.9725443e+002  1.9698749e+002  1.9695035e+002  1.9617896e+002
 -3.3333333e-001  1.9763590e+002  1.9742040e+002  1.9607568e+002  1.9761937e+002  1.9726183e+002  1.9699750e+002  1.9694252e+002  1.9617989e+002
 -3.2666667e-001  1.9769412e+002  1.9742856e+002  1.9608281e+002  1.9760860e+002  1.9724704e+002  1.9698947e+002  1.9696753e+002  1.9620844e+002
 -3.2000000e-001  1.9769191e+002  1.9742329e+002  1.9607140e+002  1.9760782e+002  1.9720303e+002  1.9699974e+002  1.9692307e+002  1.9624606e+002
 -3.1333333e-001  1.9764771e+002  1.9740796e+002  1.9607477e+002  1.9758376e+002  1.9722061e+002  1.9703569e+002  1.9690500e+002  1.9623511e+002
 -3.0666667e-001  1.9762122e+002  1.9740872e+002  1.9609755e+002  1.9760535e+002  1.9721935e+002  1.9699997e+002  1.9695360e+002  1.9621913e+002
 -3.0000000e-001  1.9760637e+002  1.9743536e+002  1.9612447e+002  1.9760300e+002  1.9721385e+002  1.9696504e+002  1.9692737e+002  1.9626250e+002
 -2.9333333e-001  1.9763271e+002  1.9742621e+002  1.9613542e+002  1.9759555e+002  1.9724446e+002  1.9698927e+002  1.9689475e+002  1.9626649e+002
 -2.8666667e-001  1.9764113e+002  1.9746744e+002  1.9613522e+002  1.9761180e+002  1.9727705e+002  1.9702933e+002  1.9695032e+002  1.9627124e+002
 -2.8000000e-001  1.9765756e+002  1.9743607e+002  1.9608984e+002  1.9760815e+002  1.9725478e+002  1.9701708e+002  1.9696867e+002  1.9628102e+002
 -2.7333333e-001  1.9767203e+002  1.9744846e+002  1.9607184e+002  1.9761490e+002  1.9723489e+002  1.9700478e+002  1.9692217e+002  1.9629100e+002
 -2.6666667e-001  1.9767891e+002  1.9746623e+002  1.9607958e+002  1.9758550e+002  1.9724133e+002  1.9699788e+002  1.9693813e+002  1.9626517e+002
 -2.6000000e-001  1.9767603e+002  1.9743005e+002  1.9611481e+002  1.9758182e+002  1.9726270e+002  1.9698016e+002  1.9696442e+002  1.9624170e+002
 -2.5333333e-001  1.9762865e+002  1.9743742e+002  1.9613144e+002  1.9757165e+002  1.9725233e+002  1.9699318e+002  1.9691010e+002  1.9624255e+002
 -2.4666667e-001  1.9763304e+002  1.9744753e+002  1.9611752e+002  1.9753538e+002  1.9727290e+002  1.9696994e+002  1.9689041e+002  1.9624234e+002
 -2.4000000e-001  1.9763286e+002  1.9741974e+002  1.9613681e+002  1.9752049e+002  1.9726686e+002  1.9695720e+002  1.9689795e+002  1.9626242e+002
 -2.3333333e-001  1.9761742e+002  1.9740308e+002  1.9611511e+002  1.9752918e+002  1.9724402e+002  1.9697482e+002  1.9688368e+002  1.9627455e+002
 -2.2666667e-001  1.9764569e+002  1.9745039e+002  1.9612204e+002  1.9755005e+002  1.9723956e+002  1.9698302e+002  1.9689848e+002  1.9626422e+002
 -2.2000000e-001  1.9765150e+002  1.9745233e+002  1.9613557e+002  1.9757378e+002  1.9721198e+002  1.9693710e+002  1.9689493e+002  1.9627354e+002
 -2.1333333e-001  1.9760082e+002  1.9744269e+002  1.9610144e+002  1.9757136e+002  1.9723863e+002  1.9696237e+002  1.9691237e+002  1.9627263e+002
 -2.0666667e-001  1.9759676e+002  1.9746028e+002  1.9607124e+002  1.9755347e+002  1.9721823e+002  1.9696222e+002  1.9692925e+002  1.9628548e+002
 -2.0000000e-001  1.9760169e+002  1.9744099e+002  1.9608990e+002  1.9755035e+002  1.9721245e+002  1.9691725e+002  1.9690819e+002  1.9630472e+002
 -1.9333333e-001  1.9760925e+002  1.9742239e+002  1.9613527e+002  1.9755379e+002  1.9727405e+002  1.9693059e+002  1.9688899e+002  1.9629849e+002
 -1.8666667e-001  1.9760744e+002  1.9742058e+002  1.9612073e+002  1.9755212e+002  1.9726738e+002  1.9694374e+002  1.9690762e+002  1.9630626e+002
 -1.8000000e-001  1.9758911e+002  1.9742319e+002  1.9611665e+002  1.9755216e+002  1.9721402e+002  1.9692815e+002  1.9688028e+002  1.9627914e+002
 -1.7333333e-001  1.9756943e+002  1.9740578e+002  1.9610173e+002  1.9755070e+002  1.9721518e+002  1.9694275e+002  1.9690150e+002  1.9624980e+002
 -1.6666667e-001  1.9761186e+002  1.9741623e+002  1.9606422e+002  1.9754829e+002  1.9723241e+002  1.9692410e+002  1.9694415e+002  1.9624039e+002
 -1.6000000e-001  1.9760259e+002  1.9746007e+002  1.9610202e+002  1.9753636e+002  1.9723225e+002  1.9692697e+002  1.9689104e+002  1.9626021e+002
 -1.5333333e-001  1.9757103e+002  1.9743272e+002  1.9613530e+002  1.9754965e+002  1.9723863e+002  1.9692226e+002  1.9688870e+002  1.9627242e+002
 -1.4666667e-001  1.9759322e+002  1.9742851e+002  1.9611411e+002  1.9753069e+002  1.9720787e+002  1.9691197e+002  1.9692523e+002  1.9629190e+002
 -1.4000000e-001  1.9762692e+002  1.9747757e+002  1.9610110e+002  1.9750154e+002  1.9723444e+002  1.9692548e+002  1.9692334e+002  1.9630405e+002
 -1.3333333e-001  1.9762572e+002  1.9746747e+002  1.9610358e+002  1.9751090e+002  1.9724789e+002  1.9691994e+002  1.9690561e+002  1.9629257e+002
 -1.2666667e-001  1.9757184e+002  1.9742644e+002  1.9613806e+002  1.9749393e+002  1.9722943e+002  1.9695384e+002  1.9690564e+002  1.9629437e+002
 -1.2000000e-001  1.9754018e+002  1.9740668e+002  1.9610863e+002  1.9748579e+002  1.9718813e+002  1.9697887e+002  1.9687627e+002  1.9630569e+002
 -1.1333333e-001  1.9754131e+002  1.9742842e+002  1.9610370e+002  1.9752081e+002  1.9715080e+002  1.9698000e+002  1.9687846e+002  1.9629065e+002
 -1.0666667e-001  1.9758757e+002  1.9747168e+002  1.9613043e+002  1.9750949e+002  1.9716785e+002  1.9698691e+002  1.9691490e+002  1.9625800e+002
 -1.0000000e-001  1.9765987e+002  1.9745990e+002  1.9614177e+002  1.9750052e+002  1.9720158e+002  1.9697261e+002  1.9694522e+002  1.9626502e+002
 -9.3333333e-002  1.9763705e+002  1.9743677e+002  1.9613481e+002  1.9753217e+002  1.9719315e+002  1.9694505e+002  1.9694464e+002  1.9628268e+002
 -8.6666667e-002  1.9756426e+002  1.9745505e+002  1.9615666e+002  1.9755983e+002  1.9720422e+002  1.9697047e+002  1.9692091e+002  1.9625490e+002
 -8.0000000e-002  1.9758786e+002  1.9746086e+002  1.9616232e+002  1.9753943e+002  1.9718401e+002  1.9696132e+002  1.9693466e+002  1.9624348e+002
 -7.3333333e-002  1.9758231e+002  1.9745720e+002  1.9613548e+002  1.9748633e+002  1.9721780e+002  1.9695210e+002  1.9695935e+002  1.9623961e+002
 -6.6666667e-002  1.9759238e+002  1.9741963e+002  1.9613068e+002  1.9752470e+002  1.9724242e+002  1.9696555e+002  1.9692087e+002  1.9626877e+002
 -6.0000000e-002  1.9756914e+002  1.9743758e+002  1.9613190e+002  1.9752046e+002  1.9724382e+002  1.9695706e+002  1.9689137e+002  1.9624033e+002
 -5.3333333e-002  1.9754581e+002  1.9745877e+002  1.9613507e+002  1.9750597e+002  1.9720624e+002  1.9694086e+002  1.9691223e+002  1.9621109e+002
 -4.6666667e-002  1.9756097e+002  1.9745067e+002  1.9611998e+002  1.9746869e+002  1.9717000e+002  1.9693706e+002  1.9694606e+002  1.9622806e+002
 -4.0000000e-002  1.9755704e+002  1.9744690e+002  1.9609415e+002  1.9745981e+002  1.9718771e+002  1.9694270e+002  1.9694647e+002  1.9623280e+002
 -3.3333333e-002  1.9755058e+002  1.9742664e+002  1.9610353e+002  1.9748871e+002  1.9718684e+002  1.9699373e+002  1.9694017e+002  1.9620210e+002
 -2.6666667e-002  1.9757170e+002  1.9742955e+002  1.9612074e+002  1.9748349e+002  1.9722690e+002  1.9698251e+002  1.9694159e+002  1.9621442e+002
 -2.0000000e-002  1.9761055e+002  1.9745091e+002  1.9613399e+002  1.9749657e+002  1.9724255e+002  1.9697806e+002  1.9695392e+002  1.9622850e+002
 -1.3333333e-002  1.9757364e+002  1.9742696e+002  1.9612842e+002  1.9750900e+002  1.9720041e+002  1.9701250e+002  1.9694997e+002  1.9622070e+002
 -6.6666667e-003  1.9756871e+002  1.9741788e+002  1.9615445e+002  1.9750659e+002  1.9719612e+002  1.9701056e+002  1.9696776e+002  1.9623189e+002
  0.0000000e+000  1.9760712e+002  1.9745532e+002  1.9616400e+002  1.9749179e+002  1.9721930e+002  1.9703050e+002  1.9697958e+002  1.9624016e+002
  6.6666667e-003  1.9764533e+002  1.9748914e+002  1.9613809e+002  1.9748061e+002  1.9719690e+002  1.9702448e+002  1.9692958e+002  1.9621678e+002
  1.3333333e-002  1.9762546e+002  1.9746724e+002  1.9614362e+002  1.9746355e+002  1.9719489e+002  1.9696400e+002  1.9689824e+002  1.9620091e+002
  2.0000000e-002  1.9759200e+002  1.9745450e+002  1.9615956e+002  1.9745584e+002  1.9719919e+002  1.9696584e+002  1.9693655e+002  1.9620448e+002
  2.6666667e-002  1.9760915e+002  1.9744937e+002  1.9615268e+002  1.9745776e+002  1.9718221e+002  1.9697566e+002  1.9697388e+002  1.9620802e+002
  3.3333333e-002  1.9756888e+002  1.9745903e+002  1.9614264e+002  1.9747037e+002  1.9719026e+002  1.9697916e+002  1.9696060e+002  1.9616539e+002
  4.0000000e-002  1.9754588e+002  1.9741551e+002  1.9612833e+002  1.9749843e+002  1.9721260e+002  1.9697829e+002  1.9692499e+002  1.9613460e+002
  4.6666667e-002  1.9755667e+002  1.9740390e+002  1.9610593e+002  1.9745367e+002  1.9716112e+002  1.9694548e+002  1.9694530e+002  1.9611232e+002
  5.3333333e-002  1.9753603e+002  1.9738371e+002  1.9609010e+002  1.9741594e+002  1.9715631e+002  1.9691798e+002  1.9692857e+002  1.9610646e+002
  6.0000000e-002  1.9754469e+002  1.9738438e+002  1.9608235e+002  1.9744533e+002  1.9713467e+002  1.9690018e+002  1.9693897e+002  1.9611055e+002
  6.6666667e-002  1.9753560e+002  1.9738251e+002  1.9608296e+002  1.9744559e+002  1.9714932e+002  1.9691388e+002  1.9696440e+002  1.9611549e+002
  7.3333333e-002  1.9750766e+002  1.9734206e+002  1.9605524e+002  1.9739284e+002  1.9720573e+002  1.9689197e+002  1.9691017e+002  1.9613814e+002
  8.0000000e-002  1.9749805e+002  1.9731818e+002  1.9603815e+002  1.9743388e+002  1.9720641e+002  1.9688838e+002  1.9689777e+002  1.9613895e+002
  8.6666667e-002  1.9748773e+002  1.9731563e+002  1.9602448e+002  1.9745859e+002  1.9722166e+002  1.9689336e+002  1.9693155e+002  1.9612137e+002
  9.3333333e-002  1.9752066e+002  1.9729456e+002  1.9599327e+002  1.9742598e+002  1.9718964e+002  1.9683839e+002  1.9690762e+002  1.9614049e+002
  1.0000000e-001  1.9757744e+002  1.9729317e+002  1.9595866e+002  1.9740538e+002  1.9720056e+002  1.9679370e+002  1.9691246e+002  1.9613765e+002
  1.0666667e-001  1.9755913e+002  1.9727712e+002  1.9593381e+002  1.9742586e+002  1.9719815e+002  1.9672366e+002  1.9689712e+002  1.9614040e+002
  1.1333333e-001  1.9753978e+002  1.9728020e+002  1.9595293e+002  1.9740643e+002  1.9716515e+002  1.9664407e+002  1.9682896e+002  1.9617841e+002
  1.2000000e-001  1.9748941e+002  1.9724754e+002  1.9589739e+002  1.9738841e+002  1.9706908e+002  1.9655313e+002  1.9676274e+002  1.9614998e+002
  1.2666667e-001  1.9741777e+002  1.9717488e+002  1.9573149e+002  1.9739645e+002  1.9690683e+002  1.9646805e+002  1.9671184e+002  1.9614761e+002
  1.3333333e-001  1.9727866e+002  1.9699942e+002  1.9557750e+002  1.9732596e+002  1.9678011e+002  1.9641417e+002  1.9660922e+002  1.9613003e+002
  1.4000000e-001  1.9718375e+002  1.9683788e+002  1.9546794e+002  1.9729452e+002  1.9670850e+002  1.9636124e+002  1.9645599e+002  1.9605620e+002
  1.4666667e-001  1.9719705e+002  1.9671367e+002  1.9541882e+002  1.9717787e+002  1.9663057e+002  1.9629112e+002  1.9638385e+002  1.9595226e+002
  1.5333333e-001  1.9723358e+002  1.9657663e+002  1.9549852e+002  1.9698361e+002  1.9654921e+002  1.9613826e+002  1.9636206e+002  1.9582925e+002
  1.6000000e-001  1.9737007e+002  1.9641965e+002  1.9562187e+002  1.9681294e+002  1.9653185e+002  1.9597156e+002  1.9629776e+002  1.9574432e+002
  1.6666667e-001  1.9747115e+002  1.9632109e+002  1.9567300e+002  1.9662779e+002  1.9641910e+002  1.9577187e+002  1.9624622e+002  1.9563080e+002
  1.7333333e-001  1.9744632e+002  1.9618977e+002  1.9569658e+002  1.9644888e+002  1.9620221e+002  1.9544891e+002  1.9614639e+002  1.9554811e+002
  1.8000000e-001  1.9743333e+002  1.9602107e+002  1.9573897e+002  1.9623581e+002  1.9597136e+002  1.9491655e+002  1.9596712e+002  1.9548720e+002
  1.8666667e-001  1.9738722e+002  1.9575821e+002  1.9577681e+002  1.9602489e+002  1.9571635e+002  1.9431076e+002  1.9576605e+002  1.9534282e+002
  1.9333333e-001  1.9719750e+002  1.9538351e+002  1.9567244e+002  1.9585320e+002  1.9547557e+002  1.9362035e+002  1.9549025e+002  1.9520654e+002
  2.0000000e-001  1.9703273e+002  1.9500621e+002  1.9557082e+002  1.9563472e+002  1.9515034e+002  1.9273947e+002  1.9509004e+002  1.9510779e+002
  2.0666667e-001  1.9691293e+002  1.9458566e+002  1.9536475e+002  1.9530872e+002  1.9466148e+002  1.9171580e+002  1.9451651e+002  1.9498148e+002
  2.1333333e-001  1.9683479e+002  1.9408095e+002  1.9507123e+002  1.9495744e+002  1.9414767e+002  1.9052434e+002  1.9383600e+002  1.9486803e+002
  2.2000000e-001  1.9668497e+002  1.9357471e+002  1.9473596e+002  1.9447255e+002  1.9346419e+002  1.8913771e+002  1.9305504e+002  1.9475638e+002
  2.2666667e-001  1.9646690e+002  1.9304250e+002  1.9433231e+002  1.9387405e+002  1.9247578e+002  1.8760960e+002  1.9211169e+002  1.9453066e+002
  2.3333333e-001  1.9619014e+002  1.9247130e+002  1.9371045e+002  1.9314749e+002  1.9126270e+002  1.8595262e+002  1.9096098e+002  1.9416499e+002
  2.4000000e-001  1.9573447e+002  1.9181689e+002  1.9296645e+002  1.9231770e+002  1.8984807e+002  1.8414642e+002  1.8956535e+002  1.9360986e+002
  2.4666667e-001  1.9521744e+002  1.9104875e+002  1.9214665e+002  1.9141734e+002  1.8830472e+002  1.8218680e+002  1.8794620e+002  1.9288422e+002
  2.5333333e-001  1.9451131e+002  1.9013016e+002  1.9116428e+002  1.9049638e+002  1.8652908e+002  1.8005362e+002  1.8608922e+002  1.9198566e+002
  2.6000000e-001  1.9348142e+002  1.8909863e+002  1.8994665e+002  1.8948593e+002  1.8448048e+002  1.7774814e+002  1.8399532e+002  1.9088948e+002
  2.6666667e-001  1.9218375e+002  1.8787939e+002  1.8841187e+002  1.8839743e+002  1.8226039e+002  1.7529225e+002  1.8171758e+002  1.8963458e+002
  2.7333333e-001  1.9050331e+002  1.8643747e+002  1.8667026e+002  1.8722401e+002  1.7981131e+002  1.7279738e+002  1.7920410e+002  1.8805281e+002
  2.8000000e-001  1.8842880e+002  1.8480048e+002  1.8462935e+002  1.8580563e+002  1.7723978e+002  1.7023714e+002  1.7646411e+002  1.8619150e+002
  2.8666667e-001  1.8599785e+002  1.8288651e+002  1.8193304e+002  1.8407518e+002  1.7513556e+002  1.6751611e+002  1.7343578e+002  1.8415271e+002
  2.9333333e-001  1.8325569e+002  1.8074185e+002  1.7930026e+002  1.8204163e+002  1.7202524e+002  1.6472160e+002  1.6994565e+002  1.8178124e+002
  3.0000000e-001  1.8017903e+002  1.7839111e+002  1.7687476e+002  1.7964455e+002  1.6909052e+002  1.6206895e+002  1.6611670e+002  1.7915375e+002
  3.0666667e-001  1.7652089e+002  1.7581743e+002  1.7354399e+002  1.7698175e+002  1.6597841e+002  1.5963834e+002  1.6220247e+002  1.7623856e+002
  3.1333333e-001  1.7274036e+002  1.7281087e+002  1.6974692e+002  1.7414090e+002  1.6251329e+002  1.5751237e+002  1.5851978e+002  1.7313474e+002
  3.2000000e-001  1.6965297e+002  1.6938290e+002  1.6680576e+002  1.7107951e+002  1.5950848e+002  1.5554599e+002  1.5523575e+002  1.6989935e+002
  3.2666667e-001  1.6630701e+002  1.6595901e+002  1.6440681e+002  1.6781850e+002  1.5692770e+002  1.5350774e+002  1.5236482e+002  1.6658462e+002
  3.3333333e-001  1.6254967e+002  1.6289403e+002  1.6188687e+002  1.6444855e+002  1.5495052e+002  1.5140741e+002  1.4974030e+002  1.6314409e+002
  3.4000000e-001  1.5980989e+002  1.6026015e+002  1.5970088e+002  1.6122936e+002  1.5326558e+002  1.4932707e+002  1.4727402e+002  1.5973224e+002
  3.4666667e-001  1.5758926e+002  1.5805580e+002  1.5788969e+002  1.5832283e+002  1.5178752e+002  1.4734943e+002  1.4501877e+002  1.5655335e+002
  3.5333333e-001  1.5536607e+002  1.5606891e+002  1.5611859e+002  1.5576770e+002  1.5030743e+002  1.4553746e+002  1.4284692e+002  1.5395577e+002
  3.6000000e-001  1.5330147e+002  1.5427800e+002  1.5452614e+002  1.5357608e+002  1.4882753e+002  1.4386034e+002  1.4054581e+002  1.5187877e+002
  3.6666667e-001  1.5137785e+002  1.5253433e+002  1.5298473e+002  1.5160713e+002  1.4722397e+002  1.4242787e+002  1.3832015e+002  1.5002431e+002
  3.7333333e-001  1.4956245e+002  1.5080179e+002  1.5148903e+002  1.4964264e+002  1.4555453e+002  1.4122141e+002  1.3628912e+002  1.4825180e+002
  3.8000000e-001  1.4783995e+002  1.4913737e+002  1.5002737e+002  1.4763193e+002  1.4402919e+002  1.4026802e+002  1.3438344e+002  1.4646034e+002
  3.8666667e-001  1.4605870e+002  1.4749303e+002  1.4852013e+002  1.4559079e+002  1.4251857e+002  1.3937869e+002  1.3270648e+002  1.4460451e+002
  3.9333333e-001  1.4446536e+002  1.4591901e+002  1.4702512e+002  1.4361472e+002  1.4114644e+002  1.3861114e+002  1.3127791e+002  1.4281998e+002
  4.0000000e-001  1.4291649e+002  1.4433791e+002  1.4553902e+002  1.4173967e+002  1.3997034e+002  1.3793790e+002  1.2994927e+002  1.4118184e+002
  4.0666667e-001  1.4145158e+002  1.4287039e+002  1.4403156e+002  1.4009085e+002  1.3895232e+002  1.3738370e+002  1.2878575e+002  1.3970811e+002
  4.1333333e-001  1.4021085e+002  1.4157394e+002  1.4253580e+002  1.3857269e+002  1.3805357e+002  1.3702512e+002  1.2775529e+002  1.3838388e+002
  4.2000000e-001  1.3899364e+002  1.4038571e+002  1.4105191e+002  1.3731868e+002  1.3727306e+002  1.3681392e+002  1.2703673e+002  1.3726344e+002
  4.2666667e-001  1.3791711e+002  1.3927033e+002  1.3971559e+002  1.3616452e+002  1.3665518e+002  1.3667042e+002  1.2679919e+002  1.3627885e+002
  4.3333333e-001  1.3682211e+002  1.3824001e+002  1.3830254e+002  1.3498112e+002  1.3607587e+002  1.3646309e+002  1.2681080e+002  1.3538454e+002
  4.4000000e-001  1.3582455e+002  1.3736443e+002  1.3695543e+002  1.3391428e+002  1.3569756e+002  1.3619147e+002  1.2696236e+002  1.3459672e+002
  4.4666667e-001  1.3506111e+002  1.3659152e+002  1.3573296e+002  1.3285117e+002  1.3549756e+002  1.3591861e+002  1.2693636e+002  1.3384584e+002
  4.5333333e-001  1.3451175e+002  1.3595752e+002  1.3461850e+002  1.3196210e+002  1.3538191e+002  1.3581769e+002  1.2694098e+002  1.3329979e+002
  4.6000000e-001  1.3428395e+002  1.3548332e+002  1.3363460e+002  1.3132581e+002  1.3542575e+002  1.3593338e+002  1.2698263e+002  1.3300476e+002
  4.6666667e-001  1.3421542e+002  1.3509985e+002  1.3280954e+002  1.3089456e+002  1.3552693e+002  1.3623822e+002  1.2693172e+002  1.3284210e+002
  4.7333333e-001  1.3435384e+002  1.3473064e+002  1.3217050e+002  1.3060673e+002  1.3561052e+002  1.3649814e+002  1.2693053e+002  1.3275232e+002
  4.8000000e-001  1.3468414e+002  1.3455489e+002  1.3178400e+002  1.3054948e+002  1.3569261e+002  1.3672351e+002  1.2682137e+002  1.3283278e+002
  4.8666667e-001  1.3507297e+002  1.3443480e+002  1.3161931e+002  1.3053479e+002  1.3575343e+002  1.3704611e+002  1.2654946e+002  1.3306448e+002
  4.9333333e-001  1.3555403e+002  1.3435989e+002  1.3168289e+002  1.3044218e+002  1.3570741e+002  1.3730490e+002  1.2636686e+002  1.3317876e+002
  5.0000000e-001  1.3590761e+002  1.3439877e+002  1.3186587e+002  1.3021405e+002  1.3558031e+002  1.3735599e+002  1.2630741e+002  1.3319154e+002
  5.0666667e-001  1.3601955e+002  1.3443585e+002  1.3190935e+002  1.2996866e+002  1.3530792e+002  1.3733064e+002  1.2633135e+002  1.3312384e+002
  5.1333333e-001  1.3590872e+002  1.3447531e+002  1.3192450e+002  1.2972688e+002  1.3480949e+002  1.3724266e+002  1.2634443e+002  1.3297041e+002
  5.2000000e-001  1.3557387e+002  1.3449783e+002  1.3166840e+002  1.2956773e+002  1.3421288e+002  1.3694301e+002  1.2636235e+002  1.3279047e+002
  5.2666667e-001  1.3502925e+002  1.3453267e+002  1.3111127e+002  1.2962244e+002  1.3341133e+002  1.3674492e+002  1.2631261e+002  1.3259261e+002
  5.3333333e-001  1.3434059e+002  1.3464943e+002  1.3034772e+002  1.2971030e+002  1.3249217e+002  1.3654204e+002  1.2610123e+002  1.3239209e+002
  5.4000000e-001  1.3362555e+002  1.3474722e+002  1.2941423e+002  1.2990166e+002  1.3177368e+002  1.3640813e+002  1.2589172e+002  1.3215836e+002
  5.4666667e-001  1.3308330e+002  1.3476297e+002  1.2848268e+002  1.3006154e+002  1.3119307e+002  1.3630594e+002  1.2573605e+002  1.3189241e+002
  5.5333333e-001  1.3274002e+002  1.3479611e+002  1.2777271e+002  1.3005447e+002  1.3082427e+002  1.3618828e+002  1.2573158e+002  1.3160585e+002
  5.6000000e-001  1.3254045e+002  1.3483020e+002  1.2740260e+002  1.2998030e+002  1.3076407e+002  1.3610303e+002  1.2595979e+002  1.3128601e+002
  5.6666667e-001  1.3263091e+002  1.3475015e+002  1.2734554e+002  1.2976529e+002  1.3103001e+002  1.3612941e+002  1.2648010e+002  1.3094014e+002
  5.7333333e-001  1.3288074e+002  1.3478940e+002  1.2758151e+002  1.2949171e+002  1.3151677e+002  1.3623343e+002  1.2710447e+002  1.3058171e+002
  5.8000000e-001  1.3331812e+002  1.3497075e+002  1.2799208e+002  1.2923972e+002  1.3196652e+002  1.3629800e+002  1.2776071e+002  1.3036746e+002
  5.8666667e-001  1.3386685e+002  1.3515212e+002  1.2843835e+002  1.2905939e+002  1.3247484e+002  1.3638007e+002  1.2842224e+002  1.3025529e+002
  5.9333333e-001  1.3448554e+002  1.3539839e+002  1.2879486e+002  1.2908865e+002  1.3303177e+002  1.3657577e+002  1.2899292e+002  1.3032910e+002
  6.0000000e-001  1.3508093e+002  1.3573462e+002  1.2900031e+002  1.2919792e+002  1.3347775e+002  1.3679280e+002  1.2951828e+002  1.3053273e+002
  6.0666667e-001  1.3569305e+002  1.3618614e+002  1.2923554e+002  1.2939911e+002  1.3391391e+002  1.3701016e+002  1.2992683e+002  1.3092058e+002
  6.1333333e-001  1.3624280e+002  1.3663374e+002  1.2933258e+002  1.2959329e+002  1.3428572e+002  1.3717381e+002  1.3011734e+002  1.3135304e+002
  6.2000000e-001  1.3674002e+002  1.3709431e+002  1.2930321e+002  1.2974773e+002  1.3444508e+002  1.3740256e+002  1.3012007e+002  1.3178520e+002
  6.2666667e-001  1.3720587e+002  1.3744179e+002  1.2915280e+002  1.2973312e+002  1.3454927e+002  1.3766504e+002  1.2994092e+002  1.3227631e+002
  6.3333333e-001  1.3766653e+002  1.3772858e+002  1.2892038e+002  1.2949074e+002  1.3454060e+002  1.3798808e+002  1.2962904e+002  1.3277237e+002
  6.4000000e-001  1.3795689e+002  1.3798036e+002  1.2868543e+002  1.2918593e+002  1.3433423e+002  1.3825940e+002  1.2930736e+002  1.3327701e+002
  6.4666667e-001  1.3807411e+002  1.3820093e+002  1.2843764e+002  1.2878471e+002  1.3397766e+002  1.3843314e+002  1.2896677e+002  1.3367752e+002
  6.5333333e-001  1.3820230e+002  1.3834929e+002  1.2811014e+002  1.2813164e+002  1.3362009e+002  1.3858813e+002  1.2858897e+002  1.3403522e+002
  6.6000000e-001  1.3822702e+002  1.3839760e+002  1.2786486e+002  1.2749156e+002  1.3331689e+002  1.3873610e+002  1.2813621e+002  1.3433328e+002
  6.6666667e-001  1.3823384e+002  1.3832373e+002  1.2760432e+002  1.2693311e+002  1.3295256e+002  1.3871037e+002  1.2773981e+002  1.3443068e+002
  6.7333333e-001  1.3818417e+002  1.3826796e+002  1.2736027e+002  1.2630566e+002  1.3258881e+002  1.3869457e+002  1.2735651e+002  1.3444781e+002
  6.8000000e-001  1.3805072e+002  1.3820290e+002  1.2714990e+002  1.2580112e+002  1.3229627e+002  1.3877339e+002  1.2702402e+002  1.3438287e+002
  6.8666667e-001  1.3801248e+002  1.3810614e+002  1.2699683e+002  1.2543001e+002  1.3209303e+002  1.3865085e+002  1.2669099e+002  1.3415536e+002
  6.9333333e-001  1.3799820e+002  1.3800153e+002  1.2683342e+002  1.2511911e+002  1.3194553e+002  1.3851633e+002  1.2641678e+002  1.3392386e+002
  7.0000000e-001  1.3794012e+002  1.3796193e+002  1.2676615e+002  1.2497518e+002  1.3181160e+002  1.3841211e+002  1.2626720e+002  1.3370190e+002
  7.0666667e-001  1.3797597e+002  1.3795937e+002  1.2675751e+002  1.2485855e+002  1.3179962e+002  1.3822417e+002  1.2618750e+002  1.3339468e+002
  7.1333333e-001  1.3808050e+002  1.3793507e+002  1.2686284e+002  1.2471084e+002  1.3192984e+002  1.3815947e+002  1.2617886e+002  1.3308832e+002
  7.2000000e-001  1.3815869e+002  1.3798766e+002  1.2702619e+002  1.2463734e+002  1.3209000e+002  1.3809786e+002  1.2620959e+002  1.3293956e+002
  7.2666667e-001  1.3826155e+002  1.3803748e+002  1.2709701e+002  1.2456452e+002  1.3214825e+002  1.3793889e+002  1.2634548e+002  1.3277525e+002
  7.3333333e-001  1.3837601e+002  1.3811888e+002  1.2719000e+002  1.2442220e+002  1.3230985e+002  1.3782042e+002  1.2648147e+002  1.3258461e+002
  7.4000000e-001  1.3852109e+002  1.3828708e+002  1.2728212e+002  1.2423606e+002  1.3250275e+002  1.3777588e+002  1.2659699e+002  1.3252156e+002
  7.4666667e-001  1.3866834e+002  1.3842465e+002  1.2725406e+002  1.2401101e+002  1.3267329e+002  1.3770456e+002  1.2673915e+002  1.3246101e+002
  7.5333333e-001  1.3884155e+002  1.3853572e+002  1.2713221e+002  1.2373627e+002  1.3290225e+002  1.3762791e+002  1.2678613e+002  1.3238248e+002
  7.6000000e-001  1.3900052e+002  1.3870157e+002  1.2698344e+002  1.2339317e+002  1.3305574e+002  1.3762744e+002  1.2686541e+002  1.3242734e+002
  7.6666667e-001  1.3909198e+002  1.3887259e+002  1.2683655e+002  1.2303387e+002  1.3314116e+002  1.3764865e+002  1.2689254e+002  1.3252145e+002
  7.7333333e-001  1.3919759e+002  1.3904608e+002  1.2664876e+002  1.2256041e+002  1.3325511e+002  1.3768768e+002  1.2679439e+002  1.3252158e+002
  7.8000000e-001  1.3932539e+002  1.3921619e+002  1.2649973e+002  1.2209256e+002  1.3336469e+002  1.3787421e+002  1.2658529e+002  1.3250488e+002
  7.8666667e-001  1.3943845e+002  1.3936552e+002  1.2625635e+002  1.2161038e+002  1.3343439e+002  1.3815056e+002  1.2642015e+002  1.3258769e+002
  7.9333333e-001  1.3953442e+002  1.3944917e+002  1.2602326e+002  1.2103411e+002  1.3350063e+002  1.3837430e+002  1.2631087e+002  1.3265524e+002
  8.0000000e-001  1.3951778e+002  1.3951981e+002  1.2585320e+002  1.2043255e+002  1.3358832e+002  1.3870042e+002  1.2613029e+002  1.3268245e+002
  8.0666667e-001  1.3957411e+002  1.3965118e+002  1.2565060e+002  1.2009715e+002  1.3366708e+002  1.3896980e+002  1.2592619e+002  1.3269870e+002
  8.1333333e-001  1.3966545e+002  1.3964597e+002  1.2549955e+002  1.1918665e+002  1.3367972e+002  1.3920137e+002  1.2567939e+002  1.3271092e+002
  8.2000000e-001  1.3969818e+002  1.3965535e+002  1.2530098e+002  1.1864379e+002  1.3370587e+002  1.3944377e+002  1.2543297e+002  1.3275429e+002
  8.2666667e-001  1.3974156e+002  1.3977835e+002  1.2504622e+002  1.1814875e+002  1.3378554e+002  1.3964589e+002  1.2526463e+002  1.3276254e+002
  8.3333333e-001  1.3983014e+002  1.3972594e+002  1.2484903e+002  1.1761907e+002  1.3385027e+002  1.3969667e+002  1.2511254e+002  1.3277031e+002
  8.4000000e-001  1.3992288e+002  1.3964453e+002  1.2470548e+002  1.1709667e+002  1.3383916e+002  1.3975117e+002  1.2504608e+002  1.3280379e+002
  8.4666667e-001  1.4003569e+002  1.3964504e+002  1.2454103e+002  1.1667088e+002  1.3387091e+002  1.3973901e+002  1.2497655e+002  1.3286900e+002
  8.5333333e-001  1.4004933e+002  1.3965093e+002  1.2441870e+002  1.1640880e+002  1.3401237e+002  1.3971112e+002  1.2485111e+002  1.3298540e+002
  8.6000000e-001  1.4008595e+002  1.3966461e+002  1.2433836e+002  1.1600526e+002  1.3412633e+002  1.3975963e+002  1.2479643e+002  1.3303331e+002
  8.6666667e-001  1.4023084e+002  1.3965134e+002  1.2422016e+002  1.1554897e+002  1.3421838e+002  1.3978481e+002  1.2471666e+002  1.3304620e+002
  8.7333333e-001  1.4028847e+002  1.3977191e+002  1.2406432e+002  1.1509186e+002  1.3436150e+002  1.3982169e+002  1.2457672e+002  1.3310406e+002
  8.8000000e-001  1.4026770e+002  1.3988109e+002  1.2400729e+002  1.1462785e+002  1.3443439e+002  1.3981700e+002  1.2451546e+002  1.3315550e+002
  8.8666667e-001  1.4038205e+002  1.3993759e+002  1.2389443e+002  1.1409954e+002  1.3452324e+002  1.3987419e+002  1.2451596e+002  1.3322719e+002
  8.9333333e-001  1.4047058e+002  1.4010231e+002  1.2368295e+002  1.1351254e+002  1.3464455e+002  1.3992151e+002  1.2440942e+002  1.3334560e+002
  9.0000000e-001  1.4046922e+002  1.4025470e+002  1.2358341e+002  1.1291844e+002  1.3475624e+002  1.3985860e+002  1.2431529e+002  1.3343181e+002
  9.0666667e-001  1.4052792e+002  1.4029701e+002  1.2346957e+002  1.1230900e+002  1.3489864e+002  1.3981894e+002  1.2429483e+002  1.3341263e+002
  9.1333333e-001  1.4058011e+002  1.4040640e+002  1.2328655e+002  1.1173834e+002  1.3502750e+002  1.3983546e+002  1.2424999e+002  1.3341594e+002
  9.2000000e-001  1.4062868e+002  1.4065218e+002  1.2306166e+002  1.1116849e+002  1.3509520e+002  1.3988582e+002  1.2421757e+002  1.3344211e+002
  9.2666667e-001  1.4071753e+002  1.4071437e+002  1.2289719e+002  1.1056374e+002  1.3525394e+002  1.3989316e+002  1.2415477e+002  1.3346895e+002
  9.3333333e-001  1.4080955e+002  1.4089679e+002  1.2266729e+002  1.0993313e+002  1.3537235e+002  1.3991368e+002  1.2414307e+002  1.3351120e+002
  9.4000000e-001  1.4085095e+002  1.4106828e+002  1.2243688e+002  1.0929242e+002  1.3559155e+002  1.3995207e+002  1.2416229e+002  1.3354512e+002
  9.4666667e-001  1.4093158e+002  1.4106874e+002  1.2227103e+002  1.0858181e+002  1.3576039e+002  1.4000331e+002  1.2436983e+002  1.3351621e+002
  9.5333333e-001  1.4096678e+002  1.4118007e+002  1.2212516e+002  1.0781298e+002  1.3587555e+002  1.4007962e+002  1.2481789e+002  1.3349341e+002
  9.6000000e-001  1.4104689e+002  1.4131203e+002  1.2190313e+002  1.0702583e+002  1.3596849e+002  1.4009129e+002  1.2536573e+002  1.3350888e+002
  9.6666667e-001  1.4112784e+002  1.4137532e+002  1.2173345e+002  1.0622061e+002  1.3613318e+002  1.4007376e+002  1.2586036e+002  1.3351248e+002
  9.7333333e-001  1.4112372e+002  1.4145560e+002  1.2157106e+002  1.0545689e+002  1.3620699e+002  1.4010785e+002  1.2607298e+002  1.3362122e+002
  9.8000000e-001  1.4112117e+002  1.4156603e+002  1.2146928e+002  1.0467365e+002  1.3632446e+002  1.4010851e+002  1.2621767e+002  1.3368753e+002
  9.8666667e-001  1.4116977e+002  1.4168965e+002  1.2128180e+002  1.0389822e+002  1.3641121e+002  1.4009782e+002  1.2638668e+002  1.3366957e+002
  9.9333333e-001  1.4125537e+002  1.4168898e+002  1.2107599e+002  1.0313693e+002  1.3644402e+002  1.4006786e+002  1.2646572e+002  1.3368378e+002
  1.0000000e+000  1.4131531e+002  1.4173158e+002  1.2094880e+002  1.0240523e+002  1.3657381e+002  1.4010378e+002  1.2655926e+002  1.3375354e+002
  1.0066667e+000  1.4129883e+002  1.4181148e+002  1.2075421e+002  1.0167812e+002  1.3662077e+002  1.4009947e+002  1.2662910e+002  1.3383772e+002
  1.0133333e+000  1.4133754e+002  1.4182216e+002  1.2056829e+002  1.0090231e+002  1.3664859e+002  1.4001346e+002  1.2668552e+002  1.3386354e+002
  1.0200000e+000  1.4138980e+002  1.4189146e+002  1.2046815e+002  1.0009658e+002  1.3681723e+002  1.3992252e+002  1.2678785e+002  1.3390723e+002
  1.0266667e+000  1.4147720e+002  1.4202908e+002  1.2035313e+002  9.9361877e+001  1.3699373e+002  1.3996959e+002  1.2688445e+002  1.3400871e+002
  1.0333333e+000  1.4160951e+002  1.4222517e+002  1.2020014e+002  9.8648270e+001  1.3710417e+002  1.3996567e+002  1.2689136e+002  1.3411209e+002
  1.0400000e+000  1.4167982e+002  1.4228398e+002  1.2010426e+002  9.7889366e+001  1.3725404e+002  1.3991902e+002  1.2695061e+002  1.3415273e+002
  1.0466667e+000  1.4171464e+002  1.4242247e+002  1.1998480e+002  9.7125267e+001  1.3743561e+002  1.3995703e+002  1.2702560e+002  1.3413762e+002
  1.0533333e+000  1.4183376e+002  1.4256059e+002  1.1983388e+002  9.6411110e+001  1.3759671e+002  1.3994389e+002  1.2704266e+002  1.3413144e+002
  1.0600000e+000  1.4188405e+002  1.4264838e+002  1.1971208e+002  9.5714432e+001  1.3768251e+002  1.3995677e+002  1.2703483e+002  1.3415353e+002
  1.0666667e+000  1.4189987e+002  1.4277094e+002  1.1960409e+002  9.5043999e+001  1.3779727e+002  1.3996800e+002  1.2703725e+002  1.3423541e+002
  1.0733333e+000  1.4196291e+002  1.4292131e+002  1.1947366e+002  9.5321960e+001  1.3805699e+002  1.3997612e+002  1.2702869e+002  1.3431021e+002
  1.0800000e+000  1.4212552e+002  1.4296028e+002  1.1929765e+002  9.7728958e+001  1.3824284e+002  1.4007487e+002  1.2701335e+002  1.3430707e+002
  1.0866667e+000  1.4221436e+002  1.4304591e+002  1.1911271e+002  1.0070371e+002  1.3839426e+002  1.4011372e+002  1.2700227e+002  1.3430748e+002
  1.0933333e+000  1.4218971e+002  1.4314024e+002  1.1894407e+002  1.0131668e+002  1.3861717e+002  1.4011215e+002  1.2702393e+002  1.3432654e+002
  1.1000000e+000  1.4219087e+002  1.4319466e+002  1.1880589e+002  9.9413399e+001  1.3884856e+002  1.4014769e+002  1.2705063e+002  1.3436212e+002
  1.1066667e+000  1.4221153e+002  1.4318184e+002  1.1871585e+002  9.7382431e+001  1.3902347e+002  1.4019109e+002  1.2710049e+002  1.3441699e+002
  1.1133333e+000  1.4228693e+002  1.4325647e+002  1.1858162e+002  9.6302322e+001  1.3918890e+002  1.4026224e+002  1.2708167e+002  1.3447232e+002
  1.1200000e+000  1.4228441e+002  1.4336928e+002  1.1854546e+002  9.5548492e+001  1.3936134e+002  1.4040420e+002  1.2711071e+002  1.3450056e+002
  1.1266667e+000  1.4228670e+002  1.4341333e+002  1.1849575e+002  9.4550919e+001  1.3950005e+002  1.4045489e+002  1.2715887e+002  1.3457288e+002
  1.1333333e+000  1.4224911e+002  1.4346358e+002  1.1841852e+002  9.3527473e+001  1.3961736e+002  1.4039983e+002  1.2715561e+002  1.3462614e+002
  1.1400000e+000  1.4216394e+002  1.4350775e+002  1.1839319e+002  9.2696899e+001  1.3984389e+002  1.4041315e+002  1.2718709e+002  1.3466744e+002
  1.1466667e+000  1.4218106e+002  1.4363237e+002  1.1833369e+002  9.2099380e+001  1.4001053e+002  1.4049225e+002  1.2722615e+002  1.3468623e+002
  1.1533333e+000  1.4224196e+002  1.4367073e+002  1.1839271e+002  9.1558342e+001  1.4004521e+002  1.4057835e+002  1.2724468e+002  1.3472115e+002
  1.1600000e+000  1.4219923e+002  1.4368043e+002  1.1848544e+002  9.0987152e+001  1.4014687e+002  1.4072093e+002  1.2715476e+002  1.3477895e+002
  1.1666667e+000  1.4212169e+002  1.4377161e+002  1.1859570e+002  8.9597977e+001  1.4022624e+002  1.4078834e+002  1.2710210e+002  1.3480768e+002
  1.1733333e+000  1.4205252e+002  1.4387410e+002  1.1899952e+002  8.9707916e+001  1.4036237e+002  1.4082700e+002  1.2710694e+002  1.3488496e+002
  1.1800000e+000  1.4208827e+002  1.4387447e+002  1.1909123e+002  8.9045708e+001  1.4047037e+002  1.4084123e+002  1.2707033e+002  1.3493971e+002
  1.1866667e+000  1.4218263e+002  1.4386456e+002  1.1916870e+002  8.8383232e+001  1.4065196e+002  1.4086336e+002  1.2703739e+002  1.3501596e+002
  1.1933333e+000  1.4219344e+002  1.4386537e+002  1.1921793e+002  8.7752060e+001  1.4080257e+002  1.4098006e+002  1.2703234e+002  1.3509821e+002
  1.2000000e+000  1.4219081e+002  1.4382069e+002  1.1903681e+002  8.7099503e+001  1.4097388e+002  1.4111804e+002  1.2694363e+002  1.3508591e+002
  1.2066667e+000  1.4219597e+002  1.4380833e+002  1.1903416e+002  8.6473579e+001  1.4112727e+002  1.4115143e+002  1.2689563e+002  1.3514180e+002
  1.2133333e+000  1.4226120e+002  1.4387797e+002  1.1897697e+002  8.5943680e+001  1.4125356e+002  1.4117685e+002  1.2684950e+002  1.3519710e+002
  1.2200000e+000  1.4228354e+002  1.4388359e+002  1.1887852e+002  8.5420547e+001  1.4144069e+002  1.4120157e+002  1.2677490e+002  1.3531508e+002
  1.2266667e+000  1.4230316e+002  1.4384558e+002  1.1869479e+002  8.4979759e+001  1.4159892e+002  1.4132504e+002  1.2675919e+002  1.3544002e+002
  1.2333333e+000  1.4238266e+002  1.4386218e+002  1.1853049e+002  8.4602936e+001  1.4173994e+002  1.4148039e+002  1.2667736e+002  1.3552464e+002
  1.2400000e+000  1.4239061e+002  1.4391933e+002  1.1821100e+002  8.4285530e+001  1.4190088e+002  1.4151999e+002  1.2659209e+002  1.3561121e+002
  1.2466667e+000  1.4244376e+002  1.4391679e+002  1.1793870e+002  8.4011589e+001  1.4202388e+002  1.4149779e+002  1.2658981e+002  1.3568301e+002
  1.2533333e+000  1.4251956e+002  1.4387616e+002  1.1769321e+002  8.3789375e+001  1.4209746e+002  1.4152228e+002  1.2644699e+002  1.3583050e+002
  1.2600000e+000  1.4262714e+002  1.4388217e+002  1.1737160e+002  8.3589684e+001  1.4222153e+002  1.4151514e+002  1.2635666e+002  1.3601302e+002
  1.2666667e+000  1.4263513e+002  1.4394750e+002  1.1695544e+002  8.3370224e+001  1.4235062e+002  1.4145122e+002  1.2633424e+002  1.3616921e+002
  1.2733333e+000  1.4263022e+002  1.4403169e+002  1.1646259e+002  8.3236298e+001  1.4246541e+002  1.4149126e+002  1.2627335e+002  1.3625702e+002
  1.2800000e+000  1.4259599e+002  1.4405437e+002  1.1592152e+002  8.3092659e+001  1.4258278e+002  1.4159517e+002  1.2627460e+002  1.3639456e+002
  1.2866667e+000  1.4265887e+002  1.4408278e+002  1.1535579e+002  8.2919609e+001  1.4266299e+002  1.4166751e+002  1.2626076e+002  1.3657903e+002
  1.2933333e+000  1.4273909e+002  1.4397513e+002  1.1474535e+002  8.2784904e+001  1.4270979e+002  1.4169443e+002  1.2620776e+002  1.3676787e+002
  1.3000000e+000  1.4284343e+002  1.4389041e+002  1.1405198e+002  8.2703896e+001  1.4279193e+002  1.4170599e+002  1.2619640e+002  1.3696606e+002
  1.3066667e+000  1.4289781e+002  1.4392490e+002  1.1339735e+002  8.2619591e+001  1.4282100e+002  1.4176868e+002  1.2619087e+002  1.3715920e+002
  1.3133333e+000  1.4283844e+002  1.4403064e+002  1.1270599e+002  8.2538651e+001  1.4282199e+002  1.4188452e+002  1.2617248e+002  1.3733473e+002
  1.3200000e+000  1.4284743e+002  1.4408490e+002  1.1202002e+002  8.2404076e+001  1.4290624e+002  1.4198538e+002  1.2613484e+002  1.3753552e+002
  1.3266667e+000  1.4294665e+002  1.4408263e+002  1.1134193e+002  8.2283066e+001  1.4299107e+002  1.4202754e+002  1.2616903e+002  1.3765213e+002
  1.3333333e+000  1.4307202e+002  1.4403485e+002  1.1060218e+002  8.2195007e+001  1.4297891e+002  1.4208408e+002  1.2607480e+002  1.3782632e+002
  1.3400000e+000  1.4306578e+002  1.4401088e+002  1.0981257e+002  8.2076973e+001  1.4297470e+002  1.4214769e+002  1.2594380e+002  1.3806100e+002
  1.3466667e+000  1.4300205e+002  1.4400240e+002  1.0902720e+002  8.2005272e+001  1.4295647e+002  1.4224199e+002  1.2584536e+002  1.3827660e+002
  1.3533333e+000  1.4297995e+002  1.4390558e+002  1.0815258e+002  8.1898598e+001  1.4293996e+002  1.4227280e+002  1.2574217e+002  1.3844981e+002
  1.3600000e+000  1.4290970e+002  1.4384850e+002  1.0720734e+002  8.1804626e+001  1.4296704e+002  1.4234953e+002  1.2565656e+002  1.3861114e+002
  1.3666667e+000  1.4281755e+002  1.4381677e+002  1.0618653e+002  8.1771065e+001  1.4291869e+002  1.4241859e+002  1.2551419e+002  1.3872942e+002
  1.3733333e+000  1.4273410e+002  1.4380435e+002  1.0512242e+002  8.1752335e+001  1.4294289e+002  1.4249847e+002  1.2533341e+002  1.3894476e+002
  1.3800000e+000  1.4265042e+002  1.4370786e+002  1.0405298e+002  8.1725899e+001  1.4298625e+002  1.4257422e+002  1.2514513e+002  1.3916045e+002
  1.3866667e+000  1.4255302e+002  1.4365897e+002  1.0288137e+002  8.1727440e+001  1.4300693e+002  1.4258582e+002  1.2504421e+002  1.3936369e+002
  1.3933333e+000  1.4257086e+002  1.4365964e+002  1.0170724e+002  8.1764076e+001  1.4301765e+002  1.4266467e+002  1.2494753e+002  1.3962325e+002
  1.4000000e+000  1.4252185e+002  1.4360466e+002  1.0052165e+002  8.1845825e+001  1.4298715e+002  1.4279643e+002  1.2485563e+002  1.3980743e+002
  1.4066667e+000  1.4250423e+002  1.4355786e+002  9.9251129e+001  8.1939758e+001  1.4299280e+002  1.4285306e+002  1.2477145e+002  1.3994960e+002
  1.4133333e+000  1.4242792e+002  1.4358287e+002  9.8020233e+001  8.1984398e+001  1.4297250e+002  1.4287430e+002  1.2465255e+002  1.4006436e+002
  1.4200000e+000  1.4236464e+002  1.4364212e+002  9.6820786e+001  8.2089096e+001  1.4297192e+002  1.4288899e+002  1.2457454e+002  1.4022408e+002
  1.4266667e+000  1.4234750e+002  1.4363837e+002  9.5614853e+001  8.2176247e+001  1.4296861e+002  1.4297624e+002  1.2445337e+002  1.4042467e+002
  1.4333333e+000  1.4233031e+002  1.4355022e+002  9.4411537e+001  8.2276657e+001  1.4300879e+002  1.4304457e+002  1.2432039e+002  1.4057977e+002
  1.4400000e+000  1.4231851e+002  1.4353822e+002  9.3174042e+001  8.2463051e+001  1.4300905e+002  1.4316229e+002  1.2419244e+002  1.4082703e+002
  1.4466667e+000  1.4217226e+002  1.4361685e+002  9.1936035e+001  8.2675117e+001  1.4301285e+002  1.4335063e+002  1.2411940e+002  1.4108009e+002
  1.4533333e+000  1.4205171e+002  1.4359372e+002  9.0767197e+001  8.2837082e+001  1.4304251e+002  1.4344902e+002  1.2395284e+002  1.4129645e+002
  1.4600000e+000  1.4196553e+002  1.4358623e+002  8.9773582e+001  8.2973511e+001  1.4301321e+002  1.4346130e+002  1.2385245e+002  1.4153488e+002
  1.4666667e+000  1.4194501e+002  1.4357291e+002  8.9849342e+001  8.3174469e+001  1.4311514e+002  1.4354542e+002  1.2372915e+002  1.4166045e+002
  1.4733333e+000  1.4190685e+002  1.4349644e+002  8.8490524e+001  8.3355537e+001  1.4312015e+002  1.4369605e+002  1.2303328e+002  1.4184615e+002
  1.4800000e+000  1.4190054e+002  1.4344919e+002  8.6303398e+001  8.3505653e+001  1.4307304e+002  1.4377264e+002  1.2293668e+002  1.4200240e+002
  1.4866667e+000  1.4185921e+002  1.4349310e+002  8.5808006e+001  8.3726112e+001  1.4307979e+002  1.4377521e+002  1.2283649e+002  1.4214032e+002
  1.4933333e+000  1.4182111e+002  1.4345967e+002  8.5579956e+001  8.3954185e+001  1.4316963e+002  1.4380347e+002  1.2323075e+002  1.4236859e+002
  1.5000000e+000  1.4180977e+002  1.4335600e+002  8.4184593e+001  8.4188637e+001  1.4316278e+002  1.4389366e+002  1.2309670e+002  1.4259987e+002
  1.5066667e+000  1.4173418e+002  1.4333986e+002  8.2480072e+001  8.4413773e+001  1.4309044e+002  1.4400700e+002  1.2300285e+002  1.4277245e+002
  1.5133333e+000  1.4171837e+002  1.4330942e+002  8.1243904e+001  8.4709389e+001  1.4309419e+002  1.4402223e+002  1.2280402e+002  1.4300501e+002
  1.5200000e+000  1.4165984e+002  1.4322380e+002  8.0182098e+001  8.5030273e+001  1.4311291e+002  1.4406384e+002  1.2265466e+002  1.4316952e+002
  1.5266667e+000  1.4159758e+002  1.4314449e+002  7.8963699e+001  8.5329613e+001  1.4309830e+002  1.4414552e+002  1.2255598e+002  1.4333543e+002
  1.5333333e+000  1.4162628e+002  1.4308739e+002  7.7475121e+001  8.5702576e+001  1.4311911e+002  1.4413364e+002  1.2242673e+002  1.4332057e+002
  1.5400000e+000  1.4158156e+002  1.4309225e+002  7.5721176e+001  8.6118294e+001  1.4308220e+002  1.4410869e+002  1.2170653e+002  1.4374153e+002
  1.5466667e+000  1.4152333e+002  1.4305991e+002  7.3950516e+001  8.6517998e+001  1.4308525e+002  1.4413660e+002  1.2158067e+002  1.4396597e+002
  1.5533333e+000  1.4147174e+002  1.4301386e+002  7.2240685e+001  8.6879898e+001  1.4310866e+002  1.4419511e+002  1.2199947e+002  1.4451914e+002
  1.5600000e+000  1.4142586e+002  1.4288731e+002  7.0617241e+001  8.7265198e+001  1.4305971e+002  1.4427312e+002  1.2187754e+002  1.4469891e+002
  1.5666667e+000  1.4141258e+002  1.4278070e+002  6.9075920e+001  8.7749359e+001  1.4310254e+002  1.4428816e+002  1.2180781e+002  1.4487358e+002
  1.5733333e+000  1.4130194e+002  1.4276765e+002  6.7609413e+001  8.8159203e+001  1.4309203e+002  1.4427731e+002  1.2165768e+002  1.4505611e+002
  1.5800000e+000  1.4119589e+002  1.4270338e+002  6.6310814e+001  8.8555847e+001  1.4298903e+002  1.4426637e+002  1.2100491e+002  1.4521819e+002
  1.5866667e+000  1.4117998e+002  1.4262106e+002  6.5242889e+001  8.8991867e+001  1.4292311e+002  1.4432091e+002  1.2096148e+002  1.4540715e+002
  1.5933333e+000  1.4112671e+002  1.4258185e+002  6.4395325e+001  8.9454643e+001  1.4294449e+002  1.4434370e+002  1.2139675e+002  1.4561795e+002
  1.6000000e+000  1.4102722e+002  1.4255670e+002  6.3786579e+001  8.9916077e+001  1.4292645e+002  1.4435835e+002  1.2125897e+002  1.4581689e+002
  1.6066667e+000  1.4099297e+002  1.4254781e+002  6.3452156e+001  8.9622574e+001  1.4292113e+002  1.4438541e+002  1.2110825e+002  1.4600243e+002
  1.6133333e+000  1.4094139e+002  1.4249641e+002  6.3323315e+001  9.0885582e+001  1.4294045e+002  1.4436902e+002  1.2056300e+002  1.4620227e+002
  1.6200000e+000  1.4085188e+002  1.4242442e+002  6.3392788e+001  9.1431908e+001  1.4297389e+002  1.4432474e+002  1.2052932e+002  1.4644367e+002
  1.6266667e+000  1.4076004e+002  1.4237441e+002  6.3584579e+001  9.1949234e+001  1.4299319e+002  1.4431328e+002  1.2091942e+002  1.4666260e+002
  1.6333333e+000  1.4069283e+002  1.4234897e+002  6.3781078e+001  9.2470375e+001  1.4303345e+002  1.4432611e+002  1.2086264e+002  1.4690001e+002
  1.6400000e+000  1.4069579e+002  1.4237218e+002  6.3996197e+001  9.2994606e+001  1.4298879e+002  1.4437665e+002  1.2029949e+002  1.4718767e+002
  1.6466667e+000  1.4065144e+002  1.4228767e+002  6.4229805e+001  9.3534409e+001  1.4291653e+002  1.4434445e+002  1.2028696e+002  1.4746783e+002
  1.6533333e+000  1.4056390e+002  1.4229984e+002  6.4474815e+001  9.4152847e+001  1.4290952e+002  1.4434966e+002  1.2072781e+002  1.4773689e+002
  1.6600000e+000  1.4055331e+002  1.4228485e+002  6.4750664e+001  9.4808884e+001  1.4294368e+002  1.4432954e+002  1.2063983e+002  1.4800668e+002
  1.6666667e+000  1.4048250e+002  1.4220128e+002  6.5086029e+001  9.5426971e+001  1.4297316e+002  1.4429652e+002  1.2013941e+002  1.4822423e+002
  1.6733333e+000  1.4044443e+002  1.4215515e+002  6.5439552e+001  9.6019463e+001  1.4296834e+002  1.4430667e+002  1.2058228e+002  1.4844206e+002
  1.6800000e+000  1.4044191e+002  1.4211755e+002  6.5848152e+001  9.6606781e+001  1.4293069e+002  1.4432693e+002  1.2058749e+002  1.4869653e+002
  1.6866667e+000  1.4037264e+002  1.4203000e+002  6.6316429e+001  9.7227303e+001  1.4290163e+002  1.4438271e+002  1.2017774e+002  1.4892770e+002
  1.6933333e+000  1.4038568e+002  1.4195215e+002  6.6896584e+001  9.7850456e+001  1.4288823e+002  1.4435463e+002  1.2014626e+002  1.4913800e+002
  1.7000000e+000  1.4035622e+002  1.4189121e+002  6.7603752e+001  9.8487213e+001  1.4291548e+002  1.4430804e+002  1.2016180e+002  1.4938049e+002
  1.7066667e+000  1.4034236e+002  1.4186508e+002  6.8431656e+001  9.9196205e+001  1.4285765e+002  1.4426961e+002  1.2025046e+002  1.4961618e+002
  1.7133333e+000  1.4036633e+002  1.4177953e+002  6.9387985e+001  9.9914177e+001  1.4282916e+002  1.4426053e+002  1.2031753e+002  1.4982298e+002
  1.7200000e+000  1.4029636e+002  1.4176569e+002  7.0439224e+001  1.0061307e+002  1.4287811e+002  1.4436656e+002  1.2039065e+002  1.5004497e+002
  1.7266667e+000  1.4025816e+002  1.4172461e+002  7.1589813e+001  1.0130451e+002  1.4285893e+002  1.4441573e+002  1.2045638e+002  1.5024287e+002
  1.7333333e+000  1.4022803e+002  1.4175923e+002  7.2808281e+001  1.0202840e+002  1.4286781e+002  1.4428459e+002  1.2051422e+002  1.5041875e+002
  1.7400000e+000  1.4015944e+002  1.4177219e+002  7.4071785e+001  1.0276943e+002  1.4289828e+002  1.4422902e+002  1.2061986e+002  1.5062363e+002
  1.7466667e+000  1.4006456e+002  1.4166570e+002  7.5370010e+001  1.0349531e+002  1.4283847e+002  1.4425385e+002  1.2077853e+002  1.5082487e+002
  1.7533333e+000  1.4000385e+002  1.4157469e+002  7.6691597e+001  1.0423312e+002  1.4277660e+002  1.4425932e+002  1.2092136e+002  1.5102217e+002
  1.7600000e+000  1.3997926e+002  1.4153282e+002  7.8075058e+001  1.0497158e+002  1.4278647e+002  1.4424510e+002  1.2110663e+002  1.5122198e+002
  1.7666667e+000  1.4000011e+002  1.4151395e+002  7.9546974e+001  1.0569534e+002  1.4284381e+002  1.4424811e+002  1.2131348e+002  1.5143163e+002
  1.7733333e+000  1.4003354e+002  1.4143622e+002  8.1120132e+001  1.0643407e+002  1.4290082e+002  1.4429236e+002  1.2145416e+002  1.5162657e+002
  1.7800000e+000  1.3995776e+002  1.4139824e+002  8.2808380e+001  1.0722234e+002  1.4295737e+002  1.4433917e+002  1.2192598e+002  1.5176386e+002
  1.7866667e+000  1.3993495e+002  1.4136891e+002  8.4585464e+001  1.0798654e+002  1.4292616e+002  1.4435899e+002  1.2211147e+002  1.5187205e+002
  1.7933333e+000  1.3988858e+002  1.4130537e+002  8.6443779e+001  1.0874647e+002  1.4294124e+002  1.4438393e+002  1.2228692e+002  1.5198248e+002
  1.8000000e+000  1.3982231e+002  1.4123763e+002  8.8330360e+001  1.0952307e+002  1.4287459e+002  1.4438019e+002  1.2259340e+002  1.5212158e+002
  1.8066667e+000  1.3973929e+002  1.4115566e+002  8.9764267e+001  1.1037401e+002  1.4289073e+002  1.4428950e+002  1.2277417e+002  1.5221344e+002
  1.8133333e+000  1.3975552e+002  1.4110886e+002  9.2095932e+001  1.1122682e+002  1.4298479e+002  1.4428798e+002  1.2298570e+002  1.5226001e+002
  1.8200000e+000  1.3976357e+002  1.4114000e+002  9.3824593e+001  1.1202441e+002  1.4303072e+002  1.4426691e+002  1.2322418e+002  1.5228763e+002
  1.8266667e+000  1.3980136e+002  1.4106601e+002  9.5486839e+001  1.1282909e+002  1.4306285e+002  1.4425792e+002  1.2349159e+002  1.5234258e+002
  1.8333333e+000  1.3982542e+002  1.4103026e+002  9.7128601e+001  1.1363277e+002  1.4305345e+002  1.4428340e+002  1.2375697e+002  1.5239836e+002
  1.8400000e+000  1.3979936e+002  1.4100548e+002  9.8700760e+001  1.1442769e+002  1.4310298e+002  1.4429555e+002  1.2397072e+002  1.5241516e+002
  1.8466667e+000  1.3982292e+002  1.4093716e+002  1.0019242e+002  1.1529581e+002  1.4314792e+002  1.4429710e+002  1.2425975e+002  1.5245560e+002
  1.8533333e+000  1.3977588e+002  1.4085057e+002  1.0172908e+002  1.1614445e+002  1.4313655e+002  1.4425189e+002  1.2457678e+002  1.5245732e+002
  1.8600000e+000  1.3972644e+002  1.4076915e+002  1.0331392e+002  1.1699361e+002  1.4311836e+002  1.4419220e+002  1.2486279e+002  1.5245999e+002
  1.8666667e+000  1.3963199e+002  1.4075124e+002  1.0490807e+002  1.1784273e+002  1.4317484e+002  1.4415657e+002  1.2519916e+002  1.5251492e+002
  1.8733333e+000  1.3949249e+002  1.4074481e+002  1.0652923e+002  1.1870996e+002  1.4322214e+002  1.4412917e+002  1.2551000e+002  1.5256699e+002
  1.8800000e+000  1.3950218e+002  1.4072423e+002  1.0822820e+002  1.1960319e+002  1.4323758e+002  1.4416196e+002  1.2583043e+002  1.5258339e+002
  1.8866667e+000  1.3956718e+002  1.4073123e+002  1.0958994e+002  1.2047793e+002  1.4326346e+002  1.4415227e+002  1.2616946e+002  1.5256358e+002
  1.8933333e+000  1.3951901e+002  1.4073108e+002  1.1146928e+002  1.2136671e+002  1.4326623e+002  1.4409581e+002  1.2647960e+002  1.5259123e+002
  1.9000000e+000  1.3946137e+002  1.4070476e+002  1.1380061e+002  1.2224667e+002  1.4326994e+002  1.4416368e+002  1.2680750e+002  1.5263945e+002
  1.9066667e+000  1.3940170e+002  1.4068349e+002  1.1576968e+002  1.2323365e+002  1.4332062e+002  1.4416550e+002  1.2715130e+002  1.5264011e+002
  1.9133333e+000  1.3937797e+002  1.4067421e+002  1.1784811e+002  1.2420307e+002  1.4336966e+002  1.4403345e+002  1.2756735e+002  1.5263390e+002
  1.9200000e+000  1.3943720e+002  1.4062448e+002  1.1996275e+002  1.2511261e+002  1.4341341e+002  1.4406303e+002  1.2798485e+002  1.5266576e+002
  1.9266667e+000  1.3937665e+002  1.4053970e+002  1.2203498e+002  1.2603117e+002  1.4347472e+002  1.4414850e+002  1.2837842e+002  1.5268346e+002
  1.9333333e+000  1.3930501e+002  1.4048570e+002  1.2409305e+002  1.2701669e+002  1.4353554e+002  1.4407278e+002  1.2878027e+002  1.5267493e+002
  1.9400000e+000  1.3943137e+002  1.4054211e+002  1.2608644e+002  1.2802864e+002  1.4357617e+002  1.4401889e+002  1.2918724e+002  1.5270944e+002
  1.9466667e+000  1.3944234e+002  1.4051158e+002  1.2800310e+002  1.2902644e+002  1.4356343e+002  1.4394641e+002  1.2960632e+002  1.5275020e+002
  1.9533333e+000  1.3932484e+002  1.4050784e+002  1.2985921e+002  1.3000455e+002  1.4361130e+002  1.4395725e+002  1.3003632e+002  1.5275021e+002
  1.9600000e+000  1.3935379e+002  1.4049838e+002  1.3163040e+002  1.3097786e+002  1.4361490e+002  1.4401999e+002  1.3049573e+002  1.5273665e+002
  1.9666667e+000  1.3942906e+002  1.4048366e+002  1.3338684e+002  1.3198538e+002  1.4360027e+002  1.4400247e+002  1.3093692e+002  1.5269748e+002
  1.9733333e+000  1.3934705e+002  1.4044789e+002  1.3508166e+002  1.3300003e+002  1.4363333e+002  1.4403484e+002  1.3139523e+002  1.5270715e+002
  1.9800000e+000  1.3926926e+002  1.4034369e+002  1.3675534e+002  1.3399780e+002  1.4367342e+002  1.4398009e+002  1.3188434e+002  1.5273730e+002
  1.9866667e+000  1.3932666e+002  1.4033582e+002  1.3847543e+002  1.3500380e+002  1.4365280e+002  1.4387093e+002  1.3236523e+002  1.5271436e+002
  1.9933333e+000  1.3936949e+002  1.4032838e+002  1.4020950e+002  1.3600719e+002  1.4364125e+002  1.4385518e+002  1.3286165e+002  1.5264841e+002
  2.0000000e+000  1.3937227e+002  1.4029732e+002  1.4198862e+002  1.3704665e+002  1.4369685e+002  1.4387563e+002  1.3334572e+002  1.5263266e+002
