 -5.0000000e-001 -1.8202879e+001 -1.8335827e+001 -1.9097017e+001 -1.9407085e+001 -1.9714548e+001 -1.9018721e+001 -1.9029690e+001
 -4.9333333e-001 -1.8199785e+001 -1.8334032e+001 -1.9079645e+001 -1.9392670e+001 -1.9720716e+001 -1.9023788e+001 -1.9036797e+001
 -4.8666667e-001 -1.8188269e+001 -1.8338371e+001 -1.9100502e+001 -1.9386883e+001 -1.9741705e+001 -1.9024742e+001 -1.9025681e+001
 -4.8000000e-001 -1.8182718e+001 -1.8339655e+001 -1.9094404e+001 -1.9407480e+001 -1.9771627e+001 -1.9030540e+001 -1.9029543e+001
 -4.7333333e-001 -1.8203156e+001 -1.8337992e+001 -1.9091362e+001 -1.9409647e+001 -1.9774652e+001 -1.9027311e+001 -1.9038033e+001
 -4.6666667e-001 -1.8198666e+001 -1.8333445e+001 -1.9103279e+001 -1.9393915e+001 -1.9768494e+001 -1.9015417e+001 -1.9054554e+001
 -4.6000000e-001 -1.8188860e+001 -1.8352402e+001 -1.9084023e+001 -1.9393393e+001 -1.9772823e+001 -1.9010834e+001 -1.9052298e+001
 -4.5333333e-001 -1.8193174e+001 -1.8336189e+001 -1.9077831e+001 -1.9373087e+001 -1.9756336e+001 -1.8997860e+001 -1.9042494e+001
 -4.4666667e-001 -1.8199938e+001 -1.8341423e+001 -1.9079887e+001 -1.9369322e+001 -1.9733566e+001 -1.8996391e+001 -1.9042881e+001
 -4.4000000e-001 -1.8196587e+001 -1.8362823e+001 -1.9073606e+001 -1.9376997e+001 -1.9767559e+001 -1.9023792e+001 -1.9025234e+001
 -4.3333333e-001 -1.8193169e+001 -1.8359501e+001 -1.9059570e+001 -1.9409025e+001 -1.9761826e+001 -1.9039042e+001 -1.9030087e+001
 -4.2666667e-001 -1.8183800e+001 -1.8347757e+001 -1.9062468e+001 -1.9392639e+001 -1.9742716e+001 -1.9042896e+001 -1.9038084e+001
 -4.2000000e-001 -1.8191090e+001 -1.8336437e+001 -1.9069351e+001 -1.9374495e+001 -1.9740665e+001 -1.9050423e+001 -1.9057201e+001
 -4.1333333e-001 -1.8193518e+001 -1.8336590e+001 -1.9072117e+001 -1.9375605e+001 -1.9742516e+001 -1.9029898e+001 -1.9027567e+001
 -4.0666667e-001 -1.8190664e+001 -1.8343027e+001 -1.9069658e+001 -1.9374226e+001 -1.9751230e+001 -1.9019093e+001 -1.9021080e+001
 -4.0000000e-001 -1.8167162e+001 -1.8340303e+001 -1.9089605e+001 -1.9372791e+001 -1.9756611e+001 -1.9023468e+001 -1.9024059e+001
 -3.9333333e-001 -1.8200285e+001 -1.8342796e+001 -1.9093065e+001 -1.9385607e+001 -1.9745615e+001 -1.9012838e+001 -1.9033651e+001
 -3.8666667e-001 -1.8175116e+001 -1.8350506e+001 -1.9070658e+001 -1.9359331e+001 -1.9749317e+001 -1.9011782e+001 -1.9018389e+001
 -3.8000000e-001 -1.8171574e+001 -1.8329424e+001 -1.9076641e+001 -1.9351519e+001 -1.9759779e+001 -1.9019678e+001 -1.9015234e+001
 -3.7333333e-001 -1.8183022e+001 -1.8318998e+001 -1.9072893e+001 -1.9366644e+001 -1.9760544e+001 -1.8999559e+001 -1.9014194e+001
 -3.6666667e-001 -1.8190939e+001 -1.8327681e+001 -1.9065498e+001 -1.9369434e+001 -1.9749399e+001 -1.9001087e+001 -1.9014477e+001
 -3.6000000e-001 -1.8206615e+001 -1.8328997e+001 -1.9083935e+001 -1.9375513e+001 -1.9761217e+001 -1.9032930e+001 -1.8998037e+001
 -3.5333333e-001 -1.8193665e+001 -1.8332129e+001 -1.9098705e+001 -1.9362307e+001 -1.9768295e+001 -1.9009970e+001 -1.8984524e+001
 -3.4666667e-001 -1.8182444e+001 -1.8329884e+001 -1.9087061e+001 -1.9360277e+001 -1.9753084e+001 -1.8984867e+001 -1.9001448e+001
 -3.4000000e-001 -1.8210476e+001 -1.8327740e+001 -1.9084085e+001 -1.9370533e+001 -1.9756889e+001 -1.8998272e+001 -1.8997694e+001
 -3.3333333e-001 -1.8181070e+001 -1.8338888e+001 -1.9079288e+001 -1.9380045e+001 -1.9742050e+001 -1.9022711e+001 -1.8985064e+001
 -3.2666667e-001 -1.8197954e+001 -1.8335617e+001 -1.9080633e+001 -1.9379587e+001 -1.9752476e+001 -1.9017591e+001 -1.8988935e+001
 -3.2000000e-001 -1.8212021e+001 -1.8339827e+001 -1.9085587e+001 -1.9369608e+001 -1.9750887e+001 -1.9005552e+001 -1.8979368e+001
 -3.1333333e-001 -1.8210310e+001 -1.8329695e+001 -1.9079422e+001 -1.9349039e+001 -1.9759186e+001 -1.9004129e+001 -1.8991060e+001
 -3.0666667e-001 -1.8207067e+001 -1.8342503e+001 -1.9080103e+001 -1.9362900e+001 -1.9738010e+001 -1.9001230e+001 -1.8986759e+001
 -3.0000000e-001 -1.8208733e+001 -1.8350704e+001 -1.9088852e+001 -1.9359484e+001 -1.9736074e+001 -1.9003153e+001 -1.8981689e+001
 -2.9333333e-001 -1.8210981e+001 -1.8341702e+001 -1.9088333e+001 -1.9364109e+001 -1.9759373e+001 -1.8998056e+001 -1.8974760e+001
 -2.8666667e-001 -1.8183821e+001 -1.8339821e+001 -1.9074490e+001 -1.9373718e+001 -1.9766922e+001 -1.8997662e+001 -1.8971416e+001
 -2.8000000e-001 -1.8205893e+001 -1.8342669e+001 -1.9065649e+001 -1.9365980e+001 -1.9750774e+001 -1.8987963e+001 -1.8960119e+001
 -2.7333333e-001 -1.8214594e+001 -1.8351667e+001 -1.9096590e+001 -1.9352568e+001 -1.9742842e+001 -1.8984961e+001 -1.8965864e+001
 -2.6666667e-001 -1.8229185e+001 -1.8339134e+001 -1.9083242e+001 -1.9351669e+001 -1.9761141e+001 -1.8977890e+001 -1.8957087e+001
 -2.6000000e-001 -1.8216162e+001 -1.8334877e+001 -1.9090364e+001 -1.9368011e+001 -1.9749763e+001 -1.8972338e+001 -1.8962334e+001
 -2.5333333e-001 -1.8202955e+001 -1.8338724e+001 -1.9083614e+001 -1.9370312e+001 -1.9747807e+001 -1.8982510e+001 -1.8981365e+001
 -2.4666667e-001 -1.8189211e+001 -1.8332205e+001 -1.9096497e+001 -1.9400343e+001 -1.9750589e+001 -1.8972996e+001 -1.8984463e+001
 -2.4000000e-001 -1.8184290e+001 -1.8343018e+001 -1.9094978e+001 -1.9379128e+001 -1.9735125e+001 -1.8958183e+001 -1.8997076e+001
 -2.3333333e-001 -1.8193569e+001 -1.8329416e+001 -1.9070444e+001 -1.9381300e+001 -1.9740322e+001 -1.8963184e+001 -1.8982870e+001
 -2.2666667e-001 -1.8206049e+001 -1.8347208e+001 -1.9072197e+001 -1.9386007e+001 -1.9771938e+001 -1.8944620e+001 -1.8991699e+001
 -2.2000000e-001 -1.8211926e+001 -1.8337273e+001 -1.9067766e+001 -1.9381775e+001 -1.9764528e+001 -1.8962627e+001 -1.8977968e+001
 -2.1333333e-001 -1.8187847e+001 -1.8343689e+001 -1.9071669e+001 -1.9369604e+001 -1.9749987e+001 -1.8990479e+001 -1.8973886e+001
 -2.0666667e-001 -1.8215303e+001 -1.8345200e+001 -1.9077517e+001 -1.9359705e+001 -1.9760952e+001 -1.8978857e+001 -1.8972815e+001
 -2.0000000e-001 -1.8233608e+001 -1.8350315e+001 -1.9092813e+001 -1.9368431e+001 -1.9747513e+001 -1.8951584e+001 -1.8972097e+001
 -1.9333333e-001 -1.8230150e+001 -1.8340435e+001 -1.9096010e+001 -1.9392654e+001 -1.9751457e+001 -1.8941717e+001 -1.8981102e+001
 -1.8666667e-001 -1.8218943e+001 -1.8344986e+001 -1.9092642e+001 -1.9387653e+001 -1.9767122e+001 -1.8939205e+001 -1.8985832e+001
 -1.8000000e-001 -1.8209595e+001 -1.8325960e+001 -1.9043030e+001 -1.9362705e+001 -1.9760994e+001 -1.8957239e+001 -1.8996746e+001
 -1.7333333e-001 -1.8210081e+001 -1.8335535e+001 -1.9054918e+001 -1.9366894e+001 -1.9758965e+001 -1.8957335e+001 -1.8980625e+001
 -1.6666667e-001 -1.8200562e+001 -1.8332212e+001 -1.9073332e+001 -1.9347717e+001 -1.9761679e+001 -1.8969488e+001 -1.8988779e+001
 -1.6000000e-001 -1.8208759e+001 -1.8325735e+001 -1.9074543e+001 -1.9371838e+001 -1.9780476e+001 -1.8959440e+001 -1.8983915e+001
 -1.5333333e-001 -1.8218880e+001 -1.8305277e+001 -1.9061626e+001 -1.9375814e+001 -1.9776897e+001 -1.8947174e+001 -1.8982519e+001
 -1.4666667e-001 -1.8224541e+001 -1.8337807e+001 -1.9068054e+001 -1.9355062e+001 -1.9764061e+001 -1.8945396e+001 -1.8993916e+001
 -1.4000000e-001 -1.8204100e+001 -1.8340223e+001 -1.9059029e+001 -1.9366924e+001 -1.9765635e+001 -1.8950186e+001 -1.9001940e+001
 -1.3333333e-001 -1.8209991e+001 -1.8322905e+001 -1.9072466e+001 -1.9365381e+001 -1.9764042e+001 -1.8952122e+001 -1.8997259e+001
 -1.2666667e-001 -1.8200907e+001 -1.8335596e+001 -1.9073477e+001 -1.9374372e+001 -1.9743021e+001 -1.8941822e+001 -1.8992935e+001
 -1.2000000e-001 -1.8178480e+001 -1.8334740e+001 -1.9052811e+001 -1.9366318e+001 -1.9739056e+001 -1.8949701e+001 -1.8998926e+001
 -1.1333333e-001 -1.8182688e+001 -1.8331785e+001 -1.9069895e+001 -1.9355925e+001 -1.9758606e+001 -1.8933966e+001 -1.9012535e+001
 -1.0666667e-001 -1.8212006e+001 -1.8333788e+001 -1.9063204e+001 -1.9368538e+001 -1.9755304e+001 -1.8936602e+001 -1.8998648e+001
 -1.0000000e-001 -1.8220930e+001 -1.8343990e+001 -1.9044636e+001 -1.9359659e+001 -1.9766510e+001 -1.8963846e+001 -1.8991955e+001
 -9.3333333e-002 -1.8213057e+001 -1.8349777e+001 -1.9041523e+001 -1.9369114e+001 -1.9772116e+001 -1.8941362e+001 -1.8983200e+001
 -8.6666667e-002 -1.8212473e+001 -1.8347319e+001 -1.9055998e+001 -1.9371857e+001 -1.9758348e+001 -1.8929401e+001 -1.8981155e+001
 -8.0000000e-002 -1.8208033e+001 -1.8337749e+001 -1.9045630e+001 -1.9375700e+001 -1.9740387e+001 -1.8931440e+001 -1.8996250e+001
 -7.3333333e-002 -1.8206560e+001 -1.8344151e+001 -1.9041109e+001 -1.9378906e+001 -1.9727612e+001 -1.8919443e+001 -1.8992090e+001
 -6.6666667e-002 -1.8202995e+001 -1.8346285e+001 -1.9040718e+001 -1.9363352e+001 -1.9745836e+001 -1.8944847e+001 -1.8979864e+001
 -6.0000000e-002 -1.8186583e+001 -1.8340189e+001 -1.9055347e+001 -1.9391630e+001 -1.9761284e+001 -1.8941992e+001 -1.8973230e+001
 -5.3333333e-002 -1.8190380e+001 -1.8340067e+001 -1.9046003e+001 -1.9395769e+001 -1.9751501e+001 -1.8934559e+001 -1.8953405e+001
 -4.6666667e-002 -1.8209961e+001 -1.8340372e+001 -1.9034800e+001 -1.9380142e+001 -1.9751858e+001 -1.8914824e+001 -1.8943996e+001
 -4.0000000e-002 -1.8186953e+001 -1.8336542e+001 -1.9028139e+001 -1.9369856e+001 -1.9758492e+001 -1.8901037e+001 -1.8977674e+001
 -3.3333333e-002 -1.8179300e+001 -1.8333117e+001 -1.9028280e+001 -1.9353668e+001 -1.9778030e+001 -1.8925182e+001 -1.8958084e+001
 -2.6666667e-002 -1.8178230e+001 -1.8348665e+001 -1.9036180e+001 -1.9353209e+001 -1.9763552e+001 -1.8900986e+001 -1.8967472e+001
 -2.0000000e-002 -1.8176859e+001 -1.8350719e+001 -1.9040005e+001 -1.9367563e+001 -1.9763678e+001 -1.8922028e+001 -1.8985031e+001
 -1.3333333e-002 -1.8188465e+001 -1.8335184e+001 -1.9044559e+001 -1.9356880e+001 -1.9775024e+001 -1.8952990e+001 -1.8964680e+001
 -6.6666667e-003 -1.8197590e+001 -1.8344498e+001 -1.9041632e+001 -1.9365622e+001 -1.9735807e+001 -1.8934938e+001 -1.8978785e+001
  0.0000000e+000 -1.8193933e+001 -1.8345213e+001 -1.9016300e+001 -1.9369995e+001 -1.9760439e+001 -1.8929045e+001 -1.8977209e+001
  6.6666667e-003 -1.8192410e+001 -1.8351345e+001 -1.9036463e+001 -1.9359112e+001 -1.9763254e+001 -1.8919191e+001 -1.8963655e+001
  1.3333333e-002 -1.8178116e+001 -1.8368479e+001 -1.9044075e+001 -1.9343693e+001 -1.9758821e+001 -1.8920330e+001 -1.8975542e+001
  2.0000000e-002 -1.8147001e+001 -1.8345388e+001 -1.9034643e+001 -1.9336943e+001 -1.9744890e+001 -1.8914392e+001 -1.8956030e+001
  2.6666667e-002 -1.8111088e+001 -1.8319721e+001 -1.8992208e+001 -1.9335024e+001 -1.9738903e+001 -1.8881300e+001 -1.8941511e+001
  3.3333333e-002 -1.8102646e+001 -1.8293612e+001 -1.8982363e+001 -1.9306997e+001 -1.9700022e+001 -1.8845882e+001 -1.8919317e+001
  4.0000000e-002 -1.8066391e+001 -1.8249960e+001 -1.8951973e+001 -1.9243681e+001 -1.9658369e+001 -1.8821394e+001 -1.8867682e+001
  4.6666667e-002 -1.8032249e+001 -1.8224527e+001 -1.8922567e+001 -1.9205153e+001 -1.9627495e+001 -1.8781237e+001 -1.8854086e+001
  5.3333333e-002 -1.7936798e+001 -1.8175064e+001 -1.8878998e+001 -1.9137335e+001 -1.9603565e+001 -1.8738995e+001 -1.8823704e+001
  6.0000000e-002 -1.7925920e+001 -1.8141840e+001 -1.8835596e+001 -1.9081377e+001 -1.9580887e+001 -1.8704573e+001 -1.8797689e+001
  6.6666667e-002 -1.7936743e+001 -1.8129250e+001 -1.8815460e+001 -1.9052460e+001 -1.9584183e+001 -1.8693640e+001 -1.8776464e+001
  7.3333333e-002 -1.7922674e+001 -1.8112619e+001 -1.8766365e+001 -1.9039867e+001 -1.9564589e+001 -1.8675095e+001 -1.8771029e+001
  8.0000000e-002 -1.7947510e+001 -1.8091902e+001 -1.8743015e+001 -1.9038099e+001 -1.9560936e+001 -1.8681257e+001 -1.8757658e+001
  8.6666667e-002 -1.7942276e+001 -1.8089010e+001 -1.8747864e+001 -1.9030214e+001 -1.9555122e+001 -1.8685671e+001 -1.8759144e+001
  9.3333333e-002 -1.7926859e+001 -1.8095020e+001 -1.8758411e+001 -1.9022800e+001 -1.9558619e+001 -1.8670204e+001 -1.8747564e+001
  1.0000000e-001 -1.7896620e+001 -1.8098700e+001 -1.8757751e+001 -1.8987570e+001 -1.9548717e+001 -1.8634224e+001 -1.8739201e+001
  1.0666667e-001 -1.7843161e+001 -1.8114855e+001 -1.8744583e+001 -1.8947664e+001 -1.9533133e+001 -1.8617292e+001 -1.8713804e+001
  1.1333333e-001 -1.7791845e+001 -1.8078405e+001 -1.8718149e+001 -1.8865017e+001 -1.9501890e+001 -1.8574104e+001 -1.8675365e+001
  1.2000000e-001 -1.7748114e+001 -1.8044252e+001 -1.8695580e+001 -1.8766394e+001 -1.9469448e+001 -1.8530895e+001 -1.8632902e+001
  1.2666667e-001 -1.7721720e+001 -1.7984873e+001 -1.8670773e+001 -1.8687744e+001 -1.9438608e+001 -1.8503157e+001 -1.8565212e+001
  1.3333333e-001 -1.7716524e+001 -1.7941973e+001 -1.8636919e+001 -1.8638256e+001 -1.9440298e+001 -1.8495415e+001 -1.8530493e+001
  1.4000000e-001 -1.7711876e+001 -1.7910824e+001 -1.8632126e+001 -1.8587532e+001 -1.9432142e+001 -1.8488344e+001 -1.8515806e+001
  1.4666667e-001 -1.7696068e+001 -1.7895018e+001 -1.8645227e+001 -1.8589067e+001 -1.9414146e+001 -1.8457935e+001 -1.8478380e+001
  1.5333333e-001 -1.7664398e+001 -1.7901770e+001 -1.8630827e+001 -1.8629408e+001 -1.9422312e+001 -1.8469839e+001 -1.8443644e+001
  1.6000000e-001 -1.7635775e+001 -1.7889517e+001 -1.8638575e+001 -1.8692558e+001 -1.9402180e+001 -1.8490547e+001 -1.8398321e+001
  1.6666667e-001 -1.7613821e+001 -1.7880396e+001 -1.8622194e+001 -1.8755411e+001 -1.9371916e+001 -1.8480154e+001 -1.8404827e+001
  1.7333333e-001 -1.7590940e+001 -1.7907324e+001 -1.8584866e+001 -1.8796873e+001 -1.9317139e+001 -1.8457289e+001 -1.8353477e+001
  1.8000000e-001 -1.7557180e+001 -1.7900688e+001 -1.8577358e+001 -1.8799459e+001 -1.9262465e+001 -1.8417816e+001 -1.8270868e+001
  1.8666667e-001 -1.7527094e+001 -1.7907326e+001 -1.8574570e+001 -1.8791361e+001 -1.9242926e+001 -1.8413860e+001 -1.8232618e+001
  1.9333333e-001 -1.7530125e+001 -1.7954477e+001 -1.8572206e+001 -1.8755676e+001 -1.9264359e+001 -1.8427635e+001 -1.8165922e+001
  2.0000000e-001 -1.7556637e+001 -1.7995537e+001 -1.8576452e+001 -1.8732521e+001 -1.9319157e+001 -1.8448334e+001 -1.8111458e+001
  2.0666667e-001 -1.7611805e+001 -1.8026148e+001 -1.8578426e+001 -1.8799015e+001 -1.9411739e+001 -1.8560205e+001 -1.8097591e+001
  2.1333333e-001 -1.7725977e+001 -1.8062422e+001 -1.8619869e+001 -1.8880806e+001 -1.9485933e+001 -1.8692099e+001 -1.8114948e+001
  2.2000000e-001 -1.7993961e+001 -1.8126883e+001 -1.8646284e+001 -1.9059345e+001 -1.9530313e+001 -1.8883757e+001 -1.8163836e+001
  2.2666667e-001 -1.8332088e+001 -1.8229219e+001 -1.8712234e+001 -1.9306391e+001 -1.9635492e+001 -1.9100327e+001 -1.8302309e+001
  2.3333333e-001 -1.8758133e+001 -1.8350157e+001 -1.8796366e+001 -1.9557169e+001 -1.9783131e+001 -1.9385754e+001 -1.8507582e+001
  2.4000000e-001 -1.9256979e+001 -1.8525625e+001 -1.8890411e+001 -1.9838575e+001 -1.9958023e+001 -1.9733242e+001 -1.8747894e+001
  2.4666667e-001 -1.9826038e+001 -1.8721508e+001 -1.9001701e+001 -2.0184542e+001 -2.0185417e+001 -2.0133837e+001 -1.9081070e+001
  2.5333333e-001 -2.0427254e+001 -1.8893236e+001 -1.9134731e+001 -2.0496738e+001 -2.0456930e+001 -2.0566580e+001 -1.9452507e+001
  2.6000000e-001 -2.1031860e+001 -1.9108953e+001 -1.9313437e+001 -2.0871073e+001 -2.0690907e+001 -2.1014214e+001 -1.9839561e+001
  2.6666667e-001 -2.1639565e+001 -1.9288292e+001 -1.9508883e+001 -2.1232740e+001 -2.0938498e+001 -2.1443789e+001 -2.0259771e+001
  2.7333333e-001 -2.2218668e+001 -1.9455433e+001 -1.9709225e+001 -2.1549429e+001 -2.1168427e+001 -2.1838732e+001 -2.0690990e+001
  2.8000000e-001 -2.2773333e+001 -1.9668175e+001 -1.9931227e+001 -2.1904568e+001 -2.1414103e+001 -2.2256651e+001 -2.1124645e+001
  2.8666667e-001 -2.3270267e+001 -1.9886786e+001 -2.0167183e+001 -2.2281038e+001 -2.1675596e+001 -2.2663725e+001 -2.1588877e+001
  2.9333333e-001 -2.3801868e+001 -2.0131830e+001 -2.0416607e+001 -2.2656742e+001 -2.1933611e+001 -2.3070894e+001 -2.2021397e+001
  3.0000000e-001 -2.4262934e+001 -2.0371269e+001 -2.0655540e+001 -2.3035612e+001 -2.2178696e+001 -2.3480312e+001 -2.2488605e+001
  3.0666667e-001 -2.4726412e+001 -2.0602888e+001 -2.0914093e+001 -2.3434429e+001 -2.2401018e+001 -2.3949022e+001 -2.2951054e+001
  3.1333333e-001 -2.5206665e+001 -2.0844858e+001 -2.1206890e+001 -2.3804344e+001 -2.2619675e+001 -2.4441862e+001 -2.3425648e+001
  3.2000000e-001 -2.5684916e+001 -2.1105387e+001 -2.1480122e+001 -2.4217157e+001 -2.2849070e+001 -2.5044437e+001 -2.3949516e+001
  3.2666667e-001 -2.6192207e+001 -2.1416918e+001 -2.1815247e+001 -2.4623478e+001 -2.3087440e+001 -2.5672039e+001 -2.4482418e+001
  3.3333333e-001 -2.6714338e+001 -2.1729437e+001 -2.2187960e+001 -2.5051340e+001 -2.3326134e+001 -2.6288122e+001 -2.5093546e+001
  3.4000000e-001 -2.7261271e+001 -2.2042751e+001 -2.2577829e+001 -2.5474974e+001 -2.3608473e+001 -2.6928486e+001 -2.5775852e+001
  3.4666667e-001 -2.7757915e+001 -2.2359390e+001 -2.2979984e+001 -2.5862171e+001 -2.3891422e+001 -2.7485573e+001 -2.6469006e+001
  3.5333333e-001 -2.8229515e+001 -2.2654749e+001 -2.3390495e+001 -2.6231993e+001 -2.4154810e+001 -2.8042839e+001 -2.7238895e+001
  3.6000000e-001 -2.8632435e+001 -2.2974878e+001 -2.3812153e+001 -2.6601061e+001 -2.4370180e+001 -2.8564978e+001 -2.7962233e+001
  3.6666667e-001 -2.9036808e+001 -2.3273199e+001 -2.4283665e+001 -2.6954357e+001 -2.4601538e+001 -2.9068459e+001 -2.8663042e+001
  3.7333333e-001 -2.9456154e+001 -2.3578764e+001 -2.4741665e+001 -2.7220205e+001 -2.4728537e+001 -2.9575157e+001 -2.9391333e+001
  3.8000000e-001 -2.9869860e+001 -2.3812178e+001 -2.5230665e+001 -2.7423702e+001 -2.4876415e+001 -3.0053289e+001 -3.0049410e+001
  3.8666667e-001 -3.0237070e+001 -2.4005407e+001 -2.5693851e+001 -2.7625469e+001 -2.4998650e+001 -3.0498983e+001 -3.0650696e+001
  3.9333333e-001 -3.0626640e+001 -2.4186447e+001 -2.6152182e+001 -2.7781071e+001 -2.5103121e+001 -3.0865919e+001 -3.1198460e+001
  4.0000000e-001 -3.1055716e+001 -2.4383030e+001 -2.6628201e+001 -2.7914461e+001 -2.5196957e+001 -3.1201633e+001 -3.1696688e+001
  4.0666667e-001 -3.1437708e+001 -2.4574354e+001 -2.7074793e+001 -2.8037497e+001 -2.5262012e+001 -3.1506447e+001 -3.2156334e+001
  4.1333333e-001 -3.1832561e+001 -2.4708460e+001 -2.7511322e+001 -2.8212872e+001 -2.5333817e+001 -3.1775322e+001 -3.2587299e+001
  4.2000000e-001 -3.2218719e+001 -2.4822187e+001 -2.7915482e+001 -2.8383793e+001 -2.5449848e+001 -3.1948771e+001 -3.2993118e+001
  4.2666667e-001 -3.2591747e+001 -2.4929962e+001 -2.8306490e+001 -2.8545660e+001 -2.5499994e+001 -3.2132000e+001 -3.3368702e+001
  4.3333333e-001 -3.2917606e+001 -2.5009306e+001 -2.8645727e+001 -2.8719095e+001 -2.5504583e+001 -3.2254890e+001 -3.3710400e+001
  4.4000000e-001 -3.3196819e+001 -2.5075653e+001 -2.8922647e+001 -2.8858730e+001 -2.5516882e+001 -3.2359276e+001 -3.3952805e+001
  4.4666667e-001 -3.3442245e+001 -2.5099323e+001 -2.9124971e+001 -2.8962679e+001 -2.5512350e+001 -3.2387089e+001 -3.4176071e+001
  4.5333333e-001 -3.3648102e+001 -2.5142374e+001 -2.9308872e+001 -2.9064428e+001 -2.5507582e+001 -3.2434200e+001 -3.4330914e+001
  4.6000000e-001 -3.3820377e+001 -2.5153999e+001 -2.9489601e+001 -2.9120598e+001 -2.5488590e+001 -3.2416069e+001 -3.4435642e+001
  4.6666667e-001 -3.3974064e+001 -2.5114824e+001 -2.9586798e+001 -2.9182800e+001 -2.5468494e+001 -3.2401375e+001 -3.4500725e+001
  4.7333333e-001 -3.4066395e+001 -2.5101843e+001 -2.9712671e+001 -2.9283371e+001 -2.5432549e+001 -3.2335266e+001 -3.4548412e+001
  4.8000000e-001 -3.4134457e+001 -2.5082998e+001 -2.9864866e+001 -2.9428568e+001 -2.5404388e+001 -3.2264057e+001 -3.4550041e+001
  4.8666667e-001 -3.4186680e+001 -2.5057953e+001 -2.9988745e+001 -2.9551298e+001 -2.5386810e+001 -3.2156143e+001 -3.4550064e+001
  4.9333333e-001 -3.4258461e+001 -2.5062191e+001 -3.0129808e+001 -2.9653841e+001 -2.5388206e+001 -3.2122425e+001 -3.4583233e+001
  5.0000000e-001 -3.4238758e+001 -2.5040840e+001 -3.0252043e+001 -2.9778830e+001 -2.5388969e+001 -3.2118042e+001 -3.4593712e+001
  5.0666667e-001 -3.4196495e+001 -2.5086546e+001 -3.0313206e+001 -2.9934397e+001 -2.5354681e+001 -3.2094505e+001 -3.4633003e+001
  5.1333333e-001 -3.4123325e+001 -2.5140915e+001 -3.0406542e+001 -3.0081949e+001 -2.5358295e+001 -3.2085587e+001 -3.4639210e+001
  5.2000000e-001 -3.4019287e+001 -2.5200441e+001 -3.0545641e+001 -3.0180120e+001 -2.5330885e+001 -3.2068535e+001 -3.4649986e+001
  5.2666667e-001 -3.3971390e+001 -2.5297516e+001 -3.0657919e+001 -3.0291910e+001 -2.5303625e+001 -3.2082283e+001 -3.4647789e+001
  5.3333333e-001 -3.3939308e+001 -2.5452557e+001 -3.0812346e+001 -3.0409960e+001 -2.5302460e+001 -3.2114765e+001 -3.4686104e+001
  5.4000000e-001 -3.3961117e+001 -2.5593119e+001 -3.0981636e+001 -3.0508112e+001 -2.5302258e+001 -3.2129074e+001 -3.4750462e+001
  5.4666667e-001 -3.3991070e+001 -2.5753819e+001 -3.1107630e+001 -3.0607571e+001 -2.5316343e+001 -3.2146786e+001 -3.4821323e+001
  5.5333333e-001 -3.4035183e+001 -2.5912621e+001 -3.1293556e+001 -3.0689386e+001 -2.5359085e+001 -3.2188820e+001 -3.4883877e+001
  5.6000000e-001 -3.4109596e+001 -2.6127340e+001 -3.1496649e+001 -3.0758579e+001 -2.5396563e+001 -3.2205593e+001 -3.4931416e+001
  5.6666667e-001 -3.4169086e+001 -2.6365667e+001 -3.1678913e+001 -3.0817083e+001 -2.5420067e+001 -3.2238251e+001 -3.4955997e+001
  5.7333333e-001 -3.4259407e+001 -2.6613504e+001 -3.1852551e+001 -3.0879477e+001 -2.5480227e+001 -3.2283825e+001 -3.4956890e+001
  5.8000000e-001 -3.4413208e+001 -2.6874557e+001 -3.2061283e+001 -3.0906351e+001 -2.5555332e+001 -3.2346615e+001 -3.4963291e+001
  5.8666667e-001 -3.4585609e+001 -2.7177437e+001 -3.2269100e+001 -3.0953615e+001 -2.5645884e+001 -3.2414307e+001 -3.4988865e+001
  5.9333333e-001 -3.4771355e+001 -2.7498257e+001 -3.2500305e+001 -3.0974293e+001 -2.5746323e+001 -3.2501953e+001 -3.4992271e+001
  6.0000000e-001 -3.4930672e+001 -2.7828644e+001 -3.2709068e+001 -3.0993254e+001 -2.5867941e+001 -3.2539921e+001 -3.4964458e+001
  6.0666667e-001 -3.5121925e+001 -2.8170338e+001 -3.2928658e+001 -3.1046427e+001 -2.6009331e+001 -3.2613499e+001 -3.4943779e+001
  6.1333333e-001 -3.5358826e+001 -2.8492325e+001 -3.2854267e+001 -3.1085649e+001 -2.6179308e+001 -3.2681118e+001 -3.4948715e+001
  6.2000000e-001 -3.5614452e+001 -2.8826569e+001 -3.3031532e+001 -3.1086212e+001 -2.6370382e+001 -3.2769650e+001 -3.4934914e+001
  6.2666667e-001 -3.5955524e+001 -2.9150841e+001 -3.3225056e+001 -3.1113602e+001 -2.6520519e+001 -3.2844166e+001 -3.4950047e+001
  6.3333333e-001 -3.6299038e+001 -2.9528702e+001 -3.3618786e+001 -3.1159952e+001 -2.6713348e+001 -3.2916992e+001 -3.4988853e+001
  6.4000000e-001 -3.6700142e+001 -2.9885704e+001 -3.3753254e+001 -3.1251675e+001 -2.6969616e+001 -3.3001789e+001 -3.5057571e+001
  6.4666667e-001 -3.7133236e+001 -3.0204268e+001 -3.3769768e+001 -3.1349304e+001 -2.7183140e+001 -3.3075214e+001 -3.5095486e+001
  6.5333333e-001 -3.7572880e+001 -3.0498802e+001 -3.3536156e+001 -3.1417446e+001 -2.7448042e+001 -3.3127605e+001 -3.5148384e+001
  6.6000000e-001 -3.8023067e+001 -3.0826338e+001 -3.3613792e+001 -3.1467789e+001 -2.7698956e+001 -3.3188175e+001 -3.5189632e+001
  6.6666667e-001 -3.8519497e+001 -3.1116016e+001 -3.3608833e+001 -3.1502243e+001 -2.7894953e+001 -3.3219444e+001 -3.5231030e+001
  6.7333333e-001 -3.9041206e+001 -3.1415049e+001 -3.3598557e+001 -3.1509409e+001 -2.8105040e+001 -3.3203659e+001 -3.5298405e+001
  6.8000000e-001 -3.9572899e+001 -3.1662405e+001 -3.3621521e+001 -3.1539370e+001 -2.8328323e+001 -3.3207264e+001 -3.5311459e+001
  6.8666667e-001 -4.0083920e+001 -3.1889235e+001 -3.3668270e+001 -3.1509851e+001 -2.8535921e+001 -3.3176697e+001 -3.5322903e+001
  6.9333333e-001 -4.0605640e+001 -3.2151596e+001 -3.3720608e+001 -3.1464384e+001 -2.8721157e+001 -3.3103008e+001 -3.5325737e+001
  7.0000000e-001 -4.1058262e+001 -3.2367065e+001 -3.3685017e+001 -3.1438316e+001 -2.8866299e+001 -3.3050175e+001 -3.5316338e+001
  7.0666667e-001 -4.1485649e+001 -3.2588505e+001 -3.3710411e+001 -3.1440706e+001 -2.9028889e+001 -3.2990669e+001 -3.5315144e+001
  7.1333333e-001 -4.1881405e+001 -3.2762592e+001 -3.3716053e+001 -3.1388931e+001 -2.9139948e+001 -3.2903255e+001 -3.5285027e+001
  7.2000000e-001 -4.2223652e+001 -3.2960751e+001 -3.3813934e+001 -3.1317066e+001 -2.9242277e+001 -3.2849594e+001 -3.5279064e+001
  7.2666667e-001 -4.2557514e+001 -3.3169849e+001 -3.3836655e+001 -3.1260939e+001 -2.9349716e+001 -3.2772675e+001 -3.5265396e+001
  7.3333333e-001 -4.2857063e+001 -3.3358578e+001 -3.3924404e+001 -3.1215675e+001 -2.9431814e+001 -3.2676624e+001 -3.5268566e+001
  7.4000000e-001 -4.3117138e+001 -3.3504551e+001 -3.4057510e+001 -3.1147797e+001 -2.9502998e+001 -3.2605984e+001 -3.5230728e+001
  7.4666667e-001 -4.3336243e+001 -3.3605286e+001 -3.4102806e+001 -3.1101000e+001 -2.9520126e+001 -3.2533913e+001 -3.5174034e+001
  7.5333333e-001 -4.3532520e+001 -3.3735420e+001 -3.4058784e+001 -3.1081226e+001 -2.9522266e+001 -3.2470543e+001 -3.5145077e+001
  7.6000000e-001 -4.3697559e+001 -3.3856991e+001 -3.4117374e+001 -3.1037247e+001 -2.9566534e+001 -3.2440315e+001 -3.5160366e+001
  7.6666667e-001 -4.3828033e+001 -3.3968861e+001 -3.4092720e+001 -3.1041515e+001 -2.9597410e+001 -3.2417915e+001 -3.5172256e+001
  7.7333333e-001 -4.3943172e+001 -3.4082493e+001 -3.4087307e+001 -3.1108473e+001 -2.9633551e+001 -3.2437134e+001 -3.5170841e+001
  7.8000000e-001 -4.4055851e+001 -3.4165623e+001 -3.4138615e+001 -3.1156288e+001 -2.9650166e+001 -3.2448734e+001 -3.5180588e+001
  7.8666667e-001 -4.4203030e+001 -3.4265640e+001 -3.4088604e+001 -3.1245941e+001 -2.9673645e+001 -3.2454910e+001 -3.5198517e+001
  7.9333333e-001 -4.4348305e+001 -3.4390526e+001 -3.4087807e+001 -3.1329344e+001 -2.9725906e+001 -3.2489883e+001 -3.5216423e+001
  8.0000000e-001 -4.4506554e+001 -3.4493584e+001 -3.4105415e+001 -3.1399401e+001 -2.9775042e+001 -3.2542240e+001 -3.5241798e+001
  8.0666667e-001 -4.4707413e+001 -3.4609924e+001 -3.4099331e+001 -3.1457977e+001 -2.9829874e+001 -3.2580933e+001 -3.5266682e+001
  8.1333333e-001 -4.4882935e+001 -3.4758747e+001 -3.4098782e+001 -3.1498100e+001 -2.9880926e+001 -3.2638435e+001 -3.5296509e+001
  8.2000000e-001 -4.5062130e+001 -3.4891010e+001 -3.4042671e+001 -3.1536520e+001 -2.9908466e+001 -3.2628174e+001 -3.5336090e+001
  8.2666667e-001 -4.5310413e+001 -3.4982220e+001 -3.4013527e+001 -3.1554041e+001 -2.9937277e+001 -3.2600491e+001 -3.5354939e+001
  8.3333333e-001 -4.5544903e+001 -3.5073563e+001 -3.4004513e+001 -3.1559391e+001 -2.9959856e+001 -3.2591793e+001 -3.5361015e+001
  8.4000000e-001 -4.5781090e+001 -3.5118397e+001 -3.4048546e+001 -3.1532982e+001 -3.0015554e+001 -3.2630993e+001 -3.5382080e+001
  8.4666667e-001 -4.6023933e+001 -3.5134811e+001 -3.4102558e+001 -3.1485670e+001 -3.0055841e+001 -3.2620720e+001 -3.5436726e+001
  8.5333333e-001 -4.6253227e+001 -3.5184528e+001 -3.4189259e+001 -3.1423403e+001 -3.0076677e+001 -3.2609970e+001 -3.5465839e+001
  8.6000000e-001 -4.6510349e+001 -3.5210773e+001 -3.4242977e+001 -3.1344231e+001 -3.0112635e+001 -3.2610825e+001 -3.5499161e+001
  8.6666667e-001 -4.6726891e+001 -3.5209305e+001 -3.4248287e+001 -3.1281956e+001 -3.0156214e+001 -3.2587051e+001 -3.5527184e+001
  8.7333333e-001 -4.6956814e+001 -3.5209190e+001 -3.4236149e+001 -3.1216324e+001 -3.0173727e+001 -3.2582191e+001 -3.5554821e+001
  8.8000000e-001 -4.7145802e+001 -3.5188637e+001 -3.4301941e+001 -3.1110733e+001 -3.0203207e+001 -3.2528370e+001 -3.5547764e+001
  8.8666667e-001 -4.7309303e+001 -3.5176979e+001 -3.4373631e+001 -3.0998363e+001 -3.0238647e+001 -3.2455814e+001 -3.5550545e+001
  8.9333333e-001 -4.7481903e+001 -3.5190838e+001 -3.4405308e+001 -3.0876717e+001 -3.0270224e+001 -3.2412098e+001 -3.5559490e+001
  9.0000000e-001 -4.7615639e+001 -3.5197979e+001 -3.4402775e+001 -3.0752981e+001 -3.0257359e+001 -3.2369366e+001 -3.5565510e+001
  9.0666667e-001 -4.7759350e+001 -3.5198811e+001 -3.4417114e+001 -3.0655304e+001 -3.0259647e+001 -3.2305401e+001 -3.5537220e+001
  9.1333333e-001 -4.7864479e+001 -3.5220364e+001 -3.4440830e+001 -3.0515905e+001 -3.0262308e+001 -3.2225716e+001 -3.5518436e+001
  9.2000000e-001 -4.8009453e+001 -3.5253128e+001 -3.4496220e+001 -3.0431396e+001 -3.0232729e+001 -3.2169361e+001 -3.5515671e+001
  9.2666667e-001 -4.8122784e+001 -3.5301609e+001 -3.4518620e+001 -3.0376665e+001 -3.0187664e+001 -3.2128345e+001 -3.5511742e+001
  9.3333333e-001 -4.8202168e+001 -3.5349930e+001 -3.4579548e+001 -3.0309765e+001 -3.0189270e+001 -3.2046734e+001 -3.5468803e+001
  9.4000000e-001 -4.8252716e+001 -3.5361046e+001 -3.4611542e+001 -3.0246359e+001 -3.0207216e+001 -3.1984598e+001 -3.5446861e+001
  9.4666667e-001 -4.8317360e+001 -3.5403481e+001 -3.4754448e+001 -3.0181931e+001 -3.0199221e+001 -3.1935598e+001 -3.5447899e+001
  9.5333333e-001 -4.8363003e+001 -3.5422199e+001 -3.4786674e+001 -3.0153315e+001 -3.0182480e+001 -3.1897568e+001 -3.5475544e+001
  9.6000000e-001 -4.8417213e+001 -3.5422226e+001 -3.4837807e+001 -3.0123163e+001 -3.0130295e+001 -3.1860672e+001 -3.5410686e+001
  9.6666667e-001 -4.8455345e+001 -3.5397320e+001 -3.4867519e+001 -3.0063135e+001 -3.0109718e+001 -3.1838207e+001 -3.5384258e+001
  9.7333333e-001 -4.8467892e+001 -3.5350121e+001 -3.4860008e+001 -2.9981440e+001 -3.0073149e+001 -3.1786222e+001 -3.5339931e+001
  9.8000000e-001 -4.8464981e+001 -3.5344387e+001 -3.4674465e+001 -2.9920290e+001 -3.0045340e+001 -3.1751429e+001 -3.5330078e+001
  9.8666667e-001 -4.8485073e+001 -3.5333099e+001 -3.4668255e+001 -2.9863453e+001 -3.0024183e+001 -3.1738623e+001 -3.5307838e+001
  9.9333333e-001 -4.8454109e+001 -3.5293774e+001 -3.4598240e+001 -2.9814718e+001 -2.9960110e+001 -3.1744381e+001 -3.5267136e+001
  1.0000000e+000 -4.8401718e+001 -3.5264095e+001 -3.4547749e+001 -2.9741131e+001 -2.9913374e+001 -3.1716417e+001 -3.5223793e+001
  1.0066667e+000 -4.8340916e+001 -3.5272522e+001 -3.4556492e+001 -2.9688658e+001 -2.9916100e+001 -3.1673998e+001 -3.5199459e+001
  1.0133333e+000 -4.8292564e+001 -3.5311604e+001 -3.4545429e+001 -2.9651596e+001 -2.9873951e+001 -3.1641821e+001 -3.5201286e+001
  1.0200000e+000 -4.8294430e+001 -3.5359417e+001 -3.4439228e+001 -2.9616844e+001 -2.9834332e+001 -3.1628731e+001 -3.5170940e+001
  1.0266667e+000 -4.8241074e+001 -3.5413467e+001 -3.4349934e+001 -2.9584122e+001 -2.9805433e+001 -3.1617643e+001 -3.5152203e+001
  1.0333333e+000 -4.8211773e+001 -3.5470707e+001 -3.4250988e+001 -2.9543465e+001 -2.9788603e+001 -3.1594311e+001 -3.5100632e+001
  1.0400000e+000 -4.8216049e+001 -3.5543579e+001 -3.4192020e+001 -2.9474899e+001 -2.9760456e+001 -3.1555878e+001 -3.5055901e+001
  1.0466667e+000 -4.8261822e+001 -3.5594563e+001 -3.4190826e+001 -2.9424189e+001 -2.9743702e+001 -3.1515818e+001 -3.5027927e+001
  1.0533333e+000 -4.8245972e+001 -3.5589115e+001 -3.4169800e+001 -2.9358465e+001 -2.9713482e+001 -3.1461973e+001 -3.5005001e+001
  1.0600000e+000 -4.8236523e+001 -3.5497707e+001 -3.4107143e+001 -2.9279034e+001 -2.9672493e+001 -3.1407042e+001 -3.4984730e+001
  1.0666667e+000 -4.8272987e+001 -3.5243290e+001 -3.3993206e+001 -2.9240932e+001 -2.9635624e+001 -3.1341925e+001 -3.4932941e+001
  1.0733333e+000 -4.8270317e+001 -3.5267380e+001 -3.3900719e+001 -2.9170856e+001 -2.9614174e+001 -3.1264559e+001 -3.4884872e+001
  1.0800000e+000 -4.8275467e+001 -3.5266197e+001 -3.3766182e+001 -2.9100544e+001 -2.9602774e+001 -3.1210522e+001 -3.4859444e+001
  1.0866667e+000 -4.8292843e+001 -3.5229923e+001 -3.3681885e+001 -2.9022263e+001 -2.9585508e+001 -3.1131313e+001 -3.4834602e+001
  1.0933333e+000 -4.8323307e+001 -3.5112637e+001 -3.3615555e+001 -2.8958076e+001 -2.9582178e+001 -3.1067366e+001 -3.4792770e+001
  1.1000000e+000 -4.8338898e+001 -3.5138687e+001 -3.3574726e+001 -2.8891066e+001 -2.9527563e+001 -3.0989222e+001 -3.4765881e+001
  1.1066667e+000 -4.8354042e+001 -3.5062305e+001 -3.3533318e+001 -2.8828350e+001 -2.9465672e+001 -3.0918156e+001 -3.4740326e+001
  1.1133333e+000 -4.8394295e+001 -3.5023804e+001 -3.3479774e+001 -2.8793186e+001 -2.9447479e+001 -3.0808365e+001 -3.4709713e+001
  1.1200000e+000 -4.8412876e+001 -3.4993855e+001 -3.3519859e+001 -2.8731339e+001 -2.9450230e+001 -3.0735535e+001 -3.4649849e+001
  1.1266667e+000 -4.8412613e+001 -3.4972656e+001 -3.3445362e+001 -2.8679518e+001 -2.9443741e+001 -3.0664982e+001 -3.4594757e+001
  1.1333333e+000 -4.8445198e+001 -3.4922993e+001 -3.3375866e+001 -2.8631903e+001 -2.9420982e+001 -3.0589378e+001 -3.4569946e+001
  1.1400000e+000 -4.8481022e+001 -3.4896446e+001 -3.3352425e+001 -2.8578764e+001 -2.9382343e+001 -3.0513748e+001 -3.4517990e+001
  1.1466667e+000 -4.8520275e+001 -3.4893768e+001 -3.3270248e+001 -2.8517551e+001 -2.9325148e+001 -3.0461931e+001 -3.4451004e+001
  1.1533333e+000 -4.8563080e+001 -3.4889576e+001 -3.3205833e+001 -2.8491035e+001 -2.9273703e+001 -3.0385115e+001 -3.4402714e+001
  1.1600000e+000 -4.8619598e+001 -3.4881294e+001 -3.3340359e+001 -2.8462378e+001 -2.9233385e+001 -3.0299427e+001 -3.4374653e+001
  1.1666667e+000 -4.8658939e+001 -3.5478424e+001 -3.3337635e+001 -2.8440287e+001 -2.9163986e+001 -3.0251102e+001 -3.4305870e+001
  1.1733333e+000 -4.8660835e+001 -3.5520798e+001 -3.3301273e+001 -2.8438925e+001 -2.9080969e+001 -3.0228037e+001 -3.4259747e+001
  1.1800000e+000 -4.8658058e+001 -3.5536251e+001 -3.3221489e+001 -2.8397497e+001 -2.9015299e+001 -3.0179913e+001 -3.4212284e+001
  1.1866667e+000 -4.8624073e+001 -3.5501251e+001 -3.3165756e+001 -2.8338366e+001 -2.8946554e+001 -3.0130253e+001 -3.4156551e+001
  1.1933333e+000 -4.8606808e+001 -3.5471668e+001 -3.3144238e+001 -2.8284016e+001 -2.8925173e+001 -3.0077507e+001 -3.4059776e+001
  1.2000000e+000 -4.8557747e+001 -3.5399742e+001 -3.3091606e+001 -2.8282623e+001 -2.8887787e+001 -3.0024601e+001 -3.3949837e+001
  1.2066667e+000 -4.8504982e+001 -3.5299736e+001 -3.3020943e+001 -2.8225655e+001 -2.8851477e+001 -2.9991152e+001 -3.3848087e+001
  1.2133333e+000 -4.8469135e+001 -3.5198219e+001 -3.2983997e+001 -2.8194424e+001 -2.8833319e+001 -2.9943386e+001 -3.3713715e+001
  1.2200000e+000 -4.8368771e+001 -3.5097488e+001 -3.2909653e+001 -2.8170763e+001 -2.8852081e+001 -2.9863445e+001 -3.3618538e+001
  1.2266667e+000 -4.8282696e+001 -3.5003761e+001 -3.2843952e+001 -2.8161707e+001 -2.8859987e+001 -2.9780981e+001 -3.3576241e+001
  1.2333333e+000 -4.8234898e+001 -3.4896614e+001 -3.2794437e+001 -2.8133669e+001 -2.8832405e+001 -2.9723297e+001 -3.3516209e+001
  1.2400000e+000 -4.8199036e+001 -3.4802605e+001 -3.2739872e+001 -2.8077761e+001 -2.8818806e+001 -2.9638393e+001 -3.3464207e+001
  1.2466667e+000 -4.8181606e+001 -3.4700008e+001 -3.2674923e+001 -2.8065983e+001 -2.8863100e+001 -2.9595989e+001 -3.3397346e+001
  1.2533333e+000 -4.8138744e+001 -3.4626472e+001 -3.2616955e+001 -2.8041744e+001 -2.8898083e+001 -2.9555984e+001 -3.3322376e+001
  1.2600000e+000 -4.8102242e+001 -3.4564205e+001 -3.2568398e+001 -2.8017031e+001 -2.8903051e+001 -2.9489943e+001 -3.3250565e+001
  1.2666667e+000 -4.8078064e+001 -3.4516201e+001 -3.2507740e+001 -2.7973019e+001 -2.8933456e+001 -2.9412769e+001 -3.3172447e+001
  1.2733333e+000 -4.8080585e+001 -3.4456387e+001 -3.2459049e+001 -2.7923698e+001 -2.8962980e+001 -2.9347298e+001 -3.3109634e+001
  1.2800000e+000 -4.8096874e+001 -3.4401131e+001 -3.2404797e+001 -2.7885031e+001 -2.8981709e+001 -2.9272333e+001 -3.3060383e+001
  1.2866667e+000 -4.8130634e+001 -3.4343651e+001 -3.2341335e+001 -2.7843370e+001 -2.8976307e+001 -2.9172121e+001 -3.2969727e+001
  1.2933333e+000 -4.8158619e+001 -3.4287323e+001 -3.2298954e+001 -2.7790768e+001 -2.9007608e+001 -2.9116028e+001 -3.2915821e+001
  1.3000000e+000 -4.8163506e+001 -3.4235909e+001 -3.2254017e+001 -2.7771204e+001 -2.8976938e+001 -2.9043890e+001 -3.2876606e+001
  1.3066667e+000 -4.8185417e+001 -3.4164082e+001 -3.2219429e+001 -2.7732552e+001 -2.8933027e+001 -2.8997845e+001 -3.2835186e+001
  1.3133333e+000 -4.8179745e+001 -3.4112930e+001 -3.2176243e+001 -2.7697001e+001 -2.8916552e+001 -2.8960644e+001 -3.2773682e+001
  1.3200000e+000 -4.8170441e+001 -3.4059082e+001 -3.2120129e+001 -2.7670227e+001 -2.8887684e+001 -2.8887691e+001 -3.2707882e+001
  1.3266667e+000 -4.8124676e+001 -3.3995049e+001 -3.2053902e+001 -2.7595922e+001 -2.8853304e+001 -2.8826708e+001 -3.2667004e+001
  1.3333333e+000 -4.8096153e+001 -3.3906570e+001 -3.1996893e+001 -2.7536770e+001 -2.8781424e+001 -2.8755527e+001 -3.2623684e+001
  1.3400000e+000 -4.8083508e+001 -3.3836983e+001 -3.1929926e+001 -2.7484390e+001 -2.8708269e+001 -2.8680611e+001 -3.2561432e+001
  1.3466667e+000 -4.8092754e+001 -3.3760777e+001 -3.1871759e+001 -2.7422445e+001 -2.8674450e+001 -2.8598871e+001 -3.2482990e+001
  1.3533333e+000 -4.8092384e+001 -3.3692375e+001 -3.1823839e+001 -2.7393080e+001 -2.8646467e+001 -2.8542126e+001 -3.2429016e+001
  1.3600000e+000 -4.8131809e+001 -3.3628292e+001 -3.1744810e+001 -2.7354311e+001 -2.8612005e+001 -2.8508631e+001 -3.2388889e+001
  1.3666667e+000 -4.8127823e+001 -3.3546108e+001 -3.1681190e+001 -2.7314499e+001 -2.8607277e+001 -2.8454483e+001 -3.2297226e+001
  1.3733333e+000 -4.8152855e+001 -3.3485283e+001 -3.1624527e+001 -2.7277813e+001 -2.8576008e+001 -2.8354624e+001 -3.2232845e+001
  1.3800000e+000 -4.8200642e+001 -3.3420750e+001 -3.1558535e+001 -2.7247194e+001 -2.8572327e+001 -2.8334021e+001 -3.2188129e+001
  1.3866667e+000 -4.8217030e+001 -3.3326042e+001 -3.1483130e+001 -2.7209009e+001 -2.8574505e+001 -2.8286783e+001 -3.2138668e+001
  1.3933333e+000 -4.8225079e+001 -3.3219841e+001 -3.1403250e+001 -2.7171343e+001 -2.8553957e+001 -2.8247574e+001 -3.2062244e+001
  1.4000000e+000 -4.8220329e+001 -3.3137165e+001 -3.1334518e+001 -2.7155180e+001 -2.8531233e+001 -2.8183891e+001 -3.1999781e+001
  1.4066667e+000 -4.8194138e+001 -3.3076416e+001 -3.1249157e+001 -2.7111807e+001 -2.8478846e+001 -2.8136562e+001 -3.1949169e+001
  1.4133333e+000 -4.8122002e+001 -3.3005127e+001 -3.1181589e+001 -2.7079197e+001 -2.8454010e+001 -2.8090324e+001 -3.1889095e+001
  1.4200000e+000 -4.8044895e+001 -3.2887806e+001 -3.1132734e+001 -2.7056129e+001 -2.8405621e+001 -2.8047771e+001 -3.1795921e+001
  1.4266667e+000 -4.7910652e+001 -3.2804226e+001 -3.1045952e+001 -2.7025141e+001 -2.8348597e+001 -2.7965576e+001 -3.1726980e+001
  1.4333333e+000 -4.7807999e+001 -3.2728241e+001 -3.0963011e+001 -2.6998411e+001 -2.8296900e+001 -2.7904371e+001 -3.1678400e+001
  1.4400000e+000 -4.7680008e+001 -3.2639870e+001 -3.0876940e+001 -2.6978340e+001 -2.8241140e+001 -2.7862280e+001 -3.1632523e+001
  1.4466667e+000 -4.7557552e+001 -3.2570873e+001 -3.0796360e+001 -2.6967041e+001 -2.8179222e+001 -2.7825792e+001 -3.1564182e+001
  1.4533333e+000 -4.7452789e+001 -3.2493607e+001 -3.0720881e+001 -2.6939465e+001 -2.8145290e+001 -2.7765661e+001 -3.1491022e+001
  1.4600000e+000 -4.7346149e+001 -3.2413433e+001 -3.0647007e+001 -2.6917156e+001 -2.8092916e+001 -2.7725163e+001 -3.1442883e+001
  1.4666667e+000 -4.7303410e+001 -3.2320293e+001 -3.0597910e+001 -2.6899088e+001 -2.8051447e+001 -2.7693953e+001 -3.1380180e+001
  1.4733333e+000 -4.7286362e+001 -3.2229858e+001 -3.0504940e+001 -2.6875683e+001 -2.8002247e+001 -2.7656004e+001 -3.1311199e+001
  1.4800000e+000 -4.7303764e+001 -3.2141613e+001 -3.0421717e+001 -2.6828087e+001 -2.7954350e+001 -2.7613373e+001 -3.1225986e+001
  1.4866667e+000 -4.7341549e+001 -3.2061661e+001 -3.0347248e+001 -2.6798374e+001 -2.7908531e+001 -2.7543425e+001 -3.1170097e+001
  1.4933333e+000 -4.7425053e+001 -3.1964945e+001 -3.0285824e+001 -2.6767065e+001 -2.7855537e+001 -2.7503225e+001 -3.1128967e+001
  1.5000000e+000 -4.7503185e+001 -3.1850145e+001 -3.0223465e+001 -2.6727617e+001 -2.7803284e+001 -2.7434593e+001 -3.1051977e+001
  1.5066667e+000 -4.7596428e+001 -3.1744265e+001 -3.0156361e+001 -2.6698576e+001 -2.7757025e+001 -2.7383701e+001 -3.0970724e+001
  1.5133333e+000 -4.7678310e+001 -3.1651281e+001 -3.0085337e+001 -2.6684797e+001 -2.7700251e+001 -2.7341732e+001 -3.0894947e+001
  1.5200000e+000 -4.7752842e+001 -3.1566673e+001 -3.0030539e+001 -2.6651495e+001 -2.7646936e+001 -2.7305820e+001 -3.0813658e+001
  1.5266667e+000 -4.7823196e+001 -3.1458717e+001 -2.9982079e+001 -2.6628986e+001 -2.7600370e+001 -2.7254583e+001 -3.0753271e+001
  1.5333333e+000 -4.7845688e+001 -3.1358154e+001 -2.9902893e+001 -2.6596897e+001 -2.7564405e+001 -2.7212152e+001 -3.0698309e+001
  1.5400000e+000 -4.7848736e+001 -3.1247126e+001 -2.9841053e+001 -2.6558495e+001 -2.7502190e+001 -2.7182878e+001 -3.0627876e+001
  1.5466667e+000 -4.7875401e+001 -3.1120367e+001 -2.9768267e+001 -2.6529501e+001 -2.7448389e+001 -2.7159372e+001 -3.0541183e+001
  1.5533333e+000 -4.7869747e+001 -3.0983955e+001 -2.9676743e+001 -2.6501137e+001 -2.7390352e+001 -2.7109394e+001 -3.0454779e+001
  1.5600000e+000 -4.7843601e+001 -3.0876129e+001 -2.9580978e+001 -2.6434267e+001 -2.7335308e+001 -2.7050167e+001 -3.0373968e+001
  1.5666667e+000 -4.7817574e+001 -3.0761496e+001 -2.9514277e+001 -2.6400299e+001 -2.7303783e+001 -2.7005661e+001 -3.0304405e+001
  1.5733333e+000 -4.7792702e+001 -3.0643927e+001 -2.9426723e+001 -2.6368059e+001 -2.7271862e+001 -2.6991301e+001 -3.0218140e+001
  1.5800000e+000 -4.7779320e+001 -3.0510506e+001 -2.9371651e+001 -2.6335728e+001 -2.7226671e+001 -2.6975702e+001 -3.0123220e+001
  1.5866667e+000 -4.7748058e+001 -3.0381641e+001 -2.9319004e+001 -2.6294897e+001 -2.7174614e+001 -2.6919546e+001 -3.0038391e+001
  1.5933333e+000 -4.7689255e+001 -3.0235264e+001 -2.9265940e+001 -2.6261223e+001 -2.7170124e+001 -2.6893913e+001 -2.9951900e+001
  1.6000000e+000 -4.7628414e+001 -3.0092901e+001 -2.9199789e+001 -2.6243382e+001 -2.7151342e+001 -2.6888056e+001 -2.9900276e+001
  1.6066667e+000 -4.7546345e+001 -2.9952784e+001 -2.9158525e+001 -2.6230148e+001 -2.7108242e+001 -2.6875078e+001 -2.9824461e+001
  1.6133333e+000 -4.7500561e+001 -2.9817711e+001 -2.9096518e+001 -2.6197788e+001 -2.7055590e+001 -2.6862116e+001 -2.9702141e+001
  1.6200000e+000 -4.7456120e+001 -2.9696486e+001 -2.9032778e+001 -2.6149334e+001 -2.6995241e+001 -2.6855366e+001 -2.9609034e+001
  1.6266667e+000 -4.7352409e+001 -2.9595991e+001 -2.8975262e+001 -2.6124947e+001 -2.6959076e+001 -2.6850571e+001 -2.9535866e+001
  1.6333333e+000 -4.7316219e+001 -2.9440039e+001 -2.8913410e+001 -2.6097246e+001 -2.6931017e+001 -2.6808580e+001 -2.9433407e+001
  1.6400000e+000 -4.7257919e+001 -2.9308243e+001 -2.8853636e+001 -2.6081324e+001 -2.6886744e+001 -2.6790009e+001 -2.9342360e+001
  1.6466667e+000 -4.7240028e+001 -2.9180939e+001 -2.8801029e+001 -2.6069118e+001 -2.6873394e+001 -2.6769917e+001 -2.9232323e+001
  1.6533333e+000 -4.7207821e+001 -2.9052708e+001 -2.8730480e+001 -2.6043463e+001 -2.6809441e+001 -2.6736528e+001 -2.9156658e+001
  1.6600000e+000 -4.7152996e+001 -2.8951342e+001 -2.8672335e+001 -2.6009336e+001 -2.6743315e+001 -2.6743610e+001 -2.9032501e+001
  1.6666667e+000 -4.7124275e+001 -2.8826548e+001 -2.8612787e+001 -2.5997072e+001 -2.6733780e+001 -2.6740412e+001 -2.8894478e+001
  1.6733333e+000 -4.7100250e+001 -2.8708204e+001 -2.8528912e+001 -2.5960730e+001 -2.6708246e+001 -2.6713829e+001 -2.8763451e+001
  1.6800000e+000 -4.7074139e+001 -2.8608620e+001 -2.8462112e+001 -2.5948032e+001 -2.6652578e+001 -2.6692720e+001 -2.8648224e+001
  1.6866667e+000 -4.7066387e+001 -2.8498013e+001 -2.8415464e+001 -2.5954464e+001 -2.6621773e+001 -2.6677177e+001 -2.8540792e+001
  1.6933333e+000 -4.7021877e+001 -2.8393742e+001 -2.8354816e+001 -2.5935530e+001 -2.6565851e+001 -2.6662437e+001 -2.8399395e+001
  1.7000000e+000 -4.6992321e+001 -2.8318855e+001 -2.8268913e+001 -2.5907194e+001 -2.6522224e+001 -2.6641689e+001 -2.8254368e+001
  1.7066667e+000 -4.6970921e+001 -2.8232265e+001 -2.8169159e+001 -2.5889261e+001 -2.6499517e+001 -2.6621336e+001 -2.8134586e+001
  1.7133333e+000 -4.6948673e+001 -2.8122379e+001 -2.8110281e+001 -2.5896999e+001 -2.6458813e+001 -2.6617033e+001 -2.7993387e+001
  1.7200000e+000 -4.6889046e+001 -2.8031067e+001 -2.8052574e+001 -2.5894650e+001 -2.6393223e+001 -2.6591627e+001 -2.7848778e+001
  1.7266667e+000 -4.6834888e+001 -2.7952885e+001 -2.7989315e+001 -2.5870506e+001 -2.6348536e+001 -2.6567802e+001 -2.7698170e+001
  1.7333333e+000 -4.6782776e+001 -2.7866274e+001 -2.7887840e+001 -2.5862265e+001 -2.6329565e+001 -2.6535944e+001 -2.7546906e+001
  1.7400000e+000 -4.6720188e+001 -2.7812294e+001 -2.7812756e+001 -2.5844534e+001 -2.6291039e+001 -2.6489189e+001 -2.7413429e+001
  1.7466667e+000 -4.6615360e+001 -2.7732975e+001 -2.7744038e+001 -2.5846571e+001 -2.6243862e+001 -2.6469551e+001 -2.7288582e+001
  1.7533333e+000 -4.6518799e+001 -2.7653885e+001 -2.7686407e+001 -2.5839617e+001 -2.6188967e+001 -2.6446957e+001 -2.7156782e+001
  1.7600000e+000 -4.6461090e+001 -2.7574900e+001 -2.7584202e+001 -2.5810534e+001 -2.6144800e+001 -2.6426405e+001 -2.7016409e+001
  1.7666667e+000 -4.6399742e+001 -2.7509027e+001 -2.7491873e+001 -2.5796774e+001 -2.6090235e+001 -2.6403515e+001 -2.6896797e+001
  1.7733333e+000 -4.6307358e+001 -2.7443623e+001 -2.7401979e+001 -2.5776785e+001 -2.6028576e+001 -2.6363634e+001 -2.6753386e+001
  1.7800000e+000 -4.6219543e+001 -2.7362791e+001 -2.7338234e+001 -2.5743744e+001 -2.5977957e+001 -2.6338753e+001 -2.6603901e+001
  1.7866667e+000 -4.6132404e+001 -2.7299017e+001 -2.7271179e+001 -2.5754484e+001 -2.5925156e+001 -2.6321934e+001 -2.6489946e+001
  1.7933333e+000 -4.6063080e+001 -2.7236441e+001 -2.7196095e+001 -2.5710445e+001 -2.5899481e+001 -2.6297285e+001 -2.6355278e+001
  1.8000000e+000 -4.5998791e+001 -2.7169958e+001 -2.7107544e+001 -2.5661915e+001 -2.5880064e+001 -2.6266079e+001 -2.6210997e+001
  1.8066667e+000 -4.5908363e+001 -2.7104897e+001 -2.7036743e+001 -2.5627066e+001 -2.5858891e+001 -2.6239075e+001 -2.6062813e+001
  1.8133333e+000 -4.5835537e+001 -2.7045691e+001 -2.6977558e+001 -2.5628099e+001 -2.5820850e+001 -2.6179434e+001 -2.5926458e+001
  1.8200000e+000 -4.5780613e+001 -2.6997105e+001 -2.6922941e+001 -2.5627293e+001 -2.5753252e+001 -2.6155754e+001 -2.5780231e+001
  1.8266667e+000 -4.5720108e+001 -2.6953896e+001 -2.6858448e+001 -2.5566858e+001 -2.5734503e+001 -2.6126329e+001 -2.5651524e+001
  1.8333333e+000 -4.5647205e+001 -2.6912981e+001 -2.6801378e+001 -2.5537476e+001 -2.5701307e+001 -2.6065748e+001 -2.5513138e+001
  1.8400000e+000 -4.5568817e+001 -2.6872524e+001 -2.6744015e+001 -2.5521822e+001 -2.5698566e+001 -2.6023842e+001 -2.5382996e+001
  1.8466667e+000 -4.5474503e+001 -2.6834681e+001 -2.6693567e+001 -2.5500607e+001 -2.5662436e+001 -2.6005424e+001 -2.5243450e+001
  1.8533333e+000 -4.5356495e+001 -2.6787605e+001 -2.6649979e+001 -2.5472172e+001 -2.5604824e+001 -2.5959066e+001 -2.5117380e+001
  1.8600000e+000 -4.5262081e+001 -2.6757147e+001 -2.6625645e+001 -2.5433344e+001 -2.5573874e+001 -2.5897970e+001 -2.4986855e+001
  1.8666667e+000 -4.5171936e+001 -2.6718807e+001 -2.6576542e+001 -2.5414083e+001 -2.5553022e+001 -2.5838423e+001 -2.4876467e+001
  1.8733333e+000 -4.5064075e+001 -2.6691698e+001 -2.6512955e+001 -2.5362993e+001 -2.5506323e+001 -2.5789938e+001 -2.4740374e+001
  1.8800000e+000 -4.4959797e+001 -2.6625153e+001 -2.6471766e+001 -2.5355629e+001 -2.5465948e+001 -2.5733067e+001 -2.4596491e+001
  1.8866667e+000 -4.4829788e+001 -2.6580957e+001 -2.6451742e+001 -2.5334826e+001 -2.5437834e+001 -2.5680836e+001 -2.4475555e+001
  1.8933333e+000 -4.4706852e+001 -2.6555719e+001 -2.6431328e+001 -2.5277075e+001 -2.5428131e+001 -2.5634439e+001 -2.4390285e+001
  1.9000000e+000 -4.4571091e+001 -2.6495529e+001 -2.6393995e+001 -2.5237501e+001 -2.5414635e+001 -2.5587297e+001 -2.4283033e+001
  1.9066667e+000 -4.4437969e+001 -2.6434591e+001 -2.6345478e+001 -2.5194893e+001 -2.5392036e+001 -2.5550730e+001 -2.4159941e+001
  1.9133333e+000 -4.4314514e+001 -2.6383106e+001 -2.6300215e+001 -2.5154793e+001 -2.5366091e+001 -2.5489330e+001 -2.4032255e+001
  1.9200000e+000 -4.4156197e+001 -2.6334433e+001 -2.6262259e+001 -2.5125851e+001 -2.5345575e+001 -2.5423050e+001 -2.3910450e+001
  1.9266667e+000 -4.4032429e+001 -2.6289024e+001 -2.6231970e+001 -2.5092878e+001 -2.5311617e+001 -2.5397034e+001 -2.3813440e+001
  1.9333333e+000 -4.3876976e+001 -2.6264635e+001 -2.6174938e+001 -2.5066830e+001 -2.5293655e+001 -2.5339586e+001 -2.3689480e+001
  1.9400000e+000 -4.3747070e+001 -2.6219297e+001 -2.6158361e+001 -2.5021734e+001 -2.5289919e+001 -2.5275118e+001 -2.3560740e+001
  1.9466667e+000 -4.3606106e+001 -2.6162525e+001 -2.6142801e+001 -2.5001877e+001 -2.5258204e+001 -2.5257805e+001 -2.3479555e+001
  1.9533333e+000 -4.3442444e+001 -2.6146696e+001 -2.6116219e+001 -2.4962027e+001 -2.5205292e+001 -2.5220812e+001 -2.3393507e+001
  1.9600000e+000 -4.3298008e+001 -2.6114368e+001 -2.6098661e+001 -2.4928440e+001 -2.5183432e+001 -2.5160269e+001 -2.3275290e+001
  1.9666667e+000 -4.3132046e+001 -2.6093441e+001 -2.6084576e+001 -2.4904942e+001 -2.5175652e+001 -2.5101898e+001 -2.3171637e+001
  1.9733333e+000 -4.2971226e+001 -2.6030462e+001 -2.6055948e+001 -2.4884319e+001 -2.5153887e+001 -2.5092772e+001 -2.3092758e+001
  1.9800000e+000 -4.2843128e+001 -2.5974689e+001 -2.6038141e+001 -2.4851818e+001 -2.5148972e+001 -2.5071278e+001 -2.2993835e+001
  1.9866667e+000 -4.2685581e+001 -2.5935768e+001 -2.6030132e+001 -2.4813931e+001 -2.5117970e+001 -2.4999067e+001 -2.2884922e+001
  1.9933333e+000 -4.2495441e+001 -2.5888735e+001 -2.6000057e+001 -2.4779316e+001 -2.5093441e+001 -2.4969273e+001 -2.2780773e+001
  2.0000000e+000 -4.2331650e+001 -2.5842993e+001 -2.5974356e+001 -2.4752407e+001 -2.5060036e+001 -2.4947193e+001 -2.2677477e+001
