 -5.0000000e-001 -1.9811750e+001 -2.1253975e+001 -2.0727682e+001 -1.9939985e+001 -1.9048725e+001
 -4.9333333e-001 -1.9812136e+001 -2.1231306e+001 -2.0729301e+001 -1.9934603e+001 -1.9050619e+001
 -4.8666667e-001 -1.9814432e+001 -2.1232647e+001 -2.0745171e+001 -1.9948586e+001 -1.9056801e+001
 -4.8000000e-001 -1.9846090e+001 -2.1226055e+001 -2.0757984e+001 -1.9942284e+001 -1.9072483e+001
 -4.7333333e-001 -1.9834164e+001 -2.1233759e+001 -2.0747614e+001 -1.9938980e+001 -1.9076298e+001
 -4.6666667e-001 -1.9828257e+001 -2.1208549e+001 -2.0718714e+001 -1.9913155e+001 -1.9043392e+001
 -4.6000000e-001 -1.9805130e+001 -2.1206278e+001 -2.0725145e+001 -1.9927067e+001 -1.9052469e+001
 -4.5333333e-001 -1.9827045e+001 -2.1198082e+001 -2.0723354e+001 -1.9907743e+001 -1.9053415e+001
 -4.4666667e-001 -1.9819582e+001 -2.1203079e+001 -2.0715790e+001 -1.9908169e+001 -1.9043228e+001
 -4.4000000e-001 -1.9847378e+001 -2.1216906e+001 -2.0727877e+001 -1.9908812e+001 -1.9017252e+001
 -4.3333333e-001 -1.9839499e+001 -2.1212551e+001 -2.0727423e+001 -1.9905359e+001 -1.9053125e+001
 -4.2666667e-001 -1.9819300e+001 -2.1203838e+001 -2.0728386e+001 -1.9913643e+001 -1.9032490e+001
 -4.2000000e-001 -1.9829817e+001 -2.1192451e+001 -2.0732878e+001 -1.9871979e+001 -1.9041828e+001
 -4.1333333e-001 -1.9809893e+001 -2.1177757e+001 -2.0732491e+001 -1.9865324e+001 -1.9021786e+001
 -4.0666667e-001 -1.9824659e+001 -2.1181124e+001 -2.0733820e+001 -1.9871815e+001 -1.9028534e+001
 -4.0000000e-001 -1.9820930e+001 -2.1190790e+001 -2.0720041e+001 -1.9846937e+001 -1.9041405e+001
 -3.9333333e-001 -1.9834410e+001 -2.1174845e+001 -2.0708113e+001 -1.9816378e+001 -1.9021479e+001
 -3.8666667e-001 -1.9821320e+001 -2.1172297e+001 -2.0741362e+001 -1.9816992e+001 -1.9009436e+001
 -3.8000000e-001 -1.9821121e+001 -2.1165720e+001 -2.0727665e+001 -1.9787575e+001 -1.9023388e+001
 -3.7333333e-001 -1.9832443e+001 -2.1153440e+001 -2.0737207e+001 -1.9766018e+001 -1.9023357e+001
 -3.6666667e-001 -1.9827414e+001 -2.1164574e+001 -2.0750797e+001 -1.9758821e+001 -1.9020075e+001
 -3.6000000e-001 -1.9829859e+001 -2.1154644e+001 -2.0734467e+001 -1.9734400e+001 -1.9005846e+001
 -3.5333333e-001 -1.9835884e+001 -2.1142338e+001 -2.0731581e+001 -1.9713570e+001 -1.9000027e+001
 -3.4666667e-001 -1.9821180e+001 -2.1160772e+001 -2.0736681e+001 -1.9681347e+001 -1.9026892e+001
 -3.4000000e-001 -1.9828217e+001 -2.1161804e+001 -2.0766937e+001 -1.9688986e+001 -1.9035040e+001
 -3.3333333e-001 -1.9828924e+001 -2.1147854e+001 -2.0738352e+001 -1.9690540e+001 -1.9017517e+001
 -3.2666667e-001 -1.9824867e+001 -2.1132776e+001 -2.0746895e+001 -1.9682909e+001 -1.9011698e+001
 -3.2000000e-001 -1.9813887e+001 -2.1144060e+001 -2.0751904e+001 -1.9680117e+001 -1.9007280e+001
 -3.1333333e-001 -1.9825102e+001 -2.1130224e+001 -2.0743361e+001 -1.9661942e+001 -1.9015799e+001
 -3.0666667e-001 -1.9812576e+001 -2.1131836e+001 -2.0750053e+001 -1.9658791e+001 -1.9022831e+001
 -3.0000000e-001 -1.9810211e+001 -2.1132198e+001 -2.0731966e+001 -1.9660992e+001 -1.9036682e+001
 -2.9333333e-001 -1.9811270e+001 -2.1146935e+001 -2.0756975e+001 -1.9646933e+001 -1.9021917e+001
 -2.8666667e-001 -1.9820326e+001 -2.1136179e+001 -2.0754271e+001 -1.9650558e+001 -1.9013174e+001
 -2.8000000e-001 -1.9817904e+001 -2.1139513e+001 -2.0771877e+001 -1.9674068e+001 -1.9025900e+001
 -2.7333333e-001 -1.9813660e+001 -2.1134792e+001 -2.0753819e+001 -1.9666391e+001 -1.9014967e+001
 -2.6666667e-001 -1.9811575e+001 -2.1126122e+001 -2.0752399e+001 -1.9675297e+001 -1.9002016e+001
 -2.6000000e-001 -1.9805544e+001 -2.1132740e+001 -2.0752277e+001 -1.9641912e+001 -1.9002924e+001
 -2.5333333e-001 -1.9797100e+001 -2.1125830e+001 -2.0751806e+001 -1.9639397e+001 -1.9008043e+001
 -2.4666667e-001 -1.9813330e+001 -2.1129025e+001 -2.0791046e+001 -1.9641487e+001 -1.9024464e+001
 -2.4000000e-001 -1.9789898e+001 -2.1157795e+001 -2.0773672e+001 -1.9623274e+001 -1.9018391e+001
 -2.3333333e-001 -1.9781546e+001 -2.1150639e+001 -2.0752214e+001 -1.9645361e+001 -1.8999401e+001
 -2.2666667e-001 -1.9798616e+001 -2.1140377e+001 -2.0745117e+001 -1.9636055e+001 -1.9006092e+001
 -2.2000000e-001 -1.9789192e+001 -2.1136570e+001 -2.0746067e+001 -1.9641661e+001 -1.9015253e+001
 -2.1333333e-001 -1.9796148e+001 -2.1149017e+001 -2.0741625e+001 -1.9631191e+001 -1.9014822e+001
 -2.0666667e-001 -1.9770414e+001 -2.1181360e+001 -2.0723606e+001 -1.9618128e+001 -1.8993412e+001
 -2.0000000e-001 -1.9751486e+001 -2.1155781e+001 -2.0745941e+001 -1.9617775e+001 -1.8990507e+001
 -1.9333333e-001 -1.9763357e+001 -2.1133402e+001 -2.0744715e+001 -1.9624010e+001 -1.9001520e+001
 -1.8666667e-001 -1.9744314e+001 -2.1150164e+001 -2.0738396e+001 -1.9608395e+001 -1.9019709e+001
 -1.8000000e-001 -1.9768295e+001 -2.1149691e+001 -2.0747976e+001 -1.9602850e+001 -1.9006350e+001
 -1.7333333e-001 -1.9758944e+001 -2.1162207e+001 -2.0731501e+001 -1.9616638e+001 -1.8991354e+001
 -1.6666667e-001 -1.9746668e+001 -2.1157984e+001 -2.0716774e+001 -1.9606413e+001 -1.9025734e+001
 -1.6000000e-001 -1.9768650e+001 -2.1143063e+001 -2.0727427e+001 -1.9607557e+001 -1.9017389e+001
 -1.5333333e-001 -1.9741253e+001 -2.1150774e+001 -2.0723452e+001 -1.9613543e+001 -1.8975510e+001
 -1.4666667e-001 -1.9747076e+001 -2.1141962e+001 -2.0711452e+001 -1.9619379e+001 -1.9003801e+001
 -1.4000000e-001 -1.9750286e+001 -2.1141155e+001 -2.0717819e+001 -1.9623102e+001 -1.9010199e+001
 -1.3333333e-001 -1.9746973e+001 -2.1147570e+001 -2.0706835e+001 -1.9626175e+001 -1.8999346e+001
 -1.2666667e-001 -1.9708378e+001 -2.1133209e+001 -2.0694405e+001 -1.9610659e+001 -1.9003582e+001
 -1.2000000e-001 -1.9711514e+001 -2.1135014e+001 -2.0703495e+001 -1.9613485e+001 -1.9021196e+001
 -1.1333333e-001 -1.9715649e+001 -2.1127520e+001 -2.0699018e+001 -1.9610941e+001 -1.9017908e+001
 -1.0666667e-001 -1.9712795e+001 -2.1127377e+001 -2.0686644e+001 -1.9613821e+001 -1.9023600e+001
 -1.0000000e-001 -1.9717581e+001 -2.1121347e+001 -2.0690123e+001 -1.9615723e+001 -1.9015320e+001
 -9.3333333e-002 -1.9697975e+001 -2.1104443e+001 -2.0692913e+001 -1.9622442e+001 -1.9011272e+001
 -8.6666667e-002 -1.9718216e+001 -2.1111057e+001 -2.0673874e+001 -1.9641405e+001 -1.9004025e+001
 -8.0000000e-002 -1.9732269e+001 -2.1121759e+001 -2.0674520e+001 -1.9655867e+001 -1.9022045e+001
 -7.3333333e-002 -1.9721416e+001 -2.1086655e+001 -2.0662741e+001 -1.9660505e+001 -1.8999046e+001
 -6.6666667e-002 -1.9718660e+001 -2.1082577e+001 -2.0684988e+001 -1.9652466e+001 -1.8994337e+001
 -6.0000000e-002 -1.9713892e+001 -2.1076941e+001 -2.0671429e+001 -1.9652809e+001 -1.8991131e+001
 -5.3333333e-002 -1.9715340e+001 -2.1096107e+001 -2.0669184e+001 -1.9662777e+001 -1.9002289e+001
 -4.6666667e-002 -1.9706596e+001 -2.1097343e+001 -2.0677120e+001 -1.9652042e+001 -1.8991337e+001
 -4.0000000e-002 -1.9715656e+001 -2.1075506e+001 -2.0655848e+001 -1.9650949e+001 -1.9008682e+001
 -3.3333333e-002 -1.9710569e+001 -2.1091244e+001 -2.0661985e+001 -1.9657839e+001 -1.9011992e+001
 -2.6666667e-002 -1.9692854e+001 -2.1076954e+001 -2.0656763e+001 -1.9655174e+001 -1.9006807e+001
 -2.0000000e-002 -1.9727936e+001 -2.1074814e+001 -2.0662930e+001 -1.9654694e+001 -1.8990372e+001
 -1.3333333e-002 -1.9711123e+001 -2.1043394e+001 -2.0666756e+001 -1.9625660e+001 -1.9002092e+001
 -6.6666667e-003 -1.9717535e+001 -2.1068859e+001 -2.0675470e+001 -1.9647455e+001 -1.9006800e+001
  0.0000000e+000 -1.9721504e+001 -2.1058250e+001 -2.0682196e+001 -1.9643005e+001 -1.8994345e+001
  6.6666667e-003 -1.9715818e+001 -2.1054493e+001 -2.0694864e+001 -1.9637203e+001 -1.9002329e+001
  1.3333333e-002 -1.9717604e+001 -2.1053551e+001 -2.0680231e+001 -1.9644007e+001 -1.8988609e+001
  2.0000000e-002 -1.9719685e+001 -2.1052977e+001 -2.0712530e+001 -1.9665892e+001 -1.8981422e+001
  2.6666667e-002 -1.9726170e+001 -2.1067066e+001 -2.0738203e+001 -1.9673643e+001 -1.8999636e+001
  3.3333333e-002 -1.9745504e+001 -2.1104370e+001 -2.0756767e+001 -1.9720404e+001 -1.9018513e+001
  4.0000000e-002 -1.9777809e+001 -2.1105921e+001 -2.0791401e+001 -1.9766962e+001 -1.9045877e+001
  4.6666667e-002 -1.9816973e+001 -2.1145912e+001 -2.0833441e+001 -1.9800016e+001 -1.9065678e+001
  5.3333333e-002 -1.9852007e+001 -2.1192101e+001 -2.0867826e+001 -1.9838869e+001 -1.9086672e+001
  6.0000000e-002 -1.9886747e+001 -2.1211370e+001 -2.0890835e+001 -1.9858061e+001 -1.9091570e+001
  6.6666667e-002 -1.9915836e+001 -2.1231913e+001 -2.0924723e+001 -1.9870726e+001 -1.9126799e+001
  7.3333333e-002 -1.9938625e+001 -2.1225565e+001 -2.0959141e+001 -1.9890657e+001 -1.9154327e+001
  8.0000000e-002 -1.9946920e+001 -2.1242683e+001 -2.0979866e+001 -1.9886274e+001 -1.9167931e+001
  8.6666667e-002 -1.9943285e+001 -2.1229694e+001 -2.0970528e+001 -1.9866821e+001 -1.9152689e+001
  9.3333333e-002 -1.9963955e+001 -2.1229429e+001 -2.0983900e+001 -1.9880171e+001 -1.9185213e+001
  1.0000000e-001 -2.0014608e+001 -2.1263632e+001 -2.0998631e+001 -1.9895550e+001 -1.9211542e+001
  1.0666667e-001 -2.0027237e+001 -2.1274387e+001 -2.1039476e+001 -1.9922262e+001 -1.9218992e+001
  1.1333333e-001 -2.0048256e+001 -2.1294458e+001 -2.1057093e+001 -1.9938845e+001 -1.9272694e+001
  1.2000000e-001 -2.0105669e+001 -2.1310989e+001 -2.1092804e+001 -1.9993307e+001 -1.9308502e+001
  1.2666667e-001 -2.0183193e+001 -2.1342684e+001 -2.1151377e+001 -2.0041573e+001 -1.9347879e+001
  1.3333333e-001 -2.0268690e+001 -2.1370007e+001 -2.1188669e+001 -2.0059704e+001 -1.9427902e+001
  1.4000000e-001 -2.0389763e+001 -2.1404043e+001 -2.1182110e+001 -2.0118429e+001 -1.9441792e+001
  1.4666667e-001 -2.0505177e+001 -2.1471859e+001 -2.1214312e+001 -2.0148190e+001 -1.9506615e+001
  1.5333333e-001 -2.0580051e+001 -2.1507071e+001 -2.1266455e+001 -2.0165512e+001 -1.9548605e+001
  1.6000000e-001 -2.0660898e+001 -2.1590401e+001 -2.1298996e+001 -2.0233055e+001 -1.9613899e+001
  1.6666667e-001 -2.0790581e+001 -2.1667173e+001 -2.1384199e+001 -2.0356194e+001 -1.9682796e+001
  1.7333333e-001 -2.0926029e+001 -2.1735500e+001 -2.1500391e+001 -2.0424240e+001 -1.9756067e+001
  1.8000000e-001 -2.1075344e+001 -2.1859846e+001 -2.1625446e+001 -2.0476679e+001 -1.9865377e+001
  1.8666667e-001 -2.1237141e+001 -2.1975401e+001 -2.1733480e+001 -2.0555977e+001 -1.9983648e+001
  1.9333333e-001 -2.1466625e+001 -2.2131411e+001 -2.1849165e+001 -2.0587402e+001 -2.0121933e+001
  2.0000000e-001 -2.1774393e+001 -2.2327827e+001 -2.1942041e+001 -2.0626135e+001 -2.0266308e+001
  2.0666667e-001 -2.2093245e+001 -2.2542496e+001 -2.2048634e+001 -2.0671587e+001 -2.0403385e+001
  2.1333333e-001 -2.2484499e+001 -2.2826157e+001 -2.2179977e+001 -2.0743273e+001 -2.0613359e+001
  2.2000000e-001 -2.2925346e+001 -2.3130102e+001 -2.2340393e+001 -2.0762890e+001 -2.0790268e+001
  2.2666667e-001 -2.3362198e+001 -2.3476862e+001 -2.2523521e+001 -2.0811707e+001 -2.0977369e+001
  2.3333333e-001 -2.3885954e+001 -2.3865211e+001 -2.2789268e+001 -2.0918379e+001 -2.1209652e+001
  2.4000000e-001 -2.4382126e+001 -2.4242392e+001 -2.3054356e+001 -2.1025856e+001 -2.1477722e+001
  2.4666667e-001 -2.4910118e+001 -2.4653667e+001 -2.3412630e+001 -2.1186890e+001 -2.1774134e+001
  2.5333333e-001 -2.5390169e+001 -2.5005966e+001 -2.3875412e+001 -2.1365753e+001 -2.2159161e+001
  2.6000000e-001 -2.5807966e+001 -2.5308338e+001 -2.4402151e+001 -2.1583899e+001 -2.2538258e+001
  2.6666667e-001 -2.6218576e+001 -2.5554022e+001 -2.5011003e+001 -2.1836649e+001 -2.2890572e+001
  2.7333333e-001 -2.6592131e+001 -2.5787008e+001 -2.5605671e+001 -2.2133204e+001 -2.3256092e+001
  2.8000000e-001 -2.6885147e+001 -2.5945448e+001 -2.6213167e+001 -2.2437456e+001 -2.3580667e+001
  2.8666667e-001 -2.7076006e+001 -2.6036118e+001 -2.6803555e+001 -2.2792086e+001 -2.3878056e+001
  2.9333333e-001 -2.7166241e+001 -2.6027573e+001 -2.7383278e+001 -2.3181732e+001 -2.4127665e+001
  3.0000000e-001 -2.7187271e+001 -2.5925255e+001 -2.7908075e+001 -2.3477957e+001 -2.4314682e+001
  3.0666667e-001 -2.7133270e+001 -2.5723028e+001 -2.8329781e+001 -2.3784369e+001 -2.4449274e+001
  3.1333333e-001 -2.7144882e+001 -2.5501158e+001 -2.8676506e+001 -2.4005564e+001 -2.4517925e+001
  3.2000000e-001 -2.7144035e+001 -2.5312241e+001 -2.8945826e+001 -2.4220715e+001 -2.4549047e+001
  3.2666667e-001 -2.7186504e+001 -2.5115170e+001 -2.9067852e+001 -2.4327158e+001 -2.4528118e+001
  3.3333333e-001 -2.7272432e+001 -2.4877888e+001 -2.9085709e+001 -2.4358147e+001 -2.4499599e+001
  3.4000000e-001 -2.7457376e+001 -2.4696463e+001 -2.9040554e+001 -2.4375578e+001 -2.4393476e+001
  3.4666667e-001 -2.7724342e+001 -2.4571756e+001 -2.8939598e+001 -2.4359610e+001 -2.4315266e+001
  3.5333333e-001 -2.8075590e+001 -2.4460108e+001 -2.8838583e+001 -2.4317915e+001 -2.4205160e+001
  3.6000000e-001 -2.8451643e+001 -2.4412714e+001 -2.8741180e+001 -2.4233166e+001 -2.4110010e+001
  3.6666667e-001 -2.8749653e+001 -2.4417768e+001 -2.8634377e+001 -2.4102972e+001 -2.4029505e+001
  3.7333333e-001 -2.8997114e+001 -2.4405445e+001 -2.8503065e+001 -2.4016874e+001 -2.3965979e+001
  3.8000000e-001 -2.9192417e+001 -2.4383627e+001 -2.8411650e+001 -2.3923079e+001 -2.3938231e+001
  3.8666667e-001 -2.9366314e+001 -2.4382683e+001 -2.8323586e+001 -2.3800844e+001 -2.3883970e+001
  3.9333333e-001 -2.9537666e+001 -2.4422644e+001 -2.8250597e+001 -2.3698608e+001 -2.3868145e+001
  4.0000000e-001 -2.9683168e+001 -2.4514832e+001 -2.8257425e+001 -2.3605412e+001 -2.3813179e+001
  4.0666667e-001 -2.9817799e+001 -2.4568853e+001 -2.8202868e+001 -2.3531765e+001 -2.3772297e+001
  4.1333333e-001 -2.9939413e+001 -2.4609247e+001 -2.8153610e+001 -2.3444580e+001 -2.3719027e+001
  4.2000000e-001 -3.0001200e+001 -2.4648705e+001 -2.8097116e+001 -2.3369669e+001 -2.3686602e+001
  4.2666667e-001 -3.0041727e+001 -2.4682457e+001 -2.8033653e+001 -2.3283611e+001 -2.3648912e+001
  4.3333333e-001 -3.0154507e+001 -2.4605059e+001 -2.7968809e+001 -2.3185480e+001 -2.3625290e+001
  4.4000000e-001 -3.0225803e+001 -2.4562014e+001 -2.7933077e+001 -2.3103710e+001 -2.3624256e+001
  4.4666667e-001 -3.0327847e+001 -2.4552263e+001 -2.7906363e+001 -2.3042311e+001 -2.3597126e+001
  4.5333333e-001 -3.0364746e+001 -2.4526320e+001 -2.7918880e+001 -2.3015324e+001 -2.3569040e+001
  4.6000000e-001 -3.0437256e+001 -2.4472872e+001 -2.7889021e+001 -2.3032591e+001 -2.3504400e+001
  4.6666667e-001 -3.0533070e+001 -2.4418535e+001 -2.7941061e+001 -2.3040443e+001 -2.3466269e+001
  4.7333333e-001 -3.0617813e+001 -2.4329910e+001 -2.7995232e+001 -2.3070587e+001 -2.3430244e+001
  4.8000000e-001 -3.0686981e+001 -2.4292521e+001 -2.8082115e+001 -2.3052435e+001 -2.3365595e+001
  4.8666667e-001 -3.0727556e+001 -2.4254257e+001 -2.8115238e+001 -2.3058704e+001 -2.3342281e+001
  4.9333333e-001 -3.0748306e+001 -2.4198256e+001 -2.8142080e+001 -2.3012436e+001 -2.3304691e+001
  5.0000000e-001 -3.0733366e+001 -2.4155802e+001 -2.8182552e+001 -2.2993637e+001 -2.3226648e+001
  5.0666667e-001 -3.0748232e+001 -2.4130447e+001 -2.8169868e+001 -2.2965263e+001 -2.3164244e+001
  5.1333333e-001 -3.0798286e+001 -2.4142925e+001 -2.8185204e+001 -2.2975180e+001 -2.3115368e+001
  5.2000000e-001 -3.0825481e+001 -2.4160583e+001 -2.8259741e+001 -2.2943441e+001 -2.3053772e+001
  5.2666667e-001 -3.0841368e+001 -2.4195078e+001 -2.8306433e+001 -2.2941322e+001 -2.2986547e+001
  5.3333333e-001 -3.0847815e+001 -2.4224663e+001 -2.8329287e+001 -2.2955835e+001 -2.2913610e+001
  5.4000000e-001 -3.0845100e+001 -2.4252914e+001 -2.8351795e+001 -2.2920782e+001 -2.2848637e+001
  5.4666667e-001 -3.0835962e+001 -2.4282473e+001 -2.8357220e+001 -2.2865227e+001 -2.2785278e+001
  5.5333333e-001 -3.0823477e+001 -2.4337391e+001 -2.8308498e+001 -2.2837635e+001 -2.2725731e+001
  5.6000000e-001 -3.0812742e+001 -2.4370426e+001 -2.8250216e+001 -2.2776339e+001 -2.2675528e+001
  5.6666667e-001 -3.0775661e+001 -2.4373129e+001 -2.8204885e+001 -2.2681381e+001 -2.2593031e+001
  5.7333333e-001 -3.0662298e+001 -2.4364693e+001 -2.8105761e+001 -2.2613277e+001 -2.2533670e+001
  5.8000000e-001 -3.0546000e+001 -2.4363073e+001 -2.7980078e+001 -2.2542252e+001 -2.2513514e+001
  5.8666667e-001 -3.0431673e+001 -2.4317022e+001 -2.7823168e+001 -2.2463398e+001 -2.2480532e+001
  5.9333333e-001 -3.0288864e+001 -2.4261501e+001 -2.7671747e+001 -2.2385454e+001 -2.2460985e+001
  6.0000000e-001 -3.0152113e+001 -2.4247461e+001 -2.7546154e+001 -2.2331839e+001 -2.2430098e+001
  6.0666667e-001 -3.0055344e+001 -2.4218445e+001 -2.7464672e+001 -2.2290644e+001 -2.2458023e+001
  6.1333333e-001 -2.9933847e+001 -2.4192936e+001 -2.7402205e+001 -2.2286156e+001 -2.2485762e+001
  6.2000000e-001 -2.9887211e+001 -2.4156322e+001 -2.7325642e+001 -2.2251682e+001 -2.2494234e+001
  6.2666667e-001 -2.9844112e+001 -2.4110508e+001 -2.7264954e+001 -2.2244514e+001 -2.2447435e+001
  6.3333333e-001 -2.9773443e+001 -2.4075747e+001 -2.7200396e+001 -2.2219461e+001 -2.2432945e+001
  6.4000000e-001 -2.9743319e+001 -2.4015306e+001 -2.7127497e+001 -2.2224459e+001 -2.2418600e+001
  6.4666667e-001 -2.9745102e+001 -2.3943428e+001 -2.7024132e+001 -2.2227028e+001 -2.2408577e+001
  6.5333333e-001 -2.9740622e+001 -2.3867191e+001 -2.6875071e+001 -2.2225538e+001 -2.2348780e+001
  6.6000000e-001 -2.9711742e+001 -2.3777792e+001 -2.6720165e+001 -2.2198210e+001 -2.2302284e+001
  6.6666667e-001 -2.9666077e+001 -2.3615299e+001 -2.6598316e+001 -2.2216990e+001 -2.2276112e+001
  6.7333333e-001 -2.9624836e+001 -2.3498234e+001 -2.6452267e+001 -2.2176647e+001 -2.2217690e+001
  6.8000000e-001 -2.9594036e+001 -2.3357889e+001 -2.6321518e+001 -2.2187202e+001 -2.2194904e+001
  6.8666667e-001 -2.9501261e+001 -2.3228313e+001 -2.6183390e+001 -2.2163591e+001 -2.2153244e+001
  6.9333333e-001 -2.9433266e+001 -2.3146549e+001 -2.6084709e+001 -2.2145033e+001 -2.2117964e+001
  7.0000000e-001 -2.9344843e+001 -2.3042776e+001 -2.5995253e+001 -2.2168383e+001 -2.2095398e+001
  7.0666667e-001 -2.9240816e+001 -2.2954861e+001 -2.5851442e+001 -2.2197166e+001 -2.2069344e+001
  7.1333333e-001 -2.9129631e+001 -2.2817337e+001 -2.5749748e+001 -2.2213989e+001 -2.2016647e+001
  7.2000000e-001 -2.9039232e+001 -2.2725752e+001 -2.5669249e+001 -2.2217138e+001 -2.1968004e+001
  7.2666667e-001 -2.8936777e+001 -2.2633291e+001 -2.5613031e+001 -2.2235741e+001 -2.1944014e+001
  7.3333333e-001 -2.8803699e+001 -2.2555399e+001 -2.5492275e+001 -2.2302876e+001 -2.1892773e+001
  7.4000000e-001 -2.8717117e+001 -2.2457272e+001 -2.5335974e+001 -2.2330452e+001 -2.1874369e+001
  7.4666667e-001 -2.8570147e+001 -2.2309883e+001 -2.5204754e+001 -2.2357256e+001 -2.1852497e+001
  7.5333333e-001 -2.8472193e+001 -2.2232115e+001 -2.5086582e+001 -2.2398666e+001 -2.1829685e+001
  7.6000000e-001 -2.8388567e+001 -2.2133629e+001 -2.4893457e+001 -2.2430540e+001 -2.1817053e+001
  7.6666667e-001 -2.8283493e+001 -2.2059469e+001 -2.4695421e+001 -2.2465609e+001 -2.1787420e+001
  7.7333333e-001 -2.8143124e+001 -2.1972845e+001 -2.4527365e+001 -2.2450136e+001 -2.1768129e+001
  7.8000000e-001 -2.8030367e+001 -2.1902197e+001 -2.4383291e+001 -2.2484478e+001 -2.1748974e+001
  7.8666667e-001 -2.7942751e+001 -2.1811974e+001 -2.4185970e+001 -2.2524055e+001 -2.1693001e+001
  7.9333333e-001 -2.7846937e+001 -2.1745972e+001 -2.3990932e+001 -2.2556332e+001 -2.1634378e+001
  8.0000000e-001 -2.7791538e+001 -2.1695036e+001 -2.3878813e+001 -2.2585266e+001 -2.1542879e+001
  8.0666667e-001 -2.7681927e+001 -2.1609329e+001 -2.3710424e+001 -2.2606707e+001 -2.1493822e+001
  8.1333333e-001 -2.7649200e+001 -2.1505301e+001 -2.3540110e+001 -2.2597591e+001 -2.1471277e+001
  8.2000000e-001 -2.7633230e+001 -2.1408838e+001 -2.3387051e+001 -2.2620131e+001 -2.1378649e+001
  8.2666667e-001 -2.7544662e+001 -2.1283192e+001 -2.3222317e+001 -2.2640051e+001 -2.1312666e+001
  8.3333333e-001 -2.7492193e+001 -2.1195168e+001 -2.3074823e+001 -2.2625456e+001 -2.1244633e+001
  8.4000000e-001 -2.7404593e+001 -2.1099579e+001 -2.2873615e+001 -2.2576239e+001 -2.1177679e+001
  8.4666667e-001 -2.7312180e+001 -2.0992550e+001 -2.2641037e+001 -2.2526936e+001 -2.1125509e+001
  8.5333333e-001 -2.7241020e+001 -2.0912344e+001 -2.2416388e+001 -2.2503229e+001 -2.1074476e+001
  8.6000000e-001 -2.7170042e+001 -2.0797029e+001 -2.2213392e+001 -2.2481495e+001 -2.0977060e+001
  8.6666667e-001 -2.7096996e+001 -2.0700825e+001 -2.1982994e+001 -2.2458668e+001 -2.0889591e+001
  8.7333333e-001 -2.6943127e+001 -2.0606028e+001 -2.1813955e+001 -2.2471239e+001 -2.0862923e+001
  8.8000000e-001 -2.6824116e+001 -2.0524820e+001 -2.1633150e+001 -2.2457130e+001 -2.0812244e+001
  8.8666667e-001 -2.6720055e+001 -2.0473808e+001 -2.1515087e+001 -2.2421957e+001 -2.0744993e+001
  8.9333333e-001 -2.6608629e+001 -2.0396292e+001 -2.1367987e+001 -2.2472507e+001 -2.0697788e+001
  9.0000000e-001 -2.6456600e+001 -2.0314623e+001 -2.1197086e+001 -2.2449690e+001 -2.0656012e+001
  9.0666667e-001 -2.6354334e+001 -2.0233955e+001 -2.1082327e+001 -2.2466459e+001 -2.0627644e+001
  9.1333333e-001 -2.6242201e+001 -2.0189598e+001 -2.0923969e+001 -2.2478458e+001 -2.0559650e+001
  9.2000000e-001 -2.6125217e+001 -2.0104595e+001 -2.0769911e+001 -2.2483036e+001 -2.0518175e+001
  9.2666667e-001 -2.6039879e+001 -2.0047327e+001 -2.0605471e+001 -2.2491581e+001 -2.0469923e+001
  9.3333333e-001 -2.5949646e+001 -2.0020723e+001 -2.0464651e+001 -2.2506166e+001 -2.0440166e+001
  9.4000000e-001 -2.5779465e+001 -1.9955265e+001 -2.0380516e+001 -2.2481901e+001 -2.0402517e+001
  9.4666667e-001 -2.5646614e+001 -1.9879524e+001 -2.0234627e+001 -2.2487066e+001 -2.0374865e+001
  9.5333333e-001 -2.5530094e+001 -1.9851921e+001 -2.0151154e+001 -2.2511517e+001 -2.0323101e+001
  9.6000000e-001 -2.5376947e+001 -1.9790823e+001 -2.0070095e+001 -2.2534479e+001 -2.0234434e+001
  9.6666667e-001 -2.5230600e+001 -1.9710545e+001 -1.9973480e+001 -2.2501089e+001 -2.0175339e+001
  9.7333333e-001 -2.5106960e+001 -1.9655947e+001 -1.9900045e+001 -2.2475239e+001 -2.0117393e+001
  9.8000000e-001 -2.5010868e+001 -1.9578598e+001 -1.9854912e+001 -2.2466949e+001 -2.0079500e+001
  9.8666667e-001 -2.4923161e+001 -1.9494570e+001 -1.9786800e+001 -2.2426683e+001 -2.0015514e+001
  9.9333333e-001 -2.4808691e+001 -1.9451309e+001 -1.9712641e+001 -2.2394377e+001 -1.9952726e+001
  1.0000000e+000 -2.4760874e+001 -1.9396799e+001 -1.9647972e+001 -2.2328373e+001 -1.9908411e+001
  1.0066667e+000 -2.4686787e+001 -1.9333372e+001 -1.9544188e+001 -2.2301369e+001 -1.9862823e+001
  1.0133333e+000 -2.4604013e+001 -1.9224943e+001 -1.9473909e+001 -2.2267546e+001 -1.9782114e+001
  1.0200000e+000 -2.4535982e+001 -1.9166515e+001 -1.9401188e+001 -2.2269753e+001 -1.9766548e+001
  1.0266667e+000 -2.4477688e+001 -1.9064325e+001 -1.9289671e+001 -2.2291037e+001 -1.9710878e+001
  1.0333333e+000 -2.4406033e+001 -1.9011372e+001 -1.9202795e+001 -2.2279192e+001 -1.9679029e+001
  1.0400000e+000 -2.4354858e+001 -1.9031124e+001 -1.9121567e+001 -2.2269932e+001 -1.9640377e+001
  1.0466667e+000 -2.4286156e+001 -1.9008022e+001 -1.9015585e+001 -2.2257378e+001 -1.9592596e+001
  1.0533333e+000 -2.4220098e+001 -1.8973936e+001 -1.8922485e+001 -2.2275362e+001 -1.9568087e+001
  1.0600000e+000 -2.4151600e+001 -1.9003845e+001 -1.8858900e+001 -2.2232637e+001 -1.9544355e+001
  1.0666667e+000 -2.4129419e+001 -1.8995066e+001 -1.8739906e+001 -2.2218296e+001 -1.9497086e+001
  1.0733333e+000 -2.4100645e+001 -1.9062691e+001 -1.8690380e+001 -2.2197004e+001 -1.9441326e+001
  1.0800000e+000 -2.4053385e+001 -1.9134916e+001 -1.8670883e+001 -2.2135368e+001 -1.9413145e+001
  1.0866667e+000 -2.4032732e+001 -1.9180460e+001 -1.8618797e+001 -2.2095585e+001 -1.9386568e+001
  1.0933333e+000 -2.3942152e+001 -1.9266647e+001 -1.8542130e+001 -2.2124138e+001 -1.9378040e+001
  1.1000000e+000 -2.3933704e+001 -1.9413254e+001 -1.8481203e+001 -2.2068081e+001 -1.9355024e+001
  1.1066667e+000 -2.3904533e+001 -1.9539640e+001 -1.8419716e+001 -2.2073988e+001 -1.9367085e+001
  1.1133333e+000 -2.3879704e+001 -1.9653996e+001 -1.8413595e+001 -2.2041790e+001 -1.9328154e+001
  1.1200000e+000 -2.3949099e+001 -1.9825800e+001 -1.8356674e+001 -2.2012716e+001 -1.9276243e+001
  1.1266667e+000 -2.3950033e+001 -2.0050581e+001 -1.8310757e+001 -2.2026264e+001 -1.9268562e+001
  1.1333333e+000 -2.3989794e+001 -2.0302294e+001 -1.8270758e+001 -2.2004213e+001 -1.9250927e+001
  1.1400000e+000 -2.4048737e+001 -2.0573847e+001 -1.8195883e+001 -2.1984188e+001 -1.9295523e+001
  1.1466667e+000 -2.4113317e+001 -2.0943914e+001 -1.8108185e+001 -2.1985363e+001 -1.9326824e+001
  1.1533333e+000 -2.4759130e+001 -2.1379316e+001 -1.8042643e+001 -2.1950352e+001 -1.9357376e+001
  1.1600000e+000 -2.4704046e+001 -2.1876268e+001 -1.7942591e+001 -2.1907328e+001 -1.9359339e+001
  1.1666667e+000 -2.4221666e+001 -2.2384375e+001 -1.7856325e+001 -2.1890858e+001 -1.9348934e+001
  1.1733333e+000 -2.4289707e+001 -2.2890738e+001 -1.7248167e+001 -2.1938299e+001 -1.9338329e+001
  1.1800000e+000 -2.4296665e+001 -2.3444403e+001 -1.7776604e+001 -2.2001999e+001 -1.9335056e+001
  1.1866667e+000 -2.4310471e+001 -2.3971306e+001 -1.7825603e+001 -2.2031813e+001 -1.9326735e+001
  1.1933333e+000 -2.4267832e+001 -2.4571030e+001 -1.7819546e+001 -2.2021023e+001 -1.9274717e+001
  1.2000000e+000 -2.4349283e+001 -2.5175489e+001 -1.7781231e+001 -2.2108883e+001 -1.9266495e+001
  1.2066667e+000 -2.4504780e+001 -2.5810110e+001 -1.7817814e+001 -2.2153435e+001 -1.9250010e+001
  1.2133333e+000 -2.4514172e+001 -2.6473980e+001 -1.7840755e+001 -2.2219065e+001 -1.9209463e+001
  1.2200000e+000 -2.4572983e+001 -2.7163385e+001 -1.7878248e+001 -2.2290279e+001 -1.9252684e+001
  1.2266667e+000 -2.4613232e+001 -2.7911501e+001 -1.7853542e+001 -2.2388124e+001 -1.9257441e+001
  1.2333333e+000 -2.4716839e+001 -2.8692072e+001 -1.7838829e+001 -2.2505999e+001 -1.9263588e+001
  1.2400000e+000 -2.4823473e+001 -2.9467844e+001 -1.7900396e+001 -2.2591459e+001 -1.9296520e+001
  1.2466667e+000 -2.4895853e+001 -3.0269371e+001 -1.7937374e+001 -2.2614780e+001 -1.9308430e+001
  1.2533333e+000 -2.4987196e+001 -3.1179302e+001 -1.8601870e+001 -2.2701818e+001 -1.9363863e+001
  1.2600000e+000 -2.5143429e+001 -3.2079975e+001 -1.8667299e+001 -2.2783581e+001 -1.9419407e+001
  1.2666667e+000 -2.5892111e+001 -3.3001835e+001 -1.7972761e+001 -2.2849264e+001 -1.9482502e+001
  1.2733333e+000 -2.5246931e+001 -3.4025795e+001 -1.7999441e+001 -2.2927814e+001 -1.9527273e+001
  1.2800000e+000 -2.5376953e+001 -3.4979679e+001 -1.7989109e+001 -2.3020790e+001 -1.9607632e+001
  1.2866667e+000 -2.5486115e+001 -3.5936310e+001 -1.7952070e+001 -2.3095570e+001 -1.9626005e+001
  1.2933333e+000 -2.5526121e+001 -3.6877510e+001 -1.7922523e+001 -2.3181211e+001 -1.9662060e+001
  1.3000000e+000 -2.5635098e+001 -3.7884663e+001 -1.7929306e+001 -2.3255053e+001 -1.9746534e+001
  1.3066667e+000 -2.5690556e+001 -3.8838272e+001 -1.7986929e+001 -2.3329025e+001 -1.9769941e+001
  1.3133333e+000 -2.5767435e+001 -3.9795742e+001 -1.8038134e+001 -2.3402718e+001 -1.9835392e+001
  1.3200000e+000 -2.5789728e+001 -4.0759335e+001 -1.8102991e+001 -2.3485941e+001 -1.9880640e+001
  1.3266667e+000 -2.5718590e+001 -4.1742111e+001 -1.8107334e+001 -2.3574623e+001 -1.9917141e+001
  1.3333333e+000 -2.5665550e+001 -4.2744934e+001 -1.8171856e+001 -2.3654018e+001 -1.9966167e+001
  1.3400000e+000 -2.5650219e+001 -4.3837837e+001 -1.8163309e+001 -2.3736502e+001 -2.0047514e+001
  1.3466667e+000 -2.5620487e+001 -4.4954132e+001 -1.8176798e+001 -2.3768509e+001 -2.0082596e+001
  1.3533333e+000 -2.5588383e+001 -4.5960842e+001 -1.8164745e+001 -2.3833548e+001 -2.0154684e+001
  1.3600000e+000 -2.5662739e+001 -4.6816242e+001 -1.8189550e+001 -2.3901928e+001 -2.0222034e+001
  1.3666667e+000 -2.5743017e+001 -4.7439411e+001 -1.8240744e+001 -2.3947536e+001 -2.0285002e+001
  1.3733333e+000 -2.5728029e+001 -4.7907616e+001 -1.8265926e+001 -2.4007082e+001 -2.0374971e+001
  1.3800000e+000 -2.5781666e+001 -4.8169449e+001 -1.8300840e+001 -2.4060946e+001 -2.0480732e+001
  1.3866667e+000 -2.5842216e+001 -4.8242458e+001 -1.8333551e+001 -2.4104534e+001 -2.0599630e+001
  1.3933333e+000 -2.5842348e+001 -4.8238407e+001 -1.8361340e+001 -2.4152655e+001 -2.0687334e+001
  1.4000000e+000 -2.5921829e+001 -4.8113632e+001 -1.8458817e+001 -2.4214008e+001 -2.0743372e+001
  1.4066667e+000 -2.5953615e+001 -4.7858181e+001 -1.8589180e+001 -2.4240461e+001 -2.0816389e+001
  1.4133333e+000 -2.6003294e+001 -4.7487087e+001 -1.8708906e+001 -2.4282051e+001 -2.0934198e+001
  1.4200000e+000 -2.6065866e+001 -4.7036091e+001 -1.8882401e+001 -2.4335819e+001 -2.1009291e+001
  1.4266667e+000 -2.6074289e+001 -4.6572880e+001 -1.9054197e+001 -2.4373867e+001 -2.1094046e+001
  1.4333333e+000 -2.6143021e+001 -4.6098526e+001 -1.9258453e+001 -2.4421047e+001 -2.1190359e+001
  1.4400000e+000 -2.6176821e+001 -4.5664944e+001 -1.9585855e+001 -2.4475525e+001 -2.1293764e+001
  1.4466667e+000 -2.6223904e+001 -4.5358540e+001 -1.9858624e+001 -2.4541767e+001 -2.1403202e+001
  1.4533333e+000 -2.6264597e+001 -4.5037636e+001 -2.0131710e+001 -2.4624084e+001 -2.1487616e+001
  1.4600000e+000 -2.6281101e+001 -4.4834499e+001 -2.0437651e+001 -2.4661758e+001 -2.1590607e+001
  1.4666667e+000 -2.6258913e+001 -4.4702782e+001 -2.0681196e+001 -2.4648058e+001 -2.1687031e+001
  1.4733333e+000 -2.6289936e+001 -4.4686707e+001 -2.0910418e+001 -2.4718355e+001 -2.1812065e+001
  1.4800000e+000 -2.6310860e+001 -4.4730949e+001 -2.1089514e+001 -2.4787214e+001 -2.1920120e+001
  1.4866667e+000 -2.6299356e+001 -4.4791187e+001 -2.1298416e+001 -2.4823685e+001 -2.2007683e+001
  1.4933333e+000 -2.6349133e+001 -4.4838776e+001 -2.1518612e+001 -2.4853853e+001 -2.2085726e+001
  1.5000000e+000 -2.6367950e+001 -4.4808716e+001 -2.1812309e+001 -2.4926302e+001 -2.2197008e+001
  1.5066667e+000 -2.6382568e+001 -4.4733326e+001 -2.2070694e+001 -2.4988764e+001 -2.2278496e+001
  1.5133333e+000 -2.6401495e+001 -4.4684155e+001 -2.2298748e+001 -2.5042686e+001 -2.2363871e+001
  1.5200000e+000 -2.6410801e+001 -4.4611916e+001 -2.2584066e+001 -2.5122690e+001 -2.2478636e+001
  1.5266667e+000 -2.6439512e+001 -4.4570728e+001 -2.2836458e+001 -2.5179783e+001 -2.2578749e+001
  1.5333333e+000 -2.6479843e+001 -4.4541744e+001 -2.3045631e+001 -2.5222572e+001 -2.2681684e+001
  1.5400000e+000 -2.6550152e+001 -4.4603863e+001 -2.3213352e+001 -2.5246965e+001 -2.2775795e+001
  1.5466667e+000 -2.6639687e+001 -4.4664852e+001 -2.3416567e+001 -2.5275492e+001 -2.2857405e+001
  1.5533333e+000 -2.6745874e+001 -4.4729298e+001 -2.3565479e+001 -2.5271873e+001 -2.2956223e+001
  1.5600000e+000 -2.6912445e+001 -4.4788830e+001 -2.3703835e+001 -2.5296682e+001 -2.3042065e+001
  1.5666667e+000 -2.7042702e+001 -4.4887562e+001 -2.3852663e+001 -2.5310232e+001 -2.3122276e+001
  1.5733333e+000 -2.7197216e+001 -4.5028442e+001 -2.3948385e+001 -2.5301748e+001 -2.3211029e+001
  1.5800000e+000 -2.7366104e+001 -4.5155788e+001 -2.4074430e+001 -2.5296013e+001 -2.3308226e+001
  1.5866667e+000 -2.7542328e+001 -4.5346390e+001 -2.4144640e+001 -2.5303814e+001 -2.3397758e+001
  1.5933333e+000 -2.7738033e+001 -4.5597355e+001 -2.4178783e+001 -2.5284122e+001 -2.3510658e+001
  1.6000000e+000 -2.7864845e+001 -4.5856472e+001 -2.4214390e+001 -2.5252182e+001 -2.3565012e+001
  1.6066667e+000 -2.8030893e+001 -4.6084957e+001 -2.4226519e+001 -2.5264145e+001 -2.3650482e+001
  1.6133333e+000 -2.8169743e+001 -4.6278152e+001 -2.4254341e+001 -2.5218466e+001 -2.3758900e+001
  1.6200000e+000 -2.8301817e+001 -4.6469479e+001 -2.4266207e+001 -2.5203472e+001 -2.3877663e+001
  1.6266667e+000 -2.8426735e+001 -4.6660557e+001 -2.4311045e+001 -2.5199133e+001 -2.3979172e+001
  1.6333333e+000 -2.8501192e+001 -4.6899654e+001 -2.4357517e+001 -2.5180914e+001 -2.4058455e+001
  1.6400000e+000 -2.8574081e+001 -4.7188885e+001 -2.4404234e+001 -2.5188919e+001 -2.4151808e+001
  1.6466667e+000 -2.8637230e+001 -4.7463970e+001 -2.4439178e+001 -2.5214188e+001 -2.4233675e+001
  1.6533333e+000 -2.8630854e+001 -4.7763699e+001 -2.4544422e+001 -2.5192762e+001 -2.4291723e+001
  1.6600000e+000 -2.8637432e+001 -4.8082333e+001 -2.4667614e+001 -2.5171202e+001 -2.4347372e+001
  1.6666667e+000 -2.8678598e+001 -4.8420300e+001 -2.4769926e+001 -2.5215307e+001 -2.4424892e+001
  1.6733333e+000 -2.8656639e+001 -4.8759621e+001 -2.4882250e+001 -2.5237947e+001 -2.4489922e+001
  1.6800000e+000 -2.8628468e+001 -4.9145798e+001 -2.5035185e+001 -2.5241049e+001 -2.4527000e+001
  1.6866667e+000 -2.8613125e+001 -4.9612835e+001 -2.5152712e+001 -2.5264090e+001 -2.4540577e+001
  1.6933333e+000 -2.8584881e+001 -5.0017872e+001 -2.5260561e+001 -2.5291426e+001 -2.4556204e+001
  1.7000000e+000 -2.8532230e+001 -5.0405609e+001 -2.5362747e+001 -2.5280079e+001 -2.4601765e+001
  1.7066667e+000 -2.8491547e+001 -5.0871216e+001 -2.5436117e+001 -2.5264784e+001 -2.4643721e+001
  1.7133333e+000 -2.8470013e+001 -5.1299850e+001 -2.5516073e+001 -2.5293468e+001 -2.4664528e+001
  1.7200000e+000 -2.8465422e+001 -5.1756695e+001 -2.5590796e+001 -2.5273344e+001 -2.4658709e+001
  1.7266667e+000 -2.8432117e+001 -5.2247066e+001 -2.5654726e+001 -2.5239197e+001 -2.4654676e+001
  1.7333333e+000 -2.8418015e+001 -5.2742439e+001 -2.5698008e+001 -2.5243383e+001 -2.4668236e+001
  1.7400000e+000 -2.8426174e+001 -5.3265705e+001 -2.5763334e+001 -2.5237886e+001 -2.4685959e+001
  1.7466667e+000 -2.8463436e+001 -5.3664303e+001 -2.5824430e+001 -2.5193882e+001 -2.4699297e+001
  1.7533333e+000 -2.8527504e+001 -5.4137363e+001 -2.5896116e+001 -2.5195766e+001 -2.4699347e+001
  1.7600000e+000 -2.8549006e+001 -5.4629246e+001 -2.6002661e+001 -2.5173256e+001 -2.4671637e+001
  1.7666667e+000 -2.8557081e+001 -5.5076206e+001 -2.6095211e+001 -2.5149284e+001 -2.4634975e+001
  1.7733333e+000 -2.8597889e+001 -5.5470001e+001 -2.6154947e+001 -2.5145475e+001 -2.4627808e+001
  1.7800000e+000 -2.8654305e+001 -5.5756828e+001 -2.6228239e+001 -2.5080717e+001 -2.4626322e+001
  1.7866667e+000 -2.8737875e+001 -5.6162029e+001 -2.6257368e+001 -2.5061182e+001 -2.4606762e+001
  1.7933333e+000 -2.8777700e+001 -5.6102516e+001 -2.6295521e+001 -2.5041719e+001 -2.4585262e+001
  1.8000000e+000 -2.8833828e+001 -5.5890255e+001 -2.6351341e+001 -2.5043030e+001 -2.4569834e+001
  1.8066667e+000 -2.8834385e+001 -5.6884266e+001 -2.6392511e+001 -2.4996004e+001 -2.4549070e+001
  1.8133333e+000 -2.8869196e+001 -5.5210484e+001 -2.6428225e+001 -2.4985802e+001 -2.4565607e+001
  1.8200000e+000 -2.8898895e+001 -5.5033287e+001 -2.6466064e+001 -2.4951191e+001 -2.4548946e+001
  1.8266667e+000 -2.8891769e+001 -5.5194103e+001 -2.6481480e+001 -2.4928112e+001 -2.4459375e+001
  1.8333333e+000 -2.8938375e+001 -5.5732784e+001 -2.6514832e+001 -2.4898584e+001 -2.4459394e+001
  1.8400000e+000 -2.8944748e+001 -5.6552490e+001 -2.6564404e+001 -2.4899403e+001 -2.4441214e+001
  1.8466667e+000 -2.8966139e+001 -5.7185238e+001 -2.6591061e+001 -2.4906631e+001 -2.4433640e+001
  1.8533333e+000 -2.8960039e+001 -5.7627468e+001 -2.6634340e+001 -2.4875931e+001 -2.4428659e+001
  1.8600000e+000 -2.8961706e+001 -5.7921448e+001 -2.6672375e+001 -2.4868454e+001 -2.4418888e+001
  1.8666667e+000 -2.8985760e+001 -5.8086922e+001 -2.6690107e+001 -2.4850960e+001 -2.4452745e+001
  1.8733333e+000 -2.9009886e+001 -5.8283001e+001 -2.6753908e+001 -2.4821751e+001 -2.4436108e+001
  1.8800000e+000 -2.8992998e+001 -5.8453335e+001 -2.6792381e+001 -2.4810339e+001 -2.4439388e+001
  1.8866667e+000 -2.9001554e+001 -5.8508369e+001 -2.6807873e+001 -2.4790632e+001 -2.4475624e+001
  1.8933333e+000 -2.8994236e+001 -5.8715004e+001 -2.6802505e+001 -2.4771019e+001 -2.4532690e+001
  1.9000000e+000 -2.9006908e+001 -5.8964634e+001 -2.6832500e+001 -2.4748024e+001 -2.4565395e+001
  1.9066667e+000 -2.9016321e+001 -5.9133503e+001 -2.6822725e+001 -2.4715014e+001 -2.4560465e+001
  1.9133333e+000 -2.9031805e+001 -5.9249687e+001 -2.6844660e+001 -2.4690369e+001 -2.4575733e+001
  1.9200000e+000 -2.9022192e+001 -5.9371243e+001 -2.6822880e+001 -2.4695097e+001 -2.4617292e+001
  1.9266667e+000 -2.9010300e+001 -5.9456100e+001 -2.6790493e+001 -2.4664595e+001 -2.4691050e+001
  1.9333333e+000 -2.8975876e+001 -5.9404999e+001 -2.6816591e+001 -2.4657078e+001 -2.4718161e+001
  1.9400000e+000 -2.8926426e+001 -5.9401779e+001 -2.6829252e+001 -2.4584362e+001 -2.4741184e+001
  1.9466667e+000 -2.8899128e+001 -5.9367561e+001 -2.6860159e+001 -2.4552341e+001 -2.4768080e+001
  1.9533333e+000 -2.8889702e+001 -5.9314175e+001 -2.6884399e+001 -2.4516193e+001 -2.4801933e+001
  1.9600000e+000 -2.8872177e+001 -5.9206738e+001 -2.6900454e+001 -2.4469208e+001 -2.4841810e+001
  1.9666667e+000 -2.8858763e+001 -5.9096081e+001 -2.6956083e+001 -2.4449348e+001 -2.4884888e+001
  1.9733333e+000 -2.8845112e+001 -5.9000847e+001 -2.7009722e+001 -2.4412359e+001 -2.4897377e+001
  1.9800000e+000 -2.8872070e+001 -5.8783882e+001 -2.7037342e+001 -2.4405760e+001 -2.4924301e+001
  1.9866667e+000 -2.8843643e+001 -5.8221714e+001 -2.7100473e+001 -2.4375580e+001 -2.4953749e+001
  1.9933333e+000 -2.8856327e+001 -5.7988102e+001 -2.7081585e+001 -2.4353790e+001 -2.5024748e+001
  2.0000000e+000 -2.8886503e+001 -5.7605331e+001 -2.7071642e+001 -2.4312994e+001 -2.5066671e+001
