 -5.0000000e-001 -2.0523060e+001 -1.9693768e+001 -2.0231148e+001 -2.1622059e+001 -2.1114227e+001
 -4.9333333e-001 -2.0535406e+001 -1.9663555e+001 -2.0237392e+001 -2.1624876e+001 -2.1115313e+001
 -4.8666667e-001 -2.0541082e+001 -1.9656612e+001 -2.0235340e+001 -2.1639904e+001 -2.1118818e+001
 -4.8000000e-001 -2.0522629e+001 -1.9654333e+001 -2.0236834e+001 -2.1642870e+001 -2.1113087e+001
 -4.7333333e-001 -2.0513977e+001 -1.9633207e+001 -2.0215216e+001 -2.1625210e+001 -2.1099827e+001
 -4.6666667e-001 -2.0507261e+001 -1.9645668e+001 -2.0235815e+001 -2.1633282e+001 -2.1116781e+001
 -4.6000000e-001 -2.0493410e+001 -1.9666861e+001 -2.0238358e+001 -2.1625410e+001 -2.1113689e+001
 -4.5333333e-001 -2.0502882e+001 -1.9675825e+001 -2.0225645e+001 -2.1647753e+001 -2.1088804e+001
 -4.4666667e-001 -2.0504812e+001 -1.9675558e+001 -2.0219730e+001 -2.1644201e+001 -2.1103447e+001
 -4.4000000e-001 -2.0515480e+001 -1.9676287e+001 -2.0224409e+001 -2.1653347e+001 -2.1111338e+001
 -4.3333333e-001 -2.0504675e+001 -1.9691622e+001 -2.0229301e+001 -2.1631243e+001 -2.1100761e+001
 -4.2666667e-001 -2.0506786e+001 -1.9685379e+001 -2.0220015e+001 -2.1655504e+001 -2.1109789e+001
 -4.2000000e-001 -2.0512691e+001 -1.9702265e+001 -2.0215879e+001 -2.1653986e+001 -2.1131340e+001
 -4.1333333e-001 -2.0508924e+001 -1.9722044e+001 -2.0198980e+001 -2.1654520e+001 -2.1121609e+001
 -4.0666667e-001 -2.0533482e+001 -1.9759117e+001 -2.0214539e+001 -2.1663534e+001 -2.1106426e+001
 -4.0000000e-001 -2.0501766e+001 -1.9750097e+001 -2.0216291e+001 -2.1662622e+001 -2.1102121e+001
 -3.9333333e-001 -2.0483124e+001 -1.9760479e+001 -2.0198433e+001 -2.1684996e+001 -2.1107985e+001
 -3.8666667e-001 -2.0494501e+001 -1.9762131e+001 -2.0192961e+001 -2.1666357e+001 -2.1095013e+001
 -3.8000000e-001 -2.0493986e+001 -1.9744101e+001 -2.0197994e+001 -2.1661209e+001 -2.1108036e+001
 -3.7333333e-001 -2.0510733e+001 -1.9762304e+001 -2.0190611e+001 -2.1671700e+001 -2.1150913e+001
 -3.6666667e-001 -2.0511606e+001 -1.9744852e+001 -2.0214607e+001 -2.1693970e+001 -2.1117397e+001
 -3.6000000e-001 -2.0518091e+001 -1.9723248e+001 -2.0202486e+001 -2.1707935e+001 -2.1130520e+001
 -3.5333333e-001 -2.0519793e+001 -1.9739225e+001 -2.0200443e+001 -2.1674513e+001 -2.1142658e+001
 -3.4666667e-001 -2.0508816e+001 -1.9740566e+001 -2.0190559e+001 -2.1653931e+001 -2.1116150e+001
 -3.4000000e-001 -2.0513315e+001 -1.9724022e+001 -2.0177618e+001 -2.1674374e+001 -2.1112322e+001
 -3.3333333e-001 -2.0512003e+001 -1.9718925e+001 -2.0170607e+001 -2.1679981e+001 -2.1140345e+001
 -3.2666667e-001 -2.0493839e+001 -1.9720411e+001 -2.0189505e+001 -2.1678083e+001 -2.1131359e+001
 -3.2000000e-001 -2.0490595e+001 -1.9710777e+001 -2.0208746e+001 -2.1676701e+001 -2.1129082e+001
 -3.1333333e-001 -2.0521616e+001 -1.9702593e+001 -2.0185726e+001 -2.1667723e+001 -2.1122400e+001
 -3.0666667e-001 -2.0522354e+001 -1.9717896e+001 -2.0177816e+001 -2.1659233e+001 -2.1144943e+001
 -3.0000000e-001 -2.0513494e+001 -1.9717402e+001 -2.0198595e+001 -2.1660641e+001 -2.1158138e+001
 -2.9333333e-001 -2.0521690e+001 -1.9743624e+001 -2.0206930e+001 -2.1680183e+001 -2.1164734e+001
 -2.8666667e-001 -2.0529337e+001 -1.9731161e+001 -2.0199062e+001 -2.1689049e+001 -2.1177511e+001
 -2.8000000e-001 -2.0532808e+001 -1.9732594e+001 -2.0199802e+001 -2.1678890e+001 -2.1183483e+001
 -2.7333333e-001 -2.0522701e+001 -1.9732540e+001 -2.0198172e+001 -2.1675663e+001 -2.1186411e+001
 -2.6666667e-001 -2.0528736e+001 -1.9745846e+001 -2.0190125e+001 -2.1646893e+001 -2.1186426e+001
 -2.6000000e-001 -2.0548765e+001 -1.9747330e+001 -2.0204546e+001 -2.1667793e+001 -2.1184326e+001
 -2.5333333e-001 -2.0534597e+001 -1.9758680e+001 -2.0209843e+001 -2.1671799e+001 -2.1176817e+001
 -2.4666667e-001 -2.0546988e+001 -1.9769695e+001 -2.0197289e+001 -2.1683588e+001 -2.1191607e+001
 -2.4000000e-001 -2.0550613e+001 -1.9761547e+001 -2.0195711e+001 -2.1674025e+001 -2.1201225e+001
 -2.3333333e-001 -2.0551262e+001 -1.9738983e+001 -2.0190477e+001 -2.1690607e+001 -2.1191650e+001
 -2.2666667e-001 -2.0536720e+001 -1.9751034e+001 -2.0190647e+001 -2.1705032e+001 -2.1201916e+001
 -2.2000000e-001 -2.0549944e+001 -1.9744736e+001 -2.0182970e+001 -2.1690208e+001 -2.1190374e+001
 -2.1333333e-001 -2.0577202e+001 -1.9749132e+001 -2.0175045e+001 -2.1687721e+001 -2.1189890e+001
 -2.0666667e-001 -2.0587048e+001 -1.9761641e+001 -2.0170135e+001 -2.1700014e+001 -2.1180359e+001
 -2.0000000e-001 -2.0571880e+001 -1.9759594e+001 -2.0175970e+001 -2.1713686e+001 -2.1176994e+001
 -1.9333333e-001 -2.0598288e+001 -1.9745989e+001 -2.0169859e+001 -2.1720078e+001 -2.1152529e+001
 -1.8666667e-001 -2.0583012e+001 -1.9741249e+001 -2.0164949e+001 -2.1713730e+001 -2.1154879e+001
 -1.8000000e-001 -2.0578611e+001 -1.9753323e+001 -2.0173637e+001 -2.1741663e+001 -2.1140873e+001
 -1.7333333e-001 -2.0601610e+001 -1.9749092e+001 -2.0167706e+001 -2.1734556e+001 -2.1174471e+001
 -1.6666667e-001 -2.0608192e+001 -1.9756508e+001 -2.0155121e+001 -2.1716837e+001 -2.1184488e+001
 -1.6000000e-001 -2.0586885e+001 -1.9772039e+001 -2.0159866e+001 -2.1726120e+001 -2.1169842e+001
 -1.5333333e-001 -2.0594427e+001 -1.9770632e+001 -2.0153553e+001 -2.1721291e+001 -2.1155893e+001
 -1.4666667e-001 -2.0603458e+001 -1.9762407e+001 -2.0152176e+001 -2.1758636e+001 -2.1153856e+001
 -1.4000000e-001 -2.0602087e+001 -1.9761600e+001 -2.0161253e+001 -2.1752901e+001 -2.1143492e+001
 -1.3333333e-001 -2.0584576e+001 -1.9751682e+001 -2.0157665e+001 -2.1751343e+001 -2.1158089e+001
 -1.2666667e-001 -2.0584969e+001 -1.9756229e+001 -2.0142717e+001 -2.1753809e+001 -2.1152214e+001
 -1.2000000e-001 -2.0600479e+001 -1.9748920e+001 -2.0145786e+001 -2.1742105e+001 -2.1165152e+001
 -1.1333333e-001 -2.0602884e+001 -1.9774141e+001 -2.0136600e+001 -2.1757900e+001 -2.1169899e+001
 -1.0666667e-001 -2.0592009e+001 -1.9751415e+001 -2.0142820e+001 -2.1769863e+001 -2.1160187e+001
 -1.0000000e-001 -2.0612396e+001 -1.9767643e+001 -2.0150206e+001 -2.1754246e+001 -2.1179295e+001
 -9.3333333e-002 -2.0640820e+001 -1.9757023e+001 -2.0145634e+001 -2.1775743e+001 -2.1157040e+001
 -8.6666667e-002 -2.0654919e+001 -1.9761614e+001 -2.0154507e+001 -2.1750946e+001 -2.1144327e+001
 -8.0000000e-002 -2.0667053e+001 -1.9775530e+001 -2.0135202e+001 -2.1759804e+001 -2.1176958e+001
 -7.3333333e-002 -2.0684608e+001 -1.9772940e+001 -2.0123199e+001 -2.1783819e+001 -2.1170227e+001
 -6.6666667e-002 -2.0687521e+001 -1.9790527e+001 -2.0134981e+001 -2.1782320e+001 -2.1170597e+001
 -6.0000000e-002 -2.0698830e+001 -1.9777258e+001 -2.0155251e+001 -2.1736971e+001 -2.1129435e+001
 -5.3333333e-002 -2.0720804e+001 -1.9783808e+001 -2.0136450e+001 -2.1747559e+001 -2.1152018e+001
 -4.6666667e-002 -2.0709688e+001 -1.9777636e+001 -2.0139034e+001 -2.1779917e+001 -2.1165148e+001
 -4.0000000e-002 -2.0723288e+001 -1.9771584e+001 -2.0162827e+001 -2.1772825e+001 -2.1152655e+001
 -3.3333333e-002 -2.0742493e+001 -1.9764349e+001 -2.0165642e+001 -2.1761757e+001 -2.1126123e+001
 -2.6666667e-002 -2.0753189e+001 -1.9768183e+001 -2.0142046e+001 -2.1745834e+001 -2.1151628e+001
 -2.0000000e-002 -2.0753628e+001 -1.9766953e+001 -2.0136234e+001 -2.1767729e+001 -2.1155195e+001
 -1.3333333e-002 -2.0754257e+001 -1.9751942e+001 -2.0128128e+001 -2.1774111e+001 -2.1156748e+001
 -6.6666667e-003 -2.0732544e+001 -1.9755417e+001 -2.0126440e+001 -2.1764690e+001 -2.1141293e+001
  0.0000000e+000 -2.0710188e+001 -1.9758783e+001 -2.0128670e+001 -2.1771524e+001 -2.1154335e+001
  6.6666667e-003 -2.0700558e+001 -1.9755531e+001 -2.0130630e+001 -2.1759302e+001 -2.1143053e+001
  1.3333333e-002 -2.0706751e+001 -1.9738958e+001 -2.0121586e+001 -2.1763580e+001 -2.1141014e+001
  2.0000000e-002 -2.0672544e+001 -1.9753977e+001 -2.0131866e+001 -2.1762337e+001 -2.1163544e+001
  2.6666667e-002 -2.0663073e+001 -1.9762684e+001 -2.0152822e+001 -2.1766119e+001 -2.1156544e+001
  3.3333333e-002 -2.0700411e+001 -1.9786732e+001 -2.0166283e+001 -2.1797737e+001 -2.1203463e+001
  4.0000000e-002 -2.0699812e+001 -1.9800461e+001 -2.0219995e+001 -2.1841661e+001 -2.1261822e+001
  4.6666667e-002 -2.0704840e+001 -1.9820210e+001 -2.0250309e+001 -2.1898890e+001 -2.1286858e+001
  5.3333333e-002 -2.0762459e+001 -1.9851315e+001 -2.0266115e+001 -2.1916193e+001 -2.1323193e+001
  6.0000000e-002 -2.0784336e+001 -1.9879942e+001 -2.0271751e+001 -2.1952585e+001 -2.1341974e+001
  6.6666667e-002 -2.0819664e+001 -1.9885521e+001 -2.0323820e+001 -2.1964878e+001 -2.1359972e+001
  7.3333333e-002 -2.0823427e+001 -1.9924892e+001 -2.0342520e+001 -2.1987373e+001 -2.1386564e+001
  8.0000000e-002 -2.0847759e+001 -1.9890388e+001 -2.0345726e+001 -2.1987686e+001 -2.1397066e+001
  8.6666667e-002 -2.0841249e+001 -1.9901508e+001 -2.0348871e+001 -2.1983282e+001 -2.1414913e+001
  9.3333333e-002 -2.0844557e+001 -1.9920906e+001 -2.0341984e+001 -2.1979813e+001 -2.1439247e+001
  1.0000000e-001 -2.0869593e+001 -1.9942619e+001 -2.0389328e+001 -2.2010023e+001 -2.1452778e+001
  1.0666667e-001 -2.0885544e+001 -1.9965971e+001 -2.0411777e+001 -2.1989992e+001 -2.1480753e+001
  1.1333333e-001 -2.0883974e+001 -1.9971666e+001 -2.0429152e+001 -2.2000517e+001 -2.1522732e+001
  1.2000000e-001 -2.0868786e+001 -2.0000040e+001 -2.0488323e+001 -2.2069864e+001 -2.1581047e+001
  1.2666667e-001 -2.0918806e+001 -2.0011839e+001 -2.0529524e+001 -2.2104750e+001 -2.1626188e+001
  1.3333333e-001 -2.0938675e+001 -2.0055794e+001 -2.0583155e+001 -2.2106415e+001 -2.1681562e+001
  1.4000000e-001 -2.0942959e+001 -2.0105070e+001 -2.0675262e+001 -2.2107239e+001 -2.1734236e+001
  1.4666667e-001 -2.0983690e+001 -2.0106936e+001 -2.0745607e+001 -2.2091986e+001 -2.1777626e+001
  1.5333333e-001 -2.1030493e+001 -2.0118692e+001 -2.0836058e+001 -2.2092176e+001 -2.1820086e+001
  1.6000000e-001 -2.1094885e+001 -2.0143888e+001 -2.0930939e+001 -2.2099920e+001 -2.1859034e+001
  1.6666667e-001 -2.1196398e+001 -2.0195210e+001 -2.1043951e+001 -2.2119476e+001 -2.1921425e+001
  1.7333333e-001 -2.1315067e+001 -2.0279844e+001 -2.1156147e+001 -2.2158957e+001 -2.1912645e+001
  1.8000000e-001 -2.1450521e+001 -2.0358021e+001 -2.1293228e+001 -2.2189556e+001 -2.2010708e+001
  1.8666667e-001 -2.1600880e+001 -2.0487114e+001 -2.1452967e+001 -2.2226412e+001 -2.2129301e+001
  1.9333333e-001 -2.1795963e+001 -2.0600018e+001 -2.1649920e+001 -2.2279877e+001 -2.2252443e+001
  2.0000000e-001 -2.2007280e+001 -2.0705143e+001 -2.1842125e+001 -2.2288090e+001 -2.2384954e+001
  2.0666667e-001 -2.2271919e+001 -2.0863892e+001 -2.2030991e+001 -2.2367670e+001 -2.2551064e+001
  2.1333333e-001 -2.2595934e+001 -2.1017216e+001 -2.2314425e+001 -2.2388474e+001 -2.2753157e+001
  2.2000000e-001 -2.2946350e+001 -2.1189936e+001 -2.2646095e+001 -2.2437181e+001 -2.2981747e+001
  2.2666667e-001 -2.3385969e+001 -2.1395340e+001 -2.2982340e+001 -2.2470112e+001 -2.3250834e+001
  2.3333333e-001 -2.3879765e+001 -2.1632700e+001 -2.3370445e+001 -2.2509838e+001 -2.3578121e+001
  2.4000000e-001 -2.4410109e+001 -2.1912218e+001 -2.3805428e+001 -2.2545094e+001 -2.3980652e+001
  2.4666667e-001 -2.5016714e+001 -2.2167995e+001 -2.4317472e+001 -2.2593084e+001 -2.4448017e+001
  2.5333333e-001 -2.5645477e+001 -2.2445230e+001 -2.4827400e+001 -2.2638084e+001 -2.5011631e+001
  2.6000000e-001 -2.6261799e+001 -2.2749279e+001 -2.5332262e+001 -2.2680304e+001 -2.5663683e+001
  2.6666667e-001 -2.6845018e+001 -2.2988987e+001 -2.5808502e+001 -2.2723719e+001 -2.6368015e+001
  2.7333333e-001 -2.7362635e+001 -2.3204227e+001 -2.6231850e+001 -2.2790604e+001 -2.7119928e+001
  2.8000000e-001 -2.7813690e+001 -2.3432869e+001 -2.6623631e+001 -2.2850992e+001 -2.7883694e+001
  2.8666667e-001 -2.8084829e+001 -2.3621687e+001 -2.6951263e+001 -2.2926165e+001 -2.8606316e+001
  2.9333333e-001 -2.8260092e+001 -2.3731886e+001 -2.7171722e+001 -2.3036930e+001 -2.9284275e+001
  3.0000000e-001 -2.8388111e+001 -2.3854418e+001 -2.7239475e+001 -2.3160166e+001 -2.9891893e+001
  3.0666667e-001 -2.8437017e+001 -2.3923683e+001 -2.7203762e+001 -2.3273371e+001 -3.0366796e+001
  3.1333333e-001 -2.8484856e+001 -2.3917368e+001 -2.7111605e+001 -2.3372406e+001 -3.0769005e+001
  3.2000000e-001 -2.8494638e+001 -2.3901003e+001 -2.7005795e+001 -2.3527277e+001 -3.1110689e+001
  3.2666667e-001 -2.8536289e+001 -2.3847473e+001 -2.6858059e+001 -2.3682980e+001 -3.1362026e+001
  3.3333333e-001 -2.8607981e+001 -2.3784231e+001 -2.6745981e+001 -2.3836903e+001 -3.1560837e+001
  3.4000000e-001 -2.8724894e+001 -2.3734577e+001 -2.6658342e+001 -2.3993402e+001 -3.1616550e+001
  3.4666667e-001 -2.8877432e+001 -2.3654076e+001 -2.6615860e+001 -2.4118107e+001 -3.1626249e+001
  3.5333333e-001 -2.9062168e+001 -2.3534868e+001 -2.6554565e+001 -2.4195892e+001 -3.1567772e+001
  3.6000000e-001 -2.9255756e+001 -2.3530516e+001 -2.6551859e+001 -2.4243465e+001 -3.1483891e+001
  3.6666667e-001 -2.9489157e+001 -2.3502974e+001 -2.6593414e+001 -2.4275629e+001 -3.1366196e+001
  3.7333333e-001 -2.9750425e+001 -2.3487322e+001 -2.6639301e+001 -2.4262606e+001 -3.1263620e+001
  3.8000000e-001 -2.9995285e+001 -2.3492254e+001 -2.6708157e+001 -2.4249434e+001 -3.1092985e+001
  3.8666667e-001 -3.0231125e+001 -2.3467039e+001 -2.6787325e+001 -2.4221907e+001 -3.0902386e+001
  3.9333333e-001 -3.0504431e+001 -2.3478525e+001 -2.6880795e+001 -2.4152445e+001 -3.0661345e+001
  4.0000000e-001 -3.0868221e+001 -2.3472710e+001 -2.6996206e+001 -2.4131414e+001 -3.0380583e+001
  4.0666667e-001 -3.1295353e+001 -2.3443010e+001 -2.7047184e+001 -2.4096468e+001 -3.0085905e+001
  4.1333333e-001 -3.1868038e+001 -2.3427315e+001 -2.7098265e+001 -2.4078016e+001 -2.9778942e+001
  4.2000000e-001 -3.2552380e+001 -2.3419355e+001 -2.7161890e+001 -2.4053728e+001 -2.9444216e+001
  4.2666667e-001 -3.3308678e+001 -2.3393078e+001 -2.7167297e+001 -2.4024258e+001 -2.9088097e+001
  4.3333333e-001 -3.4165127e+001 -2.3334715e+001 -2.7176847e+001 -2.3940327e+001 -2.8694889e+001
  4.4000000e-001 -3.5140961e+001 -2.3247625e+001 -2.7175417e+001 -2.3872561e+001 -2.8333492e+001
  4.4666667e-001 -3.6213314e+001 -2.3168530e+001 -2.7178347e+001 -2.3787863e+001 -2.8033815e+001
  4.5333333e-001 -3.7330589e+001 -2.3120029e+001 -2.7192451e+001 -2.3712900e+001 -2.7738668e+001
  4.6000000e-001 -3.8425610e+001 -2.3099169e+001 -2.7237484e+001 -2.3666311e+001 -2.7530602e+001
  4.6666667e-001 -3.9433361e+001 -2.3082558e+001 -2.7278339e+001 -2.3596170e+001 -2.7349876e+001
  4.7333333e-001 -4.0355274e+001 -2.3032017e+001 -2.7312126e+001 -2.3577049e+001 -2.7157312e+001
  4.8000000e-001 -4.1148232e+001 -2.3005323e+001 -2.7355846e+001 -2.3585932e+001 -2.6943037e+001
  4.8666667e-001 -4.1754780e+001 -2.2979504e+001 -2.7387032e+001 -2.3550343e+001 -2.6767490e+001
  4.9333333e-001 -4.1987617e+001 -2.2970764e+001 -2.7376791e+001 -2.3493956e+001 -2.6592573e+001
  5.0000000e-001 -4.1677311e+001 -2.2955063e+001 -2.7341566e+001 -2.3478268e+001 -2.6375299e+001
  5.0666667e-001 -4.0829720e+001 -2.2932940e+001 -2.7301516e+001 -2.3472513e+001 -2.6152269e+001
  5.1333333e-001 -3.9542473e+001 -2.2906248e+001 -2.7223352e+001 -2.3433962e+001 -2.5953209e+001
  5.2000000e-001 -3.8045532e+001 -2.2884354e+001 -2.7127636e+001 -2.3373276e+001 -2.5767071e+001
  5.2666667e-001 -3.6590099e+001 -2.2870092e+001 -2.7019529e+001 -2.3345947e+001 -2.5614389e+001
  5.3333333e-001 -3.5395535e+001 -2.2920767e+001 -2.6955112e+001 -2.3305500e+001 -2.5450191e+001
  5.4000000e-001 -3.4442844e+001 -2.2953098e+001 -2.6862238e+001 -2.3285864e+001 -2.5261297e+001
  5.4666667e-001 -3.3585705e+001 -2.3001766e+001 -2.6807104e+001 -2.3268950e+001 -2.5076160e+001
  5.5333333e-001 -3.2684319e+001 -2.3026558e+001 -2.6731812e+001 -2.3266153e+001 -2.4888641e+001
  5.6000000e-001 -3.1646154e+001 -2.3049095e+001 -2.6721903e+001 -2.3268259e+001 -2.4703117e+001
  5.6666667e-001 -3.0576052e+001 -2.3120354e+001 -2.6707134e+001 -2.3212084e+001 -2.4483484e+001
  5.7333333e-001 -2.9607248e+001 -2.3140728e+001 -2.6666122e+001 -2.3193748e+001 -2.4334955e+001
  5.8000000e-001 -2.8848871e+001 -2.3216921e+001 -2.6668356e+001 -2.3195240e+001 -2.4183672e+001
  5.8666667e-001 -2.8337343e+001 -2.3288313e+001 -2.6652702e+001 -2.3146912e+001 -2.4012964e+001
  5.9333333e-001 -2.8023043e+001 -2.3385754e+001 -2.6613659e+001 -2.3078772e+001 -2.3893919e+001
  6.0000000e-001 -2.7927458e+001 -2.3416218e+001 -2.6528419e+001 -2.3016228e+001 -2.3788910e+001
  6.0666667e-001 -2.7891222e+001 -2.3456770e+001 -2.6442448e+001 -2.2972898e+001 -2.3698635e+001
  6.1333333e-001 -2.7752718e+001 -2.3507685e+001 -2.6375769e+001 -2.2911182e+001 -2.3623327e+001
  6.2000000e-001 -2.7414207e+001 -2.3545280e+001 -2.6305038e+001 -2.2850643e+001 -2.3509211e+001
  6.2666667e-001 -2.7010241e+001 -2.3584242e+001 -2.6218414e+001 -2.2818449e+001 -2.3382536e+001
  6.3333333e-001 -2.6569883e+001 -2.3554668e+001 -2.6144236e+001 -2.2737104e+001 -2.3247156e+001
  6.4000000e-001 -2.6073479e+001 -2.3527328e+001 -2.6063274e+001 -2.2697905e+001 -2.3122799e+001
  6.4666667e-001 -2.5509474e+001 -2.3493914e+001 -2.5985399e+001 -2.2666477e+001 -2.2996630e+001
  6.5333333e-001 -2.4936424e+001 -2.3470432e+001 -2.5884615e+001 -2.2616678e+001 -2.2834984e+001
  6.6000000e-001 -2.4335777e+001 -2.3437199e+001 -2.5816307e+001 -2.2515596e+001 -2.2702559e+001
  6.6666667e-001 -2.3756363e+001 -2.3392439e+001 -2.5791847e+001 -2.2480114e+001 -2.2543055e+001
  6.7333333e-001 -2.3181416e+001 -2.3351925e+001 -2.5727882e+001 -2.2436228e+001 -2.2389627e+001
  6.8000000e-001 -2.2725101e+001 -2.3257582e+001 -2.5657795e+001 -2.2379297e+001 -2.2206923e+001
  6.8666667e-001 -2.2451265e+001 -2.3213381e+001 -2.5564425e+001 -2.2370949e+001 -2.2039572e+001
  6.9333333e-001 -2.2229160e+001 -2.3135010e+001 -2.5560476e+001 -2.2375456e+001 -2.1826748e+001
  7.0000000e-001 -2.1954159e+001 -2.3073200e+001 -2.5508995e+001 -2.2343988e+001 -2.1603392e+001
  7.0666667e-001 -2.1688873e+001 -2.3036098e+001 -2.5410046e+001 -2.2297329e+001 -2.1424053e+001
  7.1333333e-001 -2.1464022e+001 -2.2939999e+001 -2.5354877e+001 -2.2251640e+001 -2.1210051e+001
  7.2000000e-001 -2.1298777e+001 -2.2815657e+001 -2.5297068e+001 -2.2248365e+001 -2.1004683e+001
  7.2666667e-001 -2.1187765e+001 -2.2736679e+001 -2.5207891e+001 -2.2222948e+001 -2.0845844e+001
  7.3333333e-001 -2.1183210e+001 -2.2702463e+001 -2.5133295e+001 -2.2162094e+001 -2.0643064e+001
  7.4000000e-001 -2.1237646e+001 -2.2626125e+001 -2.5041206e+001 -2.2096102e+001 -2.0450098e+001
  7.4666667e-001 -2.1404623e+001 -2.2519373e+001 -2.4984364e+001 -2.2041843e+001 -2.0282578e+001
  7.5333333e-001 -2.1452110e+001 -2.2459696e+001 -2.4902960e+001 -2.2001722e+001 -2.0112698e+001
  7.6000000e-001 -2.1492762e+001 -2.2361198e+001 -2.4865686e+001 -2.1976894e+001 -1.9985992e+001
  7.6666667e-001 -2.1533268e+001 -2.2285532e+001 -2.4819170e+001 -2.1917067e+001 -1.9812763e+001
  7.7333333e-001 -2.1532965e+001 -2.2215744e+001 -2.4788137e+001 -2.1866270e+001 -1.9637560e+001
  7.8000000e-001 -2.1658859e+001 -2.2127832e+001 -2.4724073e+001 -2.1806831e+001 -1.9495262e+001
  7.8666667e-001 -2.1500692e+001 -2.2016987e+001 -2.4635536e+001 -2.1727623e+001 -1.9383287e+001
  7.9333333e-001 -2.1458176e+001 -2.1922457e+001 -2.4568089e+001 -2.1653936e+001 -1.9263111e+001
  8.0000000e-001 -2.1482777e+001 -2.1868814e+001 -2.4533751e+001 -2.1600599e+001 -1.9137310e+001
  8.0666667e-001 -2.1433304e+001 -2.1794403e+001 -2.4422987e+001 -2.1562338e+001 -1.9040695e+001
  8.1333333e-001 -2.1351274e+001 -2.1717484e+001 -2.4320555e+001 -2.1494062e+001 -1.8928631e+001
  8.2000000e-001 -2.1240406e+001 -2.1650469e+001 -2.4226498e+001 -2.1422232e+001 -1.8784874e+001
  8.2666667e-001 -2.1163996e+001 -2.1592775e+001 -2.4144262e+001 -2.1319427e+001 -1.8708035e+001
  8.3333333e-001 -2.1146233e+001 -2.1538828e+001 -2.4131371e+001 -2.1259916e+001 -1.8600153e+001
  8.4000000e-001 -2.0971556e+001 -2.1527210e+001 -2.4081051e+001 -2.1256311e+001 -1.8485706e+001
  8.4666667e-001 -2.0715761e+001 -2.1495054e+001 -2.3991278e+001 -2.1239931e+001 -1.8383272e+001
  8.5333333e-001 -2.0393280e+001 -2.1495882e+001 -2.3921490e+001 -2.1197502e+001 -1.8280842e+001
  8.6000000e-001 -2.0246166e+001 -2.1483829e+001 -2.3830599e+001 -2.1149233e+001 -1.8358557e+001
  8.6666667e-001 -2.0159758e+001 -2.1498846e+001 -2.3760733e+001 -2.1108376e+001 -1.8058762e+001
  8.7333333e-001 -2.0066586e+001 -2.1518507e+001 -2.3710419e+001 -2.1081453e+001 -1.7913479e+001
  8.8000000e-001 -2.0005323e+001 -2.1505478e+001 -2.3617977e+001 -2.1069670e+001 -1.7746454e+001
  8.8666667e-001 -1.9971344e+001 -2.1495852e+001 -2.3534050e+001 -2.1055435e+001 -1.7724426e+001
  8.9333333e-001 -1.9952698e+001 -2.1492895e+001 -2.3483675e+001 -2.1042223e+001 -1.7607256e+001
  9.0000000e-001 -1.9999933e+001 -2.1502239e+001 -2.3392078e+001 -2.1045006e+001 -1.7499599e+001
  9.0666667e-001 -2.0047195e+001 -2.1481678e+001 -2.3348557e+001 -2.1051130e+001 -1.7444975e+001
  9.1333333e-001 -2.0129387e+001 -2.1448917e+001 -2.3285137e+001 -2.1061142e+001 -1.7327650e+001
  9.2000000e-001 -2.0207510e+001 -2.1434574e+001 -2.3260611e+001 -2.1037397e+001 -1.7181234e+001
  9.2666667e-001 -2.0272429e+001 -2.1424843e+001 -2.3221874e+001 -2.1047558e+001 -1.7203991e+001
  9.3333333e-001 -2.0343880e+001 -2.1378002e+001 -2.3194336e+001 -2.1031548e+001 -1.7200546e+001
  9.4000000e-001 -2.0364544e+001 -2.1351406e+001 -2.3200630e+001 -2.1041012e+001 -1.7095757e+001
  9.4666667e-001 -2.0376369e+001 -2.1322584e+001 -2.3236612e+001 -2.1053051e+001 -1.7056704e+001
  9.5333333e-001 -2.0419689e+001 -2.1328281e+001 -2.3223324e+001 -2.1024647e+001 -1.7054499e+001
  9.6000000e-001 -2.0476084e+001 -2.1343714e+001 -2.3181261e+001 -2.1017445e+001 -1.7041422e+001
  9.6666667e-001 -2.0505358e+001 -2.1379976e+001 -2.3222057e+001 -2.1035995e+001 -1.7014647e+001
  9.7333333e-001 -2.0543283e+001 -2.1388393e+001 -2.3225578e+001 -2.1033070e+001 -1.6873827e+001
  9.8000000e-001 -2.0592419e+001 -2.1406403e+001 -2.3247005e+001 -2.1065826e+001 -1.6883690e+001
  9.8666667e-001 -2.0590317e+001 -2.1419487e+001 -2.3261370e+001 -2.1034737e+001 -1.6846031e+001
  9.9333333e-001 -2.0569412e+001 -2.1442440e+001 -2.3277185e+001 -2.1022787e+001 -1.6802004e+001
  1.0000000e+000 -2.0584953e+001 -2.1443401e+001 -2.3319208e+001 -2.1054785e+001 -1.6854961e+001
  1.0066667e+000 -2.0589931e+001 -2.1478603e+001 -2.3310925e+001 -2.1081398e+001 -1.6816084e+001
  1.0133333e+000 -2.0580313e+001 -2.1484615e+001 -2.3262629e+001 -2.1075930e+001 -1.6714718e+001
  1.0200000e+000 -2.0609528e+001 -2.1445290e+001 -2.3253546e+001 -2.1084486e+001 -1.6644478e+001
  1.0266667e+000 -2.0647625e+001 -2.1423037e+001 -2.3267872e+001 -2.1105543e+001 -1.6623356e+001
  1.0333333e+000 -2.0724483e+001 -2.1378914e+001 -2.3246157e+001 -2.1116852e+001 -1.6522331e+001
  1.0400000e+000 -2.0801033e+001 -2.1339031e+001 -2.3211830e+001 -2.1135262e+001 -1.6504923e+001
  1.0466667e+000 -2.0951038e+001 -2.1330458e+001 -2.3215509e+001 -2.1157927e+001 -1.6533207e+001
  1.0533333e+000 -2.1019882e+001 -2.1270054e+001 -2.3225578e+001 -2.1171537e+001 -1.6441368e+001
  1.0600000e+000 -2.1087091e+001 -2.1222389e+001 -2.3174057e+001 -2.1154821e+001 -1.6425510e+001
  1.0666667e+000 -2.1124689e+001 -2.1204750e+001 -2.3120918e+001 -2.1169636e+001 -1.6473021e+001
  1.0733333e+000 -2.1168396e+001 -2.1224960e+001 -2.3089628e+001 -2.1164097e+001 -1.6494566e+001
  1.0800000e+000 -2.1231920e+001 -2.1247972e+001 -2.3103760e+001 -2.1186878e+001 -1.6536860e+001
  1.0866667e+000 -2.1329821e+001 -2.1278557e+001 -2.3089663e+001 -2.1180559e+001 -1.6502386e+001
  1.0933333e+000 -2.1375546e+001 -2.1304260e+001 -2.3041620e+001 -2.1185827e+001 -1.6527925e+001
  1.1000000e+000 -2.1423439e+001 -2.1337683e+001 -2.3039396e+001 -2.1175533e+001 -1.6629164e+001
  1.1066667e+000 -2.1472965e+001 -2.1343311e+001 -2.3069347e+001 -2.1208614e+001 -1.6648769e+001
  1.1133333e+000 -2.1480379e+001 -2.1345819e+001 -2.3065832e+001 -2.1208961e+001 -1.6614431e+001
  1.1200000e+000 -2.1460236e+001 -2.1370602e+001 -2.3053682e+001 -2.1183239e+001 -1.6650389e+001
  1.1266667e+000 -2.1464199e+001 -2.1336004e+001 -2.3017721e+001 -2.1156919e+001 -1.6638844e+001
  1.1333333e+000 -2.1472334e+001 -2.1346239e+001 -2.3040409e+001 -2.1178900e+001 -1.6667397e+001
  1.1400000e+000 -2.1462833e+001 -2.1388029e+001 -2.3085733e+001 -2.1173912e+001 -1.6643181e+001
  1.1466667e+000 -2.1407265e+001 -2.1409103e+001 -2.3096743e+001 -2.1172325e+001 -1.6682762e+001
  1.1533333e+000 -2.1276087e+001 -2.1408188e+001 -2.3144365e+001 -2.1183270e+001 -1.6762817e+001
  1.1600000e+000 -2.1206394e+001 -2.1427011e+001 -2.3162189e+001 -2.1179356e+001 -1.6770397e+001
  1.1666667e+000 -2.1130363e+001 -2.1458704e+001 -2.3163763e+001 -2.1133665e+001 -1.6706224e+001
  1.1733333e+000 -2.1090425e+001 -2.1474545e+001 -2.3186787e+001 -2.1117039e+001 -1.6714182e+001
  1.1800000e+000 -2.1084009e+001 -2.1532839e+001 -2.3204065e+001 -2.1131184e+001 -1.6747900e+001
  1.1866667e+000 -2.1149574e+001 -2.1605587e+001 -2.3245615e+001 -2.1166124e+001 -1.6675781e+001
  1.1933333e+000 -2.1150902e+001 -2.1636469e+001 -2.3306162e+001 -2.1172514e+001 -1.6673374e+001
  1.2000000e+000 -2.1167456e+001 -2.1734550e+001 -2.3380447e+001 -2.1194281e+001 -1.6762760e+001
  1.2066667e+000 -2.1159782e+001 -2.1801271e+001 -2.3437437e+001 -2.1180965e+001 -1.6715572e+001
  1.2133333e+000 -2.1172115e+001 -2.1876680e+001 -2.3501806e+001 -2.1136200e+001 -1.6736866e+001
  1.2200000e+000 -2.1205683e+001 -2.1964075e+001 -2.3557217e+001 -2.1178282e+001 -1.6683388e+001
  1.2266667e+000 -2.1234949e+001 -2.2051514e+001 -2.3553352e+001 -2.1205095e+001 -1.6667007e+001
  1.2333333e+000 -2.1285660e+001 -2.2117870e+001 -2.3570578e+001 -2.1204254e+001 -1.6667408e+001
  1.2400000e+000 -2.1304790e+001 -2.2211756e+001 -2.3629097e+001 -2.1198174e+001 -1.6695929e+001
  1.2466667e+000 -2.1269470e+001 -2.2296690e+001 -2.3664581e+001 -2.1209600e+001 -1.6725754e+001
  1.2533333e+000 -2.1259003e+001 -2.2361549e+001 -2.3693171e+001 -2.1210186e+001 -1.6561680e+001
  1.2600000e+000 -2.1286572e+001 -2.2453779e+001 -2.3717484e+001 -2.1178345e+001 -1.6471748e+001
  1.2666667e+000 -2.1295980e+001 -2.2549017e+001 -2.3780468e+001 -2.1197557e+001 -1.6377907e+001
  1.2733333e+000 -2.1304886e+001 -2.2641855e+001 -2.3768410e+001 -2.1206928e+001 -1.6301456e+001
  1.2800000e+000 -2.1286377e+001 -2.2701830e+001 -2.3777260e+001 -2.1146355e+001 -1.6288628e+001
  1.2866667e+000 -2.1326900e+001 -2.2788200e+001 -2.3796221e+001 -2.1142506e+001 -1.6200975e+001
  1.2933333e+000 -2.1345810e+001 -2.2851194e+001 -2.3778063e+001 -2.1191156e+001 -1.6125147e+001
  1.3000000e+000 -2.1363598e+001 -2.2882843e+001 -2.3803164e+001 -2.1165215e+001 -1.6119564e+001
  1.3066667e+000 -2.1373623e+001 -2.2889599e+001 -2.3811411e+001 -2.1153297e+001 -1.6144236e+001
  1.3133333e+000 -2.1357082e+001 -2.2960201e+001 -2.3847260e+001 -2.1158539e+001 -1.6057856e+001
  1.3200000e+000 -2.1381548e+001 -2.2988707e+001 -2.3843882e+001 -2.1154888e+001 -1.5970240e+001
  1.3266667e+000 -2.1403061e+001 -2.3091013e+001 -2.3838064e+001 -2.1156326e+001 -1.6087341e+001
  1.3333333e+000 -2.1438673e+001 -2.3148048e+001 -2.3791914e+001 -2.1168327e+001 -1.6183573e+001
  1.3400000e+000 -2.1489006e+001 -2.3236387e+001 -2.3842190e+001 -2.1124744e+001 -1.6198584e+001
  1.3466667e+000 -2.1521620e+001 -2.3307665e+001 -2.3878246e+001 -2.1075153e+001 -1.6370493e+001
  1.3533333e+000 -2.1588337e+001 -2.3341717e+001 -2.3882311e+001 -2.1053564e+001 -1.6385204e+001
  1.3600000e+000 -2.1633181e+001 -2.3394388e+001 -2.3821510e+001 -2.1073227e+001 -1.6346544e+001
  1.3666667e+000 -2.1643599e+001 -2.3409737e+001 -2.3785601e+001 -2.1076880e+001 -1.6588385e+001
  1.3733333e+000 -2.1694628e+001 -2.3445286e+001 -2.3730804e+001 -2.1048950e+001 -1.6787249e+001
  1.3800000e+000 -2.1676373e+001 -2.3476412e+001 -2.3714384e+001 -2.1030790e+001 -1.6872074e+001
  1.3866667e+000 -2.1686335e+001 -2.3449337e+001 -2.3696478e+001 -2.1074759e+001 -1.7040668e+001
  1.3933333e+000 -2.1715418e+001 -2.3514715e+001 -2.3662800e+001 -2.1110992e+001 -1.7223530e+001
  1.4000000e+000 -2.1697206e+001 -2.3587002e+001 -2.3616732e+001 -2.1111746e+001 -1.7380724e+001
  1.4066667e+000 -2.1753590e+001 -2.3633667e+001 -2.3663248e+001 -2.1150450e+001 -1.7405483e+001
  1.4133333e+000 -2.1801769e+001 -2.3673983e+001 -2.3635225e+001 -2.1104240e+001 -1.7601564e+001
  1.4200000e+000 -2.1791611e+001 -2.3726372e+001 -2.3615376e+001 -2.1110945e+001 -1.7717470e+001
  1.4266667e+000 -2.1799759e+001 -2.3747540e+001 -2.3619549e+001 -2.1127798e+001 -1.7818371e+001
  1.4333333e+000 -2.1820646e+001 -2.3781071e+001 -2.3661188e+001 -2.1176844e+001 -1.7927534e+001
  1.4400000e+000 -2.1806324e+001 -2.3757692e+001 -2.3713900e+001 -2.1194857e+001 -1.7982128e+001
  1.4466667e+000 -2.1777096e+001 -2.3769310e+001 -2.3750294e+001 -2.1216406e+001 -1.7855066e+001
  1.4533333e+000 -2.1811453e+001 -2.3774342e+001 -2.3758474e+001 -2.1203825e+001 -1.7920788e+001
  1.4600000e+000 -2.1830278e+001 -2.3780725e+001 -2.3813412e+001 -2.1163120e+001 -1.7988548e+001
  1.4666667e+000 -2.1869223e+001 -2.3795197e+001 -2.3883530e+001 -2.1151108e+001 -1.8106224e+001
  1.4733333e+000 -2.1906538e+001 -2.3774513e+001 -2.3935734e+001 -2.1182882e+001 -1.7793633e+001
  1.4800000e+000 -2.1970268e+001 -2.3786007e+001 -2.3951506e+001 -2.1208891e+001             NaN
  1.4866667e+000 -2.2026613e+001 -2.3837990e+001 -2.3956953e+001 -2.1166239e+001             NaN
  1.4933333e+000 -2.2074900e+001 -2.3825850e+001 -2.3975296e+001 -2.1180107e+001             NaN
  1.5000000e+000 -2.2101112e+001 -2.3839252e+001 -2.3951260e+001 -2.1162195e+001             NaN
  1.5066667e+000 -2.2114492e+001 -2.3870329e+001 -2.3929483e+001 -2.1156059e+001             NaN
  1.5133333e+000 -2.2137457e+001 -2.3823236e+001 -2.3876410e+001 -2.1132759e+001 -1.8550297e+001
  1.5200000e+000 -2.2196218e+001 -2.3800308e+001 -2.3845243e+001 -2.1105280e+001 -1.8940258e+001
  1.5266667e+000 -2.2238163e+001 -2.3812202e+001 -2.3823107e+001 -2.1111301e+001 -1.9189438e+001
  1.5333333e+000 -2.2273935e+001 -2.3782742e+001 -2.3795620e+001 -2.1165255e+001 -1.9559797e+001
  1.5400000e+000 -2.2341606e+001 -2.3775528e+001 -2.3780333e+001 -2.1189316e+001 -1.9956224e+001
  1.5466667e+000 -2.1745403e+001 -2.3784346e+001 -2.3808666e+001 -2.1212896e+001 -2.0577404e+001
  1.5533333e+000 -2.1821745e+001 -2.3786360e+001 -2.3810972e+001 -2.1260391e+001 -2.1716471e+001
  1.5600000e+000 -2.1925831e+001 -2.3811852e+001 -2.3850866e+001 -2.1269220e+001 -2.3048941e+001
  1.5666667e+000 -2.1953388e+001 -2.3842293e+001 -2.3863331e+001 -2.1316296e+001 -2.4248320e+001
  1.5733333e+000 -2.2006899e+001 -2.3837471e+001 -2.3869722e+001 -2.1360624e+001 -2.5330332e+001
  1.5800000e+000 -2.2029486e+001 -2.3869354e+001 -2.3884197e+001 -2.1375250e+001 -2.6278141e+001
  1.5866667e+000 -2.2080486e+001 -2.3886190e+001 -2.3941284e+001 -2.1379295e+001 -2.7056593e+001
  1.5933333e+000 -2.2138355e+001 -2.3851480e+001 -2.4005926e+001 -2.1420410e+001 -2.8005980e+001
  1.6000000e+000 -2.2154831e+001 -2.3830849e+001 -2.4010723e+001 -2.1439541e+001 -2.8920544e+001
  1.6066667e+000 -2.2227135e+001 -2.3910133e+001 -2.4020729e+001 -2.1481232e+001 -3.0213400e+001
  1.6133333e+000 -2.2323591e+001 -2.3906927e+001 -2.3981430e+001 -2.1544092e+001 -3.1560560e+001
  1.6200000e+000 -2.2354507e+001 -2.3915918e+001 -2.3916965e+001 -2.1568178e+001 -3.2727814e+001
  1.6266667e+000 -2.2358831e+001 -2.3944532e+001 -2.3962795e+001 -2.1601862e+001 -3.3623283e+001
  1.6333333e+000 -2.2419273e+001 -2.3922529e+001 -2.3955908e+001 -2.1597717e+001 -3.4319927e+001
  1.6400000e+000 -2.2465567e+001 -2.3911243e+001 -2.4024841e+001 -2.1579638e+001 -3.4937229e+001
  1.6466667e+000 -2.2506884e+001 -2.3930561e+001 -2.4090616e+001 -2.1551693e+001 -3.5544228e+001
  1.6533333e+000 -2.2552212e+001 -2.3926680e+001 -2.4134445e+001 -2.1538637e+001 -3.6287170e+001
  1.6600000e+000 -2.2582262e+001 -2.3944923e+001 -2.4201672e+001 -2.1561903e+001 -3.7001667e+001
  1.6666667e+000 -2.2588680e+001 -2.3959860e+001 -2.4253351e+001 -2.1566986e+001 -3.8032574e+001
  1.6733333e+000 -2.2619354e+001 -2.3944010e+001 -2.4318922e+001 -2.1576721e+001 -3.8183174e+001
  1.6800000e+000 -2.2634476e+001 -2.3972876e+001 -2.4384478e+001 -2.1557352e+001 -3.8086578e+001
  1.6866667e+000 -2.2635231e+001 -2.3974947e+001 -2.4458250e+001 -2.1561874e+001 -3.7783375e+001
  1.6933333e+000 -2.2668312e+001 -2.3960358e+001 -2.4520412e+001 -2.1538883e+001 -3.7591602e+001
  1.7000000e+000 -2.2646973e+001 -2.3994308e+001 -2.4584759e+001 -2.1588364e+001 -3.7077591e+001
  1.7066667e+000 -2.2634933e+001 -2.3958364e+001 -2.4691423e+001 -2.1641674e+001 -3.6693424e+001
  1.7133333e+000 -2.2606422e+001 -2.3964781e+001 -2.4747143e+001 -2.1647612e+001 -3.6430046e+001
  1.7200000e+000 -2.2590729e+001 -2.4010256e+001 -2.4821880e+001 -2.1686876e+001 -3.6235691e+001
  1.7266667e+000 -2.2549450e+001 -2.4009586e+001 -2.4841742e+001 -2.1751795e+001 -3.6025227e+001
  1.7333333e+000 -2.2472239e+001 -2.3991114e+001 -2.4900024e+001 -2.1828606e+001 -3.5594059e+001
  1.7400000e+000 -2.2399523e+001 -2.4006069e+001 -2.4929081e+001 -2.1852821e+001 -3.4954060e+001
  1.7466667e+000 -2.2325975e+001 -2.3985933e+001 -2.4935501e+001 -2.1927410e+001 -3.4078163e+001
  1.7533333e+000 -2.2210676e+001 -2.3966152e+001 -2.4971989e+001 -2.1945240e+001 -3.3068020e+001
  1.7600000e+000 -2.2811483e+001 -2.3986439e+001 -2.5004841e+001 -2.1969664e+001 -3.2008286e+001
  1.7666667e+000 -2.2985094e+001 -2.3982201e+001 -2.5044466e+001 -2.2025780e+001 -3.0942116e+001
  1.7733333e+000 -2.3686493e+001 -2.3989265e+001 -2.5058924e+001 -2.2117947e+001 -2.9930460e+001
  1.7800000e+000 -2.3657213e+001 -2.3978256e+001 -2.5088087e+001 -2.2148779e+001 -2.8981596e+001
  1.7866667e+000 -2.3598366e+001 -2.4015411e+001 -2.5119619e+001 -2.2158976e+001 -2.8078430e+001
  1.7933333e+000 -2.3511686e+001 -2.4028790e+001 -2.5117409e+001 -2.2189062e+001 -2.7204008e+001
  1.8000000e+000 -2.3459682e+001 -2.4028666e+001 -2.5149214e+001 -2.2232382e+001 -2.6440388e+001
  1.8066667e+000 -2.3391531e+001 -2.4034971e+001 -2.5129213e+001 -2.2245827e+001 -2.5624670e+001
  1.8133333e+000 -2.3347288e+001 -2.4050663e+001 -2.5111435e+001 -2.2306181e+001 -2.4818630e+001
  1.8200000e+000 -2.3306393e+001 -2.4099220e+001 -2.5068117e+001 -2.2344484e+001 -2.4055033e+001
  1.8266667e+000 -2.3296938e+001 -2.4142471e+001 -2.5071291e+001 -2.2411625e+001 -2.3391943e+001
  1.8333333e+000 -2.3291674e+001 -2.4146677e+001 -2.5021797e+001 -2.2461897e+001 -2.2907335e+001
  1.8400000e+000 -2.3306963e+001 -2.4135912e+001 -2.4923519e+001 -2.2488239e+001 -2.2742561e+001
  1.8466667e+000 -2.3291134e+001 -2.4137718e+001 -2.4875786e+001 -2.2522398e+001 -2.2748537e+001
  1.8533333e+000 -2.3328341e+001 -2.4149002e+001 -2.4846287e+001 -2.2563656e+001 -2.3330030e+001
  1.8600000e+000 -2.3323954e+001 -2.4131878e+001 -2.4813204e+001 -2.2553326e+001 -2.4075287e+001
  1.8666667e+000 -2.3356018e+001 -2.4139233e+001 -2.4798302e+001 -2.2565411e+001 -2.4901112e+001
  1.8733333e+000 -2.3383919e+001 -2.4141392e+001 -2.4846922e+001 -2.2626123e+001 -2.5505726e+001
  1.8800000e+000 -2.3426023e+001 -2.4145882e+001 -2.4794043e+001 -2.2650747e+001 -2.5390118e+001
  1.8866667e+000 -2.3478806e+001 -2.4050394e+001 -2.4813442e+001 -2.2682529e+001 -2.5811399e+001
  1.8933333e+000 -2.3509365e+001 -2.4045670e+001 -2.4858248e+001 -2.2700821e+001 -2.5511265e+001
  1.9000000e+000 -2.3613459e+001 -2.4015812e+001 -2.4913368e+001 -2.2725864e+001 -2.4920017e+001
  1.9066667e+000 -2.3639223e+001 -2.4000345e+001 -2.4981707e+001 -2.2729347e+001 -2.4170303e+001
  1.9133333e+000 -2.3700171e+001 -2.3982433e+001 -2.5021536e+001 -2.2774960e+001 -2.3180691e+001
  1.9200000e+000 -2.3780735e+001 -2.3923944e+001 -2.5123245e+001 -2.2734463e+001 -2.2693048e+001
  1.9266667e+000 -2.3842260e+001 -2.3931179e+001 -2.5165785e+001 -2.2769667e+001 -2.2559067e+001
  1.9333333e+000 -2.3899225e+001 -2.3856339e+001 -2.5280821e+001 -2.2806915e+001 -2.2552176e+001
  1.9400000e+000 -2.3987144e+001 -2.3802088e+001 -2.5343550e+001 -2.2821846e+001 -2.2576057e+001
  1.9466667e+000 -2.4167543e+001 -2.3795069e+001 -2.5421434e+001 -2.2826128e+001 -2.2480839e+001
  1.9533333e+000 -2.4320793e+001 -2.3767588e+001 -2.5457653e+001 -2.2795805e+001 -2.2768026e+001
  1.9600000e+000 -2.4480476e+001 -2.3725163e+001 -2.5521929e+001 -2.2834845e+001 -2.2442402e+001
  1.9666667e+000 -2.4664940e+001 -2.3673466e+001 -2.5574518e+001 -2.2836456e+001 -2.1973505e+001
  1.9733333e+000 -2.4857309e+001 -2.3617596e+001 -2.5616730e+001 -2.2869740e+001 -2.1528652e+001
  1.9800000e+000 -2.5066370e+001 -2.3621094e+001 -2.5682949e+001 -2.2864853e+001 -2.1469339e+001
  1.9866667e+000 -2.5305069e+001 -2.3535967e+001 -2.5674799e+001 -2.2854797e+001 -2.1747850e+001
  1.9933333e+000 -2.5499502e+001 -2.3563911e+001 -2.5726957e+001 -2.2892803e+001 -2.2329222e+001
  2.0000000e+000 -2.5693531e+001 -2.3530327e+001 -2.5721275e+001 -2.2878035e+001 -2.3193369e+001
