 -5.0000000e-001  2.1104074e+001  2.4924776e+001  2.2792641e+001  2.1204023e+001  2.3399422e+001  2.3900990e+001  2.6791910e+001
 -4.9333333e-001  2.1111412e+001  2.4935354e+001  2.2786268e+001  2.1216908e+001  2.3405987e+001  2.3900749e+001  2.6774946e+001
 -4.8666667e-001  2.1118479e+001  2.4922594e+001  2.2799673e+001  2.1222176e+001  2.3421753e+001  2.3917965e+001  2.6781332e+001
 -4.8000000e-001  2.1097790e+001  2.4914818e+001  2.2804371e+001  2.1225878e+001  2.3414555e+001  2.3925306e+001  2.6783693e+001
 -4.7333333e-001  2.1077343e+001  2.4941189e+001  2.2813980e+001  2.1241209e+001  2.3404783e+001  2.3914104e+001  2.6774546e+001
 -4.6666667e-001  2.1062340e+001  2.4931902e+001  2.2815710e+001  2.1263861e+001  2.3420269e+001  2.3926369e+001  2.6769184e+001
 -4.6000000e-001  2.1084631e+001  2.4922316e+001  2.2831625e+001  2.1284843e+001  2.3397665e+001  2.3919785e+001  2.6777224e+001
 -4.5333333e-001  2.1102879e+001  2.4922167e+001  2.2833876e+001  2.1308767e+001  2.3393827e+001  2.3940758e+001  2.6775347e+001
 -4.4666667e-001  2.1096149e+001  2.4922537e+001  2.2824318e+001  2.1322865e+001  2.3412998e+001  2.3942667e+001  2.6783888e+001
 -4.4000000e-001  2.1086802e+001  2.4953518e+001  2.2835306e+001  2.1318369e+001  2.3412668e+001  2.3923676e+001  2.6790295e+001
 -4.3333333e-001  2.1088766e+001  2.4956303e+001  2.2836933e+001  2.1333002e+001  2.3396225e+001  2.3940222e+001  2.6808962e+001
 -4.2666667e-001  2.1100996e+001  2.4952135e+001  2.2840694e+001  2.1356310e+001  2.3392519e+001  2.3946583e+001  2.6835682e+001
 -4.2000000e-001  2.1099306e+001  2.4956989e+001  2.2836493e+001  2.1373405e+001  2.3400652e+001  2.3920731e+001  2.6820105e+001
 -4.1333333e-001  2.1081676e+001  2.4953651e+001  2.2873833e+001  2.1398066e+001  2.3412245e+001  2.3941645e+001  2.6792755e+001
 -4.0666667e-001  2.1080912e+001  2.4952480e+001  2.2877274e+001  2.1414072e+001  2.3419571e+001  2.3943987e+001  2.6795891e+001
 -4.0000000e-001  2.1092865e+001  2.4968004e+001  2.2845041e+001  2.1417694e+001  2.3422476e+001  2.3931503e+001  2.6821167e+001
 -3.9333333e-001  2.1083805e+001  2.4981260e+001  2.2835945e+001  2.1426033e+001  2.3429842e+001  2.3933397e+001  2.6808289e+001
 -3.8666667e-001  2.1080439e+001  2.4982971e+001  2.2834711e+001  2.1409529e+001  2.3436747e+001  2.3941921e+001  2.6808977e+001
 -3.8000000e-001  2.1104204e+001  2.5002504e+001  2.2822216e+001  2.1412258e+001  2.3434889e+001  2.3932467e+001  2.6820761e+001
 -3.7333333e-001  2.1106987e+001  2.4987751e+001  2.2816107e+001  2.1422024e+001  2.3427013e+001  2.3908182e+001  2.6831696e+001
 -3.6666667e-001  2.1099564e+001  2.4998838e+001  2.2812099e+001  2.1429970e+001  2.3446335e+001  2.3916107e+001  2.6827454e+001
 -3.6000000e-001  2.1111132e+001  2.5005459e+001  2.2804707e+001  2.1418411e+001  2.3449427e+001  2.3919310e+001  2.6820114e+001
 -3.5333333e-001  2.1095587e+001  2.4999571e+001  2.2792442e+001  2.1412405e+001  2.3443117e+001  2.3916519e+001  2.6815174e+001
 -3.4666667e-001  2.1101488e+001  2.4997208e+001  2.2811161e+001  2.1408747e+001  2.3465014e+001  2.3929842e+001  2.6819164e+001
 -3.4000000e-001  2.1097265e+001  2.4983101e+001  2.2808912e+001  2.1402283e+001  2.3475920e+001  2.3920555e+001  2.6823792e+001
 -3.3333333e-001  2.1093969e+001  2.5003866e+001  2.2797464e+001  2.1404518e+001  2.3456640e+001  2.3922234e+001  2.6802452e+001
 -3.2666667e-001  2.1095449e+001  2.4996611e+001  2.2806665e+001  2.1394156e+001  2.3469666e+001  2.3901434e+001  2.6816767e+001
 -3.2000000e-001  2.1107918e+001  2.4986118e+001  2.2793390e+001  2.1406700e+001  2.3453854e+001  2.3915779e+001  2.6820673e+001
 -3.1333333e-001  2.1099709e+001  2.4996563e+001  2.2780785e+001  2.1392828e+001  2.3445690e+001  2.3935297e+001  2.6800022e+001
 -3.0666667e-001  2.1073486e+001  2.4992460e+001  2.2791269e+001  2.1376226e+001  2.3452810e+001  2.3931015e+001  2.6788599e+001
 -3.0000000e-001  2.1090403e+001  2.5005520e+001  2.2808519e+001  2.1345545e+001  2.3454533e+001  2.3940166e+001  2.6786196e+001
 -2.9333333e-001  2.1086147e+001  2.5001986e+001  2.2805563e+001  2.1337961e+001  2.3462698e+001  2.3946772e+001  2.6780540e+001
 -2.8666667e-001  2.1083559e+001  2.4987488e+001  2.2795195e+001  2.1350790e+001  2.3476442e+001  2.3934574e+001  2.6763544e+001
 -2.8000000e-001  2.1103367e+001  2.4989861e+001  2.2810202e+001  2.1325850e+001  2.3472105e+001  2.3933260e+001  2.6739891e+001
 -2.7333333e-001  2.1109688e+001  2.5001665e+001  2.2813175e+001  2.1333239e+001  2.3463520e+001  2.3946426e+001  2.6731066e+001
 -2.6666667e-001  2.1086975e+001  2.4991240e+001  2.2815434e+001  2.1342102e+001  2.3455038e+001  2.3945749e+001  2.6717522e+001
 -2.6000000e-001  2.1078775e+001  2.4989271e+001  2.2831522e+001  2.1320820e+001  2.3453220e+001  2.3954155e+001  2.6677546e+001
 -2.5333333e-001  2.1094847e+001  2.5000315e+001  2.2840437e+001  2.1312387e+001  2.3454687e+001  2.3948051e+001  2.6660803e+001
 -2.4666667e-001  2.1120268e+001  2.4981558e+001  2.2832714e+001  2.1314409e+001  2.3461971e+001  2.3952629e+001  2.6654898e+001
 -2.4000000e-001  2.1114964e+001  2.4974436e+001  2.2834400e+001  2.1326174e+001  2.3467958e+001  2.3954460e+001  2.6618181e+001
 -2.3333333e-001  2.1110746e+001  2.4973473e+001  2.2848639e+001  2.1330814e+001  2.3453554e+001  2.3957256e+001  2.6579388e+001
 -2.2666667e-001  2.1132576e+001  2.4973074e+001  2.2879660e+001  2.1317547e+001  2.3452539e+001  2.3965384e+001  2.6538757e+001
 -2.2000000e-001  2.1129864e+001  2.4993217e+001  2.2901749e+001  2.1317656e+001  2.3454985e+001  2.3970421e+001  2.6491419e+001
 -2.1333333e-001  2.1126299e+001  2.4997612e+001  2.2927290e+001  2.1320055e+001  2.3453062e+001  2.3976879e+001  2.6469061e+001
 -2.0666667e-001  2.1137241e+001  2.4978561e+001  2.2930000e+001  2.1310896e+001  2.3453283e+001  2.3963732e+001  2.6451195e+001
 -2.0000000e-001  2.1140099e+001  2.4976210e+001  2.2957039e+001  2.1305817e+001  2.3450802e+001  2.3945822e+001  2.6398266e+001
 -1.9333333e-001  2.1157152e+001  2.4968538e+001  2.2947458e+001  2.1303942e+001  2.3439173e+001  2.3959545e+001  2.6368195e+001
 -1.8666667e-001  2.1175510e+001  2.4956530e+001  2.2967020e+001  2.1305807e+001  2.3451864e+001  2.3945362e+001  2.6341167e+001
 -1.8000000e-001  2.1186804e+001  2.4954462e+001  2.3005362e+001  2.1304012e+001  2.3430817e+001  2.3933115e+001  2.6317806e+001
 -1.7333333e-001  2.1198921e+001  2.4948261e+001  2.3002235e+001  2.1312313e+001  2.3421513e+001  2.3923574e+001  2.6294456e+001
 -1.6666667e-001  2.1205713e+001  2.4939861e+001  2.3028879e+001  2.1313673e+001  2.3410925e+001  2.3941059e+001  2.6262781e+001
 -1.6000000e-001  2.1188412e+001  2.4922394e+001  2.3047903e+001  2.1308189e+001  2.3416471e+001  2.3948374e+001  2.6234137e+001
 -1.5333333e-001  2.1187506e+001  2.4902277e+001  2.3054014e+001  2.1310225e+001  2.3408100e+001  2.3931623e+001  2.6208344e+001
 -1.4666667e-001  2.1214678e+001  2.4900227e+001  2.3059938e+001  2.1314415e+001  2.3395367e+001  2.3920734e+001  2.6188330e+001
 -1.4000000e-001  2.1221926e+001  2.4890350e+001  2.3074940e+001  2.1305611e+001  2.3383507e+001  2.3940113e+001  2.6169876e+001
 -1.3333333e-001  2.1210266e+001  2.4882158e+001  2.3075233e+001  2.1314232e+001  2.3365379e+001  2.3938000e+001  2.6149683e+001
 -1.2666667e-001  2.1195526e+001  2.4893192e+001  2.3083677e+001  2.1315956e+001  2.3348032e+001  2.3930140e+001  2.6114502e+001
 -1.2000000e-001  2.1210815e+001  2.4896488e+001  2.3084751e+001  2.1319187e+001  2.3353918e+001  2.3931133e+001  2.6086771e+001
 -1.1333333e-001  2.1223890e+001  2.4898602e+001  2.3069439e+001  2.1321505e+001  2.3368637e+001  2.3938078e+001  2.6061043e+001
 -1.0666667e-001  2.1223589e+001  2.4918028e+001  2.3078917e+001  2.1327974e+001  2.3323395e+001  2.3935244e+001  2.6039118e+001
 -1.0000000e-001  2.1225416e+001  2.4920429e+001  2.3088907e+001  2.1333412e+001  2.3301041e+001  2.3934708e+001  2.6027142e+001
 -9.3333333e-002  2.1223143e+001  2.4936182e+001  2.3076805e+001  2.1341097e+001  2.3312782e+001  2.3937670e+001  2.5996349e+001
 -8.6666667e-002  2.1227388e+001  2.4943701e+001  2.3085045e+001  2.1346531e+001  2.3324263e+001  2.3949823e+001  2.5965351e+001
 -8.0000000e-002  2.1243538e+001  2.4950638e+001  2.3076721e+001  2.1351364e+001  2.3312441e+001  2.3938421e+001  2.5963409e+001
 -7.3333333e-002  2.1214794e+001  2.4962709e+001  2.3070831e+001  2.1358255e+001  2.3294609e+001  2.3950788e+001  2.5947935e+001
 -6.6666667e-002  2.1181816e+001  2.4959217e+001  2.3072065e+001  2.1378542e+001  2.3290104e+001  2.3939863e+001  2.5929043e+001
 -6.0000000e-002  2.1195389e+001  2.4953989e+001  2.3064383e+001  2.1372160e+001  2.3293655e+001  2.3935139e+001  2.5901350e+001
 -5.3333333e-002  2.1212349e+001  2.4953590e+001  2.3091734e+001  2.1384302e+001  2.3281225e+001  2.3941092e+001  2.5869976e+001
 -4.6666667e-002  2.1215122e+001  2.4962219e+001  2.3104290e+001  2.1411936e+001  2.3270390e+001  2.3934515e+001  2.5857132e+001
 -4.0000000e-002  2.1206511e+001  2.4986929e+001  2.3098726e+001  2.1413157e+001  2.3269266e+001  2.3927999e+001  2.5854336e+001
 -3.3333333e-002  2.1220600e+001  2.4971800e+001  2.3110426e+001  2.1424976e+001  2.3276167e+001  2.3924673e+001  2.5823889e+001
 -2.6666667e-002  2.1225670e+001  2.4974884e+001  2.3119555e+001  2.1439936e+001  2.3288393e+001  2.3908995e+001  2.5809547e+001
 -2.0000000e-002  2.1214588e+001  2.4956696e+001  2.3130188e+001  2.1447807e+001  2.3276522e+001  2.3911098e+001  2.5812382e+001
 -1.3333333e-002  2.1219023e+001  2.4960131e+001  2.3142622e+001  2.1448496e+001  2.3269758e+001  2.3895874e+001  2.5799162e+001
 -6.6666667e-003  2.1236559e+001  2.4982843e+001  2.3152678e+001  2.1435024e+001  2.3279610e+001  2.3890345e+001  2.5799658e+001
  0.0000000e+000  2.1241810e+001  2.4966873e+001  2.3152872e+001  2.1420752e+001  2.3285254e+001  2.3874434e+001  2.5774363e+001
  6.6666667e-003  2.1221436e+001  2.4968390e+001  2.3158043e+001  2.1412132e+001  2.3261280e+001  2.3880777e+001  2.5769848e+001
  1.3333333e-002  2.1202225e+001  2.4971241e+001  2.3144339e+001  2.1416971e+001  2.3274698e+001  2.3877962e+001  2.5770403e+001
  2.0000000e-002  2.1213924e+001  2.4957306e+001  2.3144009e+001  2.1401640e+001  2.3263092e+001  2.3894276e+001  2.5752535e+001
  2.6666667e-002  2.1255592e+001  2.4958286e+001  2.3152805e+001  2.1398169e+001  2.3266212e+001  2.3882420e+001  2.5740149e+001
  3.3333333e-002  2.1274212e+001  2.4978233e+001  2.3144587e+001  2.1385887e+001  2.3293558e+001  2.3875231e+001  2.5733475e+001
  4.0000000e-002  2.1274132e+001  2.4979383e+001  2.3150913e+001  2.1394999e+001  2.3294855e+001  2.3869106e+001  2.5707001e+001
  4.6666667e-002  2.1306469e+001  2.4983530e+001  2.3156620e+001  2.1400848e+001  2.3286833e+001  2.3887070e+001  2.5723820e+001
  5.3333333e-002  2.1302456e+001  2.4995840e+001  2.3153200e+001  2.1399506e+001  2.3303816e+001  2.3891064e+001  2.5733950e+001
  6.0000000e-002  2.1318962e+001  2.5001303e+001  2.3142855e+001  2.1428596e+001  2.3328213e+001  2.3882864e+001  2.5709877e+001
  6.6666667e-002  2.1318155e+001  2.4990789e+001  2.3125719e+001  2.1422691e+001  2.3350660e+001  2.3872030e+001  2.5704561e+001
  7.3333333e-002  2.1327477e+001  2.4986303e+001  2.3110857e+001  2.1426304e+001  2.3362062e+001  2.3874739e+001  2.5707651e+001
  8.0000000e-002  2.1331079e+001  2.4997772e+001  2.3121149e+001  2.1455034e+001  2.3380821e+001  2.3893248e+001  2.5706518e+001
  8.6666667e-002  2.1336119e+001  2.4995831e+001  2.3146812e+001  2.1477850e+001  2.3371750e+001  2.3909233e+001  2.5704870e+001
  9.3333333e-002  2.1345839e+001  2.4984026e+001  2.3183516e+001  2.1483042e+001  2.3364021e+001  2.3922085e+001  2.5692326e+001
  1.0000000e-001  2.1348001e+001  2.4993063e+001  2.3192787e+001  2.1495764e+001  2.3375139e+001  2.3920713e+001  2.5675306e+001
  1.0666667e-001  2.1319223e+001  2.4992060e+001  2.3203030e+001  2.1467663e+001  2.3376055e+001  2.3920795e+001  2.5655697e+001
  1.1333333e-001  2.1296593e+001  2.4973902e+001  2.3193506e+001  2.1440083e+001  2.3362812e+001  2.3908945e+001  2.5645214e+001
  1.2000000e-001  2.1258848e+001  2.4955599e+001  2.3204739e+001  2.1389971e+001  2.3372213e+001  2.3885611e+001  2.5595982e+001
  1.2666667e-001  2.1180248e+001  2.4905632e+001  2.3199820e+001  2.1316010e+001  2.3366882e+001  2.3862417e+001  2.5539049e+001
  1.3333333e-001  2.1063314e+001  2.4846451e+001  2.3189608e+001  2.1261772e+001  2.3326986e+001  2.3831934e+001  2.5462563e+001
  1.4000000e-001  2.0925508e+001  2.4762779e+001  2.3141087e+001  2.1234882e+001  2.3286840e+001  2.3764427e+001  2.5379486e+001
  1.4666667e-001  2.0813557e+001  2.4674669e+001  2.3090708e+001  2.1183477e+001  2.3229349e+001  2.3685078e+001  2.5285837e+001
  1.5333333e-001  2.0734472e+001  2.4582756e+001  2.3046316e+001  2.1139565e+001  2.3123940e+001  2.3600550e+001  2.5209410e+001
  1.6000000e-001  2.0645714e+001  2.4503136e+001  2.2972084e+001  2.1053944e+001  2.2943567e+001  2.3511826e+001  2.5136522e+001
  1.6666667e-001  2.0556805e+001  2.4449533e+001  2.2881433e+001  2.0901270e+001  2.2773806e+001  2.3469000e+001  2.5049141e+001
  1.7333333e-001  2.0436289e+001  2.4378916e+001  2.2802881e+001  2.0654722e+001  2.2688103e+001  2.3459097e+001  2.4949722e+001
  1.8000000e-001  2.0281057e+001  2.4294521e+001  2.2709574e+001  2.0392971e+001  2.2633656e+001  2.3408289e+001  2.4804121e+001
  1.8666667e-001  2.0123764e+001  2.4212797e+001  2.2624250e+001  2.0086899e+001  2.2542896e+001  2.3327642e+001  2.4623772e+001
  1.9333333e-001  1.9942390e+001  2.4098145e+001  2.2557266e+001  1.9745064e+001  2.2488953e+001  2.3166136e+001  2.4421841e+001
  2.0000000e-001  1.9752811e+001  2.3977169e+001  2.2477743e+001  1.9418613e+001  2.2391422e+001  2.2894533e+001  2.4135059e+001
  2.0666667e-001  1.9541212e+001  2.3780293e+001  2.2369776e+001  1.9104162e+001  2.2275581e+001  2.2524759e+001  2.3769724e+001
  2.1333333e-001  1.9333410e+001  2.3528465e+001  2.2201469e+001  1.8861654e+001  2.2149557e+001  2.2041773e+001  2.3347507e+001
  2.2000000e-001  1.9105247e+001  2.3270086e+001  2.1930908e+001  1.8669544e+001  2.2017349e+001  2.1490103e+001  2.2849749e+001
  2.2666667e-001  1.8890507e+001  2.2933372e+001  2.1599764e+001  1.8509645e+001  2.1863443e+001  2.0907669e+001  2.2317923e+001
  2.3333333e-001  1.8727741e+001  2.2577145e+001  2.1184032e+001  1.8374735e+001  2.1690901e+001  2.0369368e+001  2.1787090e+001
  2.4000000e-001  1.8613537e+001  2.2214268e+001  2.0693485e+001  1.8296730e+001  2.1500984e+001  1.9883938e+001  2.1236893e+001
  2.4666667e-001  1.8537611e+001  2.1813860e+001  2.0197906e+001  1.8296989e+001  2.1303131e+001  1.9430408e+001  2.0704750e+001
  2.5333333e-001  1.8465805e+001  2.1468822e+001  1.9717716e+001  1.8396877e+001  2.1159201e+001  1.9023169e+001  2.0215784e+001
  2.6000000e-001  1.8411932e+001  2.1152349e+001  1.9228317e+001  1.8540836e+001  2.1037462e+001  1.8736376e+001  1.9799932e+001
  2.6666667e-001  1.8394655e+001  2.0877468e+001  1.8803394e+001  1.8739950e+001  2.0945646e+001  1.8545059e+001  1.9510475e+001
  2.7333333e-001  1.8355713e+001  2.0677317e+001  1.8449858e+001  1.8897097e+001  2.0870918e+001  1.8426760e+001  1.9264553e+001
  2.8000000e-001  1.8293003e+001  2.0517302e+001  1.8237131e+001  1.9054819e+001  2.0821552e+001  1.8386120e+001  1.9081722e+001
  2.8666667e-001  1.8205629e+001  2.0364016e+001  1.8142263e+001  1.9247581e+001  2.0855249e+001  1.8412893e+001  1.9000107e+001
  2.9333333e-001  1.8087620e+001  2.0251244e+001  1.8100540e+001  1.9462868e+001  2.0900766e+001  1.8494873e+001  1.8932949e+001
  3.0000000e-001  1.8029425e+001  2.0211603e+001  1.8133402e+001  1.9679407e+001  2.0979807e+001  1.8586550e+001  1.8869902e+001
  3.0666667e-001  1.7894196e+001  2.0271765e+001  1.8237499e+001  1.9852089e+001  2.1066849e+001  1.8638456e+001  1.8805479e+001
  3.1333333e-001  1.7791494e+001  2.0353418e+001  1.8450031e+001  1.9933540e+001  2.1203480e+001  1.8685505e+001  1.8730316e+001
  3.2000000e-001  1.7732422e+001  2.0483431e+001  1.8738232e+001  1.9969959e+001  2.1410530e+001  1.8701590e+001  1.8635818e+001
  3.2666667e-001  1.7660120e+001  2.0623737e+001  1.8966017e+001  2.0015539e+001  2.1627802e+001  1.8696766e+001  1.8525686e+001
  3.3333333e-001  1.7524248e+001  2.0730127e+001  1.9219606e+001  2.0057661e+001  2.1844130e+001  1.8649385e+001  1.8411573e+001
  3.4000000e-001  1.7388033e+001  2.0841824e+001  1.9501476e+001  2.0080580e+001  2.2142504e+001  1.8519104e+001  1.7614191e+001
  3.4666667e-001  1.7313454e+001  2.0997984e+001  1.9766018e+001  2.0072687e+001  2.2427807e+001  1.8365393e+001  1.7443996e+001
  3.5333333e-001  1.7258923e+001  2.1170588e+001  1.9954504e+001  2.0082048e+001  2.2739187e+001  1.8194614e+001  1.7200041e+001
  3.6000000e-001  1.7262295e+001  2.1293331e+001  2.0030508e+001  2.0074196e+001  2.3087723e+001  1.7986437e+001  1.6976151e+001
  3.6666667e-001  1.7247160e+001  2.1372005e+001  2.0114477e+001  2.0050194e+001  2.3469933e+001  1.7738058e+001  1.6806465e+001
  3.7333333e-001  1.7168182e+001  2.1426611e+001  2.0227093e+001  2.0041815e+001  2.3839205e+001  1.7457184e+001  1.6676844e+001
  3.8000000e-001  1.7101465e+001  2.1482914e+001  2.0248859e+001  2.0039063e+001  2.4164389e+001  1.7187876e+001  1.6502346e+001
  3.8666667e-001  1.6326479e+001  2.1567060e+001  2.0170555e+001  2.0018440e+001  2.4488134e+001  1.6901060e+001  1.6299822e+001
  3.9333333e-001  1.6279186e+001  2.1608309e+001  2.0132402e+001  1.9981186e+001  2.4792601e+001  1.6641125e+001  1.6148924e+001
  4.0000000e-001  1.6261765e+001  2.1659409e+001  2.0109774e+001  1.9919464e+001  2.5076834e+001  1.6404272e+001  1.5979343e+001
  4.0666667e-001  1.6247581e+001  2.1682093e+001  2.0042456e+001  1.9850664e+001  2.5334801e+001  1.6175245e+001  1.5707870e+001
  4.1333333e-001  1.6235586e+001  2.1695095e+001  1.9968189e+001  1.9742765e+001  2.5582689e+001  1.5944548e+001  1.5374745e+001
  4.2000000e-001  1.6201191e+001  2.1708397e+001  1.9875675e+001  1.9676931e+001  2.5789637e+001  1.5729421e+001  1.5075955e+001
  4.2666667e-001  1.6215363e+001  2.1702650e+001  1.9797043e+001  1.9606972e+001  2.5980022e+001  1.5572651e+001  1.4714911e+001
  4.3333333e-001  1.6920588e+001  2.1683867e+001  1.9698557e+001  1.9565191e+001  2.6161552e+001  1.5465465e+001  1.4332413e+001
  4.4000000e-001  1.6967419e+001  2.1648628e+001  1.9576733e+001  1.9501324e+001  2.6325975e+001  1.5518108e+001  1.3941865e+001
  4.4666667e-001  1.6189413e+001  2.1577110e+001  1.9411795e+001  1.9431343e+001  2.6478098e+001  1.5435938e+001  1.3543434e+001
  4.5333333e-001  1.6127306e+001  2.1521698e+001  1.9274508e+001  1.9350538e+001  2.6588802e+001  1.5391444e+001  1.3836944e+001
  4.6000000e-001  1.6822350e+001  2.1414579e+001  1.9212376e+001  1.9275961e+001  2.6680271e+001  1.5336092e+001  1.3567565e+001
  4.6666667e-001  1.6819902e+001  2.1318350e+001  1.9128010e+001  1.9225319e+001  2.6773794e+001  1.5280935e+001  1.3378619e+001
  4.7333333e-001  1.6909685e+001  2.1209366e+001  1.9019016e+001  1.9219416e+001  2.6981569e+001  1.5291546e+001  1.3198670e+001
  4.8000000e-001  1.7081648e+001  2.1134085e+001  1.8883711e+001  1.9222340e+001  2.7097742e+001  1.5329136e+001  1.3002057e+001
  4.8666667e-001  1.7240177e+001  2.1084126e+001  1.8827229e+001  1.9263880e+001  2.7174414e+001  1.5351101e+001  1.2895424e+001
  4.9333333e-001  1.7413408e+001  2.1059698e+001  1.8820568e+001  1.9352827e+001  2.7283806e+001  1.5388606e+001  1.2830627e+001
  5.0000000e-001  1.7718746e+001  2.1044357e+001  1.8787775e+001  1.9413456e+001  2.7454927e+001  1.5472030e+001  1.2742048e+001
  5.0666667e-001  1.8180153e+001  2.1017145e+001  1.8809063e+001  1.9512403e+001  2.7612078e+001  1.5553968e+001  1.2782255e+001
  5.1333333e-001  1.8737297e+001  2.1039663e+001  1.8099707e+001  1.9616013e+001  2.7776516e+001  1.5659701e+001  1.2831958e+001
  5.2000000e-001  1.9226116e+001  2.1073206e+001  1.8086914e+001  1.9714331e+001  2.7988350e+001  1.5756688e+001  1.2880313e+001
  5.2666667e-001  2.0062437e+001  2.1137709e+001  1.8215334e+001  1.9811235e+001  2.8239008e+001  1.5853633e+001  1.2931767e+001
  5.3333333e-001  2.0727039e+001  2.1242964e+001  1.8387901e+001  2.0127506e+001  2.8530024e+001  1.5951432e+001  1.3048384e+001
  5.4000000e-001  2.1276838e+001  2.1358845e+001  1.8558247e+001  2.0247284e+001  2.8850197e+001  1.6032797e+001  1.3176935e+001
  5.4666667e-001  2.1940073e+001  2.1495012e+001  1.8760614e+001  2.0362276e+001  2.9177366e+001  1.6107443e+001  1.3336029e+001
  5.5333333e-001  2.2640547e+001  2.1581915e+001  1.9033047e+001  2.0463350e+001  2.9507128e+001  1.6185129e+001  1.3509105e+001
  5.6000000e-001  2.3343660e+001  2.1662100e+001  1.9797844e+001  2.0570610e+001  2.9843908e+001  1.6231348e+001  1.3692766e+001
  5.6666667e-001  2.4015450e+001  2.1699234e+001  2.0092279e+001  2.0670801e+001  3.0162430e+001  1.6285219e+001  1.3870889e+001
  5.7333333e-001  2.4311440e+001  2.1748583e+001  2.0333378e+001  2.0792379e+001  3.0479006e+001  1.6369461e+001  1.4052548e+001
  5.8000000e-001  2.4908566e+001  2.1777172e+001  2.0637243e+001  2.0911661e+001  3.0759232e+001  1.6450119e+001  1.4219627e+001
  5.8666667e-001  2.5526073e+001  2.1754274e+001  2.0988523e+001  2.1034010e+001  3.1039129e+001  1.6551380e+001  1.4415094e+001
  5.9333333e-001  2.6125679e+001  2.1723518e+001  2.1288706e+001  2.1160973e+001  3.1245108e+001  1.6689602e+001  1.4608772e+001
  6.0000000e-001  2.6636024e+001  2.1899797e+001  2.1644775e+001  2.1264723e+001  3.1437647e+001  1.6839849e+001  1.4752019e+001
  6.0666667e-001  2.7102369e+001  2.1826712e+001  2.1905027e+001  2.1394005e+001  3.1616814e+001  1.6959406e+001  1.4845619e+001
  6.1333333e-001  2.7590727e+001  2.1759171e+001  2.2211243e+001  2.1517950e+001  3.1776171e+001  1.7082722e+001  1.4989303e+001
  6.2000000e-001  2.7961456e+001  2.1707710e+001  2.2465666e+001  2.1358622e+001  3.1917233e+001  1.7197113e+001  1.5143221e+001
  6.2666667e-001  2.8321726e+001  2.1692757e+001  2.2786028e+001  2.1468594e+001  3.2059151e+001  1.7292873e+001  1.5264534e+001
  6.3333333e-001  2.8608936e+001  2.1604794e+001  2.3153528e+001  2.1614151e+001  3.2178738e+001  1.7401100e+001  1.5393920e+001
  6.4000000e-001  2.8811018e+001  2.1477276e+001  2.3445034e+001  2.1760506e+001  3.2085514e+001  1.7460171e+001  1.5464610e+001
  6.4666667e-001  2.8973335e+001  2.1375933e+001  2.3456223e+001  2.1890949e+001  3.2162666e+001  1.7486980e+001  1.5549725e+001
  6.5333333e-001  2.9106956e+001  2.1321686e+001  2.3681845e+001  2.1965939e+001  3.2186485e+001  1.7529024e+001  1.5600525e+001
  6.6000000e-001  2.9150858e+001  2.1256680e+001  2.3961212e+001  2.2016520e+001  3.2227009e+001  1.7571123e+001  1.5652236e+001
  6.6666667e-001  2.9210455e+001  2.1146212e+001  2.4260599e+001  2.2074497e+001  3.2260715e+001  1.7619282e+001  1.5730628e+001
  6.7333333e-001  2.9217834e+001  2.1007736e+001  2.4523432e+001  2.2163572e+001  3.2285942e+001  1.7643127e+001  1.5786808e+001
  6.8000000e-001  2.9187107e+001  2.0936037e+001  2.4715578e+001  2.2214737e+001  3.2317451e+001  1.7683929e+001  1.5791865e+001
  6.8666667e-001  2.9215698e+001  2.0931923e+001  2.4873781e+001  2.2236210e+001  3.2321445e+001  1.7742289e+001  1.5884056e+001
  6.9333333e-001  2.9178057e+001  2.0898054e+001  2.5059608e+001  2.2271603e+001  3.2330750e+001  1.7814901e+001  1.5946209e+001
  7.0000000e-001  2.9619202e+001  2.0859707e+001  2.5251226e+001  2.2347298e+001  3.2335503e+001  1.7871786e+001  1.6021372e+001
  7.0666667e-001  2.9599937e+001  2.0833042e+001  2.5376680e+001  2.2396870e+001  3.2367565e+001  1.7928146e+001  1.6023926e+001
  7.1333333e-001  2.9118893e+001  2.0849789e+001  2.5510996e+001  2.2376038e+001  3.2348751e+001  1.7948086e+001  1.6037794e+001
  7.2000000e-001  2.9127123e+001  2.0863592e+001  2.5648741e+001  2.2269945e+001  3.2325859e+001  1.7940483e+001  1.6067785e+001
  7.2666667e-001  2.9606424e+001  2.0900049e+001  2.5805531e+001  2.2145571e+001  3.2375370e+001  1.7965401e+001  1.6035833e+001
  7.3333333e-001  2.9566500e+001  2.0985928e+001  2.5902933e+001  2.1967495e+001  3.2393009e+001  1.8006096e+001  1.6060369e+001
  7.4000000e-001  2.9573416e+001  2.1071918e+001  2.5991299e+001  2.1830908e+001  3.2371086e+001  1.8059147e+001  1.6337679e+001
  7.4666667e-001  2.9162859e+001  2.1184990e+001  2.6082443e+001  2.1735046e+001  3.2367943e+001  1.8104221e+001  1.6315474e+001
  7.5333333e-001  2.9603033e+001  2.1153334e+001  2.6160381e+001  2.1650686e+001  3.2374371e+001  1.8112003e+001  1.5745920e+001
  7.6000000e-001  2.9684750e+001  2.1263941e+001  2.6244816e+001  2.1545876e+001  3.2367325e+001  1.8115051e+001  1.5740079e+001
  7.6666667e-001  2.9747360e+001  2.1398500e+001  2.6314018e+001  2.1445898e+001  3.2355228e+001  1.8137314e+001  1.5677464e+001
  7.7333333e-001  2.9797956e+001  2.1560602e+001  2.6346706e+001  2.1837620e+001  3.2371696e+001  1.7989256e+001  1.5604658e+001
  7.8000000e-001  2.9290682e+001  2.1781420e+001  2.6358475e+001  2.1752375e+001  3.2382168e+001  1.8041519e+001  1.5587841e+001
  7.8666667e-001  2.9225058e+001  2.1991503e+001  2.6397718e+001  2.1278486e+001  3.2405937e+001  1.8048361e+001  1.5560754e+001
  7.9333333e-001  2.9290180e+001  2.2173840e+001  2.6434851e+001  2.1300684e+001  3.2429474e+001  1.8064249e+001  1.5466571e+001
  8.0000000e-001  2.9284645e+001  2.2346090e+001  2.6480583e+001  2.1733709e+001  3.2465031e+001  1.8073074e+001  1.5418161e+001
  8.0666667e-001  2.8827551e+001  2.2512539e+001  2.6486998e+001  2.1726582e+001  3.2492794e+001  1.8075579e+001  1.5370420e+001
  8.1333333e-001  2.9231810e+001  2.2704084e+001  2.6483252e+001  2.1389626e+001  3.2513073e+001  1.8108839e+001  1.5321289e+001
  8.2000000e-001  2.9218542e+001  2.2907921e+001  2.6495342e+001  2.1876242e+001  3.2533260e+001  1.8173861e+001  1.5279217e+001
  8.2666667e-001  2.9189384e+001  2.3093966e+001  2.6494339e+001  2.1642485e+001  3.2567768e+001  1.8237892e+001  1.5290425e+001
  8.3333333e-001  2.9212835e+001  2.3302675e+001  2.6485725e+001  2.1962513e+001  3.2584728e+001  1.8296801e+001  1.5283937e+001
  8.4000000e-001  2.9328362e+001  2.3483444e+001  2.6477627e+001  2.1363487e+001  3.2592892e+001  1.8333992e+001  1.5321989e+001
  8.4666667e-001  2.9370626e+001  2.3648853e+001  2.6419468e+001  2.1498369e+001  3.2597633e+001  1.8348730e+001  1.5305816e+001
  8.5333333e-001  2.9355484e+001  2.3813026e+001  2.6392803e+001  2.1789850e+001  3.2630707e+001  1.8400993e+001  1.5361596e+001
  8.6000000e-001  2.9392643e+001  2.4000446e+001  2.6327389e+001  2.1842409e+001  3.2660713e+001  1.8441296e+001  1.5351854e+001
  8.6666667e-001  2.9484137e+001  2.4141171e+001  2.6304420e+001  2.1619459e+001  3.2649860e+001  1.8474995e+001  1.5390785e+001
  8.7333333e-001  2.9597252e+001  2.4287764e+001  2.6271183e+001  2.1985254e+001  3.2658836e+001  1.8508375e+001  1.5443201e+001
  8.8000000e-001  2.9726599e+001  2.4415932e+001  2.6194763e+001  2.2053486e+001  3.2682510e+001  1.8551943e+001  1.5440561e+001
  8.8666667e-001  2.9822973e+001  2.4548302e+001  2.6127703e+001  2.2231947e+001  3.2714397e+001  1.8592976e+001  1.5481503e+001
  8.9333333e-001  2.9897261e+001  2.4707573e+001  2.6070980e+001  2.2415375e+001  3.2747860e+001  1.8625881e+001  1.5544229e+001
  9.0000000e-001  2.9964191e+001  2.4838863e+001  2.6009443e+001  2.2512358e+001  3.2764969e+001  1.8654289e+001  1.5607116e+001
  9.0666667e-001  2.9996422e+001  2.4970564e+001  2.5967623e+001  2.2618687e+001  3.2772636e+001  1.8662434e+001  1.5636130e+001
  9.1333333e-001  3.0095562e+001  2.5083561e+001  2.5937885e+001  2.1985178e+001  3.2741882e+001  1.8668913e+001  1.5563961e+001
  9.2000000e-001  3.0205883e+001  2.5196053e+001  2.5926685e+001  2.2459623e+001  3.2854267e+001  1.8695816e+001  1.5577648e+001
  9.2666667e-001  3.0257246e+001  2.5281799e+001  2.5919811e+001  2.2963955e+001  3.2879028e+001  1.8738098e+001  1.5647927e+001
  9.3333333e-001  3.0250393e+001  2.5384663e+001  2.5892914e+001  2.2590834e+001  3.2907299e+001  1.8769920e+001  1.5599254e+001
  9.4000000e-001  3.0286259e+001  2.5499821e+001  2.5834148e+001  2.2355610e+001  3.2947224e+001  1.8799459e+001  1.5662648e+001
  9.4666667e-001  3.0295778e+001  2.5592604e+001  2.5746328e+001  2.2355656e+001  3.2954048e+001  1.8812298e+001  1.5665633e+001
  9.5333333e-001  3.0762285e+001  2.5702391e+001  2.5727787e+001  2.1991600e+001  3.2930794e+001  1.8854862e+001  1.5696747e+001
  9.6000000e-001  3.0880850e+001  2.5796562e+001  2.5733606e+001  2.2807775e+001  3.2893318e+001  1.8873150e+001  1.5723565e+001
  9.6666667e-001  3.0603830e+001  2.5844044e+001  2.5691074e+001  2.2251902e+001  3.2889507e+001  1.8891466e+001  1.5651628e+001
  9.7333333e-001  3.0670235e+001  2.5928123e+001  2.5660477e+001  2.2259092e+001  3.2903717e+001  1.8932724e+001  1.5611890e+001
  9.8000000e-001  3.0757132e+001  2.6020441e+001  2.5930477e+001  2.2277315e+001  3.2884243e+001  1.8982466e+001  1.5615674e+001
  9.8666667e-001  3.0824310e+001  2.6065248e+001  2.5966036e+001  2.2782696e+001  3.2843349e+001  1.9056068e+001  1.5608388e+001
  9.9333333e-001  3.0953117e+001  2.6133991e+001  2.5968315e+001  2.2157179e+001  3.2841171e+001  1.9094984e+001  1.5555433e+001
  1.0000000e+000  3.1016415e+001  2.6177971e+001  2.5954393e+001  2.2204214e+001  3.2821484e+001  1.9103230e+001  1.5510585e+001
  1.0066667e+000  3.1121801e+001  2.6215223e+001  2.5933270e+001  2.2204634e+001  3.2794453e+001  1.9062399e+001  1.5505053e+001
  1.0133333e+000  3.1208179e+001  2.6262300e+001  2.5903278e+001  2.2130541e+001  3.2770206e+001  1.9031229e+001  1.5435360e+001
  1.0200000e+000  3.1255560e+001  2.6299021e+001  2.5845102e+001  2.2136473e+001  3.2761677e+001  1.9012707e+001  1.5510948e+001
  1.0266667e+000  3.1291731e+001  2.6343943e+001  2.5511068e+001  2.2082605e+001  3.2743816e+001  1.8944403e+001  1.5498575e+001
  1.0333333e+000  3.1647730e+001  2.6418200e+001  2.5456377e+001  2.2005602e+001  3.2696777e+001  1.8904312e+001  1.5466084e+001
  1.0400000e+000  3.1672844e+001  2.6472904e+001  2.5418123e+001  2.1938927e+001  3.2216579e+001  1.8820396e+001  1.5434899e+001
  1.0466667e+000  3.1361391e+001  2.6538576e+001  2.5420782e+001  2.1916464e+001  3.2197315e+001  1.8712709e+001  1.5417310e+001
  1.0533333e+000  3.1412836e+001  2.6571312e+001  2.5364859e+001  2.1880659e+001  3.2201042e+001  1.8613522e+001  1.5454896e+001
  1.0600000e+000  3.1364645e+001  2.6581066e+001  2.5276150e+001  2.1833681e+001  3.2165764e+001  1.8515564e+001  1.5390101e+001
  1.0666667e+000  3.1624979e+001  2.6583601e+001  2.5237757e+001  2.1817053e+001  3.2098061e+001  1.8475740e+001  1.5302016e+001
  1.0733333e+000  3.1604525e+001  2.6609299e+001  2.5150286e+001  2.1824911e+001  3.2070984e+001  1.8449532e+001  1.5302803e+001
  1.0800000e+000  3.1503824e+001  2.6662273e+001  2.5148397e+001  2.1883984e+001  3.2057121e+001  1.8423391e+001  1.5279880e+001
  1.0866667e+000  3.1113626e+001  2.6718987e+001  2.5120350e+001  2.1843603e+001  3.2039207e+001  1.8412392e+001  1.5227364e+001
  1.0933333e+000  3.1134701e+001  2.6800377e+001  2.5087788e+001  2.1740795e+001  3.2011978e+001  1.8378635e+001  1.5233634e+001
  1.1000000e+000  3.1112608e+001  2.6910332e+001  2.5350405e+001  2.1813328e+001  3.1930065e+001  1.8371220e+001  1.5262434e+001
  1.1066667e+000  3.1078987e+001  2.7002266e+001  2.5232693e+001  2.1876865e+001  3.1879742e+001  1.8385979e+001  1.5245515e+001
  1.1133333e+000  3.1334553e+001  2.7119633e+001  2.4881720e+001  2.1804602e+001  3.1851355e+001  1.8468073e+001  1.5254399e+001
  1.1200000e+000  3.1314585e+001  2.7212610e+001  2.5138607e+001  2.1719311e+001  3.1821531e+001  1.8526674e+001  1.5261121e+001
  1.1266667e+000  3.1291801e+001  2.7257633e+001  2.5078945e+001  2.1806004e+001  3.1728928e+001  1.8600842e+001  1.5228231e+001
  1.1333333e+000  3.0921162e+001  2.7291527e+001  2.5001879e+001  2.1853973e+001  3.1683435e+001  1.8639881e+001  1.5238146e+001
  1.1400000e+000  3.0902826e+001  2.7348757e+001  2.4549618e+001  2.1829788e+001  3.1674118e+001  1.8641977e+001  1.5224072e+001
  1.1466667e+000  3.0908089e+001  2.7420223e+001  2.4516884e+001  2.1861305e+001  3.1584499e+001  1.8659563e+001  1.5211270e+001
  1.1533333e+000  3.0915001e+001  2.7489347e+001  2.4452898e+001  2.1932341e+001  3.1481131e+001  1.8695381e+001  1.5212979e+001
  1.1600000e+000  3.0922968e+001  2.7556316e+001  2.4407156e+001  2.1967768e+001  3.1411617e+001  1.8718561e+001  1.5223495e+001
  1.1666667e+000  3.0982426e+001  2.7634907e+001  2.4546761e+001  2.1881165e+001  3.1373409e+001  1.8745810e+001  1.5165658e+001
  1.1733333e+000  3.1003233e+001  2.7729212e+001  2.4476118e+001  2.1856060e+001  3.1294237e+001  1.8762873e+001  1.5141951e+001
  1.1800000e+000  3.1004839e+001  2.7808693e+001  2.4338669e+001  2.1876387e+001  3.1218651e+001  1.8752090e+001  1.5111718e+001
  1.1866667e+000  3.1430346e+001  2.7894394e+001  2.4239002e+001  2.1907825e+001  3.1159979e+001  1.8720728e+001  1.5158281e+001
  1.1933333e+000  3.1498472e+001  2.8120350e+001  2.4160173e+001  2.1890303e+001  3.1093012e+001  1.8673592e+001  1.5184260e+001
  1.2000000e+000  3.1553192e+001  2.8181238e+001  2.4068798e+001  2.1867701e+001  3.1009073e+001  1.8679199e+001  1.5093084e+001
  1.2066667e+000  3.1609795e+001  2.8230808e+001  2.3978153e+001  2.1911894e+001  3.0977537e+001  1.9161198e+001  1.5076072e+001
  1.2133333e+000  3.1741894e+001  2.8315733e+001  2.3845739e+001  2.1924410e+001  3.0922459e+001  1.9168858e+001  1.5038151e+001
  1.2200000e+000  3.1840187e+001  2.8397276e+001  2.3687092e+001  2.1942356e+001  3.0803478e+001  1.9138733e+001  1.5069242e+001
  1.2266667e+000  3.1861986e+001  2.8450251e+001  2.3588470e+001  2.1915808e+001  3.0691250e+001  1.8602802e+001  1.5095722e+001
  1.2333333e+000  3.1925182e+001  2.8479803e+001  2.3490654e+001  2.1865522e+001  3.0596817e+001  1.9076059e+001  1.5048958e+001
  1.2400000e+000  3.1988573e+001  2.8524933e+001  2.3354351e+001  2.1879400e+001  3.0506500e+001  1.9140676e+001  1.5086719e+001
  1.2466667e+000  3.2043163e+001  2.8591045e+001  2.3939678e+001  2.1920757e+001  3.0377102e+001  1.9232912e+001  1.5004324e+001
  1.2533333e+000  3.2161430e+001  2.8586821e+001  2.3145802e+001  2.1909161e+001  3.0275961e+001  1.9555595e+001  1.5014600e+001
  1.2600000e+000  3.2175316e+001  2.8604586e+001  2.3017914e+001  2.1879818e+001  3.0217443e+001  1.9645426e+001  1.5013762e+001
  1.2666667e+000  3.2226059e+001  2.8625816e+001  2.2938612e+001  2.1864288e+001  3.0080194e+001  1.9049181e+001  1.4996327e+001
  1.2733333e+000  3.2297653e+001  2.8671236e+001  2.3343029e+001  2.1865906e+001  2.9945988e+001  1.9560392e+001  1.5063148e+001
  1.2800000e+000  3.2273190e+001  2.8685532e+001  2.2627342e+001  2.1909750e+001  2.9904682e+001  1.9803087e+001  1.5046191e+001
  1.2866667e+000  3.2310516e+001  2.8672338e+001  2.2458792e+001  2.1872866e+001  2.9838713e+001  1.9925922e+001  1.5112427e+001
  1.2933333e+000  3.2400185e+001  2.8632130e+001  2.2963287e+001  2.1828236e+001  2.9709394e+001  1.9527067e+001  1.5117779e+001
  1.3000000e+000  3.2425388e+001  2.8670166e+001  2.2834427e+001  2.1832418e+001  2.9650797e+001  1.9423916e+001  1.5069060e+001
  1.3066667e+000  3.2475800e+001  2.8688147e+001  2.2109468e+001  2.1799219e+001  2.9574886e+001  1.9968447e+001  1.5062432e+001
  1.3133333e+000  3.2524307e+001  2.8359638e+001  2.2003468e+001  2.1768869e+001  2.9484438e+001  2.0206087e+001  1.5148690e+001
  1.3200000e+000  3.2542404e+001  2.8329102e+001  2.2499609e+001  2.1823261e+001  2.9433495e+001  2.0213951e+001  1.5239306e+001
  1.3266667e+000  3.2638527e+001  2.8351118e+001  2.1823540e+001  2.1800438e+001  2.9382261e+001  2.0212210e+001  1.5237355e+001
  1.3333333e+000  3.2626999e+001  2.8338362e+001  2.1734768e+001  2.1786331e+001  2.9312330e+001  2.0038155e+001  1.5203016e+001
  1.3400000e+000  3.2669655e+001  2.8271992e+001  2.1660297e+001  2.1784437e+001  2.9220219e+001  2.0058262e+001  1.5280562e+001
  1.3466667e+000  3.2362442e+001  2.8263536e+001  2.1569607e+001  2.1795839e+001  2.9202881e+001  2.0002729e+001  1.5235154e+001
  1.3533333e+000  3.2351524e+001  2.8250185e+001  2.1443745e+001  2.1842260e+001  2.9158867e+001  2.0110836e+001  1.5034241e+001
  1.3600000e+000  3.2470623e+001  2.8163160e+001  2.1341629e+001  2.1856371e+001  2.9063087e+001  2.0084711e+001  1.4790836e+001
  1.3666667e+000  3.2442657e+001  2.8090992e+001  2.1285801e+001  2.1782372e+001  2.9031931e+001  2.0083878e+001  1.4535499e+001
  1.3733333e+000  3.2455624e+001  2.8076283e+001  2.1194557e+001  2.1754189e+001  2.8996130e+001  1.9854471e+001  1.4397762e+001
  1.3800000e+000  3.2482540e+001  2.8036276e+001  2.1124268e+001  2.1824461e+001  2.8910170e+001  1.9828922e+001  1.4390224e+001
  1.3866667e+000  3.2491802e+001  2.7981682e+001  2.1075895e+001  2.1811653e+001  2.8865582e+001  1.9772129e+001  1.4329611e+001
  1.3933333e+000  3.2522705e+001  2.7954664e+001  2.0981855e+001  2.1720676e+001  2.8853069e+001  1.9874439e+001  1.4367544e+001
  1.4000000e+000  3.2528412e+001  2.7936958e+001  2.0947100e+001  2.1732615e+001  2.8779203e+001  1.9795118e+001  1.4448545e+001
  1.4066667e+000  3.2572723e+001  2.7882727e+001  2.0813782e+001  2.1723656e+001  2.8711264e+001  1.9052368e+001  1.4446075e+001
  1.4133333e+000  3.2545750e+001  2.7867861e+001  2.0783745e+001  2.1684845e+001  2.8667421e+001  1.9032063e+001  1.4430754e+001
  1.4200000e+000  3.2623257e+001  2.7866705e+001  2.0734295e+001  2.1633003e+001  2.8587875e+001  1.9484419e+001  1.4401333e+001
  1.4266667e+000  3.2607460e+001  2.7812435e+001  2.0680159e+001  2.1582197e+001  2.8522535e+001  1.9455515e+001  1.4337677e+001
  1.4333333e+000  3.2667561e+001  2.7649725e+001  2.0640209e+001  2.1562943e+001  2.8483929e+001  1.8861427e+001  1.4339385e+001
  1.4400000e+000  3.2704330e+001  2.7435730e+001  2.0542358e+001  2.1566299e+001  2.8433622e+001  1.8802530e+001  1.4278403e+001
  1.4466667e+000  3.2645847e+001  2.7258661e+001  2.0550694e+001  2.1545940e+001  2.8361853e+001  1.8784424e+001  1.4496209e+001
  1.4533333e+000  3.2688686e+001  2.7035921e+001  2.0535875e+001  2.1487478e+001  2.8272850e+001  1.9245213e+001  1.4832220e+001
  1.4600000e+000  3.2734596e+001  2.6836164e+001  2.0461967e+001  2.1429880e+001  2.8237669e+001  1.9144070e+001  1.5058108e+001
  1.4666667e+000  3.2720455e+001  2.6731510e+001  2.0264444e+001  2.1419434e+001  2.8180319e+001  1.9099865e+001  1.5130264e+001
  1.4733333e+000  3.2733189e+001  2.6674105e+001  2.0091745e+001  2.1414793e+001  2.8079683e+001  1.9055977e+001  1.5053295e+001
  1.4800000e+000  3.2698021e+001  2.6592403e+001  1.9881611e+001  2.1345316e+001  2.8043827e+001  1.8959759e+001  1.5037855e+001
  1.4866667e+000  3.2674667e+001  2.6577919e+001  1.9658958e+001  2.1275518e+001  2.7991734e+001  1.8896362e+001  1.4957973e+001
  1.4933333e+000  3.2609898e+001  2.6545149e+001  1.9422892e+001  2.1321390e+001  2.7844496e+001  1.8927570e+001  1.4859601e+001
  1.5000000e+000  3.2602894e+001  2.6409401e+001  1.9251900e+001  2.1373520e+001  2.7696800e+001  1.8889616e+001  1.4799190e+001
  1.5066667e+000  3.2543877e+001  2.6370867e+001  1.9131603e+001  2.1799070e+001  2.7451216e+001  1.8791714e+001  1.4795809e+001
  1.5133333e+000  3.2135815e+001  2.6275671e+001  1.9012112e+001  2.1268993e+001  2.7139050e+001  1.8762671e+001  1.4736707e+001
  1.5200000e+000  3.1998755e+001  2.6149736e+001  1.8967327e+001  2.1212757e+001  2.6913462e+001  1.8233044e+001  1.4662142e+001
  1.5266667e+000  3.1992720e+001  2.6101927e+001  1.8841898e+001  2.1156099e+001  2.6685371e+001  1.8203489e+001  1.4635610e+001
  1.5333333e+000  3.2286507e+001  2.6028925e+001  1.8778090e+001  2.1692450e+001  2.6408426e+001  1.8600155e+001  1.4550265e+001
  1.5400000e+000  3.2225769e+001  2.5900883e+001  1.8766548e+001  2.1580093e+001  2.6156130e+001  1.8607895e+001  1.4456630e+001
  1.5466667e+000  3.2255775e+001  2.5825672e+001  1.8668524e+001  2.1072107e+001  2.5960922e+001  1.8091820e+001  1.4496453e+001
  1.5533333e+000  3.2247780e+001  2.5657366e+001  1.8532497e+001  2.1045679e+001  2.5807152e+001  1.8012011e+001  1.4479563e+001
  1.5600000e+000  3.1983238e+001  2.5510986e+001  1.8435635e+001  2.1024523e+001  2.5665842e+001  1.7967430e+001  1.4361073e+001
  1.5666667e+000  3.2008904e+001  2.5383156e+001  1.8310999e+001  2.1422001e+001  2.5541920e+001  1.7935076e+001  1.4372417e+001
  1.5733333e+000  3.2304359e+001  2.5311836e+001  1.8256664e+001  2.1321262e+001  2.5416826e+001  1.7892775e+001  1.4394008e+001
  1.5800000e+000  3.2309467e+001  2.5285250e+001  1.8157272e+001  2.1252790e+001  2.5246180e+001  1.7828667e+001  1.4313802e+001
  1.5866667e+000  3.2353184e+001  2.5375679e+001  1.8017866e+001  2.0795736e+001  2.5478193e+001  1.7764597e+001  1.4314143e+001
  1.5933333e+000  3.2039242e+001  2.5435467e+001  1.7869293e+001  2.0747931e+001  2.5339535e+001  1.7701290e+001  1.4299520e+001
  1.6000000e+000  3.2073124e+001  2.5492163e+001  1.7754520e+001  2.1211611e+001  2.4736364e+001  1.7642551e+001  1.4331501e+001
  1.6066667e+000  3.2385143e+001  2.5553213e+001  1.7620178e+001  2.1138279e+001  2.4594515e+001  1.7599733e+001  1.4325168e+001
  1.6133333e+000  3.2425037e+001  2.5457899e+001  1.7629126e+001  2.1013241e+001  2.4434395e+001  1.7559566e+001  1.4392038e+001
  1.6200000e+000  3.2103012e+001  2.5315134e+001  1.7654446e+001  2.0527311e+001  2.4238935e+001  1.7491974e+001  1.4404777e+001
  1.6266667e+000  3.2143040e+001  2.5126995e+001  1.7756601e+001  2.0536945e+001  2.4037426e+001  1.7410248e+001  1.4407169e+001
  1.6333333e+000  3.2464405e+001  2.4980629e+001  1.7819706e+001  2.0950491e+001  2.4238667e+001  1.7333538e+001  1.4452105e+001
  1.6400000e+000  3.2482327e+001  2.4832821e+001  1.7962391e+001  2.0878693e+001  2.4055696e+001  1.7289185e+001  1.4532076e+001
  1.6466667e+000  3.2197105e+001  2.4640017e+001  1.7996214e+001  2.0763237e+001  2.3824366e+001  1.7208652e+001  1.4536093e+001
  1.6533333e+000  3.2184971e+001  2.4497868e+001  1.7879099e+001  2.0305359e+001  2.3658175e+001  1.7141151e+001  1.4592392e+001
  1.6600000e+000  3.2431480e+001  2.4753368e+001  1.7806120e+001  2.0074825e+001  2.3418943e+001  1.7076635e+001  1.4658332e+001
  1.6666667e+000  3.2404408e+001  2.4564175e+001  1.7697111e+001  2.0748413e+001  2.3170513e+001  1.7004881e+001  1.4652918e+001
  1.6733333e+000  3.2086079e+001  2.4491638e+001  1.7623327e+001  2.0669195e+001  2.2973257e+001  1.6918337e+001  1.4735704e+001
  1.6800000e+000  3.2395790e+001  2.4273783e+001  1.7487923e+001  2.0595594e+001  2.2803782e+001  1.6827322e+001  1.4754100e+001
  1.6866667e+000  3.2299671e+001  2.3728981e+001  1.7388912e+001  2.0573776e+001  2.2648411e+001  1.6769262e+001  1.4780280e+001
  1.6933333e+000  3.1982300e+001  2.3605000e+001  1.7242348e+001  2.0396677e+001  2.2573626e+001  1.6700821e+001  1.4793025e+001
  1.7000000e+000  3.2200443e+001  2.3408913e+001  1.7171907e+001  2.0332603e+001  2.2127489e+001  1.6637508e+001  1.4793567e+001
  1.7066667e+000  3.2143749e+001  2.3275494e+001  1.7134787e+001  2.0242632e+001  2.2031258e+001  1.6594807e+001  1.4800530e+001
  1.7133333e+000  3.1832817e+001  2.3067392e+001  1.7079735e+001  2.0400562e+001  2.1969938e+001  1.6518196e+001  1.4811563e+001
  1.7200000e+000  3.1754620e+001  2.3371078e+001  1.7032475e+001  2.0420559e+001  2.2257936e+001  1.6439180e+001  1.4826661e+001
  1.7266667e+000  3.1704540e+001  2.3201548e+001  1.6930933e+001  2.0236839e+001  2.2140175e+001  1.6373871e+001  1.4864223e+001
  1.7333333e+000  3.1602070e+001  2.3027325e+001  1.6877449e+001  2.0239550e+001  2.1999832e+001  1.6334209e+001  1.4925444e+001
  1.7400000e+000  3.1531418e+001  2.3064671e+001  1.6822744e+001  2.0176537e+001  2.1797989e+001  1.6281080e+001  1.4889672e+001
  1.7466667e+000  3.1516283e+001  2.2894133e+001  1.6765919e+001  2.0284924e+001  2.1565960e+001  1.6233725e+001  1.4980562e+001
  1.7533333e+000  3.1425823e+001  2.2537411e+001  1.6732332e+001  2.0292768e+001  2.1418560e+001  1.6195728e+001  1.4929221e+001
  1.7600000e+000  3.1539267e+001  2.2357079e+001  1.6761158e+001  2.0310352e+001  2.1234516e+001  1.6152987e+001  1.4952886e+001
  1.7666667e+000  3.1497776e+001  2.2180656e+001  1.6652029e+001  2.0093311e+001  2.1009604e+001  1.6113874e+001  1.5043883e+001
  1.7733333e+000  3.1464462e+001  2.2094458e+001  1.6607840e+001  2.0072786e+001  2.0831957e+001  1.6094221e+001  1.5048488e+001
  1.7800000e+000  3.1378422e+001  2.1924065e+001  1.6613251e+001  2.0306765e+001  2.0654490e+001  1.6053396e+001  1.5071445e+001
  1.7866667e+000  3.1358850e+001  2.1978712e+001  1.6500135e+001  2.0277945e+001  2.0494387e+001  1.6011024e+001  1.5076761e+001
  1.7933333e+000  3.1229589e+001  2.1826622e+001  1.6415596e+001  2.0063446e+001  2.0365370e+001  1.5983953e+001  1.5097561e+001
  1.8000000e+000  3.1117580e+001  2.1668539e+001  1.6315071e+001  2.0022072e+001  2.0179117e+001  1.5964399e+001  1.5138490e+001
  1.8066667e+000  3.1618496e+001  2.1072132e+001  1.6173822e+001  2.0002729e+001  1.9692530e+001  1.5944526e+001  1.5162674e+001
  1.8133333e+000  3.1548876e+001  2.0924860e+001  1.6053080e+001  2.0222153e+001  1.9874010e+001  1.5933131e+001  1.5125162e+001
  1.8200000e+000  3.1500782e+001  2.0830954e+001  1.5986063e+001  2.0274492e+001  1.9723690e+001  1.5922927e+001  1.5119556e+001
  1.8266667e+000  3.1423481e+001  2.0691532e+001  1.5938641e+001  2.0096378e+001  1.9201355e+001  1.5906245e+001  1.5106227e+001
  1.8333333e+000  3.0734865e+001  2.0555361e+001  1.5835707e+001  2.0061951e+001  1.9063749e+001  1.5906124e+001  1.5113072e+001
  1.8400000e+000  3.0700018e+001  2.0900303e+001  1.5686575e+001  2.0074022e+001  1.8895969e+001  1.5920133e+001  1.5140084e+001
  1.8466667e+000  3.1211761e+001  2.0702478e+001  1.5640023e+001  2.0085890e+001  1.9058077e+001  1.5949343e+001  1.5178009e+001
  1.8533333e+000  3.1127987e+001  2.0590118e+001  1.5612300e+001  2.0091326e+001  1.8914473e+001  1.5959738e+001  1.5173326e+001
  1.8600000e+000  3.1104334e+001  2.0487011e+001  1.5534543e+001  2.0075319e+001  1.8764662e+001  1.5932414e+001  1.5267569e+001
  1.8666667e+000  3.1067146e+001  2.0333366e+001  1.5425829e+001  2.0035395e+001  1.8608631e+001  1.5920774e+001  1.5283306e+001
  1.8733333e+000  3.0994476e+001  2.0220999e+001  1.5399249e+001  2.0080740e+001  1.8133972e+001  1.5971933e+001  1.5266941e+001
  1.8800000e+000  3.0921780e+001  2.0147457e+001  1.5318345e+001  1.9720840e+001  1.7975378e+001  1.6030827e+001  1.5350621e+001
  1.8866667e+000  3.0760921e+001  2.0008041e+001  1.5213878e+001  1.9716133e+001  1.7822302e+001  1.6075678e+001  1.5368230e+001
  1.8933333e+000  3.0626013e+001  1.9888201e+001  1.5172583e+001  2.0098000e+001  1.7694342e+001  1.6066397e+001  1.5359895e+001
  1.9000000e+000  3.0444441e+001  1.9810202e+001  1.5122237e+001  2.0122145e+001  1.7519836e+001  1.6062391e+001  1.5411871e+001
  1.9066667e+000  3.0253128e+001  1.9724325e+001  1.4975530e+001  1.9757126e+001  1.7401632e+001  1.6125921e+001  1.5432441e+001
  1.9133333e+000  3.0150101e+001  1.9627693e+001  1.4827386e+001  1.9753199e+001  1.7293720e+001  1.6212788e+001  1.5427857e+001
  1.9200000e+000  3.0031820e+001  1.9530497e+001  1.4802773e+001  1.9744656e+001  1.7110405e+001  1.6265099e+001  1.5462855e+001
  1.9266667e+000  2.9908230e+001  1.9425289e+001  1.4712995e+001  1.9724302e+001  1.7351837e+001  1.6261002e+001  1.5489457e+001
  1.9333333e+000  2.9546360e+001  1.9284159e+001  1.4700030e+001  1.9749613e+001  1.7227797e+001  1.6293463e+001  1.5495514e+001
  1.9400000e+000  2.9887003e+001  1.9231911e+001  1.4577563e+001  1.9762310e+001  1.6693747e+001  1.6366302e+001  1.5519975e+001
  1.9466667e+000  2.9881220e+001  1.9155830e+001  1.4535290e+001  1.9740747e+001  1.6581081e+001  1.6420874e+001  1.5494184e+001
  1.9533333e+000  2.9440842e+001  1.9028088e+001  1.4459025e+001  1.9724983e+001  1.6435123e+001  1.6430117e+001  1.5508231e+001
  1.9600000e+000  2.9410484e+001  1.9012543e+001  1.4390701e+001  1.9737192e+001  1.6299845e+001  1.6428265e+001  1.5512367e+001
  1.9666667e+000  2.9695675e+001  1.8937887e+001  1.4264015e+001  1.9731026e+001  1.6182316e+001  1.6478924e+001  1.5543658e+001
  1.9733333e+000  2.9654871e+001  1.8803797e+001  1.4241847e+001  1.9719887e+001  1.6363501e+001  1.6571739e+001  1.5544101e+001
  1.9800000e+000  2.9275858e+001  1.8689480e+001  1.4199367e+001  1.9738575e+001  1.6224564e+001  1.6609118e+001  1.5571746e+001
  1.9866667e+000  2.9752666e+001  1.8680927e+001  1.4238132e+001  1.9750999e+001  1.6113493e+001  1.6588699e+001  1.5575788e+001
  1.9933333e+000  2.9689631e+001  1.8614513e+001  1.4162057e+001  1.9738026e+001  1.5979650e+001  1.6624582e+001  1.5619227e+001
  2.0000000e+000  2.9267693e+001  1.8514568e+001  1.4129448e+001  1.9707815e+001  1.5507006e+001  1.6686102e+001  1.5646167e+001
