 -5.0000000e-001  1.3474803e+002  1.3175183e+002  1.3353171e+002  1.3256752e+002  1.3238689e+002
 -4.9333333e-001  1.3472910e+002  1.3174948e+002  1.3350186e+002  1.3257930e+002  1.3240668e+002
 -4.8666667e-001  1.3471874e+002  1.3176367e+002  1.3350925e+002  1.3258582e+002  1.3241812e+002
 -4.8000000e-001  1.3470167e+002  1.3174173e+002  1.3351331e+002  1.3255939e+002  1.3239914e+002
 -4.7333333e-001  1.3469518e+002  1.3174178e+002  1.3348560e+002  1.3255086e+002  1.3238103e+002
 -4.6666667e-001  1.3469424e+002  1.3176106e+002  1.3348830e+002  1.3253731e+002  1.3237933e+002
 -4.6000000e-001  1.3467723e+002  1.3175545e+002  1.3349591e+002  1.3254469e+002  1.3235498e+002
 -4.5333333e-001  1.3466406e+002  1.3174547e+002  1.3347748e+002  1.3253326e+002  1.3234363e+002
 -4.4666667e-001  1.3466055e+002  1.3173393e+002  1.3350455e+002  1.3253880e+002  1.3232342e+002
 -4.4000000e-001  1.3466403e+002  1.3174718e+002  1.3347893e+002  1.3254381e+002  1.3231076e+002
 -4.3333333e-001  1.3466660e+002  1.3174629e+002  1.3346876e+002  1.3255548e+002  1.3231691e+002
 -4.2666667e-001  1.3464914e+002  1.3174858e+002  1.3344754e+002  1.3253200e+002  1.3229587e+002
 -4.2000000e-001  1.3464473e+002  1.3172534e+002  1.3344589e+002  1.3251421e+002  1.3227478e+002
 -4.1333333e-001  1.3464014e+002  1.3174597e+002  1.3343236e+002  1.3250954e+002  1.3224776e+002
 -4.0666667e-001  1.3465268e+002  1.3172136e+002  1.3341774e+002  1.3252226e+002  1.3225923e+002
 -4.0000000e-001  1.3462476e+002  1.3174419e+002  1.3341364e+002  1.3251314e+002  1.3228349e+002
 -3.9333333e-001  1.3462141e+002  1.3174196e+002  1.3341100e+002  1.3248763e+002  1.3228770e+002
 -3.8666667e-001  1.3464177e+002  1.3176112e+002  1.3342273e+002  1.3248972e+002  1.3226848e+002
 -3.8000000e-001  1.3461684e+002  1.3173200e+002  1.3341788e+002  1.3248776e+002  1.3225157e+002
 -3.7333333e-001  1.3460825e+002  1.3170723e+002  1.3340451e+002  1.3251237e+002  1.3225835e+002
 -3.6666667e-001  1.3462994e+002  1.3170427e+002  1.3341472e+002  1.3252945e+002  1.3224332e+002
 -3.6000000e-001  1.3463899e+002  1.3166553e+002  1.3344551e+002  1.3250603e+002  1.3224988e+002
 -3.5333333e-001  1.3463048e+002  1.3170052e+002  1.3344458e+002  1.3248888e+002  1.3226039e+002
 -3.4666667e-001  1.3460335e+002  1.3168845e+002  1.3345178e+002  1.3249866e+002  1.3224684e+002
 -3.4000000e-001  1.3458827e+002  1.3165686e+002  1.3345624e+002  1.3250032e+002  1.3224065e+002
 -3.3333333e-001  1.3458656e+002  1.3163733e+002  1.3343254e+002  1.3250072e+002  1.3222766e+002
 -3.2666667e-001  1.3456709e+002  1.3167096e+002  1.3342946e+002  1.3248686e+002  1.3223157e+002
 -3.2000000e-001  1.3455110e+002  1.3167528e+002  1.3339676e+002  1.3247086e+002  1.3221860e+002
 -3.1333333e-001  1.3454779e+002  1.3166765e+002  1.3341090e+002  1.3247081e+002  1.3221574e+002
 -3.0666667e-001  1.3452756e+002  1.3166432e+002  1.3341385e+002  1.3248177e+002  1.3224150e+002
 -3.0000000e-001  1.3452829e+002  1.3165936e+002  1.3341977e+002  1.3247172e+002  1.3220604e+002
 -2.9333333e-001  1.3450859e+002  1.3164980e+002  1.3341058e+002  1.3249408e+002  1.3216826e+002
 -2.8666667e-001  1.3448518e+002  1.3165027e+002  1.3338254e+002  1.3250380e+002  1.3217198e+002
 -2.8000000e-001  1.3448122e+002  1.3162878e+002  1.3336926e+002  1.3250162e+002  1.3217314e+002
 -2.7333333e-001  1.3450295e+002  1.3163217e+002  1.3336260e+002  1.3251318e+002  1.3215936e+002
 -2.6666667e-001  1.3448714e+002  1.3162816e+002  1.3334602e+002  1.3249837e+002  1.3215744e+002
 -2.6000000e-001  1.3447697e+002  1.3162746e+002  1.3333083e+002  1.3251733e+002  1.3217917e+002
 -2.5333333e-001  1.3446207e+002  1.3164720e+002  1.3334004e+002  1.3249347e+002  1.3220546e+002
 -2.4666667e-001  1.3442078e+002  1.3164764e+002  1.3333174e+002  1.3250865e+002  1.3221567e+002
 -2.4000000e-001  1.3441771e+002  1.3164023e+002  1.3332776e+002  1.3252696e+002  1.3220526e+002
 -2.3333333e-001  1.3443251e+002  1.3164243e+002  1.3333684e+002  1.3252345e+002  1.3221893e+002
 -2.2666667e-001  1.3443430e+002  1.3163837e+002  1.3331421e+002  1.3251376e+002  1.3221379e+002
 -2.2000000e-001  1.3441626e+002  1.3164197e+002  1.3329324e+002  1.3251636e+002  1.3219544e+002
 -2.1333333e-001  1.3440154e+002  1.3163832e+002  1.3327959e+002  1.3251004e+002  1.3218779e+002
 -2.0666667e-001  1.3439996e+002  1.3163847e+002  1.3328915e+002  1.3251779e+002  1.3216678e+002
 -2.0000000e-001  1.3438209e+002  1.3163480e+002  1.3330579e+002  1.3250844e+002  1.3218219e+002
 -1.9333333e-001  1.3439954e+002  1.3161224e+002  1.3328587e+002  1.3250528e+002  1.3218796e+002
 -1.8666667e-001  1.3439827e+002  1.3162421e+002  1.3326970e+002  1.3249802e+002  1.3218193e+002
 -1.8000000e-001  1.3438905e+002  1.3162097e+002  1.3325552e+002  1.3249158e+002  1.3218211e+002
 -1.7333333e-001  1.3438052e+002  1.3161424e+002  1.3323955e+002  1.3247884e+002  1.3218335e+002
 -1.6666667e-001  1.3436063e+002  1.3162611e+002  1.3323791e+002  1.3246344e+002  1.3217065e+002
 -1.6000000e-001  1.3437682e+002  1.3160928e+002  1.3326634e+002  1.3249062e+002  1.3217085e+002
 -1.5333333e-001  1.3440422e+002  1.3158522e+002  1.3325584e+002  1.3251660e+002  1.3217111e+002
 -1.4666667e-001  1.3441325e+002  1.3159230e+002  1.3325090e+002  1.3251610e+002  1.3214981e+002
 -1.4000000e-001  1.3439710e+002  1.3161365e+002  1.3324181e+002  1.3249957e+002  1.3216130e+002
 -1.3333333e-001  1.3439392e+002  1.3161113e+002  1.3323154e+002  1.3247554e+002  1.3216159e+002
 -1.2666667e-001  1.3437204e+002  1.3158751e+002  1.3322286e+002  1.3247705e+002  1.3216759e+002
 -1.2000000e-001  1.3434950e+002  1.3157799e+002  1.3324153e+002  1.3247179e+002  1.3216579e+002
 -1.1333333e-001  1.3436737e+002  1.3159644e+002  1.3324803e+002  1.3247967e+002  1.3215636e+002
 -1.0666667e-001  1.3435251e+002  1.3157619e+002  1.3323540e+002  1.3249995e+002  1.3215340e+002
 -1.0000000e-001  1.3433212e+002  1.3157085e+002  1.3323863e+002  1.3248061e+002  1.3216447e+002
 -9.3333333e-002  1.3436261e+002  1.3156686e+002  1.3324348e+002  1.3249402e+002  1.3216931e+002
 -8.6666667e-002  1.3435638e+002  1.3156010e+002  1.3323875e+002  1.3247275e+002  1.3217030e+002
 -8.0000000e-002  1.3433476e+002  1.3156775e+002  1.3320708e+002  1.3247466e+002  1.3217273e+002
 -7.3333333e-002  1.3431238e+002  1.3158452e+002  1.3319267e+002  1.3249117e+002  1.3218188e+002
 -6.6666667e-002  1.3431392e+002  1.3158687e+002  1.3320334e+002  1.3247748e+002  1.3217038e+002
 -6.0000000e-002  1.3432889e+002  1.3159106e+002  1.3320631e+002  1.3246928e+002  1.3218918e+002
 -5.3333333e-002  1.3432187e+002  1.3159155e+002  1.3320163e+002  1.3247664e+002  1.3219841e+002
 -4.6666667e-002  1.3427707e+002  1.3157022e+002  1.3322272e+002  1.3248494e+002  1.3221387e+002
 -4.0000000e-002  1.3429536e+002  1.3156441e+002  1.3321022e+002  1.3248822e+002  1.3220944e+002
 -3.3333333e-002  1.3432237e+002  1.3156874e+002  1.3318492e+002  1.3248053e+002  1.3220885e+002
 -2.6666667e-002  1.3430953e+002  1.3157190e+002  1.3317065e+002  1.3246202e+002  1.3218974e+002
 -2.0000000e-002  1.3433057e+002  1.3156847e+002  1.3316991e+002  1.3247562e+002  1.3218030e+002
 -1.3333333e-002  1.3430881e+002  1.3156230e+002  1.3316385e+002  1.3248810e+002  1.3220267e+002
 -6.6666667e-003  1.3429958e+002  1.3156328e+002  1.3317096e+002  1.3248142e+002  1.3223041e+002
  0.0000000e+000  1.3431442e+002  1.3157230e+002  1.3314729e+002  1.3247302e+002  1.3225450e+002
  6.6666667e-003  1.3427635e+002  1.3157404e+002  1.3315318e+002  1.3247951e+002  1.3226080e+002
  1.3333333e-002  1.3426874e+002  1.3157111e+002  1.3314475e+002  1.3247153e+002  1.3223636e+002
  2.0000000e-002  1.3426752e+002  1.3157066e+002  1.3316902e+002  1.3244119e+002  1.3223732e+002
  2.6666667e-002  1.3424699e+002  1.3157869e+002  1.3319197e+002  1.3244479e+002  1.3224635e+002
  3.3333333e-002  1.3425108e+002  1.3156547e+002  1.3320454e+002  1.3243408e+002  1.3221245e+002
  4.0000000e-002  1.3423261e+002  1.3154518e+002  1.3317999e+002  1.3243402e+002  1.3219798e+002
  4.6666667e-002  1.3420265e+002  1.3154446e+002  1.3316650e+002  1.3240517e+002  1.3219403e+002
  5.3333333e-002  1.3419128e+002  1.3150964e+002  1.3316748e+002  1.3239986e+002  1.3217134e+002
  6.0000000e-002  1.3416299e+002  1.3148378e+002  1.3312180e+002  1.3235443e+002  1.3211037e+002
  6.6666667e-002  1.3412599e+002  1.3146840e+002  1.3308919e+002  1.3231729e+002  1.3207980e+002
  7.3333333e-002  1.3411916e+002  1.3142157e+002  1.3305147e+002  1.3232637e+002  1.3206415e+002
  8.0000000e-002  1.3408641e+002  1.3139183e+002  1.3302820e+002  1.3225089e+002  1.3201025e+002
  8.6666667e-002  1.3402153e+002  1.3133962e+002  1.3301479e+002  1.3219933e+002  1.3194617e+002
  9.3333333e-002  1.3397604e+002  1.3130049e+002  1.3299820e+002  1.3217355e+002  1.3192824e+002
  1.0000000e-001  1.3394028e+002  1.3124876e+002  1.3294257e+002  1.3212569e+002  1.3188728e+002
  1.0666667e-001  1.3390103e+002  1.3122572e+002  1.3290213e+002  1.3208113e+002  1.3183136e+002
  1.1333333e-001  1.3386122e+002  1.3116379e+002  1.3288512e+002  1.3202589e+002  1.3178125e+002
  1.2000000e-001  1.3378560e+002  1.3113025e+002  1.3284953e+002  1.3195950e+002  1.3172202e+002
  1.2666667e-001  1.3371170e+002  1.3106879e+002  1.3281505e+002  1.3191757e+002  1.3165830e+002
  1.3333333e-001  1.3367607e+002  1.3100150e+002  1.3282413e+002  1.3188335e+002  1.3159833e+002
  1.4000000e-001  1.3356210e+002  1.3092818e+002  1.3277930e+002  1.3182379e+002  1.3153639e+002
  1.4666667e-001  1.3346091e+002  1.3088756e+002  1.3271544e+002  1.3174582e+002  1.3144601e+002
  1.5333333e-001  1.3342401e+002  1.3083208e+002  1.3263115e+002  1.3166159e+002  1.3137051e+002
  1.6000000e-001  1.3337566e+002  1.3076335e+002  1.3257538e+002  1.3160411e+002  1.3127519e+002
  1.6666667e-001  1.3330673e+002  1.3068485e+002  1.3254129e+002  1.3155203e+002  1.3119316e+002
  1.7333333e-001  1.3325606e+002  1.3063991e+002  1.3251901e+002  1.3152649e+002  1.3112878e+002
  1.8000000e-001  1.3318897e+002  1.3060204e+002  1.3251033e+002  1.3150633e+002  1.3102979e+002
  1.8666667e-001  1.3315968e+002  1.3055130e+002  1.3248410e+002  1.3147923e+002  1.3097591e+002
  1.9333333e-001  1.3310762e+002  1.3052286e+002  1.3246796e+002  1.3145137e+002  1.3091858e+002
  2.0000000e-001  1.3306644e+002  1.3053549e+002  1.3248734e+002  1.3141669e+002  1.3084651e+002
  2.0666667e-001  1.3301395e+002  1.3049571e+002  1.3245781e+002  1.3137547e+002  1.3079172e+002
  2.1333333e-001  1.3299184e+002  1.3045132e+002  1.3243556e+002  1.3133380e+002  1.3074271e+002
  2.2000000e-001  1.3293890e+002  1.3042117e+002  1.3243315e+002  1.3127005e+002  1.3067554e+002
  2.2666667e-001  1.3288443e+002  1.3039499e+002  1.3241309e+002  1.3121329e+002  1.3058293e+002
  2.3333333e-001  1.3282056e+002  1.3035655e+002  1.3236519e+002  1.3113130e+002  1.3049785e+002
  2.4000000e-001  1.3277725e+002  1.3034007e+002  1.3234996e+002  1.3105949e+002  1.3039317e+002
  2.4666667e-001  1.3272644e+002  1.3034058e+002  1.3228648e+002  1.3096490e+002  1.3024205e+002
  2.5333333e-001  1.3264366e+002  1.3032723e+002  1.3221429e+002  1.3084514e+002  1.3005460e+002
  2.6000000e-001  1.3251970e+002  1.3027589e+002  1.3217940e+002  1.3072783e+002  1.2993545e+002
  2.6666667e-001  1.3239107e+002  1.3024666e+002  1.3211981e+002  1.3061346e+002  1.2975742e+002
  2.7333333e-001  1.3223375e+002  1.3023943e+002  1.3204395e+002  1.3049840e+002  1.2954785e+002
  2.8000000e-001  1.3208484e+002  1.3021843e+002  1.3194811e+002  1.3037811e+002  1.2936381e+002
  2.8666667e-001  1.3194519e+002  1.3019377e+002  1.3181426e+002  1.3026013e+002  1.2914681e+002
  2.9333333e-001  1.3179398e+002  1.3014818e+002  1.3171809e+002  1.3014577e+002  1.2893608e+002
  3.0000000e-001  1.3162131e+002  1.3010713e+002  1.3162900e+002  1.3002498e+002  1.2874789e+002
  3.0666667e-001  1.3142229e+002  1.3004742e+002  1.3150496e+002  1.2989533e+002  1.2852948e+002
  3.1333333e-001  1.3123946e+002  1.3001852e+002  1.3138878e+002  1.2972481e+002  1.2830626e+002
  3.2000000e-001  1.3105377e+002  1.2998511e+002  1.3128838e+002  1.2957770e+002  1.2812422e+002
  3.2666667e-001  1.3085379e+002  1.2992790e+002  1.3117259e+002  1.2944836e+002  1.2794674e+002
  3.3333333e-001  1.3066490e+002  1.2988586e+002  1.3108894e+002  1.2931172e+002  1.2781027e+002
  3.4000000e-001  1.3042783e+002  1.2985866e+002  1.3097969e+002  1.2925192e+002  1.2770110e+002
  3.4666667e-001  1.3019069e+002  1.2982283e+002  1.3090050e+002  1.2921004e+002  1.2758098e+002
  3.5333333e-001  1.2993691e+002  1.2981186e+002  1.3081952e+002  1.2915614e+002  1.2750864e+002
  3.6000000e-001  1.2971062e+002  1.2979011e+002  1.3077014e+002  1.2913182e+002  1.2749485e+002
  3.6666667e-001  1.2947130e+002  1.2976947e+002  1.3074745e+002  1.2915575e+002  1.2750983e+002
  3.7333333e-001  1.2921268e+002  1.2974852e+002  1.3069325e+002  1.2920435e+002  1.2749867e+002
  3.8000000e-001  1.2894795e+002  1.2973920e+002  1.3068852e+002  1.2926555e+002  1.2750032e+002
  3.8666667e-001  1.2866269e+002  1.2972614e+002  1.3068999e+002  1.2932365e+002  1.2751164e+002
  3.9333333e-001  1.2840341e+002  1.2973175e+002  1.3068245e+002  1.2938881e+002  1.2758833e+002
  4.0000000e-001  1.2816968e+002  1.2972939e+002  1.3069894e+002  1.2953520e+002  1.2767403e+002
  4.0666667e-001  1.2794173e+002  1.2975095e+002  1.3073947e+002  1.2964612e+002  1.2776166e+002
  4.1333333e-001  1.2773817e+002  1.2975855e+002  1.3079253e+002  1.2977359e+002  1.2785429e+002
  4.2000000e-001  1.2756710e+002  1.2973604e+002  1.3083548e+002  1.2991890e+002  1.2797475e+002
  4.2666667e-001  1.2740804e+002  1.2971613e+002  1.3090048e+002  1.3009122e+002  1.2811273e+002
  4.3333333e-001  1.2727335e+002  1.2968094e+002  1.3093457e+002  1.3029433e+002  1.2825241e+002
  4.4000000e-001  1.2715046e+002  1.2967180e+002  1.3095563e+002  1.3051161e+002  1.2844658e+002
  4.4666667e-001  1.2706160e+002  1.2963124e+002  1.3099391e+002  1.3070091e+002  1.2865723e+002
  4.5333333e-001  1.2695176e+002  1.2960558e+002  1.3102313e+002  1.3089918e+002  1.2886517e+002
  4.6000000e-001  1.2695812e+002  1.2959883e+002  1.3103722e+002  1.3113666e+002  1.2913994e+002
  4.6666667e-001  1.2697730e+002  1.2957404e+002  1.3106738e+002  1.3134080e+002  1.2939462e+002
  4.7333333e-001  1.2704700e+002  1.2958006e+002  1.3110036e+002  1.3153093e+002  1.2964185e+002
  4.8000000e-001  1.2716988e+002  1.2961411e+002  1.3110815e+002  1.3170421e+002  1.2990640e+002
  4.8666667e-001  1.2735796e+002  1.2960622e+002  1.3114314e+002  1.3189123e+002  1.3017754e+002
  4.9333333e-001  1.2759071e+002  1.2963139e+002  1.3120926e+002  1.3209413e+002  1.3047899e+002
  5.0000000e-001  1.2788692e+002  1.2971268e+002  1.3131215e+002  1.3227110e+002  1.3077977e+002
  5.0666667e-001  1.2823760e+002  1.2976335e+002  1.3135292e+002  1.3247337e+002  1.3105367e+002
  5.1333333e-001  1.2860646e+002  1.2983803e+002  1.3140315e+002  1.3266190e+002  1.3137962e+002
  5.2000000e-001  1.2900810e+002  1.2988307e+002  1.3147018e+002  1.3282338e+002  1.3169565e+002
  5.2666667e-001  1.2947685e+002  1.2989452e+002  1.3154629e+002  1.3303485e+002  1.3200060e+002
  5.3333333e-001  1.2989906e+002  1.2993550e+002  1.3169084e+002  1.3323811e+002  1.3228830e+002
  5.4000000e-001  1.3032271e+002  1.2996861e+002  1.3189081e+002  1.3342738e+002  1.3257680e+002
  5.4666667e-001  1.3079923e+002  1.3001686e+002  1.3207959e+002  1.3360953e+002  1.3290952e+002
  5.5333333e-001  1.3126363e+002  1.3003368e+002  1.3225780e+002  1.3378719e+002  1.3322060e+002
  5.6000000e-001  1.3170699e+002  1.3003484e+002  1.3248502e+002  1.3399626e+002  1.3356699e+002
  5.6666667e-001  1.3205470e+002  1.2999928e+002  1.3268346e+002  1.3418434e+002  1.3391380e+002
  5.7333333e-001  1.3237936e+002  1.2999411e+002  1.3285153e+002  1.3438203e+002  1.3427934e+002
  5.8000000e-001  1.3276839e+002  1.3002068e+002  1.3307762e+002  1.3451743e+002  1.3464851e+002
  5.8666667e-001  1.3314790e+002  1.3004079e+002  1.3332513e+002  1.3467175e+002  1.3495454e+002
  5.9333333e-001  1.3360109e+002  1.3001686e+002  1.3356615e+002  1.3489033e+002  1.3531281e+002
  6.0000000e-001  1.3408894e+002  1.3001236e+002  1.3381432e+002  1.3510593e+002  1.3569673e+002
  6.0666667e-001  1.3455194e+002  1.3000763e+002  1.3405254e+002  1.3529395e+002  1.3603998e+002
  6.1333333e-001  1.3498599e+002  1.2999887e+002  1.3426039e+002  1.3546388e+002  1.3638536e+002
  6.2000000e-001  1.3539699e+002  1.2999756e+002  1.3448274e+002  1.3568324e+002  1.3674904e+002
  6.2666667e-001  1.3586038e+002  1.3003804e+002  1.3475975e+002  1.3587422e+002  1.3710210e+002
  6.3333333e-001  1.3627411e+002  1.3005396e+002  1.3501160e+002  1.3609407e+002  1.3745073e+002
  6.4000000e-001  1.3664874e+002  1.3009125e+002  1.3521414e+002  1.3632120e+002  1.3776965e+002
  6.4666667e-001  1.3703285e+002  1.3013097e+002  1.3542941e+002  1.3651796e+002  1.3808136e+002
  6.5333333e-001  1.3739932e+002  1.3015613e+002  1.3567383e+002  1.3674705e+002  1.3837721e+002
  6.6000000e-001  1.3772168e+002  1.3020319e+002  1.3589468e+002  1.3700353e+002  1.3866696e+002
  6.6666667e-001  1.3810172e+002  1.3027782e+002  1.3611035e+002  1.3722794e+002  1.3897223e+002
  6.7333333e-001  1.3846780e+002  1.3034906e+002  1.3630955e+002  1.3741571e+002  1.3928587e+002
  6.8000000e-001  1.3879179e+002  1.3045146e+002  1.3651317e+002  1.3761919e+002  1.3954163e+002
  6.8666667e-001  1.3907356e+002  1.3058150e+002  1.3668840e+002  1.3783331e+002  1.3975693e+002
  6.9333333e-001  1.3932602e+002  1.3072737e+002  1.3688036e+002  1.3808453e+002  1.4002705e+002
  7.0000000e-001  1.3950406e+002  1.3083910e+002  1.3703740e+002  1.3828664e+002  1.4033232e+002
  7.0666667e-001  1.3962622e+002  1.3101703e+002  1.3719057e+002  1.3853441e+002  1.4060727e+002
  7.1333333e-001  1.3983662e+002  1.3119119e+002  1.3738377e+002  1.3872919e+002  1.4084781e+002
  7.2000000e-001  1.4004916e+002  1.3132782e+002  1.3752263e+002  1.3888554e+002  1.4110577e+002
  7.2666667e-001  1.4023169e+002  1.3151482e+002  1.3767235e+002  1.3907295e+002  1.4140195e+002
  7.3333333e-001  1.4047194e+002  1.3169722e+002  1.3781709e+002  1.3926057e+002  1.4170338e+002
  7.4000000e-001  1.4076062e+002  1.3184624e+002  1.3792101e+002  1.3944511e+002  1.4196161e+002
  7.4666667e-001  1.4100946e+002  1.3204312e+002  1.3804109e+002  1.3957774e+002  1.4221910e+002
  7.5333333e-001  1.4130388e+002  1.3223300e+002  1.3816023e+002  1.3969665e+002  1.4250650e+002
  7.6000000e-001  1.4159132e+002  1.3241542e+002  1.3825207e+002  1.3985910e+002  1.4282993e+002
  7.6666667e-001  1.4187938e+002  1.3260773e+002  1.3837457e+002  1.3998921e+002  1.4315028e+002
  7.7333333e-001  1.4221628e+002  1.3280333e+002  1.3847816e+002  1.4015114e+002  1.4343446e+002
  7.8000000e-001  1.4255312e+002  1.3299750e+002  1.3850429e+002  1.4027725e+002  1.4373120e+002
  7.8666667e-001  1.4288647e+002  1.3321193e+002  1.3853201e+002  1.4040144e+002  1.4408066e+002
  7.9333333e-001  1.4330328e+002  1.3336081e+002  1.3858365e+002  1.4051682e+002  1.4443292e+002
  8.0000000e-001  1.4371730e+002  1.3348306e+002  1.3860066e+002  1.4062532e+002  1.4469113e+002
  8.0666667e-001  1.4412846e+002  1.3366434e+002  1.3863773e+002  1.4073207e+002  1.4500319e+002
  8.1333333e-001  1.4459711e+002  1.3390173e+002  1.3871112e+002  1.4086951e+002  1.4529617e+002
  8.2000000e-001  1.4509229e+002  1.3413609e+002  1.3876292e+002  1.4099861e+002  1.4557324e+002
  8.2666667e-001  1.4559654e+002  1.3442639e+002  1.3882906e+002  1.4105997e+002  1.4582567e+002
  8.3333333e-001  1.4605882e+002  1.3471729e+002  1.3887503e+002  1.4114195e+002  1.4606526e+002
  8.4000000e-001  1.4653044e+002  1.3498283e+002  1.3892125e+002  1.4122963e+002  1.4631276e+002
  8.4666667e-001  1.4700226e+002  1.3528108e+002  1.3898650e+002  1.4127640e+002  1.4651250e+002
  8.5333333e-001  1.4744298e+002  1.3558945e+002  1.3906880e+002  1.4133575e+002  1.4671733e+002
  8.6000000e-001  1.4791701e+002  1.3590570e+002  1.3913487e+002  1.4142250e+002  1.4689433e+002
  8.6666667e-001  1.4842139e+002  1.3621164e+002  1.3918901e+002  1.4152490e+002  1.4708725e+002
  8.7333333e-001  1.4886612e+002  1.3650487e+002  1.3924468e+002  1.4158589e+002  1.4723323e+002
  8.8000000e-001  1.4926737e+002  1.3680933e+002  1.3932442e+002  1.4164729e+002  1.4740189e+002
  8.8666667e-001  1.4967921e+002  1.3705264e+002  1.3935243e+002  1.4173698e+002  1.4757434e+002
  8.9333333e-001  1.5007568e+002  1.3732977e+002  1.3941858e+002  1.4181313e+002  1.4771481e+002
  9.0000000e-001  1.5056136e+002  1.3758336e+002  1.3950215e+002  1.4190407e+002  1.4784580e+002
  9.0666667e-001  1.5154575e+002  1.3783432e+002  1.3954862e+002  1.4199756e+002  1.4797829e+002
  9.1333333e-001  1.5165245e+002  1.3808804e+002  1.3957269e+002  1.4210968e+002  1.4810147e+002
  9.2000000e-001  1.5210506e+002  1.3832188e+002  1.3960820e+002  1.4222865e+002  1.4823447e+002
  9.2666667e-001  1.5257924e+002  1.3850964e+002  1.3965231e+002  1.4229373e+002  1.4836865e+002
  9.3333333e-001  1.5300111e+002  1.3871397e+002  1.3970839e+002  1.4239456e+002  1.4851041e+002
  9.4000000e-001  1.5348312e+002  1.3891205e+002  1.3977551e+002  1.4253619e+002  1.4862941e+002
  9.4666667e-001  1.5395706e+002  1.3907263e+002  1.3979011e+002  1.4265074e+002  1.4872243e+002
  9.5333333e-001  1.5456224e+002  1.3920308e+002  1.3983365e+002  1.4275649e+002  1.4886044e+002
  9.6000000e-001  1.5515749e+002  1.3932484e+002  1.3987215e+002  1.4283730e+002  1.4897842e+002
  9.6666667e-001  1.5572638e+002  1.3943774e+002  1.3986758e+002  1.4293810e+002  1.4903275e+002
  9.7333333e-001  1.5634378e+002  1.3956873e+002  1.3988791e+002  1.4302286e+002  1.4909198e+002
  9.8000000e-001  1.5701210e+002  1.3965416e+002  1.3992447e+002  1.4309821e+002  1.4912404e+002
  9.8666667e-001  1.5772790e+002  1.3970429e+002  1.3998955e+002  1.4314371e+002  1.4920285e+002
  9.9333333e-001  1.5838951e+002  1.3979495e+002  1.4006249e+002  1.4318828e+002  1.4930479e+002
  1.0000000e+000  1.5899263e+002  1.3985841e+002  1.4005276e+002  1.4325679e+002  1.4941914e+002
  1.0066667e+000  1.5971372e+002  1.3990668e+002  1.4004663e+002  1.4330002e+002  1.4949451e+002
  1.0133333e+000  1.6084572e+002  1.4008157e+002  1.4010219e+002  1.4331158e+002  1.4959959e+002
  1.0200000e+000  1.6143034e+002  1.4029192e+002  1.4013812e+002  1.4330228e+002  1.4974564e+002
  1.0266667e+000  1.6153058e+002  1.4054234e+002  1.4017011e+002  1.4335094e+002  1.4989885e+002
  1.0333333e+000  1.6205101e+002  1.4085983e+002  1.4020511e+002  1.4340396e+002  1.4999451e+002
  1.0400000e+000  1.6203014e+002  1.4117920e+002  1.4023833e+002  1.4339563e+002  1.5005695e+002
  1.0466667e+000  1.6246460e+002  1.4148257e+002  1.4028180e+002  1.4336008e+002  1.5008633e+002
  1.0533333e+000  1.6321735e+002  1.4168034e+002  1.4033801e+002  1.4337842e+002  1.5014110e+002
  1.0600000e+000  1.6346960e+002  1.4175520e+002  1.4035356e+002  1.4339841e+002  1.5014854e+002
  1.0666667e+000  1.6371863e+002  1.4168909e+002  1.4035378e+002  1.4345108e+002  1.5013268e+002
  1.0733333e+000  1.6405223e+002  1.4158940e+002  1.4037512e+002  1.4344267e+002  1.5017789e+002
  1.0800000e+000  1.6434255e+002  1.4148796e+002  1.4036655e+002  1.4342581e+002  1.5019220e+002
  1.0866667e+000  1.6460571e+002  1.4142329e+002  1.4035588e+002  1.4345410e+002  1.5017261e+002
  1.0933333e+000  1.6479837e+002  1.4132526e+002  1.4034639e+002  1.4344833e+002  1.5017129e+002
  1.1000000e+000  1.6506953e+002  1.4125459e+002  1.4038351e+002  1.4339452e+002  1.5018701e+002
  1.1066667e+000  1.6534137e+002  1.4117676e+002  1.4040008e+002  1.4342232e+002  1.5016150e+002
  1.1133333e+000  1.6553679e+002  1.4113669e+002  1.4040936e+002  1.4340515e+002  1.5011412e+002
  1.1200000e+000  1.6567239e+002  1.4109508e+002  1.4042767e+002  1.4337917e+002  1.5005780e+002
  1.1266667e+000  1.6589839e+002  1.4105008e+002  1.4046538e+002  1.4333372e+002  1.5004890e+002
  1.1333333e+000  1.6607523e+002  1.4103305e+002  1.4046175e+002  1.4332027e+002  1.5006319e+002
  1.1400000e+000  1.6626752e+002  1.4104857e+002  1.4045154e+002  1.4332654e+002  1.5008891e+002
  1.1466667e+000  1.6641719e+002  1.4107587e+002  1.4048961e+002  1.4325702e+002  1.5008218e+002
  1.1533333e+000  1.6651526e+002  1.4107781e+002  1.4046735e+002  1.4320642e+002  1.5006543e+002
  1.1600000e+000  1.6667488e+002  1.4109743e+002  1.4047975e+002  1.4317921e+002  1.5008083e+002
  1.1666667e+000  1.6671458e+002  1.4111226e+002  1.4052887e+002  1.4311473e+002  1.5015785e+002
  1.1733333e+000  1.6630037e+002  1.4112659e+002  1.4050915e+002  1.4308885e+002  1.5016321e+002
  1.1800000e+000  1.6638992e+002  1.4118919e+002  1.4050604e+002  1.4301497e+002  1.5014487e+002
  1.1866667e+000  1.6696808e+002  1.4126158e+002  1.4056691e+002  1.4295320e+002  1.5016829e+002
  1.1933333e+000  1.6697713e+002  1.4132538e+002  1.4059665e+002  1.4289506e+002  1.5012183e+002
  1.2000000e+000  1.6697838e+002  1.4137587e+002  1.4059198e+002  1.4282550e+002  1.5006052e+002
  1.2066667e+000  1.6717610e+002  1.4140508e+002  1.4061408e+002  1.4278761e+002  1.4997415e+002
  1.2133333e+000  1.6745872e+002  1.4141209e+002  1.4062419e+002  1.4273532e+002  1.4989508e+002
  1.2200000e+000  1.6762087e+002  1.4135765e+002  1.4058719e+002  1.4265378e+002  1.4981717e+002
  1.2266667e+000  1.6762418e+002  1.4130074e+002  1.4055168e+002  1.4255411e+002  1.4974413e+002
  1.2333333e+000  1.6751532e+002  1.4123517e+002  1.4048906e+002  1.4246982e+002  1.4962312e+002
  1.2400000e+000  1.6750121e+002  1.4117619e+002  1.4041580e+002  1.4236313e+002  1.4950882e+002
  1.2466667e+000  1.6773859e+002  1.4105063e+002  1.4031899e+002  1.4225137e+002  1.4940013e+002
  1.2533333e+000  1.6821962e+002  1.4089327e+002  1.4022678e+002  1.4211214e+002  1.4923875e+002
  1.2600000e+000  1.6873189e+002  1.4077402e+002  1.4011861e+002  1.4196268e+002  1.4908289e+002
  1.2666667e+000  1.6917285e+002  1.4063475e+002  1.3996393e+002  1.4179367e+002  1.4894601e+002
  1.2733333e+000  1.6946086e+002  1.4050871e+002  1.3982678e+002  1.4163065e+002  1.4879588e+002
  1.2800000e+000  1.6955598e+002  1.4038879e+002  1.3966472e+002  1.4143449e+002  1.4860434e+002
  1.2866667e+000  1.6959071e+002  1.4025009e+002  1.3950740e+002  1.4126599e+002  1.4846724e+002
  1.2933333e+000  1.6954146e+002  1.4006125e+002  1.3933865e+002  1.4108534e+002  1.4829831e+002
  1.3000000e+000  1.6937877e+002  1.3988301e+002  1.3918430e+002  1.4086327e+002  1.4815901e+002
  1.3066667e+000  1.6922469e+002  1.3970261e+002  1.3899474e+002  1.4066705e+002  1.4800340e+002
  1.3133333e+000  1.6906175e+002  1.3954991e+002  1.3878461e+002  1.4042218e+002  1.4784912e+002
  1.3200000e+000  1.6885475e+002  1.3942348e+002  1.3860017e+002  1.4022026e+002  1.4765080e+002
  1.3266667e+000  1.6869289e+002  1.3931519e+002  1.3840105e+002  1.4002747e+002  1.4743051e+002
  1.3333333e+000  1.6851048e+002  1.3925008e+002  1.3816881e+002  1.3979950e+002  1.4718288e+002
  1.3400000e+000  1.6829746e+002  1.3916791e+002  1.3796043e+002  1.3954719e+002  1.4691936e+002
  1.3466667e+000  1.6804405e+002  1.3911067e+002  1.3775919e+002  1.3931558e+002  1.4665920e+002
  1.3533333e+000  1.6762132e+002  1.3911102e+002  1.3755408e+002  1.3914272e+002  1.4636491e+002
  1.3600000e+000  1.6710593e+002  1.3906636e+002  1.3729401e+002  1.3895065e+002  1.4605087e+002
  1.3666667e+000  1.6654452e+002  1.3906261e+002  1.3703890e+002  1.3876508e+002  1.4570773e+002
  1.3733333e+000  1.6600607e+002  1.3904448e+002  1.3678923e+002  1.3856374e+002  1.4536258e+002
  1.3800000e+000  1.6540677e+002  1.3899760e+002  1.3651199e+002  1.3837501e+002  1.4504399e+002
  1.3866667e+000  1.6489757e+002  1.3897136e+002  1.3623607e+002  1.3820522e+002  1.4469871e+002
  1.3933333e+000  1.6435147e+002  1.3894363e+002  1.3593269e+002  1.3802586e+002  1.4433505e+002
  1.4000000e+000  1.6383160e+002  1.3888370e+002  1.3566686e+002  1.3781573e+002  1.4397485e+002
  1.4066667e+000  1.6332460e+002  1.3884854e+002  1.3537897e+002  1.3760388e+002  1.4362663e+002
  1.4133333e+000  1.6278229e+002  1.3879561e+002  1.3510684e+002  1.3745750e+002  1.4330858e+002
  1.4200000e+000  1.6222472e+002  1.3873613e+002  1.3484277e+002  1.3728874e+002  1.4303822e+002
  1.4266667e+000  1.6170004e+002  1.3864426e+002  1.3459698e+002  1.3706456e+002  1.4274589e+002
  1.4333333e+000  1.6118190e+002  1.3852350e+002  1.3434602e+002  1.3684750e+002  1.4241510e+002
  1.4400000e+000  1.6072478e+002  1.3844417e+002  1.3411320e+002  1.3668776e+002  1.4212581e+002
  1.4466667e+000  1.6028098e+002  1.3834819e+002  1.3388052e+002  1.3648840e+002  1.4188301e+002
  1.4533333e+000  1.6025032e+002  1.3822275e+002  1.3364813e+002  1.3632449e+002  1.4164705e+002
  1.4600000e+000  1.5974593e+002  1.3809972e+002  1.3343283e+002  1.3613284e+002  1.4142841e+002
  1.4666667e+000  1.5937175e+002  1.3795282e+002  1.3318427e+002  1.3589011e+002  1.4122528e+002
  1.4733333e+000  1.5829816e+002  1.3777028e+002  1.3300182e+002  1.3571007e+002  1.4103514e+002
  1.4800000e+000  1.5781619e+002  1.3761662e+002  1.3279375e+002  1.3549556e+002  1.4085370e+002
  1.4866667e+000  1.5736891e+002  1.3746341e+002  1.3258083e+002  1.3528491e+002  1.4070570e+002
  1.4933333e+000  1.5691928e+002  1.3731404e+002  1.3237799e+002  1.3506899e+002  1.4054062e+002
  1.5000000e+000  1.5647061e+002  1.3711635e+002  1.3216774e+002  1.3483147e+002  1.4037187e+002
  1.5066667e+000  1.5596422e+002  1.3694077e+002  1.3196185e+002  1.3460838e+002  1.4024982e+002
  1.5133333e+000  1.5548363e+002  1.3678885e+002  1.3173930e+002  1.3440169e+002  1.4011374e+002
  1.5200000e+000  1.5499283e+002  1.3663040e+002  1.3151283e+002  1.3419279e+002  1.3999213e+002
  1.5266667e+000  1.5447539e+002  1.3645137e+002  1.3130493e+002  1.3398804e+002  1.3985010e+002
  1.5333333e+000  1.5397359e+002  1.3630176e+002  1.3104568e+002  1.3380017e+002  1.3969476e+002
  1.5400000e+000  1.5346858e+002  1.3614180e+002  1.3078084e+002  1.3358936e+002  1.3957761e+002
  1.5466667e+000  1.5298697e+002  1.3598416e+002  1.3052004e+002  1.3338554e+002  1.3944463e+002
  1.5533333e+000  1.5253456e+002  1.3584897e+002  1.3027458e+002  1.3319539e+002  1.3928220e+002
  1.5600000e+000  1.5208345e+002  1.3569365e+002  1.3000807e+002  1.3299545e+002  1.3913390e+002
  1.5666667e+000  1.5167880e+002  1.3553992e+002  1.2973485e+002  1.3280135e+002  1.3899030e+002
  1.5733333e+000  1.5130170e+002  1.3543190e+002  1.2945369e+002  1.3260053e+002  1.3880452e+002
  1.5800000e+000  1.5093466e+002  1.3534259e+002  1.2918527e+002  1.3241834e+002  1.3864502e+002
  1.5866667e+000  1.5059625e+002  1.3519011e+002  1.2892575e+002  1.3222627e+002  1.3850739e+002
  1.5933333e+000  1.5029895e+002  1.3505902e+002  1.2869498e+002  1.3202444e+002  1.3836775e+002
  1.6000000e+000  1.4997426e+002  1.3492574e+002  1.2846953e+002  1.3190013e+002  1.3818146e+002
  1.6066667e+000  1.4962222e+002  1.3482440e+002  1.2826334e+002  1.3174515e+002  1.3802013e+002
  1.6133333e+000  1.4928954e+002  1.3472560e+002  1.2805353e+002  1.3158650e+002  1.3785323e+002
  1.6200000e+000  1.4898671e+002  1.3460770e+002  1.2782145e+002  1.3144905e+002  1.3765550e+002
  1.6266667e+000  1.4871748e+002  1.3449736e+002  1.2761173e+002  1.3129395e+002  1.3748498e+002
  1.6333333e+000  1.4842725e+002  1.3436644e+002  1.2741933e+002  1.3116628e+002  1.3729817e+002
  1.6400000e+000  1.4814827e+002  1.3425130e+002  1.2724184e+002  1.3104990e+002  1.3710649e+002
  1.6466667e+000  1.4785361e+002  1.3418332e+002  1.2707040e+002  1.3094840e+002  1.3690602e+002
  1.6533333e+000  1.4753632e+002  1.3410324e+002  1.2687901e+002  1.3082947e+002  1.3673163e+002
  1.6600000e+000  1.4731326e+002  1.3401526e+002  1.2671076e+002  1.3072314e+002  1.3654805e+002
  1.6666667e+000  1.4708934e+002  1.3392752e+002  1.2657181e+002  1.3061868e+002  1.3636931e+002
  1.6733333e+000  1.4680515e+002  1.3385381e+002  1.2642895e+002  1.3050411e+002  1.3618732e+002
  1.6800000e+000  1.4656210e+002  1.3375948e+002  1.2629872e+002  1.3041419e+002  1.3598459e+002
  1.6866667e+000  1.4634992e+002  1.3366838e+002  1.2617444e+002  1.3030479e+002  1.3578963e+002
  1.6933333e+000  1.4609534e+002  1.3360788e+002  1.2606550e+002  1.3018457e+002  1.3562599e+002
  1.7000000e+000  1.4587242e+002  1.3354610e+002  1.2598164e+002  1.3007036e+002  1.3547646e+002
  1.7066667e+000  1.4568350e+002  1.3347409e+002  1.2590338e+002  1.2997780e+002  1.3527940e+002
  1.7133333e+000  1.4547307e+002  1.3339674e+002  1.2581021e+002  1.2986835e+002  1.3512373e+002
  1.7200000e+000  1.4529309e+002  1.3333954e+002  1.2574351e+002  1.2974483e+002  1.3497470e+002
  1.7266667e+000  1.4511743e+002  1.3326920e+002  1.2567327e+002  1.2962341e+002  1.3484114e+002
  1.7333333e+000  1.4493843e+002  1.3320929e+002  1.2562356e+002  1.2952161e+002  1.3471893e+002
  1.7400000e+000  1.4475362e+002  1.3315759e+002  1.2554802e+002  1.2937833e+002  1.3458801e+002
  1.7466667e+000  1.4457904e+002  1.3309204e+002  1.2551165e+002  1.2926552e+002  1.3446187e+002
  1.7533333e+000  1.4440886e+002  1.3304237e+002  1.2547790e+002  1.2914900e+002  1.3430185e+002
  1.7600000e+000  1.4424063e+002  1.3299162e+002  1.2545470e+002  1.2902786e+002  1.3415086e+002
  1.7666667e+000  1.4409258e+002  1.3296490e+002  1.2546037e+002  1.2894336e+002  1.3401987e+002
  1.7733333e+000  1.4392357e+002  1.3287856e+002  1.2546809e+002  1.2882172e+002  1.3389269e+002
  1.7800000e+000  1.4377333e+002  1.3282526e+002  1.2544032e+002  1.2875198e+002  1.3377933e+002
  1.7866667e+000  1.4365741e+002  1.3277506e+002  1.2540158e+002  1.2866318e+002  1.3365442e+002
  1.7933333e+000  1.4353323e+002  1.3271237e+002  1.2543414e+002  1.2859032e+002  1.3351305e+002
  1.8000000e+000  1.4342329e+002  1.3265350e+002  1.2544196e+002  1.2850386e+002  1.3339208e+002
  1.8066667e+000  1.4331276e+002  1.3258849e+002  1.2544902e+002  1.2844258e+002  1.3326802e+002
  1.8133333e+000  1.4320872e+002  1.3255010e+002  1.2546786e+002  1.2837405e+002  1.3314880e+002
  1.8200000e+000  1.4307846e+002  1.3249506e+002  1.2547807e+002  1.2830905e+002  1.3299924e+002
  1.8266667e+000  1.4298035e+002  1.3247829e+002  1.2549269e+002  1.2824419e+002  1.3286809e+002
  1.8333333e+000  1.4289687e+002  1.3241965e+002  1.2547579e+002  1.2818402e+002  1.3276561e+002
  1.8400000e+000  1.4281455e+002  1.3234422e+002  1.2551752e+002  1.2811636e+002  1.3264354e+002
  1.8466667e+000  1.4272325e+002  1.3230594e+002  1.2555101e+002  1.2803163e+002  1.3255704e+002
  1.8533333e+000  1.4255115e+002  1.3224786e+002  1.2557510e+002  1.2798869e+002  1.3245801e+002
  1.8600000e+000  1.4242702e+002  1.3219907e+002  1.2562282e+002  1.2793980e+002  1.3233899e+002
  1.8666667e+000  1.4231229e+002  1.3216165e+002  1.2566615e+002  1.2787231e+002  1.3221747e+002
  1.8733333e+000  1.4221137e+002  1.3212904e+002  1.2568823e+002  1.2778812e+002  1.3209204e+002
  1.8800000e+000  1.4210725e+002  1.3210136e+002  1.2571558e+002  1.2774902e+002  1.3202205e+002
  1.8866667e+000  1.4197969e+002  1.3206293e+002  1.2577332e+002  1.2768150e+002  1.3193269e+002
  1.8933333e+000  1.4187326e+002  1.3203006e+002  1.2582710e+002  1.2761113e+002  1.3187100e+002
  1.9000000e+000  1.4179117e+002  1.3199506e+002  1.2587451e+002  1.2752313e+002  1.3178664e+002
  1.9066667e+000  1.4169611e+002  1.3199217e+002  1.2593593e+002  1.2748872e+002  1.3168666e+002
  1.9133333e+000  1.4159845e+002  1.3196271e+002  1.2602706e+002  1.2739457e+002  1.3160628e+002
  1.9200000e+000  1.4149445e+002  1.3193613e+002  1.2606330e+002  1.2733683e+002  1.3154276e+002
  1.9266667e+000  1.4139102e+002  1.3188684e+002  1.2613875e+002  1.2727787e+002  1.3149718e+002
  1.9333333e+000  1.4128561e+002  1.3185124e+002  1.2620210e+002  1.2721650e+002  1.3142273e+002
  1.9400000e+000  1.4121368e+002  1.3184551e+002  1.2628875e+002  1.2718383e+002  1.3138629e+002
  1.9466667e+000  1.4112560e+002  1.3182736e+002  1.2635597e+002  1.2714757e+002  1.3133681e+002
  1.9533333e+000  1.4098315e+002  1.3178575e+002  1.2643304e+002  1.2710156e+002  1.3126572e+002
  1.9600000e+000  1.4089073e+002  1.3180472e+002  1.2648375e+002  1.2707926e+002  1.3121912e+002
  1.9666667e+000  1.4080919e+002  1.3179134e+002  1.2653296e+002  1.2706459e+002  1.3119333e+002
  1.9733333e+000  1.4071764e+002  1.3175749e+002  1.2660114e+002  1.2704463e+002  1.3116832e+002
  1.9800000e+000  1.4061565e+002  1.3171585e+002  1.2667361e+002  1.2704570e+002  1.3109970e+002
  1.9866667e+000  1.4047736e+002  1.3171405e+002  1.2674024e+002  1.2705405e+002  1.3103986e+002
  1.9933333e+000  1.4039441e+002  1.3171686e+002  1.2680427e+002  1.2708629e+002  1.3099472e+002
  2.0000000e+000  1.4033900e+002  1.3170596e+002  1.2689714e+002  1.2708099e+002  1.3096600e+002
