 -5.0000000e-001 -6.5646523e+001 -6.5283409e+001 -6.3542534e+001 -6.2527794e+001 -6.2243481e+001
 -4.9333333e-001 -6.5624138e+001 -6.5218857e+001 -6.3571495e+001 -6.2533749e+001 -6.2222923e+001
 -4.8666667e-001 -6.5719231e+001 -6.5262108e+001 -6.3564774e+001 -6.2502037e+001 -6.2234203e+001
 -4.8000000e-001 -6.5689789e+001 -6.5216644e+001 -6.3577785e+001 -6.2506340e+001 -6.2205757e+001
 -4.7333333e-001 -6.5644897e+001 -6.5173553e+001 -6.3590584e+001 -6.2497658e+001 -6.2219849e+001
 -4.6666667e-001 -6.5647667e+001 -6.5253021e+001 -6.3620296e+001 -6.2525005e+001 -6.2200104e+001
 -4.6000000e-001 -6.5638351e+001 -6.5238945e+001 -6.3594479e+001 -6.2512489e+001 -6.2189495e+001
 -4.5333333e-001 -6.5680695e+001 -6.5210388e+001 -6.3664795e+001 -6.2512943e+001 -6.2188831e+001
 -4.4666667e-001 -6.5625153e+001 -6.5254074e+001 -6.3664398e+001 -6.2577797e+001 -6.2199192e+001
 -4.4000000e-001 -6.5672279e+001 -6.5272491e+001 -6.3683823e+001 -6.2532738e+001 -6.2198509e+001
 -4.3333333e-001 -6.5649429e+001 -6.5231583e+001 -6.3657379e+001 -6.2535629e+001 -6.2184017e+001
 -4.2666667e-001 -6.5644974e+001 -6.5268433e+001 -6.3652950e+001 -6.2484737e+001 -6.2176613e+001
 -4.2000000e-001 -6.5682404e+001 -6.5301407e+001 -6.3649399e+001 -6.2460217e+001 -6.2203598e+001
 -4.1333333e-001 -6.5678673e+001 -6.5269852e+001 -6.3678524e+001 -6.2460163e+001 -6.2203079e+001
 -4.0666667e-001 -6.5672440e+001 -6.5245926e+001 -6.3663410e+001 -6.2495773e+001 -6.2207527e+001
 -4.0000000e-001 -6.5702721e+001 -6.5279785e+001 -6.3624947e+001 -6.2564610e+001 -6.2239464e+001
 -3.9333333e-001 -6.5655151e+001 -6.5322670e+001 -6.3657330e+001 -6.2548477e+001 -6.2234356e+001
 -3.8666667e-001 -6.5646782e+001 -6.5318245e+001 -6.3672840e+001 -6.2546291e+001 -6.2257187e+001
 -3.8000000e-001 -6.5714989e+001 -6.5290749e+001 -6.3633949e+001 -6.2545784e+001 -6.2203312e+001
 -3.7333333e-001 -6.5733971e+001 -6.5282860e+001 -6.3697411e+001 -6.2581287e+001 -6.2185200e+001
 -3.6666667e-001 -6.5712997e+001 -6.5281143e+001 -6.3687553e+001 -6.2574390e+001 -6.2197330e+001
 -3.6000000e-001 -6.5710770e+001 -6.5271828e+001 -6.3718536e+001 -6.2543839e+001 -6.2223133e+001
 -3.5333333e-001 -6.5740173e+001 -6.5260986e+001 -6.3693092e+001 -6.2580551e+001 -6.2211727e+001
 -3.4666667e-001 -6.5760986e+001 -6.5204201e+001 -6.3722038e+001 -6.2601807e+001 -6.2259647e+001
 -3.4000000e-001 -6.5738892e+001 -6.5223183e+001 -6.3724930e+001 -6.2588776e+001 -6.2237572e+001
 -3.3333333e-001 -6.5704193e+001 -6.5207985e+001 -6.3702858e+001 -6.2573357e+001 -6.2224716e+001
 -3.2666667e-001 -6.5742897e+001 -6.5229774e+001 -6.3692661e+001 -6.2588352e+001 -6.2264633e+001
 -3.2000000e-001 -6.5704140e+001 -6.5237320e+001 -6.3699123e+001 -6.2597488e+001 -6.2288834e+001
 -3.1333333e-001 -6.5706650e+001 -6.5172638e+001 -6.3742954e+001 -6.2541954e+001 -6.2231728e+001
 -3.0666667e-001 -6.5726662e+001 -6.5175957e+001 -6.3720467e+001 -6.2591316e+001 -6.2250782e+001
 -3.0000000e-001 -6.5719307e+001 -6.5151024e+001 -6.3730244e+001 -6.2617393e+001 -6.2284618e+001
 -2.9333333e-001 -6.5682747e+001 -6.5157875e+001 -6.3683113e+001 -6.2614319e+001 -6.2302460e+001
 -2.8666667e-001 -6.5670731e+001 -6.5161484e+001 -6.3709026e+001 -6.2617920e+001 -6.2262592e+001
 -2.8000000e-001 -6.5679916e+001 -6.5153877e+001 -6.3748398e+001 -6.2613533e+001 -6.2288101e+001
 -2.7333333e-001 -6.5715042e+001 -6.5154976e+001 -6.3747837e+001 -6.2606213e+001 -6.2324028e+001
 -2.6666667e-001 -6.5724449e+001 -6.5117134e+001 -6.3727798e+001 -6.2577606e+001 -6.2305157e+001
 -2.6000000e-001 -6.5721733e+001 -6.5135979e+001 -6.3728939e+001 -6.2576084e+001 -6.2330299e+001
 -2.5333333e-001 -6.5716690e+001 -6.5172554e+001 -6.3737953e+001 -6.2605911e+001 -6.2363693e+001
 -2.4666667e-001 -6.5725433e+001 -6.5142471e+001 -6.3768524e+001 -6.2617767e+001 -6.2358952e+001
 -2.4000000e-001 -6.5703140e+001 -6.5147575e+001 -6.3784275e+001 -6.2592968e+001 -6.2348011e+001
 -2.3333333e-001 -6.5717667e+001 -6.5139053e+001 -6.3792568e+001 -6.2567513e+001 -6.2381691e+001
 -2.2666667e-001 -6.5690041e+001 -6.5169044e+001 -6.3712463e+001 -6.2574108e+001 -6.2317261e+001
 -2.2000000e-001 -6.5686180e+001 -6.5144188e+001 -6.3727566e+001 -6.2604729e+001 -6.2278847e+001
 -2.1333333e-001 -6.5683174e+001 -6.5150856e+001 -6.3760979e+001 -6.2587662e+001 -6.2270817e+001
 -2.0666667e-001 -6.5684158e+001 -6.5158951e+001 -6.3773586e+001 -6.2574463e+001 -6.2276489e+001
 -2.0000000e-001 -6.5677391e+001 -6.5160561e+001 -6.3786228e+001 -6.2595707e+001 -6.2354633e+001
 -1.9333333e-001 -6.5694710e+001 -6.5121979e+001 -6.3816433e+001 -6.2600971e+001 -6.2305260e+001
 -1.8666667e-001 -6.5707741e+001 -6.5126976e+001 -6.3813530e+001 -6.2523266e+001 -6.2272228e+001
 -1.8000000e-001 -6.5686195e+001 -6.5376038e+001 -6.3821049e+001 -6.2572456e+001 -6.2289093e+001
 -1.7333333e-001 -6.5667549e+001 -6.5352028e+001 -6.3796741e+001 -6.2591137e+001 -6.2284092e+001
 -1.6666667e-001 -6.5687721e+001 -6.5398972e+001 -6.3808338e+001 -6.2518219e+001 -6.2343487e+001
 -1.6000000e-001 -6.5695068e+001 -6.5396225e+001 -6.3816746e+001 -6.2569069e+001 -6.2316292e+001
 -1.5333333e-001 -6.5687767e+001 -6.5372444e+001 -6.3821705e+001 -6.2571884e+001 -6.2308735e+001
 -1.4666667e-001 -6.5672752e+001 -6.5332237e+001 -6.3800076e+001 -6.2544357e+001 -6.2283123e+001
 -1.4000000e-001 -6.5673431e+001 -6.5308372e+001 -6.3836620e+001 -6.2500652e+001 -6.2276264e+001
 -1.3333333e-001 -6.5728554e+001 -6.5294052e+001 -6.3809513e+001 -6.2557766e+001 -6.2287868e+001
 -1.2666667e-001 -6.5698822e+001 -6.5332466e+001 -6.3796391e+001 -6.2614758e+001 -6.2289749e+001
 -1.2000000e-001 -6.5737320e+001 -6.5328079e+001 -6.3814880e+001 -6.2596478e+001 -6.2335983e+001
 -1.1333333e-001 -6.5698181e+001 -6.5350761e+001 -6.3814880e+001 -6.2606049e+001 -6.2268642e+001
 -1.0666667e-001 -6.5706352e+001 -6.5287491e+001 -6.3805080e+001 -6.2563938e+001 -6.2264400e+001
 -1.0000000e-001 -6.5715210e+001 -6.5289864e+001 -6.3779270e+001 -6.2586540e+001 -6.2278664e+001
 -9.3333333e-002 -6.5716362e+001 -6.5305664e+001 -6.3766365e+001 -6.2624176e+001 -6.2300034e+001
 -8.6666667e-002 -6.5759193e+001 -6.5267258e+001 -6.3758381e+001 -6.2571495e+001 -6.2306755e+001
 -8.0000000e-002 -6.5725319e+001 -6.5320259e+001 -6.3871239e+001 -6.2575565e+001 -6.2307594e+001
 -7.3333333e-002 -6.5707100e+001 -6.5309761e+001 -6.3817551e+001 -6.2574608e+001 -6.2285938e+001
 -6.6666667e-002 -6.5706299e+001 -6.5291176e+001 -6.3838406e+001 -6.2563217e+001 -6.2285568e+001
 -6.0000000e-002 -6.5768288e+001 -6.5274498e+001 -6.3803791e+001 -6.2558632e+001 -6.2327518e+001
 -5.3333333e-002 -6.5768883e+001 -6.5252907e+001 -6.3794685e+001 -6.2583618e+001 -6.2328850e+001
 -4.6666667e-002 -6.5740768e+001 -6.5125343e+001 -6.3821247e+001 -6.2619072e+001 -6.2285603e+001
 -4.0000000e-002 -6.5764374e+001 -6.5074966e+001 -6.3866695e+001 -6.2602066e+001 -6.2269264e+001
 -3.3333333e-002 -6.5767433e+001 -6.5104248e+001 -6.3883438e+001 -6.2607243e+001 -6.2243172e+001
 -2.6666667e-002 -6.5744202e+001 -6.5113213e+001 -6.3829998e+001 -6.2609688e+001 -6.2269867e+001
 -2.0000000e-002 -6.5695160e+001 -6.5093620e+001 -6.3780190e+001 -6.2612934e+001 -6.2273739e+001
 -1.3333333e-002 -6.5717812e+001 -6.5031013e+001 -6.3819771e+001 -6.2584957e+001 -6.2296085e+001
 -6.6666667e-003 -6.5734505e+001 -6.5067711e+001 -6.3832291e+001 -6.2616161e+001 -6.2275890e+001
  0.0000000e+000 -6.5701920e+001 -6.5090187e+001 -6.3792812e+001 -6.2616314e+001 -6.2225285e+001
  6.6666667e-003 -6.5692604e+001 -6.5074585e+001 -6.3770054e+001 -6.2575600e+001 -6.2219894e+001
  1.3333333e-002 -6.5641090e+001 -6.5005409e+001 -6.3724689e+001 -6.2536873e+001 -6.2186085e+001
  2.0000000e-002 -6.5566498e+001 -6.4905502e+001 -6.3691479e+001 -6.2504086e+001 -6.2150063e+001
  2.6666667e-002 -6.5533607e+001 -6.4833321e+001 -6.3641537e+001 -6.2500748e+001 -6.2082664e+001
  3.3333333e-002 -6.5451576e+001 -6.4862572e+001 -6.3616985e+001 -6.2482689e+001 -6.2054058e+001
  4.0000000e-002 -6.5377556e+001 -6.4807220e+001 -6.3614170e+001 -6.2521564e+001 -6.2000202e+001
  4.6666667e-002 -6.5419350e+001 -6.4791924e+001 -6.3552868e+001 -6.2443989e+001 -6.1948982e+001
  5.3333333e-002 -6.5309082e+001 -6.4756386e+001 -6.3574276e+001 -6.2484470e+001 -6.1937870e+001
  6.0000000e-002 -6.5267929e+001 -6.4780434e+001 -6.3498882e+001 -6.2406792e+001 -6.1939892e+001
  6.6666667e-002 -6.5269402e+001 -6.4856926e+001 -6.3475140e+001 -6.2373848e+001 -6.1887272e+001
  7.3333333e-002 -6.5268684e+001 -6.4817436e+001 -6.3499458e+001 -6.2387032e+001 -6.1849270e+001
  8.0000000e-002 -6.5217857e+001 -6.4817986e+001 -6.3478748e+001 -6.2352417e+001 -6.1863838e+001
  8.6666667e-002 -6.5164597e+001 -6.4743874e+001 -6.3416885e+001 -6.2264053e+001 -6.1780727e+001
  9.3333333e-002 -6.5104782e+001 -6.4686447e+001 -6.3348312e+001 -6.2222095e+001 -6.1762745e+001
  1.0000000e-001 -6.4976707e+001 -6.4658508e+001 -6.3265797e+001 -6.2167168e+001 -6.1650387e+001
  1.0666667e-001 -6.4880257e+001 -6.4594200e+001 -6.3198074e+001 -6.2144333e+001 -6.1602459e+001
  1.1333333e-001 -6.4828278e+001 -6.4552887e+001 -6.3060829e+001 -6.2029293e+001 -6.1532887e+001
  1.2000000e-001 -6.4736237e+001 -6.4520126e+001 -6.3007122e+001 -6.2012974e+001 -6.1465557e+001
  1.2666667e-001 -6.4634758e+001 -6.4524681e+001 -6.2916328e+001 -6.2025494e+001 -6.1424664e+001
  1.3333333e-001 -6.4616806e+001 -6.4485260e+001 -6.2915306e+001 -6.1958927e+001 -6.1377926e+001
  1.4000000e-001 -6.4499245e+001 -6.4432770e+001 -6.2921761e+001 -6.1899361e+001 -6.1337864e+001
  1.4666667e-001 -6.4436104e+001 -6.4467537e+001 -6.2964531e+001 -6.1814060e+001 -6.1221336e+001
  1.5333333e-001 -6.4471344e+001 -6.4455933e+001 -6.2997349e+001 -6.1791771e+001 -6.1144852e+001
  1.6000000e-001 -6.4425949e+001 -6.4485558e+001 -6.3001442e+001 -6.1757492e+001 -6.1191727e+001
  1.6666667e-001 -6.4434776e+001 -6.4464462e+001 -6.3129890e+001 -6.1656738e+001 -6.1261894e+001
  1.7333333e-001 -6.4496567e+001 -6.4490257e+001 -6.3211525e+001 -6.1636707e+001 -6.1311993e+001
  1.8000000e-001 -6.4499878e+001 -6.4560974e+001 -6.3371990e+001 -6.1669731e+001 -6.1495266e+001
  1.8666667e-001 -6.4561646e+001 -6.4636597e+001 -6.3520905e+001 -6.1639309e+001 -6.1667141e+001
  1.9333333e-001 -6.4680023e+001 -6.4780228e+001 -6.3721668e+001 -6.1616039e+001 -6.1867104e+001
  2.0000000e-001 -6.4841705e+001 -6.4928108e+001 -6.4039482e+001 -6.1711014e+001 -6.2176067e+001
  2.0666667e-001 -6.5123955e+001 -6.5165245e+001 -6.4439682e+001 -6.1820919e+001 -6.2548073e+001
  2.1333333e-001 -6.5446548e+001 -6.5408539e+001 -6.4916687e+001 -6.1836052e+001 -6.2994755e+001
  2.2000000e-001 -6.5745506e+001 -6.5751282e+001 -6.5345551e+001 -6.1913063e+001 -6.3494492e+001
  2.2666667e-001 -6.6168610e+001 -6.6007828e+001 -6.5862549e+001 -6.1990360e+001 -6.3992714e+001
  2.3333333e-001 -6.6561348e+001 -6.6262085e+001 -6.6364685e+001 -6.2202724e+001 -6.4552315e+001
  2.4000000e-001 -6.6946342e+001 -6.6572830e+001 -6.6722885e+001 -6.2359020e+001 -6.5171555e+001
  2.4666667e-001 -6.7277145e+001 -6.6854889e+001 -6.7108406e+001 -6.2539009e+001 -6.5748909e+001
  2.5333333e-001 -6.7519577e+001 -6.7158638e+001 -6.7488304e+001 -6.2708801e+001 -6.6311401e+001
  2.6000000e-001 -6.7743042e+001 -6.7386520e+001 -6.7883804e+001 -6.2882050e+001 -6.6944008e+001
  2.6666667e-001 -6.8046829e+001 -6.7643150e+001 -6.8203575e+001 -6.3218933e+001 -6.7504654e+001
  2.7333333e-001 -6.8329689e+001 -6.7978142e+001 -6.8675575e+001 -6.3554268e+001 -6.8086754e+001
  2.8000000e-001 -6.8572235e+001 -6.8270020e+001 -6.9080162e+001 -6.3794903e+001 -6.8812622e+001
  2.8666667e-001 -6.8806313e+001 -6.8568771e+001 -6.9572182e+001 -6.4163223e+001 -6.9432686e+001
  2.9333333e-001 -6.9140030e+001 -6.8857735e+001 -6.9968910e+001 -6.4629753e+001 -7.0040100e+001
  3.0000000e-001 -6.9417870e+001 -6.9178177e+001 -7.0413544e+001 -6.5005371e+001 -7.0722916e+001
  3.0666667e-001 -6.9658699e+001 -6.9550728e+001 -7.0778030e+001 -6.5354134e+001 -7.1229927e+001
  3.1333333e-001 -7.0021828e+001 -6.9824287e+001 -7.1147659e+001 -6.5798141e+001 -7.1803154e+001
  3.2000000e-001 -7.0399109e+001 -7.0205612e+001 -7.1503036e+001 -6.6250687e+001 -7.2378944e+001
  3.2666667e-001 -7.0632195e+001 -7.0553802e+001 -7.1758080e+001 -6.6651123e+001 -7.2805634e+001
  3.3333333e-001 -7.0925591e+001 -7.0840965e+001 -7.2036316e+001 -6.7160439e+001 -7.3293312e+001
  3.4000000e-001 -7.1186989e+001 -7.1120354e+001 -7.2387817e+001 -6.7678848e+001 -7.3692719e+001
  3.4666667e-001 -7.1475555e+001 -7.1390831e+001 -7.2626518e+001 -6.8056435e+001 -7.4067329e+001
  3.5333333e-001 -7.1590767e+001 -7.1691635e+001 -7.2961220e+001 -6.8562073e+001 -7.4497368e+001
  3.6000000e-001 -7.1819061e+001 -7.1985611e+001 -7.3270897e+001 -6.9006897e+001 -7.4866386e+001
  3.6666667e-001 -7.2166176e+001 -7.2269012e+001 -7.3484810e+001 -6.9335037e+001 -7.5126518e+001
  3.7333333e-001 -7.2364449e+001 -7.2569183e+001 -7.3706573e+001 -6.9689064e+001 -7.5394653e+001
  3.8000000e-001 -7.2705009e+001 -7.2836227e+001 -7.3975906e+001 -7.0046234e+001 -7.5648941e+001
  3.8666667e-001 -7.3041527e+001 -7.3055977e+001 -7.4204483e+001 -7.0419266e+001 -7.5828957e+001
  3.9333333e-001 -7.3493523e+001 -7.3328949e+001 -7.4412682e+001 -7.0801224e+001 -7.6094681e+001
  4.0000000e-001 -7.4102974e+001 -7.3621841e+001 -7.4661919e+001 -7.1192650e+001 -7.6297050e+001
  4.0666667e-001 -7.4742668e+001 -7.3859787e+001 -7.4932968e+001 -7.1566505e+001 -7.6486565e+001
  4.1333333e-001 -7.5419479e+001 -7.4069916e+001 -7.5132660e+001 -7.1834808e+001 -7.6606590e+001
  4.2000000e-001 -7.6086174e+001 -7.4255005e+001 -7.5372925e+001 -7.2187073e+001 -7.6855431e+001
  4.2666667e-001 -7.6492462e+001 -7.4545662e+001 -7.5535782e+001 -7.2590569e+001 -7.7028404e+001
  4.3333333e-001 -7.6070320e+001 -7.4776642e+001 -7.5803093e+001 -7.2890518e+001 -7.7144196e+001
  4.4000000e-001 -7.5781403e+001 -7.4937897e+001 -7.5929199e+001 -7.3154602e+001 -7.7258362e+001
  4.4666667e-001 -7.5898499e+001 -7.5091087e+001 -7.6064758e+001 -7.3452141e+001 -7.7358841e+001
  4.5333333e-001 -7.5993523e+001 -7.5332199e+001 -7.6209190e+001 -7.3703506e+001 -7.7403099e+001
  4.6000000e-001 -7.6047768e+001 -7.5534973e+001 -7.6404427e+001 -7.3942047e+001 -7.7496880e+001
  4.6666667e-001 -7.6219978e+001 -7.5738792e+001 -7.6554848e+001 -7.4132011e+001 -7.7561623e+001
  4.7333333e-001 -7.6313553e+001 -7.5864143e+001 -7.6697418e+001 -7.4428650e+001 -7.7645844e+001
  4.8000000e-001 -7.7001320e+001 -7.5989845e+001 -7.6768295e+001 -7.4656471e+001 -7.7742836e+001
  4.8666667e-001 -7.7344208e+001 -7.6151344e+001 -7.6866844e+001 -7.4911469e+001 -7.7777840e+001
  4.9333333e-001 -7.7570374e+001 -7.6282043e+001 -7.7015450e+001 -7.5112877e+001 -7.7789001e+001
  5.0000000e-001 -7.7639778e+001 -7.6408623e+001 -7.7160629e+001 -7.5267349e+001 -7.7920471e+001
  5.0666667e-001 -7.7240471e+001 -7.6522964e+001 -7.7261536e+001 -7.5327492e+001 -7.7998856e+001
  5.1333333e-001 -7.6813576e+001 -7.6626831e+001 -7.7328445e+001 -7.5440208e+001 -7.8067413e+001
  5.2000000e-001 -7.6463799e+001 -7.6753487e+001 -7.7370468e+001 -7.5509705e+001 -7.8078773e+001
  5.2666667e-001 -7.6078690e+001 -7.6857468e+001 -7.7494217e+001 -7.5516632e+001 -7.8158531e+001
  5.3333333e-001 -7.5679344e+001 -7.6941605e+001 -7.7605110e+001 -7.5444603e+001 -7.8165024e+001
  5.4000000e-001 -7.5319794e+001 -7.6995659e+001 -7.7747826e+001 -7.5381256e+001 -7.8225067e+001
  5.4666667e-001 -7.4936737e+001 -7.6939804e+001 -7.7785484e+001 -7.5316376e+001 -7.8255630e+001
  5.5333333e-001 -7.4922607e+001 -7.6889198e+001 -7.7895935e+001 -7.5206604e+001 -7.8305176e+001
  5.6000000e-001 -7.4906754e+001 -7.6789307e+001 -7.7886871e+001 -7.5106163e+001 -7.8377609e+001
  5.6666667e-001 -7.5408585e+001 -7.6711792e+001 -7.7878166e+001 -7.4955002e+001 -7.8393196e+001
  5.7333333e-001 -7.6201241e+001 -7.6599365e+001 -7.7932602e+001 -7.4889778e+001 -7.8411972e+001
  5.8000000e-001 -7.6915558e+001 -7.6460693e+001 -7.8040466e+001 -7.4803329e+001 -7.8371590e+001
  5.8666667e-001 -7.7161087e+001 -7.6343132e+001 -7.8031357e+001 -7.4754776e+001 -7.8468727e+001
  5.9333333e-001 -7.7237366e+001 -7.6236649e+001 -7.7970184e+001 -7.4692619e+001 -7.8433006e+001
  6.0000000e-001 -7.6980492e+001 -7.6112648e+001 -7.8533722e+001 -7.4681351e+001 -7.8455147e+001
  6.0666667e-001 -7.6701035e+001 -7.6061371e+001 -7.8533768e+001 -7.4577408e+001 -7.8457329e+001
  6.1333333e-001 -7.6746071e+001 -7.5872139e+001 -7.9178635e+001 -7.4465607e+001 -7.8440483e+001
  6.2000000e-001 -7.6762581e+001 -7.5794418e+001 -7.9214798e+001 -7.4410515e+001 -7.8480820e+001
  6.2666667e-001 -7.6646851e+001 -7.5714516e+001 -7.9227509e+001 -7.4362358e+001 -7.8482567e+001
  6.3333333e-001 -7.6470116e+001 -7.5623405e+001 -7.9177673e+001 -7.4271828e+001 -7.8499702e+001
  6.4000000e-001 -7.6439934e+001 -7.5438515e+001 -7.9183365e+001 -7.4261383e+001 -7.8540398e+001
  6.4666667e-001 -7.6317780e+001 -7.5241333e+001 -7.9200340e+001 -7.4303490e+001 -7.8539612e+001
  6.5333333e-001 -7.6237968e+001 -7.5040245e+001 -7.9138824e+001 -7.4319984e+001 -7.8455505e+001
  6.6000000e-001 -7.6131493e+001 -7.4871803e+001 -7.9091003e+001 -7.4256134e+001 -7.8459229e+001
  6.6666667e-001 -7.6107918e+001 -7.4678322e+001 -7.9079483e+001 -7.4243935e+001 -7.8463173e+001
  6.7333333e-001 -7.6094650e+001 -7.4478409e+001 -7.9019379e+001 -7.4231560e+001 -7.8424393e+001
  6.8000000e-001 -7.6022705e+001 -7.4262749e+001 -7.8936691e+001 -7.4140907e+001 -7.8420578e+001
  6.8666667e-001 -7.5985954e+001 -7.4003914e+001 -7.8861664e+001 -7.4105865e+001 -7.8427048e+001
  6.9333333e-001 -7.5895340e+001 -7.3726242e+001 -7.8795441e+001 -7.4040276e+001 -7.8452026e+001
  7.0000000e-001 -7.5727859e+001 -7.3319740e+001 -7.8679939e+001 -7.4029945e+001 -7.8417747e+001
  7.0666667e-001 -7.5592178e+001 -7.2918083e+001 -7.8582123e+001 -7.4021400e+001 -7.8457657e+001
  7.1333333e-001 -7.5377869e+001 -7.2601555e+001 -7.8488594e+001 -7.4005219e+001 -7.8450623e+001
  7.2000000e-001 -7.5179565e+001 -7.2291092e+001 -7.8405022e+001 -7.3949623e+001 -7.8413788e+001
  7.2666667e-001 -7.4965538e+001 -7.2044899e+001 -7.8365326e+001 -7.3910179e+001 -7.8372696e+001
  7.3333333e-001 -7.4853119e+001 -7.1744003e+001 -7.8319359e+001 -7.3903076e+001 -7.8354324e+001
  7.4000000e-001 -7.4657036e+001 -7.2036789e+001 -7.8265671e+001 -7.3785629e+001 -7.8395149e+001
  7.4666667e-001 -7.4585617e+001 -7.1977303e+001 -7.8175079e+001 -7.3652702e+001 -7.8359184e+001
  7.5333333e-001 -7.4449051e+001 -7.1875572e+001 -7.8087524e+001 -7.3538368e+001 -7.8362823e+001
  7.6000000e-001 -7.4403084e+001 -7.2418411e+001 -7.8008583e+001 -7.3513100e+001 -7.8324539e+001
  7.6666667e-001 -7.4323166e+001 -7.2315956e+001 -7.7994576e+001 -7.3405815e+001 -7.8242920e+001
  7.7333333e-001 -7.4209984e+001 -7.2241913e+001 -7.7994339e+001 -7.3272743e+001 -7.8309792e+001
  7.8000000e-001 -7.4113014e+001 -7.2190208e+001 -7.7942192e+001 -7.3067680e+001 -7.8233788e+001
  7.8666667e-001 -7.4093658e+001 -7.2123932e+001 -7.8007469e+001 -7.2988663e+001 -7.8266548e+001
  7.9333333e-001 -7.4084892e+001 -7.2039078e+001 -7.8018661e+001 -7.2856651e+001 -7.8260834e+001
  8.0000000e-001 -7.3997398e+001 -7.1937851e+001 -7.8015190e+001 -7.2727837e+001 -7.8250687e+001
  8.0666667e-001 -7.3959892e+001 -7.1899887e+001 -7.8032265e+001 -7.2604729e+001 -7.8205650e+001
  8.1333333e-001 -7.3880676e+001 -7.1895134e+001 -7.7954117e+001 -7.2513618e+001 -7.8126183e+001
  8.2000000e-001 -7.3788048e+001 -7.1894058e+001 -7.7949242e+001 -7.2322098e+001 -7.8159294e+001
  8.2666667e-001 -7.3683235e+001 -7.1818771e+001 -7.8054443e+001 -7.2175987e+001 -7.8203529e+001
  8.3333333e-001 -7.3623413e+001 -7.1695915e+001 -7.8061890e+001 -7.2148590e+001 -7.8160545e+001
  8.4000000e-001 -7.3595421e+001 -7.1647835e+001 -7.8148682e+001 -7.1972870e+001 -7.8056808e+001
  8.4666667e-001 -7.3576637e+001 -7.1633957e+001 -7.8106918e+001 -7.1903625e+001 -7.8023849e+001
  8.5333333e-001 -7.3606453e+001 -7.1624657e+001 -7.8162956e+001 -7.1786789e+001 -7.8037453e+001
  8.6000000e-001 -7.3568520e+001 -7.1610535e+001 -7.8200279e+001 -7.1709732e+001 -7.8012383e+001
  8.6666667e-001 -7.3505074e+001 -7.1640877e+001 -7.8104927e+001 -7.1658066e+001 -7.8009277e+001
  8.7333333e-001 -7.3343040e+001 -7.1577003e+001 -7.8102837e+001 -7.1558510e+001 -7.7972359e+001
  8.8000000e-001 -7.3386192e+001 -7.1523689e+001 -7.8170036e+001 -7.1476021e+001 -7.8001251e+001
  8.8666667e-001 -7.3349892e+001 -7.1507240e+001 -7.8191109e+001 -7.1442177e+001 -7.8061676e+001
  8.9333333e-001 -7.3407295e+001 -7.1423340e+001 -7.8271530e+001 -7.1385345e+001 -7.8020935e+001
  9.0000000e-001 -7.3559692e+001 -7.1388298e+001 -7.8317093e+001 -7.1282150e+001 -7.7932861e+001
  9.0666667e-001 -7.3529427e+001 -7.1318031e+001 -7.8395767e+001 -7.1178375e+001 -7.7972023e+001
  9.1333333e-001 -7.3422157e+001 -7.1323730e+001 -7.8431847e+001 -7.1056076e+001 -7.7938904e+001
  9.2000000e-001 -7.3373177e+001 -7.1248726e+001 -7.8351395e+001 -7.0912674e+001 -7.7954491e+001
  9.2666667e-001 -7.3378098e+001 -7.1157249e+001 -7.8364311e+001 -7.0750542e+001 -7.7925545e+001
  9.3333333e-001 -7.3303291e+001 -7.1073784e+001 -7.8408295e+001 -7.0580307e+001 -7.7934715e+001
  9.4000000e-001 -7.3320457e+001 -7.1039955e+001 -7.8479439e+001 -7.0442902e+001 -7.7850014e+001
  9.4666667e-001 -7.3401260e+001 -7.1013550e+001 -7.8472450e+001 -7.0374435e+001 -7.8359657e+001
  9.5333333e-001 -7.3335953e+001 -7.0918938e+001 -7.8474243e+001 -7.0245201e+001 -7.8358269e+001
  9.6000000e-001 -7.3329323e+001 -7.0972687e+001 -7.8354568e+001 -7.0130638e+001 -7.8363449e+001
  9.6666667e-001 -7.3274422e+001 -7.0847038e+001 -7.8255966e+001 -7.0036705e+001 -7.8376289e+001
  9.7333333e-001 -7.3264000e+001 -7.0822090e+001 -7.8157730e+001 -6.9926506e+001 -7.8400230e+001
  9.8000000e-001 -7.3303238e+001 -7.0757103e+001 -7.8196968e+001 -6.9801338e+001 -7.8397194e+001
  9.8666667e-001 -7.3319099e+001 -7.0696701e+001 -7.8085922e+001 -6.9645485e+001 -7.8369408e+001
  9.9333333e-001 -7.3269958e+001 -7.0572289e+001 -7.8057533e+001 -6.9497314e+001 -7.8423569e+001
  1.0000000e+000 -7.3160988e+001 -7.0439827e+001 -7.8037498e+001 -6.9406158e+001 -7.8365326e+001
  1.0066667e+000 -7.3152016e+001 -7.0339897e+001 -7.8036430e+001 -6.9307350e+001 -7.8379143e+001
  1.0133333e+000 -7.3162430e+001 -7.0291344e+001 -7.7935135e+001 -6.9203125e+001 -7.8389160e+001
  1.0200000e+000 -7.3098152e+001 -7.0271202e+001 -7.7794289e+001 -6.9090874e+001 -7.8373055e+001
  1.0266667e+000 -7.3125847e+001 -7.0215324e+001 -7.7658333e+001 -6.8989151e+001 -7.8385956e+001
  1.0333333e+000 -7.3096687e+001 -7.0241524e+001 -7.7536232e+001 -6.9272850e+001 -7.8768173e+001
  1.0400000e+000 -7.3082748e+001 -7.0126274e+001 -7.7480827e+001 -6.9195930e+001 -7.8844826e+001
  1.0466667e+000 -7.3101158e+001 -7.0012123e+001 -7.7315636e+001 -6.9122093e+001 -7.8826004e+001
  1.0533333e+000 -7.3028046e+001 -6.9926697e+001 -7.7290527e+001 -6.9042267e+001 -7.8767738e+001
  1.0600000e+000 -7.3068581e+001 -6.9901657e+001 -7.7123581e+001 -6.8992432e+001 -7.8756805e+001
  1.0666667e+000 -7.3145721e+001 -6.9808357e+001 -7.7169434e+001 -6.9360909e+001 -7.8774910e+001
  1.0733333e+000 -7.3111420e+001 -6.9734619e+001 -7.7124191e+001 -6.9236168e+001 -7.8762848e+001
  1.0800000e+000 -7.3035805e+001 -6.9658180e+001 -7.7035660e+001 -6.9150391e+001 -7.8756332e+001
  1.0866667e+000 -7.3037590e+001 -6.9645241e+001 -7.6929077e+001 -6.9071106e+001 -7.8781456e+001
  1.0933333e+000 -7.3078018e+001 -6.9570290e+001 -7.6778427e+001 -6.9019073e+001 -7.8687752e+001
  1.1000000e+000 -7.3102409e+001 -6.9508476e+001 -7.6721527e+001 -6.9030846e+001 -7.8600273e+001
  1.1066667e+000 -7.3163879e+001 -6.9448326e+001 -7.6652817e+001 -6.8918465e+001 -7.8617844e+001
  1.1133333e+000 -7.3104698e+001 -6.9357147e+001 -7.6611382e+001 -6.8851166e+001 -7.8598961e+001
  1.1200000e+000 -7.3086250e+001 -6.9218559e+001 -7.6501228e+001 -6.8774200e+001 -7.8554268e+001
  1.1266667e+000 -7.3101479e+001 -6.9173706e+001 -7.6492554e+001 -6.8695740e+001 -7.8485390e+001
  1.1333333e+000 -7.3081459e+001 -6.9082199e+001 -7.6450607e+001 -6.8634560e+001 -7.8593018e+001
  1.1400000e+000 -7.3090897e+001 -6.9011940e+001 -7.6300438e+001 -6.8651375e+001 -7.8630135e+001
  1.1466667e+000 -7.3056892e+001 -6.8952667e+001 -7.6343048e+001 -6.8623528e+001 -7.8666222e+001
  1.1533333e+000 -7.3046623e+001 -6.8833168e+001 -7.6265793e+001 -6.8561539e+001 -7.8676048e+001
  1.1600000e+000 -7.3013138e+001 -6.8774925e+001 -7.6116997e+001 -6.8488861e+001 -7.8637413e+001
  1.1666667e+000 -7.2914139e+001 -6.8617622e+001 -7.6059570e+001 -6.8477631e+001 -7.8617653e+001
  1.1733333e+000 -7.2821922e+001 -6.8562805e+001 -7.6017906e+001 -6.8416397e+001 -7.8591675e+001
  1.1800000e+000 -7.2859756e+001 -6.8583420e+001 -7.5936256e+001 -6.8372841e+001 -7.8615730e+001
  1.1866667e+000 -7.2872017e+001 -6.8512505e+001 -7.5926491e+001 -6.8318565e+001 -7.8699677e+001
  1.1933333e+000 -7.2809952e+001 -6.8373817e+001 -7.5857697e+001 -6.8241707e+001 -7.8804138e+001
  1.2000000e+000 -7.2758629e+001 -6.8297928e+001 -7.5795532e+001 -6.8171364e+001 -7.8756485e+001
  1.2066667e+000 -7.2751282e+001 -6.8235107e+001 -7.5704590e+001 -6.8152100e+001 -7.8549362e+001
  1.2133333e+000 -7.2693703e+001 -6.8157654e+001 -7.5672195e+001 -6.8101051e+001 -7.8608452e+001
  1.2200000e+000 -7.2686554e+001 -6.8141243e+001 -7.5634773e+001 -6.8054810e+001 -7.8643982e+001
  1.2266667e+000 -7.2677551e+001 -6.8114754e+001 -7.5583176e+001 -6.7977196e+001 -7.8686935e+001
  1.2333333e+000 -7.2594276e+001 -6.8059700e+001 -7.5474785e+001 -6.7903580e+001 -7.8725479e+001
  1.2400000e+000 -7.2591125e+001 -6.8008904e+001 -7.5445801e+001 -6.7871933e+001 -7.8705246e+001
  1.2466667e+000 -7.2510490e+001 -6.7934570e+001 -7.5377869e+001 -6.7809921e+001 -7.8743111e+001
  1.2533333e+000 -7.2550903e+001 -6.7985573e+001 -7.5280807e+001 -6.7785500e+001 -7.8578217e+001
  1.2600000e+000 -7.2592712e+001 -6.7943932e+001 -7.5108238e+001 -6.7674644e+001 -7.8645996e+001
  1.2666667e+000 -7.2531723e+001 -6.7915314e+001 -7.4992989e+001 -6.7596634e+001 -7.8655556e+001
  1.2733333e+000 -7.2531235e+001 -6.7907104e+001 -7.4812210e+001 -6.7557335e+001 -7.8664154e+001
  1.2800000e+000 -7.2480484e+001 -6.7803421e+001 -7.4646629e+001 -6.7433304e+001 -7.8605324e+001
  1.2866667e+000 -7.2431503e+001 -6.7771461e+001 -7.4512550e+001 -6.7405884e+001 -7.8588646e+001
  1.2933333e+000 -7.2415878e+001 -6.7764801e+001 -7.4330582e+001 -6.7382339e+001 -7.8567909e+001
  1.3000000e+000 -7.2456413e+001 -6.7663475e+001 -7.4154274e+001 -6.7272148e+001 -7.8673859e+001
  1.3066667e+000 -7.2498840e+001 -6.7659927e+001 -7.4028313e+001 -6.7166512e+001 -7.8716377e+001
  1.3133333e+000 -7.2472252e+001 -6.7617012e+001 -7.3900955e+001 -6.7133385e+001 -7.8681572e+001
  1.3200000e+000 -7.2466957e+001 -6.7581032e+001 -7.3747108e+001 -6.7087311e+001 -7.8591499e+001
  1.3266667e+000 -7.2458511e+001 -6.7545380e+001 -7.3603485e+001 -6.7058632e+001 -7.8495735e+001
  1.3333333e+000 -7.2438988e+001 -6.7565125e+001 -7.3441452e+001 -6.6970589e+001 -7.8575783e+001
  1.3400000e+000 -7.2496262e+001 -6.7482414e+001 -7.3263031e+001 -6.6836006e+001 -7.8558807e+001
  1.3466667e+000 -7.2544548e+001 -6.7420456e+001 -7.3056374e+001 -6.6782112e+001 -7.8620987e+001
  1.3533333e+000 -7.2651009e+001 -6.7397087e+001 -7.2948479e+001 -6.6678719e+001 -7.8451004e+001
  1.3600000e+000 -7.2562912e+001 -6.7276100e+001 -7.2852554e+001 -6.6672165e+001 -7.8444901e+001
  1.3666667e+000 -7.2535316e+001 -6.7212128e+001 -7.2683441e+001 -6.6659622e+001 -7.8398849e+001
  1.3733333e+000 -7.2506035e+001 -6.7217232e+001 -7.2447021e+001 -6.6629341e+001 -7.8432487e+001
  1.3800000e+000 -7.2519196e+001 -6.7201355e+001 -7.2060524e+001 -6.6647743e+001 -7.8488846e+001
  1.3866667e+000 -7.2529549e+001 -6.7140053e+001 -7.1735733e+001 -6.6528206e+001 -7.8514801e+001
  1.3933333e+000 -7.2558968e+001 -6.7095413e+001 -7.1534988e+001 -6.6496040e+001 -7.8513084e+001
  1.4000000e+000 -7.2534615e+001 -6.7039803e+001 -7.1288872e+001 -6.6483704e+001 -7.8540077e+001
  1.4066667e+000 -7.2479561e+001 -6.7004959e+001 -7.1081940e+001 -6.6474777e+001 -7.8491623e+001
  1.4133333e+000 -7.2415642e+001 -6.6862854e+001 -7.0831490e+001 -6.6435013e+001 -7.8508385e+001
  1.4200000e+000 -7.2407196e+001 -6.6810699e+001 -7.0637810e+001 -6.6398056e+001 -7.8551704e+001
  1.4266667e+000 -7.2468346e+001 -6.6761169e+001 -7.0511711e+001 -6.6353836e+001 -7.8559448e+001
  1.4333333e+000 -7.2468735e+001 -6.6678177e+001 -7.0340652e+001 -6.6350357e+001 -7.8471092e+001
  1.4400000e+000 -7.2514114e+001 -6.6626404e+001 -7.0138794e+001 -6.6342796e+001 -7.8451126e+001
  1.4466667e+000 -7.2497604e+001 -6.6552063e+001 -6.9804024e+001 -6.6230774e+001 -7.8420685e+001
  1.4533333e+000 -7.2454521e+001 -6.6451141e+001 -6.9697914e+001 -6.6199455e+001 -7.8443138e+001
  1.4600000e+000 -7.2443047e+001 -6.6428291e+001 -6.9524635e+001 -6.6113564e+001 -7.8484978e+001
  1.4666667e+000 -7.2391411e+001 -6.6415970e+001 -6.9358032e+001 -6.6089806e+001 -7.8481422e+001
  1.4733333e+000 -7.2484253e+001 -6.6361168e+001 -6.9219521e+001 -6.6055122e+001 -7.8523537e+001
  1.4800000e+000 -7.2437584e+001 -6.6325027e+001 -6.9039459e+001 -6.5999413e+001 -7.8643608e+001
  1.4866667e+000 -7.2358849e+001 -6.6280258e+001 -6.8981300e+001 -6.5948975e+001 -7.8578629e+001
  1.4933333e+000 -7.2229767e+001 -6.6280205e+001 -6.8739479e+001 -6.5928596e+001 -7.8535561e+001
  1.5000000e+000 -7.3365349e+001 -6.5976204e+001 -6.8685829e+001 -6.5859146e+001 -7.8529663e+001
  1.5066667e+000 -7.3437843e+001 -6.5867989e+001 -6.8604149e+001 -6.5869461e+001 -7.8648216e+001
  1.5133333e+000 -7.4332275e+001 -6.5819649e+001 -6.8487862e+001 -6.5816841e+001 -7.8710571e+001
  1.5200000e+000 -7.4300690e+001 -6.5766121e+001 -6.8430481e+001 -6.5726051e+001 -7.8733986e+001
  1.5266667e+000 -7.4348915e+001 -6.5759102e+001 -6.8274048e+001 -6.5760330e+001 -7.8817673e+001
  1.5333333e+000 -7.4274849e+001 -6.5648323e+001 -6.8234818e+001 -6.5712250e+001 -7.8863480e+001
  1.5400000e+000 -7.3442741e+001 -6.5607040e+001 -6.8027077e+001 -6.5695084e+001 -7.8902626e+001
  1.5466667e+000 -7.3296928e+001 -6.5543053e+001 -6.7852303e+001 -6.5541168e+001 -7.8948441e+001
  1.5533333e+000 -7.3310173e+001 -6.5493881e+001 -6.7732841e+001 -6.5504204e+001 -7.8958069e+001
  1.5600000e+000 -7.3365456e+001 -6.5436249e+001 -6.7646942e+001 -6.5491196e+001 -7.9040268e+001
  1.5666667e+000 -7.2463211e+001 -6.5414909e+001 -6.7534714e+001 -6.5401077e+001 -7.9094124e+001
  1.5733333e+000 -7.2474083e+001 -6.5400986e+001 -6.7436996e+001 -6.5351028e+001 -7.9084167e+001
  1.5800000e+000 -7.2453323e+001 -6.5387177e+001 -6.7396111e+001 -6.5312599e+001 -7.9121002e+001
  1.5866667e+000 -7.2508255e+001 -6.5320854e+001 -6.7253113e+001 -6.5261200e+001 -7.9086708e+001
  1.5933333e+000 -7.2605141e+001 -6.5259995e+001 -6.7138039e+001 -6.5223770e+001 -7.9013603e+001
  1.6000000e+000 -7.2600151e+001 -6.5238922e+001 -6.7025055e+001 -6.5123039e+001 -7.8910507e+001
  1.6066667e+000 -7.2614189e+001 -6.5141289e+001 -6.6951324e+001 -6.5036270e+001 -8.0656853e+001
  1.6133333e+000 -7.2719429e+001 -6.5066856e+001 -6.6855171e+001 -6.5010345e+001 -8.0915802e+001
  1.6200000e+000 -7.2808647e+001 -6.5040802e+001 -6.6852127e+001 -6.4967407e+001 -7.9423332e+001
  1.6266667e+000 -7.2840080e+001 -6.5009506e+001 -6.6797852e+001 -6.5058884e+001 -7.9427338e+001
  1.6333333e+000 -7.2936745e+001 -6.5013329e+001 -6.6651306e+001 -6.5075401e+001 -7.9333290e+001
  1.6400000e+000 -7.2947319e+001 -6.4936119e+001 -6.6580322e+001 -6.5041321e+001 -7.9272621e+001
  1.6466667e+000 -7.2973442e+001 -6.4938728e+001 -6.6465134e+001 -6.4987442e+001 -7.9171234e+001
  1.6533333e+000 -7.3065239e+001 -6.4813896e+001 -6.6280167e+001 -6.4904869e+001 -7.9111160e+001
  1.6600000e+000 -7.3132332e+001 -6.4760818e+001 -6.6217422e+001 -6.4792519e+001 -7.8903053e+001
  1.6666667e+000 -7.3282410e+001 -6.4671547e+001 -6.6163795e+001 -6.4767990e+001 -7.8172318e+001
  1.6733333e+000 -7.3283455e+001 -6.4640404e+001 -6.6085732e+001 -6.4760048e+001 -7.7971970e+001
  1.6800000e+000 -7.3441887e+001 -6.4678131e+001 -6.6042290e+001 -6.4730804e+001 -7.7474037e+001
  1.6866667e+000 -7.3436775e+001 -6.4617584e+001 -6.5982361e+001 -6.4729576e+001 -7.7169540e+001
  1.6933333e+000 -7.3436584e+001 -6.4540436e+001 -6.5865891e+001 -6.4690819e+001 -7.6844109e+001
  1.7000000e+000 -7.3490746e+001 -6.4487160e+001 -6.5691055e+001 -6.4627251e+001 -7.6354279e+001
  1.7066667e+000 -7.3522133e+001 -6.4404922e+001 -6.5539246e+001 -6.4595039e+001 -7.5830246e+001
  1.7133333e+000 -7.3610741e+001 -6.4422844e+001 -6.5560883e+001 -6.4498772e+001 -7.5330215e+001
  1.7200000e+000 -7.3606117e+001 -6.4352974e+001 -6.5521187e+001 -6.4501579e+001 -7.5222160e+001
  1.7266667e+000 -7.3594284e+001 -6.4242065e+001 -6.5451836e+001 -6.4466751e+001 -7.5190208e+001
  1.7333333e+000 -7.3639198e+001 -6.4290054e+001 -6.5406563e+001 -6.4475441e+001 -7.5346191e+001
  1.7400000e+000 -7.3706306e+001 -6.4295235e+001 -6.5234795e+001 -6.4448013e+001 -7.5269699e+001
  1.7466667e+000 -7.3685310e+001 -6.4196625e+001 -6.5129173e+001 -6.4466240e+001 -7.5226685e+001
  1.7533333e+000 -7.3713661e+001 -6.4141396e+001 -6.5045006e+001 -6.4369194e+001 -7.4977409e+001
  1.7600000e+000 -7.3707130e+001 -6.4098602e+001 -6.4993126e+001 -6.4346268e+001 -7.4707199e+001
  1.7666667e+000 -7.3731865e+001 -6.4120544e+001 -6.4843742e+001 -6.4305962e+001 -7.4461090e+001
  1.7733333e+000 -7.3789688e+001 -6.4146645e+001 -6.4780510e+001 -6.4365852e+001 -7.3895996e+001
  1.7800000e+000 -7.3701714e+001 -6.4191345e+001 -6.4730614e+001 -6.4311310e+001 -7.3521500e+001
  1.7866667e+000 -7.3696388e+001 -6.4185989e+001 -6.4691574e+001 -6.4282730e+001 -7.3664467e+001
  1.7933333e+000 -7.3729561e+001 -6.4112152e+001 -6.4541153e+001 -6.4264755e+001 -7.4653282e+001
  1.8000000e+000 -7.3761116e+001 -6.4062752e+001 -6.4449066e+001 -6.4208931e+001 -7.5555206e+001
  1.8066667e+000 -7.3734245e+001 -6.3927315e+001 -6.4378441e+001 -6.4206017e+001 -7.6389877e+001
  1.8133333e+000 -7.3652946e+001 -6.3851219e+001 -6.4268021e+001 -6.4164337e+001 -7.6760117e+001
  1.8200000e+000 -7.3720200e+001 -6.3991997e+001 -6.4193771e+001 -6.4207085e+001 -7.6795609e+001
  1.8266667e+000 -7.3829727e+001 -6.3985268e+001 -6.4092583e+001 -6.4180649e+001 -7.7394920e+001
  1.8333333e+000 -7.3815300e+001 -6.4036835e+001 -6.4007141e+001 -6.4231384e+001 -7.7531967e+001
  1.8400000e+000 -7.3765129e+001 -6.3999344e+001 -6.3836033e+001 -6.4250214e+001 -7.7053154e+001
  1.8466667e+000 -7.3818512e+001 -6.3956367e+001 -6.3776154e+001 -6.4134018e+001 -7.6077850e+001
  1.8533333e+000 -7.3866600e+001 -6.3907364e+001 -6.3707359e+001 -6.4075127e+001 -7.5821785e+001
  1.8600000e+000 -7.3891106e+001 -6.3899666e+001 -6.3502934e+001 -6.3994884e+001 -7.6005516e+001
  1.8666667e+000 -7.4014618e+001 -6.3837406e+001 -6.3448017e+001 -6.4019325e+001 -7.6333221e+001
  1.8733333e+000 -7.4049721e+001 -6.3877781e+001 -6.3383247e+001 -6.4009224e+001 -7.6396095e+001
  1.8800000e+000 -7.4010040e+001 -6.3892139e+001 -6.3304340e+001 -6.4033875e+001 -7.6425911e+001
  1.8866667e+000 -7.3994484e+001 -6.3882378e+001 -6.3322205e+001 -6.4063591e+001 -7.6221054e+001
  1.8933333e+000 -7.4107788e+001 -6.3880020e+001 -6.3189064e+001 -6.3992870e+001 -7.5926247e+001
  1.9000000e+000 -7.4222954e+001 -6.3783970e+001 -6.3101070e+001 -6.3891197e+001 -7.5587746e+001
  1.9066667e+000 -7.4283058e+001 -6.3788040e+001 -6.3084694e+001 -6.3882946e+001 -7.5299934e+001
  1.9133333e+000 -7.4314972e+001 -6.3763527e+001 -6.2854073e+001 -6.3845329e+001 -7.5054794e+001
  1.9200000e+000 -7.4333832e+001 -6.3717491e+001 -6.2832169e+001 -6.3845787e+001 -7.4760651e+001
  1.9266667e+000 -7.4432632e+001 -6.3732330e+001 -6.2768559e+001 -6.3828568e+001 -7.4429764e+001
  1.9333333e+000 -7.4483994e+001 -6.3783253e+001 -6.2700966e+001 -6.3851521e+001 -7.4142746e+001
  1.9400000e+000 -7.4543022e+001 -6.3729717e+001 -6.2714169e+001 -6.3754761e+001 -7.3758942e+001
  1.9466667e+000 -7.4571747e+001 -6.3712215e+001 -6.2582191e+001 -6.3664974e+001 -7.3304970e+001
  1.9533333e+000 -7.4679428e+001 -6.3650459e+001 -6.2459343e+001 -6.3631634e+001 -7.2912621e+001
  1.9600000e+000 -7.4687187e+001 -6.3674782e+001 -6.2304741e+001 -6.3607018e+001 -7.2605408e+001
  1.9666667e+000 -7.4712418e+001 -6.3686558e+001 -6.2194965e+001 -6.3701187e+001 -7.2351097e+001
  1.9733333e+000 -7.4848953e+001 -6.3648239e+001 -6.2063927e+001 -6.3711349e+001 -7.2149910e+001
  1.9800000e+000 -7.4886940e+001 -6.3730610e+001 -6.2018742e+001 -6.3640747e+001 -7.1870682e+001
  1.9866667e+000 -7.4879890e+001 -6.3616028e+001 -6.1947365e+001 -6.3557739e+001 -7.1621353e+001
  1.9933333e+000 -7.4913506e+001 -6.3613270e+001 -6.1828705e+001 -6.3548649e+001 -7.1419441e+001
  2.0000000e+000 -7.5000435e+001 -6.3625725e+001 -6.1652409e+001 -6.3523705e+001 -7.1165855e+001
