 -5.0000000e-001  3.8519500e-001  3.8517000e-001  3.8515100e-001  3.8521100e-001  3.8510700e-001
 -4.9333333e-001  3.8521400e-001  3.8515700e-001  3.8514500e-001  3.8519700e-001  3.8509700e-001
 -4.8666667e-001  3.8523100e-001  3.8522100e-001  3.8514600e-001  3.8519100e-001  3.8514300e-001
 -4.8000000e-001  3.8521600e-001  3.8518500e-001  3.8517800e-001  3.8522700e-001  3.8511700e-001
 -4.7333333e-001  3.8519100e-001  3.8516900e-001  3.8513200e-001  3.8521500e-001  3.8507900e-001
 -4.6666667e-001  3.8518500e-001  3.8517100e-001  3.8514900e-001  3.8520600e-001  3.8511200e-001
 -4.6000000e-001  3.8519800e-001  3.8520200e-001  3.8513800e-001  3.8519200e-001  3.8511700e-001
 -4.5333333e-001  3.8524000e-001  3.8519000e-001  3.8513900e-001  3.8520100e-001  3.8510200e-001
 -4.4666667e-001  3.8522200e-001  3.8518000e-001  3.8516600e-001  3.8521800e-001  3.8511300e-001
 -4.4000000e-001  3.8519300e-001  3.8517400e-001  3.8516100e-001  3.8521300e-001  3.8510700e-001
 -4.3333333e-001  3.8519900e-001  3.8519900e-001  3.8515700e-001  3.8518300e-001  3.8509500e-001
 -4.2666667e-001  3.8520300e-001  3.8521500e-001  3.8513800e-001  3.8518500e-001  3.8511900e-001
 -4.2000000e-001  3.8517200e-001  3.8519600e-001  3.8513100e-001  3.8517100e-001  3.8509600e-001
 -4.1333333e-001  3.8517800e-001  3.8519900e-001  3.8518700e-001  3.8517900e-001  3.8504600e-001
 -4.0666667e-001  3.8520300e-001  3.8522200e-001  3.8514000e-001  3.8516300e-001  3.8509600e-001
 -4.0000000e-001  3.8518000e-001  3.8522200e-001  3.8511900e-001  3.8521000e-001  3.8511700e-001
 -3.9333333e-001  3.8519400e-001  3.8520300e-001  3.8514200e-001  3.8521500e-001  3.8510600e-001
 -3.8666667e-001  3.8519300e-001  3.8519300e-001  3.8516200e-001  3.8519300e-001  3.8509100e-001
 -3.8000000e-001  3.8516300e-001  3.8519300e-001  3.8515300e-001  3.8519500e-001  3.8510600e-001
 -3.7333333e-001  3.8518200e-001  3.8519000e-001  3.8517400e-001  3.8520300e-001  3.8511300e-001
 -3.6666667e-001  3.8520700e-001  3.8520100e-001  3.8515400e-001  3.8520100e-001  3.8509500e-001
 -3.6000000e-001  3.8521300e-001  3.8522500e-001  3.8514100e-001  3.8519800e-001  3.8511000e-001
 -3.5333333e-001  3.8517800e-001  3.8522200e-001  3.8515500e-001  3.8520100e-001  3.8510700e-001
 -3.4666667e-001  3.8515600e-001  3.8518500e-001  3.8516400e-001  3.8518700e-001  3.8510400e-001
 -3.4000000e-001  3.8520100e-001  3.8520100e-001  3.8513900e-001  3.8517700e-001  3.8510700e-001
 -3.3333333e-001  3.8519000e-001  3.8517400e-001  3.8514600e-001  3.8519300e-001  3.8512200e-001
 -3.2666667e-001  3.8517500e-001  3.8518100e-001  3.8516700e-001  3.8521400e-001  3.8511000e-001
 -3.2000000e-001  3.8516500e-001  3.8522000e-001  3.8515200e-001  3.8519700e-001  3.8512500e-001
 -3.1333333e-001  3.8516400e-001  3.8523100e-001  3.8514400e-001  3.8518400e-001  3.8511600e-001
 -3.0666667e-001  3.8520800e-001  3.8519500e-001  3.8514000e-001  3.8518800e-001  3.8511500e-001
 -3.0000000e-001  3.8517000e-001  3.8516500e-001  3.8515300e-001  3.8516400e-001  3.8511100e-001
 -2.9333333e-001  3.8519000e-001  3.8522500e-001  3.8518000e-001  3.8518000e-001  3.8509900e-001
 -2.8666667e-001  3.8518900e-001  3.8517600e-001  3.8513200e-001  3.8517800e-001  3.8512200e-001
 -2.8000000e-001  3.8519700e-001  3.8516800e-001  3.8517200e-001  3.8518400e-001  3.8510600e-001
 -2.7333333e-001  3.8516700e-001  3.8521900e-001  3.8513700e-001  3.8519000e-001  3.8509200e-001
 -2.6666667e-001  3.8520700e-001  3.8520300e-001  3.8514600e-001  3.8518400e-001  3.8506400e-001
 -2.6000000e-001  3.8517500e-001  3.8520400e-001  3.8515900e-001  3.8518300e-001  3.8510200e-001
 -2.5333333e-001  3.8516600e-001  3.8520000e-001  3.8514800e-001  3.8518000e-001  3.8513300e-001
 -2.4666667e-001  3.8515300e-001  3.8517800e-001  3.8512100e-001  3.8519300e-001  3.8509700e-001
 -2.4000000e-001  3.8516600e-001  3.8518900e-001  3.8515500e-001  3.8517300e-001  3.8509300e-001
 -2.3333333e-001  3.8518100e-001  3.8521700e-001  3.8512800e-001  3.8518100e-001  3.8510600e-001
 -2.2666667e-001  3.8517500e-001  3.8518100e-001  3.8514200e-001  3.8514700e-001  3.8509900e-001
 -2.2000000e-001  3.8516300e-001  3.8522100e-001  3.8516300e-001  3.8517700e-001  3.8511700e-001
 -2.1333333e-001  3.8518800e-001  3.8518000e-001  3.8513700e-001  3.8518000e-001  3.8510300e-001
 -2.0666667e-001  3.8516500e-001  3.8515200e-001  3.8515500e-001  3.8517600e-001  3.8511100e-001
 -2.0000000e-001  3.8518400e-001  3.8516400e-001  3.8514000e-001  3.8518800e-001  3.8512100e-001
 -1.9333333e-001  3.8519500e-001  3.8517000e-001  3.8516200e-001  3.8517300e-001  3.8511700e-001
 -1.8666667e-001  3.8517300e-001  3.8516700e-001  3.8514800e-001  3.8517700e-001  3.8512300e-001
 -1.8000000e-001  3.8520900e-001  3.8515300e-001  3.8513300e-001  3.8517200e-001  3.8509200e-001
 -1.7333333e-001  3.8515600e-001  3.8515400e-001  3.8514500e-001  3.8515500e-001  3.8509400e-001
 -1.6666667e-001  3.8518700e-001  3.8518400e-001  3.8513600e-001  3.8515900e-001  3.8514400e-001
 -1.6000000e-001  3.8516500e-001  3.8519400e-001  3.8516300e-001  3.8516800e-001  3.8511100e-001
 -1.5333333e-001  3.8519200e-001  3.8516800e-001  3.8517500e-001  3.8518700e-001  3.8511800e-001
 -1.4666667e-001  3.8518900e-001  3.8517200e-001  3.8516100e-001  3.8516400e-001  3.8511900e-001
 -1.4000000e-001  3.8517800e-001  3.8515000e-001  3.8514400e-001  3.8516500e-001  3.8510900e-001
 -1.3333333e-001  3.8518600e-001  3.8519500e-001  3.8515400e-001  3.8518900e-001  3.8509900e-001
 -1.2666667e-001  3.8518200e-001  3.8521700e-001  3.8518100e-001  3.8516500e-001  3.8513000e-001
 -1.2000000e-001  3.8516700e-001  3.8519000e-001  3.8515600e-001  3.8517700e-001  3.8510000e-001
 -1.1333333e-001  3.8519200e-001  3.8518200e-001  3.8516300e-001  3.8518800e-001  3.8508300e-001
 -1.0666667e-001  3.8519100e-001  3.8517500e-001  3.8514800e-001  3.8517400e-001  3.8510100e-001
 -1.0000000e-001  3.8516200e-001  3.8516100e-001  3.8515700e-001  3.8518900e-001  3.8512100e-001
 -9.3333333e-002  3.8518500e-001  3.8517900e-001  3.8513900e-001  3.8515100e-001  3.8511900e-001
 -8.6666667e-002  3.8520700e-001  3.8515200e-001  3.8517300e-001  3.8520000e-001  3.8513100e-001
 -8.0000000e-002  3.8519500e-001  3.8516100e-001  3.8515400e-001  3.8520200e-001  3.8510500e-001
 -7.3333333e-002  3.8521400e-001  3.8518700e-001  3.8515400e-001  3.8517500e-001  3.8509500e-001
 -6.6666667e-002  3.8516800e-001  3.8519100e-001  3.8516800e-001  3.8516100e-001  3.8515300e-001
 -6.0000000e-002  3.8517500e-001  3.8519800e-001  3.8511900e-001  3.8517900e-001  3.8512100e-001
 -5.3333333e-002  3.8519800e-001  3.8517300e-001  3.8514500e-001  3.8516000e-001  3.8511200e-001
 -4.6666667e-002  3.8519000e-001  3.8517600e-001  3.8511100e-001  3.8515100e-001  3.8508600e-001
 -4.0000000e-002  3.8520400e-001  3.8517700e-001  3.8512700e-001  3.8516000e-001  3.8513300e-001
 -3.3333333e-002  3.8520400e-001  3.8516500e-001  3.8516100e-001  3.8518700e-001  3.8512500e-001
 -2.6666667e-002  3.8518400e-001  3.8519600e-001  3.8516900e-001  3.8521500e-001  3.8513600e-001
 -2.0000000e-002  3.8522500e-001  3.8517600e-001  3.8518300e-001  3.8523200e-001  3.8518200e-001
 -1.3333333e-002  3.8530000e-001  3.8523400e-001  3.8520600e-001  3.8530900e-001  3.8524600e-001
 -6.6666667e-003  3.8543600e-001  3.8534300e-001  3.8531000e-001  3.8546100e-001  3.8538400e-001
  0.0000000e+000  3.8564400e-001  3.8551700e-001  3.8549400e-001  3.8569300e-001  3.8559700e-001
  6.6666667e-003  3.8593400e-001  3.8576200e-001  3.8578700e-001  3.8598200e-001  3.8584900e-001
  1.3333333e-002  3.8629700e-001  3.8604300e-001  3.8606400e-001  3.8634800e-001  3.8622700e-001
  2.0000000e-002  3.8668700e-001  3.8639700e-001  3.8646500e-001  3.8675500e-001  3.8660300e-001
  2.6666667e-002  3.8710100e-001  3.8680300e-001  3.8691300e-001  3.8717000e-001  3.8702200e-001
  3.3333333e-002  3.8749300e-001  3.8721500e-001  3.8734100e-001  3.8757300e-001  3.8745800e-001
  4.0000000e-002  3.8790100e-001  3.8764000e-001  3.8777000e-001  3.8803200e-001  3.8787700e-001
  4.6666667e-002  3.8833900e-001  3.8807500e-001  3.8818800e-001  3.8843300e-001  3.8831100e-001
  5.3333333e-002  3.8877500e-001  3.8845400e-001  3.8861600e-001  3.8889500e-001  3.8872600e-001
  6.0000000e-002  3.8919700e-001  3.8890500e-001  3.8907900e-001  3.8938200e-001  3.8917700e-001
  6.6666667e-002  3.8974900e-001  3.8940400e-001  3.8954700e-001  3.8991900e-001  3.8971700e-001
  7.3333333e-002  3.9036600e-001  3.8996800e-001  3.9014500e-001  3.9051600e-001  3.9031600e-001
  8.0000000e-002  3.9101300e-001  3.9059500e-001  3.9078100e-001  3.9119800e-001  3.9098200e-001
  8.6666667e-002  3.9171900e-001  3.9123300e-001  3.9144400e-001  3.9191000e-001  3.9169000e-001
  9.3333333e-002  3.9247500e-001  3.9196900e-001  3.9219200e-001  3.9269800e-001  3.9245400e-001
  1.0000000e-001  3.9326200e-001  3.9274500e-001  3.9299000e-001  3.9348800e-001  3.9323600e-001
  1.0666667e-001  3.9403300e-001  3.9350400e-001  3.9374700e-001  3.9427100e-001  3.9403800e-001
  1.1333333e-001  3.9487100e-001  3.9434200e-001  3.9454000e-001  3.9508500e-001  3.9486600e-001
  1.2000000e-001  3.9567600e-001  3.9514100e-001  3.9541200e-001  3.9590700e-001  3.9568300e-001
  1.2666667e-001  3.9648900e-001  3.9595400e-001  3.9628200e-001  3.9680600e-001  3.9650100e-001
  1.3333333e-001  3.9735000e-001  3.9681800e-001  3.9710700e-001  3.9767300e-001  3.9737600e-001
  1.4000000e-001  3.9832600e-001  3.9767300e-001  3.9800600e-001  3.9858600e-001  3.9831100e-001
  1.4666667e-001  3.9931000e-001  3.9861700e-001  3.9897400e-001  3.9960500e-001  3.9930900e-001
  1.5333333e-001  4.0032300e-001  3.9967800e-001  4.0000000e-001  4.0065500e-001  4.0037300e-001
  1.6000000e-001  4.0144600e-001  4.0072400e-001  4.0107200e-001  4.0176600e-001  4.0148300e-001
  1.6666667e-001  4.0255400e-001  4.0185900e-001  4.0220400e-001  4.0289000e-001  4.0259200e-001
  1.7333333e-001  4.0373500e-001  4.0301600e-001  4.0331100e-001  4.0409800e-001  4.0376900e-001
  1.8000000e-001  4.0493500e-001  4.0415700e-001  4.0451200e-001  4.0529800e-001  4.0493600e-001
  1.8666667e-001  4.0612900e-001  4.0533000e-001  4.0576000e-001  4.0649900e-001  4.0614700e-001
  1.9333333e-001  4.0735300e-001  4.0655800e-001  4.0697800e-001  4.0771200e-001  4.0740000e-001
  2.0000000e-001  4.0860600e-001  4.0780000e-001  4.0824900e-001  4.0897100e-001  4.0862400e-001
  2.0666667e-001  4.0985200e-001  4.0904700e-001  4.0951300e-001  4.1021800e-001  4.0987700e-001
  2.1333333e-001  4.1116700e-001  4.1028800e-001  4.1073800e-001  4.1149800e-001  4.1121000e-001
  2.2000000e-001  4.1252600e-001  4.1165700e-001  4.1205800e-001  4.1286300e-001  4.1257000e-001
  2.2666667e-001  4.1392800e-001  4.1298900e-001  4.1347600e-001  4.1428600e-001  4.1397100e-001
  2.3333333e-001  4.1537100e-001  4.1439600e-001  4.1494000e-001  4.1576200e-001  4.1542200e-001
  2.4000000e-001  4.1692800e-001  4.1587600e-001  4.1634600e-001  4.1725400e-001  4.1698800e-001
  2.4666667e-001  4.1849200e-001  4.1744600e-001  4.1790400e-001  4.1883800e-001  4.1854000e-001
  2.5333333e-001  4.2010200e-001  4.1904500e-001  4.1950100e-001  4.2045600e-001  4.2014100e-001
  2.6000000e-001  4.2170000e-001  4.2062800e-001  4.2112100e-001  4.2208100e-001  4.2172800e-001
  2.6666667e-001  4.2334900e-001  4.2220700e-001  4.2276200e-001  4.2373600e-001  4.2333200e-001
  2.7333333e-001  4.2497100e-001  4.2385800e-001  4.2443000e-001  4.2544300e-001  4.2498200e-001
  2.8000000e-001  4.2665400e-001  4.2550100e-001  4.2614700e-001  4.2716700e-001  4.2670100e-001
  2.8666667e-001  4.2831200e-001  4.2719300e-001  4.2787200e-001  4.2883100e-001  4.2841100e-001
  2.9333333e-001  4.3002300e-001  4.2891600e-001  4.2957100e-001  4.3052000e-001  4.3004600e-001
  3.0000000e-001  4.3170800e-001  4.3061500e-001  4.3122600e-001  4.3222400e-001  4.3174400e-001
  3.0666667e-001  4.3338500e-001  4.3226400e-001  4.3288700e-001  4.3383100e-001  4.3342600e-001
  3.1333333e-001  4.3505700e-001  4.3395000e-001  4.3454200e-001  4.3543800e-001  4.3512600e-001
  3.2000000e-001  4.3669500e-001  4.3562200e-001  4.3617500e-001  4.3706300e-001  4.3676900e-001
  3.2666667e-001  4.3835200e-001  4.3727700e-001  4.3778700e-001  4.3871700e-001  4.3838800e-001
  3.3333333e-001  4.4000000e-001  4.3892900e-001  4.3944100e-001  4.4037800e-001  4.4004100e-001
  3.4000000e-001  4.4166400e-001  4.4059700e-001  4.4112300e-001  4.4209200e-001  4.4168900e-001
  3.4666667e-001  4.4335300e-001  4.4226800e-001  4.4279100e-001  4.4377900e-001  4.4332200e-001
  3.5333333e-001  4.4498400e-001  4.4388200e-001  4.4454300e-001  4.4550000e-001  4.4501700e-001
  3.6000000e-001  4.4667900e-001  4.4557400e-001  4.4627700e-001  4.4718900e-001  4.4674700e-001
  3.6666667e-001  4.4843100e-001  4.4727300e-001  4.4798500e-001  4.4887300e-001  4.4844700e-001
  3.7333333e-001  4.5008500e-001  4.4894400e-001  4.4962200e-001  4.5054800e-001  4.5013700e-001
  3.8000000e-001  4.5174700e-001  4.5065200e-001  4.5128800e-001  4.5217900e-001  4.5177600e-001
  3.8666667e-001  4.5338000e-001  4.5231100e-001  4.5286500e-001  4.5379600e-001  4.5343000e-001
  3.9333333e-001  4.5504700e-001  4.5396900e-001  4.5450500e-001  4.5542400e-001  4.5508400e-001
  4.0000000e-001  4.5675100e-001  4.5563700e-001  4.5615600e-001  4.5706500e-001  4.5672900e-001
  4.0666667e-001  4.5835200e-001  4.5725200e-001  4.5780900e-001  4.5872700e-001  4.5838500e-001
  4.1333333e-001  4.5999800e-001  4.5892500e-001  4.5948600e-001  4.6041100e-001  4.6000700e-001
  4.2000000e-001  4.6162300e-001  4.6057600e-001  4.6112700e-001  4.6209300e-001  4.6169200e-001
  4.2666667e-001  4.6329100e-001  4.6218500e-001  4.6279100e-001  4.6378800e-001  4.6334800e-001
  4.3333333e-001  4.6496800e-001  4.6385000e-001  4.6450200e-001  4.6546200e-001  4.6498800e-001
  4.4000000e-001  4.6669000e-001  4.6554500e-001  4.6616100e-001  4.6715700e-001  4.6674100e-001
  4.4666667e-001  4.6837800e-001  4.6724200e-001  4.6785000e-001  4.6879300e-001  4.6843200e-001
  4.5333333e-001  4.7006600e-001  4.6897000e-001  4.6951800e-001  4.7042700e-001  4.7007600e-001
  4.6000000e-001  4.7170700e-001  4.7061200e-001  4.7114700e-001  4.7205600e-001  4.7170900e-001
  4.6666667e-001  4.7334400e-001  4.7227000e-001  4.7273400e-001  4.7368000e-001  4.7337300e-001
  4.7333333e-001  4.7504100e-001  4.7390600e-001  4.7437900e-001  4.7535500e-001  4.7506000e-001
  4.8000000e-001  4.7669900e-001  4.7558800e-001  4.7606900e-001  4.7706000e-001  4.7674000e-001
  4.8666667e-001  4.7834900e-001  4.7724200e-001  4.7777000e-001  4.7875900e-001  4.7838100e-001
  4.9333333e-001  4.8000300e-001  4.7892300e-001  4.7946800e-001  4.8042500e-001  4.8005200e-001
  5.0000000e-001  4.8166200e-001  4.8059300e-001  4.8115100e-001  4.8212100e-001  4.8171400e-001
  5.0666667e-001  4.8335500e-001  4.8228200e-001  4.8287500e-001  4.8383200e-001  4.8339000e-001
  5.1333333e-001  4.8503100e-001  4.8392700e-001  4.8454100e-001  4.8546200e-001  4.8507900e-001
  5.2000000e-001  4.8673500e-001  4.8562700e-001  4.8621400e-001  4.8713300e-001  4.8678500e-001
  5.2666667e-001  4.8843900e-001  4.8730700e-001  4.8789300e-001  4.8881200e-001  4.8848100e-001
  5.3333333e-001  4.9012200e-001  4.8899200e-001  4.8955400e-001  4.9047900e-001  4.9013600e-001
  5.4000000e-001  4.9177200e-001  4.9066700e-001  4.9120500e-001  4.9211200e-001  4.9176100e-001
  5.4666667e-001  4.9341800e-001  4.9230400e-001  4.9284400e-001  4.9376400e-001  4.9342700e-001
  5.5333333e-001  4.9505500e-001  4.9395400e-001  4.9455900e-001  4.9537600e-001  4.9508500e-001
  5.6000000e-001  4.9673800e-001  4.9559700e-001  4.9616500e-001  4.9709300e-001  4.9674900e-001
  5.6666667e-001  4.9837500e-001  4.9725300e-001  4.9788600e-001  4.9875800e-001  4.9842500e-001
  5.7333333e-001  5.0005300e-001  4.9896300e-001  4.9959100e-001  5.0046400e-001  5.0008800e-001
  5.8000000e-001  5.0173200e-001  5.0061000e-001  5.0127500e-001  5.0218100e-001  5.0176900e-001
  5.8666667e-001  5.0340600e-001  5.0228900e-001  5.0293400e-001  5.0382100e-001  5.0344300e-001
  5.9333333e-001  5.0509400e-001  5.0394200e-001  5.0458200e-001  5.0550000e-001  5.0514000e-001
  6.0000000e-001  5.0674300e-001  5.0561700e-001  5.0620100e-001  5.0715700e-001  5.0678200e-001
  6.0666667e-001  5.0841100e-001  5.0731400e-001  5.0786800e-001  5.0880100e-001  5.0845900e-001
  6.1333333e-001  5.1006600e-001  5.0899900e-001  5.0953500e-001  5.1047100e-001  5.1012400e-001
  6.2000000e-001  5.1172400e-001  5.1064300e-001  5.1119500e-001  5.1214500e-001  5.1179000e-001
  6.2666667e-001  5.1334500e-001  5.1229400e-001  5.1283600e-001  5.1379100e-001  5.1342400e-001
  6.3333333e-001  5.1500100e-001  5.1393100e-001  5.1451900e-001  5.1546600e-001  5.1508800e-001
  6.4000000e-001  5.1666300e-001  5.1559700e-001  5.1620800e-001  5.1714100e-001  5.1676900e-001
  6.4666667e-001  5.1831500e-001  5.1727000e-001  5.1786200e-001  5.1882100e-001  5.1841600e-001
  6.5333333e-001  5.2000000e-001  5.1893200e-001  5.1955600e-001  5.2049700e-001  5.2010400e-001
  6.6000000e-001  5.2168800e-001  5.2063000e-001  5.2122900e-001  5.2216400e-001  5.2176000e-001
  6.6666667e-001  5.2337700e-001  5.2229000e-001  5.2290500e-001  5.2385400e-001  5.2348300e-001
  6.7333333e-001  5.2506100e-001  5.2397200e-001  5.2458300e-001  5.2551500e-001  5.2519100e-001
  6.8000000e-001  5.2674600e-001  5.2565000e-001  5.2624600e-001  5.2720100e-001  5.2683900e-001
  6.8666667e-001  5.2841800e-001  5.2732800e-001  5.2789100e-001  5.2882000e-001  5.2852600e-001
  6.9333333e-001  5.3003900e-001  5.2898700e-001  5.2956700e-001  5.3049300e-001  5.3020100e-001
  7.0000000e-001  5.3169700e-001  5.3064900e-001  5.3121100e-001  5.3214100e-001  5.3179900e-001
  7.0666667e-001  5.3337800e-001  5.3228000e-001  5.3286800e-001  5.3379100e-001  5.3348600e-001
  7.1333333e-001  5.3505000e-001  5.3396400e-001  5.3453300e-001  5.3546900e-001  5.3515100e-001
  7.2000000e-001  5.3674900e-001  5.3564500e-001  5.3622700e-001  5.3719400e-001  5.3684700e-001
  7.2666667e-001  5.3839900e-001  5.3732300e-001  5.3790300e-001  5.3889000e-001  5.3848900e-001
  7.3333333e-001  5.4006900e-001  5.3897600e-001  5.3956200e-001  5.4051600e-001  5.4014600e-001
  7.4000000e-001  5.4173600e-001  5.4065800e-001  5.4121900e-001  5.4219100e-001  5.4181700e-001
  7.4666667e-001  5.4341500e-001  5.4232300e-001  5.4285200e-001  5.4385200e-001  5.4352000e-001
  7.5333333e-001  5.4506100e-001  5.4396300e-001  5.4454500e-001  5.4550900e-001  5.4514400e-001
  7.6000000e-001  5.4672500e-001  5.4563700e-001  5.4620200e-001  5.4711500e-001  5.4680400e-001
  7.6666667e-001  5.4838400e-001  5.4729300e-001  5.4790000e-001  5.4873500e-001  5.4841900e-001
  7.7333333e-001  5.4999000e-001  5.4895100e-001  5.4951800e-001  5.5036200e-001  5.5005300e-001
  7.8000000e-001  5.5157400e-001  5.5056000e-001  5.5108500e-001  5.5196900e-001  5.5164600e-001
  7.8666667e-001  5.5312300e-001  5.5214500e-001  5.5265100e-001  5.5353700e-001  5.5321400e-001
  7.9333333e-001  5.5462500e-001  5.5372200e-001  5.5420100e-001  5.5502300e-001  5.5472100e-001
  8.0000000e-001  5.5606700e-001  5.5519700e-001  5.5566600e-001  5.5644400e-001  5.5615000e-001
  8.0666667e-001  5.5749400e-001  5.5657800e-001  5.5706100e-001  5.5781500e-001  5.5750200e-001
  8.1333333e-001  5.5879400e-001  5.5797500e-001  5.5838300e-001  5.5915900e-001  5.5886400e-001
  8.2000000e-001  5.6012800e-001  5.5925500e-001  5.5966300e-001  5.6044400e-001  5.6018800e-001
  8.2666667e-001  5.6139900e-001  5.6056300e-001  5.6094900e-001  5.6172700e-001  5.6142700e-001
  8.3333333e-001  5.6269800e-001  5.6184500e-001  5.6224100e-001  5.6301100e-001  5.6271800e-001
  8.4000000e-001  5.6393500e-001  5.6310900e-001  5.6352400e-001  5.6423900e-001  5.6396000e-001
  8.4666667e-001  5.6513200e-001  5.6435300e-001  5.6476400e-001  5.6545000e-001  5.6517600e-001
  8.5333333e-001  5.6634800e-001  5.6555700e-001  5.6595300e-001  5.6667100e-001  5.6639000e-001
  8.6000000e-001  5.6746500e-001  5.6676400e-001  5.6716200e-001  5.6781200e-001  5.6758200e-001
  8.6666667e-001  5.6859100e-001  5.6792300e-001  5.6830500e-001  5.6890300e-001  5.6869400e-001
  8.7333333e-001  5.6965800e-001  5.6901800e-001  5.6938000e-001  5.6994200e-001  5.6973000e-001
  8.8000000e-001  5.7068400e-001  5.7007500e-001  5.7038300e-001  5.7093400e-001  5.7071900e-001
  8.8666667e-001  5.7168700e-001  5.7103500e-001  5.7133700e-001  5.7188600e-001  5.7165800e-001
  8.9333333e-001  5.7261600e-001  5.7198800e-001  5.7226900e-001  5.7284900e-001  5.7262600e-001
  9.0000000e-001  5.7352900e-001  5.7293700e-001  5.7317300e-001  5.7374400e-001  5.7352500e-001
  9.0666667e-001  5.7442600e-001  5.7381500e-001  5.7409200e-001  5.7460700e-001  5.7441500e-001
  9.1333333e-001  5.7529800e-001  5.7469600e-001  5.7494200e-001  5.7547100e-001  5.7527900e-001
  9.2000000e-001  5.7610000e-001  5.7556400e-001  5.7579800e-001  5.7628900e-001  5.7611200e-001
  9.2666667e-001  5.7691500e-001  5.7641000e-001  5.7667400e-001  5.7709300e-001  5.7692600e-001
  9.3333333e-001  5.7769800e-001  5.7718100e-001  5.7745900e-001  5.7788500e-001  5.7771400e-001
  9.4000000e-001  5.7843200e-001  5.7794700e-001  5.7822100e-001  5.7860200e-001  5.7843200e-001
  9.4666667e-001  5.7910500e-001  5.7866300e-001  5.7889300e-001  5.7931800e-001  5.7913000e-001
  9.5333333e-001  5.7975200e-001  5.7934200e-001  5.7953200e-001  5.7992600e-001  5.7974800e-001
  9.6000000e-001  5.8032500e-001  5.7994700e-001  5.8012300e-001  5.8051200e-001  5.8035300e-001
  9.6666667e-001  5.8092700e-001  5.8053900e-001  5.8068200e-001  5.8101400e-001  5.8090500e-001
  9.7333333e-001  5.8140000e-001  5.8106600e-001  5.8122800e-001  5.8150600e-001  5.8140000e-001
  9.8000000e-001  5.8188500e-001  5.8157700e-001  5.8167900e-001  5.8199400e-001  5.8186900e-001
  9.8666667e-001  5.8230900e-001  5.8204300e-001  5.8216000e-001  5.8243700e-001  5.8231600e-001
  9.9333333e-001  5.8272800e-001  5.8250000e-001  5.8261800e-001  5.8282700e-001  5.8273500e-001
  1.0000000e+000  5.8312700e-001  5.8291300e-001  5.8300200e-001  5.8324100e-001  5.8314600e-001
  1.0066667e+000  5.8351700e-001  5.8333600e-001  5.8339400e-001  5.8364600e-001  5.8351300e-001
  1.0133333e+000  5.8385800e-001  5.8371500e-001  5.8377800e-001  5.8396300e-001  5.8385900e-001
  1.0200000e+000  5.8416100e-001  5.8401700e-001  5.8410100e-001  5.8426200e-001  5.8418000e-001
  1.0266667e+000  5.8442500e-001  5.8430900e-001  5.8433700e-001  5.8450500e-001  5.8444700e-001
  1.0333333e+000  5.8467000e-001  5.8450300e-001  5.8455700e-001  5.8472300e-001  5.8466100e-001
  1.0400000e+000  5.8483100e-001  5.8469500e-001  5.8472600e-001  5.8488600e-001  5.8481000e-001
  1.0466667e+000  5.8496900e-001  5.8486300e-001  5.8485200e-001  5.8498400e-001  5.8495800e-001
  1.0533333e+000  5.8506500e-001  5.8502100e-001  5.8496300e-001  5.8511400e-001  5.8503800e-001
  1.0600000e+000  5.8513000e-001  5.8506700e-001  5.8507200e-001  5.8515900e-001  5.8511200e-001
  1.0666667e+000  5.8515900e-001  5.8516400e-001  5.8513400e-001  5.8518200e-001  5.8516300e-001
  1.0733333e+000  5.8516600e-001  5.8521300e-001  5.8516500e-001  5.8519400e-001  5.8519500e-001
  1.0800000e+000  5.8516100e-001  5.8523000e-001  5.8512700e-001  5.8516500e-001  5.8517500e-001
  1.0866667e+000  5.8511200e-001  5.8517500e-001  5.8511100e-001  5.8514700e-001  5.8512100e-001
  1.0933333e+000  5.8511800e-001  5.8514300e-001  5.8509200e-001  5.8515500e-001  5.8511000e-001
  1.1000000e+000  5.8510600e-001  5.8512400e-001  5.8507600e-001  5.8515200e-001  5.8508200e-001
  1.1066667e+000  5.8508700e-001  5.8510800e-001  5.8506000e-001  5.8515200e-001  5.8512000e-001
  1.1133333e+000  5.8511800e-001  5.8509400e-001  5.8508900e-001  5.8513000e-001  5.8510900e-001
  1.1200000e+000  5.8515400e-001  5.8514000e-001  5.8510000e-001  5.8516200e-001  5.8511900e-001
  1.1266667e+000  5.8513200e-001  5.8515300e-001  5.8510700e-001  5.8518900e-001  5.8512900e-001
  1.1333333e+000  5.8511800e-001  5.8513600e-001  5.8509300e-001  5.8517400e-001  5.8517000e-001
  1.1400000e+000  5.8513900e-001  5.8512000e-001  5.8510000e-001  5.8514100e-001  5.8510500e-001
  1.1466667e+000  5.8513200e-001  5.8514300e-001  5.8509000e-001  5.8513500e-001  5.8510600e-001
  1.1533333e+000  5.8512300e-001  5.8512500e-001  5.8508400e-001  5.8515800e-001  5.8512500e-001
  1.1600000e+000  5.8515100e-001  5.8514400e-001  5.8507200e-001  5.8515400e-001  5.8514700e-001
  1.1666667e+000  5.8512900e-001  5.8511800e-001  5.8512500e-001  5.8516800e-001  5.8515100e-001
  1.1733333e+000  5.8512100e-001  5.8512400e-001  5.8510000e-001  5.8512700e-001  5.8513200e-001
  1.1800000e+000  5.8512400e-001  5.8512600e-001  5.8508600e-001  5.8515300e-001  5.8512000e-001
  1.1866667e+000  5.8513300e-001  5.8510400e-001  5.8508700e-001  5.8518600e-001  5.8510600e-001
  1.1933333e+000  5.8515700e-001  5.8509400e-001  5.8510600e-001  5.8516300e-001  5.8513700e-001
  1.2000000e+000  5.8513500e-001  5.8509800e-001  5.8511100e-001  5.8516200e-001  5.8511800e-001
  1.2066667e+000  5.8514300e-001  5.8510200e-001  5.8508600e-001  5.8516100e-001  5.8512700e-001
  1.2133333e+000  5.8516500e-001  5.8512500e-001  5.8509500e-001  5.8512900e-001  5.8512800e-001
  1.2200000e+000  5.8515600e-001  5.8511100e-001  5.8508100e-001  5.8515600e-001  5.8512800e-001
  1.2266667e+000  5.8516400e-001  5.8512600e-001  5.8508400e-001  5.8512000e-001  5.8511700e-001
  1.2333333e+000  5.8518400e-001  5.8512000e-001  5.8508900e-001  5.8516000e-001  5.8509900e-001
  1.2400000e+000  5.8516800e-001  5.8511700e-001  5.8507800e-001  5.8517300e-001  5.8511400e-001
  1.2466667e+000  5.8517400e-001  5.8512500e-001  5.8509300e-001  5.8516400e-001  5.8510500e-001
  1.2533333e+000  5.8517700e-001  5.8510200e-001  5.8510400e-001  5.8517000e-001  5.8511500e-001
  1.2600000e+000  5.8517900e-001  5.8513300e-001  5.8507200e-001  5.8516400e-001  5.8508300e-001
  1.2666667e+000  5.8518600e-001  5.8513600e-001  5.8507600e-001  5.8515400e-001  5.8510400e-001
  1.2733333e+000  5.8518200e-001  5.8513100e-001  5.8507400e-001  5.8514700e-001  5.8512600e-001
  1.2800000e+000  5.8517500e-001  5.8509300e-001  5.8506700e-001  5.8514900e-001  5.8510200e-001
  1.2866667e+000  5.8514700e-001  5.8509900e-001  5.8508500e-001  5.8513400e-001  5.8511500e-001
  1.2933333e+000  5.8515100e-001  5.8510200e-001  5.8512100e-001  5.8514400e-001  5.8509900e-001
  1.3000000e+000  5.8513600e-001  5.8512100e-001  5.8510700e-001  5.8513200e-001  5.8507600e-001
  1.3066667e+000  5.8513200e-001  5.8512900e-001  5.8512000e-001  5.8514500e-001  5.8510100e-001
  1.3133333e+000  5.8515900e-001  5.8513400e-001  5.8510400e-001  5.8516900e-001  5.8510800e-001
  1.3200000e+000  5.8514700e-001  5.8511400e-001  5.8508600e-001  5.8517000e-001  5.8512400e-001
  1.3266667e+000  5.8513800e-001  5.8513800e-001  5.8508900e-001  5.8518000e-001  5.8513700e-001
  1.3333333e+000  5.8513500e-001  5.8513700e-001  5.8508400e-001  5.8515900e-001  5.8509400e-001
  1.3400000e+000  5.8512400e-001  5.8512800e-001  5.8508600e-001  5.8512800e-001  5.8509000e-001
  1.3466667e+000  5.8511600e-001  5.8511400e-001  5.8507900e-001  5.8512700e-001  5.8510300e-001
  1.3533333e+000  5.8512300e-001  5.8511500e-001  5.8509700e-001  5.8513600e-001  5.8513300e-001
  1.3600000e+000  5.8515500e-001  5.8511800e-001  5.8509400e-001  5.8514000e-001  5.8512200e-001
  1.3666667e+000  5.8515500e-001  5.8514600e-001  5.8511200e-001  5.8515800e-001  5.8513100e-001
  1.3733333e+000  5.8514800e-001  5.8513200e-001  5.8509500e-001  5.8512500e-001  5.8511900e-001
  1.3800000e+000  5.8514400e-001  5.8509500e-001  5.8511400e-001  5.8515400e-001  5.8513300e-001
  1.3866667e+000  5.8514800e-001  5.8510900e-001  5.8508000e-001  5.8513600e-001  5.8510800e-001
  1.3933333e+000  5.8516900e-001  5.8510800e-001  5.8507700e-001  5.8515700e-001  5.8512000e-001
  1.4000000e+000  5.8514000e-001  5.8513600e-001  5.8510700e-001  5.8514400e-001  5.8512600e-001
  1.4066667e+000  5.8514500e-001  5.8512900e-001  5.8510600e-001  5.8512200e-001  5.8513200e-001
  1.4133333e+000  5.8511400e-001  5.8512900e-001  5.8508700e-001  5.8512600e-001  5.8511000e-001
  1.4200000e+000  5.8509500e-001  5.8509300e-001  5.8507300e-001  5.8516000e-001  5.8509400e-001
  1.4266667e+000  5.8510500e-001  5.8511400e-001  5.8509400e-001  5.8512700e-001  5.8508400e-001
  1.4333333e+000  5.8509200e-001  5.8510500e-001  5.8507000e-001  5.8514300e-001  5.8508900e-001
  1.4400000e+000  5.8509600e-001  5.8511500e-001  5.8508100e-001  5.8513900e-001  5.8509800e-001
  1.4466667e+000  5.8510000e-001  5.8510300e-001  5.8510600e-001  5.8516400e-001  5.8510300e-001
  1.4533333e+000  5.8509600e-001  5.8512300e-001  5.8508700e-001  5.8516900e-001  5.8509500e-001
  1.4600000e+000  5.8508400e-001  5.8514500e-001  5.8503400e-001  5.8519100e-001  5.8507200e-001
  1.4666667e+000  5.8507900e-001  5.8508600e-001  5.8506400e-001  5.8513400e-001  5.8509300e-001
  1.4733333e+000  5.8511800e-001  5.8508100e-001  5.8510300e-001  5.8512900e-001  5.8510000e-001
  1.4800000e+000  5.8511700e-001  5.8510300e-001  5.8508200e-001  5.8514500e-001  5.8510200e-001
  1.4866667e+000  5.8513300e-001  5.8509500e-001  5.8508300e-001  5.8513300e-001  5.8512600e-001
  1.4933333e+000  5.8511700e-001  5.8511900e-001  5.8509800e-001  5.8515300e-001  5.8510800e-001
  1.5000000e+000  5.8512000e-001  5.8515200e-001  5.8511500e-001  5.8515400e-001  5.8510200e-001
  1.5066667e+000  5.8511900e-001  5.8511900e-001  5.8510200e-001  5.8517800e-001  5.8510100e-001
  1.5133333e+000  5.8512000e-001  5.8511800e-001  5.8508400e-001  5.8514700e-001  5.8511100e-001
  1.5200000e+000  5.8510600e-001  5.8513500e-001  5.8506800e-001  5.8513000e-001  5.8508000e-001
  1.5266667e+000  5.8509400e-001  5.8512000e-001  5.8508800e-001  5.8517000e-001  5.8509100e-001
  1.5333333e+000  5.8512100e-001  5.8512200e-001  5.8505600e-001  5.8512800e-001  5.8510400e-001
  1.5400000e+000  5.8510600e-001  5.8512300e-001  5.8508300e-001  5.8512800e-001  5.8507700e-001
  1.5466667e+000  5.8511100e-001  5.8512700e-001  5.8508900e-001  5.8516800e-001  5.8511600e-001
  1.5533333e+000  5.8510800e-001  5.8511000e-001  5.8510100e-001  5.8515200e-001  5.8511300e-001
  1.5600000e+000  5.8511500e-001  5.8511200e-001  5.8511500e-001  5.8514000e-001  5.8510300e-001
  1.5666667e+000  5.8510800e-001  5.8507800e-001  5.8510200e-001  5.8513300e-001  5.8507900e-001
  1.5733333e+000  5.8510600e-001  5.8510400e-001  5.8510400e-001  5.8514100e-001  5.8508300e-001
  1.5800000e+000  5.8508000e-001  5.8512200e-001  5.8506600e-001  5.8514900e-001  5.8511700e-001
  1.5866667e+000  5.8511600e-001  5.8514000e-001  5.8506700e-001  5.8515900e-001  5.8510800e-001
  1.5933333e+000  5.8510800e-001  5.8513500e-001  5.8508100e-001  5.8515600e-001  5.8507100e-001
  1.6000000e+000  5.8510000e-001  5.8511300e-001  5.8510200e-001  5.8517400e-001  5.8510900e-001
  1.6066667e+000  5.8512600e-001  5.8514300e-001  5.8508500e-001  5.8516200e-001  5.8510400e-001
  1.6133333e+000  5.8513000e-001  5.8512700e-001  5.8507900e-001  5.8514900e-001  5.8510100e-001
  1.6200000e+000  5.8511600e-001  5.8512600e-001  5.8507100e-001  5.8516000e-001  5.8509300e-001
  1.6266667e+000  5.8512000e-001  5.8512600e-001  5.8507500e-001  5.8516500e-001  5.8509300e-001
  1.6333333e+000  5.8510200e-001  5.8511600e-001  5.8509700e-001  5.8517400e-001  5.8511000e-001
  1.6400000e+000  5.8510400e-001  5.8512800e-001  5.8507100e-001  5.8513500e-001  5.8512100e-001
  1.6466667e+000  5.8510500e-001  5.8513400e-001  5.8506900e-001  5.8514600e-001  5.8509200e-001
  1.6533333e+000  5.8509200e-001  5.8516300e-001  5.8508500e-001  5.8518100e-001  5.8510200e-001
  1.6600000e+000  5.8510400e-001  5.8514200e-001  5.8507400e-001  5.8514900e-001  5.8510600e-001
  1.6666667e+000  5.8509900e-001  5.8513200e-001  5.8509000e-001  5.8516200e-001  5.8508900e-001
  1.6733333e+000  5.8509600e-001  5.8513300e-001  5.8510000e-001  5.8517600e-001  5.8512600e-001
  1.6800000e+000  5.8511600e-001  5.8512200e-001  5.8507600e-001  5.8516100e-001  5.8512000e-001
  1.6866667e+000  5.8511600e-001  5.8512300e-001  5.8507600e-001  5.8516900e-001  5.8511100e-001
  1.6933333e+000  5.8512700e-001  5.8512400e-001  5.8508700e-001  5.8516400e-001  5.8510900e-001
  1.7000000e+000  5.8513600e-001  5.8512900e-001  5.8509100e-001  5.8515600e-001  5.8509900e-001
  1.7066667e+000  5.8513300e-001  5.8511300e-001  5.8507200e-001  5.8516300e-001  5.8508400e-001
  1.7133333e+000  5.8512800e-001  5.8510300e-001  5.8508900e-001  5.8513700e-001  5.8511200e-001
  1.7200000e+000  5.8513300e-001  5.8513600e-001  5.8508900e-001  5.8515200e-001  5.8512400e-001
  1.7266667e+000  5.8512500e-001  5.8515300e-001  5.8508500e-001  5.8518400e-001  5.8510900e-001
  1.7333333e+000  5.8508500e-001  5.8514700e-001  5.8511900e-001  5.8516400e-001  5.8512500e-001
  1.7400000e+000  5.8513200e-001  5.8514300e-001  5.8512900e-001  5.8513500e-001  5.8511700e-001
  1.7466667e+000  5.8512200e-001  5.8514100e-001  5.8508000e-001  5.8514800e-001  5.8511400e-001
  1.7533333e+000  5.8512300e-001  5.8514800e-001  5.8508700e-001  5.8516200e-001  5.8509200e-001
  1.7600000e+000  5.8513900e-001  5.8514700e-001  5.8508100e-001  5.8516300e-001  5.8512000e-001
  1.7666667e+000  5.8515000e-001  5.8512800e-001  5.8507800e-001  5.8517900e-001  5.8512700e-001
  1.7733333e+000  5.8513200e-001  5.8514700e-001  5.8508900e-001  5.8515900e-001  5.8510300e-001
  1.7800000e+000  5.8514500e-001  5.8512700e-001  5.8509000e-001  5.8514000e-001  5.8511200e-001
  1.7866667e+000  5.8514100e-001  5.8513200e-001  5.8510100e-001  5.8515800e-001  5.8512200e-001
  1.7933333e+000  5.8511800e-001  5.8513400e-001  5.8509800e-001  5.8514400e-001  5.8509700e-001
  1.8000000e+000  5.8514400e-001  5.8511900e-001  5.8506800e-001  5.8515400e-001  5.8511300e-001
  1.8066667e+000  5.8511700e-001  5.8510400e-001  5.8509000e-001  5.8517100e-001  5.8512700e-001
  1.8133333e+000  5.8514600e-001  5.8516000e-001  5.8509900e-001  5.8513500e-001  5.8513700e-001
  1.8200000e+000  5.8515900e-001  5.8516300e-001  5.8511000e-001  5.8513800e-001  5.8510400e-001
  1.8266667e+000  5.8513000e-001  5.8514100e-001  5.8510200e-001  5.8513900e-001  5.8508900e-001
  1.8333333e+000  5.8511400e-001  5.8514700e-001  5.8512000e-001  5.8516600e-001  5.8512300e-001
  1.8400000e+000  5.8511200e-001  5.8513000e-001  5.8509600e-001  5.8515900e-001  5.8512900e-001
  1.8466667e+000  5.8511600e-001  5.8512000e-001  5.8508000e-001  5.8512100e-001  5.8512200e-001
  1.8533333e+000  5.8511700e-001  5.8516000e-001  5.8507900e-001  5.8515200e-001  5.8514000e-001
  1.8600000e+000  5.8511900e-001  5.8514800e-001  5.8509300e-001  5.8515800e-001  5.8516000e-001
  1.8666667e+000  5.8511500e-001  5.8515100e-001  5.8510400e-001  5.8516500e-001  5.8514700e-001
  1.8733333e+000  5.8510200e-001  5.8516200e-001  5.8510100e-001  5.8518300e-001  5.8512100e-001
  1.8800000e+000  5.8511200e-001  5.8514300e-001  5.8510100e-001  5.8517300e-001  5.8512400e-001
  1.8866667e+000  5.8513300e-001  5.8514900e-001  5.8509500e-001  5.8515500e-001  5.8513000e-001
  1.8933333e+000  5.8509700e-001  5.8512400e-001  5.8512600e-001  5.8516100e-001  5.8511200e-001
  1.9000000e+000  5.8511500e-001  5.8512700e-001  5.8509700e-001  5.8513000e-001  5.8512400e-001
  1.9066667e+000  5.8512000e-001  5.8515800e-001  5.8510800e-001  5.8516700e-001  5.8514500e-001
  1.9133333e+000  5.8511500e-001  5.8513800e-001  5.8511000e-001  5.8518900e-001  5.8512000e-001
  1.9200000e+000  5.8509600e-001  5.8513700e-001  5.8509800e-001  5.8515100e-001  5.8514300e-001
  1.9266667e+000  5.8511600e-001  5.8513600e-001  5.8509700e-001  5.8513000e-001  5.8516800e-001
  1.9333333e+000  5.8512800e-001  5.8511600e-001  5.8508100e-001  5.8514600e-001  5.8512200e-001
  1.9400000e+000  5.8510500e-001  5.8511400e-001  5.8510100e-001  5.8515800e-001  5.8513000e-001
  1.9466667e+000  5.8511000e-001  5.8511300e-001  5.8513700e-001  5.8516200e-001  5.8514300e-001
  1.9533333e+000  5.8514200e-001  5.8511200e-001  5.8512100e-001  5.8516000e-001  5.8512900e-001
  1.9600000e+000  5.8511800e-001  5.8513300e-001  5.8511500e-001  5.8516000e-001  5.8512400e-001
  1.9666667e+000  5.8511500e-001  5.8513400e-001  5.8510300e-001  5.8517400e-001  5.8511600e-001
  1.9733333e+000  5.8510600e-001  5.8515300e-001  5.8510100e-001  5.8516200e-001  5.8512500e-001
  1.9800000e+000  5.8513000e-001  5.8514500e-001  5.8511500e-001  5.8515700e-001  5.8511000e-001
  1.9866667e+000  5.8511300e-001  5.8512200e-001  5.8513800e-001  5.8515100e-001  5.8511800e-001
  1.9933333e+000  5.8511200e-001  5.8511700e-001  5.8511300e-001  5.8514500e-001  5.8512800e-001
  2.0000000e+000  5.8514000e-001  5.8511900e-001  5.8511700e-001  5.8515300e-001  5.8513600e-001
