 -5.0000000e-001 -2.7459129e+001 -2.7396055e+001 -2.7460819e+001 -2.7860975e+001 -2.7173624e+001
 -4.9333333e-001 -2.7479084e+001 -2.7413061e+001 -2.7452316e+001 -2.7861458e+001 -2.7197077e+001
 -4.8666667e-001 -2.7444733e+001 -2.7399872e+001 -2.7450998e+001 -2.7837334e+001 -2.7204391e+001
 -4.8000000e-001 -2.7461718e+001 -2.7402496e+001 -2.7436762e+001 -2.7850586e+001 -2.7171341e+001
 -4.7333333e-001 -2.7468359e+001 -2.7428894e+001 -2.7419760e+001 -2.7878866e+001 -2.7208221e+001
 -4.6666667e-001 -2.7453196e+001 -2.7430326e+001 -2.7441196e+001 -2.7882095e+001 -2.7191574e+001
 -4.6000000e-001 -2.7483883e+001 -2.7465691e+001 -2.7449444e+001 -2.7855230e+001 -2.7159044e+001
 -4.5333333e-001 -2.7465782e+001 -2.7488447e+001 -2.7416170e+001 -2.7848452e+001 -2.7163078e+001
 -4.4666667e-001 -2.7436831e+001 -2.7449018e+001 -2.7416149e+001 -2.7878691e+001 -2.7146421e+001
 -4.4000000e-001 -2.7460403e+001 -2.7486788e+001 -2.7429323e+001 -2.7880375e+001 -2.7168192e+001
 -4.3333333e-001 -2.7452295e+001 -2.7478037e+001 -2.7421070e+001 -2.7865879e+001 -2.7176710e+001
 -4.2666667e-001 -2.7435413e+001 -2.7468838e+001 -2.7396320e+001 -2.7872154e+001 -2.7170218e+001
 -4.2000000e-001 -2.7446280e+001 -2.7494652e+001 -2.7416494e+001 -2.7876242e+001 -2.7220539e+001
 -4.1333333e-001 -2.7453835e+001 -2.7484486e+001 -2.7407591e+001 -2.7869934e+001 -2.7205797e+001
 -4.0666667e-001 -2.7447443e+001 -2.7487499e+001 -2.7400656e+001 -2.7856447e+001 -2.7162868e+001
 -4.0000000e-001 -2.7468287e+001 -2.7459948e+001 -2.7367657e+001 -2.7860155e+001 -2.7193569e+001
 -3.9333333e-001 -2.7455084e+001 -2.7440666e+001 -2.7321520e+001 -2.7859177e+001 -2.7213346e+001
 -3.8666667e-001 -2.7424374e+001 -2.7469248e+001 -2.7314524e+001 -2.7853828e+001 -2.7203999e+001
 -3.8000000e-001 -2.7412447e+001 -2.7470491e+001 -2.7311911e+001 -2.7822325e+001 -2.7211275e+001
 -3.7333333e-001 -2.7493797e+001 -2.7463259e+001 -2.7319733e+001 -2.7810762e+001 -2.7248205e+001
 -3.6666667e-001 -2.7507088e+001 -2.7467407e+001 -2.7312199e+001 -2.7818235e+001 -2.7265875e+001
 -3.6000000e-001 -2.7456059e+001 -2.7482922e+001 -2.7299660e+001 -2.7836607e+001 -2.7212904e+001
 -3.5333333e-001 -2.7461824e+001 -2.7463215e+001 -2.7327358e+001 -2.7846945e+001 -2.7193708e+001
 -3.4666667e-001 -2.7469704e+001 -2.7445135e+001 -2.7324877e+001 -2.7836529e+001 -2.7211851e+001
 -3.4000000e-001 -2.7460165e+001 -2.7431303e+001 -2.7316027e+001 -2.7853600e+001 -2.7209078e+001
 -3.3333333e-001 -2.7467373e+001 -2.7391174e+001 -2.7334593e+001 -2.7853973e+001 -2.7225758e+001
 -3.2666667e-001 -2.7504471e+001 -2.7408955e+001 -2.7369921e+001 -2.7815680e+001 -2.7236208e+001
 -3.2000000e-001 -2.7468847e+001 -2.7441776e+001 -2.7375555e+001 -2.7788118e+001 -2.7224804e+001
 -3.1333333e-001 -2.7434309e+001 -2.7463902e+001 -2.7366285e+001 -2.7826708e+001 -2.7250004e+001
 -3.0666667e-001 -2.7456598e+001 -2.7477663e+001 -2.7351254e+001 -2.7822628e+001 -2.7229549e+001
 -3.0000000e-001 -2.7477652e+001 -2.7437031e+001 -2.7362822e+001 -2.7829813e+001 -2.7218849e+001
 -2.9333333e-001 -2.7499355e+001 -2.7430998e+001 -2.7378544e+001 -2.7837997e+001 -2.7239216e+001
 -2.8666667e-001 -2.7488092e+001 -2.7435249e+001 -2.7352634e+001 -2.7817863e+001 -2.7230900e+001
 -2.8000000e-001 -2.7454165e+001 -2.7425421e+001 -2.7321230e+001 -2.7786432e+001 -2.7205250e+001
 -2.7333333e-001 -2.7466963e+001 -2.7432140e+001 -2.7364830e+001 -2.7764881e+001 -2.7206190e+001
 -2.6666667e-001 -2.7457432e+001 -2.7473158e+001 -2.7343706e+001 -2.7803165e+001 -2.7201294e+001
 -2.6000000e-001 -2.7472416e+001 -2.7454739e+001 -2.7319763e+001 -2.7810810e+001 -2.7195799e+001
 -2.5333333e-001 -2.7516676e+001 -2.7425608e+001 -2.7311148e+001 -2.7802744e+001 -2.7201860e+001
 -2.4666667e-001 -2.7489201e+001 -2.7410027e+001 -2.7266804e+001 -2.7781490e+001 -2.7207218e+001
 -2.4000000e-001 -2.7448456e+001 -2.7424356e+001 -2.7292295e+001 -2.7771046e+001 -2.7219856e+001
 -2.3333333e-001 -2.7454487e+001 -2.7443508e+001 -2.7294195e+001 -2.7815798e+001 -2.7224823e+001
 -2.2666667e-001 -2.7475899e+001 -2.7455847e+001 -2.7283388e+001 -2.7821491e+001 -2.7220272e+001
 -2.2000000e-001 -2.7481266e+001 -2.7459137e+001 -2.7292242e+001 -2.7787615e+001 -2.7250597e+001
 -2.1333333e-001 -2.7453257e+001 -2.7443508e+001 -2.7304092e+001 -2.7767513e+001 -2.7196489e+001
 -2.0666667e-001 -2.7452549e+001 -2.7421303e+001 -2.7318392e+001 -2.7784601e+001 -2.7135481e+001
 -2.0000000e-001 -2.7482534e+001 -2.7390936e+001 -2.7305250e+001 -2.7829550e+001 -2.7195139e+001
 -1.9333333e-001 -2.7502396e+001 -2.7415539e+001 -2.7276215e+001 -2.7814457e+001 -2.7211603e+001
 -1.8666667e-001 -2.7529087e+001 -2.7441650e+001 -2.7285154e+001 -2.7802771e+001 -2.7200298e+001
 -1.8000000e-001 -2.7480482e+001 -2.7453003e+001 -2.7351604e+001 -2.7780245e+001 -2.7216686e+001
 -1.7333333e-001 -2.7440786e+001 -2.7467960e+001 -2.7373825e+001 -2.7807535e+001 -2.7209013e+001
 -1.6666667e-001 -2.7491714e+001 -2.7447617e+001 -2.7331165e+001 -2.7814947e+001 -2.7195066e+001
 -1.6000000e-001 -2.7469528e+001 -2.7457262e+001 -2.7297352e+001 -2.7806145e+001 -2.7184210e+001
 -1.5333333e-001 -2.7444237e+001 -2.7447273e+001 -2.7329063e+001 -2.7828558e+001 -2.7221642e+001
 -1.4666667e-001 -2.7482794e+001 -2.7459673e+001 -2.7328239e+001 -2.7788130e+001 -2.7241089e+001
 -1.4000000e-001 -2.7490833e+001 -2.7475395e+001 -2.7310917e+001 -2.7794569e+001 -2.7235100e+001
 -1.3333333e-001 -2.7498449e+001 -2.7438957e+001 -2.7302946e+001 -2.7808975e+001 -2.7202763e+001
 -1.2666667e-001 -2.7523233e+001 -2.7429735e+001 -2.7301918e+001 -2.7775778e+001 -2.7198740e+001
 -1.2000000e-001 -2.7510424e+001 -2.7447763e+001 -2.7348686e+001 -2.7748137e+001 -2.7217339e+001
 -1.1333333e-001 -2.7492949e+001 -2.7429712e+001 -2.7352112e+001 -2.7737846e+001 -2.7234354e+001
 -1.0666667e-001 -2.7504599e+001 -2.7394648e+001 -2.7354851e+001 -2.7749018e+001 -2.7245916e+001
 -1.0000000e-001 -2.7521553e+001 -2.7382256e+001 -2.7351032e+001 -2.7740803e+001 -2.7213520e+001
 -9.3333333e-002 -2.7526897e+001 -2.7401733e+001 -2.7334803e+001 -2.7750143e+001 -2.7203548e+001
 -8.6666667e-002 -2.7505175e+001 -2.7397390e+001 -2.7345825e+001 -2.7724360e+001 -2.7187517e+001
 -8.0000000e-002 -2.7493595e+001 -2.7413866e+001 -2.7352917e+001 -2.7732994e+001 -2.7219656e+001
 -7.3333333e-002 -2.7525686e+001 -2.7421499e+001 -2.7370024e+001 -2.7774103e+001 -2.7218805e+001
 -6.6666667e-002 -2.7546396e+001 -2.7419498e+001 -2.7363390e+001 -2.7763071e+001 -2.7213161e+001
 -6.0000000e-002 -2.7550043e+001 -2.7438463e+001 -2.7355112e+001 -2.7778696e+001 -2.7232533e+001
 -5.3333333e-002 -2.7522308e+001 -2.7416237e+001 -2.7342468e+001 -2.7781847e+001 -2.7202021e+001
 -4.6666667e-002 -2.7497667e+001 -2.7352497e+001 -2.7365023e+001 -2.7739592e+001 -2.7209530e+001
 -4.0000000e-002 -2.7513290e+001 -2.7369934e+001 -2.7382339e+001 -2.7799913e+001 -2.7243822e+001
 -3.3333333e-002 -2.7533747e+001 -2.7382463e+001 -2.7357603e+001 -2.7850983e+001 -2.7226725e+001
 -2.6666667e-002 -2.7487913e+001 -2.7377649e+001 -2.7365995e+001 -2.7843054e+001 -2.7190372e+001
 -2.0000000e-002 -2.7495167e+001 -2.7412054e+001 -2.7416475e+001 -2.7772320e+001 -2.7198895e+001
 -1.3333333e-002 -2.7550013e+001 -2.7355944e+001 -2.7416695e+001 -2.7760351e+001 -2.7227057e+001
 -6.6666667e-003 -2.7547243e+001 -2.7339409e+001 -2.7425810e+001 -2.7750467e+001 -2.7227465e+001
  0.0000000e+000 -2.7518976e+001 -2.7357754e+001 -2.7414795e+001 -2.7743702e+001 -2.7180536e+001
  6.6666667e-003 -2.7507956e+001 -2.7365778e+001 -2.7401777e+001 -2.7768463e+001 -2.7148386e+001
  1.3333333e-002 -2.7484690e+001 -2.7402937e+001 -2.7379665e+001 -2.7795645e+001 -2.7169191e+001
  2.0000000e-002 -2.7512802e+001 -2.7393518e+001 -2.7365128e+001 -2.7797186e+001 -2.7166986e+001
  2.6666667e-002 -2.7542194e+001 -2.7370638e+001 -2.7397020e+001 -2.7772709e+001 -2.7176739e+001
  3.3333333e-002 -2.7531908e+001 -2.7397554e+001 -2.7398470e+001 -2.7742315e+001 -2.7193209e+001
  4.0000000e-002 -2.7506435e+001 -2.7419369e+001 -2.7365501e+001 -2.7771103e+001 -2.7190052e+001
  4.6666667e-002 -2.7542274e+001 -2.7388802e+001 -2.7361664e+001 -2.7801504e+001 -2.7170855e+001
  5.3333333e-002 -2.7558046e+001 -2.7400595e+001 -2.7386171e+001 -2.7789438e+001 -2.7181274e+001
  6.0000000e-002 -2.7572247e+001 -2.7426252e+001 -2.7416374e+001 -2.7803711e+001 -2.7172493e+001
  6.6666667e-002 -2.7583488e+001 -2.7393888e+001 -2.7439770e+001 -2.7824171e+001 -2.7168093e+001
  7.3333333e-002 -2.7554947e+001 -2.7420841e+001 -2.7417635e+001 -2.7815182e+001 -2.7214901e+001
  8.0000000e-002 -2.7498871e+001 -2.7449701e+001 -2.7401680e+001 -2.7769978e+001 -2.7224384e+001
  8.6666667e-002 -2.7489643e+001 -2.7421209e+001 -2.7357306e+001 -2.7770502e+001 -2.7184330e+001
  9.3333333e-002 -2.7473341e+001 -2.7429846e+001 -2.7351278e+001 -2.7788851e+001 -2.7157108e+001
  1.0000000e-001 -2.7425138e+001 -2.7451416e+001 -2.7352448e+001 -2.7754526e+001 -2.7195328e+001
  1.0666667e-001 -2.7420883e+001 -2.7382919e+001 -2.7331598e+001 -2.7709118e+001 -2.7175072e+001
  1.1333333e-001 -2.7419355e+001 -2.7345089e+001 -2.7362207e+001 -2.7724674e+001 -2.7156324e+001
  1.2000000e-001 -2.7443586e+001 -2.7385349e+001 -2.7353031e+001 -2.7746033e+001 -2.7155993e+001
  1.2666667e-001 -2.7413561e+001 -2.7381084e+001 -2.7339853e+001 -2.7710882e+001 -2.7116468e+001
  1.3333333e-001 -2.7404377e+001 -2.7356386e+001 -2.7353405e+001 -2.7668135e+001 -2.7068916e+001
  1.4000000e-001 -2.7420692e+001 -2.7294052e+001 -2.7336081e+001 -2.7658890e+001 -2.7040518e+001
  1.4666667e-001 -2.7432484e+001 -2.7275620e+001 -2.7317245e+001 -2.7652115e+001 -2.7043339e+001
  1.5333333e-001 -2.7425344e+001 -2.7262087e+001 -2.7280348e+001 -2.7611097e+001 -2.7014322e+001
  1.6000000e-001 -2.7432503e+001 -2.7208981e+001 -2.7271423e+001 -2.7589848e+001 -2.6964224e+001
  1.6666667e-001 -2.7432671e+001 -2.7211630e+001 -2.7276825e+001 -2.7584457e+001 -2.6969599e+001
  1.7333333e-001 -2.7444595e+001 -2.7228552e+001 -2.7248808e+001 -2.7585516e+001 -2.6992399e+001
  1.8000000e-001 -2.7492689e+001 -2.7231865e+001 -2.7237671e+001 -2.7608688e+001 -2.6980505e+001
  1.8666667e-001 -2.7503897e+001 -2.7198435e+001 -2.7254053e+001 -2.7623341e+001 -2.6999731e+001
  1.9333333e-001 -2.7491556e+001 -2.7195637e+001 -2.7273363e+001 -2.7601625e+001 -2.7058418e+001
  2.0000000e-001 -2.7510077e+001 -2.7226965e+001 -2.7235044e+001 -2.7586157e+001 -2.7060961e+001
  2.0666667e-001 -2.7522900e+001 -2.7249269e+001 -2.7212427e+001 -2.7608080e+001 -2.7087210e+001
  2.1333333e-001 -2.7565023e+001 -2.7253412e+001 -2.7246426e+001 -2.7656900e+001 -2.7109005e+001
  2.2000000e-001 -2.7600576e+001 -2.7293789e+001 -2.7224998e+001 -2.7716545e+001 -2.7074333e+001
  2.2666667e-001 -2.7639427e+001 -2.7325399e+001 -2.7210688e+001 -2.7701023e+001 -2.7074980e+001
  2.3333333e-001 -2.7682985e+001 -2.7373772e+001 -2.7206758e+001 -2.7692520e+001 -2.7139893e+001
  2.4000000e-001 -2.7724869e+001 -2.7394619e+001 -2.7200571e+001 -2.7750460e+001 -2.7182405e+001
  2.4666667e-001 -2.7758904e+001 -2.7427439e+001 -2.7242580e+001 -2.7823566e+001 -2.7194454e+001
  2.5333333e-001 -2.7756023e+001 -2.7432621e+001 -2.7319906e+001 -2.7846405e+001 -2.7212139e+001
  2.6000000e-001 -2.7797947e+001 -2.7458847e+001 -2.7408464e+001 -2.7906939e+001 -2.7247940e+001
  2.6666667e-001 -2.7848076e+001 -2.7546465e+001 -2.7433142e+001 -2.7995840e+001 -2.7268074e+001
  2.7333333e-001 -2.7874310e+001 -2.7564272e+001 -2.7427692e+001 -2.8007698e+001 -2.7303406e+001
  2.8000000e-001 -2.7883537e+001 -2.7579220e+001 -2.7475166e+001 -2.8036966e+001 -2.7325201e+001
  2.8666667e-001 -2.7866306e+001 -2.7625181e+001 -2.7481127e+001 -2.8087900e+001 -2.7332594e+001
  2.9333333e-001 -2.7810024e+001 -2.7708296e+001 -2.7503414e+001 -2.8091848e+001 -2.7407101e+001
  3.0000000e-001 -2.7749104e+001 -2.7729542e+001 -2.7506611e+001 -2.8015203e+001 -2.7442259e+001
  3.0666667e-001 -2.7738768e+001 -2.7755552e+001 -2.7464735e+001 -2.7905245e+001 -2.7445286e+001
  3.1333333e-001 -2.7718630e+001 -2.7783161e+001 -2.7469696e+001 -2.7766195e+001 -2.7527491e+001
  3.2000000e-001 -2.7680523e+001 -2.7838114e+001 -2.7484865e+001 -2.7659281e+001 -2.7564329e+001
  3.2666667e-001 -2.7678204e+001 -2.7911118e+001 -2.7438572e+001 -2.7528175e+001 -2.7605099e+001
  3.3333333e-001 -2.7674114e+001 -2.7938484e+001 -2.7456322e+001 -2.7377975e+001 -2.7718054e+001
  3.4000000e-001 -2.7681545e+001 -2.7983809e+001 -2.7499659e+001 -2.7328039e+001 -2.7775625e+001
  3.4666667e-001 -2.7644798e+001 -2.8007576e+001 -2.7487148e+001 -2.7240870e+001 -2.7838797e+001
  3.5333333e-001 -2.7656624e+001 -2.8086809e+001 -2.7473980e+001 -2.7069292e+001 -2.7917233e+001
  3.6000000e-001 -2.7727423e+001 -2.8150494e+001 -2.7546747e+001 -2.6949141e+001 -2.7988970e+001
  3.6666667e-001 -2.7721807e+001 -2.8211786e+001 -2.7584469e+001 -2.6875864e+001 -2.8093660e+001
  3.7333333e-001 -2.7753569e+001 -2.8296593e+001 -2.7635401e+001 -2.6831356e+001 -2.8148983e+001
  3.8000000e-001 -2.7865831e+001 -2.8348808e+001 -2.7708645e+001 -2.6753490e+001 -2.8220404e+001
  3.8666667e-001 -2.7896702e+001 -2.8433390e+001 -2.7705070e+001 -2.6713646e+001 -2.8299753e+001
  3.9333333e-001 -2.7905899e+001 -2.8529541e+001 -2.7769310e+001 -2.6762947e+001 -2.8397362e+001
  4.0000000e-001 -2.7952826e+001 -2.8600140e+001 -2.7812559e+001 -2.6792091e+001 -2.8446293e+001
  4.0666667e-001 -2.8029140e+001 -2.8724672e+001 -2.7828995e+001 -2.6894300e+001 -2.8546181e+001
  4.1333333e-001 -2.8095665e+001 -2.8857943e+001 -2.7903494e+001 -2.7040215e+001 -2.8679216e+001
  4.2000000e-001 -2.8128887e+001 -2.8997223e+001 -2.7990467e+001 -2.7157650e+001 -2.8727619e+001
  4.2666667e-001 -2.8227419e+001 -2.9120970e+001 -2.8096348e+001 -2.7287907e+001 -2.8844110e+001
  4.3333333e-001 -2.8327385e+001 -2.9251051e+001 -2.8156023e+001 -2.7462948e+001 -2.8932350e+001
  4.4000000e-001 -2.8385441e+001 -2.9342934e+001 -2.8163095e+001 -2.7684416e+001 -2.9016655e+001
  4.4666667e-001 -2.8459835e+001 -2.9404453e+001 -2.8210865e+001 -2.7824747e+001 -2.9090866e+001
  4.5333333e-001 -2.8540146e+001 -2.9513966e+001 -2.8277786e+001 -2.7973587e+001 -2.9177864e+001
  4.6000000e-001 -2.8610651e+001 -2.9643776e+001 -2.8334751e+001 -2.8183382e+001 -2.9254364e+001
  4.6666667e-001 -2.8694828e+001 -2.9735672e+001 -2.8417475e+001 -2.8350546e+001 -2.9268772e+001
  4.7333333e-001 -2.8754189e+001 -2.9789772e+001 -2.8475397e+001 -2.8521400e+001 -2.9263557e+001
  4.8000000e-001 -2.8782408e+001 -2.9853825e+001 -2.8488577e+001 -2.8691084e+001 -2.9325096e+001
  4.8666667e-001 -2.8824266e+001 -2.9958063e+001 -2.8543810e+001 -2.8832783e+001 -2.9383919e+001
  4.9333333e-001 -2.8852209e+001 -3.0012558e+001 -2.8567488e+001 -2.8960060e+001 -2.9371122e+001
  5.0000000e-001 -2.8866600e+001 -3.0069338e+001 -2.8584249e+001 -2.9069006e+001 -2.9379841e+001
  5.0666667e-001 -2.8867037e+001 -3.0174181e+001 -2.8603411e+001 -2.9122377e+001 -2.9363407e+001
  5.1333333e-001 -2.8895826e+001 -3.0239239e+001 -2.8604975e+001 -2.9165274e+001 -2.9344757e+001
  5.2000000e-001 -2.8899759e+001 -3.0226191e+001 -2.8625160e+001 -2.9146446e+001 -2.9358690e+001
  5.2666667e-001 -2.8924314e+001 -3.0225855e+001 -2.8627245e+001 -2.9080908e+001 -2.9377327e+001
  5.3333333e-001 -2.8896652e+001 -3.0232252e+001 -2.8647469e+001 -2.8997952e+001 -2.9391598e+001
  5.4000000e-001 -2.8827028e+001 -3.0204412e+001 -2.8645983e+001 -2.8898916e+001 -2.9350498e+001
  5.4666667e-001 -2.8879608e+001 -3.0236395e+001 -2.8643524e+001 -2.8848888e+001 -2.9317467e+001
  5.5333333e-001 -2.8897413e+001 -3.0315680e+001 -2.8687313e+001 -2.8808584e+001 -2.9305374e+001
  5.6000000e-001 -2.8910685e+001 -3.0335424e+001 -2.8722527e+001 -2.8753092e+001 -2.9278015e+001
  5.6666667e-001 -2.8942793e+001 -3.0339645e+001 -2.8722145e+001 -2.8726154e+001 -2.9331999e+001
  5.7333333e-001 -2.8957407e+001 -3.0354345e+001 -2.8768066e+001 -2.8669884e+001 -2.9347548e+001
  5.8000000e-001 -2.9036572e+001 -3.0401367e+001 -2.8819407e+001 -2.8624018e+001 -2.9272289e+001
  5.8666667e-001 -2.9115891e+001 -3.0477247e+001 -2.8855087e+001 -2.8523109e+001 -2.9241232e+001
  5.9333333e-001 -2.9164173e+001 -3.0499065e+001 -2.8894297e+001 -2.8488428e+001 -2.9245695e+001
  6.0000000e-001 -2.9206890e+001 -3.0523941e+001 -2.8941452e+001 -2.8498274e+001 -2.9227602e+001
  6.0666667e-001 -2.9228039e+001 -3.0581789e+001 -2.8985226e+001 -2.8492397e+001 -2.9283752e+001
  6.1333333e-001 -2.9344229e+001 -3.0604258e+001 -2.9009266e+001 -2.8498764e+001 -2.9336906e+001
  6.2000000e-001 -2.9479029e+001 -3.0573362e+001 -2.9079397e+001 -2.8532593e+001 -2.9342226e+001
  6.2666667e-001 -2.9525686e+001 -3.0561094e+001 -2.9150974e+001 -2.8535662e+001 -2.9384550e+001
  6.3333333e-001 -2.9591204e+001 -3.0587919e+001 -2.9160957e+001 -2.8534882e+001 -2.9412506e+001
  6.4000000e-001 -2.9655329e+001 -3.0583876e+001 -2.9169127e+001 -2.8562180e+001 -2.9456902e+001
  6.4666667e-001 -2.9726482e+001 -3.0516275e+001 -2.9188944e+001 -2.8622738e+001 -2.9485241e+001
  6.5333333e-001 -2.9811270e+001 -3.0509645e+001 -2.9176626e+001 -2.8658764e+001 -2.9482571e+001
  6.6000000e-001 -2.9869774e+001 -3.0504036e+001 -2.9181025e+001 -2.8698298e+001 -2.9493536e+001
  6.6666667e-001 -2.9912138e+001 -3.0461817e+001 -2.9193342e+001 -2.8787640e+001 -2.9514631e+001
  6.7333333e-001 -2.9992716e+001 -3.0439026e+001 -2.9218584e+001 -2.8832766e+001 -2.9544386e+001
  6.8000000e-001 -3.0053799e+001 -3.0421892e+001 -2.9243032e+001 -2.8880117e+001 -2.9588511e+001
  6.8666667e-001 -3.0082268e+001 -3.0372486e+001 -2.9267815e+001 -2.8939516e+001 -2.9602365e+001
  6.9333333e-001 -3.0106936e+001 -3.0364481e+001 -2.9245876e+001 -2.8997671e+001 -2.9608618e+001
  7.0000000e-001 -3.0187008e+001 -3.0298063e+001 -2.9235767e+001 -2.9064709e+001 -2.9636717e+001
  7.0666667e-001 -3.0233665e+001 -3.0231575e+001 -2.9235878e+001 -2.9104225e+001 -2.9646420e+001
  7.1333333e-001 -3.0221525e+001 -3.0190830e+001 -2.9209505e+001 -2.9159853e+001 -2.9613081e+001
  7.2000000e-001 -3.0272017e+001 -3.0166836e+001 -2.9211927e+001 -2.9247595e+001 -2.9647240e+001
  7.2666667e-001 -3.0349646e+001 -3.0159407e+001 -2.9194630e+001 -2.9320063e+001 -2.9646290e+001
  7.3333333e-001 -3.0377657e+001 -3.0091858e+001 -2.9159317e+001 -2.9366314e+001 -2.9635990e+001
  7.4000000e-001 -3.0360672e+001 -3.0063375e+001 -2.9095533e+001 -2.9413486e+001 -2.9585722e+001
  7.4666667e-001 -3.0356363e+001 -3.0058758e+001 -2.9059969e+001 -2.9477854e+001 -2.9505226e+001
  7.5333333e-001 -3.0392614e+001 -3.0077496e+001 -2.8989571e+001 -2.9513302e+001 -2.9499994e+001
  7.6000000e-001 -3.0384893e+001 -3.0081226e+001 -2.8944904e+001 -2.9530317e+001 -2.9468586e+001
  7.6666667e-001 -3.0340445e+001 -3.0056404e+001 -2.8893728e+001 -2.9541515e+001 -2.9449465e+001
  7.7333333e-001 -3.0326143e+001 -3.0028879e+001 -2.8833746e+001 -2.9585203e+001 -2.9446032e+001
  7.8000000e-001 -3.0294403e+001 -3.0026447e+001 -2.8846560e+001 -2.9582592e+001 -2.9397268e+001
  7.8666667e-001 -3.0273027e+001 -3.0015184e+001 -2.8818296e+001 -2.9575439e+001 -2.9363787e+001
  7.9333333e-001 -3.0241451e+001 -3.0011135e+001 -2.8731010e+001 -2.9578568e+001 -2.9362810e+001
  8.0000000e-001 -3.0211796e+001 -2.9959454e+001 -2.8664658e+001 -2.9625639e+001 -2.9354944e+001
  8.0666667e-001 -3.0164421e+001 -2.9894720e+001 -2.8629360e+001 -2.9679430e+001 -2.9340454e+001
  8.1333333e-001 -3.0173994e+001 -2.9894184e+001 -2.8593246e+001 -2.9688368e+001 -2.9280006e+001
  8.2000000e-001 -3.0199053e+001 -2.9905602e+001 -2.8570547e+001 -2.9669199e+001 -2.9263412e+001
  8.2666667e-001 -3.0148657e+001 -2.9872215e+001 -2.8541746e+001 -2.9641537e+001 -2.9234734e+001
  8.3333333e-001 -3.0168600e+001 -2.9840570e+001 -2.8542221e+001 -2.9628677e+001 -2.9196737e+001
  8.4000000e-001 -3.0186165e+001 -2.9804121e+001 -2.8554502e+001 -2.9629095e+001 -2.9189995e+001
  8.4666667e-001 -3.0153704e+001 -2.9783741e+001 -2.8526512e+001 -2.9588943e+001 -2.9211685e+001
  8.5333333e-001 -3.0146786e+001 -2.9781101e+001 -2.8501276e+001 -2.9557360e+001 -2.9211643e+001
  8.6000000e-001 -3.0141899e+001 -2.9797316e+001 -2.8508541e+001 -2.9565102e+001 -2.9204000e+001
  8.6666667e-001 -3.0147305e+001 -2.9783504e+001 -2.8519556e+001 -2.9521645e+001 -2.9204472e+001
  8.7333333e-001 -3.0135683e+001 -2.9712799e+001 -2.8515837e+001 -2.9495584e+001 -2.9199253e+001
  8.8000000e-001 -3.0087421e+001 -2.9673443e+001 -2.8522400e+001 -2.9478529e+001 -2.9235136e+001
  8.8666667e-001 -3.0043615e+001 -2.9631014e+001 -2.8549221e+001 -2.9463671e+001 -2.9227322e+001
  8.9333333e-001 -3.0010380e+001 -2.9581184e+001 -2.8548656e+001 -2.9470959e+001 -2.9224836e+001
  9.0000000e-001 -2.9995708e+001 -2.9579819e+001 -2.8548868e+001 -2.9463337e+001 -2.9214165e+001
  9.0666667e-001 -2.9975161e+001 -2.9542624e+001 -2.8596678e+001 -2.9440027e+001 -2.9222542e+001
  9.1333333e-001 -2.9931622e+001 -2.9540298e+001 -2.8641827e+001 -2.9413427e+001 -2.9219454e+001
  9.2000000e-001 -2.9951668e+001 -2.9561178e+001 -2.8634144e+001 -2.9387016e+001 -2.9209240e+001
  9.2666667e-001 -2.9928459e+001 -2.9557104e+001 -2.8635736e+001 -2.9395027e+001 -2.9209871e+001
  9.3333333e-001 -2.9903601e+001 -2.9547501e+001 -2.8633911e+001 -2.9462793e+001 -2.9234699e+001
  9.4000000e-001 -2.9862732e+001 -2.9530806e+001 -2.8640055e+001 -2.9488598e+001 -2.9232626e+001
  9.4666667e-001 -2.9845144e+001 -2.9516325e+001 -2.8682167e+001 -2.9496508e+001 -2.9191273e+001
  9.5333333e-001 -2.9848864e+001 -2.9541969e+001 -2.8679359e+001 -2.9547142e+001 -2.9162197e+001
  9.6000000e-001 -2.9790407e+001 -2.9576464e+001 -2.8663935e+001 -2.9544960e+001 -2.9168812e+001
  9.6666667e-001 -2.9787012e+001 -2.9574245e+001 -2.8700537e+001 -2.9520796e+001 -2.9171133e+001
  9.7333333e-001 -2.9797575e+001 -2.9608791e+001 -2.8711943e+001 -2.9547586e+001 -2.9173464e+001
  9.8000000e-001 -2.9774765e+001 -2.9645340e+001 -2.8677643e+001 -2.9573889e+001 -2.9167067e+001
  9.8666667e-001 -2.9774601e+001 -2.9618675e+001 -2.8661568e+001 -2.9583111e+001 -2.9151083e+001
  9.9333333e-001 -2.9763498e+001 -2.9589148e+001 -2.8683056e+001 -2.9600985e+001 -2.9125912e+001
  1.0000000e+000 -2.9766323e+001 -2.9572407e+001 -2.8733248e+001 -2.9620045e+001 -2.9108536e+001
  1.0066667e+000 -2.9779732e+001 -2.9584435e+001 -2.8728405e+001 -2.9625484e+001 -2.9093243e+001
  1.0133333e+000 -2.9805822e+001 -2.9615120e+001 -2.8739231e+001 -2.9675062e+001 -2.9053665e+001
  1.0200000e+000 -2.9802427e+001 -2.9621208e+001 -2.8747816e+001 -2.9696569e+001 -2.9059464e+001
  1.0266667e+000 -2.9766253e+001 -2.9626116e+001 -2.8703482e+001 -2.9699907e+001 -2.9091467e+001
  1.0333333e+000 -2.9749098e+001 -2.9641699e+001 -2.8709846e+001 -2.9663242e+001 -2.9121969e+001
  1.0400000e+000 -2.9765718e+001 -2.9645866e+001 -2.8708481e+001 -2.9673840e+001 -2.9118187e+001
  1.0466667e+000 -2.9763260e+001 -2.9670660e+001 -2.8693611e+001 -2.9666418e+001 -2.9091312e+001
  1.0533333e+000 -2.9749008e+001 -2.9697062e+001 -2.8692402e+001 -2.9691578e+001 -2.9049761e+001
  1.0600000e+000 -2.9785959e+001 -2.9690063e+001 -2.8706156e+001 -2.9725042e+001 -2.9065767e+001
  1.0666667e+000 -2.9792059e+001 -2.9720844e+001 -2.8720457e+001 -2.9697109e+001 -2.9083294e+001
  1.0733333e+000 -2.9747755e+001 -2.9717577e+001 -2.8727896e+001 -2.9707291e+001 -2.9059355e+001
  1.0800000e+000 -2.9745789e+001 -2.9721016e+001 -2.8765909e+001 -2.9732059e+001 -2.9076010e+001
  1.0866667e+000 -2.9792538e+001 -2.9733442e+001 -2.8782154e+001 -2.9707781e+001 -2.9090046e+001
  1.0933333e+000 -2.9810726e+001 -2.9741899e+001 -2.8820978e+001 -2.9683542e+001 -2.9079264e+001
  1.1000000e+000 -2.9808558e+001 -2.9775036e+001 -2.8871561e+001 -2.9690586e+001 -2.9082932e+001
  1.1066667e+000 -2.9836842e+001 -2.9772610e+001 -2.8871902e+001 -2.9691269e+001 -2.9087051e+001
  1.1133333e+000 -2.9855402e+001 -2.9795471e+001 -2.8870502e+001 -2.9703463e+001 -2.9081381e+001
  1.1200000e+000 -2.9862776e+001 -2.9803776e+001 -2.8889425e+001 -2.9736980e+001 -2.9076830e+001
  1.1266667e+000 -2.9843676e+001 -2.9795290e+001 -2.8889217e+001 -2.9704315e+001 -2.9111677e+001
  1.1333333e+000 -2.9883553e+001 -2.9777525e+001 -2.8860882e+001 -2.9687847e+001 -2.9150845e+001
  1.1400000e+000 -2.9921450e+001 -2.9781500e+001 -2.8859497e+001 -2.9706795e+001 -2.9143129e+001
  1.1466667e+000 -2.9939161e+001 -2.9820555e+001 -2.8884064e+001 -2.9718399e+001 -2.9141354e+001
  1.1533333e+000 -2.9942972e+001 -2.9816475e+001 -2.8886332e+001 -2.9733145e+001 -2.9131290e+001
  1.1600000e+000 -2.9969347e+001 -2.9823946e+001 -2.8896294e+001 -2.9758503e+001 -2.9122681e+001
  1.1666667e+000 -2.9965509e+001 -2.9832344e+001 -2.8938959e+001 -2.9791008e+001 -2.9132030e+001
  1.1733333e+000 -2.9958433e+001 -2.9815449e+001 -2.8928228e+001 -2.9782866e+001 -2.9154636e+001
  1.1800000e+000 -2.9988342e+001 -2.9800430e+001 -2.8901642e+001 -2.9773979e+001 -2.9172592e+001
  1.1866667e+000 -2.9988045e+001 -2.9817085e+001 -2.8896614e+001 -2.9770132e+001 -2.9149540e+001
  1.1933333e+000 -2.9959198e+001 -2.9848860e+001 -2.8870955e+001 -2.9854597e+001 -2.9139685e+001
  1.2000000e+000 -2.9975088e+001 -2.9852726e+001 -2.8850956e+001 -2.9919479e+001 -2.9130419e+001
  1.2066667e+000 -2.9982838e+001 -2.9869108e+001 -2.8855022e+001 -2.9925669e+001 -2.9093243e+001
  1.2133333e+000 -2.9963535e+001 -2.9863838e+001 -2.8884686e+001 -2.9945042e+001 -2.9106804e+001
  1.2200000e+000 -2.9958282e+001 -2.9835558e+001 -2.8886923e+001 -2.9950481e+001 -2.9123852e+001
  1.2266667e+000 -2.9987928e+001 -2.9839888e+001 -2.8885653e+001 -2.9958248e+001 -2.9148775e+001
  1.2333333e+000 -3.0015188e+001 -2.9864447e+001 -2.8888172e+001 -2.9971352e+001 -2.9146355e+001
  1.2400000e+000 -2.9983063e+001 -2.9881107e+001 -2.8871815e+001 -3.0000603e+001 -2.9159744e+001
  1.2466667e+000 -2.9996166e+001 -2.9887228e+001 -2.8847704e+001 -2.9989929e+001 -2.9185587e+001
  1.2533333e+000 -2.9990299e+001 -2.9911291e+001 -2.8857912e+001 -3.0003443e+001 -2.9207794e+001
  1.2600000e+000 -2.9971605e+001 -2.9886398e+001 -2.8912031e+001 -3.0022234e+001 -2.9208963e+001
  1.2666667e+000 -2.9971308e+001 -2.9861351e+001 -2.8942299e+001 -3.0034176e+001 -2.9216330e+001
  1.2733333e+000 -2.9956066e+001 -2.9859720e+001 -2.8930479e+001 -3.0036875e+001 -2.9222378e+001
  1.2800000e+000 -2.9959532e+001 -2.9877041e+001 -2.8905354e+001 -3.0026283e+001 -2.9229061e+001
  1.2866667e+000 -2.9970102e+001 -2.9902910e+001 -2.8895262e+001 -3.0000738e+001 -2.9244598e+001
  1.2933333e+000 -2.9960403e+001 -2.9907595e+001 -2.8887606e+001 -3.0011145e+001 -2.9244709e+001
  1.3000000e+000 -2.9938858e+001 -2.9876963e+001 -2.8893978e+001 -3.0033022e+001 -2.9227709e+001
  1.3066667e+000 -2.9957436e+001 -2.9829056e+001 -2.8898830e+001 -3.0047878e+001 -2.9273884e+001
  1.3133333e+000 -2.9988489e+001 -2.9836716e+001 -2.8897236e+001 -3.0072197e+001 -2.9319012e+001
  1.3200000e+000 -2.9976297e+001 -2.9851540e+001 -2.8913567e+001 -3.0069645e+001 -2.9305794e+001
  1.3266667e+000 -2.9961536e+001 -2.9879866e+001 -2.8927273e+001 -3.0061428e+001 -2.9301054e+001
  1.3333333e+000 -2.9956451e+001 -2.9869295e+001 -2.8928907e+001 -3.0051098e+001 -2.9317255e+001
  1.3400000e+000 -2.9961124e+001 -2.9818066e+001 -2.8908537e+001 -3.0049862e+001 -2.9309776e+001
  1.3466667e+000 -3.0032585e+001 -2.9789928e+001 -2.8912731e+001 -3.0071295e+001 -2.9313976e+001
  1.3533333e+000 -3.0049767e+001 -2.9781479e+001 -2.8921455e+001 -3.0097025e+001 -2.9319609e+001
  1.3600000e+000 -3.0023436e+001 -2.9800755e+001 -2.8918127e+001 -3.0120844e+001 -2.9363886e+001
  1.3666667e+000 -3.0027967e+001 -2.9808804e+001 -2.8875029e+001 -3.0140345e+001 -2.9368694e+001
  1.3733333e+000 -3.0084166e+001 -2.9815332e+001 -2.8849773e+001 -3.0148930e+001 -2.9345894e+001
  1.3800000e+000 -3.0090460e+001 -2.9799765e+001 -2.8862354e+001 -3.0126951e+001 -2.9319859e+001
  1.3866667e+000 -3.0102236e+001 -2.9797598e+001 -2.8878862e+001 -3.0039991e+001 -2.9310934e+001
  1.3933333e+000 -3.0115297e+001 -2.9803368e+001 -2.8862984e+001 -3.0029139e+001 -2.9318523e+001
  1.4000000e+000 -3.0126093e+001 -2.9801079e+001 -2.8826441e+001 -3.0053926e+001 -2.9328686e+001
  1.4066667e+000 -3.0190441e+001 -2.9749073e+001 -2.8819178e+001 -3.0045240e+001 -2.9344030e+001
  1.4133333e+000 -3.0205618e+001 -2.9709183e+001 -2.8835529e+001 -3.0078770e+001 -2.9324568e+001
  1.4200000e+000 -3.0167364e+001 -2.9733528e+001 -2.8821175e+001 -3.0089115e+001 -2.9303185e+001
  1.4266667e+000 -3.0158754e+001 -2.9723297e+001 -2.8814882e+001 -3.0118216e+001 -2.9287243e+001
  1.4333333e+000 -3.0199440e+001 -2.9734221e+001 -2.8815565e+001 -3.0137381e+001 -2.9248175e+001
  1.4400000e+000 -3.0188808e+001 -2.9719543e+001 -2.8817181e+001 -3.0119478e+001 -2.9227295e+001
  1.4466667e+000 -3.0186298e+001 -2.9677818e+001 -2.8817678e+001 -3.0138487e+001 -2.9238419e+001
  1.4533333e+000 -3.0206543e+001 -2.9664923e+001 -2.8789808e+001 -3.0197165e+001 -2.9216999e+001
  1.4600000e+000 -3.0209991e+001 -2.9619328e+001 -2.8785522e+001 -3.0246288e+001 -2.9189999e+001
  1.4666667e+000 -3.0229471e+001 -2.9609966e+001 -2.8815777e+001 -3.0266405e+001 -2.9123661e+001
  1.4733333e+000 -3.0223259e+001 -2.9640924e+001 -2.8821398e+001 -3.0245438e+001 -2.9092682e+001
  1.4800000e+000 -3.0223038e+001 -2.9604534e+001 -2.8818604e+001 -3.0260614e+001 -2.9056780e+001
  1.4866667e+000 -3.0218449e+001 -2.9591112e+001 -2.8824453e+001 -3.0295137e+001 -2.9030432e+001
  1.4933333e+000 -3.0198723e+001 -2.9611612e+001 -2.8806210e+001 -3.0327513e+001 -2.9047121e+001
  1.5000000e+000 -3.0192923e+001 -2.9604069e+001 -2.8814590e+001 -3.0302582e+001 -2.9009989e+001
  1.5066667e+000 -3.0231340e+001 -2.9585136e+001 -2.8811363e+001 -3.0249416e+001 -2.8983761e+001
  1.5133333e+000 -3.0221668e+001 -2.9546904e+001 -2.8795135e+001 -3.0306789e+001 -2.8943579e+001
  1.5200000e+000 -3.0177370e+001 -2.9550694e+001 -2.8775858e+001 -3.0337782e+001 -2.8936411e+001
  1.5266667e+000 -3.0174259e+001 -2.9524107e+001 -2.8784422e+001 -3.0324039e+001 -2.8939751e+001
  1.5333333e+000 -3.0183517e+001 -2.9500486e+001 -2.8795727e+001 -3.0321888e+001 -2.8937595e+001
  1.5400000e+000 -3.0184956e+001 -2.9498236e+001 -2.8739346e+001 -3.0318937e+001 -2.8931541e+001
  1.5466667e+000 -3.0194559e+001 -2.9497225e+001 -2.8722158e+001 -3.0320234e+001 -2.8914278e+001
  1.5533333e+000 -3.0183914e+001 -2.9507050e+001 -2.8742243e+001 -3.0337622e+001 -2.8879713e+001
  1.5600000e+000 -3.0145874e+001 -2.9474575e+001 -2.8746357e+001 -3.0322151e+001 -2.8889637e+001
  1.5666667e+000 -3.0134077e+001 -2.9426682e+001 -2.8707333e+001 -3.0306488e+001 -2.8875772e+001
  1.5733333e+000 -3.0158899e+001 -2.9400290e+001 -2.8668308e+001 -3.0329851e+001 -2.8849337e+001
  1.5800000e+000 -3.0121685e+001 -2.9390051e+001 -2.8635641e+001 -3.0302288e+001 -2.8866354e+001
  1.5866667e+000 -3.0069580e+001 -2.9372211e+001 -2.8622328e+001 -3.0277706e+001 -2.8870605e+001
  1.5933333e+000 -3.0100063e+001 -2.9395447e+001 -2.8643373e+001 -3.0315649e+001 -2.8879959e+001
  1.6000000e+000 -3.0083012e+001 -2.9392340e+001 -2.8634586e+001 -3.0349850e+001 -2.8857540e+001
  1.6066667e+000 -3.0055910e+001 -2.9333193e+001 -2.8613886e+001 -3.0351578e+001 -2.8813154e+001
  1.6133333e+000 -3.0030149e+001 -2.9309397e+001 -2.8588123e+001 -3.0318878e+001 -2.8778849e+001
  1.6200000e+000 -2.9988041e+001 -2.9294081e+001 -2.8600864e+001 -3.0328804e+001 -2.8746176e+001
  1.6266667e+000 -2.9957090e+001 -2.9281422e+001 -2.8607773e+001 -3.0362028e+001 -2.8748953e+001
  1.6333333e+000 -2.9924875e+001 -2.9309664e+001 -2.8564163e+001 -3.0385767e+001 -2.8751268e+001
  1.6400000e+000 -2.9877901e+001 -2.9294771e+001 -2.8548868e+001 -3.0370016e+001 -2.8718616e+001
  1.6466667e+000 -2.9848740e+001 -2.9272911e+001 -2.8534317e+001 -3.0353254e+001 -2.8727715e+001
  1.6533333e+000 -2.9819155e+001 -2.9240265e+001 -2.8536798e+001 -3.0334150e+001 -2.8722578e+001
  1.6600000e+000 -2.9777163e+001 -2.9214758e+001 -2.8550869e+001 -3.0379076e+001 -2.8697456e+001
  1.6666667e+000 -2.9741991e+001 -2.9193718e+001 -2.8508993e+001 -3.0385870e+001 -2.8680504e+001
  1.6733333e+000 -2.9704571e+001 -2.9190659e+001 -2.8504789e+001 -3.0353987e+001 -2.8643856e+001
  1.6800000e+000 -2.9677626e+001 -2.9204967e+001 -2.8503168e+001 -3.0330385e+001 -2.8654060e+001
  1.6866667e+000 -2.9636160e+001 -2.9196877e+001 -2.8476330e+001 -3.0356049e+001 -2.8644762e+001
  1.6933333e+000 -2.9615246e+001 -2.9174099e+001 -2.8478903e+001 -3.0367290e+001 -2.8617352e+001
  1.7000000e+000 -2.9589415e+001 -2.9128292e+001 -2.8490423e+001 -3.0366949e+001 -2.8613619e+001
  1.7066667e+000 -2.9549988e+001 -2.9093540e+001 -2.8503366e+001 -3.0351538e+001 -2.8579618e+001
  1.7133333e+000 -2.9553392e+001 -2.9034960e+001 -2.8524521e+001 -3.0373466e+001 -2.8544537e+001
  1.7200000e+000 -2.9511492e+001 -2.8981510e+001 -2.8502333e+001 -3.0396711e+001 -2.8562418e+001
  1.7266667e+000 -2.9466158e+001 -2.8987869e+001 -2.8496019e+001 -3.0424917e+001 -2.8557219e+001
  1.7333333e+000 -2.9487700e+001 -2.8964108e+001 -2.8494637e+001 -3.0388775e+001 -2.8525623e+001
  1.7400000e+000 -2.9439512e+001 -2.8938457e+001 -2.8476768e+001 -3.0413279e+001 -2.8522694e+001
  1.7466667e+000 -2.9373568e+001 -2.8941427e+001 -2.8497055e+001 -3.0489689e+001 -2.8509001e+001
  1.7533333e+000 -2.9351000e+001 -2.8940557e+001 -2.8501789e+001 -3.0483418e+001 -2.8530542e+001
  1.7600000e+000 -2.9331909e+001 -2.8914612e+001 -2.8484985e+001 -3.0492786e+001 -2.8504013e+001
  1.7666667e+000 -2.9323204e+001 -2.8879824e+001 -2.8482002e+001 -3.0456535e+001 -2.8456741e+001
  1.7733333e+000 -2.9319683e+001 -2.8821354e+001 -2.8489668e+001 -3.0505947e+001 -2.8431702e+001
  1.7800000e+000 -2.9301685e+001 -2.8800510e+001 -2.8466988e+001 -3.0544950e+001 -2.8411770e+001
  1.7866667e+000 -2.9247976e+001 -2.8769276e+001 -2.8434303e+001 -3.0517326e+001 -2.8402782e+001
  1.7933333e+000 -2.9216602e+001 -2.8739315e+001 -2.8396578e+001 -3.0546352e+001 -2.8434040e+001
  1.8000000e+000 -2.9226042e+001 -2.8713247e+001 -2.8388557e+001 -3.0571264e+001 -2.8416121e+001
  1.8066667e+000 -2.9242464e+001 -2.8684477e+001 -2.8401440e+001 -3.0572784e+001 -2.8384714e+001
  1.8133333e+000 -2.9222647e+001 -2.8676140e+001 -2.8403997e+001 -3.0605494e+001 -2.8366486e+001
  1.8200000e+000 -2.9191710e+001 -2.8689709e+001 -2.8389437e+001 -3.0634296e+001 -2.8355247e+001
  1.8266667e+000 -2.9156391e+001 -2.8680988e+001 -2.8380371e+001 -3.0667566e+001 -2.8378885e+001
  1.8333333e+000 -2.9147116e+001 -2.8653969e+001 -2.8415354e+001 -3.0651485e+001 -2.8395290e+001
  1.8400000e+000 -2.9154953e+001 -2.8635744e+001 -2.8421242e+001 -3.0621302e+001 -2.8384077e+001
  1.8466667e+000 -2.9102480e+001 -2.8615124e+001 -2.8393705e+001 -3.0653585e+001 -2.8359743e+001
  1.8533333e+000 -2.9078888e+001 -2.8599909e+001 -2.8357388e+001 -3.0678047e+001 -2.8329056e+001
  1.8600000e+000 -2.9094418e+001 -2.8589001e+001 -2.8346825e+001 -3.0705235e+001 -2.8308876e+001
  1.8666667e+000 -2.9082180e+001 -2.8549149e+001 -2.8381132e+001 -3.0732706e+001 -2.8332939e+001
  1.8733333e+000 -2.9089561e+001 -2.8523428e+001 -2.8391327e+001 -3.0729483e+001 -2.8327950e+001
  1.8800000e+000 -2.9051159e+001 -2.8551971e+001 -2.8375793e+001 -3.0690744e+001 -2.8334126e+001
  1.8866667e+000 -2.9049038e+001 -2.8544937e+001 -2.8377657e+001 -3.0729029e+001 -2.8338057e+001
  1.8933333e+000 -2.9065844e+001 -2.8510675e+001 -2.8381380e+001 -3.0770046e+001 -2.8316702e+001
  1.9000000e+000 -2.9060318e+001 -2.8518993e+001 -2.8355022e+001 -3.0740206e+001 -2.8314777e+001
  1.9066667e+000 -2.9046879e+001 -2.8533302e+001 -2.8303387e+001 -3.0721468e+001 -2.8282787e+001
  1.9133333e+000 -2.8996698e+001 -2.8490381e+001 -2.8281183e+001 -3.0735842e+001 -2.8270674e+001
  1.9200000e+000 -2.8976702e+001 -2.8456041e+001 -2.8294985e+001 -3.0740068e+001 -2.8298904e+001
  1.9266667e+000 -2.8918550e+001 -2.8461699e+001 -2.8269770e+001 -3.0734688e+001 -2.8275679e+001
  1.9333333e+000 -2.8879267e+001 -2.8436367e+001 -2.8252502e+001 -3.0718445e+001 -2.8245583e+001
  1.9400000e+000 -2.8872030e+001 -2.8409426e+001 -2.8260752e+001 -3.0741039e+001 -2.8249798e+001
  1.9466667e+000 -2.8851006e+001 -2.8383593e+001 -2.8284822e+001 -3.0712536e+001 -2.8249119e+001
  1.9533333e+000 -2.8817993e+001 -2.8366875e+001 -2.8270157e+001 -3.0673645e+001 -2.8218452e+001
  1.9600000e+000 -2.8756134e+001 -2.8330883e+001 -2.8229473e+001 -3.0687904e+001 -2.8207195e+001
  1.9666667e+000 -2.8707142e+001 -2.8315659e+001 -2.8225473e+001 -3.0711700e+001 -2.8204918e+001
  1.9733333e+000 -2.8704960e+001 -2.8300406e+001 -2.8224390e+001 -3.0715143e+001 -2.8194740e+001
  1.9800000e+000 -2.8725645e+001 -2.8299547e+001 -2.8216022e+001 -3.0710890e+001 -2.8185045e+001
  1.9866667e+000 -2.8681915e+001 -2.8309093e+001 -2.8205439e+001 -3.0782665e+001 -2.8150784e+001
  1.9933333e+000 -2.8621536e+001 -2.8336363e+001 -2.8186726e+001 -3.0771860e+001 -2.8129244e+001
  2.0000000e+000 -2.8615297e+001 -2.8292305e+001 -2.8194969e+001 -3.0748077e+001 -2.8126350e+001
