 -5.0000000e-001  2.4737431e+001  2.0460997e+001  2.1185144e+001  2.4839628e+001  2.4719015e+001  2.2271265e+001  2.2819178e+001  2.4789318e+001
 -4.9333333e-001  2.4733454e+001  2.0454386e+001  2.1223824e+001  2.4836340e+001  2.4697008e+001  2.2273666e+001  2.2817270e+001  2.4773438e+001
 -4.8666667e-001  2.4728510e+001  2.0420095e+001  2.1238140e+001  2.4853800e+001  2.4713324e+001  2.2258238e+001  2.2807085e+001  2.4767422e+001
 -4.8000000e-001  2.4735188e+001  2.0425272e+001  2.1246033e+001  2.4866602e+001  2.4693867e+001  2.2245073e+001  2.2804365e+001  2.4773174e+001
 -4.7333333e-001  2.4743336e+001  2.0464727e+001  2.1211229e+001  2.4862368e+001  2.4684624e+001  2.2275146e+001  2.2806915e+001  2.4780727e+001
 -4.6666667e-001  2.4734291e+001  2.0507814e+001  2.1210192e+001  2.4852964e+001  2.4679176e+001  2.2253920e+001  2.2795338e+001  2.4774340e+001
 -4.6000000e-001  2.4741781e+001  2.0514118e+001  2.1195330e+001  2.4861362e+001  2.4674559e+001  2.2254555e+001  2.2788418e+001  2.4784599e+001
 -4.5333333e-001  2.4753765e+001  2.0464485e+001  2.1225931e+001  2.4860186e+001  2.4664644e+001  2.2281494e+001  2.2805021e+001  2.4791103e+001
 -4.4666667e-001  2.4750872e+001  2.0485134e+001  2.1232868e+001  2.4855843e+001  2.4658575e+001  2.2282736e+001  2.2807104e+001  2.4777586e+001
 -4.4000000e-001  2.4730448e+001  2.0464296e+001  2.1193342e+001  2.4846565e+001  2.4665394e+001  2.2276588e+001  2.2799652e+001  2.4780214e+001
 -4.3333333e-001  2.4745934e+001  2.0447796e+001  2.1199438e+001  2.4841524e+001  2.4673018e+001  2.2281307e+001  2.2793453e+001  2.4790083e+001
 -4.2666667e-001  2.4743519e+001  2.0484791e+001  2.1196529e+001  2.4826410e+001  2.4676176e+001  2.2264090e+001  2.2779270e+001  2.4778421e+001
 -4.2000000e-001  2.4738787e+001  2.0517050e+001  2.1208731e+001  2.4819832e+001  2.4687769e+001  2.2249617e+001  2.2792822e+001  2.4762053e+001
 -4.1333333e-001  2.4743025e+001  2.0529690e+001  2.1218266e+001  2.4800798e+001  2.4704384e+001  2.2257832e+001  2.2798122e+001  2.4767900e+001
 -4.0666667e-001  2.4733803e+001  2.0521318e+001  2.1189991e+001  2.4773520e+001  2.4727766e+001  2.2273403e+001  2.2786673e+001  2.4761915e+001
 -4.0000000e-001  2.4709545e+001  2.0521202e+001  2.1170416e+001  2.4757450e+001  2.4728241e+001  2.2280552e+001  2.2771873e+001  2.4762465e+001
 -3.9333333e-001  2.4707621e+001  2.0501442e+001  2.1177839e+001  2.4754061e+001  2.4729414e+001  2.2287048e+001  2.2764040e+001  2.4772692e+001
 -3.8666667e-001  2.4712919e+001  2.0491600e+001  2.1157297e+001  2.4733610e+001  2.4722042e+001  2.2282045e+001  2.2767704e+001  2.4776632e+001
 -3.8000000e-001  2.4689730e+001  2.0485806e+001  2.1119583e+001  2.4714382e+001  2.4744734e+001  2.2271975e+001  2.2750313e+001  2.4771830e+001
 -3.7333333e-001  2.4674238e+001  2.0468754e+001  2.1126659e+001  2.4688482e+001  2.4768164e+001  2.2248220e+001  2.2732307e+001  2.4786278e+001
 -3.6666667e-001  2.4671785e+001  2.0510551e+001  2.1133692e+001  2.4674570e+001  2.4771437e+001  2.2255018e+001  2.2718348e+001  2.4782576e+001
 -3.6000000e-001  2.4659262e+001  2.0519501e+001  2.1126314e+001  2.4649290e+001  2.4776381e+001  2.2261976e+001  2.2707914e+001  2.4802824e+001
 -3.5333333e-001  2.4660538e+001  2.0547552e+001  2.1124088e+001  2.4619438e+001  2.4793346e+001  2.2242580e+001  2.2689960e+001  2.4809942e+001
 -3.4666667e-001  2.4638216e+001  2.0542034e+001  2.1117048e+001  2.4597719e+001  2.4791309e+001  2.2227238e+001  2.2675140e+001  2.4815287e+001
 -3.4000000e-001  2.4624054e+001  2.0511442e+001  2.1130991e+001  2.4575745e+001  2.4783791e+001  2.2232492e+001  2.2654886e+001  2.4822987e+001
 -3.3333333e-001  2.4627100e+001  2.0534433e+001  2.1160038e+001  2.4559258e+001  2.4790495e+001  2.2231745e+001  2.2655941e+001  2.4831675e+001
 -3.2666667e-001  2.4636864e+001  2.0523836e+001  2.1113371e+001  2.4542883e+001  2.4780951e+001  2.2219093e+001  2.2666382e+001  2.4829933e+001
 -3.2000000e-001  2.4637249e+001  2.0530207e+001  2.1091240e+001  2.4530586e+001  2.4798861e+001  2.2212025e+001  2.2646656e+001  2.4817966e+001
 -3.1333333e-001  2.4637102e+001  2.0532013e+001  2.1080736e+001  2.4526051e+001  2.4805655e+001  2.2206816e+001  2.2630180e+001  2.4831398e+001
 -3.0666667e-001  2.4625830e+001  2.0499905e+001  2.1146910e+001  2.4514284e+001  2.4811157e+001  2.2211430e+001  2.2626743e+001  2.4851706e+001
 -3.0000000e-001  2.4629278e+001  2.0518204e+001  2.1184687e+001  2.4509663e+001  2.4821159e+001  2.2212307e+001  2.2635637e+001  2.4851383e+001
 -2.9333333e-001  2.4629156e+001  2.0521252e+001  2.1148125e+001  2.4480679e+001  2.4830389e+001  2.2217764e+001  2.2620222e+001  2.4842651e+001
 -2.8666667e-001  2.4638235e+001  2.0512661e+001  2.1146624e+001  2.4457710e+001  2.4842436e+001  2.2201811e+001  2.2627958e+001  2.4848764e+001
 -2.8000000e-001  2.4641644e+001  2.0511738e+001  2.1142754e+001  2.4451809e+001  2.4845053e+001  2.2187553e+001  2.2629131e+001  2.4834919e+001
 -2.7333333e-001  2.4657520e+001  2.0515192e+001  2.1159481e+001  2.4436394e+001  2.4845425e+001  2.2201405e+001  2.2617136e+001  2.4842287e+001
 -2.6666667e-001  2.4675610e+001  2.0475048e+001  2.1191328e+001  2.4413973e+001  2.4853411e+001  2.2189375e+001  2.2616713e+001  2.4836641e+001
 -2.6000000e-001  2.4680094e+001  2.0454216e+001  2.1208063e+001  2.4408693e+001  2.4848015e+001  2.2156546e+001  2.2615755e+001  2.4824581e+001
 -2.5333333e-001  2.4677732e+001  2.0490177e+001  2.1167570e+001  2.4401278e+001  2.4852150e+001  2.2165813e+001  2.2599674e+001  2.4844357e+001
 -2.4666667e-001  2.4670135e+001  2.0444450e+001  2.1128241e+001  2.4391403e+001  2.4867498e+001  2.2141779e+001  2.2592546e+001  2.4831871e+001
 -2.4000000e-001  2.4653168e+001  2.0450607e+001  2.1146046e+001  2.4379894e+001  2.4870148e+001  2.2108604e+001  2.2580160e+001  2.4820726e+001
 -2.3333333e-001  2.4676819e+001  2.0468523e+001  2.1175507e+001  2.4352495e+001  2.4849724e+001  2.2093805e+001  2.2584042e+001  2.4835293e+001
 -2.2666667e-001  2.4683472e+001  2.0448761e+001  2.1203106e+001  2.4353209e+001  2.4850464e+001  2.2080935e+001  2.2589903e+001  2.4828661e+001
 -2.2000000e-001  2.4679470e+001  2.0451693e+001  2.1203600e+001  2.4343012e+001  2.4853756e+001  2.2053007e+001  2.2572124e+001  2.4815672e+001
 -2.1333333e-001  2.4689474e+001  2.0483391e+001  2.1164322e+001  2.4321068e+001  2.4843966e+001  2.2023766e+001  2.2578503e+001  2.4818411e+001
 -2.0666667e-001  2.4695631e+001  2.0447468e+001  2.1175558e+001  2.4330454e+001  2.4852898e+001  2.2005133e+001  2.2589262e+001  2.4823557e+001
 -2.0000000e-001  2.4697466e+001  2.0486956e+001  2.1142666e+001  2.4330704e+001  2.4858418e+001  2.1984241e+001  2.2577026e+001  2.4812225e+001
 -1.9333333e-001  2.4704706e+001  2.0476950e+001  2.1183023e+001  2.4334597e+001  2.4850651e+001  2.1966564e+001  2.2560692e+001  2.4819571e+001
 -1.8666667e-001  2.4699068e+001  2.0468067e+001  2.1148985e+001  2.4323626e+001  2.4837465e+001  2.1961260e+001  2.2573189e+001  2.4836489e+001
 -1.8000000e-001  2.4718668e+001  2.0454988e+001  2.1133793e+001  2.4318298e+001  2.4837465e+001  2.1935314e+001  2.2582886e+001  2.4825531e+001
 -1.7333333e-001  2.4719868e+001  2.0443537e+001  2.1148159e+001  2.4311956e+001  2.4830227e+001  2.1917229e+001  2.2586201e+001  2.4816238e+001
 -1.6666667e-001  2.4739077e+001  2.0466936e+001  2.1157366e+001  2.4321957e+001  2.4817852e+001  2.1907867e+001  2.2601646e+001  2.4807186e+001
 -1.6000000e-001  2.4728678e+001  2.0499466e+001  2.1165276e+001  2.4307417e+001  2.4819532e+001  2.1899136e+001  2.2591187e+001  2.4805597e+001
 -1.5333333e-001  2.4721670e+001  2.0468933e+001  2.1179720e+001  2.4328156e+001  2.4790762e+001  2.1886786e+001  2.2594604e+001  2.4804331e+001
 -1.4666667e-001  2.4741631e+001  2.0464983e+001  2.1171535e+001  2.4323141e+001  2.4757744e+001  2.1874458e+001  2.2593027e+001  2.4822769e+001
 -1.4000000e-001  2.4744398e+001  2.0511543e+001  2.1190722e+001  2.4298628e+001  2.4759899e+001  2.1872061e+001  2.2611301e+001  2.4830576e+001
 -1.3333333e-001  2.4743784e+001  2.0513371e+001  2.1161175e+001  2.4304350e+001  2.4746668e+001  2.1873192e+001  2.2603479e+001  2.4822714e+001
 -1.2666667e-001  2.4745625e+001  2.0498791e+001  2.1161432e+001  2.4316357e+001  2.4729977e+001  2.1880684e+001  2.2607014e+001  2.4820820e+001
 -1.2000000e-001  2.4718506e+001  2.0526152e+001  2.1159632e+001  2.4311043e+001  2.4704483e+001  2.1880695e+001  2.2610273e+001  2.4805008e+001
 -1.1333333e-001  2.4712263e+001  2.0536751e+001  2.1223532e+001  2.4293413e+001  2.4687363e+001  2.1878149e+001  2.2598745e+001  2.4795958e+001
 -1.0666667e-001  2.4715294e+001  2.0570503e+001  2.1247847e+001  2.4288914e+001  2.4678333e+001  2.1881815e+001  2.2609661e+001  2.4810551e+001
 -1.0000000e-001  2.4706905e+001  2.0522625e+001  2.1217457e+001  2.4300323e+001  2.4665358e+001  2.1878262e+001  2.2630291e+001  2.4809557e+001
 -9.3333333e-002  2.4717758e+001  2.0504709e+001  2.1192991e+001  2.4304825e+001  2.4644070e+001  2.1876709e+001  2.2622358e+001  2.4809685e+001
 -8.6666667e-002  2.4708651e+001  2.0514803e+001  2.1232283e+001  2.4295115e+001  2.4635265e+001  2.1878424e+001  2.2632360e+001  2.4773563e+001
 -8.0000000e-002  2.4702404e+001  2.0540403e+001  2.1244411e+001  2.4295624e+001  2.4620934e+001  2.1881523e+001  2.2636898e+001  2.4761438e+001
 -7.3333333e-002  2.4688343e+001  2.0531551e+001  2.1254396e+001  2.4288294e+001  2.4622849e+001  2.1867142e+001  2.2630955e+001  2.4757290e+001
 -6.6666667e-002  2.4673134e+001  2.0542183e+001  2.1224060e+001  2.4286388e+001  2.4642504e+001  2.1871820e+001  2.2622719e+001  2.4767988e+001
 -6.0000000e-002  2.4670139e+001  2.0539419e+001  2.1236448e+001  2.4278225e+001  2.4636639e+001  2.1881638e+001  2.2605837e+001  2.4762131e+001
 -5.3333333e-002  2.4667377e+001  2.0496443e+001  2.1212917e+001  2.4289860e+001  2.4611359e+001  2.1883158e+001  2.2587128e+001  2.4744041e+001
 -4.6666667e-002  2.4667225e+001  2.0510973e+001  2.1215994e+001  2.4296751e+001  2.4602865e+001  2.1904835e+001  2.2600075e+001  2.4743050e+001
 -4.0000000e-002  2.4682693e+001  2.0548714e+001  2.1177906e+001  2.4285408e+001  2.4604542e+001  2.1909706e+001  2.2595179e+001  2.4737942e+001
 -3.3333333e-002  2.4688925e+001  2.0511992e+001  2.1226097e+001  2.4267061e+001  2.4582441e+001  2.1910479e+001  2.2579147e+001  2.4717749e+001
 -2.6666667e-002  2.4676245e+001  2.0536427e+001  2.1248497e+001  2.4275551e+001  2.4573458e+001  2.1908014e+001  2.2577188e+001  2.4722216e+001
 -2.0000000e-002  2.4694750e+001  2.0523155e+001  2.1228567e+001  2.4284601e+001  2.4598417e+001  2.1924578e+001  2.2574621e+001  2.4703711e+001
 -1.3333333e-002  2.4709806e+001  2.0515718e+001  2.1197575e+001  2.4267822e+001  2.4591692e+001  2.1955429e+001  2.2583395e+001  2.4713652e+001
 -6.6666667e-003  2.4711319e+001  2.0507622e+001  2.1213196e+001  2.4270298e+001  2.4594719e+001  2.1947514e+001  2.2569605e+001  2.4716848e+001
  0.0000000e+000  2.4719233e+001  2.0484779e+001  2.1184488e+001  2.4254599e+001  2.4592844e+001  2.1940397e+001  2.2589067e+001  2.4718191e+001
  6.6666667e-003  2.4726492e+001  2.0497591e+001  2.1145401e+001  2.4251432e+001  2.4590527e+001  2.1941284e+001  2.2597643e+001  2.4708437e+001
  1.3333333e-002  2.4742537e+001  2.0483204e+001  2.1179670e+001  2.4248028e+001  2.4582756e+001  2.1946169e+001  2.2581602e+001  2.4717175e+001
  2.0000000e-002  2.4751865e+001  2.0475344e+001  2.1167669e+001  2.4233046e+001  2.4579195e+001  2.1947254e+001  2.2583633e+001  2.4711174e+001
  2.6666667e-002  2.4751242e+001  2.0492176e+001  2.1180082e+001  2.4222383e+001  2.4597750e+001  2.1935482e+001  2.2588636e+001  2.4705135e+001
  3.3333333e-002  2.4721098e+001  2.0514679e+001  2.1154367e+001  2.4218992e+001  2.4592529e+001  2.1924053e+001  2.2579361e+001  2.4695183e+001
  4.0000000e-002  2.4714033e+001  2.0467203e+001  2.1099705e+001  2.4195951e+001  2.4590656e+001  2.1931709e+001  2.2579433e+001  2.4686386e+001
  4.6666667e-002  2.4728264e+001  2.0461468e+001  2.1098227e+001  2.4175821e+001  2.4580885e+001  2.1923983e+001  2.2581709e+001  2.4671158e+001
  5.3333333e-002  2.4708624e+001  2.0445002e+001  2.1120560e+001  2.4149622e+001  2.4573492e+001  2.1906855e+001  2.2561678e+001  2.4657866e+001
  6.0000000e-002  2.4703239e+001  2.0427534e+001  2.1089567e+001  2.4134647e+001  2.4601610e+001  2.1899031e+001  2.2557110e+001  2.4654882e+001
  6.6666667e-002  2.4705124e+001  2.0445480e+001  2.1029758e+001  2.4102751e+001  2.4598301e+001  2.1879940e+001  2.2568253e+001  2.4650351e+001
  7.3333333e-002  2.4677776e+001  2.0442369e+001  2.1048903e+001  2.4063263e+001  2.4589977e+001  2.1875309e+001  2.2552315e+001  2.4657244e+001
  8.0000000e-002  2.4684053e+001  2.0396791e+001  2.1006878e+001  2.4055393e+001  2.4592964e+001  2.1865929e+001  2.2511398e+001  2.4631498e+001
  8.6666667e-002  2.4681917e+001  2.0415314e+001  2.1011120e+001  2.4029930e+001  2.4586994e+001  2.1846167e+001  2.2524275e+001  2.4625753e+001
  9.3333333e-002  2.4680031e+001  2.0464264e+001  2.0993923e+001  2.3998777e+001  2.4579950e+001  2.1810497e+001  2.2512421e+001  2.4620331e+001
  1.0000000e-001  2.4683388e+001  2.0471882e+001  2.0963230e+001  2.3987196e+001  2.4589516e+001  2.1766823e+001  2.2507998e+001  2.4619673e+001
  1.0666667e-001  2.4676710e+001  2.0451492e+001  2.0978271e+001  2.3952528e+001  2.4593824e+001  2.1725899e+001  2.2486248e+001  2.4622303e+001
  1.1333333e-001  2.4674911e+001  2.0439011e+001  2.0897366e+001  2.3952719e+001  2.4598593e+001  2.1728725e+001  2.2442507e+001  2.4644022e+001
  1.2000000e-001  2.4632465e+001  2.0451920e+001  2.0858120e+001  2.3960999e+001  2.4557344e+001  2.1748772e+001  2.2389057e+001  2.4668608e+001
  1.2666667e-001  2.4557907e+001  2.0414272e+001  2.1581444e+001  2.4045599e+001  2.4495024e+001  2.1755257e+001  2.2343351e+001  2.4680895e+001
  1.3333333e-001  2.4400782e+001  2.0288689e+001  2.1432344e+001  2.4031666e+001  2.4458452e+001  2.1741528e+001  2.2244602e+001  2.4678713e+001
  1.4000000e-001  2.4241041e+001  2.0177944e+001  2.1329100e+001  2.3993635e+001  2.4447405e+001  2.1662983e+001  2.2112352e+001  2.4656780e+001
  1.4666667e-001  2.4110010e+001  2.0072556e+001  2.1250694e+001  2.3906288e+001  2.4444073e+001  2.1533516e+001  2.2024424e+001  2.4603418e+001
  1.5333333e-001  2.4002262e+001  1.9993439e+001  2.1224802e+001  2.3755510e+001  2.4379112e+001  2.1351254e+001  2.1984760e+001  2.4509869e+001
  1.6000000e-001  2.3893682e+001  1.9928505e+001  2.1204634e+001  2.3473114e+001  2.4265629e+001  2.1124334e+001  2.1974874e+001  2.4405157e+001
  1.6666667e-001  2.3724983e+001  1.9839718e+001  2.1151323e+001  2.3247726e+001  2.4050232e+001  2.0815393e+001  2.1910355e+001  2.4286655e+001
  1.7333333e-001  2.3468519e+001  1.9721970e+001  2.1061525e+001  2.3017916e+001  2.3682112e+001  2.0438887e+001  2.1772326e+001  2.4169098e+001
  1.8000000e-001  2.3121119e+001  1.9522038e+001  2.0902676e+001  2.2745340e+001  2.3180496e+001  1.9969841e+001  2.1543203e+001  2.4035175e+001
  1.8666667e-001  2.2695097e+001  1.9344227e+001  2.0654049e+001  2.2406271e+001  2.2549614e+001  1.9478779e+001  2.1268414e+001  2.3853960e+001
  1.9333333e-001  2.2255405e+001  1.9147240e+001  2.0394201e+001  2.2039883e+001  2.1852802e+001  1.9036539e+001  2.0931406e+001  2.3607140e+001
  2.0000000e-001  2.1789955e+001  1.8967165e+001  1.9995422e+001  2.1731421e+001  2.1109148e+001  1.8632500e+001  2.0510477e+001  2.3345360e+001
  2.0666667e-001  2.1283728e+001  1.8735855e+001  1.9497820e+001  2.1535006e+001  2.0337484e+001  1.8283825e+001  1.9974003e+001  2.3072220e+001
  2.1333333e-001  2.0729328e+001  1.8457270e+001  1.9088564e+001  2.1371937e+001  1.9663755e+001  1.8006762e+001  1.9451651e+001  2.2702999e+001
  2.2000000e-001  2.0145216e+001  1.8148079e+001  1.7939947e+001  2.1148726e+001  1.9054663e+001  1.7756830e+001  1.8947472e+001  2.2248514e+001
  2.2666667e-001  1.9586691e+001  1.7893175e+001  1.7599237e+001  2.0859558e+001  1.8478205e+001  1.7564125e+001  1.8466673e+001  2.1721159e+001
  2.3333333e-001  1.9060091e+001  1.7682211e+001  1.7308233e+001  2.0534742e+001  1.7952229e+001  1.7336720e+001  1.8028597e+001  2.1177610e+001
  2.4000000e-001  1.8592722e+001  1.7462751e+001  1.7120672e+001  2.0207638e+001  1.7421120e+001  1.7082468e+001  1.7621010e+001  2.0583164e+001
  2.4666667e-001  1.8221685e+001  1.7337250e+001  1.7002783e+001  1.9864016e+001  1.6915312e+001  1.6824360e+001  1.7195351e+001  2.0014673e+001
  2.5333333e-001  1.7919350e+001  1.7252567e+001  1.6959351e+001  1.9531439e+001  1.6380344e+001  1.6532970e+001  1.6668186e+001  1.9521076e+001
  2.6000000e-001  1.7577005e+001  1.7166512e+001  1.6886959e+001  1.9180605e+001  1.5831488e+001  1.6199448e+001  1.6087805e+001  1.9036364e+001
  2.6666667e-001  1.7234669e+001  1.7043917e+001  1.6819502e+001  1.8842009e+001  1.5235101e+001  1.5740207e+001  1.5490384e+001  1.8562468e+001
  2.7333333e-001  1.6782864e+001  1.6929079e+001  1.6758270e+001  1.8520742e+001  1.4590737e+001  1.5145990e+001  1.4735525e+001  1.8070795e+001
  2.8000000e-001  1.6214231e+001  1.6848640e+001  1.6685062e+001  1.8186514e+001  1.3863024e+001  1.4496928e+001  1.3844951e+001  1.7491423e+001
  2.8666667e-001  1.5557321e+001  1.6721912e+001  1.6559147e+001  1.7791531e+001  1.3134566e+001  1.3790279e+001  1.2816059e+001  1.6824947e+001
  2.9333333e-001  1.4812895e+001  1.6415682e+001  1.6330244e+001  1.7329847e+001  1.2356172e+001  1.3019874e+001  1.1558983e+001  1.6050478e+001
  3.0000000e-001  1.4012339e+001  1.6073175e+001  1.6153936e+001  1.6809954e+001  1.1517083e+001  1.2209400e+001  1.0132555e+001  1.5147534e+001
  3.0666667e-001  1.3143397e+001  1.5618318e+001  1.5929108e+001  1.6221647e+001  1.0655557e+001  1.1387512e+001  8.5701900e+000  1.4114918e+001
  3.1333333e-001  1.2259745e+001  1.5041255e+001  1.5652312e+001  1.5569254e+001  9.8124450e+000  1.0628736e+001  6.8293980e+000  1.2925382e+001
  3.2000000e-001  1.1361648e+001  1.4378259e+001  1.5387213e+001  1.4858776e+001  8.8285720e+000  9.9998030e+000  4.9155480e+000  1.1615147e+001
  3.2666667e-001  1.0475729e+001  1.3682439e+001  1.5096224e+001  1.4051394e+001  8.0553210e+000  9.4954250e+000  2.9227140e+000  1.0217669e+001
  3.3333333e-001  9.6120330e+000  1.3022071e+001  1.4869657e+001  1.3201398e+001  7.4241010e+000  9.0854680e+000  9.5002500e-001  8.7282880e+000
  3.4000000e-001  8.8237510e+000  1.2454551e+001  1.4526745e+001  1.2387764e+001  6.9426030e+000  8.7797570e+000 -8.6536200e-001  7.2420470e+000
  3.4666667e-001  8.1482060e+000  1.2696752e+001  1.4214364e+001  1.1575334e+001  6.5474890e+000  8.5782590e+000 -2.5080670e+000  5.7734660e+000
  3.5333333e-001  7.5737300e+000  1.2373236e+001  1.3813344e+001  1.0760150e+001  6.2611780e+000  8.3033060e+000 -3.8565640e+000  4.4095360e+000
  3.6000000e-001  6.2750810e+000  1.2145834e+001  1.3303604e+001  9.9442090e+000  6.0936340e+000  8.2859390e+000 -4.9911750e+000  3.1618750e+000
  3.6666667e-001  5.7808220e+000  1.2046750e+001  1.2798647e+001  9.1480170e+000  5.8902360e+000  8.3071740e+000 -5.8942090e+000  2.0792200e+000
  3.7333333e-001  5.2700850e+000  1.1952256e+001  1.2271585e+001  8.3638110e+000  5.7364030e+000  8.4126640e+000 -6.6510450e+000  1.2210750e+000
  3.8000000e-001  4.6791840e+000  1.1852749e+001  1.1654701e+001  7.6679180e+000  5.5687060e+000  8.5742790e+000 -7.2537080e+000  5.5722500e-001
  3.8666667e-001  4.0996120e+000  1.1762548e+001  1.1086248e+001  6.8834430e+000  5.3190050e+000  8.7809500e+000 -7.7236300e+000  5.6562000e-002
  3.9333333e-001  3.4739260e+000  1.1599849e+001  1.1216126e+001  6.1132060e+000  5.0307000e+000  8.9501180e+000 -8.1312820e+000 -2.9452700e-001
  4.0000000e-001  2.8551080e+000  1.1446851e+001  1.0438730e+001  5.2792990e+000  4.6266500e+000  9.1101270e+000 -8.6059180e+000 -5.2287000e-001
  4.0666667e-001  2.2206010e+000  1.1224768e+001  9.5550780e+000  4.4442390e+000  4.1971790e+000  9.2009040e+000 -9.3250060e+000 -7.1726200e-001
  4.1333333e-001  1.6080790e+000  1.0945860e+001  8.5726450e+000  3.5622210e+000  3.7164610e+000  9.3252280e+000 -1.0220956e+001 -9.4015800e-001
  4.2000000e-001  9.9012500e-001  1.0580354e+001  7.4484540e+000  2.6459690e+000  3.2602570e+000  9.4318180e+000 -1.1135979e+001 -1.2607100e+000
  4.2666667e-001  4.1937700e-001  1.0149923e+001  6.1840020e+000  1.6466510e+000  2.8342510e+000  9.3588700e+000 -1.1916121e+001 -1.6762410e+000
  4.3333333e-001 -2.2704200e-001  9.6930350e+000  4.7036190e+000  4.1972100e-001  2.4200660e+000  9.1110260e+000 -1.2528563e+001 -2.1542620e+000
  4.4000000e-001 -8.2815000e-001  9.2097400e+000  3.0883860e+000 -1.0057990e+000  2.0654780e+000  8.8461350e+000 -1.3082301e+001 -2.6970890e+000
  4.4666667e-001 -1.4407190e+000  8.7281180e+000  1.4591650e+000 -2.6189880e+000  1.7827150e+000  8.5301570e+000 -1.3583421e+001 -3.2856760e+000
  4.5333333e-001 -1.9651260e+000  8.2649320e+000 -2.2663300e-001 -4.3013100e+000  1.4685230e+000  8.3128870e+000 -1.3936625e+001 -3.8469490e+000
  4.6000000e-001 -2.3817820e+000  7.7244660e+000 -1.9081680e+000 -5.9844150e+000  1.2205140e+000  8.2780500e+000 -1.4145364e+001 -4.3548160e+000
  4.6666667e-001 -2.8212050e+000  7.1538610e+000 -3.5592610e+000 -7.6826600e+000  9.6379600e-001  8.2767160e+000 -1.4178335e+001 -4.7643380e+000
  4.7333333e-001 -3.1715400e+000  6.4846880e+000 -5.0775220e+000 -9.3205240e+000  6.5605900e-001  8.1107420e+000 -1.4080832e+001 -5.0952660e+000
  4.8000000e-001 -3.5295440e+000  5.7910390e+000 -6.3726520e+000 -1.0820062e+001  3.5982200e-001  7.8348340e+000 -1.3859123e+001 -5.3716330e+000
  4.8666667e-001 -3.9436440e+000  5.1201530e+000 -7.4557060e+000 -1.2197003e+001  9.0418000e-002  7.5172790e+000 -1.3620697e+001 -5.5502090e+000
  4.9333333e-001 -4.2677220e+000  4.4656400e+000 -8.3615940e+000 -1.3394878e+001 -1.3004500e-001  7.1775810e+000 -1.3268393e+001 -5.6772490e+000
  5.0000000e-001 -4.5234660e+000  3.8335160e+000 -9.8209540e+000 -1.4423915e+001 -2.6977300e-001  6.8574000e+000 -1.2853811e+001 -5.7409540e+000
  5.0666667e-001 -4.6413370e+000  3.2366680e+000 -1.0580264e+001 -1.5271603e+001 -3.4108300e-001  6.6208000e+000 -1.2338059e+001 -5.8280180e+000
  5.1333333e-001 -4.6606610e+000  2.7011650e+000 -1.1144008e+001 -1.5957427e+001 -3.4447100e-001  6.4747070e+000 -1.1774200e+001 -5.9116820e+000
  5.2000000e-001 -4.5682690e+000  2.2662120e+000 -1.1687188e+001 -1.6457687e+001 -2.9776500e-001  6.3151360e+000 -1.1183635e+001 -5.9725360e+000
  5.2666667e-001 -4.4479270e+000  1.9510870e+000 -1.2173681e+001 -1.6730597e+001 -2.0662400e-001  6.2225340e+000 -1.0569600e+001 -6.5618130e+000
  5.3333333e-001 -4.3331200e+000  1.0080640e+000 -1.2567047e+001 -1.6915167e+001 -3.9789000e-002  6.2149210e+000 -9.9122330e+000 -6.5729840e+000
  5.4000000e-001 -4.0777790e+000  8.3213200e-001 -1.2837648e+001 -1.6886318e+001  2.1407200e-001  6.1969670e+000 -9.2309570e+000 -6.6044070e+000
  5.4666667e-001 -3.8220320e+000  6.7989100e-001 -1.2968663e+001 -1.6742682e+001  5.2107700e-001  6.0627620e+000 -8.5233910e+000 -6.4952630e+000
  5.5333333e-001 -3.4805660e+000  6.0982600e-001 -1.2975715e+001 -1.6495337e+001  8.6538100e-001  5.9221820e+000 -7.7826830e+000 -6.4020220e+000
  5.6000000e-001 -3.1181230e+000  5.5170000e-001 -1.2743586e+001 -1.6120045e+001  1.2896290e+000  5.7495740e+000 -7.0447340e+000 -6.2968650e+000
  5.6666667e-001 -2.6659700e+000  5.6981000e-001 -1.2348202e+001 -1.5620545e+001  1.7235300e+000  5.5872230e+000 -6.3447670e+000 -6.1535320e+000
  5.7333333e-001 -2.2435290e+000  6.6832700e-001 -1.1857706e+001 -1.4950272e+001  2.1555450e+000  5.5617100e+000 -5.6774150e+000 -5.9848320e+000
  5.8000000e-001 -1.7995950e+000  7.5459500e-001 -1.1237803e+001 -1.4196705e+001  2.5740860e+000  5.3855540e+000 -5.0433810e+000 -5.7797540e+000
  5.8666667e-001 -1.3362240e+000  8.1869700e-001 -1.0576409e+001 -1.3351092e+001  2.9830650e+000  5.1941590e+000 -4.4129410e+000 -5.5393760e+000
  5.9333333e-001 -8.9849100e-001  9.0516200e-001 -9.9071930e+000 -1.2386163e+001  3.3589070e+000  5.7023120e+000 -3.7873860e+000 -5.2040740e+000
  6.0000000e-001 -4.8285200e-001  1.0149580e+000 -9.2815480e+000 -1.1386361e+001  3.7011710e+000  5.1700310e+000 -3.2087060e+000 -4.8864670e+000
  6.0666667e-001 -5.0376000e-002  1.1321330e+000 -8.6582950e+000 -1.0387009e+001  3.9867280e+000  5.1223430e+000 -2.6643190e+000 -4.6120420e+000
  6.1333333e-001  3.6635900e-001  1.2472640e+000 -7.4031950e+000 -9.4263020e+000  4.2638550e+000  4.9805090e+000 -2.1342320e+000 -4.2743900e+000
  6.2000000e-001  7.9057900e-001  1.3901750e+000 -6.8443820e+000 -8.5603240e+000  4.5110110e+000  5.0355270e+000 -1.6927730e+000 -3.8795330e+000
  6.2666667e-001  1.1920220e+000  1.5025030e+000 -6.3400910e+000 -7.8875550e+000  4.7319740e+000  5.0860450e+000 -1.2646140e+000 -3.5222760e+000
  6.3333333e-001  1.6028180e+000  1.6440940e+000 -5.8145710e+000 -7.3061100e+000  4.9389890e+000  5.2306080e+000 -8.1973700e-001 -3.1752710e+000
  6.4000000e-001  2.0031520e+000  1.7967590e+000 -5.3165520e+000 -6.6416750e+000  5.1227160e+000  5.2680840e+000 -3.7656000e-001 -2.8203280e+000
  6.4666667e-001  2.3796670e+000  1.9847380e+000 -4.8326220e+000 -5.8852590e+000  5.2558730e+000  5.2380730e+000  3.0256000e-002 -2.4637340e+000
  6.5333333e-001  2.7431530e+000  2.0826590e+000 -4.3757020e+000 -5.0662410e+000  5.3922130e+000  5.1715330e+000  4.3788100e-001 -2.0930460e+000
  6.6000000e-001  3.0553330e+000  2.1968320e+000 -3.9217730e+000 -4.1820940e+000  5.5149860e+000  5.1270710e+000  8.5964100e-001 -1.7144310e+000
  6.6666667e-001  3.3876060e+000  2.2355330e+000 -3.4768060e+000 -3.1883160e+000  5.6313690e+000  5.1212060e+000  1.3059670e+000 -1.3752920e+000
  6.7333333e-001  3.6091670e+000  2.2902140e+000 -3.1154370e+000 -2.0573350e+000  5.7474730e+000  5.1267960e+000  1.7571750e+000 -1.0485540e+000
  6.8000000e-001  3.8395920e+000  2.2886620e+000 -2.7797540e+000 -8.3260400e-001  5.8545620e+000  5.0425690e+000  2.2224420e+000 -6.9119000e-001
  6.8666667e-001  4.0594640e+000  2.2903440e+000 -2.4642940e+000  4.7127200e-001  5.9870300e+000  4.9287960e+000  2.6841260e+000 -3.4077500e-001
  6.9333333e-001  4.2140720e+000  2.2230730e+000 -2.1358370e+000  1.8438230e+000  6.1397940e+000  4.8755630e+000  3.1893970e+000 -3.5043000e-002
  7.0000000e-001  4.3354310e+000  2.4590830e+000 -1.8028070e+000  3.2600930e+000  6.3177640e+000  4.7884140e+000  3.6910260e+000  2.7345000e-001
  7.0666667e-001  4.4903820e+000  2.3907860e+000 -1.4684080e+000  4.6896080e+000  6.5125260e+000  4.5990190e+000  4.1275220e+000  5.1197100e-001
  7.1333333e-001  4.5861100e+000  2.3301780e+000 -1.1484350e+000  6.0775300e+000  6.7125830e+000  4.4658070e+000  4.5943690e+000  6.9860600e-001
  7.2000000e-001  4.6209840e+000  2.2485770e+000 -8.1888400e-001  7.4206810e+000  6.9432380e+000  4.2647390e+000  5.0012880e+000  8.9776700e-001
  7.2666667e-001  4.6937450e+000  2.1735220e+000 -5.2499200e-001  8.7042020e+000  7.1635230e+000  4.0565820e+000  5.3983720e+000  1.0769440e+000
  7.3333333e-001  4.7253760e+000  2.0842570e+000 -2.1337200e-001  9.8975970e+000  7.4149640e+000  3.8561850e+000  5.7876500e+000  1.2447900e+000
  7.4000000e-001  4.7093030e+000  2.0302530e+000  1.1932000e-001  1.1033578e+001  7.6770140e+000  3.5761950e+000  6.1521220e+000  1.3956440e+000
  7.4666667e-001  4.7990210e+000  2.0077010e+000  4.4990900e-001  1.2147994e+001  7.8844300e+000  3.3142280e+000  6.5173760e+000  1.5258670e+000
  7.5333333e-001  4.8887700e+000  1.9524690e+000  7.8156600e-001  1.3273580e+001  8.1660980e+000  3.1234880e+000  6.9240020e+000  1.6613620e+000
  7.6000000e-001  4.9098500e+000  1.9535240e+000  1.1466010e+000  1.4385314e+001  8.4729520e+000  2.9418040e+000  7.3385320e+000  2.4551820e+000
  7.6666667e-001  5.0049690e+000  1.9926380e+000  1.5683920e+000  1.5531452e+001  8.7549270e+000  2.7021460e+000  7.6757660e+000  2.5608400e+000
  7.7333333e-001  5.1549080e+000  2.7345070e+000  2.0156900e+000  1.6696037e+001  9.0267870e+000  2.5237940e+000  8.0599010e+000  2.6715770e+000
  7.8000000e-001  5.3318230e+000  2.8199540e+000  2.5152440e+000  1.7864981e+001  9.2677430e+000  2.5874120e+000  8.4305320e+000  2.7628650e+000
  7.8666667e-001  5.4934940e+000  2.8762630e+000  3.0327900e+000  1.9064548e+001  9.5250430e+000  2.7277740e+000  8.7550060e+000  2.8709230e+000
  7.9333333e-001  5.6876440e+000  2.8878390e+000  3.5976040e+000  2.0225704e+001  9.7814610e+000  2.7874440e+000  9.1136610e+000  3.0245910e+000
  8.0000000e-001  5.8619890e+000  3.0213880e+000  4.1596350e+000  2.1387699e+001  1.0025047e+001  2.9084890e+000  9.4619230e+000  3.2048000e+000
  8.0666667e-001  5.9918870e+000  3.1844750e+000  4.7123710e+000  2.2533743e+001  1.0248136e+001  3.0453390e+000  9.7390150e+000  3.4159830e+000
  8.1333333e-001  6.1506020e+000  3.3136620e+000  5.2617330e+000  2.3651520e+001  1.0475660e+001  3.2101210e+000  1.0004153e+001  3.6442610e+000
  8.2000000e-001  6.3095080e+000  3.4714130e+000  5.7739970e+000  2.4767221e+001  1.0694637e+001  3.3194920e+000  1.0280846e+001  3.9022610e+000
  8.2666667e-001  6.4641570e+000  3.6136500e+000  6.2589240e+000  2.5238848e+001  1.0903052e+001  3.4474160e+000  1.0548382e+001  4.1272510e+000
  8.3333333e-001  6.5855030e+000  3.7540070e+000  6.7510350e+000  2.6205374e+001  1.1090482e+001  3.4158580e+000  1.0770452e+001  4.4049380e+000
  8.4000000e-001  6.7050090e+000  3.8361920e+000  7.2517090e+000  2.7151253e+001  1.1210272e+001  3.3245470e+000  1.0532749e+001  4.6999720e+000
  8.4666667e-001  6.8566030e+000  3.9807080e+000  7.7345640e+000  2.8121264e+001  1.1333937e+001  3.2891880e+000  1.0783834e+001  4.9446940e+000
  8.5333333e-001  7.0570630e+000  4.1230550e+000  8.2196990e+000  2.9132030e+001  1.1667540e+001  3.3132600e+000  1.1543360e+001  5.2314800e+000
  8.6000000e-001  7.2017730e+000  4.2454630e+000  8.7075090e+000  3.0137169e+001  1.1787825e+001  3.2289120e+000  1.1228297e+001  5.4737830e+000
  8.6666667e-001  7.2728550e+000  4.3517370e+000  9.2035480e+000  3.1076015e+001  1.1897108e+001  3.1721770e+000  1.1506943e+001  5.6964570e+000
  8.7333333e-001  7.4242820e+000  4.4530530e+000  9.7071560e+000  3.1986866e+001  1.2001239e+001  3.2635590e+000  1.2311670e+001  5.9250350e+000
  8.8000000e-001  7.5822490e+000  4.5842300e+000  1.0238463e+001  3.3260273e+001  1.2122363e+001  3.2568310e+000  1.2530270e+001  6.1638280e+000
  8.8666667e-001  7.7581430e+000  4.7396470e+000  1.0758090e+001  3.4079922e+001  1.2214459e+001  3.2653550e+000  1.2233115e+001  6.3952110e+000
  8.9333333e-001  7.9142150e+000  4.8960050e+000  1.1259365e+001  3.4785774e+001  1.2266918e+001  3.1622550e+000  1.2466516e+001  6.6047940e+000
  9.0000000e-001  8.0723490e+000  5.1101430e+000  1.1774571e+001  3.5441280e+001  1.2323489e+001  3.1505310e+000  1.3204493e+001  6.8251220e+000
  9.0666667e-001  8.2259000e+000  5.2225110e+000  1.2250374e+001  3.6079056e+001  1.2393085e+001  3.1458710e+000  1.3345693e+001  6.9714590e+000
  9.1333333e-001  8.3319370e+000  5.3695340e+000  1.2755691e+001  3.6723602e+001  1.2447883e+001  3.1956860e+000  1.2997190e+001  7.1639450e+000
  9.2000000e-001  8.4833180e+000  5.5044490e+000  1.3258841e+001  3.7353367e+001  1.2505284e+001  3.1483050e+000  1.3344213e+001  7.2901220e+000
  9.2666667e-001  8.6611180e+000  5.6368740e+000  1.3762030e+001  3.7963345e+001  1.2562327e+001  3.1312220e+000  1.3964415e+001  7.3865360e+000
  9.3333333e-001  8.7697500e+000  5.7977930e+000  1.4259258e+001  3.8573353e+001  1.2600540e+001  3.2061910e+000  1.3594981e+001  7.5099940e+000
  9.4000000e-001  8.7965180e+000  5.9320920e+000  1.4756361e+001  3.9129738e+001  1.2676189e+001  3.1976970e+000  1.3769333e+001  7.6346720e+000
  9.4666667e-001  8.8716560e+000  6.0832340e+000  1.5248867e+001  3.9624615e+001  1.2744723e+001  3.2316870e+000  1.4128919e+001  7.7039240e+000
  9.5333333e-001  8.9725030e+000  6.2439340e+000  1.5688444e+001  4.0091320e+001  1.2835945e+001  3.2221460e+000  1.5125022e+001  7.7939170e+000
  9.6000000e-001  8.9952380e+000  6.3976740e+000  1.6114328e+001  4.0536549e+001  1.2920669e+001  3.2304890e+000  1.5797430e+001  7.8470430e+000
  9.6666667e-001  9.0129830e+000  6.4826630e+000  1.6506641e+001  4.0951412e+001  1.2969285e+001  3.2190050e+000  1.6138840e+001  7.8261170e+000
  9.7333333e-001  9.0173890e+000  6.6025210e+000  1.6821138e+001  4.1374550e+001  1.3048327e+001  3.1917230e+000  1.7020144e+001  7.8531200e+000
  9.8000000e-001  9.0054240e+000  6.3014930e+000  1.7144514e+001  4.1791260e+001  1.3149009e+001  3.0975060e+000  1.7350330e+001  7.6373130e+000
  9.8666667e-001  9.0601540e+000  6.3892870e+000  1.6759808e+001  4.2208149e+001  1.3257520e+001  3.1228310e+000  1.7239580e+001  7.6519670e+000
  9.9333333e-001  9.0578060e+000  6.4731430e+000  1.7003767e+001  4.2615677e+001  1.3368326e+001  3.1225700e+000  1.7418072e+001  7.6625960e+000
  1.0000000e+000  9.0443190e+000  6.6328530e+000  1.7304033e+001  4.3031742e+001  1.3459175e+001  3.1025360e+000  1.7640959e+001  7.6403370e+000
  1.0066667e+000  9.0426070e+000  6.7710780e+000  1.7512461e+001  4.3450806e+001  1.3523436e+001  3.0472190e+000  1.8165638e+001  7.5918300e+000
  1.0133333e+000  9.0257730e+000  6.8807680e+000  1.7740213e+001  4.3824295e+001  1.3569676e+001  3.0460920e+000  1.8326094e+001  7.7889570e+000
  1.0200000e+000  9.0225390e+000  7.0049900e+000  1.7897650e+001  4.4174965e+001  1.3682288e+001  2.9666010e+000  1.8450964e+001  7.8074390e+000
  1.0266667e+000  9.0447450e+000  7.1316270e+000  1.8216051e+001  4.4532154e+001  1.3827867e+001  3.0009210e+000  1.8530951e+001  7.4982520e+000
  1.0333333e+000  9.0631080e+000  7.2611310e+000  1.8530777e+001  4.4881847e+001  1.3962881e+001  3.0025610e+000  1.8615871e+001  7.5215610e+000
  1.0400000e+000  9.0585850e+000  7.3464240e+000  1.8884258e+001  4.5177532e+001  1.4113033e+001  3.0029490e+000  1.8603170e+001  7.5019580e+000
  1.0466667e+000  8.9374960e+000  7.4770060e+000  1.9232353e+001  4.5456451e+001  1.4244967e+001  3.0640880e+000  1.8323174e+001  7.4453530e+000
  1.0533333e+000  8.8906970e+000  7.6377900e+000  1.9594803e+001  4.5721909e+001  1.4390490e+001  3.0157200e+000  1.8375875e+001  7.3968800e+000
  1.0600000e+000  8.8389830e+000  7.8463580e+000  2.0006601e+001  4.5970188e+001  1.4551732e+001  3.0513950e+000  1.8623245e+001  7.3669960e+000
  1.0666667e+000  8.7858910e+000  8.0006490e+000  2.0474991e+001  4.6231834e+001  1.4669681e+001  3.0506330e+000  1.8555090e+001  7.3450470e+000
  1.0733333e+000  8.7006890e+000  8.1880170e+000  2.0969440e+001  4.7167110e+001  1.4827846e+001  3.0956880e+000  1.8481491e+001  7.3699360e+000
  1.0800000e+000  8.6410440e+000  8.4129740e+000  2.1478996e+001  4.9728165e+001  1.4993048e+001  3.1390800e+000  1.8362215e+001  7.3950610e+000
  1.0866667e+000  8.6142180e+000  8.6247440e+000  2.2015717e+001  5.2722614e+001  1.5157706e+001  3.1729610e+000  1.8207714e+001  7.4474710e+000
  1.0933333e+000  8.5111270e+000  8.8294280e+000  2.2540653e+001  5.3880676e+001  1.5327559e+001  3.2470830e+000  1.8103615e+001  7.4538050e+000
  1.1000000e+000  8.5125090e+000  9.0529190e+000  2.3112425e+001  5.3119099e+001  1.4819308e+001  3.3053880e+000  1.8042120e+001  7.4523990e+000
  1.1066667e+000  8.4954540e+000  9.2510940e+000  2.3728519e+001  5.2239784e+001  1.4886758e+001  3.3014460e+000  1.7615259e+001  7.4882580e+000
  1.1133333e+000  8.5077270e+000  9.4394850e+000  2.4392387e+001  5.2101974e+001  1.4964945e+001  3.4279940e+000  1.7804375e+001  7.5100990e+000
  1.1200000e+000  8.8825680e+000  9.6717730e+000  2.5126928e+001  5.2199245e+001  1.5001049e+001  3.5333260e+000  1.7778803e+001  7.5017060e+000
  1.1266667e+000  8.9031830e+000  1.0041872e+001  2.5900967e+001  5.2083313e+001  1.5082193e+001  3.5877440e+000  1.7750832e+001  7.5736020e+000
  1.1333333e+000  8.9085080e+000  1.0243295e+001  2.6703627e+001  5.1921413e+001  1.5144599e+001  3.6907530e+000  1.7682121e+001  7.6101380e+000
  1.1400000e+000  8.9674270e+000  1.0425229e+001  2.7579582e+001  5.1887482e+001  1.5167321e+001  3.7647330e+000  1.7596249e+001  7.5959470e+000
  1.1466667e+000  9.0833850e+000  1.0612199e+001  2.8612820e+001  5.1963474e+001  1.5280815e+001  3.8287470e+000  1.7523483e+001  7.6306830e+000
  1.1533333e+000  9.1688480e+000  1.0822940e+001  2.9641003e+001  5.1989746e+001  1.5379086e+001  3.8515350e+000  1.7490177e+001  7.6279410e+000
  1.1600000e+000  9.2521850e+000  1.1050367e+001  3.0687824e+001  5.1974392e+001  1.5501859e+001  4.0085870e+000  1.7391182e+001  7.6333490e+000
  1.1666667e+000  9.3412280e+000  1.1287085e+001  3.2288029e+001  5.1929684e+001  1.5603441e+001  4.1240020e+000  1.7333649e+001  7.6526560e+000
  1.1733333e+000  9.4309640e+000  1.1551439e+001  3.3338688e+001  5.1813438e+001  1.5725887e+001  4.1690490e+000  1.7249189e+001  7.6550520e+000
  1.1800000e+000  9.5397000e+000  1.1777806e+001  3.4428299e+001  5.1730289e+001  1.5788520e+001  4.2260940e+000  1.7207272e+001  7.6784750e+000
  1.1866667e+000  9.6680870e+000  1.1960349e+001  3.5510029e+001  5.1710262e+001  1.5833518e+001  4.2586450e+000  1.7069090e+001  7.7423620e+000
  1.1933333e+000  9.3743420e+000  1.2152519e+001  3.6631428e+001  5.1763832e+001  1.5945582e+001  4.3427930e+000  1.7013388e+001  7.7958450e+000
  1.2000000e+000  9.5251760e+000  1.2347601e+001  3.7754715e+001  5.1812046e+001  1.6146605e+001  4.4123020e+000  1.6971420e+001  7.7868610e+000
  1.2066667e+000  1.0101667e+001  1.2568291e+001  3.8806259e+001  5.1880943e+001  1.6735680e+001  4.5585880e+000  1.6908566e+001  7.8195990e+000
  1.2133333e+000  1.0280360e+001  1.2750170e+001  3.9754524e+001  5.2029587e+001  1.6892029e+001  4.5718700e+000  1.6899883e+001  7.8367400e+000
  1.2200000e+000  1.0455299e+001  1.2953610e+001  4.0628590e+001  5.2171486e+001  1.6964100e+001  4.5878370e+000  1.6853846e+001  7.9000590e+000
  1.2266667e+000  1.0609965e+001  1.3177861e+001  4.1396557e+001  5.2338123e+001  1.6679871e+001  4.6458340e+000  1.6795574e+001  7.9702130e+000
  1.2333333e+000  1.0801163e+001  1.3388214e+001  4.2131996e+001  5.2530796e+001  1.6821938e+001  4.7581200e+000  1.6803766e+001  8.0384820e+000
  1.2400000e+000  1.0994092e+001  1.3588918e+001  4.3059509e+001  5.2731140e+001  1.6918917e+001  4.8701310e+000  1.6731277e+001  8.1148060e+000
  1.2466667e+000  1.1183537e+001  1.3809942e+001  4.4215485e+001  5.2926788e+001  1.7062132e+001  4.9040970e+000  1.6717058e+001  8.1379110e+000
  1.2533333e+000  1.1383086e+001  1.4020245e+001  4.5453129e+001  5.3114307e+001  1.7693531e+001  4.9329770e+000  1.6692280e+001  7.6305290e+000
  1.2600000e+000  1.1568645e+001  1.4222235e+001  4.6651787e+001  5.3277363e+001  1.7809023e+001  4.9805150e+000  1.6690439e+001  7.6760120e+000
  1.2666667e+000  1.1770518e+001  1.4429015e+001  4.7676727e+001  5.3396431e+001  1.7894958e+001  5.0657330e+000  1.6730240e+001  7.7538600e+000
  1.2733333e+000  1.1982822e+001  1.4594956e+001  4.8518684e+001  5.3525295e+001  1.7569530e+001  5.0741430e+000  1.6726690e+001  8.2631490e+000
  1.2800000e+000  1.2175815e+001  1.4751734e+001  4.9271221e+001  5.3628078e+001  1.7689085e+001  5.1495950e+000  1.6654388e+001  8.3428180e+000
  1.2866667e+000  1.2379821e+001  1.4988134e+001  5.0003448e+001  5.3733685e+001  1.8213318e+001  5.2569710e+000  1.6676601e+001  8.3845310e+000
  1.2933333e+000  1.2588879e+001  1.5207063e+001  5.0704594e+001  5.3862564e+001  1.8263481e+001  5.2474920e+000  1.6662876e+001  8.4551320e+000
  1.3000000e+000  1.2781192e+001  1.5351192e+001  5.1358150e+001  5.4031097e+001  1.8359129e+001  5.2469230e+000  1.6590548e+001  7.9601360e+000
  1.3066667e+000  1.2893309e+001  1.5464959e+001  5.2028671e+001  5.4230396e+001  1.8395197e+001  5.3224930e+000  1.6524591e+001  7.9068280e+000
  1.3133333e+000  1.3039151e+001  1.5609734e+001  5.2721764e+001  5.4458450e+001  1.8463736e+001  5.3083850e+000  1.6497797e+001  7.9245940e+000
  1.3200000e+000  1.3213152e+001  1.5737934e+001  5.3441696e+001  5.4661083e+001  1.8574800e+001  5.3949640e+000  1.6432495e+001  8.5041940e+000
  1.3266667e+000  1.3386565e+001  1.5934975e+001  5.4155323e+001  5.4850506e+001  1.8707832e+001  5.4465300e+000  1.6384199e+001  9.1259710e+000
  1.3333333e+000  1.4135417e+001  1.6141050e+001  5.4869488e+001  5.5057594e+001  1.8854204e+001  5.4738820e+000  1.6272285e+001  9.2241650e+000
  1.3400000e+000  1.4284501e+001  1.6288382e+001  5.5561066e+001  5.5229332e+001  1.8925838e+001  5.5140060e+000  1.6194489e+001  8.0673200e+000
  1.3466667e+000  1.4420547e+001  1.6456068e+001  5.6281353e+001  5.5400066e+001  1.9092138e+001  5.5751210e+000  1.6116554e+001  8.0932620e+000
  1.3533333e+000  1.4426008e+001  1.6909800e+001  5.6926056e+001  5.5537689e+001  1.9236544e+001  5.5709000e+000  1.5959113e+001  8.1186730e+000
  1.3600000e+000  1.4612020e+001  1.7033739e+001  5.7563358e+001  5.5659214e+001  1.9670521e+001  5.5750620e+000  1.5876982e+001  8.0982890e+000
  1.3666667e+000  1.4083037e+001  1.6761532e+001  5.8187904e+001  5.5747112e+001  1.9816055e+001  5.6345740e+000  1.5780933e+001  8.6817230e+000
  1.3733333e+000  1.4863243e+001  1.7002972e+001  5.8771263e+001  5.5811672e+001  1.9666788e+001  5.7036400e+000  1.5651731e+001  8.6895780e+000
  1.3800000e+000  1.5016602e+001  1.7162518e+001  5.9339764e+001  5.5859009e+001  1.9772045e+001  5.8320390e+000  1.5600364e+001  8.7291450e+000
  1.3866667e+000  1.5130268e+001  1.7309620e+001  5.9873936e+001  5.5874798e+001  2.0197594e+001  5.7700970e+000  1.5477570e+001  8.8260850e+000
  1.3933333e+000  1.5269228e+001  1.7503714e+001  6.0414143e+001  5.5914703e+001  2.0346743e+001  5.8054280e+000  1.5408258e+001  8.8291810e+000
  1.4000000e+000  1.5459492e+001  1.7689732e+001  6.0924934e+001  5.5949451e+001  2.0521278e+001  5.9495920e+000  1.5315400e+001  8.8159940e+000
  1.4066667e+000  1.5616720e+001  1.7897177e+001  6.1391018e+001  5.5991119e+001  2.0611605e+001  5.9864890e+000  1.5309914e+001  8.7731050e+000
  1.4133333e+000  1.5770521e+001  1.8086889e+001  6.1866268e+001  5.6013947e+001  2.0730934e+001  5.9777040e+000  1.5213547e+001  8.7888770e+000
  1.4200000e+000  1.5923867e+001  1.8267769e+001  6.2319992e+001  5.6043743e+001  2.0331755e+001  6.0328100e+000  1.5072539e+001  8.8494570e+000
  1.4266667e+000  1.6135450e+001  1.8984558e+001  6.2737469e+001  5.6083054e+001  2.0166155e+001  6.0674770e+000  1.4965133e+001  8.7908790e+000
  1.4333333e+000  1.6258316e+001  1.9128172e+001  6.3111092e+001  5.6131981e+001  2.1118914e+001  6.1146180e+000  1.4907560e+001  8.8165960e+000
  1.4400000e+000  1.6373158e+001  1.8803497e+001  6.3461357e+001  5.6254154e+001  2.1265993e+001  6.1891060e+000  1.4771972e+001  8.8788830e+000
  1.4466667e+000  1.6514914e+001  1.9026993e+001  6.3787689e+001  5.6369495e+001  2.1445787e+001  6.1640960e+000  1.4617377e+001  8.9974010e+000
  1.4533333e+000  1.6645027e+001  1.9220850e+001  6.4136711e+001  5.6414349e+001  2.1605816e+001  6.2649050e+000  1.4489653e+001  9.0193910e+000
  1.4600000e+000  1.6730278e+001  1.9375502e+001  6.4872093e+001  5.6456188e+001  2.1706779e+001  6.2732010e+000  1.4358245e+001  9.0385980e+000
  1.4666667e+000  1.6930807e+001  1.9584309e+001  6.6013008e+001  5.6548023e+001  2.1914068e+001  6.2550280e+000  1.4217257e+001  9.0667520e+000
  1.4733333e+000  1.7107563e+001  2.0247219e+001  6.6026436e+001  5.6586411e+001  2.2083931e+001  6.2203030e+000  1.4097071e+001  9.0849550e+000
  1.4800000e+000  1.7322939e+001  2.0467749e+001  6.5529015e+001  5.6566414e+001  2.2200680e+001  6.2924790e+000  1.3982103e+001  9.1046060e+000
  1.4866667e+000  1.7481964e+001  2.0202147e+001  6.6392334e+001  5.6568188e+001  2.2336441e+001  6.4351870e+000  1.3901783e+001  9.0490830e+000
  1.4933333e+000  1.7688408e+001  2.0396275e+001  6.7620079e+001  5.6586826e+001  2.2498171e+001  6.4135760e+000  1.3693852e+001  9.0370160e+000
  1.5000000e+000  1.7860254e+001  2.0596966e+001  6.7894020e+001  5.6600445e+001  2.2257452e+001  6.3669200e+000  1.3525363e+001  9.0197830e+000
  1.5066667e+000  1.8054152e+001  2.1069582e+001  6.7737122e+001  5.6622448e+001  2.2709469e+001  6.4518620e+000  1.3465562e+001  9.0700900e+000
  1.5133333e+000  1.8336340e+001  2.1272966e+001  6.7756805e+001  5.6605133e+001  2.2899956e+001  6.5449030e+000  1.3302679e+001  9.1937950e+000
  1.5200000e+000  1.8590559e+001  2.1702541e+001  6.7778587e+001  5.6588600e+001  2.3110865e+001  6.5044510e+000  1.3144431e+001  9.3172010e+000
  1.5266667e+000  1.8857647e+001  2.1948908e+001  6.7526367e+001  5.6566452e+001  2.3275320e+001  6.4769540e+000  1.2992697e+001  9.4594470e+000
  1.5333333e+000  1.9261890e+001  2.2219406e+001  6.7005783e+001  5.6535648e+001  2.3446646e+001  6.4214650e+000  1.2807823e+001  9.6474190e+000
  1.5400000e+000  1.9463528e+001  2.2440689e+001  6.6306252e+001  5.6528500e+001  2.3655607e+001  6.4723220e+000  1.2637611e+001  9.8282670e+000
  1.5466667e+000  1.9438040e+001  2.2702473e+001  6.5681763e+001  5.6473450e+001  2.3349939e+001  6.5567850e+000  1.2494491e+001  1.0031662e+001
  1.5533333e+000  1.9683887e+001  2.2481131e+001  6.5195381e+001  5.6358772e+001  2.3527473e+001  6.5160700e+000  1.2286468e+001  1.0209551e+001
  1.5600000e+000  1.9835962e+001  2.2737261e+001  6.4848122e+001  5.6269321e+001  2.3789106e+001  6.5093910e+000  1.2117884e+001  1.0391764e+001
  1.5666667e+000  2.0003527e+001  2.2963690e+001  6.4630608e+001  5.6234474e+001  2.3931782e+001  6.3981320e+000  1.2024142e+001  1.0538696e+001
  1.5733333e+000  2.0160009e+001  2.3198952e+001  6.4509285e+001  5.6103149e+001  2.4078848e+001  6.3439100e+000  1.1834110e+001  1.0721613e+001
  1.5800000e+000  2.0302500e+001  2.3436571e+001  6.4784363e+001  5.5958038e+001  2.4300625e+001  6.3204990e+000  1.1709197e+001  1.0904298e+001
  1.5866667e+000  2.0506271e+001  2.3674799e+001  6.4928658e+001  5.5864731e+001  2.4446348e+001  6.3149890e+000  1.1551373e+001  1.1135796e+001
  1.5933333e+000  2.0709881e+001  2.4414665e+001  6.4985550e+001  5.5760227e+001  2.4631691e+001  6.2347050e+000  1.1382503e+001  1.1411503e+001
  1.6000000e+000  2.0813740e+001  2.4665110e+001  6.5234146e+001  5.5648064e+001  2.4832666e+001  6.2227620e+000  1.1202208e+001  1.1607765e+001
  1.6066667e+000  2.0988129e+001  2.4974636e+001  6.5215660e+001  5.5499615e+001  2.5042627e+001  6.2361070e+000  1.1038451e+001  1.1915550e+001
  1.6133333e+000  2.1166178e+001  2.5232479e+001  6.5389717e+001  5.5382607e+001  2.5150066e+001  6.0833460e+000  1.0798456e+001  1.2191952e+001
  1.6200000e+000  2.1337955e+001  2.5485146e+001  6.5548439e+001  5.5269176e+001  2.5736353e+001  6.0377490e+000  1.0670174e+001  1.2505155e+001
  1.6266667e+000  2.1456491e+001  2.5751144e+001  6.5568169e+001  5.5124718e+001  2.4943867e+001  6.0745350e+000  1.0507977e+001  1.2805428e+001
  1.6333333e+000  2.1618252e+001  2.6010880e+001  6.5697639e+001  5.4962170e+001  2.5603312e+001  6.1129010e+000  1.0345772e+001  1.3123621e+001
  1.6400000e+000  2.1783657e+001  2.6251965e+001  6.5634277e+001  5.4801193e+001  2.5734900e+001  6.0598020e+000  1.0228477e+001  1.3526645e+001
  1.6466667e+000  2.1942999e+001  2.6511656e+001  6.5685272e+001  5.4643486e+001  2.5927780e+001  5.9927040e+000  1.0093233e+001  1.3891844e+001
  1.6533333e+000  2.2062969e+001  2.6753780e+001  6.5727585e+001  5.4522961e+001  2.6042801e+001  5.9147770e+000  9.9452090e+000  1.4255438e+001
  1.6600000e+000  2.2175562e+001  2.6997002e+001  6.5794167e+001  5.4390335e+001  2.6125566e+001  5.8873490e+000  9.7760970e+000  1.4706374e+001
  1.6666667e+000  2.2298178e+001  2.6791908e+001  6.6067558e+001  5.4238354e+001  2.6215168e+001  5.8869710e+000  9.6110290e+000  1.5084958e+001
  1.6733333e+000  2.2447392e+001  2.7000160e+001  6.5990356e+001  5.4051319e+001  2.6336205e+001  5.8099560e+000  9.4532100e+000  1.5495640e+001
  1.6800000e+000  2.2594406e+001  2.7202236e+001  6.6099220e+001  5.3865887e+001  2.6518497e+001  5.7642800e+000  9.3804480e+000  1.5917179e+001
  1.6866667e+000  2.2680513e+001  2.7398138e+001  6.6281540e+001  5.3686081e+001  2.6668854e+001  5.7886550e+000  9.2870470e+000  1.6316748e+001
  1.6933333e+000  2.2791962e+001  2.7582651e+001  6.6211243e+001  5.3467201e+001  2.6717674e+001  5.7706890e+000  9.1265020e+000  1.6706980e+001
  1.7000000e+000  2.2898941e+001  2.7757847e+001  6.6105064e+001  5.3237022e+001  2.6771730e+001  5.7547090e+000  9.0720110e+000  1.7266903e+001
  1.7066667e+000  2.3047701e+001  2.7926207e+001  6.6037766e+001  5.3038704e+001  2.6894823e+001  5.7547380e+000  9.0063520e+000  1.7769413e+001
  1.7133333e+000  2.3168524e+001  2.8082371e+001  6.5932549e+001  5.2835163e+001  2.6948538e+001  5.8034570e+000  8.9199640e+000  1.8287586e+001
  1.7200000e+000  2.3320190e+001  2.8078354e+001  6.5943329e+001  5.2593056e+001  2.6992556e+001  5.7333120e+000  8.8149220e+000  1.8630289e+001
  1.7266667e+000  2.3455153e+001  2.8283672e+001  6.6050850e+001  5.2328758e+001  2.7009712e+001  5.8051140e+000  8.7626350e+000  1.9073973e+001
  1.7333333e+000  2.3620228e+001  2.8500109e+001  6.6126160e+001  5.2064396e+001  2.7215397e+001  5.7187510e+000  8.6497840e+000  1.9646967e+001
  1.7400000e+000  2.4156712e+001  2.9153532e+001  6.6318459e+001  5.1804996e+001  2.7343903e+001  5.6749940e+000  8.6496070e+000  2.0064095e+001
  1.7466667e+000  2.4318432e+001  2.9300713e+001  6.6515800e+001  5.1551365e+001  2.7345217e+001  5.6821550e+000  8.6775670e+000  2.0596926e+001
  1.7533333e+000  2.4095999e+001  2.9487720e+001  6.6729988e+001  5.1289059e+001  2.7431097e+001  5.6896730e+000  8.6737380e+000  2.1070141e+001
  1.7600000e+000  2.4215956e+001  2.9648724e+001  6.6935593e+001  5.0988434e+001  2.7529270e+001  5.6968250e+000  8.7096610e+000  2.1494001e+001
  1.7666667e+000  2.4386402e+001  2.9776777e+001  6.7041733e+001  5.0684937e+001  2.7600620e+001  5.6278570e+000  8.8296710e+000  2.1961838e+001
  1.7733333e+000  2.4607082e+001  2.9889164e+001  6.7154755e+001  5.0445148e+001  2.7661615e+001  5.5794250e+000  8.8445730e+000  2.2331051e+001
  1.7800000e+000  2.5191536e+001  2.9989346e+001  6.7083405e+001  5.0239090e+001  2.7645180e+001  5.6933580e+000  8.8988140e+000  2.2800829e+001
  1.7866667e+000  2.5336651e+001  3.0203632e+001  6.6978523e+001  4.9983620e+001  2.7607716e+001  5.7583560e+000  8.9855900e+000  2.3231882e+001
  1.7933333e+000  2.5042540e+001  3.0361864e+001  6.6760986e+001  4.9696400e+001  2.7677641e+001  5.6753850e+000  9.1633440e+000  2.3562744e+001
  1.8000000e+000  2.5143833e+001  3.0499063e+001  6.6755493e+001  4.9417404e+001  2.7678959e+001  5.6624160e+000  9.2822500e+000  2.3963331e+001
  1.8066667e+000  2.5267076e+001  3.0604576e+001  6.6222389e+001  4.9173084e+001  2.7730038e+001  5.6913560e+000  9.3909480e+000  2.4273933e+001
  1.8133333e+000  2.4931290e+001  3.0748552e+001  6.6087425e+001  4.8931629e+001  2.7823917e+001  5.7407450e+000  9.5222020e+000  2.4563087e+001
  1.8200000e+000  2.5437983e+001  3.0915707e+001  6.6007820e+001  4.8651497e+001  2.7829130e+001  5.7703180e+000  9.6222420e+000  2.4913723e+001
  1.8266667e+000  2.6057760e+001  3.1039495e+001  6.5888069e+001  4.8359184e+001  2.7847755e+001  5.8071000e+000  9.7901830e+000  2.5191319e+001
  1.8333333e+000  2.5806089e+001  3.1163836e+001  6.5800385e+001  4.8054447e+001  2.7832184e+001  5.7370640e+000  9.9269960e+000  2.5383484e+001
  1.8400000e+000  2.5972622e+001  3.1298529e+001  6.5758141e+001  4.7786282e+001  2.7856478e+001  5.8490610e+000  1.0064240e+001  2.5587540e+001
  1.8466667e+000  2.5613317e+001  3.1417522e+001  6.5691551e+001  4.7545303e+001  2.7883400e+001  5.8734510e+000  1.0194921e+001  2.5819139e+001
  1.8533333e+000  2.6167522e+001  3.1552721e+001  6.5631287e+001  4.7261501e+001  2.7777512e+001  5.8586650e+000  1.0383825e+001  2.5956730e+001
  1.8600000e+000  2.6780838e+001  3.1711189e+001  6.5585686e+001  4.6986347e+001  2.7770773e+001  5.9002720e+000  1.0623883e+001  2.6180126e+001
  1.8666667e+000  2.6879484e+001  3.1841232e+001  6.5518028e+001  4.6681187e+001  2.7784298e+001  5.9657270e+000  1.0810237e+001  2.6311111e+001
  1.8733333e+000  2.6631424e+001  3.2018063e+001  6.5459648e+001  4.6401714e+001  2.7768789e+001  5.9756230e+000  1.0985048e+001  2.6382517e+001
  1.8800000e+000  2.6245815e+001  3.2208149e+001  6.5407280e+001  4.6165516e+001  2.7649912e+001  5.9794240e+000  1.1131894e+001  2.6461594e+001
  1.8866667e+000  2.6373312e+001  3.2335949e+001  6.5405205e+001  4.5891506e+001  2.7549562e+001  6.0026620e+000  1.1331659e+001  2.6537388e+001
  1.8933333e+000  2.7469574e+001  3.2826698e+001  6.5408813e+001  4.5621120e+001  2.7581377e+001  6.0115600e+000  1.1559482e+001  2.6591621e+001
  1.9000000e+000  2.7584566e+001  3.2983383e+001  6.5396996e+001  4.5313011e+001  2.7597605e+001  6.0820200e+000  1.1831085e+001  2.6649426e+001
  1.9066667e+000  2.7723911e+001  3.3148529e+001  6.5363525e+001  4.5057728e+001  2.7559502e+001  6.0503730e+000  1.1995716e+001  2.6768778e+001
  1.9133333e+000  2.7399027e+001  3.3376926e+001  6.5321770e+001  4.4786053e+001  2.7483732e+001  6.0995150e+000  1.2264132e+001  2.6813396e+001
  1.9200000e+000  2.6898100e+001  3.3515465e+001  6.5296761e+001  4.4462242e+001  2.7420687e+001  6.1261610e+000  1.2512172e+001  2.6830917e+001
  1.9266667e+000  2.7479202e+001  3.3670704e+001  6.5261406e+001  4.4096363e+001  2.7419582e+001  6.0655370e+000  1.2745917e+001  2.6857126e+001
  1.9333333e+000  2.8196667e+001  3.3810547e+001  6.5199356e+001  4.3793232e+001  2.7358913e+001  6.1017180e+000  1.2991982e+001  2.6946627e+001
  1.9400000e+000  2.8320326e+001  3.3895737e+001  6.5146339e+001  4.3497147e+001  2.7304132e+001  6.0349070e+000  1.3181085e+001  2.6940893e+001
  1.9466667e+000  2.7727135e+001  3.4044575e+001  6.5070541e+001  4.3199001e+001  2.7287128e+001  6.0140820e+000  1.3427159e+001  2.6941944e+001
  1.9533333e+000  2.7451982e+001  3.4251339e+001  6.5009682e+001  4.2882107e+001  2.7219627e+001  6.0222050e+000  1.3676038e+001  2.6929132e+001
  1.9600000e+000  2.7924097e+001  3.3719936e+001  6.4985237e+001  4.2551384e+001  2.7171770e+001  6.1356090e+000  1.3883245e+001  2.6915422e+001
  1.9666667e+000  2.8709946e+001  3.3990265e+001  6.4951340e+001  4.2246170e+001  2.7112322e+001  6.1339260e+000  1.4113213e+001  2.6965210e+001
  1.9733333e+000  2.8803308e+001  3.4176777e+001  6.4888382e+001  4.1934395e+001  2.6995579e+001  6.1303400e+000  1.4284867e+001  2.6964809e+001
  1.9800000e+000  2.8952291e+001  3.4933228e+001  6.4783768e+001  4.1608288e+001  2.6935379e+001  6.1211580e+000  1.4433636e+001  2.6959644e+001
  1.9866667e+000  2.8351574e+001  3.5053005e+001  6.4705963e+001  4.1261234e+001  2.6856089e+001  6.0608050e+000  1.4677722e+001  2.6914490e+001
  1.9933333e+000  2.8422789e+001  3.5189449e+001  6.4601631e+001  4.0902401e+001  2.6837883e+001  6.0734290e+000  1.4849550e+001  2.6861567e+001
  2.0000000e+000  2.9203878e+001  3.5263363e+001  6.4505539e+001  4.0525005e+001  2.6810303e+001  6.1799550e+000  1.5075971e+001  2.6797020e+001
