 -5.0000000e-001 -2.0301117e+001 -1.9473476e+001 -1.9934036e+001 -1.8345749e+001 -1.9179089e+001
 -4.9333333e-001 -2.0305643e+001 -1.9469252e+001 -1.9919939e+001 -1.8328272e+001 -1.9166853e+001
 -4.8666667e-001 -2.0303503e+001 -1.9447966e+001 -1.9912415e+001 -1.8322626e+001 -1.9136303e+001
 -4.8000000e-001 -2.0310472e+001 -1.9448931e+001 -1.9917442e+001 -1.8338482e+001 -1.9162914e+001
 -4.7333333e-001 -2.0288998e+001 -1.9453894e+001 -1.9916964e+001 -1.8339533e+001 -1.9167067e+001
 -4.6666667e-001 -2.0282991e+001 -1.9440403e+001 -1.9909227e+001 -1.8338106e+001 -1.9162382e+001
 -4.6000000e-001 -2.0290394e+001 -1.9433151e+001 -1.9882532e+001 -1.8330637e+001 -1.9169474e+001
 -4.5333333e-001 -2.0288637e+001 -1.9420546e+001 -1.9904484e+001 -1.8333242e+001 -1.9173437e+001
 -4.4666667e-001 -2.0282404e+001 -1.9445181e+001 -1.9883287e+001 -1.8323879e+001 -1.9165861e+001
 -4.4000000e-001 -2.0272221e+001 -1.9421738e+001 -1.9893305e+001 -1.8317860e+001 -1.9151052e+001
 -4.3333333e-001 -2.0242920e+001 -1.9403776e+001 -1.9884596e+001 -1.8298088e+001 -1.9147564e+001
 -4.2666667e-001 -2.0253410e+001 -1.9415413e+001 -1.9891117e+001 -1.8325800e+001 -1.9149347e+001
 -4.2000000e-001 -2.0236046e+001 -1.9428970e+001 -1.9877312e+001 -1.8315439e+001 -1.9161062e+001
 -4.1333333e-001 -2.0235624e+001 -1.9410234e+001 -1.9882956e+001 -1.8336279e+001 -1.9170908e+001
 -4.0666667e-001 -2.0208252e+001 -1.9421116e+001 -1.9880308e+001 -1.8326328e+001 -1.9151279e+001
 -4.0000000e-001 -2.0215385e+001 -1.9388714e+001 -1.9879541e+001 -1.8311241e+001 -1.9132982e+001
 -3.9333333e-001 -2.0211668e+001 -1.9379494e+001 -1.9872732e+001 -1.8319635e+001 -1.9122612e+001
 -3.8666667e-001 -2.0194973e+001 -1.9353155e+001 -1.9860245e+001 -1.8314571e+001 -1.9127497e+001
 -3.8000000e-001 -2.0203585e+001 -1.9387560e+001 -1.9863297e+001 -1.8328171e+001 -1.9139498e+001
 -3.7333333e-001 -2.0213299e+001 -1.9397219e+001 -1.9862719e+001 -1.8318579e+001 -1.9140858e+001
 -3.6666667e-001 -2.0191233e+001 -1.9374027e+001 -1.9846411e+001 -1.8287008e+001 -1.9128775e+001
 -3.6000000e-001 -2.0190821e+001 -1.9408735e+001 -1.9821253e+001 -1.8293724e+001 -1.9095219e+001
 -3.5333333e-001 -2.0187941e+001 -1.9380238e+001 -1.9824181e+001 -1.8298742e+001 -1.9085155e+001
 -3.4666667e-001 -2.0199932e+001 -1.9379412e+001 -1.9809153e+001 -1.8279375e+001 -1.9097002e+001
 -3.4000000e-001 -2.0190668e+001 -1.9396164e+001 -1.9802586e+001 -1.8265545e+001 -1.9089016e+001
 -3.3333333e-001 -2.0174376e+001 -1.9401211e+001 -1.9787384e+001 -1.8258413e+001 -1.9066317e+001
 -3.2666667e-001 -2.0171846e+001 -1.9394112e+001 -1.9767076e+001 -1.8275076e+001 -1.9059752e+001
 -3.2000000e-001 -2.0174568e+001 -1.9371561e+001 -1.9777102e+001 -1.8268370e+001 -1.9069288e+001
 -3.1333333e-001 -2.0163408e+001 -1.9369987e+001 -1.9771261e+001 -1.8286684e+001 -1.9048569e+001
 -3.0666667e-001 -2.0161852e+001 -1.9370956e+001 -1.9758945e+001 -1.8280138e+001 -1.9004875e+001
 -3.0000000e-001 -2.0155119e+001 -1.9380276e+001 -1.9719110e+001 -1.8298916e+001 -1.9024340e+001
 -2.9333333e-001 -2.0163647e+001 -1.9383554e+001 -1.9722813e+001 -1.8281902e+001 -1.9043886e+001
 -2.8666667e-001 -2.0164629e+001 -1.9357239e+001 -1.9730358e+001 -1.8247429e+001 -1.9025841e+001
 -2.8000000e-001 -2.0174141e+001 -1.9354219e+001 -1.9730284e+001 -1.8248213e+001 -1.8999638e+001
 -2.7333333e-001 -2.0156031e+001 -1.9356422e+001 -1.9715675e+001 -1.8270893e+001 -1.9008472e+001
 -2.6666667e-001 -2.0161936e+001 -1.9365602e+001 -1.9721786e+001 -1.8276865e+001 -1.9025801e+001
 -2.6000000e-001 -2.0161251e+001 -1.9353371e+001 -1.9737057e+001 -1.8254436e+001 -1.8997822e+001
 -2.5333333e-001 -2.0156116e+001 -1.9347366e+001 -1.9720890e+001 -1.8273973e+001 -1.8980827e+001
 -2.4666667e-001 -2.0185097e+001 -1.9346930e+001 -1.9713381e+001 -1.8268005e+001 -1.8956078e+001
 -2.4000000e-001 -2.0180737e+001 -1.9348791e+001 -1.9708014e+001 -1.8263660e+001 -1.8956913e+001
 -2.3333333e-001 -2.0162451e+001 -1.9356497e+001 -1.9698635e+001 -1.8272131e+001 -1.8942200e+001
 -2.2666667e-001 -2.0143950e+001 -1.9350998e+001 -1.9717760e+001 -1.8276354e+001 -1.8941420e+001
 -2.2000000e-001 -2.0167810e+001 -1.9336668e+001 -1.9692909e+001 -1.8273462e+001 -1.8949760e+001
 -2.1333333e-001 -2.0170412e+001 -1.9340408e+001 -1.9674530e+001 -1.8278057e+001 -1.8940912e+001
 -2.0666667e-001 -2.0154617e+001 -1.9342905e+001 -1.9678574e+001 -1.8268496e+001 -1.8971882e+001
 -2.0000000e-001 -2.0172205e+001 -1.9332115e+001 -1.9679209e+001 -1.8294209e+001 -1.8971207e+001
 -1.9333333e-001 -2.0156889e+001 -1.9353113e+001 -1.9674778e+001 -1.8279510e+001 -1.8954176e+001
 -1.8666667e-001 -2.0159796e+001 -1.9345268e+001 -1.9679790e+001 -1.8281183e+001 -1.8939747e+001
 -1.8000000e-001 -2.0140408e+001 -1.9349045e+001 -1.9690348e+001 -1.8294821e+001 -1.8938488e+001
 -1.7333333e-001 -2.0125301e+001 -1.9358728e+001 -1.9696974e+001 -1.8293983e+001 -1.8950083e+001
 -1.6666667e-001 -2.0161720e+001 -1.9349670e+001 -1.9701845e+001 -1.8306238e+001 -1.8976715e+001
 -1.6000000e-001 -2.0125521e+001 -1.9365845e+001 -1.9661224e+001 -1.8299772e+001 -1.8972424e+001
 -1.5333333e-001 -2.0094618e+001 -1.9382296e+001 -1.9682497e+001 -1.8276176e+001 -1.8951517e+001
 -1.4666667e-001 -2.0080330e+001 -1.9371639e+001 -1.9677652e+001 -1.8262960e+001 -1.8972189e+001
 -1.4000000e-001 -2.0072752e+001 -1.9344492e+001 -1.9669191e+001 -1.8282717e+001 -1.8946331e+001
 -1.3333333e-001 -2.0066164e+001 -1.9345858e+001 -1.9673025e+001 -1.8300846e+001 -1.8961823e+001
 -1.2666667e-001 -2.0061476e+001 -1.9356668e+001 -1.9678829e+001 -1.8295729e+001 -1.8972576e+001
 -1.2000000e-001 -2.0069614e+001 -1.9359295e+001 -1.9670988e+001 -1.8298704e+001 -1.8957956e+001
 -1.1333333e-001 -2.0038177e+001 -1.9329945e+001 -1.9658894e+001 -1.8296925e+001 -1.8954521e+001
 -1.0666667e-001 -2.0028540e+001 -1.9320662e+001 -1.9688223e+001 -1.8273123e+001 -1.8978981e+001
 -1.0000000e-001 -2.0033333e+001 -1.9321701e+001 -1.9692053e+001 -1.8277876e+001 -1.8955294e+001
 -9.3333333e-002 -2.0008043e+001 -1.9311903e+001 -1.9682703e+001 -1.8258265e+001 -1.8958021e+001
 -8.6666667e-002 -1.9993782e+001 -1.9310286e+001 -1.9671144e+001 -1.8273680e+001 -1.8955753e+001
 -8.0000000e-002 -1.9981758e+001 -1.9321638e+001 -1.9708460e+001 -1.8269808e+001 -1.8975569e+001
 -7.3333333e-002 -2.0001337e+001 -1.9300631e+001 -1.9708218e+001 -1.8252136e+001 -1.8966597e+001
 -6.6666667e-002 -1.9997772e+001 -1.9285170e+001 -1.9695398e+001 -1.8264378e+001 -1.8973537e+001
 -6.0000000e-002 -1.9985369e+001 -1.9268869e+001 -1.9695843e+001 -1.8275576e+001 -1.8971483e+001
 -5.3333333e-002 -1.9984226e+001 -1.9285233e+001 -1.9696056e+001 -1.8278332e+001 -1.8954809e+001
 -4.6666667e-002 -2.0012905e+001 -1.9280668e+001 -1.9685942e+001 -1.8280565e+001 -1.8946486e+001
 -4.0000000e-002 -2.0005228e+001 -1.9284153e+001 -1.9705238e+001 -1.8270071e+001 -1.8954935e+001
 -3.3333333e-002 -1.9990971e+001 -1.9265945e+001 -1.9734318e+001 -1.8263653e+001 -1.8981987e+001
 -2.6666667e-002 -1.9996988e+001 -1.9266207e+001 -1.9732790e+001 -1.8278427e+001 -1.8986736e+001
 -2.0000000e-002 -1.9975130e+001 -1.9255661e+001 -1.9733240e+001 -1.8261484e+001 -1.8997681e+001
 -1.3333333e-002 -1.9987169e+001 -1.9255196e+001 -1.9715918e+001 -1.8261499e+001 -1.8988146e+001
 -6.6666667e-003 -1.9972206e+001 -1.9230087e+001 -1.9721045e+001 -1.8279882e+001 -1.8976843e+001
  0.0000000e+000 -1.9958549e+001 -1.9218893e+001 -1.9730915e+001 -1.8273792e+001 -1.8956244e+001
  6.6666667e-003 -1.9996353e+001 -1.9206434e+001 -1.9723791e+001 -1.8261253e+001 -1.8950390e+001
  1.3333333e-002 -1.9999744e+001 -1.9192520e+001 -1.9733667e+001 -1.8260420e+001 -1.8973722e+001
  2.0000000e-002 -1.9981581e+001 -1.9180489e+001 -1.9698870e+001 -1.8239750e+001 -1.8948608e+001
  2.6666667e-002 -1.9979427e+001 -1.9158140e+001 -1.9673624e+001 -1.8211435e+001 -1.8917572e+001
  3.3333333e-002 -1.9950460e+001 -1.9143044e+001 -1.9631094e+001 -1.8174690e+001 -1.8906416e+001
  4.0000000e-002 -1.9951180e+001 -1.9119007e+001 -1.9622280e+001 -1.8108870e+001 -1.8854639e+001
  4.6666667e-002 -1.9932808e+001 -1.9066000e+001 -1.9591476e+001 -1.8061085e+001 -1.8801968e+001
  5.3333333e-002 -1.9914101e+001 -1.9031565e+001 -1.9521311e+001 -1.7996706e+001 -1.8747660e+001
  6.0000000e-002 -1.9890644e+001 -1.8997675e+001 -1.9494936e+001 -1.7971880e+001 -1.8718407e+001
  6.6666667e-002 -1.9857798e+001 -1.8956875e+001 -1.9498053e+001 -1.7965036e+001 -1.8694805e+001
  7.3333333e-002 -1.9817528e+001 -1.8963230e+001 -1.9494814e+001 -1.7958839e+001 -1.8695616e+001
  8.0000000e-002 -1.9817240e+001 -1.8943554e+001 -1.9496368e+001 -1.7977503e+001 -1.8709711e+001
  8.6666667e-002 -1.9815218e+001 -1.8950388e+001 -1.9475515e+001 -1.7982515e+001 -1.8734240e+001
  9.3333333e-002 -1.9812395e+001 -1.8932947e+001 -1.9463531e+001 -1.7963570e+001 -1.8714897e+001
  1.0000000e-001 -1.9804268e+001 -1.8942652e+001 -1.9453459e+001 -1.7943386e+001 -1.8687246e+001
  1.0666667e-001 -1.9782227e+001 -1.8891039e+001 -1.9414454e+001 -1.7907495e+001 -1.8633202e+001
  1.1333333e-001 -1.9748623e+001 -1.8869967e+001 -1.9341572e+001 -1.7868006e+001 -1.8594187e+001
  1.2000000e-001 -1.9713896e+001 -1.8834934e+001 -1.9288237e+001 -1.7825871e+001 -1.8570560e+001
  1.2666667e-001 -1.9689783e+001 -1.8815437e+001 -1.9241846e+001 -1.7783491e+001 -1.8533186e+001
  1.3333333e-001 -1.9665752e+001 -1.8806545e+001 -1.9183041e+001 -1.7735487e+001 -1.8495770e+001
  1.4000000e-001 -1.9672672e+001 -1.8794378e+001 -1.9163731e+001 -1.7710567e+001 -1.8488400e+001
  1.4666667e-001 -1.9680552e+001 -1.8791950e+001 -1.9173397e+001 -1.7729851e+001 -1.8520218e+001
  1.5333333e-001 -1.9670341e+001 -1.8795681e+001 -1.9203653e+001 -1.7755030e+001 -1.8528833e+001
  1.6000000e-001 -1.9671940e+001 -1.8809605e+001 -1.9225788e+001 -1.7750986e+001 -1.8556967e+001
  1.6666667e-001 -1.9694952e+001 -1.8835661e+001 -1.9264338e+001 -1.7755674e+001 -1.8574541e+001
  1.7333333e-001 -1.9701334e+001 -1.8854473e+001 -1.9248857e+001 -1.7739704e+001 -1.8551861e+001
  1.8000000e-001 -1.9700644e+001 -1.8848158e+001 -1.9236368e+001 -1.7720049e+001 -1.8562151e+001
  1.8666667e-001 -1.9675474e+001 -1.8854643e+001 -1.9250675e+001 -1.7707752e+001 -1.8509069e+001
  1.9333333e-001 -1.9684929e+001 -1.8832855e+001 -1.9250078e+001 -1.7697922e+001 -1.8426550e+001
  2.0000000e-001 -1.9684887e+001 -1.8800797e+001 -1.9232615e+001 -1.7706171e+001 -1.8395454e+001
  2.0666667e-001 -1.9685259e+001 -1.8809523e+001 -1.9257730e+001 -1.7741911e+001 -1.8361967e+001
  2.1333333e-001 -1.9660606e+001 -1.8809525e+001 -1.9302549e+001 -1.7790094e+001 -1.8345467e+001
  2.2000000e-001 -1.9698177e+001 -1.8830009e+001 -1.9317265e+001 -1.7856945e+001 -1.8363054e+001
  2.2666667e-001 -1.9732430e+001 -1.8838470e+001 -1.9346563e+001 -1.7963717e+001 -1.8410856e+001
  2.3333333e-001 -1.9769045e+001 -1.8865791e+001 -1.9460955e+001 -1.8093761e+001 -1.8500095e+001
  2.4000000e-001 -1.9835670e+001 -1.8885208e+001 -1.9529015e+001 -1.8226059e+001 -1.8610558e+001
  2.4666667e-001 -1.9879217e+001 -1.8886898e+001 -1.9649658e+001 -1.8378836e+001 -1.8754265e+001
  2.5333333e-001 -1.9984241e+001 -1.8900721e+001 -1.9806425e+001 -1.8546246e+001 -1.8951191e+001
  2.6000000e-001 -2.0125504e+001 -1.8959438e+001 -1.9953939e+001 -1.8716129e+001 -1.9127522e+001
  2.6666667e-001 -2.0293812e+001 -1.8989172e+001 -2.0111183e+001 -1.8904793e+001 -1.9362654e+001
  2.7333333e-001 -2.0488716e+001 -1.9025747e+001 -2.0273407e+001 -1.9089451e+001 -1.9648579e+001
  2.8000000e-001 -2.0746973e+001 -1.9089619e+001 -2.0431221e+001 -1.9285624e+001 -1.9909550e+001
  2.8666667e-001 -2.0990021e+001 -1.9164125e+001 -2.0615898e+001 -1.9510103e+001 -2.0222300e+001
  2.9333333e-001 -2.1283787e+001 -1.9283745e+001 -2.0750206e+001 -1.9730425e+001 -2.0508411e+001
  3.0000000e-001 -2.1581539e+001 -1.9380644e+001 -2.0894470e+001 -1.9976358e+001 -2.0779339e+001
  3.0666667e-001 -2.1922291e+001 -1.9517599e+001 -2.1056217e+001 -2.0256405e+001 -2.1096676e+001
  3.1333333e-001 -2.2267242e+001 -1.9636784e+001 -2.1219002e+001 -2.0575598e+001 -2.1426388e+001
  3.2000000e-001 -2.2617840e+001 -1.9738293e+001 -2.1381578e+001 -2.0846302e+001 -2.1742449e+001
  3.2666667e-001 -2.3009020e+001 -1.9847879e+001 -2.1605961e+001 -2.1163391e+001 -2.2083372e+001
  3.3333333e-001 -2.3403448e+001 -1.9934427e+001 -2.1810375e+001 -2.1520269e+001 -2.2359707e+001
  3.4000000e-001 -2.3814739e+001 -2.0010067e+001 -2.2075756e+001 -2.1814734e+001 -2.2654364e+001
  3.4666667e-001 -2.4264528e+001 -2.0134628e+001 -2.2346792e+001 -2.2111670e+001 -2.2941050e+001
  3.5333333e-001 -2.4731281e+001 -2.0259989e+001 -2.2632231e+001 -2.2461226e+001 -2.3241333e+001
  3.6000000e-001 -2.5211662e+001 -2.0433134e+001 -2.2938341e+001 -2.2809029e+001 -2.3496698e+001
  3.6666667e-001 -2.5744524e+001 -2.0608997e+001 -2.3234632e+001 -2.3116913e+001 -2.3801741e+001
  3.7333333e-001 -2.6291628e+001 -2.0792439e+001 -2.3547171e+001 -2.3395294e+001 -2.4139851e+001
  3.8000000e-001 -2.6852509e+001 -2.0964975e+001 -2.3801636e+001 -2.3735239e+001 -2.4485514e+001
  3.8666667e-001 -2.7454823e+001 -2.1149876e+001 -2.4068169e+001 -2.4090721e+001 -2.4837999e+001
  3.9333333e-001 -2.8089430e+001 -2.1307274e+001 -2.4340609e+001 -2.4436945e+001 -2.5167746e+001
  4.0000000e-001 -2.8695658e+001 -2.1496338e+001 -2.4630674e+001 -2.4758888e+001 -2.5546612e+001
  4.0666667e-001 -2.9300474e+001 -2.1656479e+001 -2.4930023e+001 -2.5145170e+001 -2.5937233e+001
  4.1333333e-001 -2.9881935e+001 -2.1838358e+001 -2.5256861e+001 -2.5558786e+001 -2.6311996e+001
  4.2000000e-001 -3.0464878e+001 -2.2074453e+001 -2.5585356e+001 -2.5967556e+001 -2.6687681e+001
  4.2666667e-001 -3.1050529e+001 -2.2323343e+001 -2.5930370e+001 -2.6326519e+001 -2.7069641e+001
  4.3333333e-001 -3.1676308e+001 -2.2600988e+001 -2.6301098e+001 -2.6686630e+001 -2.7501068e+001
  4.4000000e-001 -3.2315304e+001 -2.2871914e+001 -2.6640896e+001 -2.7003006e+001 -2.7936888e+001
  4.4666667e-001 -3.2999287e+001 -2.3172270e+001 -2.6968475e+001 -2.7333931e+001 -2.8362097e+001
  4.5333333e-001 -3.3693848e+001 -2.3446947e+001 -2.7316349e+001 -2.7646698e+001 -2.8819946e+001
  4.6000000e-001 -3.4322189e+001 -2.3691605e+001 -2.7695810e+001 -2.7890039e+001 -2.9218689e+001
  4.6666667e-001 -3.4976074e+001 -2.3958519e+001 -2.8047855e+001 -2.8171232e+001 -2.9660210e+001
  4.7333333e-001 -3.5598175e+001 -2.4214590e+001 -2.8439114e+001 -2.8443468e+001 -3.0078627e+001
  4.8000000e-001 -3.6212524e+001 -2.4441528e+001 -2.8891998e+001 -2.8736443e+001 -3.0506439e+001
  4.8666667e-001 -3.6765587e+001 -2.4685307e+001 -2.9357269e+001 -2.8996099e+001 -3.0951473e+001
  4.9333333e-001 -3.7271431e+001 -2.4877872e+001 -2.9837749e+001 -2.9288647e+001 -3.1321896e+001
  5.0000000e-001 -3.7743958e+001 -2.5064610e+001 -3.0317629e+001 -2.9601070e+001 -3.1705503e+001
  5.0666667e-001 -3.8173328e+001 -2.5267517e+001 -3.0828257e+001 -2.9858335e+001 -3.2098633e+001
  5.1333333e-001 -3.8549133e+001 -2.5471884e+001 -3.1373463e+001 -3.0116531e+001 -3.2465443e+001
  5.2000000e-001 -3.8886654e+001 -2.5650198e+001 -3.1866518e+001 -3.0403891e+001 -3.2794586e+001
  5.2666667e-001 -3.9192818e+001 -2.5834362e+001 -3.2355312e+001 -3.0674414e+001 -3.3118851e+001
  5.3333333e-001 -3.9518978e+001 -2.6007046e+001 -3.2810913e+001 -3.0948694e+001 -3.3441513e+001
  5.4000000e-001 -3.9803253e+001 -2.6217749e+001 -3.3256664e+001 -3.1276131e+001 -3.3743500e+001
  5.4666667e-001 -3.9989227e+001 -2.6394478e+001 -3.3660213e+001 -3.1652742e+001 -3.4021099e+001
  5.5333333e-001 -4.0176830e+001 -2.6627453e+001 -3.4153141e+001 -3.2034935e+001 -3.4284885e+001
  5.6000000e-001 -4.0356190e+001 -2.6849401e+001 -3.4547935e+001 -3.2379902e+001 -3.4547165e+001
  5.6666667e-001 -4.0589146e+001 -2.7085892e+001 -3.4965290e+001 -3.2752911e+001 -3.4824692e+001
  5.7333333e-001 -4.0834545e+001 -2.7304306e+001 -3.5383564e+001 -3.3106201e+001 -3.5115891e+001
  5.8000000e-001 -4.1030258e+001 -2.7540014e+001 -3.5718956e+001 -3.3523224e+001 -3.5400829e+001
  5.8666667e-001 -4.1193249e+001 -2.7797279e+001 -3.6037628e+001 -3.3917023e+001 -3.5762993e+001
  5.9333333e-001 -4.1297119e+001 -2.8099161e+001 -3.6334919e+001 -3.4230011e+001 -3.6104626e+001
  6.0000000e-001 -4.1411396e+001 -2.8369057e+001 -3.6571178e+001 -3.4526535e+001 -3.6431011e+001
  6.0666667e-001 -4.1519066e+001 -2.8650629e+001 -3.6789055e+001 -3.4847805e+001 -3.6771236e+001
  6.1333333e-001 -4.1663902e+001 -2.8952362e+001 -3.6942402e+001 -3.5186375e+001 -3.7121838e+001
  6.2000000e-001 -4.1828510e+001 -2.9244518e+001 -3.7079056e+001 -3.5461163e+001 -3.7440414e+001
  6.2666667e-001 -4.1988682e+001 -2.9521530e+001 -3.7192513e+001 -3.5764156e+001 -3.7819958e+001
  6.3333333e-001 -4.2173412e+001 -2.9864071e+001 -3.7261753e+001 -3.6059322e+001 -3.8191505e+001
  6.4000000e-001 -4.2406975e+001 -3.0221535e+001 -3.7342987e+001 -3.6350784e+001 -3.8558914e+001
  6.4666667e-001 -4.2649525e+001 -3.0557257e+001 -3.7431580e+001 -3.6611904e+001 -3.8931526e+001
  6.5333333e-001 -4.2889069e+001 -3.0916189e+001 -3.7453049e+001 -3.6817513e+001 -3.9280376e+001
  6.6000000e-001 -4.3144085e+001 -3.1266315e+001 -3.7465984e+001 -3.6983479e+001 -3.9678658e+001
  6.6666667e-001 -4.3361050e+001 -3.1609739e+001 -3.7449364e+001 -3.7154400e+001 -4.0061588e+001
  6.7333333e-001 -4.3569817e+001 -3.1957127e+001 -3.7496857e+001 -3.7335392e+001 -4.0408504e+001
  6.8000000e-001 -4.3810249e+001 -3.2339054e+001 -3.7489658e+001 -3.7429970e+001 -4.0790539e+001
  6.8666667e-001 -4.4080288e+001 -3.2675308e+001 -3.7495380e+001 -3.7532135e+001 -4.1199505e+001
  6.9333333e-001 -4.4365543e+001 -3.3039917e+001 -3.7512394e+001 -3.7577915e+001 -4.1550220e+001
  7.0000000e-001 -4.4680618e+001 -3.3444103e+001 -3.7533669e+001 -3.7620537e+001 -4.1885696e+001
  7.0666667e-001 -4.5030521e+001 -3.3814114e+001 -3.7562340e+001 -3.7624149e+001 -4.2216625e+001
  7.1333333e-001 -4.5334255e+001 -3.4185219e+001 -3.7540085e+001 -3.7627544e+001 -4.2535118e+001
  7.2000000e-001 -4.5693275e+001 -3.4596584e+001 -3.7545883e+001 -3.7688839e+001 -4.2844227e+001
  7.2666667e-001 -4.6033463e+001 -3.4959560e+001 -3.7539120e+001 -3.7714546e+001 -4.3167179e+001
  7.3333333e-001 -4.6342293e+001 -3.5362553e+001 -3.7535385e+001 -3.7739521e+001 -4.3418304e+001
  7.4000000e-001 -4.6650505e+001 -3.5794353e+001 -3.7554462e+001 -3.7753567e+001 -4.3684162e+001
  7.4666667e-001 -4.6982273e+001 -3.6172947e+001 -3.7541130e+001 -3.7807640e+001 -4.3915936e+001
  7.5333333e-001 -4.7317192e+001 -3.6553257e+001 -3.7521656e+001 -3.7856510e+001 -4.4101448e+001
  7.6000000e-001 -4.7655777e+001 -3.6932167e+001 -3.7544086e+001 -3.7885330e+001 -4.4195564e+001
  7.6666667e-001 -4.8015194e+001 -3.7281235e+001 -3.7542953e+001 -3.7956985e+001 -4.4252514e+001
  7.7333333e-001 -4.8369301e+001 -3.7667000e+001 -3.7551765e+001 -3.8003727e+001 -4.4340050e+001
  7.8000000e-001 -4.8705009e+001 -3.8059166e+001 -3.7586079e+001 -3.8036270e+001 -4.4358990e+001
  7.8666667e-001 -4.9091263e+001 -3.8424129e+001 -3.7634270e+001 -3.8063129e+001 -4.4337555e+001
  7.9333333e-001 -4.9446785e+001 -3.8849083e+001 -3.7672623e+001 -3.8079514e+001 -4.4299713e+001
  8.0000000e-001 -4.9853363e+001 -3.9267616e+001 -3.7737144e+001 -3.8108047e+001 -4.4305321e+001
  8.0666667e-001 -5.0258968e+001 -3.9642536e+001 -3.7754745e+001 -3.8122208e+001 -4.4306824e+001
  8.1333333e-001 -5.0664158e+001 -3.9929218e+001 -3.7760094e+001 -3.8117706e+001 -4.4288181e+001
  8.2000000e-001 -5.1012154e+001 -4.0191925e+001 -3.7766876e+001 -3.8121933e+001 -4.4286758e+001
  8.2666667e-001 -5.1413162e+001 -4.0418598e+001 -3.7757938e+001 -3.8186230e+001 -4.4309898e+001
  8.3333333e-001 -5.1906300e+001 -4.0557251e+001 -3.7767776e+001 -3.8228329e+001 -4.4394314e+001
  8.4000000e-001 -5.2401325e+001 -4.0689850e+001 -3.7804291e+001 -3.8274540e+001 -4.4461441e+001
  8.4666667e-001 -5.2906025e+001 -4.0796558e+001 -3.7790100e+001 -3.8342236e+001 -4.4557281e+001
  8.5333333e-001 -5.3447372e+001 -4.0851765e+001 -3.7771091e+001 -3.8432304e+001 -4.4639683e+001
  8.6000000e-001 -5.3962887e+001 -4.0884830e+001 -3.7795017e+001 -3.8479107e+001 -4.4722153e+001
  8.6666667e-001 -5.4472202e+001 -4.0900326e+001 -3.7799408e+001 -3.8540798e+001 -4.4775406e+001
  8.7333333e-001 -5.4981632e+001 -4.0878574e+001 -3.7816326e+001 -3.8564045e+001 -4.4861980e+001
  8.8000000e-001 -5.5495117e+001 -4.0872917e+001 -3.7831604e+001 -3.8594246e+001 -4.4904602e+001
  8.8666667e-001 -5.6039482e+001 -4.0865742e+001 -3.7862679e+001 -3.8615677e+001 -4.4906113e+001
  8.9333333e-001 -5.6599747e+001 -4.0838261e+001 -3.7869431e+001 -3.8618679e+001 -4.4923347e+001
  9.0000000e-001 -5.7090809e+001 -4.0838993e+001 -3.7892197e+001 -3.8553253e+001 -4.4919182e+001
  9.0666667e-001 -5.7595795e+001 -4.0847023e+001 -3.7903206e+001 -3.8496624e+001 -4.4932163e+001
  9.1333333e-001 -5.8059669e+001 -4.0843834e+001 -3.7933033e+001 -3.8427380e+001 -4.4973103e+001
  9.2000000e-001 -5.8563114e+001 -4.0856651e+001 -3.7965557e+001 -3.8323814e+001 -4.4982578e+001
  9.2666667e-001 -5.9004890e+001 -4.0888885e+001 -3.7975445e+001 -3.8241669e+001 -4.5005791e+001
  9.3333333e-001 -5.9491146e+001 -4.0924000e+001 -3.7972187e+001 -3.8138210e+001 -4.5000790e+001
  9.4000000e-001 -5.9970272e+001 -4.0937397e+001 -3.7931572e+001 -3.7992867e+001 -4.5045250e+001
  9.4666667e-001 -6.0432461e+001 -4.0987476e+001 -3.7914486e+001 -3.7866867e+001 -4.5092621e+001
  9.5333333e-001 -6.0802448e+001 -4.1061539e+001 -3.7884892e+001 -3.7720634e+001 -4.5109753e+001
  9.6000000e-001 -6.1199978e+001 -4.1103683e+001 -3.7843788e+001 -3.7591919e+001 -4.5124428e+001
  9.6666667e-001 -6.1615383e+001 -4.1126823e+001 -3.7827168e+001 -3.7486439e+001 -4.5152100e+001
  9.7333333e-001 -6.2005577e+001 -4.1147560e+001 -3.7784851e+001 -3.7379360e+001 -4.5196514e+001
  9.8000000e-001 -6.2399551e+001 -4.1182308e+001 -3.7712933e+001 -3.7280968e+001 -4.5252163e+001
  9.8666667e-001 -6.2788784e+001 -4.1248314e+001 -3.7673340e+001 -3.7207958e+001 -4.5248260e+001
  9.9333333e-001 -6.3185486e+001 -4.1322083e+001 -3.7625057e+001 -3.7151043e+001 -4.5223328e+001
  1.0000000e+000 -6.3640125e+001 -4.1397373e+001 -3.7588173e+001 -3.7084686e+001 -4.5176846e+001
  1.0066667e+000 -6.4000885e+001 -4.1477760e+001 -3.7562393e+001 -3.7053322e+001 -4.5155136e+001
  1.0133333e+000 -6.3847115e+001 -4.1448570e+001 -3.7501694e+001 -3.7025787e+001 -4.5113800e+001
  1.0200000e+000 -6.4258987e+001 -4.1343372e+001 -3.7470264e+001 -3.7005676e+001 -4.5068352e+001
  1.0266667e+000 -6.5160500e+001 -4.1191433e+001 -3.7393570e+001 -3.6953381e+001 -4.5017246e+001
  1.0333333e+000 -6.5550934e+001 -4.0985069e+001 -3.7352428e+001 -3.6896427e+001 -4.5007923e+001
  1.0400000e+000 -6.6394798e+001 -4.0726845e+001 -3.7288536e+001 -3.6905991e+001 -4.5007652e+001
  1.0466667e+000 -6.6748993e+001 -4.0475582e+001 -3.7246189e+001 -3.6939419e+001 -4.5025505e+001
  1.0533333e+000 -6.6655228e+001 -4.0346855e+001 -3.7222965e+001 -3.6945114e+001 -4.5071304e+001
  1.0600000e+000 -6.7012283e+001 -4.0396252e+001 -3.7204769e+001 -3.6973263e+001 -4.5139603e+001
  1.0666667e+000 -6.7303947e+001 -4.0583111e+001 -3.7231110e+001 -3.6973587e+001 -4.5230682e+001
  1.0733333e+000 -6.7548729e+001 -4.0824738e+001 -3.7211845e+001 -3.7031746e+001 -4.5304497e+001
  1.0800000e+000 -6.7763092e+001 -4.1024864e+001 -3.7185265e+001 -3.7127663e+001 -4.5397636e+001
  1.0866667e+000 -6.7934883e+001 -4.1158367e+001 -3.7176739e+001 -3.7228748e+001 -4.5510406e+001
  1.0933333e+000 -6.8141411e+001 -4.1282864e+001 -3.7192017e+001 -3.7356522e+001 -4.5579193e+001
  1.1000000e+000 -6.8209908e+001 -4.1329109e+001 -3.7164810e+001 -3.7513058e+001 -4.5603855e+001
  1.1066667e+000 -6.8227776e+001 -4.1360958e+001 -3.7140583e+001 -3.7649685e+001 -4.5642677e+001
  1.1133333e+000 -6.8238808e+001 -4.1323017e+001 -3.7098976e+001 -3.7824986e+001 -4.5679955e+001
  1.1200000e+000 -6.8289894e+001 -4.1254791e+001 -3.7081127e+001 -3.7963863e+001 -4.5692261e+001
  1.1266667e+000 -6.8239563e+001 -4.1142868e+001 -3.7070869e+001 -3.8137955e+001 -4.5688469e+001
  1.1333333e+000 -6.8235847e+001 -4.1000618e+001 -3.7094322e+001 -3.8261677e+001 -4.5656212e+001
  1.1400000e+000 -6.8152687e+001 -4.0799389e+001 -3.7115952e+001 -3.8364628e+001 -4.5633389e+001
  1.1466667e+000 -6.8086510e+001 -4.0557621e+001 -3.7090210e+001 -3.8464268e+001 -4.5630116e+001
  1.1533333e+000 -6.8063728e+001 -4.0353081e+001 -3.7112209e+001 -3.8516865e+001 -4.5623112e+001
  1.1600000e+000 -6.8025063e+001 -4.0081573e+001 -3.7102982e+001 -3.8534901e+001 -4.5594475e+001
  1.1666667e+000 -6.8099754e+001 -3.9758263e+001 -3.7096634e+001 -3.8548756e+001 -4.5562813e+001
  1.1733333e+000 -6.8676933e+001 -3.9413734e+001 -3.7093548e+001 -3.8529366e+001 -4.5559315e+001
  1.1800000e+000 -6.8739220e+001 -3.9023190e+001 -3.7079758e+001 -3.8504974e+001 -4.5525211e+001
  1.1866667e+000 -6.8364059e+001 -3.8588497e+001 -3.7000637e+001 -3.8433292e+001 -4.5487209e+001
  1.1933333e+000 -6.8596100e+001 -3.8176521e+001 -3.6943020e+001 -3.8281342e+001 -4.5484154e+001
  1.2000000e+000 -6.8856850e+001 -3.7779682e+001 -3.6911839e+001 -3.8084740e+001 -4.5461182e+001
  1.2066667e+000 -6.9071686e+001 -3.7389503e+001 -3.6844242e+001 -3.7821514e+001 -4.5449493e+001
  1.2133333e+000 -6.9260330e+001 -3.7015614e+001 -3.6775043e+001 -3.7543312e+001 -4.5457817e+001
  1.2200000e+000 -6.9442162e+001 -3.6727699e+001 -3.6705029e+001 -3.7217697e+001 -4.5398422e+001
  1.2266667e+000 -6.9576767e+001 -3.6419426e+001 -3.6623096e+001 -3.6857998e+001 -4.5331879e+001
  1.2333333e+000 -6.9928596e+001 -3.6113258e+001 -3.6526878e+001 -3.6476959e+001 -4.5249847e+001
  1.2400000e+000 -7.0258614e+001 -3.5827568e+001 -3.6392361e+001 -3.6120476e+001 -4.5140823e+001
  1.2466667e+000 -7.0353569e+001 -3.5531151e+001 -3.6289684e+001 -3.5725365e+001 -4.5032375e+001
  1.2533333e+000 -7.0325378e+001 -3.5241184e+001 -3.6144970e+001 -3.5323555e+001 -4.4891132e+001
  1.2600000e+000 -7.0325874e+001 -3.4952744e+001 -3.5921581e+001 -3.4929737e+001 -4.4716995e+001
  1.2666667e+000 -7.0403305e+001 -3.4670395e+001 -3.5708897e+001 -3.4528996e+001 -4.4536858e+001
  1.2733333e+000 -7.0557648e+001 -3.4408695e+001 -3.5455040e+001 -3.4139194e+001 -4.4329002e+001
  1.2800000e+000 -7.0679962e+001 -3.4144791e+001 -3.5174183e+001 -3.3784313e+001 -4.4111221e+001
  1.2866667e+000 -7.0741852e+001 -3.3869526e+001 -3.4843468e+001 -3.3425243e+001 -4.3809704e+001
  1.2933333e+000 -7.0642464e+001 -3.3650894e+001 -3.4506283e+001 -3.3033886e+001 -4.3494522e+001
  1.3000000e+000 -7.0344406e+001 -3.3442036e+001 -3.4139809e+001 -3.2693638e+001 -4.3129372e+001
  1.3066667e+000 -6.9939308e+001 -3.3205273e+001 -3.3760098e+001 -3.2332005e+001 -4.2735020e+001
  1.3133333e+000 -6.9442299e+001 -3.2961853e+001 -3.3382298e+001 -3.1993631e+001 -4.2283062e+001
  1.3200000e+000 -6.8785690e+001 -3.2696991e+001 -3.2966751e+001 -3.1646835e+001 -4.1835690e+001
  1.3266667e+000 -6.8033730e+001 -3.2451424e+001 -3.2583374e+001 -3.1296251e+001 -4.1389503e+001
  1.3333333e+000 -6.7147896e+001 -3.2145214e+001 -3.2240322e+001 -3.0958838e+001 -4.0940216e+001
  1.3400000e+000 -6.6172165e+001 -3.1844028e+001 -3.1902090e+001 -3.0662960e+001 -4.0479210e+001
  1.3466667e+000 -6.5200310e+001 -3.1495831e+001 -3.1594219e+001 -3.0378790e+001 -4.0050671e+001
  1.3533333e+000 -6.4329498e+001 -3.1127642e+001 -3.1296549e+001 -3.0066038e+001 -3.9615047e+001
  1.3600000e+000 -6.3534767e+001 -3.0756075e+001 -3.1033447e+001 -2.9813595e+001 -3.9199226e+001
  1.3666667e+000 -6.2804539e+001 -3.0338564e+001 -3.0780375e+001 -2.9518019e+001 -3.8836311e+001
  1.3733333e+000 -6.2110157e+001 -2.9919336e+001 -3.0533281e+001 -2.9247829e+001 -3.8460312e+001
  1.3800000e+000 -6.1512104e+001 -2.9532570e+001 -3.0305887e+001 -2.8990391e+001 -3.8065735e+001
  1.3866667e+000 -6.0912510e+001 -2.9108765e+001 -3.0091238e+001 -2.8719328e+001 -3.7728283e+001
  1.3933333e+000 -6.0345242e+001 -2.8682901e+001 -2.9891376e+001 -2.8454580e+001 -3.7401981e+001
  1.4000000e+000 -5.9789276e+001 -2.8289600e+001 -2.9669157e+001 -2.8231003e+001 -3.7075565e+001
  1.4066667e+000 -5.9173050e+001 -2.7893957e+001 -2.9459412e+001 -2.8010622e+001 -3.6746777e+001
  1.4133333e+000 -5.8529919e+001 -2.7495222e+001 -2.9235870e+001 -2.7764616e+001 -3.6437908e+001
  1.4200000e+000 -5.7897034e+001 -2.7115135e+001 -2.9000399e+001 -2.7511618e+001 -3.6106174e+001
  1.4266667e+000 -5.7202770e+001 -2.6741808e+001 -2.8733599e+001 -2.7307236e+001 -3.5765556e+001
  1.4333333e+000 -5.6476006e+001 -2.6415548e+001 -2.8479858e+001 -2.7107983e+001 -3.5453259e+001
  1.4400000e+000 -5.5700306e+001 -2.6065546e+001 -2.8203762e+001 -2.6901331e+001 -3.5115723e+001
  1.4466667e+000 -5.4911827e+001 -2.5722469e+001 -2.7940056e+001 -2.6685320e+001 -3.4755859e+001
  1.4533333e+000 -5.4106544e+001 -2.5424639e+001 -2.7684547e+001 -2.6481808e+001 -3.4392086e+001
  1.4600000e+000 -5.3338875e+001 -2.5131119e+001 -2.7402817e+001 -2.6282827e+001 -3.4024719e+001
  1.4666667e+000 -5.2610210e+001 -2.4871559e+001 -2.7164532e+001 -2.6126503e+001 -3.3629108e+001
  1.4733333e+000 -5.1869873e+001 -2.4645782e+001 -2.6878044e+001 -2.5932669e+001 -3.3226280e+001
  1.4800000e+000 -5.1188293e+001 -2.4445683e+001 -2.6619919e+001 -2.5763494e+001 -3.2839825e+001
  1.4866667e+000 -5.0484707e+001 -2.4273399e+001 -2.6378981e+001 -2.5586599e+001 -3.2395916e+001
  1.4933333e+000 -4.9839439e+001 -2.4109394e+001 -2.6115343e+001 -2.5414818e+001 -3.2002918e+001
  1.5000000e+000 -4.9204865e+001 -2.3985083e+001 -2.5870029e+001 -2.5258287e+001 -3.1589861e+001
  1.5066667e+000 -4.8586300e+001 -2.3881029e+001 -2.5624582e+001 -2.5109890e+001 -3.1143276e+001
  1.5133333e+000 -4.8018818e+001 -2.3792427e+001 -2.5401585e+001 -2.4951750e+001 -3.0708296e+001
  1.5200000e+000 -4.7471226e+001 -2.3707144e+001 -2.5174267e+001 -2.4795670e+001 -3.0273134e+001
  1.5266667e+000 -4.6946598e+001 -2.3643553e+001 -2.4934557e+001 -2.4639914e+001 -2.9862226e+001
  1.5333333e+000 -4.6457294e+001 -2.3581543e+001 -2.4734945e+001 -2.4488094e+001 -2.9454020e+001
  1.5400000e+000 -4.5962208e+001 -2.3536360e+001 -2.4550678e+001 -2.4335859e+001 -2.9029110e+001
  1.5466667e+000 -4.5474491e+001 -2.3456755e+001 -2.4381550e+001 -2.4175610e+001 -2.8624134e+001
  1.5533333e+000 -4.4996933e+001 -2.3365391e+001 -2.4196056e+001 -2.4032822e+001 -2.8240557e+001
  1.5600000e+000 -4.4511139e+001 -2.3289047e+001 -2.4018942e+001 -2.3902227e+001 -2.7859848e+001
  1.5666667e+000 -4.4030979e+001 -2.3215401e+001 -2.3861980e+001 -2.3749826e+001 -2.7504354e+001
  1.5733333e+000 -4.3513519e+001 -2.3102095e+001 -2.3739721e+001 -2.3625263e+001 -2.7158611e+001
  1.5800000e+000 -4.2980114e+001 -2.2997030e+001 -2.3580702e+001 -2.3484531e+001 -2.6780039e+001
  1.5866667e+000 -4.2426167e+001 -2.2923378e+001 -2.3429478e+001 -2.3381975e+001 -2.6430607e+001
  1.5933333e+000 -4.1879303e+001 -2.2832464e+001 -2.3300413e+001 -2.3288269e+001 -2.6097395e+001
  1.6000000e+000 -4.1326591e+001 -2.2741789e+001 -2.3190536e+001 -2.3148945e+001 -2.5772209e+001
  1.6066667e+000 -4.0801617e+001 -2.2658371e+001 -2.3063578e+001 -2.3042238e+001 -2.5430946e+001
  1.6133333e+000 -4.0287830e+001 -2.2580067e+001 -2.2942339e+001 -2.2929855e+001 -2.5121042e+001
  1.6200000e+000 -3.9773472e+001 -2.2504391e+001 -2.2860455e+001 -2.2803276e+001 -2.4857794e+001
  1.6266667e+000 -3.9285255e+001 -2.2448515e+001 -2.2757925e+001 -2.2702358e+001 -2.4568388e+001
  1.6333333e+000 -3.8827881e+001 -2.2409389e+001 -2.2677839e+001 -2.2588640e+001 -2.4316973e+001
  1.6400000e+000 -3.8341331e+001 -2.2359402e+001 -2.2611160e+001 -2.2466940e+001 -2.4088249e+001
  1.6466667e+000 -3.7877945e+001 -2.2257370e+001 -2.2532263e+001 -2.2342333e+001 -2.3868971e+001
  1.6533333e+000 -3.7474129e+001 -2.2169477e+001 -2.2470098e+001 -2.2248337e+001 -2.3623907e+001
  1.6600000e+000 -3.7012722e+001 -2.2101355e+001 -2.2388296e+001 -2.2128801e+001 -2.3391623e+001
  1.6666667e+000 -3.6590405e+001 -2.2047882e+001 -2.2305128e+001 -2.2023649e+001 -2.3190393e+001
  1.6733333e+000 -3.6216969e+001 -2.1969753e+001 -2.2222971e+001 -2.1941641e+001 -2.2982882e+001
  1.6800000e+000 -3.5847672e+001 -2.1918678e+001 -2.2126900e+001 -2.1848864e+001 -2.2823763e+001
  1.6866667e+000 -3.5498882e+001 -2.1875513e+001 -2.2050268e+001 -2.1766087e+001 -2.2662514e+001
  1.6933333e+000 -3.5196770e+001 -2.1812975e+001 -2.1960955e+001 -2.1721334e+001 -2.2469975e+001
  1.7000000e+000 -3.4863880e+001 -2.1760576e+001 -2.1856258e+001 -2.1647850e+001 -2.2289412e+001
  1.7066667e+000 -3.4557426e+001 -2.1707117e+001 -2.1779459e+001 -2.1580902e+001 -2.2157370e+001
  1.7133333e+000 -3.4296013e+001 -2.1681885e+001 -2.1734316e+001 -2.1523699e+001 -2.2004663e+001
  1.7200000e+000 -3.3997097e+001 -2.1625780e+001 -2.1634317e+001 -2.1480122e+001 -2.1831039e+001
  1.7266667e+000 -3.3732082e+001 -2.1571524e+001 -2.1588575e+001 -2.1454556e+001 -2.1684721e+001
  1.7333333e+000 -3.3427017e+001 -2.1538734e+001 -2.1495182e+001 -2.1399649e+001 -2.1535793e+001
  1.7400000e+000 -3.3109131e+001 -2.1502211e+001 -2.1456131e+001 -2.1378973e+001 -2.1372910e+001
  1.7466667e+000 -3.2839886e+001 -2.1478565e+001 -2.1385117e+001 -2.1332726e+001 -2.1245419e+001
  1.7533333e+000 -3.2542137e+001 -2.1435381e+001 -2.1331192e+001 -2.1310396e+001 -2.1177055e+001
  1.7600000e+000 -3.2258148e+001 -2.1407478e+001 -2.1272903e+001 -2.1293177e+001 -2.1101654e+001
  1.7666667e+000 -3.1962807e+001 -2.1365334e+001 -2.1205162e+001 -2.1204176e+001 -2.0990486e+001
  1.7733333e+000 -3.1672714e+001 -2.1349171e+001 -2.1156813e+001 -2.1175346e+001 -2.0912752e+001
  1.7800000e+000 -3.1394770e+001 -2.1322889e+001 -2.1127518e+001 -2.1135403e+001 -2.0835222e+001
  1.7866667e+000 -3.1105631e+001 -2.1302532e+001 -2.1114040e+001 -2.1101503e+001 -2.0765993e+001
  1.7933333e+000 -3.0817072e+001 -2.1269232e+001 -2.1062918e+001 -2.1035948e+001 -2.0731033e+001
  1.8000000e+000 -3.0532995e+001 -2.1230469e+001 -2.1040703e+001 -2.1018965e+001 -2.0645069e+001
  1.8066667e+000 -3.0281084e+001 -2.1198870e+001 -2.1036100e+001 -2.0975073e+001 -2.0582720e+001
  1.8133333e+000 -3.0017183e+001 -2.1181501e+001 -2.0994585e+001 -2.0920908e+001 -2.0511740e+001
  1.8200000e+000 -2.9778311e+001 -2.1158323e+001 -2.0965132e+001 -2.0850262e+001 -2.0476288e+001
  1.8266667e+000 -2.9558975e+001 -2.1107107e+001 -2.0945751e+001 -2.0780655e+001 -2.0429344e+001
  1.8333333e+000 -2.9331499e+001 -2.1104765e+001 -2.0948393e+001 -2.0701883e+001 -2.0370712e+001
  1.8400000e+000 -2.9140718e+001 -2.1083302e+001 -2.0896984e+001 -2.0623043e+001 -2.0319721e+001
  1.8466667e+000 -2.8926460e+001 -2.1040005e+001 -2.0898403e+001 -2.0574226e+001 -2.0252071e+001
  1.8533333e+000 -2.8749077e+001 -2.1033188e+001 -2.0863022e+001 -2.0490690e+001 -2.0198252e+001
  1.8600000e+000 -2.8540434e+001 -2.1028732e+001 -2.0841202e+001 -2.0411551e+001 -2.0129391e+001
  1.8666667e+000 -2.8374575e+001 -2.1012690e+001 -2.0811550e+001 -2.0328585e+001 -2.0104065e+001
  1.8733333e+000 -2.8200308e+001 -2.0972525e+001 -2.0815849e+001 -2.0259308e+001 -2.0058655e+001
  1.8800000e+000 -2.8019270e+001 -2.0944241e+001 -2.0825514e+001 -2.0159176e+001 -1.9986864e+001
  1.8866667e+000 -2.7857241e+001 -2.0920486e+001 -2.0833836e+001 -2.0064198e+001 -1.9951471e+001
  1.8933333e+000 -2.7679787e+001 -2.0901293e+001 -2.0834743e+001 -1.9998974e+001 -1.9922243e+001
  1.9000000e+000 -2.7529587e+001 -2.0905674e+001 -2.0840391e+001 -1.9942501e+001 -1.9886490e+001
  1.9066667e+000 -2.7356333e+001 -2.0883209e+001 -2.0839720e+001 -1.9855597e+001 -1.9837635e+001
  1.9133333e+000 -2.7204361e+001 -2.0875259e+001 -2.0828217e+001 -1.9801922e+001 -1.9812609e+001
  1.9200000e+000 -2.7053724e+001 -2.0881439e+001 -2.0845793e+001 -1.9731712e+001 -1.9761889e+001
  1.9266667e+000 -2.6914980e+001 -2.0896965e+001 -2.0826666e+001 -1.9667749e+001 -1.9719351e+001
  1.9333333e+000 -2.6800905e+001 -2.0917837e+001 -2.0814043e+001 -1.9619713e+001 -1.9685253e+001
  1.9400000e+000 -2.6649687e+001 -2.0897129e+001 -2.0796221e+001 -1.9537844e+001 -1.9638718e+001
  1.9466667e+000 -2.6505207e+001 -2.0879887e+001 -2.0795874e+001 -1.9454847e+001 -1.9639793e+001
  1.9533333e+000 -2.6373934e+001 -2.0905157e+001 -2.0788742e+001 -1.9406433e+001 -1.9624067e+001
  1.9600000e+000 -2.6250471e+001 -2.0890760e+001 -2.0808443e+001 -1.9320736e+001 -1.9591228e+001
  1.9666667e+000 -2.6131237e+001 -2.0877993e+001 -2.0828178e+001 -1.9230507e+001 -1.9537861e+001
  1.9733333e+000 -2.6001272e+001 -2.0868406e+001 -2.0845161e+001 -1.9180889e+001 -1.9515244e+001
  1.9800000e+000 -2.5869350e+001 -2.0881784e+001 -2.0838057e+001 -1.9091911e+001 -1.9537907e+001
  1.9866667e+000 -2.5757437e+001 -2.0860031e+001 -2.0844233e+001 -1.9024462e+001 -1.9528826e+001
  1.9933333e+000 -2.5629461e+001 -2.0833170e+001 -2.0875317e+001 -1.8967268e+001 -1.9505842e+001
  2.0000000e+000 -2.5455160e+001 -2.0805260e+001 -2.0864313e+001 -1.8925116e+001 -1.9502337e+001
