 -5.0000000e-001  3.8518100e-001  3.8530800e-001  3.8520900e-001  3.8512600e-001  3.8517000e-001
 -4.9333333e-001  3.8515900e-001  3.8529200e-001  3.8519200e-001  3.8513900e-001  3.8517700e-001
 -4.8666667e-001  3.8515900e-001  3.8527500e-001  3.8514800e-001  3.8515600e-001  3.8519200e-001
 -4.8000000e-001  3.8512700e-001  3.8526200e-001  3.8518900e-001  3.8514400e-001  3.8517300e-001
 -4.7333333e-001  3.8515900e-001  3.8526800e-001  3.8521500e-001  3.8514100e-001  3.8517000e-001
 -4.6666667e-001  3.8520300e-001  3.8528100e-001  3.8518900e-001  3.8513600e-001  3.8516900e-001
 -4.6000000e-001  3.8520200e-001  3.8529100e-001  3.8521400e-001  3.8514100e-001  3.8518200e-001
 -4.5333333e-001  3.8522200e-001  3.8529300e-001  3.8519900e-001  3.8512300e-001  3.8520400e-001
 -4.4666667e-001  3.8519700e-001  3.8528100e-001  3.8519000e-001  3.8512800e-001  3.8517400e-001
 -4.4000000e-001  3.8516600e-001  3.8527700e-001  3.8519200e-001  3.8513200e-001  3.8517700e-001
 -4.3333333e-001  3.8516600e-001  3.8527000e-001  3.8518200e-001  3.8516100e-001  3.8518200e-001
 -4.2666667e-001  3.8518400e-001  3.8528100e-001  3.8519600e-001  3.8510800e-001  3.8518200e-001
 -4.2000000e-001  3.8519800e-001  3.8529800e-001  3.8522500e-001  3.8514100e-001  3.8518100e-001
 -4.1333333e-001  3.8522300e-001  3.8527100e-001  3.8522200e-001  3.8515600e-001  3.8518800e-001
 -4.0666667e-001  3.8518800e-001  3.8526900e-001  3.8522800e-001  3.8514600e-001  3.8518600e-001
 -4.0000000e-001  3.8521600e-001  3.8527600e-001  3.8520100e-001  3.8512700e-001  3.8518100e-001
 -3.9333333e-001  3.8519300e-001  3.8529400e-001  3.8517900e-001  3.8513400e-001  3.8519500e-001
 -3.8666667e-001  3.8520300e-001  3.8527300e-001  3.8522500e-001  3.8510900e-001  3.8525400e-001
 -3.8000000e-001  3.8521100e-001  3.8528600e-001  3.8521100e-001  3.8514300e-001  3.8520600e-001
 -3.7333333e-001  3.8522500e-001  3.8525500e-001  3.8521600e-001  3.8518000e-001  3.8520000e-001
 -3.6666667e-001  3.8520400e-001  3.8528200e-001  3.8521700e-001  3.8514600e-001  3.8521200e-001
 -3.6000000e-001  3.8519500e-001  3.8526400e-001  3.8521100e-001  3.8514700e-001  3.8520900e-001
 -3.5333333e-001  3.8518700e-001  3.8528600e-001  3.8521500e-001  3.8513600e-001  3.8521200e-001
 -3.4666667e-001  3.8519400e-001  3.8527000e-001  3.8522200e-001  3.8512300e-001  3.8521000e-001
 -3.4000000e-001  3.8521100e-001  3.8528100e-001  3.8523400e-001  3.8514100e-001  3.8520000e-001
 -3.3333333e-001  3.8522700e-001  3.8528100e-001  3.8521900e-001  3.8511300e-001  3.8520600e-001
 -3.2666667e-001  3.8521300e-001  3.8528300e-001  3.8523100e-001  3.8515100e-001  3.8520700e-001
 -3.2000000e-001  3.8521200e-001  3.8529800e-001  3.8525200e-001  3.8511600e-001  3.8521200e-001
 -3.1333333e-001  3.8524800e-001  3.8528700e-001  3.8521800e-001  3.8513500e-001  3.8518200e-001
 -3.0666667e-001  3.8523800e-001  3.8527200e-001  3.8522200e-001  3.8512900e-001  3.8518600e-001
 -3.0000000e-001  3.8524900e-001  3.8527400e-001  3.8522400e-001  3.8511700e-001  3.8521900e-001
 -2.9333333e-001  3.8524100e-001  3.8526900e-001  3.8524500e-001  3.8511300e-001  3.8520700e-001
 -2.8666667e-001  3.8524300e-001  3.8528100e-001  3.8526100e-001  3.8511400e-001  3.8519100e-001
 -2.8000000e-001  3.8523600e-001  3.8529100e-001  3.8523500e-001  3.8512800e-001  3.8521400e-001
 -2.7333333e-001  3.8524500e-001  3.8525600e-001  3.8528100e-001  3.8514200e-001  3.8521800e-001
 -2.6666667e-001  3.8524500e-001  3.8523600e-001  3.8523400e-001  3.8511900e-001  3.8516800e-001
 -2.6000000e-001  3.8524300e-001  3.8523400e-001  3.8522000e-001  3.8514600e-001  3.8520900e-001
 -2.5333333e-001  3.8523800e-001  3.8528700e-001  3.8524000e-001  3.8514900e-001  3.8520300e-001
 -2.4666667e-001  3.8525900e-001  3.8525600e-001  3.8525600e-001  3.8513100e-001  3.8520500e-001
 -2.4000000e-001  3.8523900e-001  3.8527000e-001  3.8526100e-001  3.8513800e-001  3.8518700e-001
 -2.3333333e-001  3.8528100e-001  3.8529500e-001  3.8527400e-001  3.8512800e-001  3.8517500e-001
 -2.2666667e-001  3.8526300e-001  3.8530000e-001  3.8527300e-001  3.8514900e-001  3.8521500e-001
 -2.2000000e-001  3.8528500e-001  3.8527800e-001  3.8528200e-001  3.8512100e-001  3.8520400e-001
 -2.1333333e-001  3.8527900e-001  3.8529200e-001  3.8529300e-001  3.8511100e-001  3.8519500e-001
 -2.0666667e-001  3.8522600e-001  3.8528500e-001  3.8522800e-001  3.8512800e-001  3.8520400e-001
 -2.0000000e-001  3.8525400e-001  3.8526300e-001  3.8523100e-001  3.8513900e-001  3.8518300e-001
 -1.9333333e-001  3.8525800e-001  3.8525900e-001  3.8524100e-001  3.8514300e-001  3.8517900e-001
 -1.8666667e-001  3.8525900e-001  3.8524700e-001  3.8523300e-001  3.8513000e-001  3.8518100e-001
 -1.8000000e-001  3.8523300e-001  3.8525700e-001  3.8523500e-001  3.8512300e-001  3.8518500e-001
 -1.7333333e-001  3.8525800e-001  3.8528000e-001  3.8523800e-001  3.8513800e-001  3.8518500e-001
 -1.6666667e-001  3.8526900e-001  3.8530000e-001  3.8524300e-001  3.8512300e-001  3.8516700e-001
 -1.6000000e-001  3.8526000e-001  3.8526200e-001  3.8524800e-001  3.8509500e-001  3.8517700e-001
 -1.5333333e-001  3.8525000e-001  3.8524800e-001  3.8525000e-001  3.8513000e-001  3.8521400e-001
 -1.4666667e-001  3.8523400e-001  3.8525500e-001  3.8525400e-001  3.8515000e-001  3.8522900e-001
 -1.4000000e-001  3.8524000e-001  3.8528300e-001  3.8524100e-001  3.8515000e-001  3.8518800e-001
 -1.3333333e-001  3.8526200e-001  3.8530100e-001  3.8524900e-001  3.8513100e-001  3.8518900e-001
 -1.2666667e-001  3.8527200e-001  3.8526400e-001  3.8519300e-001  3.8512200e-001  3.8520700e-001
 -1.2000000e-001  3.8527300e-001  3.8527400e-001  3.8525100e-001  3.8513500e-001  3.8518400e-001
 -1.1333333e-001  3.8528300e-001  3.8527700e-001  3.8527200e-001  3.8514200e-001  3.8521000e-001
 -1.0666667e-001  3.8525500e-001  3.8530500e-001  3.8524800e-001  3.8515000e-001  3.8517100e-001
 -1.0000000e-001  3.8528900e-001  3.8531700e-001  3.8526300e-001  3.8515800e-001  3.8519400e-001
 -9.3333333e-002  3.8527200e-001  3.8527100e-001  3.8530300e-001  3.8515500e-001  3.8522100e-001
 -8.6666667e-002  3.8526500e-001  3.8527800e-001  3.8524600e-001  3.8513600e-001  3.8518700e-001
 -8.0000000e-002  3.8530200e-001  3.8528200e-001  3.8524900e-001  3.8515800e-001  3.8519000e-001
 -7.3333333e-002  3.8526800e-001  3.8525900e-001  3.8524400e-001  3.8512700e-001  3.8520600e-001
 -6.6666667e-002  3.8527400e-001  3.8528200e-001  3.8526300e-001  3.8512300e-001  3.8518900e-001
 -6.0000000e-002  3.8525100e-001  3.8525900e-001  3.8525400e-001  3.8512300e-001  3.8516200e-001
 -5.3333333e-002  3.8528500e-001  3.8527400e-001  3.8522500e-001  3.8514600e-001  3.8514800e-001
 -4.6666667e-002  3.8527600e-001  3.8526100e-001  3.8525100e-001  3.8514400e-001  3.8517500e-001
 -4.0000000e-002  3.8528000e-001  3.8526400e-001  3.8526600e-001  3.8513700e-001  3.8517100e-001
 -3.3333333e-002  3.8528100e-001  3.8528500e-001  3.8524700e-001  3.8514200e-001  3.8516000e-001
 -2.6666667e-002  3.8522200e-001  3.8525400e-001  3.8522900e-001  3.8514100e-001  3.8514600e-001
 -2.0000000e-002  3.8519500e-001  3.8522200e-001  3.8518000e-001  3.8510700e-001  3.8509200e-001
 -1.3333333e-002  3.8515900e-001  3.8513200e-001  3.8508700e-001  3.8508400e-001  3.8505400e-001
 -6.6666667e-003  3.8503800e-001  3.8504300e-001  3.8498900e-001  3.8495800e-001  3.8494500e-001
  0.0000000e+000  3.8482200e-001  3.8479400e-001  3.8476800e-001  3.8479400e-001  3.8473700e-001
  6.6666667e-003  3.8455100e-001  3.8454400e-001  3.8451400e-001  3.8457000e-001  3.8444700e-001
  1.3333333e-002  3.8419700e-001  3.8418000e-001  3.8416700e-001  3.8425600e-001  3.8408300e-001
  2.0000000e-002  3.8382300e-001  3.8378800e-001  3.8375800e-001  3.8390000e-001  3.8376300e-001
  2.6666667e-002  3.8343900e-001  3.8340700e-001  3.8337700e-001  3.8350900e-001  3.8337200e-001
  3.3333333e-002  3.8300400e-001  3.8296100e-001  3.8299900e-001  3.8309400e-001  3.8294400e-001
  4.0000000e-002  3.8256100e-001  3.8257100e-001  3.8256000e-001  3.8266400e-001  3.8254500e-001
  4.6666667e-002  3.8211900e-001  3.8209600e-001  3.8210400e-001  3.8221100e-001  3.8208900e-001
  5.3333333e-002  3.8165100e-001  3.8164100e-001  3.8164700e-001  3.8178100e-001  3.8165000e-001
  6.0000000e-002  3.8118500e-001  3.8115600e-001  3.8121100e-001  3.8132000e-001  3.8114400e-001
  6.6666667e-002  3.8068700e-001  3.8064000e-001  3.8063000e-001  3.8080000e-001  3.8064800e-001
  7.3333333e-002  3.8005400e-001  3.7998300e-001  3.8005600e-001  3.8021400e-001  3.8003600e-001
  8.0000000e-002  3.7939800e-001  3.7933100e-001  3.7937000e-001  3.7959000e-001  3.7939300e-001
  8.6666667e-002  3.7865900e-001  3.7863500e-001  3.7867300e-001  3.7892400e-001  3.7866900e-001
  9.3333333e-002  3.7791200e-001  3.7789400e-001  3.7793300e-001  3.7817100e-001  3.7791000e-001
  1.0000000e-001  3.7714400e-001  3.7708400e-001  3.7715100e-001  3.7738900e-001  3.7717800e-001
  1.0666667e-001  3.7634500e-001  3.7627500e-001  3.7638200e-001  3.7660600e-001  3.7637800e-001
  1.1333333e-001  3.7551600e-001  3.7552600e-001  3.7560000e-001  3.7582200e-001  3.7556600e-001
  1.2000000e-001  3.7470700e-001  3.7472800e-001  3.7478900e-001  3.7500400e-001  3.7477300e-001
  1.2666667e-001  3.7388400e-001  3.7386200e-001  3.7395500e-001  3.7420600e-001  3.7393800e-001
  1.3333333e-001  3.7302200e-001  3.7298800e-001  3.7308300e-001  3.7333700e-001  3.7310200e-001
  1.4000000e-001  3.7207500e-001  3.7206500e-001  3.7212500e-001  3.7242200e-001  3.7214900e-001
  1.4666667e-001  3.7106700e-001  3.7104600e-001  3.7112900e-001  3.7143900e-001  3.7115700e-001
  1.5333333e-001  3.7001600e-001  3.6997800e-001  3.7007700e-001  3.7044600e-001  3.7011000e-001
  1.6000000e-001  3.6886800e-001  3.6886700e-001  3.6895100e-001  3.6930300e-001  3.6898700e-001
  1.6666667e-001  3.6772000e-001  3.6772700e-001  3.6776900e-001  3.6817100e-001  3.6785700e-001
  1.7333333e-001  3.6659700e-001  3.6651500e-001  3.6664500e-001  3.6702600e-001  3.6671400e-001
  1.8000000e-001  3.6535200e-001  3.6536800e-001  3.6544600e-001  3.6584700e-001  3.6549000e-001
  1.8666667e-001  3.6413200e-001  3.6415600e-001  3.6430100e-001  3.6466900e-001  3.6432200e-001
  1.9333333e-001  3.6294900e-001  3.6296700e-001  3.6309400e-001  3.6342700e-001  3.6311000e-001
  2.0000000e-001  3.6172900e-001  3.6170100e-001  3.6186100e-001  3.6226400e-001  3.6190400e-001
  2.0666667e-001  3.6047700e-001  3.6044800e-001  3.6059500e-001  3.6100000e-001  3.6065000e-001
  2.1333333e-001  3.5915300e-001  3.5914800e-001  3.5926000e-001  3.5965600e-001  3.5929700e-001
  2.2000000e-001  3.5775600e-001  3.5776400e-001  3.5785400e-001  3.5831800e-001  3.5793400e-001
  2.2666667e-001  3.5627300e-001  3.5629200e-001  3.5639400e-001  3.5692300e-001  3.5648400e-001
  2.3333333e-001  3.5478400e-001  3.5483700e-001  3.5496200e-001  3.5543000e-001  3.5505900e-001
  2.4000000e-001  3.5323300e-001  3.5327600e-001  3.5341700e-001  3.5388900e-001  3.5353000e-001
  2.4666667e-001  3.5171400e-001  3.5168600e-001  3.5183800e-001  3.5235200e-001  3.5195600e-001
  2.5333333e-001  3.5015700e-001  3.5008700e-001  3.5026800e-001  3.5081300e-001  3.5038000e-001
  2.6000000e-001  3.4852800e-001  3.4852200e-001  3.4865300e-001  3.4922800e-001  3.4873200e-001
  2.6666667e-001  3.4689800e-001  3.4688300e-001  3.4701700e-001  3.4761900e-001  3.4710000e-001
  2.7333333e-001  3.4526400e-001  3.4518000e-001  3.4536600e-001  3.4600700e-001  3.4542700e-001
  2.8000000e-001  3.4358500e-001  3.4350800e-001  3.4367400e-001  3.4430400e-001  3.4375600e-001
  2.8666667e-001  3.4190600e-001  3.4180900e-001  3.4201500e-001  3.4263300e-001  3.4206800e-001
  2.9333333e-001  3.4016200e-001  3.4012100e-001  3.4032100e-001  3.4095400e-001  3.4037900e-001
  3.0000000e-001  3.3845400e-001  3.3846800e-001  3.3861800e-001  3.3924400e-001  3.3873200e-001
  3.0666667e-001  3.3678900e-001  3.3678300e-001  3.3699900e-001  3.3751900e-001  3.3705100e-001
  3.1333333e-001  3.3510900e-001  3.3512300e-001  3.3531400e-001  3.3582000e-001  3.3538300e-001
  3.2000000e-001  3.3349700e-001  3.3349100e-001  3.3362900e-001  3.3419100e-001  3.3373500e-001
  3.2666667e-001  3.3188900e-001  3.3184400e-001  3.3200500e-001  3.3257300e-001  3.3213100e-001
  3.3333333e-001  3.3025000e-001  3.3023200e-001  3.3040700e-001  3.3095700e-001  3.3050700e-001
  3.4000000e-001  3.2868300e-001  3.2857800e-001  3.2874100e-001  3.2929000e-001  3.2881100e-001
  3.4666667e-001  3.2698100e-001  3.2686400e-001  3.2705100e-001  3.2764100e-001  3.2710700e-001
  3.5333333e-001  3.2529100e-001  3.2517600e-001  3.2537800e-001  3.2597600e-001  3.2544900e-001
  3.6000000e-001  3.2357900e-001  3.2348900e-001  3.2369900e-001  3.2423300e-001  3.2377300e-001
  3.6666667e-001  3.2186000e-001  3.2179900e-001  3.2202400e-001  3.2254900e-001  3.2203400e-001
  3.7333333e-001  3.2014600e-001  3.2010900e-001  3.2030600e-001  3.2087000e-001  3.2034200e-001
  3.8000000e-001  3.1844300e-001  3.1840100e-001  3.1857000e-001  3.1913800e-001  3.1867500e-001
  3.8666667e-001  3.1672500e-001  3.1671000e-001  3.1690100e-001  3.1742800e-001  3.1700800e-001
  3.9333333e-001  3.1505000e-001  3.1505500e-001  3.1523100e-001  3.1576300e-001  3.1531800e-001
  4.0000000e-001  3.1341100e-001  3.1339000e-001  3.1358900e-001  3.1406000e-001  3.1363800e-001
  4.0666667e-001  3.1179700e-001  3.1179200e-001  3.1194800e-001  3.1246100e-001  3.1197400e-001
  4.1333333e-001  3.1020600e-001  3.1013700e-001  3.1028100e-001  3.1081900e-001  3.1034300e-001
  4.2000000e-001  3.0860400e-001  3.0845900e-001  3.0863000e-001  3.0921300e-001  3.0870300e-001
  4.2666667e-001  3.0695100e-001  3.0677600e-001  3.0694100e-001  3.0753400e-001  3.0701800e-001
  4.3333333e-001  3.0516400e-001  3.0506700e-001  3.0526400e-001  3.0585700e-001  3.0533900e-001
  4.4000000e-001  3.0346000e-001  3.0340400e-001  3.0356400e-001  3.0415000e-001  3.0363100e-001
  4.4666667e-001  3.0172300e-001  3.0171700e-001  3.0189400e-001  3.0240800e-001  3.0193300e-001
  4.5333333e-001  2.9999000e-001  3.0004900e-001  3.0024700e-001  3.0078600e-001  3.0030100e-001
  4.6000000e-001  2.9832000e-001  2.9838900e-001  2.9854600e-001  2.9907700e-001  2.9865400e-001
  4.6666667e-001  2.9664100e-001  2.9668000e-001  2.9684400e-001  2.9738500e-001  2.9698300e-001
  4.7333333e-001  2.9497100e-001  2.9502900e-001  2.9518700e-001  2.9575900e-001  2.9531700e-001
  4.8000000e-001  2.9340300e-001  2.9339800e-001  2.9354000e-001  2.9410600e-001  2.9368200e-001
  4.8666667e-001  2.9176000e-001  2.9169300e-001  2.9187200e-001  2.9244600e-001  2.9200800e-001
  4.9333333e-001  2.9016400e-001  2.9005700e-001  2.9019900e-001  2.9079100e-001  2.9032100e-001
  5.0000000e-001  2.8851200e-001  2.8840500e-001  2.8854500e-001  2.8916200e-001  2.8865800e-001
  5.0666667e-001  2.8680700e-001  2.8674400e-001  2.8686700e-001  2.8744500e-001  2.8699100e-001
  5.1333333e-001  2.8515300e-001  2.8504300e-001  2.8521000e-001  2.8578900e-001  2.8528400e-001
  5.2000000e-001  2.8341200e-001  2.8336300e-001  2.8352400e-001  2.8409700e-001  2.8362200e-001
  5.2666667e-001  2.8172800e-001  2.8168000e-001  2.8182500e-001  2.8241500e-001  2.8191800e-001
  5.3333333e-001  2.8003900e-001  2.8000300e-001  2.8019600e-001  2.8073200e-001  2.8025100e-001
  5.4000000e-001  2.7836900e-001  2.7832600e-001  2.7853500e-001  2.7903700e-001  2.7861200e-001
  5.4666667e-001  2.7674900e-001  2.7673200e-001  2.7684400e-001  2.7736300e-001  2.7697100e-001
  5.5333333e-001  2.7515400e-001  2.7506900e-001  2.7520100e-001  2.7574100e-001  2.7531000e-001
  5.6000000e-001  2.7355900e-001  2.7340600e-001  2.7350800e-001  2.7408600e-001  2.7364400e-001
  5.6666667e-001  2.7197000e-001  2.7173700e-001  2.7185000e-001  2.7244200e-001  2.7197900e-001
  5.7333333e-001  2.7035000e-001  2.7009300e-001  2.7024600e-001  2.7079900e-001  2.7030700e-001
  5.8000000e-001  2.6865200e-001  2.6843300e-001  2.6854900e-001  2.6910400e-001  2.6862000e-001
  5.8666667e-001  2.6692600e-001  2.6671800e-001  2.6687800e-001  2.6744300e-001  2.6692700e-001
  5.9333333e-001  2.6514800e-001  2.6495100e-001  2.6513700e-001  2.6574600e-001  2.6524200e-001
  6.0000000e-001  2.6341500e-001  2.6330100e-001  2.6348400e-001  2.6406000e-001  2.6355400e-001
  6.0666667e-001  2.6180600e-001  2.6164000e-001  2.6179500e-001  2.6238000e-001  2.6189500e-001
  6.1333333e-001  2.6019000e-001  2.6002200e-001  2.6014500e-001  2.6072900e-001  2.6026300e-001
  6.2000000e-001  2.5852300e-001  2.5835700e-001  2.5850600e-001  2.5908400e-001  2.5858200e-001
  6.2666667e-001  2.5683000e-001  2.5664200e-001  2.5683200e-001  2.5738000e-001  2.5691700e-001
  6.3333333e-001  2.5511100e-001  2.5500200e-001  2.5511300e-001  2.5576300e-001  2.5522000e-001
  6.4000000e-001  2.5341300e-001  2.5334700e-001  2.5349400e-001  2.5403900e-001  2.5353700e-001
  6.4666667e-001  2.5173000e-001  2.5169700e-001  2.5184500e-001  2.5238200e-001  2.5189300e-001
  6.5333333e-001  2.4998300e-001  2.5002400e-001  2.5014300e-001  2.5072200e-001  2.5022400e-001
  6.6000000e-001  2.4829900e-001  2.4832300e-001  2.4847900e-001  2.4905200e-001  2.4857600e-001
  6.6666667e-001  2.4660200e-001  2.4665300e-001  2.4679500e-001  2.4731400e-001  2.4686600e-001
  6.7333333e-001  2.4498300e-001  2.4495000e-001  2.4511700e-001  2.4569500e-001  2.4518900e-001
  6.8000000e-001  2.4337200e-001  2.4323500e-001  2.4345400e-001  2.4400200e-001  2.4353000e-001
  6.8666667e-001  2.4175600e-001  2.4163200e-001  2.4178400e-001  2.4230200e-001  2.4185500e-001
  6.9333333e-001  2.4012100e-001  2.4000800e-001  2.4013500e-001  2.4066400e-001  2.4023000e-001
  7.0000000e-001  2.3847500e-001  2.3836400e-001  2.3845900e-001  2.3900700e-001  2.3858800e-001
  7.0666667e-001  2.3683700e-001  2.3667100e-001  2.3678300e-001  2.3738000e-001  2.3693200e-001
  7.1333333e-001  2.3513900e-001  2.3499200e-001  2.3511300e-001  2.3569000e-001  2.3520300e-001
  7.2000000e-001  2.3339600e-001  2.3330500e-001  2.3343800e-001  2.3402700e-001  2.3355000e-001
  7.2666667e-001  2.3170900e-001  2.3163800e-001  2.3183000e-001  2.3241000e-001  2.3189800e-001
  7.3333333e-001  2.3004300e-001  2.2998600e-001  2.3017200e-001  2.3074000e-001  2.3024500e-001
  7.4000000e-001  2.2833800e-001  2.2831200e-001  2.2850100e-001  2.2906200e-001  2.2857600e-001
  7.4666667e-001  2.2671600e-001  2.2666600e-001  2.2680800e-001  2.2738400e-001  2.2686100e-001
  7.5333333e-001  2.2509200e-001  2.2494700e-001  2.2517300e-001  2.2572700e-001  2.2520100e-001
  7.6000000e-001  2.2344300e-001  2.2330300e-001  2.2350900e-001  2.2404400e-001  2.2355700e-001
  7.6666667e-001  2.2185800e-001  2.2165400e-001  2.2185500e-001  2.2236100e-001  2.2189600e-001
  7.7333333e-001  2.2022000e-001  2.2000900e-001  2.2020600e-001  2.2074800e-001  2.2027400e-001
  7.8000000e-001  2.1855500e-001  2.1835400e-001  2.1855800e-001  2.1910400e-001  2.1860500e-001
  7.8666667e-001  2.1685700e-001  2.1663900e-001  2.1690900e-001  2.1745900e-001  2.1695100e-001
  7.9333333e-001  2.1510100e-001  2.1498000e-001  2.1518000e-001  2.1576200e-001  2.1526600e-001
  8.0000000e-001  2.1336900e-001  2.1329600e-001  2.1351400e-001  2.1403900e-001  2.1358300e-001
  8.0666667e-001  2.1170300e-001  2.1161900e-001  2.1183000e-001  2.1239700e-001  2.1191500e-001
  8.1333333e-001  2.1005200e-001  2.0992100e-001  2.1019000e-001  2.1073200e-001  2.1024000e-001
  8.2000000e-001  2.0842700e-001  2.0827300e-001  2.0852500e-001  2.0909100e-001  2.0856000e-001
  8.2666667e-001  2.0672700e-001  2.0658700e-001  2.0683000e-001  2.0739000e-001  2.0685800e-001
  8.3333333e-001  2.0505200e-001  2.0490300e-001  2.0512200e-001  2.0565500e-001  2.0516100e-001
  8.4000000e-001  2.0343300e-001  2.0323500e-001  2.0349100e-001  2.0398400e-001  2.0353000e-001
  8.4666667e-001  2.0179000e-001  2.0159400e-001  2.0181400e-001  2.0233400e-001  2.0189000e-001
  8.5333333e-001  2.0013100e-001  1.9993300e-001  2.0022200e-001  2.0074000e-001  2.0019700e-001
  8.6000000e-001  1.9845200e-001  1.9829500e-001  1.9853900e-001  1.9907400e-001  1.9856700e-001
  8.6666667e-001  1.9668700e-001  1.9660600e-001  1.9683900e-001  1.9736400e-001  1.9690200e-001
  8.7333333e-001  1.9503600e-001  1.9493000e-001  1.9511900e-001  1.9563900e-001  1.9518000e-001
  8.8000000e-001  1.9329900e-001  1.9320600e-001  1.9346500e-001  1.9401200e-001  1.9359000e-001
  8.8666667e-001  1.9164600e-001  1.9158200e-001  1.9179500e-001  1.9233900e-001  1.9189300e-001
  8.9333333e-001  1.9003300e-001  1.8993000e-001  1.9012600e-001  1.9067400e-001  1.9027500e-001
  9.0000000e-001  1.8840600e-001  1.8823200e-001  1.8846400e-001  1.8904100e-001  1.8857100e-001
  9.0666667e-001  1.8673000e-001  1.8659100e-001  1.8682400e-001  1.8740200e-001  1.8690700e-001
  9.1333333e-001  1.8506300e-001  1.8488500e-001  1.8511900e-001  1.8570800e-001  1.8525100e-001
  9.2000000e-001  1.8340400e-001  1.8321900e-001  1.8347100e-001  1.8401700e-001  1.8354700e-001
  9.2666667e-001  1.8172500e-001  1.8158600e-001  1.8180100e-001  1.8233300e-001  1.8189000e-001
  9.3333333e-001  1.8006600e-001  1.7991200e-001  1.8016400e-001  1.8070800e-001  1.8022900e-001
  9.4000000e-001  1.7833000e-001  1.7825900e-001  1.7841500e-001  1.7899600e-001  1.7852900e-001
  9.4666667e-001  1.7663800e-001  1.7649600e-001  1.7676100e-001  1.7736600e-001  1.7687300e-001
  9.5333333e-001  1.7494200e-001  1.7481000e-001  1.7503100e-001  1.7563600e-001  1.7513700e-001
  9.6000000e-001  1.7326500e-001  1.7311900e-001  1.7335800e-001  1.7396400e-001  1.7343800e-001
  9.6666667e-001  1.7164800e-001  1.7147900e-001  1.7170500e-001  1.7230300e-001  1.7176700e-001
  9.7333333e-001  1.7000300e-001  1.6986500e-001  1.7001200e-001  1.7060400e-001  1.7017700e-001
  9.8000000e-001  1.6837500e-001  1.6816400e-001  1.6838000e-001  1.6897900e-001  1.6853100e-001
  9.8666667e-001  1.6669800e-001  1.6653400e-001  1.6670200e-001  1.6728500e-001  1.6683700e-001
  9.9333333e-001  1.6500200e-001  1.6484400e-001  1.6508100e-001  1.6566600e-001  1.6514700e-001
  1.0000000e+000  1.6326300e-001  1.6314600e-001  1.6337200e-001  1.6397500e-001  1.6342800e-001
  1.0066667e+000  1.6163200e-001  1.6152800e-001  1.6171400e-001  1.6232300e-001  1.6180800e-001
  1.0133333e+000  1.5998900e-001  1.5986500e-001  1.6006500e-001  1.6069300e-001  1.6017900e-001
  1.0200000e+000  1.5831600e-001  1.5820600e-001  1.5842500e-001  1.5902600e-001  1.5851200e-001
  1.0266667e+000  1.5662900e-001  1.5653700e-001  1.5674900e-001  1.5735100e-001  1.5684800e-001
  1.0333333e+000  1.5494100e-001  1.5481800e-001  1.5504400e-001  1.5566300e-001  1.5510600e-001
  1.0400000e+000  1.5332500e-001  1.5316700e-001  1.5337200e-001  1.5394100e-001  1.5348400e-001
  1.0466667e+000  1.5169400e-001  1.5151400e-001  1.5170800e-001  1.5232200e-001  1.5183200e-001
  1.0533333e+000  1.5007600e-001  1.4989200e-001  1.5006900e-001  1.5065400e-001  1.5014600e-001
  1.0600000e+000  1.4843900e-001  1.4822400e-001  1.4842600e-001  1.4900500e-001  1.4854700e-001
  1.0666667e+000  1.4674400e-001  1.4653000e-001  1.4678100e-001  1.4732700e-001  1.4684200e-001
  1.0733333e+000  1.4502000e-001  1.4484100e-001  1.4508600e-001  1.4565200e-001  1.4515500e-001
  1.0800000e+000  1.4326900e-001  1.4318300e-001  1.4335800e-001  1.4398000e-001  1.4345800e-001
  1.0866667e+000  1.4160400e-001  1.4153700e-001  1.4170300e-001  1.4226600e-001  1.4181200e-001
  1.0933333e+000  1.3996900e-001  1.3987000e-001  1.4007300e-001  1.4063000e-001  1.4016000e-001
  1.1000000e+000  1.3829700e-001  1.3819000e-001  1.3840300e-001  1.3892900e-001  1.3847500e-001
  1.1066667e+000  1.3665600e-001  1.3650400e-001  1.3672500e-001  1.3725800e-001  1.3680800e-001
  1.1133333e+000  1.3495900e-001  1.3482900e-001  1.3505300e-001  1.3556300e-001  1.3512400e-001
  1.1200000e+000  1.3326300e-001  1.3316000e-001  1.3335300e-001  1.3392600e-001  1.3345400e-001
  1.1266667e+000  1.3161900e-001  1.3154700e-001  1.3172100e-001  1.3230000e-001  1.3175700e-001
  1.1333333e+000  1.2997700e-001  1.2989500e-001  1.3011200e-001  1.3063300e-001  1.3014400e-001
  1.1400000e+000  1.2838000e-001  1.2821600e-001  1.2844600e-001  1.2895400e-001  1.2848700e-001
  1.1466667e+000  1.2665100e-001  1.2655500e-001  1.2673300e-001  1.2728200e-001  1.2685300e-001
  1.1533333e+000  1.2497900e-001  1.2488800e-001  1.2509300e-001  1.2559700e-001  1.2515900e-001
  1.1600000e+000  1.2327900e-001  1.2319400e-001  1.2348500e-001  1.2389100e-001  1.2342200e-001
  1.1666667e+000  1.2161400e-001  1.2155900e-001  1.2176000e-001  1.2225500e-001  1.2180300e-001
  1.1733333e+000  1.1997600e-001  1.1991300e-001  1.2010100e-001  1.2062000e-001  1.2016000e-001
  1.1800000e+000  1.1832300e-001  1.1823400e-001  1.1839800e-001  1.1901000e-001  1.1847500e-001
  1.1866667e+000  1.1663200e-001  1.1653000e-001  1.1675500e-001  1.1732000e-001  1.1681100e-001
  1.1933333e+000  1.1498900e-001  1.1486700e-001  1.1509500e-001  1.1560300e-001  1.1511300e-001
  1.2000000e+000  1.1330900e-001  1.1313700e-001  1.1337500e-001  1.1391100e-001  1.1342300e-001
  1.2066667e+000  1.1160800e-001  1.1147500e-001  1.1170700e-001  1.1223400e-001  1.1173800e-001
  1.2133333e+000  1.0994200e-001  1.0984800e-001  1.1004200e-001  1.1057100e-001  1.1011600e-001
  1.2200000e+000  1.0829600e-001  1.0814900e-001  1.0835000e-001  1.0891800e-001  1.0851400e-001
  1.2266667e+000  1.0661900e-001  1.0650400e-001  1.0669700e-001  1.0723000e-001  1.0681800e-001
  1.2333333e+000  1.0489000e-001  1.0477900e-001  1.0501700e-001  1.0554600e-001  1.0509800e-001
  1.2400000e+000  1.0318500e-001  1.0313800e-001  1.0334200e-001  1.0384400e-001  1.0336000e-001
  1.2466667e+000  1.0153900e-001  1.0140300e-001  1.0164200e-001  1.0214300e-001  1.0170600e-001
  1.2533333e+000  9.9889000e-002  9.9788000e-002  9.9985000e-002  1.0047300e-001  1.0005000e-001
  1.2600000e+000  9.8220000e-002  9.8131000e-002  9.8332000e-002  9.8853000e-002  9.8389000e-002
  1.2666667e+000  9.6561000e-002  9.6470000e-002  9.6683000e-002  9.7251000e-002  9.6774000e-002
  1.2733333e+000  9.4919000e-002  9.4804000e-002  9.5065000e-002  9.5546000e-002  9.5070000e-002
  1.2800000e+000  9.3264000e-002  9.3163000e-002  9.3360000e-002  9.3906000e-002  9.3416000e-002
  1.2866667e+000  9.1606000e-002  9.1533000e-002  9.1666000e-002  9.2221000e-002  9.1766000e-002
  1.2933333e+000  8.9926000e-002  8.9871000e-002  9.0037000e-002  9.0560000e-002  9.0056000e-002
  1.3000000e+000  8.8234000e-002  8.8179000e-002  8.8392000e-002  8.8927000e-002  8.8440000e-002
  1.3066667e+000  8.6583000e-002  8.6510000e-002  8.6689000e-002  8.7259000e-002  8.6796000e-002
  1.3133333e+000  8.4938000e-002  8.4817000e-002  8.5015000e-002  8.5628000e-002  8.5116000e-002
  1.3200000e+000  8.3233000e-002  8.3143000e-002  8.3290000e-002  8.3878000e-002  8.3421000e-002
  1.3266667e+000  8.1531000e-002  8.1430000e-002  8.1652000e-002  8.2128000e-002  8.1726000e-002
  1.3333333e+000  7.9855000e-002  7.9748000e-002  7.9965000e-002  8.0462000e-002  8.0041000e-002
  1.3400000e+000  7.8186000e-002  7.8095000e-002  7.8265000e-002  7.8861000e-002  7.8302000e-002
  1.3466667e+000  7.6542000e-002  7.6442000e-002  7.6599000e-002  7.7178000e-002  7.6694000e-002
  1.3533333e+000  7.4841000e-002  7.4745000e-002  7.4915000e-002  7.5443000e-002  7.4983000e-002
  1.3600000e+000  7.3163000e-002  7.3090000e-002  7.3246000e-002  7.3800000e-002  7.3313000e-002
  1.3666667e+000  7.1434000e-002  7.1402000e-002  7.1519000e-002  7.2086000e-002  7.1646000e-002
  1.3733333e+000  6.9755000e-002  6.9681000e-002  6.9857000e-002  7.0444000e-002  6.9924000e-002
  1.3800000e+000  6.8053000e-002  6.8021000e-002  6.8239000e-002  6.8711000e-002  6.8304000e-002
  1.3866667e+000  6.6412000e-002  6.6344000e-002  6.6594000e-002  6.7065000e-002  6.6636000e-002
  1.3933333e+000  6.4776000e-002  6.4664000e-002  6.4916000e-002  6.5419000e-002  6.5021000e-002
  1.4000000e+000  6.3104000e-002  6.2972000e-002  6.3188000e-002  6.3738000e-002  6.3327000e-002
  1.4066667e+000  6.1409000e-002  6.1294000e-002  6.1518000e-002  6.2049000e-002  6.1615000e-002
  1.4133333e+000  5.9816000e-002  5.9667000e-002  5.9820000e-002  6.0406000e-002  5.9911000e-002
  1.4200000e+000  5.8183000e-002  5.8031000e-002  5.8156000e-002  5.8726000e-002  5.8264000e-002
  1.4266667e+000  5.6466000e-002  5.6329000e-002  5.6513000e-002  5.7114000e-002  5.6600000e-002
  1.4333333e+000  5.4785000e-002  5.4649000e-002  5.4817000e-002  5.5390000e-002  5.4967000e-002
  1.4400000e+000  5.3018000e-002  5.2983000e-002  5.3151000e-002  5.3682000e-002  5.3243000e-002
  1.4466667e+000  5.1367000e-002  5.1209000e-002  5.1442000e-002  5.1982000e-002  5.1524000e-002
  1.4533333e+000  4.9698000e-002  4.9524000e-002  4.9742000e-002  5.0300000e-002  4.9826000e-002
  1.4600000e+000  4.8045000e-002  4.7925000e-002  4.8114000e-002  4.8665000e-002  4.8183000e-002
  1.4666667e+000  4.6380000e-002  4.6305000e-002  4.6471000e-002  4.7037000e-002  4.6537000e-002
  1.4733333e+000  4.4742000e-002  4.4627000e-002  4.4822000e-002  4.5379000e-002  4.4825000e-002
  1.4800000e+000  4.3061000e-002  4.2910000e-002  4.3166000e-002  4.3667000e-002  4.3192000e-002
  1.4866667e+000  4.1395000e-002  4.1251000e-002  4.1394000e-002  4.2001000e-002  4.1538000e-002
  1.4933333e+000  3.9704000e-002  3.9561000e-002  3.9752000e-002  4.0305000e-002  3.9842000e-002
  1.5000000e+000  3.8033000e-002  3.7939000e-002  3.8102000e-002  3.8625000e-002  3.8174000e-002
  1.5066667e+000  3.6388000e-002  3.6294000e-002  3.6438000e-002  3.7014000e-002  3.6546000e-002
  1.5133333e+000  3.4743000e-002  3.4600000e-002  3.4868000e-002  3.5368000e-002  3.4904000e-002
  1.5200000e+000  3.3091000e-002  3.2940000e-002  3.3170000e-002  3.3732000e-002  3.3276000e-002
  1.5266667e+000  3.1378000e-002  3.1231000e-002  3.1467000e-002  3.2013000e-002  3.1538000e-002
  1.5333333e+000  2.9725000e-002  2.9602000e-002  2.9816000e-002  3.0321000e-002  2.9856000e-002
  1.5400000e+000  2.8060000e-002  2.7909000e-002  2.8131000e-002  2.8686000e-002  2.8235000e-002
  1.5466667e+000  2.6387000e-002  2.6324000e-002  2.6527000e-002  2.6993000e-002  2.6587000e-002
  1.5533333e+000  2.4729000e-002  2.4665000e-002  2.4840000e-002  2.5385000e-002  2.4894000e-002
  1.5600000e+000  2.3054000e-002  2.3002000e-002  2.3107000e-002  2.3758000e-002  2.3240000e-002
  1.5666667e+000  2.1379000e-002  2.1339000e-002  2.1479000e-002  2.2101000e-002  2.1546000e-002
  1.5733333e+000  1.9677000e-002  1.9629000e-002  1.9770000e-002  2.0380000e-002  1.9823000e-002
  1.5800000e+000  1.8082000e-002  1.7935000e-002  1.8172000e-002  1.8684000e-002  1.8144000e-002
  1.5866667e+000  1.6423000e-002  1.6302000e-002  1.6515000e-002  1.7040000e-002  1.6479000e-002
  1.5933333e+000  1.4795000e-002  1.4642000e-002  1.4895000e-002  1.5433000e-002  1.4826000e-002
  1.6000000e+000  1.3060000e-002  1.2931000e-002  1.3154000e-002  1.3739000e-002  1.3165000e-002
  1.6066667e+000  1.1412000e-002  1.1276000e-002  1.1460000e-002  1.2058000e-002  1.1400000e-002
  1.6133333e+000  9.6790000e-003  9.5680000e-003  9.7170000e-003  1.0347000e-002  9.7530000e-003
  1.6200000e+000  8.0080000e-003  7.9240000e-003  8.1120000e-003  8.6310000e-003  8.1070000e-003
  1.6266667e+000  6.3750000e-003  6.2670000e-003  6.4590000e-003  7.0100000e-003  6.5280000e-003
  1.6333333e+000  4.7570000e-003  4.6050000e-003  4.8140000e-003  5.3570000e-003  4.8720000e-003
  1.6400000e+000  3.0850000e-003  2.9500000e-003  3.1140000e-003  3.7280000e-003  3.2220000e-003
  1.6466667e+000  1.4470000e-003  1.2730000e-003  1.4610000e-003  2.0550000e-003  1.4740000e-003
  1.6533333e+000 -2.0800000e-004 -4.1000000e-004 -2.2200000e-004  3.6000000e-004 -2.0500000e-004
  1.6600000e+000 -1.8880000e-003 -2.1030000e-003 -1.8800000e-003 -1.3360000e-003 -1.8550000e-003
  1.6666667e+000 -3.5970000e-003 -3.7180000e-003 -3.5420000e-003 -3.0190000e-003 -3.5490000e-003
  1.6733333e+000 -5.2600000e-003 -5.3930000e-003 -5.2150000e-003 -4.6070000e-003 -5.1920000e-003
  1.6800000e+000 -6.9210000e-003 -7.0390000e-003 -6.8880000e-003 -6.3000000e-003 -6.8730000e-003
  1.6866667e+000 -8.5600000e-003 -8.7550000e-003 -8.5310000e-003 -7.9800000e-003 -8.4950000e-003
  1.6933333e+000 -1.0306000e-002 -1.0440000e-002 -1.0205000e-002 -9.7060000e-003 -1.0174000e-002
  1.7000000e+000 -1.1984000e-002 -1.2134000e-002 -1.1940000e-002 -1.1427000e-002 -1.1880000e-002
  1.7066667e+000 -1.3613000e-002 -1.3806000e-002 -1.3598000e-002 -1.3039000e-002 -1.3506000e-002
  1.7133333e+000 -1.5262000e-002 -1.5441000e-002 -1.5190000e-002 -1.4695000e-002 -1.5115000e-002
  1.7200000e+000 -1.6938000e-002 -1.7088000e-002 -1.6833000e-002 -1.6320000e-002 -1.6781000e-002
  1.7266667e+000 -1.8638000e-002 -1.8777000e-002 -1.8542000e-002 -1.8012000e-002 -1.8529000e-002
  1.7333333e+000 -2.0333000e-002 -2.0416000e-002 -2.0229000e-002 -1.9645000e-002 -2.0197000e-002
  1.7400000e+000 -2.2004000e-002 -2.2108000e-002 -2.1884000e-002 -2.1322000e-002 -2.1879000e-002
  1.7466667e+000 -2.3676000e-002 -2.3788000e-002 -2.3599000e-002 -2.3047000e-002 -2.3516000e-002
  1.7533333e+000 -2.5299000e-002 -2.5433000e-002 -2.5205000e-002 -2.4691000e-002 -2.5195000e-002
  1.7600000e+000 -2.6973000e-002 -2.7066000e-002 -2.6816000e-002 -2.6292000e-002 -2.6841000e-002
  1.7666667e+000 -2.8629000e-002 -2.8776000e-002 -2.8534000e-002 -2.8007000e-002 -2.8473000e-002
  1.7733333e+000 -3.0336000e-002 -3.0464000e-002 -3.0257000e-002 -2.9711000e-002 -3.0149000e-002
  1.7800000e+000 -3.2036000e-002 -3.2180000e-002 -3.1948000e-002 -3.1406000e-002 -3.1844000e-002
  1.7866667e+000 -3.3729000e-002 -3.3870000e-002 -3.3624000e-002 -3.3080000e-002 -3.3521000e-002
  1.7933333e+000 -3.5357000e-002 -3.5479000e-002 -3.5189000e-002 -3.4756000e-002 -3.5161000e-002
  1.8000000e+000 -3.6959000e-002 -3.7157000e-002 -3.6876000e-002 -3.6373000e-002 -3.6866000e-002
  1.8066667e+000 -3.8683000e-002 -3.8801000e-002 -3.8539000e-002 -3.8062000e-002 -3.8467000e-002
  1.8133333e+000 -4.0410000e-002 -4.0474000e-002 -4.0260000e-002 -3.9754000e-002 -4.0133000e-002
  1.8200000e+000 -4.2059000e-002 -4.2178000e-002 -4.1915000e-002 -4.1414000e-002 -4.1822000e-002
  1.8266667e+000 -4.3729000e-002 -4.3873000e-002 -4.3571000e-002 -4.3088000e-002 -4.3517000e-002
  1.8333333e+000 -4.5385000e-002 -4.5497000e-002 -4.5240000e-002 -4.4740000e-002 -4.5199000e-002
  1.8400000e+000 -4.7032000e-002 -4.7130000e-002 -4.6896000e-002 -4.6391000e-002 -4.6789000e-002
  1.8466667e+000 -4.8695000e-002 -4.8796000e-002 -4.8576000e-002 -4.8085000e-002 -4.8357000e-002
  1.8533333e+000 -5.0309000e-002 -5.0476000e-002 -5.0280000e-002 -4.9674000e-002 -4.9965000e-002
  1.8600000e+000 -5.2013000e-002 -5.2191000e-002 -5.1923000e-002 -5.1382000e-002 -5.1604000e-002
  1.8666667e+000 -5.3739000e-002 -5.3854000e-002 -5.3604000e-002 -5.3109000e-002 -5.3358000e-002
  1.8733333e+000 -5.5353000e-002 -5.5551000e-002 -5.5264000e-002 -5.4750000e-002 -5.5127000e-002
  1.8800000e+000 -5.7034000e-002 -5.7200000e-002 -5.6938000e-002 -5.6388000e-002 -5.6870000e-002
  1.8866667e+000 -5.8716000e-002 -5.8842000e-002 -5.8621000e-002 -5.8052000e-002 -5.8613000e-002
  1.8933333e+000 -6.0363000e-002 -6.0483000e-002 -6.0282000e-002 -5.9695000e-002 -6.0333000e-002
  1.9000000e+000 -6.2034000e-002 -6.2162000e-002 -6.1933000e-002 -6.1433000e-002 -6.2098000e-002
  1.9066667e+000 -6.3702000e-002 -6.3872000e-002 -6.3618000e-002 -6.3107000e-002 -6.3788000e-002
  1.9133333e+000 -6.5450000e-002 -6.5599000e-002 -6.5358000e-002 -6.4804000e-002 -6.5301000e-002
  1.9200000e+000 -6.7132000e-002 -6.7234000e-002 -6.7037000e-002 -6.6455000e-002 -6.6851000e-002
  1.9266667e+000 -6.8723000e-002 -6.8881000e-002 -6.8666000e-002 -6.8062000e-002 -6.8393000e-002
  1.9333333e+000 -7.0356000e-002 -7.0553000e-002 -7.0296000e-002 -6.9724000e-002 -6.9970000e-002
  1.9400000e+000 -7.2074000e-002 -7.2184000e-002 -7.1949000e-002 -7.1387000e-002 -7.1656000e-002
  1.9466667e+000 -7.3760000e-002 -7.3838000e-002 -7.3609000e-002 -7.3072000e-002 -7.3377000e-002
  1.9533333e+000 -7.5437000e-002 -7.5576000e-002 -7.5356000e-002 -7.4738000e-002 -7.5171000e-002
  1.9600000e+000 -7.7100000e-002 -7.7280000e-002 -7.6965000e-002 -7.6396000e-002 -7.6981000e-002
  1.9666667e+000 -7.8782000e-002 -7.8856000e-002 -7.8621000e-002 -7.8077000e-002 -7.8730000e-002
  1.9733333e+000 -8.0486000e-002 -8.0533000e-002 -8.0276000e-002 -7.9700000e-002 -8.0370000e-002
  1.9800000e+000 -8.2160000e-002 -8.2242000e-002 -8.1989000e-002 -8.1413000e-002 -8.2057000e-002
  1.9866667e+000 -8.3850000e-002 -8.3928000e-002 -8.3657000e-002 -8.3112000e-002 -8.3668000e-002
  1.9933333e+000 -8.5528000e-002 -8.5611000e-002 -8.5314000e-002 -8.4876000e-002 -8.5288000e-002
  2.0000000e+000 -8.7238000e-002 -8.7319000e-002 -8.7075000e-002 -8.6508000e-002 -8.6882000e-002
