 -5.0000000e-001 -2.7272141e+001 -2.7458776e+001 -2.7225977e+001 -2.7724844e+001 -2.6823797e+001
 -4.9333333e-001 -2.7278645e+001 -2.7452047e+001 -2.7232838e+001 -2.7712193e+001 -2.6803782e+001
 -4.8666667e-001 -2.7335527e+001 -2.7448690e+001 -2.7192810e+001 -2.7699999e+001 -2.6814924e+001
 -4.8000000e-001 -2.7327955e+001 -2.7411083e+001 -2.7196445e+001 -2.7670458e+001 -2.6806562e+001
 -4.7333333e-001 -2.7324924e+001 -2.7420162e+001 -2.7191151e+001 -2.7643772e+001 -2.6836945e+001
 -4.6666667e-001 -2.7340002e+001 -2.7408760e+001 -2.7209595e+001 -2.7680023e+001 -2.6873007e+001
 -4.6000000e-001 -2.7334576e+001 -2.7407310e+001 -2.7196285e+001 -2.7694704e+001 -2.6854044e+001
 -4.5333333e-001 -2.7343922e+001 -2.7402750e+001 -2.7194252e+001 -2.7686665e+001 -2.6798866e+001
 -4.4666667e-001 -2.7313181e+001 -2.7396940e+001 -2.7241692e+001 -2.7675867e+001 -2.6822132e+001
 -4.4000000e-001 -2.7318979e+001 -2.7418507e+001 -2.7220749e+001 -2.7683210e+001 -2.6833590e+001
 -4.3333333e-001 -2.7352173e+001 -2.7430965e+001 -2.7225769e+001 -2.7697754e+001 -2.6849955e+001
 -4.2666667e-001 -2.7378325e+001 -2.7392906e+001 -2.7193165e+001 -2.7683880e+001 -2.6861273e+001
 -4.2000000e-001 -2.7363350e+001 -2.7365475e+001 -2.7183018e+001 -2.7673235e+001 -2.6860674e+001
 -4.1333333e-001 -2.7327782e+001 -2.7367765e+001 -2.7183985e+001 -2.7662922e+001 -2.6858969e+001
 -4.0666667e-001 -2.7311018e+001 -2.7361923e+001 -2.7180613e+001 -2.7681871e+001 -2.6831306e+001
 -4.0000000e-001 -2.7359468e+001 -2.7371887e+001 -2.7174463e+001 -2.7706369e+001 -2.6842245e+001
 -3.9333333e-001 -2.7379673e+001 -2.7349878e+001 -2.7166870e+001 -2.7664921e+001 -2.6823820e+001
 -3.8666667e-001 -2.7362080e+001 -2.7341238e+001 -2.7191666e+001 -2.7654863e+001 -2.6827545e+001
 -3.8000000e-001 -2.7384258e+001 -2.7351917e+001 -2.7180716e+001 -2.7659624e+001 -2.6860743e+001
 -3.7333333e-001 -2.7393280e+001 -2.7348074e+001 -2.7171114e+001 -2.7682241e+001 -2.6805683e+001
 -3.6666667e-001 -2.7414240e+001 -2.7337729e+001 -2.7186422e+001 -2.7713530e+001 -2.6769979e+001
 -3.6000000e-001 -2.7439337e+001 -2.7364573e+001 -2.7219612e+001 -2.7703573e+001 -2.6801167e+001
 -3.5333333e-001 -2.7386065e+001 -2.7368956e+001 -2.7219599e+001 -2.7673822e+001 -2.6803650e+001
 -3.4666667e-001 -2.7371946e+001 -2.7370968e+001 -2.7204699e+001 -2.7636768e+001 -2.6808002e+001
 -3.4000000e-001 -2.7375944e+001 -2.7352102e+001 -2.7195545e+001 -2.7632864e+001 -2.6817406e+001
 -3.3333333e-001 -2.7397442e+001 -2.7339798e+001 -2.7185448e+001 -2.7675056e+001 -2.6798164e+001
 -3.2666667e-001 -2.7384361e+001 -2.7317877e+001 -2.7180677e+001 -2.7675699e+001 -2.6817368e+001
 -3.2000000e-001 -2.7390671e+001 -2.7339088e+001 -2.7154760e+001 -2.7669323e+001 -2.6844212e+001
 -3.1333333e-001 -2.7415503e+001 -2.7366268e+001 -2.7169731e+001 -2.7631161e+001 -2.6810589e+001
 -3.0666667e-001 -2.7369608e+001 -2.7358128e+001 -2.7200457e+001 -2.7615377e+001 -2.6783091e+001
 -3.0000000e-001 -2.7386620e+001 -2.7326578e+001 -2.7151352e+001 -2.7618599e+001 -2.6796734e+001
 -2.9333333e-001 -2.7412695e+001 -2.7326807e+001 -2.7164793e+001 -2.7558886e+001 -2.6820940e+001
 -2.8666667e-001 -2.7416779e+001 -2.7352169e+001 -2.7189402e+001 -2.7575756e+001 -2.6837481e+001
 -2.8000000e-001 -2.7415705e+001 -2.7336029e+001 -2.7176083e+001 -2.7601561e+001 -2.6854902e+001
 -2.7333333e-001 -2.7417320e+001 -2.7359299e+001 -2.7180204e+001 -2.7579031e+001 -2.6855852e+001
 -2.6666667e-001 -2.7411608e+001 -2.7362825e+001 -2.7169571e+001 -2.7544344e+001 -2.6844025e+001
 -2.6000000e-001 -2.7398697e+001 -2.7338757e+001 -2.7199404e+001 -2.7585489e+001 -2.6844019e+001
 -2.5333333e-001 -2.7404612e+001 -2.7364330e+001 -2.7221291e+001 -2.7587988e+001 -2.6882034e+001
 -2.4666667e-001 -2.7372448e+001 -2.7389587e+001 -2.7186182e+001 -2.7569708e+001 -2.6868109e+001
 -2.4000000e-001 -2.7339678e+001 -2.7383194e+001 -2.7216379e+001 -2.7586021e+001 -2.6864922e+001
 -2.3333333e-001 -2.7341946e+001 -2.7393280e+001 -2.7227528e+001 -2.7583323e+001 -2.6881218e+001
 -2.2666667e-001 -2.7359201e+001 -2.7364079e+001 -2.7208351e+001 -2.7583221e+001 -2.6837425e+001
 -2.2000000e-001 -2.7417358e+001 -2.7353186e+001 -2.7204317e+001 -2.7600433e+001 -2.6831978e+001
 -2.1333333e-001 -2.7450621e+001 -2.7402184e+001 -2.7211390e+001 -2.7591290e+001 -2.6827225e+001
 -2.0666667e-001 -2.7439465e+001 -2.7398176e+001 -2.7197451e+001 -2.7581135e+001 -2.6853384e+001
 -2.0000000e-001 -2.7451132e+001 -2.7392092e+001 -2.7173178e+001 -2.7577534e+001 -2.6869898e+001
 -1.9333333e-001 -2.7457415e+001 -2.7396982e+001 -2.7165451e+001 -2.7581129e+001 -2.6853859e+001
 -1.8666667e-001 -2.7399111e+001 -2.7397440e+001 -2.7181494e+001 -2.7604769e+001 -2.6854355e+001
 -1.8000000e-001 -2.7396492e+001 -2.7413687e+001 -2.7188843e+001 -2.7611797e+001 -2.6868971e+001
 -1.7333333e-001 -2.7420362e+001 -2.7431183e+001 -2.7198235e+001 -2.7642452e+001 -2.6875597e+001
 -1.6666667e-001 -2.7409470e+001 -2.7412104e+001 -2.7209328e+001 -2.7631773e+001 -2.6883820e+001
 -1.6000000e-001 -2.7389334e+001 -2.7427290e+001 -2.7215078e+001 -2.7602766e+001 -2.6869797e+001
 -1.5333333e-001 -2.7387947e+001 -2.7434263e+001 -2.7167944e+001 -2.7585661e+001 -2.6842165e+001
 -1.4666667e-001 -2.7368402e+001 -2.7441490e+001 -2.7105778e+001 -2.7611603e+001 -2.6839685e+001
 -1.4000000e-001 -2.7406504e+001 -2.7459457e+001 -2.7165642e+001 -2.7671091e+001 -2.6855347e+001
 -1.3333333e-001 -2.7414095e+001 -2.7483633e+001 -2.7201834e+001 -2.7637903e+001 -2.6871376e+001
 -1.2666667e-001 -2.7386427e+001 -2.7468393e+001 -2.7167227e+001 -2.7644384e+001 -2.6876696e+001
 -1.2000000e-001 -2.7385056e+001 -2.7425470e+001 -2.7155025e+001 -2.7674013e+001 -2.6855923e+001
 -1.1333333e-001 -2.7352711e+001 -2.7421070e+001 -2.7194452e+001 -2.7670837e+001 -2.6835913e+001
 -1.0666667e-001 -2.7391094e+001 -2.7435080e+001 -2.7222235e+001 -2.7650055e+001 -2.6823372e+001
 -1.0000000e-001 -2.7394594e+001 -2.7426134e+001 -2.7236586e+001 -2.7673809e+001 -2.6846878e+001
 -9.3333333e-002 -2.7405355e+001 -2.7419304e+001 -2.7203310e+001 -2.7700693e+001 -2.6850447e+001
 -8.6666667e-002 -2.7360161e+001 -2.7434795e+001 -2.7164606e+001 -2.7691433e+001 -2.6804472e+001
 -8.0000000e-002 -2.7344080e+001 -2.7422499e+001 -2.7233988e+001 -2.7647083e+001 -2.6812510e+001
 -7.3333333e-002 -2.7353512e+001 -2.7410631e+001 -2.7262543e+001 -2.7643002e+001 -2.6850922e+001
 -6.6666667e-002 -2.7361422e+001 -2.7430681e+001 -2.7221004e+001 -2.7663475e+001 -2.6839258e+001
 -6.0000000e-002 -2.7359888e+001 -2.7425297e+001 -2.7181118e+001 -2.7685402e+001 -2.6787714e+001
 -5.3333333e-002 -2.7352053e+001 -2.7401609e+001 -2.7173931e+001 -2.7660063e+001 -2.6778952e+001
 -4.6666667e-002 -2.7388550e+001 -2.7383335e+001 -2.7218145e+001 -2.7636257e+001 -2.6776875e+001
 -4.0000000e-002 -2.7390680e+001 -2.7401722e+001 -2.7227144e+001 -2.7668135e+001 -2.6788258e+001
 -3.3333333e-002 -2.7414585e+001 -2.7443798e+001 -2.7202433e+001 -2.7685171e+001 -2.6811359e+001
 -2.6666667e-002 -2.7377544e+001 -2.7437805e+001 -2.7188967e+001 -2.7668659e+001 -2.6788902e+001
 -2.0000000e-002 -2.7362167e+001 -2.7377653e+001 -2.7180174e+001 -2.7645590e+001 -2.6757227e+001
 -1.3333333e-002 -2.7374197e+001 -2.7373743e+001 -2.7237774e+001 -2.7658646e+001 -2.6761482e+001
 -6.6666667e-003 -2.7362549e+001 -2.7454411e+001 -2.7235722e+001 -2.7670486e+001 -2.6763945e+001
  0.0000000e+000 -2.7347321e+001 -2.7454912e+001 -2.7207670e+001 -2.7664799e+001 -2.6775705e+001
  6.6666667e-003 -2.7380440e+001 -2.7420097e+001 -2.7200123e+001 -2.7669590e+001 -2.6794561e+001
  1.3333333e-002 -2.7399366e+001 -2.7410498e+001 -2.7218172e+001 -2.7635036e+001 -2.6788465e+001
  2.0000000e-002 -2.7397484e+001 -2.7376673e+001 -2.7217396e+001 -2.7619385e+001 -2.6762346e+001
  2.6666667e-002 -2.7381243e+001 -2.7417927e+001 -2.7214952e+001 -2.7674328e+001 -2.6766388e+001
  3.3333333e-002 -2.7374250e+001 -2.7420803e+001 -2.7177589e+001 -2.7691740e+001 -2.6799326e+001
  4.0000000e-002 -2.7372475e+001 -2.7400051e+001 -2.7140465e+001 -2.7654985e+001 -2.6811987e+001
  4.6666667e-002 -2.7367455e+001 -2.7408911e+001 -2.7165092e+001 -2.7633820e+001 -2.6823757e+001
  5.3333333e-002 -2.7423134e+001 -2.7412163e+001 -2.7172733e+001 -2.7633465e+001 -2.6805214e+001
  6.0000000e-002 -2.7414690e+001 -2.7384802e+001 -2.7195904e+001 -2.7591696e+001 -2.6761534e+001
  6.6666667e-002 -2.7367950e+001 -2.7353693e+001 -2.7166128e+001 -2.7579453e+001 -2.6782110e+001
  7.3333333e-002 -2.7397114e+001 -2.7348894e+001 -2.7165176e+001 -2.7606747e+001 -2.6824436e+001
  8.0000000e-002 -2.7393608e+001 -2.7360821e+001 -2.7222082e+001 -2.7589962e+001 -2.6784182e+001
  8.6666667e-002 -2.7376272e+001 -2.7354998e+001 -2.7205198e+001 -2.7606760e+001 -2.6784416e+001
  9.3333333e-002 -2.7396418e+001 -2.7344475e+001 -2.7216133e+001 -2.7653328e+001 -2.6785259e+001
  1.0000000e-001 -2.7388222e+001 -2.7377426e+001 -2.7248453e+001 -2.7652355e+001 -2.6804541e+001
  1.0666667e-001 -2.7376562e+001 -2.7404970e+001 -2.7220028e+001 -2.7642023e+001 -2.6873001e+001
  1.1333333e-001 -2.7386047e+001 -2.7432581e+001 -2.7205399e+001 -2.7696465e+001 -2.6899416e+001
  1.2000000e-001 -2.7397682e+001 -2.7443924e+001 -2.7238220e+001 -2.7700315e+001 -2.6877773e+001
  1.2666667e-001 -2.7399073e+001 -2.7464272e+001 -2.7255863e+001 -2.7685768e+001 -2.6892384e+001
  1.3333333e-001 -2.7399952e+001 -2.7495890e+001 -2.7268436e+001 -2.7751184e+001 -2.6914318e+001
  1.4000000e-001 -2.7426781e+001 -2.7516569e+001 -2.7266647e+001 -2.7763016e+001 -2.6894909e+001
  1.4666667e-001 -2.7417152e+001 -2.7522081e+001 -2.7284882e+001 -2.7740856e+001 -2.6873011e+001
  1.5333333e-001 -2.7402462e+001 -2.7525120e+001 -2.7246471e+001 -2.7721811e+001 -2.6837191e+001
  1.6000000e-001 -2.7414135e+001 -2.7534132e+001 -2.7271648e+001 -2.7733049e+001 -2.6807585e+001
  1.6666667e-001 -2.7401955e+001 -2.7510670e+001 -2.7297628e+001 -2.7772280e+001 -2.6816141e+001
  1.7333333e-001 -2.7431358e+001 -2.7480740e+001 -2.7261116e+001 -2.7731819e+001 -2.6851189e+001
  1.8000000e-001 -2.7392805e+001 -2.7469698e+001 -2.7243366e+001 -2.7647213e+001 -2.6834000e+001
  1.8666667e-001 -2.7338356e+001 -2.7488661e+001 -2.7248093e+001 -2.7657911e+001 -2.6842691e+001
  1.9333333e-001 -2.7352272e+001 -2.7495203e+001 -2.7259285e+001 -2.7667135e+001 -2.6860664e+001
  2.0000000e-001 -2.7376799e+001 -2.7524252e+001 -2.7227901e+001 -2.7673508e+001 -2.6898729e+001
  2.0666667e-001 -2.7417543e+001 -2.7535854e+001 -2.7197226e+001 -2.7652426e+001 -2.6913052e+001
  2.1333333e-001 -2.7488420e+001 -2.7547228e+001 -2.7170050e+001 -2.7619667e+001 -2.6879280e+001
  2.2000000e-001 -2.7555616e+001 -2.7595549e+001 -2.7181538e+001 -2.7533602e+001 -2.6820499e+001
  2.2666667e-001 -2.7662746e+001 -2.7623983e+001 -2.7203781e+001 -2.7484943e+001 -2.6814692e+001
  2.3333333e-001 -2.7757017e+001 -2.7656164e+001 -2.7188210e+001 -2.7495949e+001 -2.6780659e+001
  2.4000000e-001 -2.7895515e+001 -2.7663490e+001 -2.7136168e+001 -2.7481047e+001 -2.6711918e+001
  2.4666667e-001 -2.7988243e+001 -2.7645161e+001 -2.7016996e+001 -2.7523489e+001 -2.6676947e+001
  2.5333333e-001 -2.7990911e+001 -2.7596376e+001 -2.6855513e+001 -2.7540449e+001 -2.6624334e+001
  2.6000000e-001 -2.8019508e+001 -2.7511168e+001 -2.6695620e+001 -2.7501776e+001 -2.6499266e+001
  2.6666667e-001 -2.8053970e+001 -2.7426519e+001 -2.6469648e+001 -2.7438066e+001 -2.6387869e+001
  2.7333333e-001 -2.8041536e+001 -2.7335920e+001 -2.6187855e+001 -2.7407812e+001 -2.6302238e+001
  2.8000000e-001 -2.7972282e+001 -2.7248695e+001 -2.5900236e+001 -2.7449514e+001 -2.6193985e+001
  2.8666667e-001 -2.7843533e+001 -2.7139784e+001 -2.5635864e+001 -2.7442923e+001 -2.6103197e+001
  2.9333333e-001 -2.7751953e+001 -2.7040619e+001 -2.5423557e+001 -2.7407843e+001 -2.6057255e+001
  3.0000000e-001 -2.7617847e+001 -2.6939121e+001 -2.5187223e+001 -2.7417744e+001 -2.6010077e+001
  3.0666667e-001 -2.7427439e+001 -2.6862280e+001 -2.4985909e+001 -2.7447084e+001 -2.5947618e+001
  3.1333333e-001 -2.7274826e+001 -2.6825302e+001 -2.4865499e+001 -2.7431526e+001 -2.5923395e+001
  3.2000000e-001 -2.7116781e+001 -2.6767950e+001 -2.4861475e+001 -2.7465162e+001 -2.5892721e+001
  3.2666667e-001 -2.6913435e+001 -2.6746956e+001 -2.4884031e+001 -2.7500032e+001 -2.5876162e+001
  3.3333333e-001 -2.6764048e+001 -2.6705862e+001 -2.4886509e+001 -2.7542168e+001 -2.5854555e+001
  3.4000000e-001 -2.6620897e+001 -2.6715763e+001 -2.4945799e+001 -2.7621393e+001 -2.5847914e+001
  3.4666667e-001 -2.6513142e+001 -2.6805483e+001 -2.5006981e+001 -2.7686255e+001 -2.5833780e+001
  3.5333333e-001 -2.6446785e+001 -2.6843079e+001 -2.5049303e+001 -2.7714251e+001 -2.5822659e+001
  3.6000000e-001 -2.6392084e+001 -2.6849962e+001 -2.5142876e+001 -2.7736301e+001 -2.5850061e+001
  3.6666667e-001 -2.6327600e+001 -2.6893822e+001 -2.5234766e+001 -2.7736582e+001 -2.5922977e+001
  3.7333333e-001 -2.6254889e+001 -2.6951132e+001 -2.5299112e+001 -2.7755037e+001 -2.6049578e+001
  3.8000000e-001 -2.6231447e+001 -2.7040300e+001 -2.5416389e+001 -2.7784019e+001 -2.6202644e+001
  3.8666667e-001 -2.6259142e+001 -2.7193693e+001 -2.5571188e+001 -2.7852631e+001 -2.6337372e+001
  3.9333333e-001 -2.6281994e+001 -2.7358080e+001 -2.5795843e+001 -2.7915678e+001 -2.6497208e+001
  4.0000000e-001 -2.6279589e+001 -2.7528709e+001 -2.6069908e+001 -2.7901920e+001 -2.6720213e+001
  4.0666667e-001 -2.6290813e+001 -2.7748713e+001 -2.6310694e+001 -2.7936966e+001 -2.6930571e+001
  4.1333333e-001 -2.6299629e+001 -2.7944502e+001 -2.6565388e+001 -2.8036673e+001 -2.7205740e+001
  4.2000000e-001 -2.6055803e+001 -2.8134789e+001 -2.6810917e+001 -2.8111784e+001 -2.7516811e+001
  4.2666667e-001 -2.6005026e+001 -2.8255169e+001 -2.6958698e+001 -2.8218000e+001 -2.7797056e+001
  4.3333333e-001 -2.5902142e+001 -2.8391994e+001 -2.7084284e+001 -2.8339882e+001 -2.8054529e+001
  4.4000000e-001 -2.6127396e+001 -2.8582010e+001 -2.7222782e+001 -2.8507879e+001 -2.8336191e+001
  4.4666667e-001 -2.5924530e+001 -2.8694267e+001 -2.7298630e+001 -2.8641659e+001 -2.8567009e+001
  4.5333333e-001 -2.5716112e+001 -2.8774113e+001 -2.7311193e+001 -2.8814751e+001 -2.8779346e+001
  4.6000000e-001 -2.5530806e+001 -2.8890341e+001 -2.7283655e+001 -2.9009068e+001 -2.8976145e+001
  4.6666667e-001 -2.5353395e+001 -2.8989895e+001 -2.7241289e+001 -2.9188848e+001 -2.9134384e+001
  4.7333333e-001 -2.5264694e+001 -2.9090555e+001 -2.7156477e+001 -2.9378330e+001 -2.9051926e+001
  4.8000000e-001 -2.5296976e+001 -2.9223146e+001 -2.7113689e+001 -2.9560863e+001 -2.9443989e+001
  4.8666667e-001 -2.5377026e+001 -2.9363178e+001 -2.7155457e+001 -2.9747961e+001 -2.9583910e+001
  4.9333333e-001 -2.5467497e+001 -2.9499460e+001 -2.7190311e+001 -2.9909487e+001 -2.9702505e+001
  5.0000000e-001 -2.5606812e+001 -2.9627981e+001 -2.7448654e+001 -3.0042126e+001 -2.9556152e+001
  5.0666667e-001 -2.5755709e+001 -2.9801416e+001 -2.7606379e+001 -3.0171665e+001 -2.9946999e+001
  5.1333333e-001 -2.5894053e+001 -3.0009611e+001 -2.7078732e+001 -3.0302988e+001 -3.0102358e+001
  5.2000000e-001 -2.6080551e+001 -3.0216200e+001 -2.7324177e+001 -3.0343679e+001 -3.0219158e+001
  5.2666667e-001 -2.6324080e+001 -3.0359184e+001 -2.7551493e+001 -3.0357340e+001 -3.0363562e+001
  5.3333333e-001 -2.6560181e+001 -3.0454792e+001 -2.7770264e+001 -3.0364429e+001 -3.0525551e+001
  5.4000000e-001 -2.6845554e+001 -3.0588753e+001 -2.8076698e+001 -3.0364521e+001 -3.0708298e+001
  5.4666667e-001 -2.7142576e+001 -3.0698792e+001 -2.8286180e+001 -3.0354307e+001 -3.0817234e+001
  5.5333333e-001 -2.7432278e+001 -3.0777714e+001 -2.8684572e+001 -3.0402205e+001 -3.0838018e+001
  5.6000000e-001 -2.7710619e+001 -3.0901440e+001 -3.0175489e+001 -3.0566248e+001 -3.1521269e+001
  5.6666667e-001 -2.7976028e+001 -3.1051558e+001 -3.0599907e+001 -3.0691801e+001 -3.1718611e+001
  5.7333333e-001 -2.8248219e+001 -3.1113697e+001 -3.0999586e+001 -3.0687262e+001 -3.1710878e+001
  5.8000000e-001 -2.8512028e+001 -3.1730371e+001 -3.1475552e+001 -3.0855858e+001 -3.1889528e+001
  5.8666667e-001 -2.8774260e+001 -3.1663292e+001 -3.1990257e+001 -3.0913921e+001 -3.2129726e+001
  5.9333333e-001 -2.9027264e+001 -3.1159451e+001 -3.2472752e+001 -3.1121891e+001 -3.2393761e+001
  6.0000000e-001 -2.9351112e+001 -3.1737635e+001 -3.3071869e+001 -3.1139812e+001 -3.2600864e+001
  6.0666667e-001 -2.9639975e+001 -3.2257763e+001 -3.3649372e+001 -3.1004438e+001 -3.3018620e+001
  6.1333333e-001 -2.9889666e+001 -3.1931873e+001 -3.4130329e+001 -3.1117628e+001 -3.3295158e+001
  6.2000000e-001 -3.0227072e+001 -3.2572632e+001 -3.4693123e+001 -3.1920776e+001 -3.3570255e+001
  6.2666667e-001 -3.0570202e+001 -3.2675274e+001 -3.5220402e+001 -3.2034008e+001 -3.3758495e+001
  6.3333333e-001 -3.0926899e+001 -3.3120041e+001 -3.5726654e+001 -3.2073238e+001 -3.3877399e+001
  6.4000000e-001 -3.1305012e+001 -3.3176983e+001 -3.6263668e+001 -3.2789658e+001 -3.4260628e+001
  6.4666667e-001 -3.1573828e+001 -3.2961777e+001 -3.6722702e+001 -3.3010468e+001 -3.4436779e+001
  6.5333333e-001 -3.1883362e+001 -3.3111580e+001 -3.7177612e+001 -3.3182125e+001 -3.4763008e+001
  6.6000000e-001 -3.2183964e+001 -3.3264694e+001 -3.7620853e+001 -3.3408058e+001 -3.5128639e+001
  6.6666667e-001 -3.2509762e+001 -3.3440048e+001 -3.7420723e+001 -3.3674873e+001 -3.5318508e+001
  6.7333333e-001 -3.2771698e+001 -3.3652687e+001 -3.7704544e+001 -3.3895306e+001 -3.6062645e+001
  6.8000000e-001 -3.2997383e+001 -3.4031063e+001 -3.8095455e+001 -3.4065186e+001 -3.6345673e+001
  6.8666667e-001 -3.2880630e+001 -3.4114841e+001 -3.8710297e+001 -3.4269604e+001 -3.6635216e+001
  6.9333333e-001 -3.3301613e+001 -3.4190750e+001 -3.8819881e+001 -3.4517921e+001 -3.6948185e+001
  7.0000000e-001 -3.3458599e+001 -3.4373505e+001 -3.8897770e+001 -3.4741611e+001 -3.7257423e+001
  7.0666667e-001 -3.3613865e+001 -3.4558746e+001 -3.8943703e+001 -3.5006435e+001 -3.7586544e+001
  7.1333333e-001 -3.3732346e+001 -3.4738232e+001 -3.8925175e+001 -3.5308037e+001 -3.7935284e+001
  7.2000000e-001 -3.3816158e+001 -3.4810184e+001 -3.8907967e+001 -3.5502659e+001 -3.8276272e+001
  7.2666667e-001 -3.3897083e+001 -3.4953541e+001 -3.8863857e+001 -3.5775913e+001 -3.8570087e+001
  7.3333333e-001 -3.3937874e+001 -3.5379547e+001 -3.8768547e+001 -3.6093227e+001 -3.8820194e+001
  7.4000000e-001 -3.3909245e+001 -3.5493877e+001 -3.8653084e+001 -3.6278187e+001 -3.9083916e+001
  7.4666667e-001 -3.3829449e+001 -3.5268265e+001 -3.8528713e+001 -3.6496933e+001 -3.9355747e+001
  7.5333333e-001 -3.3750107e+001 -3.5328053e+001 -3.8377182e+001 -3.6735085e+001 -3.9568851e+001
  7.6000000e-001 -3.3639496e+001 -3.5391342e+001 -3.8209015e+001 -3.6961472e+001 -3.9740566e+001
  7.6666667e-001 -3.3513905e+001 -3.5423645e+001 -3.8046371e+001 -3.7132648e+001 -3.9902168e+001
  7.7333333e-001 -3.3415607e+001 -3.5457344e+001 -3.7866577e+001 -3.7332642e+001 -4.0065529e+001
  7.8000000e-001 -3.3316673e+001 -3.5478931e+001 -3.7649567e+001 -3.7552242e+001 -4.0187389e+001
  7.8666667e-001 -3.3205917e+001 -3.5499416e+001 -3.7400375e+001 -3.7707455e+001 -4.0331120e+001
  7.9333333e-001 -3.3121555e+001 -3.5489414e+001 -3.7159016e+001 -3.7904110e+001 -4.0490189e+001
  8.0000000e-001 -3.3050354e+001 -3.5465240e+001 -3.6917213e+001 -3.8047298e+001 -4.0577602e+001
  8.0666667e-001 -3.2981640e+001 -3.5422157e+001 -3.6686890e+001 -3.8177555e+001 -4.0368004e+001
  8.1333333e-001 -3.2949413e+001 -3.5378975e+001 -3.6482445e+001 -3.8300880e+001 -4.0651203e+001
  8.2000000e-001 -3.2920906e+001 -3.5554379e+001 -3.6282887e+001 -3.8463379e+001 -4.0644493e+001
  8.2666667e-001 -3.2892082e+001 -3.5482430e+001 -3.6104977e+001 -3.8606724e+001 -4.0611240e+001
  8.3333333e-001 -3.2853020e+001 -3.5412804e+001 -3.5944363e+001 -3.8698406e+001 -4.0707436e+001
  8.4000000e-001 -3.2800350e+001 -3.5345989e+001 -3.5800770e+001 -3.8812092e+001 -4.0431118e+001
  8.4666667e-001 -3.2748352e+001 -3.5265991e+001 -3.5659973e+001 -3.8915260e+001 -4.0359386e+001
  8.5333333e-001 -3.2684639e+001 -3.5167381e+001 -3.5512768e+001 -3.9061501e+001 -4.0470203e+001
  8.6000000e-001 -3.2606735e+001 -3.5044804e+001 -3.5381653e+001 -3.9249302e+001 -4.0397682e+001
  8.6666667e-001 -3.2539940e+001 -3.4737572e+001 -3.5250965e+001 -3.9398384e+001 -4.0111282e+001
  8.7333333e-001 -3.2442005e+001 -3.4609314e+001 -3.5108143e+001 -3.9492168e+001 -3.9991127e+001
  8.8000000e-001 -3.2322525e+001 -3.4469265e+001 -3.4932987e+001 -3.9607014e+001 -3.9847607e+001
  8.8666667e-001 -3.2221119e+001 -3.4293522e+001 -3.4722633e+001 -3.9753231e+001 -3.9709785e+001
  8.9333333e-001 -3.2082401e+001 -3.4140373e+001 -3.4474514e+001 -3.9884853e+001 -3.9572758e+001
  9.0000000e-001 -3.1902496e+001 -3.4127495e+001 -3.4178371e+001 -3.9954834e+001 -3.9435406e+001
  9.0666667e-001 -3.1706657e+001 -3.3956615e+001 -3.3863091e+001 -4.0011200e+001 -3.9338871e+001
  9.1333333e-001 -3.1492554e+001 -3.3808399e+001 -3.3558121e+001 -4.0177914e+001 -3.9255672e+001
  9.2000000e-001 -3.1242603e+001 -3.3651585e+001 -3.3245655e+001 -3.9887447e+001 -3.9141586e+001
  9.2666667e-001 -3.0970119e+001 -3.3473270e+001 -3.2910496e+001 -3.9897251e+001 -3.9033291e+001
  9.3333333e-001 -3.0742426e+001 -3.3271469e+001 -3.2553093e+001 -3.9928104e+001 -3.8923347e+001
  9.4000000e-001 -3.0547981e+001 -3.3044254e+001 -3.2173733e+001 -3.9924938e+001 -3.8952259e+001
  9.4666667e-001 -3.0370348e+001 -3.2775620e+001 -3.1782028e+001 -4.0182949e+001 -3.8793751e+001
  9.5333333e-001 -3.0224895e+001 -3.2551144e+001 -3.1401672e+001 -4.0129505e+001 -3.8651039e+001
  9.6000000e-001 -3.0068125e+001 -3.2365093e+001 -3.1032843e+001 -4.0081776e+001 -3.8511272e+001
  9.6666667e-001 -2.9856218e+001 -3.2177116e+001 -3.0721365e+001 -4.0029701e+001 -3.8367985e+001
  9.7333333e-001 -2.9621578e+001 -3.2137299e+001 -3.0391768e+001 -3.9959610e+001 -3.8241894e+001
  9.8000000e-001 -2.9366682e+001 -3.1962246e+001 -3.0369207e+001 -3.9880287e+001 -3.8131729e+001
  9.8666667e-001 -2.9097454e+001 -3.1791229e+001 -3.0154087e+001 -3.9812874e+001 -3.8039005e+001
  9.9333333e-001 -2.8854654e+001 -3.1630341e+001 -3.0029747e+001 -3.9740505e+001 -3.7955967e+001
  1.0000000e+000 -2.8972853e+001 -3.1467310e+001 -2.9966578e+001 -3.9652962e+001 -3.7860085e+001
  1.0066667e+000 -2.8436054e+001 -3.1288294e+001 -2.9912951e+001 -3.9575096e+001 -3.7744678e+001
  1.0133333e+000 -2.8300320e+001 -3.1099077e+001 -2.9883543e+001 -3.9500874e+001 -3.7645409e+001
  1.0200000e+000 -2.8302502e+001 -3.0906675e+001 -2.9852503e+001 -3.9418835e+001 -3.7542007e+001
  1.0266667e+000 -2.8143360e+001 -3.0723310e+001 -2.9818705e+001 -3.9330883e+001 -3.7430096e+001
  1.0333333e+000 -2.8057051e+001 -3.0523106e+001 -2.9795233e+001 -3.9247509e+001 -3.7333340e+001
  1.0400000e+000 -2.8013317e+001 -3.0337126e+001 -2.9745420e+001 -3.9176086e+001 -3.7243423e+001
  1.0466667e+000 -2.7927132e+001 -3.0179590e+001 -2.9663994e+001 -3.9105396e+001 -3.7145027e+001
  1.0533333e+000 -2.7827965e+001 -3.0003313e+001 -2.9538250e+001 -3.9038548e+001 -3.7053673e+001
  1.0600000e+000 -2.7689154e+001 -2.9829229e+001 -2.9395123e+001 -3.8969349e+001 -3.6959229e+001
  1.0666667e+000 -2.7544922e+001 -2.9666128e+001 -2.9246614e+001 -3.8899044e+001 -3.6852345e+001
  1.0733333e+000 -2.7421455e+001 -2.9516779e+001 -2.9073931e+001 -3.8828808e+001 -3.6750641e+001
  1.0800000e+000 -2.7252466e+001 -2.9367533e+001 -2.8918396e+001 -3.8746700e+001 -3.6637447e+001
  1.0866667e+000 -2.7021469e+001 -2.9225256e+001 -2.8814663e+001 -3.8652870e+001 -3.6508915e+001
  1.0933333e+000 -2.6826090e+001 -2.9092566e+001 -2.8771280e+001 -3.8554375e+001 -3.6372982e+001
  1.1000000e+000 -2.6628315e+001 -2.8951366e+001 -2.8722879e+001 -3.8459633e+001 -3.6223366e+001
  1.1066667e+000 -2.6350492e+001 -2.8820410e+001 -2.8634287e+001 -3.8375477e+001 -3.6060081e+001
  1.1133333e+000 -2.6090897e+001 -2.8706005e+001 -2.8545490e+001 -3.8283829e+001 -3.5898304e+001
  1.1200000e+000 -2.5849585e+001 -2.8597708e+001 -2.8442020e+001 -3.8200214e+001 -3.5735001e+001
  1.1266667e+000 -2.5648710e+001 -2.8501427e+001 -2.8356117e+001 -3.8121754e+001 -3.5573051e+001
  1.1333333e+000 -2.5470530e+001 -2.8446270e+001 -2.8303617e+001 -3.8033989e+001 -3.5418980e+001
  1.1400000e+000 -2.5301218e+001 -2.8404854e+001 -2.8272350e+001 -3.7930580e+001 -3.5282539e+001
  1.1466667e+000 -2.5139481e+001 -2.8363134e+001 -2.8249525e+001 -3.7796577e+001 -3.5154022e+001
  1.1533333e+000 -2.4976360e+001 -2.8365725e+001 -2.8190796e+001 -3.7647392e+001 -3.5042542e+001
  1.1600000e+000 -2.4839457e+001 -2.8416876e+001 -2.8111868e+001 -3.7481213e+001 -3.4947250e+001
  1.1666667e+000 -2.4728039e+001 -2.8491642e+001 -2.8031908e+001 -3.7301949e+001 -3.4864044e+001
  1.1733333e+000 -2.4680731e+001 -2.8600716e+001 -2.7951429e+001 -3.7129330e+001 -3.4784302e+001
  1.1800000e+000 -2.4692699e+001 -2.8758907e+001 -2.7886192e+001 -3.6950508e+001 -3.4710636e+001
  1.1866667e+000 -2.4700150e+001 -2.8945721e+001 -2.7819235e+001 -3.6765316e+001 -3.4626961e+001
  1.1933333e+000 -2.4707762e+001 -2.9169239e+001 -2.7736631e+001 -3.6562729e+001 -3.4533199e+001
  1.2000000e+000 -2.4744223e+001 -2.9422245e+001 -2.7599380e+001 -3.6352688e+001 -3.4439358e+001
  1.2066667e+000 -2.4688896e+001 -2.9720629e+001 -2.7388947e+001 -3.6133965e+001 -3.4350456e+001
  1.2133333e+000 -2.4431524e+001 -3.0063112e+001 -2.7135344e+001 -3.5900600e+001 -3.4258026e+001
  1.2200000e+000 -2.4264275e+001 -3.0424217e+001 -2.6863260e+001 -3.5669964e+001 -3.4157154e+001
  1.2266667e+000 -2.4125599e+001 -3.0785517e+001 -2.6659149e+001 -3.5450722e+001 -3.4062634e+001
  1.2333333e+000 -2.4022406e+001 -3.1129274e+001 -2.6559853e+001 -3.5238724e+001 -3.3972065e+001
  1.2400000e+000 -2.3944742e+001 -3.1416876e+001 -2.6479914e+001 -3.5039108e+001 -3.3881741e+001
  1.2466667e+000 -2.3900356e+001 -3.1612101e+001 -2.6419514e+001 -3.4854618e+001 -3.3783649e+001
  1.2533333e+000 -2.3861282e+001 -3.1726267e+001 -2.6362549e+001 -3.4674717e+001 -3.3679882e+001
  1.2600000e+000 -2.3832111e+001 -3.1770437e+001 -2.6271441e+001 -3.4493210e+001 -3.3582619e+001
  1.2666667e+000 -2.3812613e+001 -3.1744089e+001 -2.6131298e+001 -3.4312416e+001 -3.3498100e+001
  1.2733333e+000 -2.3780584e+001 -3.1645950e+001 -2.5926254e+001 -3.4156281e+001 -3.3430096e+001
  1.2800000e+000 -2.3789125e+001 -3.1503548e+001 -2.5675087e+001 -3.4000809e+001 -3.3361324e+001
  1.2866667e+000 -2.3843756e+001 -3.1312859e+001 -2.5404104e+001 -3.3851402e+001 -3.3295723e+001
  1.2933333e+000 -2.3928774e+001 -3.1077148e+001 -2.5147127e+001 -3.3728928e+001 -3.3232052e+001
  1.3000000e+000 -2.4009350e+001 -3.0856333e+001 -2.4905161e+001 -3.3634853e+001 -3.3166939e+001
  1.3066667e+000 -2.4122250e+001 -3.0677269e+001 -2.4267687e+001 -3.3555538e+001 -3.3092766e+001
  1.3133333e+000 -2.4269512e+001 -3.0549381e+001 -2.4527782e+001 -3.3492004e+001 -3.3018085e+001
  1.3200000e+000 -2.4421171e+001 -3.0497368e+001 -2.4402740e+001 -3.3441620e+001 -3.2953106e+001
  1.3266667e+000 -2.4592585e+001 -3.0514305e+001 -2.4342474e+001 -3.3372135e+001 -3.2883831e+001
  1.3333333e+000 -2.4776628e+001 -3.0605289e+001 -2.4298403e+001 -3.3297684e+001 -3.2805325e+001
  1.3400000e+000 -2.4974785e+001 -3.0784876e+001 -2.4275812e+001 -3.3220844e+001 -3.2737427e+001
  1.3466667e+000 -2.5179743e+001 -3.0993296e+001 -2.4262926e+001 -3.3148544e+001 -3.2676952e+001
  1.3533333e+000 -2.5353594e+001 -3.1228199e+001 -2.4267467e+001 -3.3080139e+001 -3.2603760e+001
  1.3600000e+000 -2.5514450e+001 -3.1489702e+001 -2.4302664e+001 -3.2989899e+001 -3.2525425e+001
  1.3666667e+000 -2.5674164e+001 -3.1739698e+001 -2.4386385e+001 -3.2895885e+001 -3.2447601e+001
  1.3733333e+000 -2.5807571e+001 -3.1990440e+001 -2.4512218e+001 -3.2799000e+001 -3.2366779e+001
  1.3800000e+000 -2.5911922e+001 -3.2221020e+001 -2.4662296e+001 -3.2693844e+001 -3.2290596e+001
  1.3866667e+000 -2.6023806e+001 -3.2469933e+001 -2.4839800e+001 -3.2563606e+001 -3.2210464e+001
  1.3933333e+000 -2.6120600e+001 -3.2715656e+001 -2.5010555e+001 -3.2413288e+001 -3.2113464e+001
  1.4000000e+000 -2.6226681e+001 -3.2989491e+001 -2.5146917e+001 -3.2253468e+001 -3.2032261e+001
  1.4066667e+000 -2.6331722e+001 -3.3299721e+001 -2.5267212e+001 -3.2089317e+001 -3.1945467e+001
  1.4133333e+000 -2.6408812e+001 -3.3603577e+001 -2.5399998e+001 -3.1929611e+001 -3.1847424e+001
  1.4200000e+000 -2.6492521e+001 -3.3883301e+001 -2.5543983e+001 -3.1770073e+001 -3.1753120e+001
  1.4266667e+000 -2.6579283e+001 -3.4120102e+001 -2.5706427e+001 -3.1617907e+001 -3.1665154e+001
  1.4333333e+000 -2.6661470e+001 -3.4303097e+001 -2.5878304e+001 -3.1491615e+001 -3.1564302e+001
  1.4400000e+000 -2.6744646e+001 -3.4385326e+001 -2.6063532e+001 -3.1370749e+001 -3.1447079e+001
  1.4466667e+000 -2.6809328e+001 -3.4474590e+001 -2.6267370e+001 -3.1266302e+001 -3.1347984e+001
  1.4533333e+000 -2.6900612e+001 -3.4584007e+001 -2.6456366e+001 -3.1167854e+001 -3.1268778e+001
  1.4600000e+000 -2.7011902e+001 -3.4568565e+001 -2.6622858e+001 -3.1059919e+001 -3.1200592e+001
  1.4666667e+000 -2.7120529e+001 -3.4609962e+001 -2.6754745e+001 -3.0983757e+001 -3.1146162e+001
  1.4733333e+000 -2.7237160e+001 -3.4645832e+001 -2.6814878e+001 -3.0936520e+001 -3.1099850e+001
  1.4800000e+000 -2.7333031e+001 -3.4702206e+001 -2.6840826e+001 -3.0855818e+001 -3.1064541e+001
  1.4866667e+000 -2.7403282e+001 -3.4775085e+001 -2.6853601e+001 -3.0775518e+001 -3.1044067e+001
  1.4933333e+000 -2.7442965e+001 -3.4842403e+001 -2.6869215e+001 -3.0716600e+001 -3.1016203e+001
  1.5000000e+000 -2.7445505e+001 -3.4923527e+001 -2.6916758e+001 -3.0653582e+001 -3.0979177e+001
  1.5066667e+000 -2.7467871e+001 -3.4970215e+001 -2.6967918e+001 -3.0569937e+001 -3.0929464e+001
  1.5133333e+000 -2.7491821e+001 -3.5029819e+001 -2.7052916e+001 -3.0482199e+001 -3.0867851e+001
  1.5200000e+000 -2.7488451e+001 -3.5167942e+001 -2.7141329e+001 -3.0402699e+001 -3.0794300e+001
  1.5266667e+000 -2.7471104e+001 -3.5347298e+001 -2.7201366e+001 -3.0302237e+001 -3.0717525e+001
  1.5333333e+000 -2.7474415e+001 -3.5593830e+001 -2.7257162e+001 -3.0215101e+001 -3.0642996e+001
  1.5400000e+000 -2.7508224e+001 -3.5945274e+001 -2.7303535e+001 -3.0119293e+001 -3.0551590e+001
  1.5466667e+000 -2.7529219e+001 -3.6365604e+001 -2.7331036e+001 -3.0029856e+001 -3.0466818e+001
  1.5533333e+000 -2.7530663e+001 -3.6845299e+001 -2.7357374e+001 -2.9969635e+001 -3.0408268e+001
  1.5600000e+000 -2.7535906e+001 -3.7352451e+001 -2.7389763e+001 -2.9904345e+001 -3.0357121e+001
  1.5666667e+000 -2.7572340e+001 -3.7912189e+001 -2.7396942e+001 -2.9870590e+001 -3.0307564e+001
  1.5733333e+000 -2.7635914e+001 -3.8475964e+001 -2.7422464e+001 -2.9838726e+001 -3.0267445e+001
  1.5800000e+000 -2.7689617e+001 -3.9007973e+001 -2.7465645e+001 -2.9791445e+001 -3.0217785e+001
  1.5866667e+000 -2.7741352e+001 -3.9510532e+001 -2.7464544e+001 -2.9753586e+001 -3.0153227e+001
  1.5933333e+000 -2.7802956e+001 -3.9945793e+001 -2.7469561e+001 -2.9700285e+001 -3.0071680e+001
  1.6000000e+000 -2.7810619e+001 -4.0527466e+001 -2.7463478e+001 -2.9628931e+001 -2.9971363e+001
  1.6066667e+000 -2.7801527e+001 -4.0798691e+001 -2.7455515e+001 -2.9576544e+001 -2.9855867e+001
  1.6133333e+000 -2.7758047e+001 -4.1012993e+001 -2.7469864e+001 -2.9524788e+001 -2.9728146e+001
  1.6200000e+000 -2.7664785e+001 -4.1228893e+001 -2.7483234e+001 -2.9460405e+001 -2.9591242e+001
  1.6266667e+000 -2.7640453e+001 -4.1403389e+001 -2.7490973e+001 -2.9387070e+001 -2.9452534e+001
  1.6333333e+000 -2.7487764e+001 -4.1496689e+001 -2.7487455e+001 -2.9331347e+001 -2.9315176e+001
  1.6400000e+000 -2.7328617e+001 -4.1363422e+001 -2.7485956e+001 -2.9270462e+001 -2.9186684e+001
  1.6466667e+000 -2.7211704e+001 -4.1271687e+001 -2.7490829e+001 -2.9217043e+001 -2.9067650e+001
  1.6533333e+000 -2.7137892e+001 -4.1362621e+001 -2.7512381e+001 -2.9169323e+001 -2.8964424e+001
  1.6600000e+000 -2.7107187e+001 -4.1282440e+001 -2.7527472e+001 -2.9133883e+001 -2.8887974e+001
  1.6666667e+000 -2.7091938e+001 -4.1125996e+001 -2.7541052e+001 -2.9120550e+001 -2.8824026e+001
  1.6733333e+000 -2.7103622e+001 -4.1229141e+001 -2.7537487e+001 -2.9096056e+001 -2.8768637e+001
  1.6800000e+000 -2.7096127e+001 -4.1331062e+001 -2.7525404e+001 -2.9062906e+001 -2.8715652e+001
  1.6866667e+000 -2.7084789e+001 -4.1324139e+001 -2.7492983e+001 -2.9046906e+001 -2.8662708e+001
  1.6933333e+000 -2.7123251e+001 -4.1309708e+001 -2.7448507e+001 -2.9040499e+001 -2.8615671e+001
  1.7000000e+000 -2.7148699e+001 -4.1312687e+001 -2.7415438e+001 -2.9047367e+001 -2.8561359e+001
  1.7066667e+000 -2.7162172e+001 -4.1272377e+001 -2.7357370e+001 -2.9040255e+001 -2.8492128e+001
  1.7133333e+000 -2.7183485e+001 -4.1381489e+001 -2.7299814e+001 -2.9034929e+001 -2.8417109e+001
  1.7200000e+000 -2.7194403e+001 -4.1435665e+001 -2.7259933e+001 -2.9039503e+001 -2.8327385e+001
  1.7266667e+000 -2.7165030e+001             NaN -2.7180359e+001 -2.9036839e+001 -2.8236311e+001
  1.7333333e+000 -2.7198290e+001             NaN -2.7090885e+001 -2.9025715e+001 -2.8149298e+001
  1.7400000e+000 -2.7143177e+001             NaN -2.7030684e+001 -2.9008169e+001 -2.8050749e+001
  1.7466667e+000 -2.7170584e+001             NaN -2.7012035e+001 -2.9004795e+001 -2.7963310e+001
  1.7533333e+000 -2.7201893e+001             NaN -2.7000420e+001 -2.8992085e+001 -2.7897532e+001
  1.7600000e+000 -2.7235081e+001             NaN -2.6989519e+001 -2.8992863e+001 -2.7853659e+001
  1.7666667e+000 -2.7268913e+001             NaN -2.6974264e+001 -2.9006100e+001 -2.7826225e+001
  1.7733333e+000 -2.7318396e+001             NaN -2.7003790e+001 -2.9023632e+001 -2.7808514e+001
  1.7800000e+000 -2.7352217e+001             NaN -2.7003197e+001 -2.9045012e+001 -2.7809341e+001
  1.7866667e+000 -2.7412476e+001             NaN -2.7020531e+001 -2.9077850e+001 -2.7824760e+001
  1.7933333e+000 -2.7509556e+001             NaN -2.7044670e+001 -2.9110830e+001 -2.7834557e+001
  1.8000000e+000 -2.7574902e+001             NaN -2.7108425e+001 -2.9134851e+001 -2.7853529e+001
  1.8066667e+000 -2.7644440e+001             NaN -2.7157015e+001 -2.9125019e+001 -2.7859613e+001
  1.8133333e+000 -2.7692081e+001             NaN -2.7172178e+001 -2.9141611e+001 -2.7856699e+001
  1.8200000e+000 -2.7717894e+001             NaN -2.7223969e+001 -2.9174589e+001 -2.7861107e+001
  1.8266667e+000 -2.7732063e+001             NaN -2.7285507e+001 -2.9189178e+001 -2.7856598e+001
  1.8333333e+000 -2.7739918e+001             NaN -2.7333944e+001 -2.9194168e+001 -2.7856842e+001
  1.8400000e+000 -2.7715584e+001             NaN -2.7371815e+001 -2.9184050e+001 -2.7881432e+001
  1.8466667e+000 -2.7714508e+001             NaN -2.7446228e+001 -2.9179722e+001 -2.7910278e+001
  1.8533333e+000 -2.7729374e+001             NaN -2.7519876e+001 -2.9200695e+001 -2.7941847e+001
  1.8600000e+000 -2.7754704e+001             NaN -2.7587618e+001 -2.9240540e+001 -2.7981239e+001
  1.8666667e+000 -2.7717211e+001             NaN -2.7656836e+001 -2.9279634e+001 -2.8017797e+001
  1.8733333e+000 -2.7654974e+001             NaN -2.7706942e+001 -2.9305845e+001 -2.8060095e+001
  1.8800000e+000 -2.7656025e+001             NaN -2.7752531e+001 -2.9330116e+001 -2.8103067e+001
  1.8866667e+000 -2.7642527e+001             NaN -2.7818848e+001 -2.9361229e+001 -2.8146374e+001
  1.8933333e+000 -2.7598907e+001             NaN -2.7874319e+001 -2.9376986e+001 -2.8180210e+001
  1.9000000e+000 -2.7581110e+001             NaN -2.7884418e+001 -2.9409658e+001 -2.8198631e+001
  1.9066667e+000 -2.7545862e+001             NaN -2.7901480e+001 -2.9451975e+001 -2.8209045e+001
  1.9133333e+000 -2.7507408e+001             NaN -2.7909935e+001 -2.9500994e+001 -2.8231350e+001
  1.9200000e+000 -2.7463041e+001             NaN -2.7899818e+001 -2.9501169e+001 -2.8253851e+001
  1.9266667e+000 -2.7395891e+001             NaN -2.7907442e+001 -2.9504635e+001 -2.8272625e+001
  1.9333333e+000 -2.7323837e+001             NaN -2.7912312e+001 -2.9543215e+001 -2.8280590e+001
  1.9400000e+000 -2.7287333e+001             NaN -2.7884275e+001 -2.9553116e+001 -2.8284735e+001
  1.9466667e+000 -2.7312872e+001             NaN -2.7729067e+001 -2.9591545e+001 -2.8299774e+001
  1.9533333e+000 -2.7318386e+001             NaN -2.7728918e+001 -2.9614918e+001 -2.8298771e+001
  1.9600000e+000 -2.7302021e+001             NaN -2.7792286e+001 -2.9475430e+001 -2.8290888e+001
  1.9666667e+000 -2.7265017e+001             NaN -2.7747513e+001 -2.9722317e+001 -2.8289124e+001
  1.9733333e+000 -2.7280317e+001             NaN -2.7752893e+001 -2.9727903e+001 -2.8292027e+001
  1.9800000e+000 -2.7292582e+001             NaN -2.7602163e+001 -2.9751755e+001 -2.8293812e+001
  1.9866667e+000 -2.7278139e+001             NaN -2.7555540e+001 -2.9791803e+001 -2.8303076e+001
  1.9933333e+000 -2.7284140e+001 -4.7054291e+001 -2.7734415e+001 -2.9807215e+001 -2.8306953e+001
  2.0000000e+000 -2.7279886e+001             NaN -2.7734997e+001 -2.9813833e+001 -2.8298510e+001
