 -5.0000000e-001 -4.5710180e+000 -8.0709860e+000 -9.2624360e+000 -1.1977240e+001 -1.0689999e+001
 -4.9333333e-001 -4.5621560e+000 -8.0953780e+000 -9.2485760e+000 -1.1980811e+001 -1.0704329e+001
 -4.8666667e-001 -4.5590930e+000 -8.1144430e+000 -9.2501310e+000 -1.1965474e+001 -1.0693395e+001
 -4.8000000e-001 -4.5660100e+000 -8.1325060e+000 -9.2253840e+000 -1.1963875e+001 -1.0693982e+001
 -4.7333333e-001 -4.5656720e+000 -8.1411670e+000 -9.2257680e+000 -1.1988071e+001 -1.0691088e+001
 -4.6666667e-001 -4.5651280e+000 -8.1364200e+000 -9.1995770e+000 -1.1972513e+001 -1.0677608e+001
 -4.6000000e-001 -4.5759620e+000 -8.1401770e+000 -9.1939260e+000 -1.1996424e+001 -1.0679608e+001
 -4.5333333e-001 -4.5680450e+000 -8.1402000e+000 -9.1707760e+000 -1.1995709e+001 -1.0698717e+001
 -4.4666667e-001 -4.5552920e+000 -8.1409120e+000 -9.1682270e+000 -1.1996196e+001 -1.0689301e+001
 -4.4000000e-001 -4.5427290e+000 -8.1463580e+000 -9.1396540e+000 -1.1987690e+001 -1.0669087e+001
 -4.3333333e-001 -4.5550780e+000 -8.1690120e+000 -9.1287030e+000 -1.2001756e+001 -1.0685653e+001
 -4.2666667e-001 -4.5425710e+000 -8.1711270e+000 -9.1175310e+000 -1.2013171e+001 -1.0685943e+001
 -4.2000000e-001 -4.5354440e+000 -8.1801850e+000 -9.1121460e+000 -1.2011215e+001 -1.0686609e+001
 -4.1333333e-001 -4.5275010e+000 -8.1909740e+000 -9.1098540e+000 -1.2017378e+001 -1.0679580e+001
 -4.0666667e-001 -4.5160630e+000 -8.1744450e+000 -9.1077130e+000 -1.2029647e+001 -1.0685297e+001
 -4.0000000e-001 -4.5110790e+000 -8.1732640e+000 -9.1041870e+000 -1.2035149e+001 -1.0695293e+001
 -3.9333333e-001 -4.5351510e+000 -8.1633000e+000 -9.1028000e+000 -1.2023603e+001 -1.0694366e+001
 -3.8666667e-001 -4.5247850e+000 -8.1645810e+000 -9.1136580e+000 -1.2044945e+001 -1.0679543e+001
 -3.8000000e-001 -4.5123480e+000 -8.1663940e+000 -9.1017680e+000 -1.2047322e+001 -1.0667022e+001
 -3.7333333e-001 -4.5127030e+000 -8.1587570e+000 -9.1089670e+000 -1.2055905e+001 -1.0662155e+001
 -3.6666667e-001 -4.5032100e+000 -8.1603000e+000 -9.0962640e+000 -1.2054691e+001 -1.0682972e+001
 -3.6000000e-001 -4.4983920e+000 -8.1749480e+000 -9.1125920e+000 -1.2053097e+001 -1.0658818e+001
 -3.5333333e-001 -4.4991220e+000 -8.1831760e+000 -9.1112500e+000 -1.2051242e+001 -1.0644474e+001
 -3.4666667e-001 -4.4901620e+000 -8.1882530e+000 -9.1337710e+000 -1.2053755e+001 -1.0643133e+001
 -3.4000000e-001 -4.5039440e+000 -8.1860170e+000 -9.1411090e+000 -1.2064958e+001 -1.0640794e+001
 -3.3333333e-001 -4.5030380e+000 -8.2012090e+000 -9.1273900e+000 -1.2078802e+001 -1.0619493e+001
 -3.2666667e-001 -4.5020860e+000 -8.2214210e+000 -9.1241230e+000 -1.2077044e+001 -1.0639153e+001
 -3.2000000e-001 -4.5132230e+000 -8.2302230e+000 -9.1295830e+000 -1.2076078e+001 -1.0622169e+001
 -3.1333333e-001 -4.4921180e+000 -8.2333510e+000 -9.1404650e+000 -1.2088747e+001 -1.0626517e+001
 -3.0666667e-001 -4.5025950e+000 -8.2481340e+000 -9.1320510e+000 -1.2085500e+001 -1.0602678e+001
 -3.0000000e-001 -4.5032390e+000 -8.2515800e+000 -9.1350190e+000 -1.2085367e+001 -1.0601506e+001
 -2.9333333e-001 -4.4964420e+000 -8.2634540e+000 -9.1371500e+000 -1.2081066e+001 -1.0597248e+001
 -2.8666667e-001 -4.4847570e+000 -8.2758230e+000 -9.1408730e+000 -1.2075366e+001 -1.0573772e+001
 -2.8000000e-001 -4.4833590e+000 -8.2861870e+000 -9.1311820e+000 -1.2089681e+001 -1.0559302e+001
 -2.7333333e-001 -4.4813190e+000 -8.2974610e+000 -9.1335500e+000 -1.2100474e+001 -1.0555178e+001
 -2.6666667e-001 -4.4806220e+000 -8.2877370e+000 -9.1269790e+000 -1.2096044e+001 -1.0542217e+001
 -2.6000000e-001 -4.4685820e+000 -8.3001100e+000 -9.1290250e+000 -1.2104137e+001 -1.0553388e+001
 -2.5333333e-001 -4.4718720e+000 -8.3002530e+000 -9.1169800e+000 -1.2105959e+001 -1.0546379e+001
 -2.4666667e-001 -4.4636870e+000 -8.3011690e+000 -9.1226640e+000 -1.2115067e+001 -1.0539589e+001
 -2.4000000e-001 -4.4710790e+000 -8.3098970e+000 -9.0986620e+000 -1.2112933e+001 -1.0518622e+001
 -2.3333333e-001 -4.4685050e+000 -8.3108900e+000 -9.1073190e+000 -1.2107371e+001 -1.0544194e+001
 -2.2666667e-001 -4.4631420e+000 -8.3152690e+000 -9.1002350e+000 -1.2111017e+001 -1.0531562e+001
 -2.2000000e-001 -4.4501040e+000 -8.3139540e+000 -9.0966190e+000 -1.2119798e+001 -1.0537583e+001
 -2.1333333e-001 -4.4439840e+000 -8.3178410e+000 -9.1060770e+000 -1.2135213e+001 -1.0547791e+001
 -2.0666667e-001 -4.4341000e+000 -8.3086520e+000 -9.0906180e+000 -1.2136761e+001 -1.0558499e+001
 -2.0000000e-001 -4.4398940e+000 -8.3156610e+000 -9.1012260e+000 -1.2126041e+001 -1.0544520e+001
 -1.9333333e-001 -4.4086260e+000 -8.3390240e+000 -9.0897260e+000 -1.2124174e+001 -1.0573486e+001
 -1.8666667e-001 -4.4011840e+000 -8.3247120e+000 -9.1041000e+000 -1.2161505e+001 -1.0567256e+001
 -1.8000000e-001 -4.3911900e+000 -8.3249220e+000 -9.0916740e+000 -1.2147594e+001 -1.0582130e+001
 -1.7333333e-001 -4.3885620e+000 -8.3394450e+000 -9.0969970e+000 -1.2158372e+001 -1.0582262e+001
 -1.6666667e-001 -4.3742270e+000 -8.3333280e+000 -9.0996940e+000 -1.2153852e+001 -1.0573805e+001
 -1.6000000e-001 -4.3568360e+000 -8.3502580e+000 -9.0888370e+000 -1.2155522e+001 -1.0583377e+001
 -1.5333333e-001 -4.3438510e+000 -8.3572720e+000 -9.0907410e+000 -1.2165232e+001 -1.0585311e+001
 -1.4666667e-001 -4.3204900e+000 -8.3642020e+000 -9.0944270e+000 -1.2139009e+001 -1.0587586e+001
 -1.4000000e-001 -4.3029290e+000 -8.3914810e+000 -9.0962280e+000 -1.2153016e+001 -1.0602559e+001
 -1.3333333e-001 -4.2937140e+000 -8.3998810e+000 -9.0918950e+000 -1.2150465e+001 -1.0598684e+001
 -1.2666667e-001 -4.2773080e+000 -8.4162430e+000 -9.1107560e+000 -1.2145799e+001 -1.0607479e+001
 -1.2000000e-001 -4.2466400e+000 -8.4178730e+000 -9.1092620e+000 -1.2155880e+001 -1.0598118e+001
 -1.1333333e-001 -4.2402110e+000 -8.4286770e+000 -9.1116800e+000 -1.2152739e+001 -1.0601313e+001
 -1.0666667e-001 -4.2313000e+000 -8.4585250e+000 -9.1049230e+000 -1.2128200e+001 -1.0609411e+001
 -1.0000000e-001 -4.2033050e+000 -8.4437890e+000 -9.1073130e+000 -1.2140063e+001 -1.0601838e+001
 -9.3333333e-002 -4.1587850e+000 -8.4671120e+000 -9.1139070e+000 -1.2135247e+001 -1.0588679e+001
 -8.6666667e-002 -4.1462070e+000 -8.4766170e+000 -9.1167350e+000 -1.2121679e+001 -1.0616654e+001
 -8.0000000e-002 -4.1316640e+000 -8.4842410e+000 -9.1264810e+000 -1.2112986e+001 -1.0600327e+001
 -7.3333333e-002 -4.0871900e+000 -8.4935170e+000 -9.1266710e+000 -1.2120651e+001 -1.0599173e+001
 -6.6666667e-002 -4.0889150e+000 -8.4822110e+000 -9.1274700e+000 -1.2112909e+001 -1.0606853e+001
 -6.0000000e-002 -4.0764180e+000 -8.4845650e+000 -9.1299060e+000 -1.2128921e+001 -1.0626389e+001
 -5.3333333e-002 -4.0598350e+000 -8.4883360e+000 -9.1311290e+000 -1.2125624e+001 -1.0614118e+001
 -4.6666667e-002 -4.0568400e+000 -8.4949350e+000 -9.1223140e+000 -1.2111381e+001 -1.0616394e+001
 -4.0000000e-002 -4.0222400e+000 -8.4917100e+000 -9.1104240e+000 -1.2103031e+001 -1.0633283e+001
 -3.3333333e-002 -4.0111090e+000 -8.4933360e+000 -9.1082450e+000 -1.2100075e+001 -1.0647075e+001
 -2.6666667e-002 -4.0314580e+000 -8.4976710e+000 -9.1160140e+000 -1.2122745e+001 -1.0632332e+001
 -2.0000000e-002 -4.0277230e+000 -8.5055240e+000 -9.1144500e+000 -1.2110676e+001 -1.0643026e+001
 -1.3333333e-002 -4.0242650e+000 -8.5139550e+000 -9.1269280e+000 -1.2107738e+001 -1.0643526e+001
 -6.6666667e-003 -4.0389700e+000 -8.5223090e+000 -9.1298690e+000 -1.2119652e+001 -1.0663258e+001
  0.0000000e+000 -4.0736060e+000 -8.5402500e+000 -9.1639050e+000 -1.2130471e+001 -1.0673770e+001
  6.6666667e-003 -4.1126100e+000 -8.5677400e+000 -9.1918430e+000 -1.2160827e+001 -1.0712835e+001
  1.3333333e-002 -4.1701970e+000 -8.6133580e+000 -9.2323810e+000 -1.2195360e+001 -1.0752503e+001
  2.0000000e-002 -4.2392970e+000 -8.6520410e+000 -9.2692710e+000 -1.2213553e+001 -1.0770262e+001
  2.6666667e-002 -4.2915980e+000 -8.6808430e+000 -9.3121160e+000 -1.2240676e+001 -1.0808331e+001
  3.3333333e-002 -4.3400050e+000 -8.6843040e+000 -9.3242070e+000 -1.2241292e+001 -1.0816200e+001
  4.0000000e-002 -4.3935120e+000 -8.6848420e+000 -9.3120780e+000 -1.2222545e+001 -1.0793715e+001
  4.6666667e-002 -4.4073700e+000 -8.6845460e+000 -9.3042070e+000 -1.2188780e+001 -1.0774309e+001
  5.3333333e-002 -4.4108880e+000 -8.6644890e+000 -9.2782940e+000 -1.2168822e+001 -1.0750255e+001
  6.0000000e-002 -4.4052690e+000 -8.6378640e+000 -9.2793840e+000 -1.2149537e+001 -1.0748563e+001
  6.6666667e-002 -4.4269400e+000 -8.6377700e+000 -9.2695210e+000 -1.2129868e+001 -1.0740290e+001
  7.3333333e-002 -4.4385880e+000 -8.6313930e+000 -9.2584330e+000 -1.2126003e+001 -1.0745060e+001
  8.0000000e-002 -4.4485590e+000 -8.6584750e+000 -9.2784240e+000 -1.2123958e+001 -1.0756643e+001
  8.6666667e-002 -4.5010750e+000 -8.6672400e+000 -9.2888710e+000 -1.2160407e+001 -1.0790175e+001
  9.3333333e-002 -4.5321690e+000 -8.7176070e+000 -9.3414900e+000 -1.2176064e+001 -1.0812655e+001
  1.0000000e-001 -4.5888990e+000 -8.7056260e+000 -9.3467810e+000 -1.2177414e+001 -1.0816542e+001
  1.0666667e-001 -4.6183200e+000 -8.6968120e+000 -9.3337860e+000 -1.2182313e+001 -1.0807446e+001
  1.1333333e-001 -4.6208920e+000 -8.6811880e+000 -9.3269410e+000 -1.2172194e+001 -1.0778666e+001
  1.2000000e-001 -4.6194610e+000 -8.6318830e+000 -9.3114440e+000 -1.2116602e+001 -1.0738461e+001
  1.2666667e-001 -4.6154190e+000 -8.6124280e+000 -9.2932690e+000 -1.2084819e+001 -1.0730680e+001
  1.3333333e-001 -4.6063920e+000 -8.5655030e+000 -9.2551900e+000 -1.2046950e+001 -1.0695713e+001
  1.4000000e-001 -4.5978600e+000 -8.5180720e+000 -9.1487300e+000 -1.2046668e+001 -1.0636439e+001
  1.4666667e-001 -4.5917000e+000 -8.4877550e+000 -9.0370420e+000 -1.2035609e+001 -1.0577925e+001
  1.5333333e-001 -4.5222210e+000 -8.4537870e+000 -8.9090960e+000 -1.2031528e+001 -1.0507330e+001
  1.6000000e-001 -4.4689600e+000 -8.3817410e+000 -8.7685570e+000 -1.2015580e+001 -1.0414704e+001
  1.6666667e-001 -4.3597430e+000 -8.2961290e+000 -8.6036830e+000 -1.1965635e+001 -1.0299791e+001
  1.7333333e-001 -4.1927390e+000 -8.1655210e+000 -8.4064740e+000 -1.1914278e+001 -1.0169883e+001
  1.8000000e-001 -3.9973230e+000 -7.9924140e+000 -8.1591990e+000 -1.1838820e+001 -9.9576050e+000
  1.8666667e-001 -3.7432590e+000 -7.7864630e+000 -7.8608330e+000 -1.1777834e+001 -9.7173230e+000
  1.9333333e-001 -3.4469100e+000 -7.5601440e+000 -7.5177560e+000 -1.1677951e+001 -9.4176020e+000
  2.0000000e-001 -3.0887920e+000 -7.2814460e+000 -7.1045580e+000 -1.1604064e+001 -9.0622530e+000
  2.0666667e-001 -2.6566440e+000 -6.9404230e+000 -6.6342640e+000 -1.1472369e+001 -8.6495170e+000
  2.1333333e-001 -2.1603620e+000 -6.5786910e+000 -6.0237900e+000 -1.1390772e+001 -8.1521720e+000
  2.2000000e-001 -1.6189830e+000 -6.1625260e+000 -5.3411470e+000 -1.1252662e+001 -7.6138670e+000
  2.2666667e-001 -9.8042900e-001 -5.7130760e+000 -4.6020320e+000 -1.1126352e+001 -6.9992130e+000
  2.3333333e-001 -2.8487800e-001 -5.2293500e+000 -3.8465480e+000 -1.0976437e+001 -6.3309820e+000
  2.4000000e-001  4.1811000e-001 -4.7255580e+000 -3.1098600e+000 -1.0804381e+001 -5.5545040e+000
  2.4666667e-001  1.1349940e+000 -4.1945370e+000 -2.3050590e+000 -1.0628585e+001 -4.7328620e+000
  2.5333333e-001  1.8363980e+000 -3.6621810e+000 -1.5332510e+000 -1.0405073e+001 -3.8392510e+000
  2.6000000e-001  2.4961020e+000 -3.1210760e+000 -7.3095500e-001 -1.0161324e+001 -2.8088300e+000
  2.6666667e-001  3.0664770e+000 -2.5867550e+000  6.2034000e-002 -9.8718230e+000 -1.7243260e+000
  2.7333333e-001  3.5618960e+000 -2.0897790e+000  8.2417500e-001 -9.5679240e+000 -5.7774400e-001
  2.8000000e-001  3.9348260e+000 -1.6346570e+000  1.5578780e+000 -9.2069410e+000  5.9548500e-001
  2.8666667e-001  4.1810880e+000 -1.2071400e+000  2.2374290e+000 -8.8095570e+000  1.7895590e+000
  2.9333333e-001  4.3126400e+000 -8.2491900e-001  2.7935390e+000 -8.3774910e+000  2.9434130e+000
  3.0000000e-001  4.3877580e+000 -4.9597700e-001  3.1638830e+000 -7.9412740e+000  4.0589520e+000
  3.0666667e-001  4.3746970e+000 -2.0678400e-001  3.4170050e+000 -7.4884020e+000  4.9994170e+000
  3.1333333e-001  4.3485210e+000  3.6186000e-002  3.6119710e+000 -7.0092830e+000  5.8756050e+000
  3.2000000e-001  4.2592770e+000  2.7031200e-001  3.7696020e+000 -6.5076820e+000  6.6411970e+000
  3.2666667e-001  4.1780190e+000  4.6038400e-001  3.9260920e+000 -5.9971150e+000  7.3555130e+000
  3.3333333e-001  4.1232200e+000  6.3141800e-001  4.0798750e+000 -5.4471480e+000  7.9813010e+000
  3.4000000e-001  4.0874460e+000  7.9603100e-001  4.2073410e+000 -4.9063220e+000  8.5123900e+000
  3.4666667e-001  4.0689630e+000  9.3398900e-001  4.3459860e+000 -4.3773500e+000  8.9703000e+000
  3.5333333e-001  4.0784570e+000  1.0204300e+000  4.4953560e+000 -3.8765880e+000  9.3530390e+000
  3.6000000e-001  4.1059380e+000  1.1649290e+000  4.6569160e+000 -3.4120200e+000  9.6975870e+000
  3.6666667e-001  4.1683740e+000  1.2975570e+000  4.8742660e+000 -2.9725380e+000  9.9491780e+000
  3.7333333e-001  4.3118630e+000  1.4664450e+000  5.1138170e+000 -2.5582470e+000  1.0206945e+001
  3.8000000e-001  4.5094560e+000  1.6326150e+000  5.3709990e+000 -2.1448110e+000  1.0409869e+001
  3.8666667e-001  4.7860310e+000  1.7844860e+000  5.6687070e+000 -1.7547340e+000  1.0583747e+001
  3.9333333e-001  5.1556750e+000  1.9592530e+000  5.9196330e+000 -1.3800640e+000  1.0722441e+001
  4.0000000e-001  5.6631580e+000  2.1222950e+000  6.2046480e+000 -1.0031920e+000  1.0812784e+001
  4.0666667e-001  6.3107670e+000  2.3049690e+000  6.4470710e+000 -5.9318700e-001  1.0881102e+001
  4.1333333e-001  7.1078780e+000  2.4728390e+000  6.6630850e+000 -1.6869400e-001  1.0913030e+001
  4.2000000e-001  8.0179190e+000  2.6556380e+000  6.8888390e+000  2.0933800e-001  1.0902403e+001
  4.2666667e-001  9.0982760e+000  2.8364390e+000  7.0530430e+000  5.8855100e-001  1.0890358e+001
  4.3333333e-001  1.0377079e+001  2.9913220e+000  7.2220730e+000  9.1122200e-001  1.0867870e+001
  4.4000000e-001  1.1972374e+001  3.1198770e+000  7.3717190e+000  1.2261870e+000  1.0831129e+001
  4.4666667e-001  1.4115366e+001  3.2584950e+000  7.5103560e+000  1.5213430e+000  1.0777827e+001
  4.5333333e-001  1.6787477e+001  3.3871670e+000  7.6829500e+000  1.7902490e+000  1.0749259e+001
  4.6000000e-001  1.9776215e+001  3.5425800e+000  7.9137760e+000  2.0332070e+000  1.0713863e+001
  4.6666667e-001  2.2904337e+001  3.6909330e+000  8.1314690e+000  2.2374540e+000  1.0683427e+001
  4.7333333e-001  2.6114399e+001  3.8449150e+000  8.3840380e+000  2.4685040e+000  1.0640593e+001
  4.8000000e-001  2.9260086e+001  4.0101560e+000  8.6625790e+000  2.6794110e+000  1.0615241e+001
  4.8666667e-001  3.2161198e+001  4.1637110e+000  8.8835050e+000  2.8386490e+000  1.0599140e+001
  4.9333333e-001  3.4569454e+001  4.3158960e+000  9.1073250e+000  2.9942390e+000  1.0600707e+001
  5.0000000e-001  3.5990795e+001  4.5012020e+000  9.3103800e+000  3.1666820e+000  1.0587030e+001
  5.0666667e-001  3.6200172e+001  4.6873470e+000  9.4962880e+000  3.2930350e+000  1.0585961e+001
  5.1333333e-001  3.5458916e+001  4.8483040e+000  9.6690930e+000  3.4062710e+000  1.0608220e+001
  5.2000000e-001  3.4161327e+001  5.0287650e+000  9.8118930e+000  3.4881590e+000  1.0600123e+001
  5.2666667e-001  3.2516518e+001  5.1695560e+000  9.9262600e+000  3.5521050e+000  1.0609927e+001
  5.3333333e-001  3.0673229e+001  5.3482070e+000  1.0026272e+001  3.5812280e+000  1.0644594e+001
  5.4000000e-001  2.8621040e+001  5.5006140e+000  1.0088881e+001  3.6327950e+000  1.0647865e+001
  5.4666667e-001  2.6385824e+001  5.6398420e+000  1.0146307e+001  3.6626160e+000  1.0677500e+001
  5.5333333e-001  2.4140867e+001  5.7761330e+000  1.0208220e+001  3.6985150e+000  1.0680040e+001
  5.6000000e-001  2.2109150e+001  5.8850810e+000  1.0279680e+001  3.7129080e+000  1.0712895e+001
  5.6666667e-001  2.0474348e+001  6.0059570e+000  1.0302684e+001  3.7028230e+000  1.0706746e+001
  5.7333333e-001  1.9345634e+001  6.0665790e+000  1.0312385e+001  3.7294310e+000  1.0733523e+001
  5.8000000e-001  1.8388020e+001  6.1610920e+000  1.0358846e+001  3.7495970e+000  1.0730608e+001
  5.8666667e-001  1.7363298e+001  6.2334900e+000  1.0381166e+001  3.7598340e+000  1.0701305e+001
  5.9333333e-001  1.6380646e+001  6.3036070e+000  1.0383841e+001  3.7466530e+000  1.0681298e+001
  6.0000000e-001  1.5710840e+001  6.3402710e+000  1.0408374e+001  3.7385370e+000  1.0648363e+001
  6.0666667e-001  1.5575909e+001  6.3732240e+000  1.0425386e+001  3.7657190e+000  1.0598169e+001
  6.1333333e-001  1.5906811e+001  6.4121560e+000  1.0423286e+001  3.7740250e+000  1.0537821e+001
  6.2000000e-001  1.5953444e+001  6.4189150e+000  1.0438168e+001  3.7626580e+000  1.0462868e+001
  6.2666667e-001  1.5878369e+001  6.4256570e+000  1.0448490e+001  3.7888760e+000  1.0347473e+001
  6.3333333e-001  1.5824554e+001  6.4034450e+000  1.0472942e+001  3.7771940e+000  1.0260960e+001
  6.4000000e-001  1.5830505e+001  6.3485860e+000  1.0483650e+001  3.7711600e+000  1.0182234e+001
  6.4666667e-001  1.5659944e+001  6.2720770e+000  1.0482820e+001  3.7658060e+000  1.0086961e+001
  6.5333333e-001  1.5351042e+001  6.1928930e+000  1.0470673e+001  3.7199990e+000  9.9691260e+000
  6.6000000e-001  1.4904839e+001  6.0873360e+000  1.0455176e+001  3.6960490e+000  9.8615600e+000
  6.6666667e-001  1.4408809e+001  6.0116170e+000  1.0452066e+001  3.6808710e+000  9.7513860e+000
  6.7333333e-001  1.3846912e+001  5.9206330e+000  1.0424879e+001  3.6433200e+000  9.6268670e+000
  6.8000000e-001  1.3261591e+001  5.8060840e+000  1.0377913e+001  3.6199200e+000  9.4964270e+000
  6.8666667e-001  1.2752855e+001  5.7044620e+000  1.0317273e+001  3.6054480e+000  9.4037990e+000
  6.9333333e-001  1.2286379e+001  5.5884550e+000  1.0268932e+001  3.6015000e+000  9.2574020e+000
  7.0000000e-001  1.1867936e+001  5.5192680e+000  1.0195013e+001  3.5741570e+000  9.1475790e+000
  7.0666667e-001  1.1522059e+001  5.4166900e+000  1.0138074e+001  3.5635680e+000  9.0381650e+000
  7.1333333e-001  1.1180247e+001  5.2917110e+000  1.0024368e+001  3.5540270e+000  8.9036930e+000
  7.2000000e-001  1.0884578e+001  5.1794840e+000  9.9048500e+000  3.5620870e+000  8.8063000e+000
  7.2666667e-001  1.0556451e+001  5.1120220e+000  9.7868630e+000  3.5233910e+000  8.7038040e+000
  7.3333333e-001  1.0263967e+001  5.0500630e+000  9.6827540e+000  3.4999790e+000  8.5717130e+000
  7.4000000e-001  1.0055841e+001  5.0217340e+000  9.5513960e+000  3.4813650e+000  8.4474920e+000
  7.4666667e-001  9.9314980e+000  5.0076290e+000  9.4368100e+000  3.4360010e+000  8.3397050e+000
  7.5333333e-001  9.8295630e+000  4.9608310e+000  9.3111190e+000  3.4316150e+000  8.2159120e+000
  7.6000000e-001  9.7211220e+000  4.9272770e+000  9.2080940e+000  3.4413340e+000  8.1059960e+000
  7.6666667e-001  9.6066270e+000  4.8832880e+000  9.1243360e+000  3.4167160e+000  7.9722470e+000
  7.7333333e-001  9.4693970e+000  4.8446440e+000  9.0373560e+000  3.3809790e+000  7.8696320e+000
  7.8000000e-001  9.3505200e+000  4.7451210e+000  8.9606830e+000  3.3473670e+000  7.7863020e+000
  7.8666667e-001  9.2203050e+000  4.6265370e+000  8.8755440e+000  3.3262410e+000  7.6997680e+000
  7.9333333e-001  9.1253070e+000  4.5380060e+000  8.7623410e+000  3.2947780e+000  7.5930900e+000
  8.0000000e-001  9.0054040e+000  4.4385190e+000  8.6800740e+000  3.2628900e+000  7.5098490e+000
  8.0666667e-001  8.9141160e+000  4.3103710e+000  8.5748790e+000  3.2462670e+000  7.4237070e+000
  8.1333333e-001  8.8340130e+000  4.1993700e+000  8.4841670e+000  3.2078060e+000  7.3133180e+000
  8.2000000e-001  8.7440780e+000  4.0611450e+000  8.4107830e+000  3.1619810e+000  7.2134100e+000
  8.2666667e-001  8.6499830e+000  3.9383290e+000  8.3506590e+000  3.1036790e+000  7.1406420e+000
  8.3333333e-001  8.5517570e+000  3.8306730e+000  8.2936030e+000  3.0897370e+000  7.0444910e+000
  8.4000000e-001  8.4417050e+000  3.6914620e+000  8.2307300e+000  3.0495960e+000  6.9456070e+000
  8.4666667e-001  8.3313330e+000  3.5854040e+000  8.1687010e+000  3.0378150e+000  6.8633640e+000
  8.5333333e-001  8.2405350e+000  3.5078680e+000  8.1406810e+000  2.9775660e+000  6.8105410e+000
  8.6000000e-001  8.1549180e+000  3.3974360e+000  8.1172940e+000  2.9334310e+000  6.7092490e+000
  8.6666667e-001  8.0871270e+000  3.3021930e+000  8.0908530e+000  2.9011460e+000  6.6269290e+000
  8.7333333e-001  8.0264280e+000  3.1704670e+000  8.0691270e+000  2.8606540e+000  6.5364730e+000
  8.8000000e-001  7.9899850e+000  3.0505140e+000  8.0823430e+000  2.8325510e+000  6.4510630e+000
  8.8666667e-001  7.9719240e+000  2.9322100e+000  8.0477650e+000  2.7985240e+000  6.3897130e+000
  8.9333333e-001  7.9623800e+000  2.8015440e+000  8.0271600e+000  2.7685030e+000  6.2965820e+000
  9.0000000e-001  7.9857320e+000  2.6910060e+000  7.9537320e+000  2.7644260e+000  6.2042930e+000
  9.0666667e-001  8.0072970e+000  2.5910520e+000  7.9728690e+000  2.7266730e+000  6.1643940e+000
  9.1333333e-001  8.0234020e+000  2.4883550e+000  7.9394150e+000  2.6913630e+000  6.1130780e+000
  9.2000000e-001  8.0448380e+000  2.3534410e+000  7.9295140e+000  2.6358900e+000  6.0610710e+000
  9.2666667e-001  8.0391700e+000  2.2359510e+000  7.8956370e+000  2.5900470e+000  6.0264640e+000
  9.3333333e-001  8.0286200e+000  2.1025220e+000  7.8489970e+000  2.5325900e+000  5.9933400e+000
  9.4000000e-001  7.9805030e+000  2.0067570e+000  7.8269540e+000  2.5111850e+000  5.9805930e+000
  9.4666667e-001  7.9836920e+000  1.8823720e+000  7.8116120e+000  2.4738250e+000  5.9605810e+000
  9.5333333e-001  7.9643310e+000  1.7595690e+000  7.7388280e+000  2.4469570e+000  5.9392020e+000
  9.6000000e-001  7.9091250e+000  1.6643230e+000  7.6729630e+000  2.3997740e+000  5.9509660e+000
  9.6666667e-001  7.8759720e+000  1.5683110e+000  7.5986190e+000  2.3540820e+000  5.9561610e+000
  9.7333333e-001  7.8233590e+000  1.4734490e+000  7.4952530e+000  2.2915140e+000  5.9018590e+000
  9.8000000e-001  7.7618990e+000  1.3996410e+000  7.4001050e+000  2.2461780e+000  5.9022870e+000
  9.8666667e-001  7.6850420e+000  1.2894720e+000  7.3244400e+000  2.1924500e+000  5.8867940e+000
  9.9333333e-001  7.5839390e+000  1.1898980e+000  7.2435960e+000  2.1385050e+000  5.8763730e+000
  1.0000000e+000  7.4974370e+000  1.0513310e+000  7.1834760e+000  2.1198160e+000  5.8453680e+000
  1.0066667e+000  7.3951050e+000  9.3556000e-001  7.0952180e+000  2.0734070e+000  5.7948100e+000
  1.0133333e+000  7.2865110e+000  8.1858700e-001  6.9581830e+000  2.0197990e+000  5.7552070e+000
  1.0200000e+000  7.2063460e+000  7.0521300e-001  6.8503460e+000  1.9528100e+000  5.7278740e+000
  1.0266667e+000  7.1469770e+000  5.7758400e-001  6.7128720e+000  1.8815040e+000  5.6815780e+000
  1.0333333e+000  7.1092440e+000  4.3854400e-001  6.5669120e+000  1.7914580e+000  5.6409460e+000
  1.0400000e+000  7.0783340e+000  3.3301400e-001  6.4076220e+000  1.7311520e+000  5.6511060e+000
  1.0466667e+000  7.0726180e+000  2.3100700e-001  6.2700870e+000  1.6654640e+000  5.6137400e+000
  1.0533333e+000  7.0391770e+000  1.3039800e-001  6.1134510e+000  1.6174590e+000  5.5913900e+000
  1.0600000e+000  7.0448100e+000  1.4580000e-002  5.9807980e+000  1.5352850e+000  5.5821500e+000
  1.0666667e+000  7.0492300e+000 -9.5752000e-002  5.8547210e+000  1.4725210e+000  5.5594220e+000
  1.0733333e+000  7.0909200e+000 -1.7077100e-001  5.6946410e+000  1.3717830e+000  5.5624550e+000
  1.0800000e+000  7.1094880e+000 -2.7520700e-001  5.5513690e+000  1.2903930e+000  5.5598220e+000
  1.0866667e+000  7.1667700e+000 -3.4738400e-001  5.3922280e+000  1.2072690e+000  5.5590950e+000
  1.0933333e+000  7.2180140e+000 -4.1949500e-001  5.2419500e+000  1.1473360e+000  5.5638560e+000
  1.1000000e+000  7.2567660e+000 -4.9010300e-001  5.1203280e+000  1.0516700e+000  5.5732590e+000
  1.1066667e+000  7.2727790e+000 -5.6044500e-001  5.0010770e+000  9.9693900e-001  5.5940040e+000
  1.1133333e+000  7.2486510e+000 -6.2808800e-001  4.8325210e+000  9.0626500e-001  5.5895490e+000
  1.1200000e+000  7.2351920e+000 -6.9402200e-001  4.6879410e+000  8.1484600e-001  5.5865790e+000
  1.1266667e+000  7.2147150e+000 -7.8614700e-001  4.5496560e+000  7.1070300e-001  5.5792100e+000
  1.1333333e+000  7.1870730e+000 -9.0024400e-001  4.4171660e+000  6.3248300e-001  5.6041870e+000
  1.1400000e+000  7.1366430e+000 -9.7116100e-001  4.3103500e+000  5.6378700e-001  5.6348440e+000
  1.1466667e+000  7.0704140e+000 -1.0607750e+000  4.1465290e+000  5.0402600e-001  5.6451350e+000
  1.1533333e+000  6.9962660e+000 -1.1771840e+000  4.0284220e+000  4.1299600e-001  5.6492850e+000
  1.1600000e+000  6.9470200e+000 -1.2906670e+000  3.9152520e+000  3.3865600e-001  5.6790780e+000
  1.1666667e+000  6.8430380e+000 -1.3923830e+000  3.7982490e+000  2.6123100e-001  5.6885500e+000
  1.1733333e+000  6.7832370e+000 -1.5215430e+000  3.7055370e+000  1.7589100e-001  5.6816420e+000
  1.1800000e+000  6.7181050e+000 -1.5894940e+000  3.6131120e+000  8.5418000e-002  5.7101550e+000
  1.1866667e+000  6.6802510e+000 -1.6647540e+000  3.5272160e+000  6.9520000e-003  5.7004670e+000
  1.1933333e+000  6.6382040e+000 -1.7611110e+000  3.4841830e+000 -6.8998000e-002  5.6762160e+000
  1.2000000e+000  6.6124270e+000 -1.8308940e+000  3.4218720e+000 -1.4572700e-001  5.6814920e+000
  1.2066667e+000  6.5701270e+000 -1.9110430e+000  3.3809320e+000 -2.2630300e-001  5.6471030e+000
  1.2133333e+000  6.5036210e+000 -1.9910700e+000  3.3658470e+000 -3.4293200e-001  5.6484570e+000
  1.2200000e+000  6.4727610e+000 -2.0461760e+000  3.3429220e+000 -4.1546500e-001  5.6198930e+000
  1.2266667e+000  6.4306170e+000 -2.0992100e+000  3.3223270e+000 -4.8241200e-001  5.6268440e+000
  1.2333333e+000  6.3599420e+000 -2.1917250e+000  3.2969000e+000 -5.8714800e-001  5.6168210e+000
  1.2400000e+000  6.3250850e+000 -2.2499300e+000  3.2891090e+000 -6.7419700e-001  5.6208930e+000
  1.2466667e+000  6.2698860e+000 -2.3269520e+000  3.2743720e+000 -7.6704600e-001  5.6516730e+000
  1.2533333e+000  6.1824970e+000 -2.3936920e+000  3.2688110e+000 -8.6382400e-001  5.6271720e+000
  1.2600000e+000  6.1182200e+000 -2.4840320e+000  3.2527500e+000 -9.7637800e-001  5.6315270e+000
  1.2666667e+000  6.0378680e+000 -2.5379400e+000  3.2378840e+000 -1.0878020e+000  5.6871620e+000
  1.2733333e+000  5.9904160e+000 -2.5966080e+000  3.1798980e+000 -1.1681660e+000  5.7382210e+000
  1.2800000e+000  5.9074380e+000 -2.6881990e+000  3.1484780e+000 -1.2703900e+000  5.7747420e+000
  1.2866667e+000  5.8863500e+000 -2.7521570e+000  3.1081630e+000 -1.3754230e+000  5.8249150e+000
  1.2933333e+000  5.8371730e+000 -2.8357770e+000  3.0662840e+000 -1.4454940e+000  5.8928670e+000
  1.3000000e+000  5.8049260e+000 -2.9237310e+000  3.0341910e+000 -1.5635960e+000  5.9503200e+000
  1.3066667e+000  5.7729730e+000 -3.0038580e+000  2.9735210e+000 -1.6618420e+000  6.0624360e+000
  1.3133333e+000  5.7332390e+000 -3.0569920e+000  2.9520890e+000 -1.7536190e+000  6.1334990e+000
  1.3200000e+000  5.7217960e+000 -3.1514580e+000  2.8942220e+000 -1.8597770e+000  6.1917980e+000
  1.3266667e+000  5.6932910e+000 -3.1871360e+000  2.8178940e+000 -1.9421050e+000  6.2750360e+000
  1.3333333e+000  5.6802140e+000 -3.2520630e+000  2.7583620e+000 -2.0539810e+000  6.3829780e+000
  1.3400000e+000  5.6912080e+000 -3.2949550e+000  2.7585890e+000 -2.1769000e+000  6.4594840e+000
  1.3466667e+000  5.6688000e+000 -3.3659710e+000  2.6945240e+000 -2.2586810e+000  6.5592720e+000
  1.3533333e+000  5.6690160e+000 -3.4260620e+000  2.6647070e+000 -2.3637880e+000  6.6236670e+000
  1.3600000e+000  5.6619000e+000 -3.4531540e+000  2.5841460e+000 -2.4553030e+000  6.6941370e+000
  1.3666667e+000  5.6378640e+000 -3.5083880e+000  2.5189510e+000 -2.5459720e+000  6.7498960e+000
  1.3733333e+000  5.6338690e+000 -3.5563590e+000  2.4641260e+000 -2.6530630e+000  6.8312870e+000
  1.3800000e+000  5.5888130e+000 -3.5893520e+000  2.3778850e+000 -2.7554780e+000  6.9285860e+000
  1.3866667e+000  5.5554200e+000 -3.6690450e+000  2.2735690e+000 -2.8212830e+000  7.0187850e+000
  1.3933333e+000  5.5596160e+000 -3.7228220e+000  2.1212220e+000 -2.9110960e+000  7.1029970e+000
  1.4000000e+000  5.5124440e+000 -3.7790620e+000  2.0152730e+000 -2.9993030e+000  7.2149920e+000
  1.4066667e+000  5.4698460e+000 -3.8325200e+000  1.8951130e+000 -3.0438570e+000  7.2970910e+000
  1.4133333e+000  5.4960490e+000 -3.8900900e+000  1.7945320e+000 -3.1563350e+000  7.3890520e+000
  1.4200000e+000  5.4792700e+000 -3.9196550e+000  1.7116640e+000 -3.2295390e+000  7.5437210e+000
  1.4266667e+000  5.4515020e+000 -3.9743670e+000  1.5947140e+000 -3.2834330e+000  7.6776710e+000
  1.4333333e+000  5.4015500e+000 -4.0102730e+000  1.5079800e+000 -3.3616630e+000  7.8122890e+000
  1.4400000e+000  5.4135890e+000 -4.0798760e+000  1.3842310e+000 -3.4714730e+000  7.9327700e+000
  1.4466667e+000  5.4054690e+000 -4.1180350e+000  1.2688370e+000 -3.5649760e+000  8.0466560e+000
  1.4533333e+000  5.3691790e+000 -4.1717920e+000  1.1485970e+000 -3.6448530e+000  8.1684260e+000
  1.4600000e+000  5.3443030e+000 -4.2500230e+000  1.0300130e+000 -3.7688890e+000  8.2720340e+000
  1.4666667e+000  5.3748640e+000 -4.2883000e+000  9.1236400e-001 -3.8750000e+000  8.3773050e+000
  1.4733333e+000  5.3899530e+000 -4.3500210e+000  7.8574900e-001 -3.9837600e+000  8.4673790e+000
  1.4800000e+000  5.3516770e+000 -4.3836930e+000  6.7070300e-001 -4.0989790e+000  8.5559130e+000
  1.4866667e+000  5.3329470e+000 -4.4304260e+000  5.5943700e-001 -4.2334550e+000  8.6522950e+000
  1.4933333e+000  5.3292970e+000 -4.5064830e+000  4.3697100e-001 -4.3422560e+000  8.7273800e+000
  1.5000000e+000  6.3728200e+000 -4.5726680e+000  3.0698800e-001 -4.4880170e+000  8.8261240e+000
  1.5066667e+000  6.4581850e+000 -4.6331400e+000  1.4616800e-001 -4.6335210e+000  8.9895230e+000
  1.5133333e+000  7.4118150e+000 -4.7069100e+000 -2.6195000e-002 -4.7724090e+000  9.1691110e+000
  1.5200000e+000  7.4415970e+000 -4.7443330e+000 -2.1034700e-001 -4.8926930e+000  9.3746920e+000
  1.5266667e+000  7.4995410e+000 -4.7863430e+000 -3.8858500e-001 -5.0315790e+000  9.6837200e+000
  1.5333333e+000  7.5684070e+000 -4.8425460e+000 -5.7672100e-001 -5.1634070e+000  1.0083023e+001
  1.5400000e+000  6.5218950e+000 -4.9053170e+000 -7.7483800e-001 -5.2838250e+000  1.0632859e+001
  1.5466667e+000  5.8808430e+000 -4.9604230e+000 -9.5224800e-001 -5.3932340e+000  1.1345939e+001
  1.5533333e+000  5.8505330e+000 -5.0220240e+000 -1.1588390e+000 -5.4890620e+000  1.2171472e+001
  1.5600000e+000  5.8900610e+000 -5.0761060e+000 -1.3216890e+000 -5.5860620e+000  1.3086958e+001
  1.5666667e+000  4.9107370e+000 -5.1302590e+000 -1.4616930e+000 -5.6892350e+000  1.4125976e+001
  1.5733333e+000  4.9979770e+000 -5.2173410e+000 -1.5844530e+000 -5.7708550e+000  1.5144041e+001
  1.5800000e+000  5.0232630e+000 -5.2368030e+000 -1.7415370e+000 -5.8604040e+000  1.6165903e+001
  1.5866667e+000  5.0698280e+000 -5.2818680e+000 -1.8650450e+000 -5.9648390e+000  1.7153061e+001
  1.5933333e+000  5.1093600e+000 -5.3400980e+000 -1.9981160e+000 -6.0507850e+000  1.8132444e+001
  1.6000000e+000  5.1340260e+000 -5.3825890e+000 -2.1202290e+000 -6.1353740e+000  1.8800022e+001
  1.6066667e+000  5.1651040e+000 -5.4057950e+000 -2.2363710e+000 -6.2212040e+000  2.1783838e+001
  1.6133333e+000  5.2045140e+000 -5.4555750e+000 -2.3726830e+000 -6.3165030e+000  2.3527077e+001
  1.6200000e+000  5.2435100e+000 -5.5000130e+000 -2.4994690e+000 -6.3977020e+000  2.2812124e+001
  1.6266667e+000  5.2641680e+000 -5.5252370e+000 -2.6044880e+000 -6.4793730e+000  2.4018005e+001
  1.6333333e+000  5.3110570e+000 -5.5806560e+000 -2.7209120e+000 -6.5590480e+000  2.5323782e+001
  1.6400000e+000  5.3389110e+000 -5.6399780e+000 -2.8339270e+000 -6.6406010e+000  2.6649946e+001
  1.6466667e+000  5.4221270e+000 -5.6565250e+000 -2.9794480e+000 -6.7423270e+000  2.8167484e+001
  1.6533333e+000  5.4287180e+000 -5.7145430e+000 -3.0764830e+000 -6.8067240e+000  2.9951309e+001
  1.6600000e+000  5.4712560e+000 -5.7606270e+000 -3.1710930e+000 -6.9035310e+000  3.1881124e+001
  1.6666667e+000  5.5378150e+000 -5.7873650e+000 -3.2805070e+000 -7.0042320e+000  3.4244064e+001
  1.6733333e+000  5.5637550e+000 -5.8710710e+000 -3.3707460e+000 -7.0952910e+000  3.6192963e+001
  1.6800000e+000  5.5786120e+000 -5.9244640e+000 -3.4831490e+000 -7.1630440e+000  3.8085960e+001
  1.6866667e+000  5.6059100e+000 -5.9494710e+000 -3.5897030e+000 -7.2282920e+000  3.9805317e+001
  1.6933333e+000  5.6475660e+000 -6.0051750e+000 -3.6972040e+000 -7.3179960e+000  4.1565132e+001
  1.7000000e+000  5.6636310e+000 -6.0507560e+000 -3.7991460e+000 -7.3666090e+000  4.2876862e+001
  1.7066667e+000  5.6700650e+000 -6.0893280e+000 -3.8798740e+000 -7.4059630e+000  4.3999771e+001
  1.7133333e+000  5.6380730e+000 -6.1134000e+000 -3.9941950e+000 -7.4656640e+000  4.4870148e+001
  1.7200000e+000  5.6206720e+000 -6.1301740e+000 -4.1005740e+000 -7.5121540e+000  4.5548321e+001
  1.7266667e+000  5.5801780e+000 -6.1849680e+000 -4.2089560e+000 -7.5601760e+000  4.6004005e+001
  1.7333333e+000  5.5113870e+000 -6.2139080e+000 -4.3181050e+000 -7.5665630e+000  4.6220196e+001
  1.7400000e+000  5.4550910e+000 -6.2252820e+000 -4.3961420e+000 -7.6154920e+000  4.6188175e+001
  1.7466667e+000  5.3785120e+000 -6.2403650e+000 -4.4953570e+000 -7.5962780e+000  4.5875298e+001
  1.7533333e+000  5.2807290e+000 -6.2679450e+000 -4.6059210e+000 -7.6347270e+000  4.5266621e+001
  1.7600000e+000  5.9194510e+000 -6.2637970e+000 -4.6730150e+000 -7.6482820e+000  4.4421089e+001
  1.7666667e+000  6.0935020e+000 -6.2458270e+000 -4.7591240e+000 -7.6610150e+000  4.3331844e+001
  1.7733333e+000  6.8256850e+000 -6.2520530e+000 -4.8285780e+000 -7.6493910e+000  4.2042652e+001
  1.7800000e+000  6.7882120e+000 -6.2537860e+000 -4.9131380e+000 -7.6739300e+000  4.0612335e+001
  1.7866667e+000  6.7132040e+000 -6.2117910e+000 -4.9708170e+000 -7.6981130e+000  3.9066650e+001
  1.7933333e+000  6.6459820e+000 -6.2022030e+000 -5.0623520e+000 -7.6838560e+000  3.7381191e+001
  1.8000000e+000  6.6175840e+000 -6.2167430e+000 -5.1462200e+000 -7.6799190e+000  3.5697773e+001
  1.8066667e+000  6.5688310e+000 -6.2046140e+000 -5.2623530e+000 -7.6623570e+000  3.3836933e+001
  1.8133333e+000  6.5660290e+000 -6.2147160e+000 -5.3818910e+000 -7.6491890e+000  3.1844992e+001
  1.8200000e+000  6.5644390e+000 -6.1758360e+000 -5.5021180e+000 -7.6522520e+000  2.9943748e+001
  1.8266667e+000  6.5790440e+000 -6.1765770e+000 -5.6176970e+000 -7.6266910e+000  2.8345488e+001
  1.8333333e+000  6.5903930e+000 -6.1510470e+000 -5.7382290e+000 -7.6464750e+000  2.7272835e+001
  1.8400000e+000  6.5968700e+000 -6.1312040e+000 -5.8779170e+000 -7.6289550e+000  2.6745256e+001
  1.8466667e+000  6.6127950e+000 -6.1221480e+000 -5.9970250e+000 -7.6483620e+000  2.6446478e+001
  1.8533333e+000  6.6419800e+000 -6.1205230e+000 -6.0818780e+000 -7.6511640e+000  2.7350607e+001
  1.8600000e+000  6.6723790e+000 -6.0943970e+000 -6.1763620e+000 -7.6448110e+000  2.8571115e+001
  1.8666667e+000  6.7061630e+000 -6.0787860e+000 -6.2859660e+000 -7.6770130e+000  2.9583717e+001
  1.8733333e+000  6.7429220e+000 -6.0752450e+000 -6.3445900e+000 -7.6760120e+000  3.0274797e+001
  1.8800000e+000  6.7864370e+000 -6.0660390e+000 -6.4480110e+000 -7.6810570e+000  3.0397423e+001
  1.8866667e+000  6.8203970e+000 -6.0858720e+000 -6.5293770e+000 -7.6965230e+000  3.1044300e+001
  1.8933333e+000  6.8751790e+000 -6.0729690e+000 -6.6057530e+000 -7.7176800e+000  3.1004650e+001
  1.9000000e+000  6.9471720e+000 -6.0761990e+000 -6.7082410e+000 -7.7241500e+000  3.0701189e+001
  1.9066667e+000  7.0072840e+000 -6.0707600e+000 -6.7528920e+000 -7.7348740e+000  3.0189037e+001
  1.9133333e+000  7.0646820e+000 -6.0658440e+000 -6.8506020e+000 -7.7584200e+000  2.9449112e+001
  1.9200000e+000  7.0744370e+000 -6.0680880e+000 -6.9015900e+000 -7.7864390e+000  2.8918430e+001
  1.9266667e+000  7.0770090e+000 -6.1031730e+000 -7.0015030e+000 -7.7925210e+000  2.8433537e+001
  1.9333333e+000  7.1270700e+000 -6.1252970e+000 -7.0796590e+000 -7.7986560e+000  2.7971684e+001
  1.9400000e+000  7.1896490e+000 -6.1483080e+000 -7.1988670e+000 -7.8343710e+000  2.7582413e+001
  1.9466667e+000  7.2190880e+000 -6.1710790e+000 -7.2799670e+000 -7.8573650e+000  2.7230337e+001
  1.9533333e+000  7.2458730e+000 -6.1535480e+000 -7.4115570e+000 -7.8749150e+000  2.7541376e+001
  1.9600000e+000  7.2897450e+000 -6.1513300e+000 -7.5363200e+000 -7.8775840e+000  2.7308702e+001
  1.9666667e+000  7.3755240e+000 -6.1547100e+000 -7.6745230e+000 -7.9036280e+000  2.6909679e+001
  1.9733333e+000  7.4964870e+000 -6.2023600e+000 -7.8358620e+000 -7.8929840e+000  2.6320833e+001
  1.9800000e+000  7.6638670e+000 -6.1749460e+000 -7.9789850e+000 -7.9298360e+000  2.5752083e+001
  1.9866667e+000  7.8454840e+000 -6.2014940e+000 -8.1577070e+000 -7.9543590e+000  2.5093481e+001
  1.9933333e+000  8.0123760e+000 -6.1912670e+000 -8.2995450e+000 -7.9552910e+000  2.4472752e+001
  2.0000000e+000  8.1825700e+000 -6.2109690e+000 -8.4634570e+000 -7.9611440e+000  2.3879461e+001
