 -5.0000000e-001  2.2905054e+001  2.5211184e+001  2.4828691e+001  2.1990917e+001  2.0118078e+001
 -4.9333333e-001  2.2911119e+001  2.5218754e+001  2.4842741e+001  2.1965242e+001  2.0117067e+001
 -4.8666667e-001  2.2905714e+001  2.5225025e+001  2.4830509e+001  2.1953098e+001  2.0123955e+001
 -4.8000000e-001  2.2911989e+001  2.5232384e+001  2.4816378e+001  2.1944408e+001  2.0131489e+001
 -4.7333333e-001  2.2932705e+001  2.5241327e+001  2.4772392e+001  2.1916077e+001  2.0131599e+001
 -4.6666667e-001  2.2924608e+001  2.5222166e+001  2.4759935e+001  2.1901167e+001  2.0159775e+001
 -4.6000000e-001  2.2923853e+001  2.5218567e+001  2.4776588e+001  2.1884607e+001  2.0169247e+001
 -4.5333333e-001  2.2920414e+001  2.5211506e+001  2.4788074e+001  2.1892281e+001  2.0188877e+001
 -4.4666667e-001  2.2918062e+001  2.5202517e+001  2.4704996e+001  2.1880362e+001  2.0221436e+001
 -4.4000000e-001  2.2921778e+001  2.5188549e+001  2.4714033e+001  2.1880344e+001  2.0241318e+001
 -4.3333333e-001  2.2912140e+001  2.5203981e+001  2.4749899e+001  2.1848530e+001  2.0244286e+001
 -4.2666667e-001  2.2925301e+001  2.5191456e+001  2.4717518e+001  2.1838520e+001  2.0265163e+001
 -4.2000000e-001  2.2920015e+001  2.5179235e+001  2.4734068e+001  2.1864895e+001  2.0278233e+001
 -4.1333333e-001  2.2901415e+001  2.5164789e+001  2.4709801e+001  2.1851171e+001  2.0306389e+001
 -4.0666667e-001  2.2880474e+001  2.5171967e+001  2.4728615e+001  2.1855928e+001  2.0307810e+001
 -4.0000000e-001  2.2898224e+001  2.5155722e+001  2.4729431e+001  2.1864027e+001  2.0295712e+001
 -3.9333333e-001  2.2889381e+001  2.5168028e+001  2.4719299e+001  2.1883680e+001  2.0301584e+001
 -3.8666667e-001  2.2869551e+001  2.5165846e+001  2.4663139e+001  2.1901123e+001  2.0316301e+001
 -3.8000000e-001  2.2869888e+001  2.5184460e+001  2.4629866e+001  2.1884911e+001  2.0333332e+001
 -3.7333333e-001  2.2855118e+001  2.5189346e+001  2.4734739e+001  2.1888119e+001  2.0330462e+001
 -3.6666667e-001  2.2850887e+001  2.5207909e+001  2.4687099e+001  2.1898338e+001  2.0344910e+001
 -3.6000000e-001  2.2847319e+001  2.5228941e+001  2.4695644e+001  2.1937632e+001  2.0358080e+001
 -3.5333333e-001  2.2842131e+001  2.5232283e+001  2.4700165e+001  2.1944258e+001  2.0350937e+001
 -3.4666667e-001  2.2829483e+001  2.5224937e+001  2.4691462e+001  2.1960026e+001  2.0353388e+001
 -3.4000000e-001  2.2848989e+001  2.5237822e+001  2.3997963e+001  2.1989998e+001  2.0368572e+001
 -3.3333333e-001  2.2855404e+001  2.5250738e+001  2.4029348e+001  2.1996481e+001  2.0387779e+001
 -3.2666667e-001  2.2850307e+001  2.5222788e+001  2.4043919e+001  2.1999065e+001  2.0386757e+001
 -3.2000000e-001  2.2848801e+001  2.5215530e+001  2.4062538e+001  2.2020592e+001  2.0382622e+001
 -3.1333333e-001  2.2865536e+001  2.5216166e+001  2.4053272e+001  2.2016827e+001  2.0401892e+001
 -3.0666667e-001  2.2871840e+001  2.5195240e+001  2.4017735e+001  2.2025164e+001  2.0407742e+001
 -3.0000000e-001  2.2854822e+001  2.5169767e+001  2.4007919e+001  2.2022289e+001  2.0405640e+001
 -2.9333333e-001  2.2850565e+001  2.5162161e+001  2.4001949e+001  2.2037857e+001  2.0421839e+001
 -2.8666667e-001  2.2876339e+001  2.5158712e+001  2.4030779e+001  2.2058949e+001  2.0431915e+001
 -2.8000000e-001  2.2872713e+001  2.5168512e+001  2.4037741e+001  2.2069977e+001  2.0426176e+001
 -2.7333333e-001  2.2845747e+001  2.5149775e+001  2.4031200e+001  2.2054331e+001  2.0427895e+001
 -2.6666667e-001  2.2849176e+001  2.5157255e+001  2.4050045e+001  2.2068653e+001  2.0417671e+001
 -2.6000000e-001  2.2837898e+001  2.5147888e+001  2.4011683e+001  2.2089130e+001  2.0405497e+001
 -2.5333333e-001  2.2834396e+001  2.5130791e+001  2.3995878e+001  2.2110178e+001  2.0381876e+001
 -2.4666667e-001  2.2841627e+001  2.5130272e+001  2.4032249e+001  2.2108799e+001  2.0398716e+001
 -2.4000000e-001  2.2826124e+001  2.5142040e+001  2.4010595e+001  2.2106768e+001  2.0398911e+001
 -2.3333333e-001  2.2817217e+001  2.5143311e+001  2.3959999e+001  2.2117111e+001  2.0384520e+001
 -2.2666667e-001  2.2818279e+001  2.5115459e+001  2.3992840e+001  2.2136040e+001  2.0402735e+001
 -2.2000000e-001  2.2798584e+001  2.5120457e+001  2.4000467e+001  2.2140173e+001  2.0420195e+001
 -2.1333333e-001  2.2774820e+001  2.5121273e+001  2.4011965e+001  2.2165920e+001  2.0414598e+001
 -2.0666667e-001  2.2773933e+001  2.5117353e+001  2.4011852e+001  2.2163136e+001  2.0390648e+001
 -2.0000000e-001  2.2754780e+001  2.5129660e+001  2.4019363e+001  2.2173101e+001  2.0389296e+001
 -1.9333333e-001  2.2731094e+001  2.5113903e+001  2.4006800e+001  2.2182611e+001  2.0408499e+001
 -1.8666667e-001  2.2707972e+001  2.5108086e+001  2.3985373e+001  2.2210478e+001  2.0405703e+001
 -1.8000000e-001  2.2701797e+001  2.5106623e+001  2.3979460e+001  2.2212307e+001  2.0417583e+001
 -1.7333333e-001  2.2696602e+001  2.5110220e+001  2.3957407e+001  2.2237198e+001  2.0413744e+001
 -1.6666667e-001  2.2683723e+001  2.5116180e+001  2.3938503e+001  2.2269314e+001  2.0401302e+001
 -1.6000000e-001  2.2686964e+001  2.5124346e+001  2.3953308e+001  2.2267643e+001  2.0398939e+001
 -1.5333333e-001  2.2670803e+001  2.5125992e+001  2.3932013e+001  2.2276903e+001  2.0420645e+001
 -1.4666667e-001  2.2660828e+001  2.5139961e+001  2.3934439e+001  2.2286400e+001  2.0418468e+001
 -1.4000000e-001  2.2654657e+001  2.5146605e+001  2.3912731e+001  2.2305853e+001  2.0420513e+001
 -1.3333333e-001  2.2668533e+001  2.5138144e+001  2.3928123e+001  2.2322853e+001  2.0415243e+001
 -1.2666667e-001  2.2675476e+001  2.5153009e+001  2.3917067e+001  2.2349892e+001  2.0414549e+001
 -1.2000000e-001  2.2671099e+001  2.5161421e+001  2.3888807e+001  2.2365932e+001  2.0411991e+001
 -1.1333333e-001  2.2663305e+001  2.5175917e+001  2.3888155e+001  2.2382574e+001  2.0413986e+001
 -1.0666667e-001  2.2690676e+001  2.5188831e+001  2.3849873e+001  2.2397797e+001  2.0407000e+001
 -1.0000000e-001  2.2694597e+001  2.5201824e+001  2.3854013e+001  2.2429319e+001  2.0405577e+001
 -9.3333333e-002  2.2693283e+001  2.5206573e+001  2.3866632e+001  2.2456398e+001  2.0429914e+001
 -8.6666667e-002  2.2697571e+001  2.5222340e+001  2.3845549e+001  2.2495701e+001  2.0418089e+001
 -8.0000000e-002  2.2711618e+001  2.5220051e+001  2.3863403e+001  2.2512077e+001  2.0397076e+001
 -7.3333333e-002  2.2736935e+001  2.5220852e+001  2.3869873e+001  2.2522446e+001  2.0416269e+001
 -6.6666667e-002  2.2729567e+001  2.5229330e+001  2.3857206e+001  2.2540745e+001  2.0423479e+001
 -6.0000000e-002  2.2724983e+001  2.5234007e+001  2.3850361e+001  2.2576326e+001  2.0405741e+001
 -5.3333333e-002  2.2728676e+001  2.5224243e+001  2.3839930e+001  2.2582817e+001  2.0423153e+001
 -4.6666667e-002  2.2738953e+001  2.5243326e+001  2.3863037e+001  2.2598640e+001  2.0426498e+001
 -4.0000000e-002  2.2722630e+001  2.5234394e+001  2.3829987e+001  2.2615980e+001  2.0418291e+001
 -3.3333333e-002  2.2711020e+001  2.5224718e+001  2.3863216e+001  2.2629406e+001  2.0420002e+001
 -2.6666667e-002  2.2710703e+001  2.5214972e+001  2.3835606e+001  2.2636456e+001  2.0437517e+001
 -2.0000000e-002  2.2708910e+001  2.5215393e+001  2.3823338e+001  2.2656246e+001  2.0443014e+001
 -1.3333333e-002  2.2703171e+001  2.5210958e+001  2.3832642e+001  2.2659229e+001  2.0450848e+001
 -6.6666667e-003  2.2701754e+001  2.5211214e+001  2.3841240e+001  2.2668657e+001  2.0438368e+001
  0.0000000e+000  2.2690014e+001  2.5194019e+001  2.3819836e+001  2.2676027e+001  2.0435539e+001
  6.6666667e-003  2.2681379e+001  2.5200575e+001  2.3787109e+001  2.2689045e+001  2.0446522e+001
  1.3333333e-002  2.2678606e+001  2.5192789e+001  2.3839693e+001  2.2696541e+001  2.0466770e+001
  2.0000000e-002  2.2674341e+001  2.5183008e+001  2.3785294e+001  2.2725689e+001  2.0476276e+001
  2.6666667e-002  2.2665272e+001  2.5172821e+001  2.3742161e+001  2.2729130e+001  2.0484278e+001
  3.3333333e-002  2.2636864e+001  2.5174833e+001  2.3716846e+001  2.2737068e+001  2.0505602e+001
  4.0000000e-002  2.2643984e+001  2.5175014e+001  2.3676929e+001  2.2745256e+001  2.0521233e+001
  4.6666667e-002  2.2630428e+001  2.5159285e+001  2.3697823e+001  2.2761534e+001  2.0515261e+001
  5.3333333e-002  2.2606491e+001  2.5166210e+001  2.3707251e+001  2.2784683e+001  2.0540115e+001
  6.0000000e-002  2.2604715e+001  2.5173004e+001  2.3686512e+001  2.2800520e+001  2.0559586e+001
  6.6666667e-002  2.2612396e+001  2.5177082e+001  2.3676025e+001  2.2803545e+001  2.0586933e+001
  7.3333333e-002  2.2613655e+001  2.5160488e+001  2.3665619e+001  2.2799608e+001  2.0586193e+001
  8.0000000e-002  2.2615034e+001  2.5153130e+001  2.3649000e+001  2.2817858e+001  2.0608152e+001
  8.6666667e-002  2.2625753e+001  2.5159954e+001  2.3653271e+001  2.2835331e+001  2.0640039e+001
  9.3333333e-002  2.2636671e+001  2.5155066e+001  2.3641088e+001  2.2863209e+001  2.0644815e+001
  1.0000000e-001  2.2642662e+001  2.5143675e+001  2.3659788e+001  2.2875591e+001  2.0652439e+001
  1.0666667e-001  2.2638172e+001  2.5141569e+001  2.3708527e+001  2.2868820e+001  2.0673168e+001
  1.1333333e-001  2.2640274e+001  2.5131710e+001  2.3711462e+001  2.2888332e+001  2.0683058e+001
  1.2000000e-001  2.2653912e+001  2.5110840e+001  2.3717171e+001  2.2898691e+001  2.0677401e+001
  1.2666667e-001  2.2650650e+001  2.5101471e+001  2.3690012e+001  2.2885351e+001  2.0666107e+001
  1.3333333e-001  2.2610418e+001  2.5096279e+001  2.3644337e+001  2.2872547e+001  2.0664755e+001
  1.4000000e-001  2.2611092e+001  2.5077187e+001  2.3623823e+001  2.2861326e+001  2.0652102e+001
  1.4666667e-001  2.2605677e+001  2.5048687e+001  2.3604149e+001  2.2838858e+001  2.0625433e+001
  1.5333333e-001  2.2573240e+001  2.5018120e+001  2.4366381e+001  2.2817959e+001  2.0603409e+001
  1.6000000e-001  2.2538746e+001  2.4995188e+001  2.4369936e+001  2.2816296e+001  2.0599953e+001
  1.6666667e-001  2.2489655e+001  2.4958561e+001  2.4330446e+001  2.2782936e+001  2.0587126e+001
  1.7333333e-001  2.2440912e+001  2.4924154e+001  2.4286877e+001  2.2725214e+001  2.0555222e+001
  1.8000000e-001  2.2403831e+001  2.4877939e+001  2.4238251e+001  2.2678522e+001  2.0511684e+001
  1.8666667e-001  2.2342028e+001  2.4819939e+001  2.4167931e+001  2.2614447e+001  2.0476389e+001
  1.9333333e-001  2.2279337e+001  2.4770021e+001  2.4107256e+001  2.2552242e+001  2.0448843e+001
  2.0000000e-001  2.2183222e+001  2.4690107e+001  2.4017904e+001  2.2478266e+001  2.0382601e+001
  2.0666667e-001  2.2112198e+001  2.4609303e+001  2.3928663e+001  2.2395277e+001  2.0306320e+001
  2.1333333e-001  2.2034403e+001  2.4528900e+001  2.3836712e+001  2.2308754e+001  2.0226343e+001
  2.2000000e-001  2.1935061e+001  2.4433943e+001  2.3755316e+001  2.2225189e+001  2.0136162e+001
  2.2666667e-001  2.1844671e+001  2.4349678e+001  2.3672733e+001  2.2135288e+001  2.0062737e+001
  2.3333333e-001  2.1768950e+001  2.4246386e+001  2.3558584e+001  2.2042475e+001  1.9965206e+001
  2.4000000e-001  2.1685455e+001  2.4146725e+001  2.3455515e+001  2.1934717e+001  1.9876514e+001
  2.4666667e-001  2.1586557e+001  2.4035486e+001  2.3356712e+001  2.1826294e+001  1.9790545e+001
  2.5333333e-001  2.1507187e+001  2.3915981e+001  2.3258909e+001  2.1719395e+001  1.9722597e+001
  2.6000000e-001  2.1441622e+001  2.3799437e+001  2.3163725e+001  2.1638172e+001  1.9630894e+001
  2.6666667e-001  2.1368835e+001  2.3686550e+001  2.3067228e+001  2.1550200e+001  1.9561468e+001
  2.7333333e-001  2.1315022e+001  2.3536964e+001  2.2964861e+001  2.1445284e+001  1.9511290e+001
  2.8000000e-001  2.1238829e+001  2.3407602e+001  2.2889950e+001  2.1374306e+001  1.9468214e+001
  2.8666667e-001  2.1167654e+001  2.3254305e+001  2.2831350e+001  2.1279285e+001  1.9441257e+001
  2.9333333e-001  2.1098831e+001  2.3112926e+001  2.2031994e+001  2.1194830e+001  1.9425642e+001
  3.0000000e-001  2.1053394e+001  2.2996445e+001  2.1955421e+001  2.1089880e+001  1.9401592e+001
  3.0666667e-001  2.1002916e+001  2.2865032e+001  2.1874195e+001  2.0970119e+001  1.9400852e+001
  3.1333333e-001  2.0935686e+001  2.2696035e+001  2.1761826e+001  2.0868597e+001  1.9410950e+001
  3.2000000e-001  2.0876404e+001  2.2556971e+001  2.1647690e+001  2.0770964e+001  1.9398218e+001
  3.2666667e-001  2.0791416e+001  2.2414114e+001  2.1534113e+001  1.9919273e+001  1.9387272e+001
  3.3333333e-001  2.0685476e+001  2.2267244e+001  2.1406948e+001  1.9720007e+001  1.9351341e+001
  3.4000000e-001  2.0622269e+001  2.2130888e+001  2.1279804e+001  1.9566261e+001  1.9286327e+001
  3.4666667e-001  2.0550777e+001  2.1975388e+001  2.1141699e+001  1.9333530e+001  1.9220858e+001
  3.5333333e-001  2.0482550e+001  2.1812719e+001  2.0971636e+001  1.9077528e+001  1.9131952e+001
  3.6000000e-001  2.0411041e+001  2.1654320e+001  2.0753572e+001  1.8781847e+001  1.9019316e+001
  3.6666667e-001  2.0334196e+001  2.1480461e+001  2.0561594e+001  1.8569771e+001  1.8853369e+001
  3.7333333e-001  2.0294443e+001  2.1332005e+001  2.0388494e+001  1.8286421e+001  1.8706663e+001
  3.8000000e-001  2.0265905e+001  2.1168629e+001  2.0143623e+001  1.7941954e+001  1.8532484e+001
  3.8666667e-001  2.0231279e+001  2.0947693e+001  1.9957739e+001  1.7569315e+001  1.8321894e+001
  3.9333333e-001  2.0174992e+001  2.0734882e+001  1.9755552e+001  1.7182159e+001  1.8084286e+001
  4.0000000e-001  2.0105726e+001  2.0540272e+001  1.9521475e+001  1.6757549e+001  1.7858383e+001
  4.0666667e-001  2.0040512e+001  2.0351978e+001  1.9308048e+001  1.6349266e+001  1.7613588e+001
  4.1333333e-001  1.9949646e+001  2.0154863e+001  1.9101828e+001  1.5962872e+001  1.7375147e+001
  4.2000000e-001  1.9843746e+001  1.9990126e+001  1.8846544e+001  1.5576458e+001  1.7133595e+001
  4.2666667e-001  1.9730114e+001  1.9867508e+001  1.8538956e+001  1.5201453e+001  1.6863508e+001
  4.3333333e-001  1.9623606e+001  1.9765963e+001  1.8978451e+001  1.4865543e+001  1.6582327e+001
  4.4000000e-001  1.9461054e+001  1.9673813e+001  1.8682396e+001  1.4487718e+001  1.5507861e+001
  4.4666667e-001  1.9311745e+001  1.9581005e+001  1.8497089e+001  1.4158994e+001  1.5183954e+001
  4.5333333e-001  1.9161684e+001  1.9479582e+001  1.8277191e+001  1.3880998e+001  1.4849760e+001
  4.6000000e-001  1.8930964e+001  1.9396978e+001  1.8092007e+001  1.4302119e+001  1.4467026e+001
  4.6666667e-001  1.7887154e+001  1.9350798e+001  1.7923368e+001  1.4145368e+001  1.4087876e+001
  4.7333333e-001  1.7565006e+001  1.9274336e+001  1.7744297e+001  1.4000205e+001  1.3679958e+001
  4.8000000e-001  1.7200420e+001  1.9224567e+001  1.7619572e+001  1.3860036e+001  1.3294825e+001
  4.8666667e-001  1.6769918e+001  1.9214865e+001  1.7432581e+001  1.3772532e+001  1.2930022e+001
  4.9333333e-001  1.6361147e+001  1.9209688e+001  1.7176895e+001  1.3707988e+001  1.2579809e+001
  5.0000000e-001  1.5903872e+001  1.9173744e+001  1.6960835e+001  1.3636360e+001  1.2275666e+001
  5.0666667e-001  1.5407846e+001  1.9138426e+001  1.6724895e+001  1.3561837e+001  1.1983214e+001
  5.1333333e-001  1.4905672e+001  1.9079485e+001  1.6332678e+001  1.3574817e+001  1.1773593e+001
  5.2000000e-001  1.4459787e+001  1.9052921e+001  1.6045994e+001  1.3573710e+001  1.2299671e+001
  5.2666667e-001  1.4564197e+001  1.9085276e+001  1.5765209e+001  1.3536452e+001  1.2271043e+001
  5.3333333e-001  1.4275579e+001  1.9134962e+001  1.5465616e+001  1.3557446e+001  1.2190310e+001
  5.4000000e-001  1.4009692e+001  1.9174799e+001  1.5180193e+001  1.3512672e+001  1.2180070e+001
  5.4666667e-001  1.3830480e+001  1.9194622e+001  1.4901825e+001  1.3464879e+001  1.2153415e+001
  5.5333333e-001  1.3652063e+001  1.9209076e+001  1.4634741e+001  1.3502732e+001  1.2162294e+001
  5.6000000e-001  1.3616624e+001  1.9233952e+001  1.4368642e+001  1.3182526e+001  1.2185179e+001
  5.6666667e-001  1.3647440e+001  1.9310452e+001  1.4069228e+001  1.3121022e+001  1.2229754e+001
  5.7333333e-001  1.3689616e+001  1.9372993e+001  1.3820171e+001  1.3081782e+001  1.2044876e+001
  5.8000000e-001  1.3847827e+001  1.9415926e+001  1.3566791e+001  1.3049870e+001  1.2011028e+001
  5.8666667e-001  1.3985911e+001  1.9444695e+001  1.3307217e+001  1.3050131e+001  1.1959074e+001
  5.9333333e-001  1.3864500e+001  1.8725084e+001  1.3114094e+001  1.3019415e+001  1.1922813e+001
  6.0000000e-001  1.3906384e+001  1.8645372e+001  1.2939325e+001  1.3032248e+001  1.1810444e+001
  6.0666667e-001  1.3960913e+001  1.8566004e+001  1.2805253e+001  1.3115644e+001  1.1767782e+001
  6.1333333e-001  1.3980132e+001  1.8537497e+001  1.2788717e+001  1.3132152e+001  1.1759518e+001
  6.2000000e-001  1.3955963e+001  1.8429852e+001  1.2781637e+001  1.3179617e+001  1.1730596e+001
  6.2666667e-001  1.3907687e+001  1.8333515e+001  1.2781114e+001  1.3258224e+001  1.1753715e+001
  6.3333333e-001  1.3820042e+001  1.8195610e+001  1.2885778e+001  1.3277404e+001  1.1721775e+001
  6.4000000e-001  1.3737722e+001  1.8062353e+001  1.2985455e+001  1.3348448e+001  1.1726818e+001
  6.4666667e-001  1.3631672e+001  1.7921463e+001  1.3109387e+001  1.3435573e+001  1.1751543e+001
  6.5333333e-001  1.3563873e+001  1.7761803e+001  1.3283221e+001  1.3547157e+001  1.1781631e+001
  6.6000000e-001  1.3534616e+001  1.8379774e+001  1.3482487e+001  1.3657666e+001  1.1823519e+001
  6.6666667e-001  1.3487126e+001  1.8314428e+001  1.3700619e+001  1.3783949e+001  1.1814485e+001
  6.7333333e-001  1.3519919e+001  1.8166437e+001  1.3919975e+001  1.3917426e+001  1.1848943e+001
  6.8000000e-001  1.3542531e+001  1.7982176e+001  1.4167889e+001  1.4089629e+001  1.1903998e+001
  6.8666667e-001  1.3591985e+001  1.7976217e+001  1.4427829e+001  1.4251479e+001  1.1963492e+001
  6.9333333e-001  1.3680125e+001  1.7871805e+001  1.4673642e+001  1.4452113e+001  1.2044523e+001
  7.0000000e-001  1.3738523e+001  1.7765831e+001  1.4906674e+001  1.4635698e+001  1.2067126e+001
  7.0666667e-001  1.3813985e+001  1.7639154e+001  1.5113617e+001  1.4771915e+001  1.2142494e+001
  7.1333333e-001  1.3836962e+001  1.7521471e+001  1.5376929e+001  1.4946037e+001  1.2259504e+001
  7.2000000e-001  1.3774184e+001  1.7394346e+001  1.5647991e+001  1.5135403e+001  1.2364664e+001
  7.2666667e-001  1.3734353e+001  1.7271894e+001  1.5862795e+001  1.5341771e+001  1.2455535e+001
  7.3333333e-001  1.3622311e+001  1.7123489e+001  1.6055904e+001  1.5550737e+001  1.2566416e+001
  7.4000000e-001  1.3446470e+001  1.7012915e+001  1.6301710e+001  1.5702873e+001  1.2693143e+001
  7.4666667e-001  1.3304342e+001  1.6934036e+001  1.6545990e+001  1.5849599e+001  1.2828748e+001
  7.5333333e-001  1.3087326e+001  1.6425772e+001  1.6771168e+001  1.6008062e+001  1.2975341e+001
  7.6000000e-001  1.2796710e+001  1.6307533e+001  1.6989170e+001  1.6150082e+001  1.3084812e+001
  7.6666667e-001  1.2470914e+001  1.6216240e+001  1.7164682e+001  1.6292439e+001  1.3241635e+001
  7.7333333e-001  1.2121326e+001  1.6103283e+001  1.7391886e+001  1.6428934e+001  1.3415236e+001
  7.8000000e-001  1.1813880e+001  1.6016390e+001  1.7671219e+001  1.6583441e+001  1.3591898e+001
  7.8666667e-001  1.1475983e+001  1.5885942e+001  1.7903782e+001  1.6726185e+001  1.3738059e+001
  7.9333333e-001  1.1134765e+001  1.5852070e+001  1.8114460e+001  1.6893780e+001  1.3882888e+001
  8.0000000e-001  1.0774054e+001  1.5865963e+001  1.8338686e+001  1.7036375e+001  1.4075846e+001
  8.0666667e-001  1.0417897e+001  1.5811772e+001  1.8566706e+001  1.7197548e+001  1.4277861e+001
  8.1333333e-001  1.0066297e+001  1.5813561e+001  1.8760761e+001  1.7319685e+001  1.4466177e+001
  8.2000000e-001  9.7256220e+000  1.5893818e+001  1.8938005e+001  1.7476748e+001  1.4625503e+001
  8.2666667e-001  9.2845130e+000  1.5912397e+001  1.9121620e+001  1.7690844e+001  1.4792783e+001
  8.3333333e-001  8.8344860e+000  1.6020271e+001  1.9304453e+001  1.7913731e+001  1.4945108e+001
  8.4000000e-001  8.3751780e+000  1.6189884e+001  1.9476299e+001  1.8142452e+001  1.5099403e+001
  8.4666667e-001  7.9063480e+000  1.6338650e+001  1.9645262e+001  1.8386471e+001  1.5263100e+001
  8.5333333e-001  7.4523620e+000  1.6510157e+001  1.9809559e+001  1.8612608e+001  1.5460551e+001
  8.6000000e-001  6.9866630e+000  1.6720774e+001  1.9966793e+001  1.8847834e+001  1.5668242e+001
  8.6666667e-001  6.4837900e+000  1.6941931e+001  2.0128920e+001  1.9059378e+001  1.5878304e+001
  8.7333333e-001  6.0474250e+000  1.7215885e+001  2.0264957e+001  1.9314871e+001  1.6082085e+001
  8.8000000e-001  5.6588960e+000  1.7505844e+001  2.0401201e+001  1.9538141e+001  1.6289566e+001
  8.8666667e-001  5.2439460e+000  1.7860575e+001  2.0568090e+001  1.9740482e+001  1.6522072e+001
  8.9333333e-001  4.8464970e+000  1.8200268e+001  2.0712833e+001  1.9941278e+001  1.6745392e+001
  9.0000000e-001  4.4332950e+000  1.8532793e+001  2.0845018e+001  2.0165237e+001  1.6995573e+001
  9.0666667e-001  3.5877660e+000  1.8836102e+001  2.0995495e+001  2.0400091e+001  1.7225311e+001
  9.1333333e-001  3.6159470e+000  1.9125034e+001  2.1165346e+001  2.0612808e+001  1.7446678e+001
  9.2000000e-001  3.3395560e+000  1.9422974e+001  2.1354469e+001  2.0852493e+001  1.7693827e+001
  9.2666667e-001  2.4483490e+000  1.9729626e+001  2.1512955e+001  2.1121538e+001  1.7935898e+001
  9.3333333e-001  2.3014760e+000  2.0015099e+001  2.1677170e+001  2.1343861e+001  1.8160330e+001
  9.4000000e-001  2.0969680e+000  2.0840237e+001  2.1844408e+001  2.1521332e+001  1.8384943e+001
  9.4666667e-001  1.9341210e+000  2.1098036e+001  2.2048401e+001  2.1724640e+001  1.8630112e+001
  9.5333333e-001  1.6150120e+000  2.0822351e+001  2.2233879e+001  2.1947021e+001  1.8870876e+001
  9.6000000e-001  1.3031810e+000  2.1129429e+001  2.2419451e+001  2.2186548e+001  1.9151415e+001
  9.6666667e-001  9.6503800e-001  2.1425163e+001  2.2613699e+001  2.2416878e+001  1.9435547e+001
  9.7333333e-001  5.8962500e-001  2.1703775e+001  2.2788530e+001  2.2644505e+001  1.9669525e+001
  9.8000000e-001  1.5245800e-001  2.1997196e+001  2.2992966e+001  2.2837379e+001  1.9897579e+001
  9.8666667e-001 -2.4052500e-001  2.2288210e+001  2.3179073e+001  2.3055349e+001  2.0139244e+001
  9.9333333e-001 -4.7784200e-001  2.2534193e+001  2.3328302e+001  2.3298172e+001  2.0354425e+001
  1.0000000e+000 -6.9839300e-001  2.2769880e+001  2.3500624e+001  2.3555794e+001  2.0523941e+001
  1.0066667e+000 -9.8592000e-001  2.2982565e+001  2.3691870e+001  2.3788137e+001  2.0738573e+001
  1.0133333e+000 -1.3022910e+000  2.3160994e+001  2.3855206e+001  2.3996172e+001  2.0928316e+001
  1.0200000e+000 -1.6074910e+000  2.3292311e+001  2.4019283e+001  2.4223238e+001  2.1067696e+001
  1.0266667e+000 -1.5822530e+000  2.3403904e+001  2.4149338e+001  2.4484005e+001  2.1202749e+001
  1.0333333e+000 -1.4418930e+000  2.3484034e+001  2.4271544e+001  2.4725611e+001  2.1414558e+001
  1.0400000e+000 -1.2981050e+000  2.3588963e+001  2.4429703e+001  2.4902353e+001  2.1622578e+001
  1.0466667e+000 -1.0825530e+000  2.3720865e+001  2.4541126e+001  2.5118881e+001  2.1892399e+001
  1.0533333e+000 -8.4112100e-001  2.3922867e+001  2.4635084e+001  2.5372839e+001  2.2101534e+001
  1.0600000e+000 -6.1868100e-001  2.4139490e+001  2.4771465e+001  2.5536016e+001  2.2299139e+001
  1.0666667e+000 -2.8480900e-001  2.4382858e+001  2.4884699e+001  2.5653799e+001  2.2512316e+001
  1.0733333e+000  3.5460000e-003  2.4610029e+001  2.4986383e+001  2.5844875e+001  2.2674026e+001
  1.0800000e+000  2.9716100e-001  2.4819126e+001  2.5134476e+001  2.5987196e+001  2.2852041e+001
  1.0866667e+000  5.2990900e-001  2.5015938e+001  2.5264832e+001  2.6054842e+001  2.3040659e+001
  1.0933333e+000  8.0112800e-001  2.5240164e+001  2.5355942e+001  2.6165010e+001  2.3239428e+001
  1.1000000e+000  1.2432760e+000  2.5556175e+001  2.5401554e+001  2.6264404e+001  2.3450392e+001
  1.1066667e+000  1.6707800e+000  2.5879789e+001  2.5467146e+001  2.6272923e+001  2.3650118e+001
  1.1133333e+000  2.0324510e+000  2.6189968e+001  2.5558277e+001  2.6400385e+001  2.3887636e+001
  1.1200000e+000  2.5249600e+000  2.6493969e+001  2.5611408e+001  2.6488369e+001  2.4092869e+001
  1.1266667e+000  2.7674940e+000  2.6833429e+001  2.5668034e+001  2.6582796e+001  2.4300510e+001
  1.1333333e+000  3.3507400e+000  2.7161917e+001  2.5701847e+001  2.6679907e+001  2.4507244e+001
  1.1400000e+000  3.9421120e+000  2.7514708e+001  2.5749418e+001  2.6668680e+001  2.4687532e+001
  1.1466667e+000  4.3802160e+000  2.7871792e+001  2.5833399e+001  2.7024952e+001  2.4885958e+001
  1.1533333e+000  4.7950090e+000  2.8223438e+001  2.5881857e+001  2.7074789e+001  2.5084902e+001
  1.1600000e+000  5.1082500e+000  2.8551535e+001  2.6163723e+001  2.7107986e+001  2.5248516e+001
  1.1666667e+000  5.4101100e+000  2.8862444e+001  2.6101776e+001  2.7150436e+001  2.5358624e+001
  1.1733333e+000  5.6247610e+000  2.9137543e+001  2.5974380e+001  2.7178667e+001  2.5500719e+001
  1.1800000e+000  5.9194990e+000  2.9383583e+001  2.6091797e+001  2.7175436e+001  2.5605591e+001
  1.1866667e+000  6.1483930e+000  2.9658064e+001  2.6157619e+001  2.7184809e+001  2.5711462e+001
  1.1933333e+000  6.3846140e+000  2.9909880e+001  2.6180256e+001  2.7092747e+001  2.5832405e+001
  1.2000000e+000  6.5493610e+000  3.0139023e+001  2.6175915e+001  2.7248045e+001  2.5930380e+001
  1.2066667e+000  6.5045280e+000  3.0347240e+001  2.6190615e+001  2.7380650e+001  2.5889933e+001
  1.2133333e+000  6.2599540e+000  3.0577549e+001  2.6305101e+001  2.7523634e+001  2.6100758e+001
  1.2200000e+000  5.8180410e+000  3.0833073e+001  2.6487797e+001  2.7668474e+001  2.6420109e+001
  1.2266667e+000  5.7862720e+000  3.1088350e+001  2.6154058e+001  2.7438635e+001  2.6517742e+001
  1.2333333e+000  5.8515950e+000  3.1291088e+001  2.6369059e+001  2.7654619e+001  2.6659533e+001
  1.2400000e+000  5.8812490e+000  3.1470108e+001  2.7188181e+001  2.7846907e+001  2.6777922e+001
  1.2466667e+000  5.9311490e+000  3.1742311e+001  2.7391617e+001  2.8088919e+001  2.6944372e+001
  1.2533333e+000  5.9427370e+000  3.2050835e+001  2.7613111e+001  2.9070904e+001  2.7091892e+001
  1.2600000e+000  5.9612870e+000  3.2265686e+001  2.7871964e+001  2.9325109e+001  2.7970549e+001
  1.2666667e+000  6.0877630e+000  3.2434795e+001  2.8145830e+001  2.9611992e+001  2.8087858e+001
  1.2733333e+000  6.3553910e+000  3.2973442e+001  2.8399681e+001  2.9905170e+001  2.7817682e+001
  1.2800000e+000  6.9061570e+000  3.3124561e+001  2.8659962e+001  3.0201628e+001  2.8063694e+001
  1.2866667e+000  7.4855680e+000  3.3014603e+001  2.8961994e+001  3.0672871e+001  2.8340094e+001
  1.2933333e+000  8.2130810e+000  3.3182049e+001  2.9223036e+001  3.0929098e+001  2.8657627e+001
  1.3000000e+000  9.1192800e+000  3.3377792e+001  2.9521765e+001  3.1254284e+001  2.8983847e+001
  1.3066667e+000  9.9049930e+000  3.3535675e+001  2.9824900e+001  3.1556055e+001  2.9362492e+001
  1.3133333e+000  1.0742422e+001  3.3642708e+001  3.0129078e+001  3.1880936e+001  2.9762323e+001
  1.3200000e+000  1.1729215e+001  3.3760437e+001  3.0422237e+001  3.2181095e+001  3.0171091e+001
  1.3266667e+000  1.2674829e+001  3.3827030e+001  3.0706278e+001  3.2483879e+001  3.0740915e+001
  1.3333333e+000  1.3552479e+001  3.3872601e+001  3.0972645e+001  3.2772438e+001  3.1192818e+001
  1.3400000e+000  1.4442552e+001  3.3939823e+001  3.1189814e+001  3.3061172e+001  3.1643618e+001
  1.3466667e+000  1.5319602e+001  3.4046951e+001  3.1453489e+001  3.3293743e+001  3.2043655e+001
  1.3533333e+000  1.6190279e+001  3.4052048e+001  3.1657907e+001  3.3171242e+001  3.2450787e+001
  1.3600000e+000  1.6916946e+001  3.4046101e+001  3.1863338e+001  3.3357731e+001  3.2858528e+001
  1.3666667e+000  1.7768759e+001  3.4155018e+001  3.2064102e+001  3.3589634e+001  3.2886513e+001
  1.3733333e+000  1.8499498e+001  3.4185963e+001  3.2214909e+001  3.3760353e+001  3.3323101e+001
  1.3800000e+000  1.9256224e+001  3.4240955e+001  3.2386280e+001  3.3947495e+001  3.3769783e+001
  1.3866667e+000  2.0058802e+001  3.4316730e+001  3.2540047e+001  3.4064804e+001  3.4174351e+001
  1.3933333e+000  2.0884354e+001  3.5162144e+001  3.2725773e+001  3.4238853e+001  3.4585819e+001
  1.4000000e+000  2.1702740e+001  3.5175190e+001  3.2881729e+001  3.4372662e+001  3.4992142e+001
  1.4066667e+000  2.2569298e+001  3.5157745e+001  3.3013035e+001  3.4522461e+001  3.5347965e+001
  1.4133333e+000  2.3445160e+001  3.4753540e+001  3.2898136e+001  3.4617310e+001  3.5699051e+001
  1.4200000e+000  2.4349667e+001  3.4859047e+001  3.3020863e+001  3.4707916e+001  3.5972706e+001
  1.4266667e+000  2.5184336e+001  3.4917057e+001  3.3140835e+001  3.4868042e+001  3.6307930e+001
  1.4333333e+000  2.6440863e+001  3.4984203e+001  3.3299404e+001  3.4994286e+001  3.6635567e+001
  1.4400000e+000  2.7308563e+001  3.5099705e+001  3.3376377e+001  3.5108677e+001  3.6922558e+001
  1.4466667e+000  2.8098974e+001  3.5239025e+001  3.3452621e+001  3.5234055e+001  3.7204872e+001
  1.4533333e+000  2.8462675e+001  3.5307320e+001  3.3551941e+001  3.5333492e+001  3.7483105e+001
  1.4600000e+000  2.9261869e+001  3.5382618e+001  3.3629601e+001  3.5471939e+001  3.7759007e+001
  1.4666667e+000  2.9956633e+001  3.5512035e+001  3.3709728e+001  3.5596733e+001  3.8025124e+001
  1.4733333e+000  3.1196230e+001  3.5640736e+001  3.3779125e+001  3.5717560e+001  3.8315056e+001
  1.4800000e+000  3.1923843e+001  3.5713665e+001  3.3850826e+001  3.5842274e+001  3.8574966e+001
  1.4866667e+000  3.2599586e+001  3.5766335e+001  3.3922478e+001  3.5953831e+001  3.8806023e+001
  1.4933333e+000  3.3206295e+001  3.5808784e+001  3.4004723e+001  3.6077198e+001  3.9049023e+001
  1.5000000e+000  3.3800541e+001  3.5918922e+001  3.4086533e+001  3.6181847e+001  3.9306259e+001
  1.5066667e+000  3.4433037e+001  3.5966972e+001  3.4146027e+001  3.6269642e+001  3.9555866e+001
  1.5133333e+000  3.5023663e+001  3.5983852e+001  3.4232132e+001  3.6370304e+001  3.9796017e+001
  1.5200000e+000  3.5602184e+001  3.6001129e+001  3.4323853e+001  3.6472881e+001  4.0038277e+001
  1.5266667e+000  3.6150997e+001  3.6012039e+001  3.4404362e+001  3.6536671e+001  4.0284920e+001
  1.5333333e+000  3.6694469e+001  3.6000381e+001  3.4506733e+001  3.6607082e+001  4.0524830e+001
  1.5400000e+000  3.7213993e+001  3.5993279e+001  3.4614922e+001  3.6702358e+001  4.0779430e+001
  1.5466667e+000  3.7692417e+001  3.5999989e+001  3.4713753e+001  3.6761345e+001  4.1025295e+001
  1.5533333e+000  3.8123501e+001  3.5982330e+001  3.4838417e+001  3.6830902e+001  4.1293877e+001
  1.5600000e+000  3.8554478e+001  3.6039902e+001  3.4944279e+001  3.6912109e+001  4.1536213e+001
  1.5666667e+000  3.8928318e+001  3.6010212e+001  3.5022762e+001  3.6959446e+001  4.1753002e+001
  1.5733333e+000  3.9262276e+001  3.5969727e+001  3.5111919e+001  3.7010120e+001  4.2008831e+001
  1.5800000e+000  3.9622772e+001  3.5953934e+001  3.5231682e+001  3.7095474e+001  4.2273743e+001
  1.5866667e+000  3.9926476e+001  3.5941689e+001  3.5331715e+001  3.7132687e+001  4.2507278e+001
  1.5933333e+000  4.0218472e+001  3.5897053e+001  3.5381580e+001  3.7154030e+001  4.2733116e+001
  1.6000000e+000  4.0544003e+001  3.5831982e+001  3.5403000e+001  3.7175079e+001  4.2957237e+001
  1.6066667e+000  4.0859573e+001  3.5762520e+001  3.5420372e+001  3.7202232e+001  4.3167355e+001
  1.6133333e+000  4.1164509e+001  3.5721703e+001  3.5452221e+001  3.7221405e+001  4.3372837e+001
  1.6200000e+000  4.1440937e+001  3.5697918e+001  3.5470154e+001  3.7243629e+001  4.3581047e+001
  1.6266667e+000  4.1701534e+001  3.5650021e+001  3.5486000e+001  3.7248276e+001  4.3775215e+001
  1.6333333e+000  4.1931896e+001  3.5587334e+001  3.5478958e+001  3.7228828e+001  4.3933353e+001
  1.6400000e+000  4.2150089e+001  3.5504108e+001  3.5434616e+001  3.7203918e+001  4.4082008e+001
  1.6466667e+000  4.2390808e+001  3.5431221e+001  3.5398960e+001  3.7172192e+001  4.4224270e+001
  1.6533333e+000  4.2597610e+001  3.5392593e+001  3.5368446e+001  3.7142971e+001  4.4351749e+001
  1.6600000e+000  4.2709846e+001  3.5333061e+001  3.5331783e+001  3.7111107e+001  4.4461132e+001
  1.6666667e+000  4.2797184e+001  3.5280655e+001  3.5291073e+001  3.7075974e+001  4.4534569e+001
  1.6733333e+000  4.2909313e+001  3.5208210e+001  3.5244453e+001  3.7005013e+001  4.4595451e+001
  1.6800000e+000  4.3016365e+001  3.5108818e+001  3.5209305e+001  3.6936916e+001  4.4638603e+001
  1.6866667e+000  4.3073505e+001  3.5026711e+001  3.5151417e+001  3.6884045e+001  4.4663296e+001
  1.6933333e+000  4.3255573e+001  3.4958492e+001  3.5071541e+001  3.6813938e+001  4.4689034e+001
  1.7000000e+000  4.3314548e+001  3.4889565e+001  3.4995514e+001  3.6758850e+001  4.4666862e+001
  1.7066667e+000  4.3352074e+001  3.4831882e+001  3.4900444e+001  3.6700314e+001  4.4645023e+001
  1.7133333e+000  4.3349228e+001  3.4769161e+001  3.4812412e+001  3.6667660e+001  4.4612411e+001
  1.7200000e+000  4.3302536e+001  3.4709812e+001  3.4734619e+001  3.6638844e+001  4.4588341e+001
  1.7266667e+000  4.3250233e+001  3.4633965e+001  3.4648750e+001  3.6586590e+001  4.4512913e+001
  1.7333333e+000  4.3186890e+001  3.4294838e+001  3.4561840e+001  3.6535530e+001  4.4436192e+001
  1.7400000e+000  4.3205517e+001  3.4222137e+001  3.4466053e+001  3.6509602e+001  4.4374275e+001
  1.7466667e+000  4.3148369e+001  3.4169781e+001  3.4358685e+001  3.6473438e+001  4.4284859e+001
  1.7533333e+000  4.3175240e+001  3.4100716e+001  3.4230263e+001  3.6406078e+001  4.4188789e+001
  1.7600000e+000  4.3149685e+001  3.4035576e+001  3.4115128e+001  3.6342007e+001  4.4072128e+001
  1.7666667e+000  4.2760849e+001  3.3968723e+001  3.3981953e+001  3.6286903e+001  4.3949783e+001
  1.7733333e+000  4.2726883e+001  3.3928841e+001  3.3832458e+001  3.6213379e+001  4.3829895e+001
  1.7800000e+000  4.2684975e+001  3.3851109e+001  3.3715763e+001  3.6113441e+001  4.3675819e+001
  1.7866667e+000  4.3292511e+001  3.3806278e+001  3.3617531e+001  3.6030132e+001  4.3551605e+001
  1.7933333e+000  4.3195522e+001  3.3773968e+001  3.3476105e+001  3.5949024e+001  4.3411240e+001
  1.8000000e+000  4.3097324e+001  3.3739475e+001  3.3336975e+001  3.5843674e+001  4.3281063e+001
  1.8066667e+000  4.2982803e+001  3.3700401e+001  3.3211605e+001  3.5744331e+001  4.3137260e+001
  1.8133333e+000  4.2877151e+001  3.3631123e+001  3.3092636e+001  3.5637897e+001  4.2972553e+001
  1.8200000e+000  4.2785881e+001  3.3569801e+001  3.2974709e+001  3.5527267e+001  4.2832935e+001
  1.8266667e+000  4.2665234e+001  3.3491756e+001  3.2845467e+001  3.5419525e+001  4.2678089e+001
  1.8333333e+000  4.2546612e+001  3.3440121e+001  3.2720161e+001  3.5313660e+001  4.2503395e+001
  1.8400000e+000  4.2387405e+001  3.3410961e+001  3.2592590e+001  3.5202236e+001  4.2322124e+001
  1.8466667e+000  4.2212254e+001  3.3357502e+001  3.2457729e+001  3.5096699e+001  4.2101746e+001
  1.8533333e+000  4.2100990e+001  3.3302876e+001  3.2333195e+001  3.4984562e+001  4.1905098e+001
  1.8600000e+000  4.1971210e+001  3.3242668e+001  3.2192802e+001  3.4878384e+001  4.1734135e+001
  1.8666667e+000  4.1802422e+001  3.3213039e+001  3.2059860e+001  3.4794998e+001  4.1552433e+001
  1.8733333e+000  4.1647026e+001  3.3165871e+001  3.1952076e+001  3.4709675e+001  4.1386040e+001
  1.8800000e+000  4.1473473e+001  3.3121864e+001  3.1819727e+001  3.4624107e+001  4.1204430e+001
  1.8866667e+000  4.1308018e+001  3.3085228e+001  3.1669992e+001  3.4543575e+001  4.1017220e+001
  1.8933333e+000  4.1162182e+001  3.3039623e+001  3.1536930e+001  3.4453133e+001  4.0810963e+001
  1.9000000e+000  4.0958351e+001  3.2984737e+001  3.1402998e+001  3.4374081e+001  4.0611412e+001
  1.9066667e+000  4.0817520e+001  3.2920334e+001  3.1270914e+001  3.4253090e+001  4.0437408e+001
  1.9133333e+000  4.0662128e+001  3.2864300e+001  3.1129681e+001  3.4170750e+001  4.0238476e+001
  1.9200000e+000  4.0524101e+001  3.2818146e+001  3.1000101e+001  3.4072063e+001  4.0050053e+001
  1.9266667e+000  4.0484238e+001  3.2775715e+001  3.0880419e+001  3.3956909e+001  3.9843269e+001
  1.9333333e+000  4.0309986e+001  3.2711269e+001  3.0757200e+001  3.3831047e+001  3.9642651e+001
  1.9400000e+000  4.0163425e+001  3.2667816e+001  3.0625111e+001  3.3701412e+001  3.9442966e+001
  1.9466667e+000  4.0023613e+001  3.2635548e+001  3.0506941e+001  3.3562557e+001  3.9205357e+001
  1.9533333e+000  3.9899464e+001  3.2592262e+001  3.0389111e+001  3.3404865e+001  3.9000912e+001
  1.9600000e+000  3.9763515e+001  3.2537220e+001  3.0294191e+001  3.3251675e+001  3.8800220e+001
  1.9666667e+000  3.9577049e+001  3.2502750e+001  3.0176491e+001  3.3087757e+001  3.8598328e+001
  1.9733333e+000  3.9422512e+001  3.2474735e+001  3.0066383e+001  3.2909382e+001  3.8394341e+001
  1.9800000e+000  3.8931133e+001  3.2448269e+001  2.9952753e+001  3.2738026e+001  3.8198532e+001
  1.9866667e+000  3.8781895e+001  3.2412685e+001  2.9835964e+001  3.2560982e+001  3.8032536e+001
  1.9933333e+000  3.8642673e+001  3.2380283e+001  2.9720131e+001  3.2371605e+001  3.7845959e+001
  2.0000000e+000  3.8496471e+001  3.2365105e+001  2.9612312e+001  3.2208790e+001  3.7626453e+001
