 -5.0000000e-001  1.9846402e+002  1.9819679e+002  1.9870178e+002  1.9951155e+002  1.9918671e+002
 -4.9333333e-001  1.9847586e+002  1.9820654e+002  1.9871234e+002  1.9959430e+002  1.9921184e+002
 -4.8666667e-001  1.9849155e+002  1.9823657e+002  1.9870596e+002  1.9958278e+002  1.9922896e+002
 -4.8000000e-001  1.9850438e+002  1.9828850e+002  1.9867557e+002  1.9957747e+002  1.9921095e+002
 -4.7333333e-001  1.9851781e+002  1.9827892e+002  1.9865593e+002  1.9959311e+002  1.9918364e+002
 -4.6666667e-001  1.9853400e+002  1.9825493e+002  1.9868181e+002  1.9959994e+002  1.9919646e+002
 -4.6000000e-001  1.9853851e+002  1.9827376e+002  1.9866711e+002  1.9959987e+002  1.9920328e+002
 -4.5333333e-001  1.9857251e+002  1.9833260e+002  1.9863907e+002  1.9962370e+002  1.9923097e+002
 -4.4666667e-001  1.9863445e+002  1.9831358e+002  1.9868185e+002  1.9963187e+002  1.9922067e+002
 -4.4000000e-001  1.9865096e+002  1.9830200e+002  1.9869339e+002  1.9961411e+002  1.9922600e+002
 -4.3333333e-001  1.9863921e+002  1.9830287e+002  1.9868439e+002  1.9960794e+002  1.9922917e+002
 -4.2666667e-001  1.9864444e+002  1.9830360e+002  1.9869968e+002  1.9963158e+002  1.9922556e+002
 -4.2000000e-001  1.9865088e+002  1.9829462e+002  1.9870317e+002  1.9963132e+002  1.9924167e+002
 -4.1333333e-001  1.9866589e+002  1.9829611e+002  1.9870477e+002  1.9961771e+002  1.9926775e+002
 -4.0666667e-001  1.9863759e+002  1.9828227e+002  1.9868474e+002  1.9963341e+002  1.9923796e+002
 -4.0000000e-001  1.9867593e+002  1.9828590e+002  1.9869879e+002  1.9965073e+002  1.9919536e+002
 -3.9333333e-001  1.9872069e+002  1.9830968e+002  1.9871407e+002  1.9966676e+002  1.9921675e+002
 -3.8666667e-001  1.9868855e+002  1.9831569e+002  1.9867937e+002  1.9968732e+002  1.9925617e+002
 -3.8000000e-001  1.9869572e+002  1.9829452e+002  1.9864909e+002  1.9967345e+002  1.9929094e+002
 -3.7333333e-001  1.9865651e+002  1.9828284e+002  1.9862430e+002  1.9963471e+002  1.9926628e+002
 -3.6666667e-001  1.9864871e+002  1.9829845e+002  1.9864581e+002  1.9962938e+002  1.9921745e+002
 -3.6000000e-001  1.9865994e+002  1.9836400e+002  1.9866910e+002  1.9964592e+002  1.9926588e+002
 -3.5333333e-001  1.9866490e+002  1.9835919e+002  1.9867560e+002  1.9963591e+002  1.9926115e+002
 -3.4666667e-001  1.9870201e+002  1.9833087e+002  1.9864194e+002  1.9962074e+002  1.9925726e+002
 -3.4000000e-001  1.9871738e+002  1.9835568e+002  1.9862791e+002  1.9964653e+002  1.9928873e+002
 -3.3333333e-001  1.9871852e+002  1.9835478e+002  1.9863263e+002  1.9968648e+002  1.9930302e+002
 -3.2666667e-001  1.9875903e+002  1.9835375e+002  1.9866377e+002  1.9968211e+002  1.9928239e+002
 -3.2000000e-001  1.9879250e+002  1.9834103e+002  1.9868105e+002  1.9967967e+002  1.9924731e+002
 -3.1333333e-001  1.9876276e+002  1.9830711e+002  1.9865700e+002  1.9968008e+002  1.9929018e+002
 -3.0666667e-001  1.9874722e+002  1.9828632e+002  1.9864156e+002  1.9966652e+002  1.9932289e+002
 -3.0000000e-001  1.9876154e+002  1.9828024e+002  1.9864600e+002  1.9964827e+002  1.9930202e+002
 -2.9333333e-001  1.9876358e+002  1.9826327e+002  1.9864456e+002  1.9964999e+002  1.9930434e+002
 -2.8666667e-001  1.9876914e+002  1.9828966e+002  1.9868155e+002  1.9967587e+002  1.9930804e+002
 -2.8000000e-001  1.9878917e+002  1.9834662e+002  1.9870035e+002  1.9966776e+002  1.9932256e+002
 -2.7333333e-001  1.9876535e+002  1.9830814e+002  1.9869351e+002  1.9966064e+002  1.9935895e+002
 -2.6666667e-001  1.9878151e+002  1.9829404e+002  1.9869765e+002  1.9963705e+002  1.9936960e+002
 -2.6000000e-001  1.9880455e+002  1.9829535e+002  1.9871317e+002  1.9959160e+002  1.9932051e+002
 -2.5333333e-001  1.9878896e+002  1.9826352e+002  1.9874719e+002  1.9959650e+002  1.9927896e+002
 -2.4666667e-001  1.9880501e+002  1.9828529e+002  1.9873846e+002  1.9963399e+002  1.9931769e+002
 -2.4000000e-001  1.9878899e+002  1.9826546e+002  1.9872594e+002  1.9963423e+002  1.9931708e+002
 -2.3333333e-001  1.9879460e+002  1.9824519e+002  1.9874286e+002  1.9961893e+002  1.9932248e+002
 -2.2666667e-001  1.9882117e+002  1.9825104e+002  1.9874677e+002  1.9961945e+002  1.9933131e+002
 -2.2000000e-001  1.9879987e+002  1.9826451e+002  1.9875142e+002  1.9961357e+002  1.9934229e+002
 -2.1333333e-001  1.9881108e+002  1.9825729e+002  1.9875766e+002  1.9961331e+002  1.9933899e+002
 -2.0666667e-001  1.9884851e+002  1.9824741e+002  1.9873532e+002  1.9958345e+002  1.9929053e+002
 -2.0000000e-001  1.9883968e+002  1.9826082e+002  1.9867505e+002  1.9958672e+002  1.9928531e+002
 -1.9333333e-001  1.9881985e+002  1.9821880e+002  1.9869640e+002  1.9958960e+002  1.9934442e+002
 -1.8666667e-001  1.9880154e+002  1.9818343e+002  1.9870866e+002  1.9958276e+002  1.9933595e+002
 -1.8000000e-001  1.9879315e+002  1.9820216e+002  1.9873598e+002  1.9959358e+002  1.9932265e+002
 -1.7333333e-001  1.9882584e+002  1.9824458e+002  1.9872965e+002  1.9962300e+002  1.9931581e+002
 -1.6666667e-001  1.9882530e+002  1.9825348e+002  1.9869614e+002  1.9966452e+002  1.9929610e+002
 -1.6000000e-001  1.9882701e+002  1.9825678e+002  1.9867862e+002  1.9964694e+002  1.9927258e+002
 -1.5333333e-001  1.9881061e+002  1.9826532e+002  1.9864989e+002  1.9964850e+002  1.9930373e+002
 -1.4666667e-001  1.9881061e+002  1.9826724e+002  1.9864401e+002  1.9966444e+002  1.9930942e+002
 -1.4000000e-001  1.9883032e+002  1.9829450e+002  1.9867171e+002  1.9963506e+002  1.9931949e+002
 -1.3333333e-001  1.9884531e+002  1.9831767e+002  1.9869904e+002  1.9965431e+002  1.9935785e+002
 -1.2666667e-001  1.9887117e+002  1.9836273e+002  1.9866866e+002  1.9968289e+002  1.9935608e+002
 -1.2000000e-001  1.9887366e+002  1.9839142e+002  1.9863089e+002  1.9966823e+002  1.9933431e+002
 -1.1333333e-001  1.9883339e+002  1.9837799e+002  1.9862170e+002  1.9964252e+002  1.9932698e+002
 -1.0666667e-001  1.9886060e+002  1.9837750e+002  1.9861459e+002  1.9961537e+002  1.9935735e+002
 -1.0000000e-001  1.9885867e+002  1.9836104e+002  1.9863916e+002  1.9964066e+002  1.9931998e+002
 -9.3333333e-002  1.9883284e+002  1.9834110e+002  1.9864063e+002  1.9966937e+002  1.9933595e+002
 -8.6666667e-002  1.9885141e+002  1.9839687e+002  1.9863025e+002  1.9965176e+002  1.9935455e+002
 -8.0000000e-002  1.9885835e+002  1.9839793e+002  1.9862651e+002  1.9965164e+002  1.9934352e+002
 -7.3333333e-002  1.9887506e+002  1.9838509e+002  1.9861624e+002  1.9965736e+002  1.9931261e+002
 -6.6666667e-002  1.9885567e+002  1.9839807e+002  1.9862041e+002  1.9963913e+002  1.9929820e+002
 -6.0000000e-002  1.9884285e+002  1.9840811e+002  1.9861116e+002  1.9965321e+002  1.9930457e+002
 -5.3333333e-002  1.9889267e+002  1.9840903e+002  1.9858583e+002  1.9972221e+002  1.9932562e+002
 -4.6666667e-002  1.9890985e+002  1.9839887e+002  1.9856194e+002  1.9971399e+002  1.9936650e+002
 -4.0000000e-002  1.9888869e+002  1.9838994e+002  1.9854007e+002  1.9967917e+002  1.9933731e+002
 -3.3333333e-002  1.9886844e+002  1.9840799e+002  1.9855719e+002  1.9966226e+002  1.9930321e+002
 -2.6666667e-002  1.9888066e+002  1.9840590e+002  1.9855821e+002  1.9969908e+002  1.9932367e+002
 -2.0000000e-002  1.9890848e+002  1.9841698e+002  1.9858756e+002  1.9971843e+002  1.9932939e+002
 -1.3333333e-002  1.9891040e+002  1.9842906e+002  1.9861235e+002  1.9971523e+002  1.9932439e+002
 -6.6666667e-003  1.9890169e+002  1.9842517e+002  1.9861420e+002  1.9970879e+002  1.9931380e+002
  0.0000000e+000  1.9891827e+002  1.9845816e+002  1.9861734e+002  1.9974042e+002  1.9932588e+002
  6.6666667e-003  1.9887906e+002  1.9847345e+002  1.9859618e+002  1.9971977e+002  1.9933260e+002
  1.3333333e-002  1.9885107e+002  1.9842198e+002  1.9858176e+002  1.9972060e+002  1.9935724e+002
  2.0000000e-002  1.9885603e+002  1.9843523e+002  1.9859647e+002  1.9977394e+002  1.9936975e+002
  2.6666667e-002  1.9890640e+002  1.9848836e+002  1.9857964e+002  1.9975119e+002  1.9934843e+002
  3.3333333e-002  1.9893466e+002  1.9845309e+002  1.9860432e+002  1.9975116e+002  1.9933850e+002
  4.0000000e-002  1.9895464e+002  1.9843828e+002  1.9863788e+002  1.9975162e+002  1.9937697e+002
  4.6666667e-002  1.9893893e+002  1.9846584e+002  1.9859151e+002  1.9974287e+002  1.9940532e+002
  5.3333333e-002  1.9888803e+002  1.9848972e+002  1.9862007e+002  1.9979207e+002  1.9944249e+002
  6.0000000e-002  1.9888654e+002  1.9851364e+002  1.9866553e+002  1.9981599e+002  1.9947902e+002
  6.6666667e-002  1.9888867e+002  1.9854504e+002  1.9868637e+002  1.9980983e+002  1.9943306e+002
  7.3333333e-002  1.9887236e+002  1.9855537e+002  1.9866962e+002  1.9978438e+002  1.9940154e+002
  8.0000000e-002  1.9887053e+002  1.9854423e+002  1.9865173e+002  1.9976390e+002  1.9940349e+002
  8.6666667e-002  1.9887450e+002  1.9856111e+002  1.9866148e+002  1.9976119e+002  1.9940332e+002
  9.3333333e-002  1.9887535e+002  1.9858162e+002  1.9862987e+002  1.9976888e+002  1.9936375e+002
  1.0000000e-001  1.9888196e+002  1.9860655e+002  1.9862274e+002  1.9978217e+002  1.9937953e+002
  1.0666667e-001  1.9887842e+002  1.9866071e+002  1.9862517e+002  1.9978105e+002  1.9940805e+002
  1.1333333e-001  1.9888535e+002  1.9866708e+002  1.9862314e+002  1.9982936e+002  1.9944459e+002
  1.2000000e-001  1.9890645e+002  1.9868483e+002  1.9865131e+002  1.9982553e+002  1.9944394e+002
  1.2666667e-001  1.9892876e+002  1.9867589e+002  1.9864381e+002  1.9982370e+002  1.9947319e+002
  1.3333333e-001  1.9890410e+002  1.9868027e+002  1.9860930e+002  1.9985173e+002  1.9953737e+002
  1.4000000e-001  1.9894759e+002  1.9867909e+002  1.9860831e+002  1.9986083e+002  1.9953181e+002
  1.4666667e-001  1.9894867e+002  1.9868091e+002  1.9865021e+002  1.9984666e+002  1.9950754e+002
  1.5333333e-001  1.9891625e+002  1.9869383e+002  1.9865489e+002  1.9982822e+002  1.9951936e+002
  1.6000000e-001  1.9892847e+002  1.9866454e+002  1.9865579e+002  1.9983344e+002  1.9952635e+002
  1.6666667e-001  1.9891344e+002  1.9867885e+002  1.9867423e+002  1.9982773e+002  1.9949870e+002
  1.7333333e-001  1.9890776e+002  1.9863294e+002  1.9863016e+002  1.9980084e+002  1.9948419e+002
  1.8000000e-001  1.9894545e+002  1.9857468e+002  1.9861350e+002  1.9975978e+002  1.9949794e+002
  1.8666667e-001  1.9892374e+002  1.9858910e+002  1.9856842e+002  1.9976413e+002  1.9951782e+002
  1.9333333e-001  1.9889578e+002  1.9858383e+002  1.9851393e+002  1.9972107e+002  1.9955499e+002
  2.0000000e-001  1.9889951e+002  1.9858315e+002  1.9841835e+002  1.9966765e+002  1.9955147e+002
  2.0666667e-001  1.9889491e+002  1.9858342e+002  1.9840604e+002  1.9965820e+002  1.9952773e+002
  2.1333333e-001  1.9883333e+002  1.9856720e+002  1.9839601e+002  1.9965941e+002  1.9951262e+002
  2.2000000e-001  1.9881128e+002  1.9853610e+002  1.9837019e+002  1.9959825e+002  1.9948228e+002
  2.2666667e-001  1.9879559e+002  1.9850249e+002  1.9837441e+002  1.9955955e+002  1.9948253e+002
  2.3333333e-001  1.9873914e+002  1.9850690e+002  1.9833977e+002  1.9953397e+002  1.9943571e+002
  2.4000000e-001  1.9869743e+002  1.9847170e+002  1.9833250e+002  1.9947301e+002  1.9939935e+002
  2.4666667e-001  1.9866260e+002  1.9839218e+002  1.9827571e+002  1.9941220e+002  1.9940832e+002
  2.5333333e-001  1.9859906e+002  1.9834509e+002  1.9813413e+002  1.9928583e+002  1.9939168e+002
  2.6000000e-001  1.9854868e+002  1.9832385e+002  1.9799562e+002  1.9922563e+002  1.9936261e+002
  2.6666667e-001  1.9852600e+002  1.9830337e+002  1.9787869e+002  1.9923430e+002  1.9939644e+002
  2.7333333e-001  1.9845792e+002  1.9828244e+002  1.9781059e+002  1.9919670e+002  1.9941501e+002
  2.8000000e-001  1.9835790e+002  1.9823013e+002  1.9781683e+002  1.9909639e+002  1.9939851e+002
  2.8666667e-001  1.9831889e+002  1.9815561e+002  1.9773839e+002  1.9898152e+002  1.9934923e+002
  2.9333333e-001  1.9832849e+002  1.9809680e+002  1.9764996e+002  1.9894186e+002  1.9927788e+002
  3.0000000e-001  1.9826213e+002  1.9804015e+002  1.9754913e+002  1.9889452e+002  1.9923360e+002
  3.0666667e-001  1.9816269e+002  1.9797733e+002  1.9750346e+002  1.9876494e+002  1.9924383e+002
  3.1333333e-001  1.9813376e+002  1.9787720e+002  1.9747945e+002  1.9869457e+002  1.9921332e+002
  3.2000000e-001  1.9814023e+002  1.9777937e+002  1.9736229e+002  1.9863864e+002  1.9908151e+002
  3.2666667e-001  1.9813237e+002  1.9766286e+002  1.9724446e+002  1.9855455e+002  1.9902663e+002
  3.3333333e-001  1.9812978e+002  1.9758536e+002  1.9718053e+002  1.9848596e+002  1.9891437e+002
  3.4000000e-001  1.9805814e+002  1.9756921e+002  1.9713237e+002  1.9840079e+002  1.9873390e+002
  3.4666667e-001  1.9797386e+002  1.9750627e+002  1.9704721e+002  1.9836195e+002  1.9863809e+002
  3.5333333e-001  1.9782195e+002  1.9735756e+002  1.9698497e+002  1.9830249e+002  1.9849336e+002
  3.6000000e-001  1.9775922e+002  1.9717572e+002  1.9691322e+002  1.9822104e+002  1.9830084e+002
  3.6666667e-001  1.9774612e+002  1.9701708e+002  1.9676291e+002  1.9808371e+002  1.9817023e+002
  3.7333333e-001  1.9766802e+002  1.9691679e+002  1.9656830e+002  1.9790973e+002  1.9806596e+002
  3.8000000e-001  1.9749849e+002  1.9680481e+002  1.9642134e+002  1.9773782e+002  1.9787909e+002
  3.8666667e-001  1.9740321e+002  1.9656662e+002  1.9633379e+002  1.9750839e+002  1.9772131e+002
  3.9333333e-001  1.9730905e+002  1.9636595e+002  1.9620435e+002  1.9731291e+002  1.9749954e+002
  4.0000000e-001  1.9717513e+002  1.9628726e+002  1.9601173e+002  1.9710544e+002  1.9732890e+002
  4.0666667e-001  1.9709947e+002  1.9615196e+002  1.9584038e+002  1.9682603e+002  1.9713055e+002
  4.1333333e-001  1.9697336e+002  1.9598532e+002  1.9570279e+002  1.9662602e+002  1.9685724e+002
  4.2000000e-001  1.9681010e+002  1.9591269e+002  1.9556987e+002  1.9637817e+002  1.9666087e+002
  4.2666667e-001  1.9668619e+002  1.9577815e+002  1.9534698e+002  1.9609242e+002  1.9642189e+002
  4.3333333e-001  1.9655246e+002  1.9567213e+002  1.9515170e+002  1.9586612e+002  1.9619611e+002
  4.4000000e-001  1.9638461e+002  1.9562032e+002  1.9499789e+002  1.9564461e+002  1.9598991e+002
  4.4666667e-001  1.9620662e+002  1.9555377e+002  1.9479521e+002  1.9542925e+002  1.9571687e+002
  4.5333333e-001  1.9601633e+002  1.9549530e+002  1.9459622e+002  1.9515158e+002  1.9548988e+002
  4.6000000e-001  1.9579300e+002  1.9543570e+002  1.9445775e+002  1.9492935e+002  1.9527031e+002
  4.6666667e-001  1.9550835e+002  1.9541969e+002  1.9428731e+002  1.9476553e+002  1.9500716e+002
  4.7333333e-001  1.9525330e+002  1.9537476e+002  1.9411801e+002  1.9460448e+002  1.9473740e+002
  4.8000000e-001  1.9497220e+002  1.9528854e+002  1.9394479e+002  1.9442612e+002  1.9454115e+002
  4.8666667e-001  1.9463792e+002  1.9525191e+002  1.9376976e+002  1.9428757e+002  1.9428256e+002
  4.9333333e-001  1.9434686e+002  1.9521495e+002  1.9358179e+002  1.9409488e+002  1.9398697e+002
  5.0000000e-001  1.9406718e+002  1.9512848e+002  1.9336864e+002  1.9387441e+002  1.9371399e+002
  5.0666667e-001  1.9374196e+002  1.9509087e+002  1.9320123e+002  1.9368330e+002  1.9341946e+002
  5.1333333e-001  1.9345389e+002  1.9504436e+002  1.9300543e+002  1.9352199e+002  1.9308789e+002
  5.2000000e-001  1.9314734e+002  1.9498709e+002  1.9278096e+002  1.9335988e+002  1.9278667e+002
  5.2666667e-001  1.9281216e+002  1.9492319e+002  1.9257098e+002  1.9315080e+002  1.9249515e+002
  5.3333333e-001  1.9253746e+002  1.9486659e+002  1.9236847e+002  1.9297584e+002  1.9224335e+002
  5.4000000e-001  1.9222681e+002  1.9482555e+002  1.9212083e+002  1.9279094e+002  1.9198085e+002
  5.4666667e-001  1.9190691e+002  1.9473959e+002  1.9194690e+002  1.9255812e+002  1.9166625e+002
  5.5333333e-001  1.9160645e+002  1.9464388e+002  1.9177919e+002  1.9240305e+002  1.9137669e+002
  5.6000000e-001  1.9125795e+002  1.9453661e+002  1.9155824e+002  1.9222917e+002  1.9111569e+002
  5.6666667e-001  1.9098366e+002  1.9443658e+002  1.9135295e+002  1.9203426e+002  1.9084970e+002
  5.7333333e-001  1.9078339e+002  1.9435399e+002  1.9113126e+002  1.9189941e+002  1.9050583e+002
  5.8000000e-001  1.9062660e+002  1.9428036e+002  1.9089017e+002  1.9174493e+002  1.9022357e+002
  5.8666667e-001  1.9044112e+002  1.9417304e+002  1.9071724e+002  1.9158815e+002  1.9001752e+002
  5.9333333e-001  1.9017603e+002  1.9406604e+002  1.9056325e+002  1.9144795e+002  1.8980039e+002
  6.0000000e-001  1.8991480e+002  1.9396846e+002  1.9047070e+002  1.9129306e+002  1.8947908e+002
  6.0666667e-001  1.8971361e+002  1.9390175e+002  1.9034174e+002  1.9115605e+002  1.8920787e+002
  6.1333333e-001  1.8951027e+002  1.9385814e+002  1.9023067e+002  1.9097308e+002  1.8902757e+002
  6.2000000e-001  1.8934139e+002  1.9374187e+002  1.9016653e+002  1.9082587e+002  1.8870659e+002
  6.2666667e-001  1.8914909e+002  1.9357439e+002  1.9010141e+002  1.9078935e+002  1.8848401e+002
  6.3333333e-001  1.8893431e+002  1.9349698e+002  1.8998712e+002  1.9065686e+002  1.8828555e+002
  6.4000000e-001  1.8869334e+002  1.9343628e+002  1.8986165e+002  1.9047391e+002  1.8810123e+002
  6.4666667e-001  1.8849948e+002  1.9333324e+002  1.8974298e+002  1.9037187e+002  1.8793541e+002
  6.5333333e-001  1.8831061e+002  1.9323094e+002  1.8964357e+002  1.9035378e+002  1.8779665e+002
  6.6000000e-001  1.8815555e+002  1.9311406e+002  1.8966550e+002  1.9029131e+002  1.8761357e+002
  6.6666667e-001  1.8800664e+002  1.9295319e+002  1.8967227e+002  1.9021931e+002  1.8742664e+002
  6.7333333e-001  1.8789452e+002  1.9286999e+002  1.8957977e+002  1.9012315e+002  1.8730606e+002
  6.8000000e-001  1.8778590e+002  1.9282834e+002  1.8954092e+002  1.9012808e+002  1.8716354e+002
  6.8666667e-001  1.8763677e+002  1.9279002e+002  1.8948833e+002  1.9013011e+002  1.8705876e+002
  6.9333333e-001  1.8748364e+002  1.9267554e+002  1.8942790e+002  1.9008786e+002  1.8697676e+002
  7.0000000e-001  1.8740089e+002  1.9253772e+002  1.8937048e+002  1.9007283e+002  1.8681601e+002
  7.0666667e-001  1.8730751e+002  1.9245728e+002  1.8930980e+002  1.9003165e+002  1.8672197e+002
  7.1333333e-001  1.8713713e+002  1.9239520e+002  1.8929187e+002  1.9002243e+002  1.8674365e+002
  7.2000000e-001  1.8703595e+002  1.9232329e+002  1.8929979e+002  1.8999817e+002  1.8666901e+002
  7.2666667e-001  1.8698737e+002  1.9225349e+002  1.8929350e+002  1.8999669e+002  1.8655782e+002
  7.3333333e-001  1.8686217e+002  1.9217465e+002  1.8924823e+002  1.9004556e+002  1.8654588e+002
  7.4000000e-001  1.8672253e+002  1.9207165e+002  1.8928252e+002  1.9005676e+002  1.8653343e+002
  7.4666667e-001  1.8665910e+002  1.9194142e+002  1.8933565e+002  1.9007797e+002  1.8650789e+002
  7.5333333e-001  1.8657799e+002  1.9184904e+002  1.8936789e+002  1.9012501e+002  1.8650534e+002
  7.6000000e-001  1.8637733e+002  1.9179860e+002  1.8940756e+002  1.9012422e+002  1.8645052e+002
  7.6666667e-001  1.8622900e+002  1.9173422e+002  1.8941254e+002  1.9014931e+002  1.8646677e+002
  7.7333333e-001  1.8608189e+002  1.9163646e+002  1.8950749e+002  1.9014235e+002  1.8651297e+002
  7.8000000e-001  1.8595958e+002  1.9154277e+002  1.8962462e+002  1.9014970e+002  1.8653761e+002
  7.8666667e-001  1.8576195e+002  1.9143741e+002  1.8968768e+002  1.9020082e+002  1.8655479e+002
  7.9333333e-001  1.8553978e+002  1.9138255e+002  1.8971613e+002  1.9025206e+002  1.8658723e+002
  8.0000000e-001  1.8527168e+002  1.9131952e+002  1.8979864e+002  1.9024004e+002  1.8656525e+002
  8.0666667e-001  1.8498521e+002  1.9122530e+002  1.8996220e+002  1.9025394e+002  1.8656155e+002
  8.1333333e-001  1.8470837e+002  1.9110803e+002  1.9006036e+002  1.9027620e+002  1.8661128e+002
  8.2000000e-001  1.8445494e+002  1.9103600e+002  1.9018955e+002  1.9029953e+002  1.8667545e+002
  8.2666667e-001  1.8410002e+002  1.9095639e+002  1.9027805e+002  1.9029736e+002  1.8672582e+002
  8.3333333e-001  1.8374002e+002  1.9086716e+002  1.9029617e+002  1.9032451e+002  1.8677712e+002
  8.4000000e-001  1.8338782e+002  1.9084457e+002  1.9034924e+002  1.9043173e+002  1.8679709e+002
  8.4666667e-001  1.8295964e+002  1.9080971e+002  1.9041457e+002  1.9050670e+002  1.8685521e+002
  8.5333333e-001  1.8247122e+002  1.9070160e+002  1.9046567e+002  1.9056197e+002  1.8692816e+002
  8.6000000e-001  1.8199614e+002  1.9059769e+002  1.9052589e+002  1.9058028e+002  1.8699187e+002
  8.6666667e-001  1.8148791e+002  1.9051526e+002  1.9061240e+002  1.9060445e+002  1.8705164e+002
  8.7333333e-001  1.8101000e+002  1.9049101e+002  1.9068751e+002  1.9072055e+002  1.8714194e+002
  8.8000000e-001  1.8058135e+002  1.9043935e+002  1.9062540e+002  1.9083344e+002  1.8722644e+002
  8.8666667e-001  1.8007300e+002  1.9048599e+002  1.9063268e+002  1.9091834e+002  1.8739111e+002
  8.9333333e-001  1.7955037e+002  1.9049063e+002  1.9069095e+002  1.9100107e+002  1.8751956e+002
  9.0000000e-001  1.7896053e+002  1.9039746e+002  1.9068271e+002  1.9107193e+002  1.8756387e+002
  9.0666667e-001  1.7784335e+002  1.9042423e+002  1.9075360e+002  1.9107884e+002  1.8758156e+002
  9.1333333e-001  1.7758490e+002  1.9050772e+002  1.9081249e+002  1.9108087e+002  1.8769778e+002
  9.2000000e-001  1.7689478e+002  1.9054741e+002  1.9088309e+002  1.9113837e+002  1.8777914e+002
  9.2666667e-001  1.7622279e+002  1.9058121e+002  1.9090237e+002  1.9117259e+002  1.8785054e+002
  9.3333333e-001  1.7562796e+002  1.9058884e+002  1.9091556e+002  1.9114206e+002  1.8790448e+002
  9.4000000e-001  1.7500461e+002  1.9064601e+002  1.9092274e+002  1.9116463e+002  1.8797276e+002
  9.4666667e-001  1.7438628e+002  1.9073673e+002  1.9100909e+002  1.9120436e+002  1.8812212e+002
  9.5333333e-001  1.7376131e+002  1.9072145e+002  1.9104701e+002  1.9120789e+002  1.8815007e+002
  9.6000000e-001  1.7325972e+002  1.9073251e+002  1.9105100e+002  1.9122913e+002  1.8812595e+002
  9.6666667e-001  1.7278149e+002  1.9080019e+002  1.9107420e+002  1.9121606e+002  1.8821971e+002
  9.7333333e-001  1.7236409e+002  1.9089516e+002  1.9114813e+002  1.9121336e+002  1.8820822e+002
  9.8000000e-001  1.7198541e+002  1.9100255e+002  1.9120967e+002  1.9125066e+002  1.8826556e+002
  9.8666667e-001  1.7154463e+002  1.9110671e+002  1.9121954e+002  1.9131400e+002  1.8840555e+002
  9.9333333e-001  1.7116429e+002  1.9116463e+002  1.9124083e+002  1.9131383e+002  1.8850536e+002
  1.0000000e+000  1.7083125e+002  1.9124622e+002  1.9133112e+002  1.9131802e+002  1.8853754e+002
  1.0066667e+000  1.7050323e+002  1.9141370e+002  1.9140283e+002  1.9134940e+002  1.8854309e+002
  1.0133333e+000  1.7032813e+002  1.9148408e+002  1.9140736e+002  1.9135458e+002  1.8853104e+002
  1.0200000e+000  1.7015967e+002  1.9152382e+002  1.9142995e+002  1.9145695e+002  1.8843707e+002
  1.0266667e+000  1.7008395e+002  1.9156081e+002  1.9146985e+002  1.9148173e+002  1.8826575e+002
  1.0333333e+000  1.7007768e+002  1.9158112e+002  1.9150752e+002  1.9143291e+002  1.8823366e+002
  1.0400000e+000  1.7012338e+002  1.9149051e+002  1.9157594e+002  1.9150635e+002  1.8824313e+002
  1.0466667e+000  1.7019475e+002  1.9130301e+002  1.9162375e+002  1.9155408e+002  1.8824731e+002
  1.0533333e+000  1.7029874e+002  1.9118758e+002  1.9157121e+002  1.9153255e+002  1.8820905e+002
  1.0600000e+000  1.7043158e+002  1.9103369e+002  1.9156696e+002  1.9155336e+002  1.8817244e+002
  1.0666667e+000  1.7059407e+002  1.9092947e+002  1.9157577e+002  1.9157919e+002  1.8819562e+002
  1.0733333e+000  1.7065903e+002  1.9092117e+002  1.9158165e+002  1.9161510e+002  1.8817154e+002
  1.0800000e+000  1.7073032e+002  1.9102739e+002  1.9161508e+002  1.9162888e+002  1.8818587e+002
  1.0866667e+000  1.7081551e+002  1.9121320e+002  1.9170503e+002  1.9165266e+002  1.8825682e+002
  1.0933333e+000  1.7083644e+002  1.9141879e+002  1.9174629e+002  1.9168364e+002  1.8830409e+002
  1.1000000e+000  1.7093944e+002  1.9167445e+002  1.9172884e+002  1.9175233e+002  1.8829602e+002
  1.1066667e+000  1.7101050e+002  1.9191161e+002  1.9178191e+002  1.9175929e+002  1.8838170e+002
  1.1133333e+000  1.7112411e+002  1.9215883e+002  1.9185454e+002  1.9177562e+002  1.8841570e+002
  1.1200000e+000  1.7123782e+002  1.9233580e+002  1.9194791e+002  1.9182548e+002  1.8843839e+002
  1.1266667e+000  1.7129759e+002  1.9247672e+002  1.9197900e+002  1.9192308e+002  1.8845238e+002
  1.1333333e+000  1.7136114e+002  1.9265907e+002  1.9197853e+002  1.9192125e+002  1.8845467e+002
  1.1400000e+000  1.7152377e+002  1.9282050e+002  1.9206731e+002  1.9192072e+002  1.8845872e+002
  1.1466667e+000  1.7168782e+002  1.9291966e+002  1.9214072e+002  1.9194984e+002  1.8843170e+002
  1.1533333e+000  1.7190717e+002  1.9300774e+002  1.9223361e+002  1.9200301e+002  1.8844894e+002
  1.1600000e+000  1.7208754e+002  1.9311806e+002  1.9230928e+002  1.9199745e+002  1.8844479e+002
  1.1666667e+000  1.7233246e+002  1.9320456e+002  1.9238301e+002  1.9205887e+002  1.8832240e+002
  1.1733333e+000  1.7260702e+002  1.9333322e+002  1.9244135e+002  1.9208733e+002  1.8829129e+002
  1.1800000e+000  1.7285597e+002  1.9341199e+002  1.9243379e+002  1.9207680e+002  1.8827657e+002
  1.1866667e+000  1.7305364e+002  1.9354976e+002  1.9240225e+002  1.9208739e+002  1.8821315e+002
  1.1933333e+000  1.7324110e+002  1.9367534e+002  1.9241551e+002  1.9209723e+002  1.8822591e+002
  1.2000000e+000  1.7337753e+002  1.9377347e+002  1.9239305e+002  1.9208511e+002  1.8826146e+002
  1.2066667e+000  1.7332417e+002  1.9388626e+002  1.9231857e+002  1.9206448e+002  1.8825353e+002
  1.2133333e+000  1.7318247e+002  1.9400923e+002  1.9225078e+002  1.9201547e+002  1.8828744e+002
  1.2200000e+000  1.7302945e+002  1.9415532e+002  1.9219309e+002  1.9197362e+002  1.8829164e+002
  1.2266667e+000  1.7298436e+002  1.9425510e+002  1.9209909e+002  1.9202544e+002  1.8826584e+002
  1.2333333e+000  1.7305757e+002  1.9436931e+002  1.9201405e+002  1.9199150e+002  1.8821098e+002
  1.2400000e+000  1.7299037e+002  1.9450333e+002  1.9200198e+002  1.9192696e+002  1.8815228e+002
  1.2466667e+000  1.7278091e+002  1.9467549e+002  1.9197258e+002  1.9193485e+002  1.8812544e+002
  1.2533333e+000  1.7254187e+002  1.9479620e+002  1.9184787e+002  1.9192006e+002  1.8811450e+002
  1.2600000e+000  1.7234369e+002  1.9489578e+002  1.9181039e+002  1.9186458e+002  1.8807431e+002
  1.2666667e+000  1.7223795e+002  1.9508241e+002  1.9176468e+002  1.9187749e+002  1.8805138e+002
  1.2733333e+000  1.7223393e+002  1.9516591e+002  1.9163954e+002  1.9190610e+002  1.8797383e+002
  1.2800000e+000  1.7239758e+002  1.9527220e+002  1.9156970e+002  1.9188280e+002  1.8790614e+002
  1.2866667e+000  1.7251764e+002  1.9546384e+002  1.9150385e+002  1.9181049e+002  1.8783710e+002
  1.2933333e+000  1.7272159e+002  1.9560492e+002  1.9143065e+002  1.9184691e+002  1.8772461e+002
  1.3000000e+000  1.7302740e+002  1.9566794e+002  1.9136665e+002  1.9187617e+002  1.8757190e+002
  1.3066667e+000  1.7333754e+002  1.9582184e+002  1.9129556e+002  1.9185730e+002  1.8742073e+002
  1.3133333e+000  1.7367268e+002  1.9592052e+002  1.9126341e+002  1.9181387e+002  1.8727776e+002
  1.3200000e+000  1.7401825e+002  1.9600398e+002  1.9119461e+002  1.9181035e+002  1.8709641e+002
  1.3266667e+000  1.7431220e+002  1.9605432e+002  1.9113892e+002  1.9184209e+002  1.8695920e+002
  1.3333333e+000  1.7477029e+002  1.9607881e+002  1.9106625e+002  1.9188119e+002  1.8688916e+002
  1.3400000e+000  1.7514102e+002  1.9612845e+002  1.9098105e+002  1.9185353e+002  1.8675156e+002
  1.3466667e+000  1.7543514e+002  1.9617111e+002  1.9088809e+002  1.9174487e+002  1.8660346e+002
  1.3533333e+000  1.7574997e+002  1.9617818e+002  1.9126819e+002  1.9165848e+002  1.8650421e+002
  1.3600000e+000  1.7593669e+002  1.9617853e+002  1.9076886e+002  1.9159743e+002  1.8639363e+002
  1.3666667e+000  1.7638986e+002  1.9615674e+002  1.9035417e+002  1.9150995e+002  1.8630928e+002
  1.3733333e+000  1.7670363e+002  1.9610530e+002  1.9024291e+002  1.9138925e+002  1.8618048e+002
  1.3800000e+000  1.7697288e+002  1.9606357e+002  1.9017706e+002  1.9124603e+002  1.8605399e+002
  1.3866667e+000  1.7731432e+002  1.9603590e+002  1.9055316e+002  1.9113313e+002  1.8596578e+002
  1.3933333e+000  1.7768338e+002  1.9598022e+002  1.9054912e+002  1.9103264e+002  1.8586432e+002
  1.4000000e+000  1.7804042e+002  1.9600955e+002  1.9047025e+002  1.9092726e+002  1.8573032e+002
  1.4066667e+000  1.7838930e+002  1.9599262e+002  1.9039420e+002  1.9078232e+002  1.8559804e+002
  1.4133333e+000  1.7881897e+002  1.9592415e+002  1.9023108e+002  1.9034056e+002  1.8543532e+002
  1.4200000e+000  1.7923152e+002  1.9592454e+002  1.9017731e+002  1.9073528e+002  1.8531335e+002
  1.4266667e+000  1.7961740e+002  1.9594544e+002  1.9012816e+002  1.9062701e+002  1.8523642e+002
  1.4333333e+000  1.8004494e+002  1.9589810e+002  1.9008804e+002  1.9049161e+002  1.8512205e+002
  1.4400000e+000  1.8043797e+002  1.9584120e+002  1.9003084e+002  1.9032317e+002  1.8556693e+002
  1.4466667e+000  1.8077844e+002  1.9584383e+002  1.8996397e+002  1.8976555e+002  1.8495096e+002
  1.4533333e+000  1.8068630e+002  1.9585780e+002  1.8987981e+002  1.8957555e+002  1.8462355e+002
  1.4600000e+000  1.8102882e+002  1.9586040e+002  1.8979907e+002  1.8989441e+002  1.8535100e+002
  1.4666667e+000  1.8126410e+002  1.9585353e+002  1.8973283e+002  1.8979227e+002  1.8470117e+002
  1.4733333e+000  1.8209944e+002  1.9584676e+002  1.8965147e+002  1.8965004e+002  1.8440590e+002
  1.4800000e+000  1.8233734e+002  1.9580100e+002  1.8960432e+002  1.8951500e+002  1.8515472e+002
  1.4866667e+000  1.8254028e+002  1.9575771e+002  1.8956635e+002  1.8937978e+002  1.8451039e+002
  1.4933333e+000  1.8268689e+002  1.9573853e+002  1.8951305e+002  1.8925221e+002  1.8415933e+002
  1.5000000e+000  1.8280925e+002  1.9574782e+002  1.8945822e+002  1.8913973e+002  1.8417754e+002
  1.5066667e+000  1.8297871e+002  1.9574841e+002  1.8940131e+002  1.8900604e+002  1.8491614e+002
  1.5133333e+000  1.8313796e+002  1.9573058e+002  1.8941238e+002  1.8884786e+002  1.8470619e+002
  1.5200000e+000  1.8328046e+002  1.9573781e+002  1.8947524e+002  1.8869547e+002  1.8385921e+002
  1.5266667e+000  1.8343642e+002  1.9573161e+002  1.8955360e+002  1.8854726e+002  1.8392113e+002
  1.5333333e+000  1.8358472e+002  1.9563689e+002  1.8963780e+002  1.8841518e+002  1.8387611e+002
  1.5400000e+000  1.8376088e+002  1.9555885e+002  1.8970319e+002  1.8833327e+002  1.8382782e+002
  1.5466667e+000  1.8393817e+002  1.9551141e+002  1.8975932e+002  1.8828232e+002  1.8381342e+002
  1.5533333e+000  1.8410759e+002  1.9548036e+002  1.8984232e+002  1.8820317e+002  1.8381227e+002
  1.5600000e+000  1.8428552e+002  1.9550050e+002  1.8997102e+002  1.8809073e+002  1.8380203e+002
  1.5666667e+000  1.8442970e+002  1.9549585e+002  1.9010849e+002  1.8799402e+002  1.8376846e+002
  1.5733333e+000  1.8457797e+002  1.9549799e+002  1.9022546e+002  1.8791791e+002  1.8429913e+002
  1.5800000e+000  1.8472636e+002  1.9546576e+002  1.9037679e+002  1.8787790e+002  1.8434994e+002
  1.5866667e+000  1.8484222e+002  1.9543181e+002  1.9052519e+002  1.8784389e+002  1.8441620e+002
  1.5933333e+000  1.8495982e+002  1.9543132e+002  1.9062650e+002  1.8781545e+002  1.8451019e+002
  1.6000000e+000  1.8510889e+002  1.9541188e+002  1.9074051e+002  1.8775468e+002  1.8450507e+002
  1.6066667e+000  1.8527089e+002  1.9538969e+002  1.9088345e+002  1.8768279e+002  1.8456435e+002
  1.6133333e+000  1.8543649e+002  1.9541957e+002  1.9102959e+002  1.8764134e+002  1.8460187e+002
  1.6200000e+000  1.8558783e+002  1.9542088e+002  1.9117180e+002  1.8763101e+002  1.8471808e+002
  1.6266667e+000  1.8571846e+002  1.9542947e+002  1.9131187e+002  1.8763483e+002  1.8489333e+002
  1.6333333e+000  1.8585629e+002  1.9540308e+002  1.9142757e+002  1.8761235e+002  1.8501695e+002
  1.6400000e+000  1.8602567e+002  1.9537215e+002  1.9153395e+002  1.8760098e+002  1.8512152e+002
  1.6466667e+000  1.8621198e+002  1.9536502e+002  1.9168259e+002  1.8757797e+002  1.8528401e+002
  1.6533333e+000  1.8639166e+002  1.9532333e+002  1.9185158e+002  1.8757100e+002  1.8546928e+002
  1.6600000e+000  1.8655174e+002  1.9528566e+002  1.9196779e+002  1.8758064e+002  1.8563173e+002
  1.6666667e+000  1.8668430e+002  1.9530386e+002  1.9206401e+002  1.8761279e+002  1.8578876e+002
  1.6733333e+000  1.8682019e+002  1.9532483e+002  1.9220105e+002  1.8766829e+002  1.8599149e+002
  1.6800000e+000  1.8695740e+002  1.9526245e+002  1.9238875e+002  1.8773300e+002  1.8621017e+002
  1.6866667e+000  1.8707643e+002  1.9521632e+002  1.9255710e+002  1.8779452e+002  1.8639442e+002
  1.6933333e+000  1.8719220e+002  1.9522482e+002  1.9270673e+002  1.8784010e+002  1.8659476e+002
  1.7000000e+000  1.8733101e+002  1.9523819e+002  1.9285849e+002  1.8789667e+002  1.8683783e+002
  1.7066667e+000  1.8745165e+002  1.9526808e+002  1.9301129e+002  1.8795522e+002  1.8709415e+002
  1.7133333e+000  1.8755293e+002  1.9524608e+002  1.9317169e+002  1.8806137e+002  1.8727946e+002
  1.7200000e+000  1.8763890e+002  1.9523256e+002  1.9336008e+002  1.8818843e+002  1.8751062e+002
  1.7266667e+000  1.8774854e+002  1.9526085e+002  1.9352023e+002  1.8831541e+002  1.8779161e+002
  1.7333333e+000  1.8788673e+002  1.9527229e+002  1.9369040e+002  1.8843785e+002  1.8801747e+002
  1.7400000e+000  1.8803067e+002  1.9526827e+002  1.9387773e+002  1.8859676e+002  1.8823790e+002
  1.7466667e+000  1.8813585e+002  1.9527083e+002  1.9406413e+002  1.8874287e+002  1.8850226e+002
  1.7533333e+000  1.8826769e+002  1.9530740e+002  1.9421416e+002  1.8886829e+002  1.8875006e+002
  1.7600000e+000  1.8840474e+002  1.9534926e+002  1.9435683e+002  1.8902310e+002  1.8898096e+002
  1.7666667e+000  1.8854250e+002  1.9536798e+002  1.9450215e+002  1.8918936e+002  1.8922499e+002
  1.7733333e+000  1.8869083e+002  1.9547096e+002  1.9466739e+002  1.8935030e+002  1.8947693e+002
  1.7800000e+000  1.8882602e+002  1.9548898e+002  1.9485815e+002  1.8948547e+002  1.8974323e+002
  1.7866667e+000  1.8894923e+002  1.9551138e+002  1.9506032e+002  1.8965024e+002  1.8998969e+002
  1.7933333e+000  1.8907842e+002  1.9558434e+002  1.9522116e+002  1.8982764e+002  1.9027481e+002
  1.8000000e+000  1.8920635e+002  1.9565904e+002  1.9539018e+002  1.8998810e+002  1.9058031e+002
  1.8066667e+000  1.8932623e+002  1.9572464e+002  1.9556407e+002  1.9015309e+002  1.9083295e+002
  1.8133333e+000  1.8946822e+002  1.9573880e+002  1.9573306e+002  1.9032455e+002  1.9112706e+002
  1.8200000e+000  1.8961232e+002  1.9579140e+002  1.9590511e+002  1.9049071e+002  1.9140414e+002
  1.8266667e+000  1.8973906e+002  1.9584303e+002  1.9607207e+002  1.9067839e+002  1.9167934e+002
  1.8333333e+000  1.8985346e+002  1.9591153e+002  1.9626978e+002  1.9086795e+002  1.9197110e+002
  1.8400000e+000  1.8993590e+002  1.9599499e+002  1.9646796e+002  1.9106882e+002  1.9225339e+002
  1.8466667e+000  1.9005867e+002  1.9605045e+002  1.9665175e+002  1.9128935e+002  1.9252811e+002
  1.8533333e+000  1.9022937e+002  1.9610271e+002  1.9685255e+002  1.9148674e+002  1.9279677e+002
  1.8600000e+000  1.9038602e+002  1.9614549e+002  1.9704668e+002  1.9167661e+002  1.9309343e+002
  1.8666667e+000  1.9051476e+002  1.9621123e+002  1.9722180e+002  1.9189484e+002  1.9339063e+002
  1.8733333e+000  1.9064104e+002  1.9621155e+002  1.9739935e+002  1.9213016e+002  1.9366824e+002
  1.8800000e+000  1.9078111e+002  1.9623241e+002  1.9757088e+002  1.9238994e+002  1.9394840e+002
  1.8866667e+000  1.9092287e+002  1.9629684e+002  1.9770306e+002  1.9267032e+002  1.9426216e+002
  1.8933333e+000  1.9107353e+002  1.9632863e+002  1.9784834e+002  1.9291596e+002  1.9450986e+002
  1.9000000e+000  1.9120747e+002  1.9640782e+002  1.9801329e+002  1.9316583e+002  1.9478313e+002
  1.9066667e+000  1.9136539e+002  1.9642798e+002  1.9816834e+002  1.9339270e+002  1.9512582e+002
  1.9133333e+000  1.9152403e+002  1.9644759e+002  1.9831851e+002  1.9366957e+002  1.9542497e+002
  1.9200000e+000  1.9169522e+002  1.9650977e+002  1.9848465e+002  1.9397440e+002  1.9567052e+002
  1.9266667e+000  1.9187355e+002  1.9658484e+002  1.9864506e+002  1.9426134e+002  1.9592404e+002
  1.9333333e+000  1.9204450e+002  1.9661031e+002  1.9881328e+002  1.9452713e+002  1.9622348e+002
  1.9400000e+000  1.9220918e+002  1.9664447e+002  1.9894829e+002  1.9478755e+002  1.9648915e+002
  1.9466667e+000  1.9239352e+002  1.9670610e+002  1.9907640e+002  1.9505678e+002  1.9671989e+002
  1.9533333e+000  1.9261610e+002  1.9672946e+002  1.9919687e+002  1.9534528e+002  1.9697562e+002
  1.9600000e+000  1.9278828e+002  1.9676427e+002  1.9933138e+002  1.9564610e+002  1.9723172e+002
  1.9666667e+000  1.9294133e+002  1.9683368e+002  1.9944991e+002  1.9592088e+002  1.9710588e+002
  1.9733333e+000  1.9310915e+002  1.9689502e+002  1.9957652e+002  1.9615477e+002  1.9727763e+002
  1.9800000e+000  1.9329120e+002  1.9696374e+002  1.9971025e+002  1.9639348e+002  1.9749033e+002
  1.9866667e+000  1.9346567e+002  1.9700551e+002  1.9943451e+002  1.9664342e+002  1.9773093e+002
  1.9933333e+000  1.9362097e+002  1.9707494e+002  1.9952797e+002  1.9689832e+002  1.9793964e+002
  2.0000000e+000  1.9379362e+002  1.9717042e+002  1.9964655e+002  1.9716705e+002  1.9813857e+002
