 -5.0000000e-001  3.8516300e-001  3.8522100e-001  3.8512600e-001  3.8520500e-001  3.8526500e-001  3.8527400e-001  3.8530100e-001
 -4.9333333e-001  3.8517400e-001  3.8522200e-001  3.8518100e-001  3.8519600e-001  3.8527700e-001  3.8528300e-001  3.8526100e-001
 -4.8666667e-001  3.8516600e-001  3.8524400e-001  3.8517200e-001  3.8521100e-001  3.8527100e-001  3.8530100e-001  3.8523000e-001
 -4.8000000e-001  3.8515300e-001  3.8524800e-001  3.8519000e-001  3.8518100e-001  3.8528700e-001  3.8526900e-001  3.8525000e-001
 -4.7333333e-001  3.8515400e-001  3.8523300e-001  3.8517200e-001  3.8520000e-001  3.8525600e-001  3.8526000e-001  3.8526500e-001
 -4.6666667e-001  3.8514800e-001  3.8526800e-001  3.8516900e-001  3.8521300e-001  3.8526500e-001  3.8526900e-001  3.8527500e-001
 -4.6000000e-001  3.8517600e-001  3.8525100e-001  3.8516200e-001  3.8519800e-001  3.8526500e-001  3.8525700e-001  3.8525800e-001
 -4.5333333e-001  3.8518400e-001  3.8527000e-001  3.8513400e-001  3.8520200e-001  3.8524900e-001  3.8525600e-001  3.8525200e-001
 -4.4666667e-001  3.8515000e-001  3.8523000e-001  3.8515600e-001  3.8523200e-001  3.8527000e-001  3.8526500e-001  3.8524000e-001
 -4.4000000e-001  3.8514700e-001  3.8521500e-001  3.8513200e-001  3.8522000e-001  3.8525800e-001  3.8527000e-001  3.8527700e-001
 -4.3333333e-001  3.8514300e-001  3.8527800e-001  3.8514500e-001  3.8522000e-001  3.8527400e-001  3.8525200e-001  3.8525200e-001
 -4.2666667e-001  3.8515700e-001  3.8526300e-001  3.8514300e-001  3.8521000e-001  3.8526500e-001  3.8526500e-001  3.8522800e-001
 -4.2000000e-001  3.8514600e-001  3.8525000e-001  3.8515700e-001  3.8521400e-001  3.8524900e-001  3.8524900e-001  3.8524100e-001
 -4.1333333e-001  3.8514000e-001  3.8528500e-001  3.8516400e-001  3.8522700e-001  3.8527500e-001  3.8526700e-001  3.8524300e-001
 -4.0666667e-001  3.8514700e-001  3.8525100e-001  3.8517300e-001  3.8520000e-001  3.8526600e-001  3.8524900e-001  3.8524300e-001
 -4.0000000e-001  3.8514300e-001  3.8522700e-001  3.8514400e-001  3.8520700e-001  3.8527100e-001  3.8524800e-001  3.8525200e-001
 -3.9333333e-001  3.8518100e-001  3.8526000e-001  3.8514300e-001  3.8520600e-001  3.8528000e-001  3.8528100e-001  3.8525500e-001
 -3.8666667e-001  3.8517000e-001  3.8524100e-001  3.8513700e-001  3.8523100e-001  3.8524500e-001  3.8528200e-001  3.8523200e-001
 -3.8000000e-001  3.8512900e-001  3.8523200e-001  3.8517300e-001  3.8523900e-001  3.8523400e-001  3.8525100e-001  3.8521400e-001
 -3.7333333e-001  3.8514000e-001  3.8522000e-001  3.8516700e-001  3.8520700e-001  3.8525800e-001  3.8528600e-001  3.8523400e-001
 -3.6666667e-001  3.8514100e-001  3.8524200e-001  3.8517500e-001  3.8519900e-001  3.8527800e-001  3.8526700e-001  3.8522400e-001
 -3.6000000e-001  3.8514800e-001  3.8526400e-001  3.8515100e-001  3.8520100e-001  3.8528200e-001  3.8527300e-001  3.8523600e-001
 -3.5333333e-001  3.8513400e-001  3.8524700e-001  3.8517500e-001  3.8521700e-001  3.8529600e-001  3.8525100e-001  3.8523300e-001
 -3.4666667e-001  3.8512400e-001  3.8526200e-001  3.8514500e-001  3.8517600e-001  3.8529400e-001  3.8527400e-001  3.8523700e-001
 -3.4000000e-001  3.8514900e-001  3.8526400e-001  3.8519200e-001  3.8521700e-001  3.8526600e-001  3.8526100e-001  3.8521100e-001
 -3.3333333e-001  3.8517200e-001  3.8524600e-001  3.8512900e-001  3.8525400e-001  3.8525200e-001  3.8523500e-001  3.8522300e-001
 -3.2666667e-001  3.8515900e-001  3.8524100e-001  3.8512400e-001  3.8524700e-001  3.8525900e-001  3.8528400e-001  3.8520500e-001
 -3.2000000e-001  3.8516600e-001  3.8522800e-001  3.8514100e-001  3.8525400e-001  3.8530300e-001  3.8529000e-001  3.8523900e-001
 -3.1333333e-001  3.8514400e-001  3.8523800e-001  3.8516100e-001  3.8521100e-001  3.8529200e-001  3.8529100e-001  3.8525000e-001
 -3.0666667e-001  3.8516400e-001  3.8523400e-001  3.8517600e-001  3.8521700e-001  3.8529200e-001  3.8527600e-001  3.8528300e-001
 -3.0000000e-001  3.8516500e-001  3.8524100e-001  3.8519600e-001  3.8521200e-001  3.8526500e-001  3.8523800e-001  3.8524400e-001
 -2.9333333e-001  3.8512300e-001  3.8523700e-001  3.8517300e-001  3.8522600e-001  3.8530400e-001  3.8526000e-001  3.8526500e-001
 -2.8666667e-001  3.8514900e-001  3.8522200e-001  3.8516900e-001  3.8523400e-001  3.8525600e-001  3.8524400e-001  3.8524100e-001
 -2.8000000e-001  3.8513200e-001  3.8521500e-001  3.8515900e-001  3.8522100e-001  3.8528100e-001  3.8526200e-001  3.8524400e-001
 -2.7333333e-001  3.8515900e-001  3.8523900e-001  3.8515200e-001  3.8523200e-001  3.8527600e-001  3.8530200e-001  3.8528200e-001
 -2.6666667e-001  3.8517000e-001  3.8522200e-001  3.8513900e-001  3.8523100e-001  3.8527100e-001  3.8528500e-001  3.8526200e-001
 -2.6000000e-001  3.8515000e-001  3.8522600e-001  3.8513900e-001  3.8522600e-001  3.8528400e-001  3.8529800e-001  3.8524600e-001
 -2.5333333e-001  3.8514300e-001  3.8524300e-001  3.8517900e-001  3.8523400e-001  3.8530300e-001  3.8530200e-001  3.8525800e-001
 -2.4666667e-001  3.8514600e-001  3.8526500e-001  3.8519500e-001  3.8522600e-001  3.8529500e-001  3.8530900e-001  3.8529700e-001
 -2.4000000e-001  3.8513300e-001  3.8527600e-001  3.8515600e-001  3.8520800e-001  3.8529000e-001  3.8532000e-001  3.8523400e-001
 -2.3333333e-001  3.8513100e-001  3.8526300e-001  3.8513900e-001  3.8519500e-001  3.8528100e-001  3.8531300e-001  3.8525100e-001
 -2.2666667e-001  3.8512200e-001  3.8524000e-001  3.8516700e-001  3.8521700e-001  3.8528100e-001  3.8528800e-001  3.8528400e-001
 -2.2000000e-001  3.8514300e-001  3.8524200e-001  3.8518900e-001  3.8525700e-001  3.8526800e-001  3.8527600e-001  3.8528200e-001
 -2.1333333e-001  3.8511600e-001  3.8527900e-001  3.8516900e-001  3.8523900e-001  3.8528500e-001  3.8529900e-001  3.8526100e-001
 -2.0666667e-001  3.8515000e-001  3.8528800e-001  3.8516200e-001  3.8522600e-001  3.8527100e-001  3.8526100e-001  3.8526600e-001
 -2.0000000e-001  3.8513200e-001  3.8525500e-001  3.8516800e-001  3.8519100e-001  3.8527100e-001  3.8528600e-001  3.8525800e-001
 -1.9333333e-001  3.8514100e-001  3.8526300e-001  3.8518000e-001  3.8521600e-001  3.8528000e-001  3.8526700e-001  3.8525600e-001
 -1.8666667e-001  3.8517300e-001  3.8525100e-001  3.8517300e-001  3.8521000e-001  3.8526700e-001  3.8527200e-001  3.8525800e-001
 -1.8000000e-001  3.8511500e-001  3.8526800e-001  3.8520000e-001  3.8521300e-001  3.8528200e-001  3.8528400e-001  3.8523700e-001
 -1.7333333e-001  3.8511900e-001  3.8524000e-001  3.8515900e-001  3.8524600e-001  3.8527500e-001  3.8527300e-001  3.8522900e-001
 -1.6666667e-001  3.8514800e-001  3.8523700e-001  3.8515800e-001  3.8525500e-001  3.8530200e-001  3.8527300e-001  3.8523500e-001
 -1.6000000e-001  3.8515200e-001  3.8525600e-001  3.8514900e-001  3.8524100e-001  3.8526700e-001  3.8527600e-001  3.8527700e-001
 -1.5333333e-001  3.8511300e-001  3.8526000e-001  3.8518700e-001  3.8520100e-001  3.8526700e-001  3.8525100e-001  3.8526400e-001
 -1.4666667e-001  3.8512400e-001  3.8526200e-001  3.8516800e-001  3.8517500e-001  3.8524900e-001  3.8527100e-001  3.8525800e-001
 -1.4000000e-001  3.8514100e-001  3.8524900e-001  3.8516600e-001  3.8521800e-001  3.8527000e-001  3.8523300e-001  3.8528800e-001
 -1.3333333e-001  3.8516300e-001  3.8523300e-001  3.8516300e-001  3.8521400e-001  3.8524100e-001  3.8525800e-001  3.8527900e-001
 -1.2666667e-001  3.8514700e-001  3.8523900e-001  3.8515900e-001  3.8523200e-001  3.8526700e-001  3.8525300e-001  3.8522000e-001
 -1.2000000e-001  3.8517200e-001  3.8526200e-001  3.8518400e-001  3.8523000e-001  3.8531000e-001  3.8530000e-001  3.8525200e-001
 -1.1333333e-001  3.8516600e-001  3.8522500e-001  3.8512000e-001  3.8522900e-001  3.8529300e-001  3.8527200e-001  3.8527600e-001
 -1.0666667e-001  3.8515300e-001  3.8524400e-001  3.8513400e-001  3.8519900e-001  3.8528200e-001  3.8524200e-001  3.8525000e-001
 -1.0000000e-001  3.8513800e-001  3.8526800e-001  3.8516500e-001  3.8523300e-001  3.8524900e-001  3.8521900e-001  3.8527800e-001
 -9.3333333e-002  3.8515600e-001  3.8522900e-001  3.8515800e-001  3.8523500e-001  3.8526900e-001  3.8528300e-001  3.8527300e-001
 -8.6666667e-002  3.8517200e-001  3.8522400e-001  3.8513000e-001  3.8522300e-001  3.8526800e-001  3.8527300e-001  3.8527000e-001
 -8.0000000e-002  3.8511600e-001  3.8528300e-001  3.8514200e-001  3.8523300e-001  3.8523900e-001  3.8523300e-001  3.8526000e-001
 -7.3333333e-002  3.8511900e-001  3.8526200e-001  3.8513700e-001  3.8523300e-001  3.8524400e-001  3.8524100e-001  3.8526700e-001
 -6.6666667e-002  3.8515300e-001  3.8526000e-001  3.8513700e-001  3.8522800e-001  3.8524100e-001  3.8522800e-001  3.8529100e-001
 -6.0000000e-002  3.8516600e-001  3.8525300e-001  3.8518500e-001  3.8523800e-001  3.8525900e-001  3.8524300e-001  3.8531600e-001
 -5.3333333e-002  3.8515000e-001  3.8520900e-001  3.8515300e-001  3.8524500e-001  3.8529400e-001  3.8524700e-001  3.8527500e-001
 -4.6666667e-002  3.8513000e-001  3.8524400e-001  3.8516600e-001  3.8523300e-001  3.8527700e-001  3.8525600e-001  3.8528300e-001
 -4.0000000e-002  3.8514400e-001  3.8522600e-001  3.8511900e-001  3.8521400e-001  3.8528700e-001  3.8526200e-001  3.8526300e-001
 -3.3333333e-002  3.8515200e-001  3.8524000e-001  3.8515900e-001  3.8519500e-001  3.8528100e-001  3.8524000e-001  3.8525800e-001
 -2.6666667e-002  3.8517100e-001  3.8522800e-001  3.8511800e-001  3.8521500e-001  3.8527800e-001  3.8525700e-001  3.8527600e-001
 -2.0000000e-002  3.8519500e-001  3.8523500e-001  3.8517700e-001  3.8525300e-001  3.8528600e-001  3.8526300e-001  3.8529200e-001
 -1.3333333e-002  3.8526900e-001  3.8525400e-001  3.8524200e-001  3.8532700e-001  3.8535000e-001  3.8533600e-001  3.8535600e-001
 -6.6666667e-003  3.8541500e-001  3.8533500e-001  3.8541500e-001  3.8539900e-001  3.8539900e-001  3.8546400e-001  3.8549500e-001
  0.0000000e+000  3.8565400e-001  3.8546500e-001  3.8561400e-001  3.8556900e-001  3.8558400e-001  3.8567300e-001  3.8569500e-001
  6.6666667e-003  3.8595100e-001  3.8564600e-001  3.8583200e-001  3.8584800e-001  3.8579600e-001  3.8592600e-001  3.8599700e-001
  1.3333333e-002  3.8629100e-001  3.8585900e-001  3.8616200e-001  3.8615000e-001  3.8607700e-001  3.8627400e-001  3.8627600e-001
  2.0000000e-002  3.8671200e-001  3.8621900e-001  3.8654800e-001  3.8650100e-001  3.8645600e-001  3.8664700e-001  3.8666300e-001
  2.6666667e-002  3.8713900e-001  3.8659000e-001  3.8693300e-001  3.8691300e-001  3.8682400e-001  3.8707400e-001  3.8707700e-001
  3.3333333e-002  3.8759200e-001  3.8701800e-001  3.8739000e-001  3.8738000e-001  3.8723800e-001  3.8751000e-001  3.8753500e-001
  4.0000000e-002  3.8800700e-001  3.8742500e-001  3.8780600e-001  3.8781200e-001  3.8768200e-001  3.8792500e-001  3.8790800e-001
  4.6666667e-002  3.8841000e-001  3.8783900e-001  3.8823800e-001  3.8820600e-001  3.8807700e-001  3.8833600e-001  3.8835100e-001
  5.3333333e-002  3.8886600e-001  3.8828400e-001  3.8872700e-001  3.8863700e-001  3.8852300e-001  3.8878500e-001  3.8875300e-001
  6.0000000e-002  3.8934400e-001  3.8868100e-001  3.8919700e-001  3.8913700e-001  3.8897300e-001  3.8922400e-001  3.8921100e-001
  6.6666667e-002  3.8988000e-001  3.8917100e-001  3.8967500e-001  3.8963300e-001  3.8943300e-001  3.8972300e-001  3.8973200e-001
  7.3333333e-002  3.9049000e-001  3.8966500e-001  3.9025100e-001  3.9019200e-001  3.8995900e-001  3.9031100e-001  3.9030700e-001
  8.0000000e-002  3.9115500e-001  3.9026300e-001  3.9087000e-001  3.9084900e-001  3.9056300e-001  3.9096600e-001  3.9094000e-001
  8.6666667e-002  3.9189800e-001  3.9085000e-001  3.9160700e-001  3.9149600e-001  3.9123100e-001  3.9167100e-001  3.9166400e-001
  9.3333333e-002  3.9263100e-001  3.9151900e-001  3.9234500e-001  3.9221600e-001  3.9191900e-001  3.9242800e-001  3.9241100e-001
  1.0000000e-001  3.9341700e-001  3.9230800e-001  3.9312600e-001  3.9302300e-001  3.9267500e-001  3.9320100e-001  3.9318100e-001
  1.0666667e-001  3.9424200e-001  3.9309900e-001  3.9392100e-001  3.9381800e-001  3.9348300e-001  3.9401800e-001  3.9396000e-001
  1.1333333e-001  3.9504000e-001  3.9388200e-001  3.9472200e-001  3.9461500e-001  3.9429500e-001  3.9479500e-001  3.9476500e-001
  1.2000000e-001  3.9585000e-001  3.9472700e-001  3.9555500e-001  3.9541400e-001  3.9510200e-001  3.9562300e-001  3.9561100e-001
  1.2666667e-001  3.9670900e-001  3.9554500e-001  3.9640800e-001  3.9624200e-001  3.9595900e-001  3.9645800e-001  3.9643300e-001
  1.3333333e-001  3.9760900e-001  3.9633800e-001  3.9726600e-001  3.9713000e-001  3.9680100e-001  3.9731200e-001  3.9728100e-001
  1.4000000e-001  3.9856100e-001  3.9719800e-001  3.9822200e-001  3.9800100e-001  3.9768300e-001  3.9823100e-001  3.9820900e-001
  1.4666667e-001  3.9957300e-001  3.9813500e-001  3.9916800e-001  3.9900700e-001  3.9859800e-001  3.9924500e-001  3.9919600e-001
  1.5333333e-001  4.0060700e-001  3.9908700e-001  4.0017400e-001  3.9999400e-001  3.9958100e-001  4.0028000e-001  4.0020200e-001
  1.6000000e-001  4.0174800e-001  4.0011100e-001  4.0126200e-001  4.0107000e-001  4.0064900e-001  4.0135000e-001  4.0131200e-001
  1.6666667e-001  4.0287200e-001  4.0120100e-001  4.0241400e-001  4.0214300e-001  4.0175400e-001  4.0247900e-001  4.0240800e-001
  1.7333333e-001  4.0404000e-001  4.0234200e-001  4.0356700e-001  4.0333500e-001  4.0290000e-001  4.0362900e-001  4.0360500e-001
  1.8000000e-001  4.0522800e-001  4.0350900e-001  4.0476500e-001  4.0453200e-001  4.0404800e-001  4.0485400e-001  4.0478800e-001
  1.8666667e-001  4.0642800e-001  4.0465800e-001  4.0598800e-001  4.0571900e-001  4.0521700e-001  4.0600900e-001  4.0599200e-001
  1.9333333e-001  4.0766600e-001  4.0592100e-001  4.0719400e-001  4.0695600e-001  4.0645100e-001  4.0726700e-001  4.0724500e-001
  2.0000000e-001  4.0891500e-001  4.0711400e-001  4.0839500e-001  4.0820400e-001  4.0770400e-001  4.0851300e-001  4.0845900e-001
  2.0666667e-001  4.1016700e-001  4.0833100e-001  4.0970300e-001  4.0944400e-001  4.0896100e-001  4.0973800e-001  4.0972200e-001
  2.1333333e-001  4.1149200e-001  4.0956700e-001  4.1094300e-001  4.1069400e-001  4.1021900e-001  4.1103500e-001  4.1094600e-001
  2.2000000e-001  4.1282900e-001  4.1085900e-001  4.1228100e-001  4.1201300e-001  4.1150400e-001  4.1237200e-001  4.1225100e-001
  2.2666667e-001  4.1427600e-001  4.1216700e-001  4.1369900e-001  4.1338400e-001  4.1284600e-001  4.1376600e-001  4.1365100e-001
  2.3333333e-001  4.1578200e-001  4.1354400e-001  4.1514100e-001  4.1480000e-001  4.1422600e-001  4.1518100e-001  4.1507900e-001
  2.4000000e-001  4.1731000e-001  4.1495900e-001  4.1667500e-001  4.1625900e-001  4.1566600e-001  4.1666700e-001  4.1660100e-001
  2.4666667e-001  4.1884000e-001  4.1650900e-001  4.1821100e-001  4.1779300e-001  4.1721000e-001  4.1819600e-001  4.1809900e-001
  2.5333333e-001  4.2041200e-001  4.1805100e-001  4.1975000e-001  4.1934300e-001  4.1879400e-001  4.1977500e-001  4.1968400e-001
  2.6000000e-001  4.2205300e-001  4.1963200e-001  4.2134600e-001  4.2087800e-001  4.2040500e-001  4.2134900e-001  4.2123900e-001
  2.6666667e-001  4.2369400e-001  4.2127100e-001  4.2304600e-001  4.2250500e-001  4.2199200e-001  4.2294900e-001  4.2286800e-001
  2.7333333e-001  4.2534300e-001  4.2291800e-001  4.2471300e-001  4.2418900e-001  4.2363500e-001  4.2459600e-001  4.2455700e-001
  2.8000000e-001  4.2702300e-001  4.2455700e-001  4.2643900e-001  4.2594700e-001  4.2533700e-001  4.2630700e-001  4.2628300e-001
  2.8666667e-001  4.2872100e-001  4.2622700e-001  4.2813100e-001  4.2772300e-001  4.2708400e-001  4.2801800e-001  4.2801900e-001
  2.9333333e-001  4.3044300e-001  4.2793100e-001  4.2978100e-001  4.2946400e-001  4.2876500e-001  4.2978500e-001  4.2975300e-001
  3.0000000e-001  4.3211100e-001  4.2964800e-001  4.3145400e-001  4.3122900e-001  4.3045600e-001  4.3153700e-001  4.3146800e-001
  3.0666667e-001  4.3379900e-001  4.3135800e-001  4.3312700e-001  4.3290800e-001  4.3214500e-001  4.3325300e-001  4.3313700e-001
  3.1333333e-001  4.3545200e-001  4.3300900e-001  4.3475000e-001  4.3456600e-001  4.3379000e-001  4.3496000e-001  4.3477100e-001
  3.2000000e-001  4.3707600e-001  4.3464600e-001  4.3638800e-001  4.3614300e-001  4.3543000e-001  4.3661300e-001  4.3636600e-001
  3.2666667e-001  4.3871400e-001  4.3629000e-001  4.3806800e-001  4.3772700e-001  4.3704300e-001  4.3825300e-001  4.3796000e-001
  3.3333333e-001  4.4039900e-001  4.3791700e-001  4.3972100e-001  4.3930500e-001  4.3865500e-001  4.3986700e-001  4.3960900e-001
  3.4000000e-001  4.4206300e-001  4.3959300e-001  4.4137400e-001  4.4094100e-001  4.4032900e-001  4.4146900e-001  4.4127700e-001
  3.4666667e-001  4.4374900e-001  4.4125800e-001  4.4308600e-001  4.4260700e-001  4.4201300e-001  4.4303700e-001  4.4297300e-001
  3.5333333e-001  4.4540800e-001  4.4292100e-001  4.4479700e-001  4.4430700e-001  4.4370600e-001  4.4476300e-001  4.4468500e-001
  3.6000000e-001  4.4717500e-001  4.4462800e-001  4.4649900e-001  4.4604800e-001  4.4541500e-001  4.4644500e-001  4.4642900e-001
  3.6666667e-001  4.4887900e-001  4.4631400e-001  4.4819000e-001  4.4776300e-001  4.4710300e-001  4.4819500e-001  4.4817700e-001
  3.7333333e-001  4.5051000e-001  4.4800400e-001  4.4985100e-001  4.4954000e-001  4.4877700e-001  4.4992300e-001  4.4988400e-001
  3.8000000e-001  4.5212700e-001  4.4970200e-001  4.5152400e-001  4.5123200e-001  4.5045700e-001  4.5162000e-001  4.5150500e-001
  3.8666667e-001  4.5375700e-001  4.5135500e-001  4.5315300e-001  4.5286600e-001  4.5212600e-001  4.5327800e-001  4.5313300e-001
  3.9333333e-001  4.5544900e-001  4.5298000e-001  4.5477700e-001  4.5450200e-001  4.5371700e-001  4.5495400e-001  4.5473300e-001
  4.0000000e-001  4.5708700e-001  4.5464600e-001  4.5644800e-001  4.5606500e-001  4.5539800e-001  4.5656500e-001  4.5638700e-001
  4.0666667e-001  4.5873300e-001  4.5628100e-001  4.5809700e-001  4.5766900e-001  4.5701100e-001  4.5816100e-001  4.5801000e-001
  4.1333333e-001  4.6036500e-001  4.5793300e-001  4.5977100e-001  4.5930800e-001  4.5869800e-001  4.5977400e-001  4.5965200e-001
  4.2000000e-001  4.6202900e-001  4.5957400e-001  4.6144200e-001  4.6093500e-001  4.6034600e-001  4.6138200e-001  4.6135500e-001
  4.2666667e-001  4.6370100e-001  4.6122900e-001  4.6310800e-001  4.6266500e-001  4.6203900e-001  4.6306500e-001  4.6304600e-001
  4.3333333e-001  4.6539000e-001  4.6292600e-001  4.6476900e-001  4.6436100e-001  4.6370800e-001  4.6475200e-001  4.6473700e-001
  4.4000000e-001  4.6709400e-001  4.6462800e-001  4.6645000e-001  4.6610800e-001  4.6541400e-001  4.6647800e-001  4.6646500e-001
  4.4666667e-001  4.6880500e-001  4.6628700e-001  4.6814400e-001  4.6783900e-001  4.6709900e-001  4.6817600e-001  4.6813600e-001
  4.5333333e-001  4.7044700e-001  4.6798000e-001  4.6980000e-001  4.6949100e-001  4.6879500e-001  4.6985600e-001  4.6977700e-001
  4.6000000e-001  4.7208600e-001  4.6964400e-001  4.7142400e-001  4.7115000e-001  4.7041700e-001  4.7153300e-001  4.7140200e-001
  4.6666667e-001  4.7373000e-001  4.7126100e-001  4.7307500e-001  4.7277600e-001  4.7205000e-001  4.7322100e-001  4.7301600e-001
  4.7333333e-001  4.7539800e-001  4.7293100e-001  4.7472100e-001  4.7439500e-001  4.7368800e-001  4.7486700e-001  4.7467400e-001
  4.8000000e-001  4.7708200e-001  4.7458700e-001  4.7638900e-001  4.7605900e-001  4.7535400e-001  4.7652900e-001  4.7633600e-001
  4.8666667e-001  4.7877600e-001  4.7626100e-001  4.7812100e-001  4.7769200e-001  4.7703000e-001  4.7814900e-001  4.7804300e-001
  4.9333333e-001  4.8042600e-001  4.7793700e-001  4.7980100e-001  4.7933700e-001  4.7872100e-001  4.7982300e-001  4.7969300e-001
  5.0000000e-001  4.8207600e-001  4.7961300e-001  4.8147100e-001  4.8103200e-001  4.8038000e-001  4.8148300e-001  4.8136300e-001
  5.0666667e-001  4.8378900e-001  4.8123400e-001  4.8313500e-001  4.8274400e-001  4.8203900e-001  4.8313900e-001  4.8309100e-001
  5.1333333e-001  4.8546400e-001  4.8291900e-001  4.8481500e-001  4.8446400e-001  4.8374100e-001  4.8487500e-001  4.8478900e-001
  5.2000000e-001  4.8717100e-001  4.8464000e-001  4.8651600e-001  4.8616300e-001  4.8544700e-001  4.8657600e-001  4.8650500e-001
  5.2666667e-001  4.8887300e-001  4.8632300e-001  4.8819000e-001  4.8784700e-001  4.8713300e-001  4.8829300e-001  4.8814400e-001
  5.3333333e-001  4.9050300e-001  4.8800100e-001  4.8982100e-001  4.8952300e-001  4.8879000e-001  4.8998700e-001  4.8981900e-001
  5.4000000e-001  4.9212800e-001  4.8966200e-001  4.9147000e-001  4.9118700e-001  4.9045700e-001  4.9161200e-001  4.9145700e-001
  5.4666667e-001  4.9373300e-001  4.9131500e-001  4.9313600e-001  4.9278100e-001  4.9207300e-001  4.9323900e-001  4.9306600e-001
  5.5333333e-001  4.9543500e-001  4.9293200e-001  4.9477700e-001  4.9438600e-001  4.9371500e-001  4.9487600e-001  4.9470200e-001
  5.6000000e-001  4.9707700e-001  4.9462700e-001  4.9641900e-001  4.9604500e-001  4.9537500e-001  4.9651100e-001  4.9636000e-001
  5.6666667e-001  4.9872300e-001  4.9628100e-001  4.9811300e-001  4.9775300e-001  4.9702600e-001  4.9817400e-001  4.9802100e-001
  5.7333333e-001  5.0041900e-001  4.9795200e-001  4.9983100e-001  4.9941400e-001  4.9872400e-001  4.9982100e-001  4.9971500e-001
  5.8000000e-001  5.0211000e-001  4.9961400e-001  5.0151100e-001  5.0108300e-001  5.0041200e-001  5.0151000e-001  5.0141800e-001
  5.8666667e-001  5.0375300e-001  5.0130600e-001  5.0317800e-001  5.0282200e-001  5.0207300e-001  5.0320500e-001  5.0313800e-001
  5.9333333e-001  5.0540800e-001  5.0298100e-001  5.0485900e-001  5.0450400e-001  5.0374700e-001  5.0491100e-001  5.0475300e-001
  6.0000000e-001  5.0709300e-001  5.0465900e-001  5.0651100e-001  5.0617700e-001  5.0545500e-001  5.0662100e-001  5.0641800e-001
  6.0666667e-001  5.0876800e-001  5.0633600e-001  5.0817900e-001  5.0786300e-001  5.0708800e-001  5.0829500e-001  5.0807500e-001
  6.1333333e-001  5.1043100e-001  5.0798600e-001  5.0981100e-001  5.0949700e-001  5.0872500e-001  5.0999200e-001  5.0972800e-001
  6.2000000e-001  5.1207900e-001  5.0964500e-001  5.1150700e-001  5.1113200e-001  5.1040300e-001  5.1159900e-001  5.1138200e-001
  6.2666667e-001  5.1376500e-001  5.1130900e-001  5.1318600e-001  5.1276800e-001  5.1205100e-001  5.1321200e-001  5.1303000e-001
  6.3333333e-001  5.1544000e-001  5.1294600e-001  5.1484700e-001  5.1439600e-001  5.1373600e-001  5.1487200e-001  5.1470600e-001
  6.4000000e-001  5.1710000e-001  5.1463200e-001  5.1646900e-001  5.1607900e-001  5.1538000e-001  5.1653500e-001  5.1638300e-001
  6.4666667e-001  5.1875900e-001  5.1629100e-001  5.1813800e-001  5.1776400e-001  5.1704300e-001  5.1821700e-001  5.1808600e-001
  6.5333333e-001  5.2042800e-001  5.1794900e-001  5.1984900e-001  5.1942100e-001  5.1876200e-001  5.1985800e-001  5.1975400e-001
  6.6000000e-001  5.2211500e-001  5.1961700e-001  5.2149900e-001  5.2114500e-001  5.2043400e-001  5.2153500e-001  5.2140600e-001
  6.6666667e-001  5.2380900e-001  5.2129500e-001  5.2322200e-001  5.2285400e-001  5.2208600e-001  5.2325700e-001  5.2307900e-001
  6.7333333e-001  5.2551900e-001  5.2297900e-001  5.2489700e-001  5.2454900e-001  5.2377600e-001  5.2497700e-001  5.2479000e-001
  6.8000000e-001  5.2713700e-001  5.2470200e-001  5.2658900e-001  5.2620500e-001  5.2546900e-001  5.2664000e-001  5.2645000e-001
  6.8666667e-001  5.2880700e-001  5.2634900e-001  5.2822700e-001  5.2787900e-001  5.2715300e-001  5.2829800e-001  5.2811300e-001
  6.9333333e-001  5.3047700e-001  5.2803200e-001  5.2986600e-001  5.2948100e-001  5.2876300e-001  5.2992000e-001  5.2974000e-001
  7.0000000e-001  5.3214900e-001  5.2965700e-001  5.3153100e-001  5.3113500e-001  5.3040300e-001  5.3153400e-001  5.3135100e-001
  7.0666667e-001  5.3379800e-001  5.3134500e-001  5.3319200e-001  5.3278000e-001  5.3208600e-001  5.3320800e-001  5.3303400e-001
  7.1333333e-001  5.3548200e-001  5.3297100e-001  5.3488800e-001  5.3446600e-001  5.3377600e-001  5.3486900e-001  5.3471000e-001
  7.2000000e-001  5.3719500e-001  5.3463200e-001  5.3655300e-001  5.3616200e-001  5.3545700e-001  5.3652500e-001  5.3639400e-001
  7.2666667e-001  5.3883000e-001  5.3633800e-001  5.3826300e-001  5.3782000e-001  5.3713600e-001  5.3823800e-001  5.3811200e-001
  7.3333333e-001  5.4049500e-001  5.3798500e-001  5.3993500e-001  5.3955100e-001  5.3882800e-001  5.3990700e-001  5.3979100e-001
  7.4000000e-001  5.4215300e-001  5.3966900e-001  5.4154200e-001  5.4119900e-001  5.4046600e-001  5.4158700e-001  5.4145200e-001
  7.4666667e-001  5.4380400e-001  5.4134200e-001  5.4321400e-001  5.4288000e-001  5.4214900e-001  5.4325800e-001  5.4311400e-001
  7.5333333e-001  5.4546400e-001  5.4301400e-001  5.4493700e-001  5.4454400e-001  5.4377200e-001  5.4496800e-001  5.4476300e-001
  7.6000000e-001  5.4710800e-001  5.4466000e-001  5.4656800e-001  5.4621700e-001  5.4544600e-001  5.4660000e-001  5.4642900e-001
  7.6666667e-001  5.4874700e-001  5.4631400e-001  5.4821300e-001  5.4785600e-001  5.4709400e-001  5.4823300e-001  5.4806600e-001
  7.7333333e-001  5.5041800e-001  5.4797500e-001  5.4984300e-001  5.4950800e-001  5.4872400e-001  5.4986300e-001  5.4970200e-001
  7.8000000e-001  5.5208000e-001  5.4959300e-001  5.5148900e-001  5.5111000e-001  5.5038800e-001  5.5151000e-001  5.5134700e-001
  7.8666667e-001  5.5374700e-001  5.5125300e-001  5.5315800e-001  5.5276800e-001  5.5203400e-001  5.5317200e-001  5.5303100e-001
  7.9333333e-001  5.5538400e-001  5.5293500e-001  5.5481100e-001  5.5444900e-001  5.5372000e-001  5.5487500e-001  5.5470800e-001
  8.0000000e-001  5.5707800e-001  5.5464600e-001  5.5649400e-001  5.5613200e-001  5.5543500e-001  5.5651600e-001  5.5639000e-001
  8.0666667e-001  5.5876300e-001  5.5630800e-001  5.5819200e-001  5.5782600e-001  5.5708100e-001  5.5819200e-001  5.5808200e-001
  8.1333333e-001  5.6044200e-001  5.5799300e-001  5.5984900e-001  5.5951700e-001  5.5874600e-001  5.5985300e-001  5.5975100e-001
  8.2000000e-001  5.6211100e-001  5.5967300e-001  5.6155700e-001  5.6118700e-001  5.6043700e-001  5.6155200e-001  5.6144200e-001
  8.2666667e-001  5.6379700e-001  5.6132600e-001  5.6322600e-001  5.6288100e-001  5.6210800e-001  5.6324200e-001  5.6312400e-001
  8.3333333e-001  5.6546600e-001  5.6298800e-001  5.6485800e-001  5.6456000e-001  5.6378100e-001  5.6490500e-001  5.6480200e-001
  8.4000000e-001  5.6710400e-001  5.6467900e-001  5.6656900e-001  5.6622200e-001  5.6540800e-001  5.6658200e-001  5.6644000e-001
  8.4666667e-001  5.6879800e-001  5.6632300e-001  5.6826200e-001  5.6784900e-001  5.6710900e-001  5.6821400e-001  5.6809700e-001
  8.5333333e-001  5.7045900e-001  5.6795900e-001  5.6989300e-001  5.6949000e-001  5.6875200e-001  5.6987900e-001  5.6975900e-001
  8.6000000e-001  5.7212900e-001  5.6965400e-001  5.7156900e-001  5.7114600e-001  5.7040500e-001  5.7154400e-001  5.7144500e-001
  8.6666667e-001  5.7383600e-001  5.7131100e-001  5.7325700e-001  5.7282500e-001  5.7209300e-001  5.7322100e-001  5.7311100e-001
  8.7333333e-001  5.7549300e-001  5.7300200e-001  5.7495000e-001  5.7452400e-001  5.7379200e-001  5.7489700e-001  5.7479600e-001
  8.8000000e-001  5.7715300e-001  5.7466700e-001  5.7657100e-001  5.7621500e-001  5.7549000e-001  5.7657600e-001  5.7648000e-001
  8.8666667e-001  5.7882100e-001  5.7635400e-001  5.7822200e-001  5.7785200e-001  5.7716300e-001  5.7823300e-001  5.7813700e-001
  8.9333333e-001  5.8047300e-001  5.7799300e-001  5.7989400e-001  5.7951100e-001  5.7881600e-001  5.7987400e-001  5.7976900e-001
  9.0000000e-001  5.8213800e-001  5.7968300e-001  5.8156400e-001  5.8117700e-001  5.8045900e-001  5.8154000e-001  5.8140200e-001
  9.0666667e-001  5.8382900e-001  5.8134300e-001  5.8326100e-001  5.8288500e-001  5.8211200e-001  5.8325600e-001  5.8307500e-001
  9.1333333e-001  5.8547200e-001  5.8297700e-001  5.8488200e-001  5.8451600e-001  5.8379500e-001  5.8492600e-001  5.8477800e-001
  9.2000000e-001  5.8711100e-001  5.8466000e-001  5.8655100e-001  5.8616300e-001  5.8547500e-001  5.8656600e-001  5.8643800e-001
  9.2666667e-001  5.8878600e-001  5.8633400e-001  5.8821500e-001  5.8783400e-001  5.8715400e-001  5.8821900e-001  5.8807700e-001
  9.3333333e-001  5.9044200e-001  5.8796500e-001  5.8985500e-001  5.8948200e-001  5.8878500e-001  5.8985300e-001  5.8973400e-001
  9.4000000e-001  5.9210500e-001  5.8961700e-001  5.9149300e-001  5.9115100e-001  5.9041700e-001  5.9153800e-001  5.9139600e-001
  9.4666667e-001  5.9375400e-001  5.9126400e-001  5.9319200e-001  5.9279300e-001  5.9209900e-001  5.9321100e-001  5.9307500e-001
  9.5333333e-001  5.9542500e-001  5.9292600e-001  5.9485600e-001  5.9447000e-001  5.9375800e-001  5.9487400e-001  5.9475100e-001
  9.6000000e-001  5.9710200e-001  5.9461300e-001  5.9653500e-001  5.9614700e-001  5.9542800e-001  5.9652900e-001  5.9640200e-001
  9.6666667e-001  5.9876200e-001  5.9629100e-001  5.9818900e-001  5.9781400e-001  5.9707400e-001  5.9821200e-001  5.9808700e-001
  9.7333333e-001  6.0042900e-001  5.9795600e-001  5.9982800e-001  5.9947700e-001  5.9874300e-001  5.9989200e-001  5.9973900e-001
  9.8000000e-001  6.0211300e-001  5.9961500e-001  6.0149700e-001  6.0113300e-001  6.0038600e-001  6.0156300e-001  6.0138600e-001
  9.8666667e-001  6.0378500e-001  6.0128600e-001  6.0319700e-001  6.0281200e-001  6.0209000e-001  6.0324300e-001  6.0306200e-001
  9.9333333e-001  6.0543600e-001  6.0295400e-001  6.0487400e-001  6.0448800e-001  6.0378300e-001  6.0489400e-001  6.0475200e-001
  1.0000000e+000  6.0711200e-001  6.0460400e-001  6.0652500e-001  6.0616300e-001  6.0540300e-001  6.0656100e-001  6.0640100e-001
  1.0066667e+000  6.0877700e-001  6.0629400e-001  6.0817700e-001  6.0780700e-001  6.0707300e-001  6.0820200e-001  6.0806900e-001
  1.0133333e+000  6.1041700e-001  6.0795400e-001  6.0984900e-001  6.0946400e-001  6.0874900e-001  6.0988100e-001  6.0972400e-001
  1.0200000e+000  6.1213000e-001  6.0962000e-001  6.1153100e-001  6.1115100e-001  6.1042400e-001  6.1154600e-001  6.1140800e-001
  1.0266667e+000  6.1382700e-001  6.1129400e-001  6.1320900e-001  6.1287000e-001  6.1214300e-001  6.1324800e-001  6.1311200e-001
  1.0333333e+000  6.1551100e-001  6.1297900e-001  6.1488700e-001  6.1452100e-001  6.1382500e-001  6.1492400e-001  6.1478100e-001
  1.0400000e+000  6.1715700e-001  6.1465800e-001  6.1655100e-001  6.1619500e-001  6.1546600e-001  6.1658000e-001  6.1645500e-001
  1.0466667e+000  6.1880700e-001  6.1632400e-001  6.1824100e-001  6.1786100e-001  6.1712500e-001  6.1825300e-001  6.1808500e-001
  1.0533333e+000  6.2050100e-001  6.1795300e-001  6.1989300e-001  6.1950500e-001  6.1878400e-001  6.1993800e-001  6.1976000e-001
  1.0600000e+000  6.2216600e-001  6.1964100e-001  6.2157600e-001  6.2119100e-001  6.2042900e-001  6.2164900e-001  6.2146900e-001
  1.0666667e+000  6.2387200e-001  6.2132900e-001  6.2326900e-001  6.2288900e-001  6.2215300e-001  6.2332700e-001  6.2314600e-001
  1.0733333e+000  6.2554200e-001  6.2301000e-001  6.2493900e-001  6.2452400e-001  6.2384100e-001  6.2497400e-001  6.2482100e-001
  1.0800000e+000  6.2717600e-001  6.2468000e-001  6.2662500e-001  6.2618700e-001  6.2549400e-001  6.2662600e-001  6.2647800e-001
  1.0866667e+000  6.2881100e-001  6.2636100e-001  6.2824200e-001  6.2783800e-001  6.2715600e-001  6.2829700e-001  6.2811500e-001
  1.0933333e+000  6.3051000e-001  6.2801100e-001  6.2989500e-001  6.2949500e-001  6.2880000e-001  6.2993200e-001  6.2979500e-001
  1.1000000e+000  6.3219500e-001  6.2968100e-001  6.3156200e-001  6.3118600e-001  6.3047100e-001  6.3163100e-001  6.3148100e-001
  1.1066667e+000  6.3389600e-001  6.3137700e-001  6.3328400e-001  6.3286500e-001  6.3218800e-001  6.3330100e-001  6.3317800e-001
  1.1133333e+000  6.3553500e-001  6.3303500e-001  6.3494800e-001  6.3455500e-001  6.3384000e-001  6.3495300e-001  6.3483000e-001
  1.1200000e+000  6.3716700e-001  6.3470700e-001  6.3655400e-001  6.3619300e-001  6.3551600e-001  6.3661400e-001  6.3647200e-001
  1.1266667e+000  6.3882200e-001  6.3634900e-001  6.3819800e-001  6.3783400e-001  6.3714800e-001  6.3824600e-001  6.3810400e-001
  1.1333333e+000  6.4046900e-001  6.3801200e-001  6.3988200e-001  6.3947300e-001  6.3877000e-001  6.3989500e-001  6.3971900e-001
  1.1400000e+000  6.4211500e-001  6.3962900e-001  6.4153400e-001  6.4113200e-001  6.4044300e-001  6.4159600e-001  6.4140200e-001
  1.1466667e+000  6.4380100e-001  6.4128600e-001  6.4319100e-001  6.4278900e-001  6.4209500e-001  6.4327200e-001  6.4309200e-001
  1.1533333e+000  6.4546700e-001  6.4294400e-001  6.4487600e-001  6.4446600e-001  6.4375400e-001  6.4490300e-001  6.4477600e-001
  1.1600000e+000  6.4711900e-001  6.4463400e-001  6.4653100e-001  6.4615200e-001  6.4543800e-001  6.4658000e-001  6.4639700e-001
  1.1666667e+000  6.4878600e-001  6.4633400e-001  6.4817100e-001  6.4778200e-001  6.4709900e-001  6.4822600e-001  6.4807000e-001
  1.1733333e+000  6.5046400e-001  6.4796700e-001  6.4983500e-001  6.4946900e-001  6.4875700e-001  6.4989700e-001  6.4973900e-001
  1.1800000e+000  6.5213700e-001  6.4963500e-001  6.5153000e-001  6.5115800e-001  6.5043900e-001  6.5158100e-001  6.5140900e-001
  1.1866667e+000  6.5380000e-001  6.5131200e-001  6.5322000e-001  6.5281500e-001  6.5211300e-001  6.5324800e-001  6.5306400e-001
  1.1933333e+000  6.5545700e-001  6.5300700e-001  6.5486400e-001  6.5449100e-001  6.5377100e-001  6.5493700e-001  6.5475300e-001
  1.2000000e+000  6.5711800e-001  6.5464100e-001  6.5654100e-001  6.5613400e-001  6.5543000e-001  6.5659200e-001  6.5639300e-001
  1.2066667e+000  6.5878300e-001  6.5629500e-001  6.5820400e-001  6.5778400e-001  6.5710300e-001  6.5826000e-001  6.5802700e-001
  1.2133333e+000  6.6046000e-001  6.5793700e-001  6.5988400e-001  6.5947200e-001  6.5879400e-001  6.5994600e-001  6.5973200e-001
  1.2200000e+000  6.6212600e-001  6.5963800e-001  6.6153000e-001  6.6113800e-001  6.6045300e-001  6.6160200e-001  6.6140800e-001
  1.2266667e+000  6.6380600e-001  6.6132300e-001  6.6321300e-001  6.6281800e-001  6.6211800e-001  6.6326100e-001  6.6307000e-001
  1.2333333e+000  6.6545500e-001  6.6300200e-001  6.6486900e-001  6.6449600e-001  6.6379200e-001  6.6496000e-001  6.6476400e-001
  1.2400000e+000  6.6711600e-001  6.6466200e-001  6.6653300e-001  6.6619700e-001  6.6550500e-001  6.6664500e-001  6.6643400e-001
  1.2466667e+000  6.6879000e-001  6.6633800e-001  6.6821000e-001  6.6783000e-001  6.6715700e-001  6.6831400e-001  6.6809600e-001
  1.2533333e+000  6.7048900e-001  6.6801100e-001  6.6991600e-001  6.6950600e-001  6.6881500e-001  6.6998700e-001  6.6977400e-001
  1.2600000e+000  6.7216600e-001  6.6969100e-001  6.7159900e-001  6.7117400e-001  6.7050300e-001  6.7163800e-001  6.7143900e-001
  1.2666667e+000  6.7385600e-001  6.7135900e-001  6.7324200e-001  6.7285100e-001  6.7215800e-001  6.7328900e-001  6.7312100e-001
  1.2733333e+000  6.7549700e-001  6.7302000e-001  6.7490800e-001  6.7450000e-001  6.7382400e-001  6.7495400e-001  6.7477900e-001
  1.2800000e+000  6.7713200e-001  6.7469300e-001  6.7654000e-001  6.7615400e-001  6.7549300e-001  6.7659800e-001  6.7640100e-001
  1.2866667e+000  6.7880400e-001  6.7632100e-001  6.7820300e-001  6.7777800e-001  6.7711000e-001  6.7827600e-001  6.7809100e-001
  1.2933333e+000  6.8047500e-001  6.7796500e-001  6.7989300e-001  6.7948100e-001  6.7879800e-001  6.7996500e-001  6.7977200e-001
  1.3000000e+000  6.8217800e-001  6.7965300e-001  6.8161300e-001  6.8117000e-001  6.8051300e-001  6.8165100e-001  6.8146700e-001
  1.3066667e+000  6.8384000e-001  6.8133500e-001  6.8326900e-001  6.8288600e-001  6.8216400e-001  6.8330800e-001  6.8316300e-001
  1.3133333e+000  6.8549500e-001  6.8305400e-001  6.8492700e-001  6.8452000e-001  6.8385000e-001  6.8496700e-001  6.8482300e-001
  1.3200000e+000  6.8713200e-001  6.8471100e-001  6.8656600e-001  6.8616900e-001  6.8551900e-001  6.8660000e-001  6.8649000e-001
  1.3266667e+000  6.8880800e-001  6.8632500e-001  6.8821200e-001  6.8784600e-001  6.8715800e-001  6.8826800e-001  6.8811900e-001
  1.3333333e+000  6.9047500e-001  6.8798600e-001  6.8990000e-001  6.8949400e-001  6.8883100e-001  6.8995000e-001  6.8977500e-001
  1.3400000e+000  6.9214500e-001  6.8967700e-001  6.9154600e-001  6.9114200e-001  6.9051500e-001  6.9163400e-001  6.9144100e-001
  1.3466667e+000  6.9379900e-001  6.9134800e-001  6.9320600e-001  6.9283300e-001  6.9215300e-001  6.9326800e-001  6.9312400e-001
  1.3533333e+000  6.9546500e-001  6.9302900e-001  6.9486900e-001  6.9449000e-001  6.9381100e-001  6.9492400e-001  6.9477100e-001
  1.3600000e+000  6.9711000e-001  6.9463800e-001  6.9650900e-001  6.9613300e-001  6.9549000e-001  6.9656200e-001  6.9641000e-001
  1.3666667e+000  6.9878800e-001  6.9629100e-001  6.9817700e-001  6.9779700e-001  6.9710900e-001  6.9822600e-001  6.9807700e-001
  1.3733333e+000  7.0044800e-001  6.9796400e-001  6.9983600e-001  6.9947700e-001  6.9878000e-001  6.9988400e-001  6.9978200e-001
  1.3800000e+000  7.0211100e-001  6.9961200e-001  7.0151100e-001  7.0115800e-001  7.0046800e-001  7.0160500e-001  7.0140100e-001
  1.3866667e+000  7.0378700e-001  7.0128800e-001  7.0320200e-001  7.0283100e-001  7.0216000e-001  7.0329300e-001  7.0308000e-001
  1.3933333e+000  7.0545900e-001  7.0298000e-001  7.0486500e-001  7.0449000e-001  7.0382200e-001  7.0492600e-001  7.0477100e-001
  1.4000000e+000  7.0712800e-001  7.0464700e-001  7.0650700e-001  7.0613300e-001  7.0550200e-001  7.0655800e-001  7.0642600e-001
  1.4066667e+000  7.0877700e-001  7.0628500e-001  7.0819100e-001  7.0782600e-001  7.0714200e-001  7.0824700e-001  7.0808300e-001
  1.4133333e+000  7.1045500e-001  7.0796200e-001  7.0986800e-001  7.0948200e-001  7.0881900e-001  7.0994000e-001  7.0975100e-001
  1.4200000e+000  7.1213300e-001  7.0964600e-001  7.1149900e-001  7.1116100e-001  7.1046100e-001  7.1159500e-001  7.1142700e-001
  1.4266667e+000  7.1378300e-001  7.1131100e-001  7.1317600e-001  7.1280700e-001  7.1214500e-001  7.1325800e-001  7.1308500e-001
  1.4333333e+000  7.1545600e-001  7.1295100e-001  7.1484900e-001  7.1447900e-001  7.1380600e-001  7.1489300e-001  7.1474300e-001
  1.4400000e+000  7.1712000e-001  7.1459600e-001  7.1652400e-001  7.1616000e-001  7.1546400e-001  7.1657000e-001  7.1641000e-001
  1.4466667e+000  7.1880900e-001  7.1628200e-001  7.1821200e-001  7.1784500e-001  7.1715000e-001  7.1826600e-001  7.1807800e-001
  1.4533333e+000  7.2051300e-001  7.1798800e-001  7.1987000e-001  7.1952600e-001  7.1883600e-001  7.1995900e-001  7.1977700e-001
  1.4600000e+000  7.2218000e-001  7.1961600e-001  7.2152600e-001  7.2117100e-001  7.2051200e-001  7.2167100e-001  7.2147300e-001
  1.4666667e+000  7.2383600e-001  7.2131900e-001  7.2319400e-001  7.2284100e-001  7.2216400e-001  7.2330600e-001  7.2314600e-001
  1.4733333e+000  7.2550000e-001  7.2297400e-001  7.2488000e-001  7.2450900e-001  7.2382700e-001  7.2497200e-001  7.2479700e-001
  1.4800000e+000  7.2715900e-001  7.2463400e-001  7.2650700e-001  7.2616600e-001  7.2550600e-001  7.2663400e-001  7.2645900e-001
  1.4866667e+000  7.2883400e-001  7.2629000e-001  7.2818000e-001  7.2783700e-001  7.2717000e-001  7.2830500e-001  7.2811100e-001
  1.4933333e+000  7.3051400e-001  7.2796900e-001  7.2983800e-001  7.2952200e-001  7.2882000e-001  7.2996700e-001  7.2976200e-001
  1.5000000e+000  7.3216300e-001  7.2962600e-001  7.3152500e-001  7.3117300e-001  7.3049500e-001  7.3160300e-001  7.3141800e-001
  1.5066667e+000  7.3380900e-001  7.3128700e-001  7.3318100e-001  7.3281600e-001  7.3214100e-001  7.3328400e-001  7.3307800e-001
  1.5133333e+000  7.3544900e-001  7.3294200e-001  7.3482900e-001  7.3448000e-001  7.3381100e-001  7.3492500e-001  7.3475100e-001
  1.5200000e+000  7.3713600e-001  7.3458500e-001  7.3648600e-001  7.3615100e-001  7.3547700e-001  7.3659600e-001  7.3642400e-001
  1.5266667e+000  7.3882900e-001  7.3626200e-001  7.3819900e-001  7.3782800e-001  7.3715600e-001  7.3828000e-001  7.3811400e-001
  1.5333333e+000  7.4050100e-001  7.3797200e-001  7.3986700e-001  7.3950200e-001  7.3883600e-001  7.3998200e-001  7.3979600e-001
  1.5400000e+000  7.4217100e-001  7.3965000e-001  7.4155700e-001  7.4119700e-001  7.4051300e-001  7.4165700e-001  7.4146100e-001
  1.5466667e+000  7.4383800e-001  7.4131200e-001  7.4322400e-001  7.4285300e-001  7.4218600e-001  7.4333200e-001  7.4312400e-001
  1.5533333e+000  7.4549100e-001  7.4298100e-001  7.4488400e-001  7.4449200e-001  7.4383900e-001  7.4497900e-001  7.4478800e-001
  1.5600000e+000  7.4715500e-001  7.4462200e-001  7.4651100e-001  7.4614400e-001  7.4548400e-001  7.4663900e-001  7.4644100e-001
  1.5666667e+000  7.4882600e-001  7.4629000e-001  7.4818600e-001  7.4781400e-001  7.4714500e-001  7.4829400e-001  7.4808300e-001
  1.5733333e+000  7.5048500e-001  7.4794100e-001  7.4984800e-001  7.4946600e-001  7.4880300e-001  7.4997200e-001  7.4977600e-001
  1.5800000e+000  7.5214500e-001  7.4959900e-001  7.5152000e-001  7.5115200e-001  7.5045500e-001  7.5165500e-001  7.5144600e-001
  1.5866667e+000  7.5381300e-001  7.5126400e-001  7.5319100e-001  7.5281200e-001  7.5214000e-001  7.5333200e-001  7.5308900e-001
  1.5933333e+000  7.5546200e-001  7.5294100e-001  7.5484500e-001  7.5447100e-001  7.5379300e-001  7.5494100e-001  7.5473700e-001
  1.6000000e+000  7.5713900e-001  7.5460500e-001  7.5649700e-001  7.5613200e-001  7.5547600e-001  7.5662800e-001  7.5639900e-001
  1.6066667e+000  7.5882100e-001  7.5625600e-001  7.5817400e-001  7.5782100e-001  7.5716100e-001  7.5831000e-001  7.5810800e-001
  1.6133333e+000  7.6048800e-001  7.5794000e-001  7.5982900e-001  7.5946900e-001  7.5881700e-001  7.5996300e-001  7.5977100e-001
  1.6200000e+000  7.6215100e-001  7.5961300e-001  7.6152400e-001  7.6114100e-001  7.6048400e-001  7.6165800e-001  7.6145500e-001
  1.6266667e+000  7.6383900e-001  7.6128700e-001  7.6318600e-001  7.6280200e-001  7.6214100e-001  7.6331700e-001  7.6313000e-001
  1.6333333e+000  7.6547300e-001  7.6296400e-001  7.6482500e-001  7.6448200e-001  7.6379800e-001  7.6497900e-001  7.6481100e-001
  1.6400000e+000  7.6716600e-001  7.6461400e-001  7.6649600e-001  7.6615000e-001  7.6549400e-001  7.6667600e-001  7.6645300e-001
  1.6466667e+000  7.6881800e-001  7.6627000e-001  7.6821700e-001  7.6782000e-001  7.6717000e-001  7.6832700e-001  7.6814700e-001
  1.6533333e+000  7.7047900e-001  7.6794700e-001  7.6988300e-001  7.6949500e-001  7.6883100e-001  7.6998700e-001  7.6979200e-001
  1.6600000e+000  7.7216300e-001  7.6964200e-001  7.7153200e-001  7.7115500e-001  7.7048900e-001  7.7164100e-001  7.7145300e-001
  1.6666667e+000  7.7384500e-001  7.7130100e-001  7.7317900e-001  7.7280900e-001  7.7215400e-001  7.7331800e-001  7.7314500e-001
  1.6733333e+000  7.7551900e-001  7.7295600e-001  7.7488000e-001  7.7451000e-001  7.7382700e-001  7.7500400e-001  7.7480500e-001
  1.6800000e+000  7.7717000e-001  7.7460700e-001  7.7654800e-001  7.7617800e-001  7.7550300e-001  7.7669600e-001  7.7646600e-001
  1.6866667e+000  7.7883900e-001  7.7631700e-001  7.7824700e-001  7.7786900e-001  7.7717100e-001  7.7838300e-001  7.7815800e-001
  1.6933333e+000  7.8048700e-001  7.7798300e-001  7.7988000e-001  7.7951300e-001  7.7885100e-001  7.8004600e-001  7.7981800e-001
  1.7000000e+000  7.8214700e-001  7.7966500e-001  7.8153800e-001  7.8117900e-001  7.8049900e-001  7.8168800e-001  7.8146400e-001
  1.7066667e+000  7.8380500e-001  7.8129100e-001  7.8318200e-001  7.8282100e-001  7.8215800e-001  7.8335400e-001  7.8312500e-001
  1.7133333e+000  7.8548500e-001  7.8291500e-001  7.8487000e-001  7.8449200e-001  7.8381500e-001  7.8500300e-001  7.8476500e-001
  1.7200000e+000  7.8713700e-001  7.8461100e-001  7.8652100e-001  7.8613800e-001  7.8547200e-001  7.8666100e-001  7.8642900e-001
  1.7266667e+000  7.8881200e-001  7.8628200e-001  7.8818900e-001  7.8782600e-001  7.8714300e-001  7.8833800e-001  7.8809700e-001
  1.7333333e+000  7.9046500e-001  7.8795500e-001  7.8985400e-001  7.8948700e-001  7.8882600e-001  7.9000200e-001  7.8978100e-001
  1.7400000e+000  7.9213700e-001  7.8963800e-001  7.9152000e-001  7.9115300e-001  7.9046400e-001  7.9165300e-001  7.9144000e-001
  1.7466667e+000  7.9379100e-001  7.9129100e-001  7.9317700e-001  7.9282600e-001  7.9214200e-001  7.9332800e-001  7.9312400e-001
  1.7533333e+000  7.9548800e-001  7.9293200e-001  7.9486200e-001  7.9449100e-001  7.9379000e-001  7.9500300e-001  7.9478600e-001
  1.7600000e+000  7.9714700e-001  7.9461300e-001  7.9653800e-001  7.9616400e-001  7.9547000e-001  7.9665600e-001  7.9649200e-001
  1.7666667e+000  7.9879900e-001  7.9629600e-001  7.9822400e-001  7.9783400e-001  7.9716600e-001  7.9833900e-001  7.9812500e-001
  1.7733333e+000  8.0047700e-001  7.9796100e-001  7.9986400e-001  7.9950800e-001  7.9882400e-001  8.0000700e-001  7.9977400e-001
  1.7800000e+000  8.0214700e-001  7.9962100e-001  8.0150300e-001  8.0114900e-001  8.0048500e-001  8.0168300e-001  8.0147000e-001
  1.7866667e+000  8.0382700e-001  8.0126700e-001  8.0318500e-001  8.0281800e-001  8.0215400e-001  8.0332200e-001  8.0313800e-001
  1.7933333e+000  8.0546700e-001  8.0294900e-001  8.0482700e-001  8.0449900e-001  8.0379400e-001  8.0499900e-001  8.0478500e-001
  1.8000000e+000  8.0714300e-001  8.0459800e-001  8.0650900e-001  8.0615300e-001  8.0544900e-001  8.0665300e-001  8.0643700e-001
  1.8066667e+000  8.0879900e-001  8.0626000e-001  8.0814300e-001  8.0781700e-001  8.0711600e-001  8.0828800e-001  8.0808600e-001
  1.8133333e+000  8.1047700e-001  8.0790700e-001  8.0982300e-001  8.0946900e-001  8.0878000e-001  8.0995000e-001  8.0976100e-001
  1.8200000e+000  8.1214400e-001  8.0958400e-001  8.1152100e-001  8.1111700e-001  8.1042800e-001  8.1164400e-001  8.1142800e-001
  1.8266667e+000  8.1381300e-001  8.1126100e-001  8.1318800e-001  8.1279900e-001  8.1210400e-001  8.1329900e-001  8.1309400e-001
  1.8333333e+000  8.1548600e-001  8.1292500e-001  8.1483900e-001  8.1448000e-001  8.1378200e-001  8.1496800e-001  8.1477400e-001
  1.8400000e+000  8.1714000e-001  8.1462800e-001  8.1652400e-001  8.1614200e-001  8.1546900e-001  8.1666300e-001  8.1646400e-001
  1.8466667e+000  8.1878100e-001  8.1629900e-001  8.1817900e-001  8.1779600e-001  8.1714700e-001  8.1831100e-001  8.1811400e-001
  1.8533333e+000  8.2042800e-001  8.1794400e-001  8.1979500e-001  8.1945300e-001  8.1878600e-001  8.1996000e-001  8.1974000e-001
  1.8600000e+000  8.2208600e-001  8.1960100e-001  8.2150400e-001  8.2110400e-001  8.2043700e-001  8.2165300e-001  8.2142600e-001
  1.8666667e+000  8.2380500e-001  8.2124800e-001  8.2317700e-001  8.2278700e-001  8.2210800e-001  8.2332400e-001  8.2309400e-001
  1.8733333e+000  8.2545000e-001  8.2291200e-001  8.2486700e-001  8.2447900e-001  8.2376900e-001  8.2499200e-001  8.2476200e-001
  1.8800000e+000  8.2713000e-001  8.2460200e-001  8.2652800e-001  8.2613900e-001  8.2543500e-001  8.2664700e-001  8.2644400e-001
  1.8866667e+000  8.2879600e-001  8.2627000e-001  8.2820000e-001  8.2780200e-001  8.2711200e-001  8.2833200e-001  8.2810700e-001
  1.8933333e+000  8.3047300e-001  8.2795700e-001  8.2986000e-001  8.2945900e-001  8.2880200e-001  8.2998400e-001  8.2978700e-001
  1.9000000e+000  8.3213600e-001  8.2959800e-001  8.3153100e-001  8.3116400e-001  8.3043400e-001  8.3166400e-001  8.3143000e-001
  1.9066667e+000  8.3381100e-001  8.3126100e-001  8.3319600e-001  8.3282700e-001  8.3213200e-001  8.3335000e-001  8.3310600e-001
  1.9133333e+000  8.3550200e-001  8.3294900e-001  8.3487700e-001  8.3449100e-001  8.3380900e-001  8.3501100e-001  8.3478100e-001
  1.9200000e+000  8.3717300e-001  8.3462900e-001  8.3653000e-001  8.3615300e-001  8.3547600e-001  8.3668300e-001  8.3648100e-001
  1.9266667e+000  8.3882500e-001  8.3628900e-001  8.3816800e-001  8.3781800e-001  8.3712200e-001  8.3835800e-001  8.3811400e-001
  1.9333333e+000  8.4045400e-001  8.3796100e-001  8.3984200e-001  8.3947400e-001  8.3879400e-001  8.3999600e-001  8.3976900e-001
  1.9400000e+000  8.4213200e-001  8.3962100e-001  8.4151300e-001  8.4113600e-001  8.4044100e-001  8.4165900e-001  8.4143600e-001
  1.9466667e+000  8.4379900e-001  8.4126600e-001  8.4317800e-001  8.4282500e-001  8.4211500e-001  8.4334600e-001  8.4312300e-001
  1.9533333e+000  8.4548400e-001  8.4295200e-001  8.4485500e-001  8.4447700e-001  8.4377700e-001  8.4498400e-001  8.4481700e-001
  1.9600000e+000  8.4713700e-001  8.4459200e-001  8.4651100e-001  8.4614400e-001  8.4542700e-001  8.4665700e-001  8.4648900e-001
  1.9666667e+000  8.4878700e-001  8.4629900e-001  8.4818400e-001  8.4779700e-001  8.4708600e-001  8.4832600e-001  8.4817700e-001
  1.9733333e+000  8.5046500e-001  8.4795800e-001  8.4981700e-001  8.4946700e-001  8.4877400e-001  8.4999000e-001  8.4983700e-001
  1.9800000e+000  8.5211200e-001  8.4962900e-001  8.5149600e-001  8.5113000e-001  8.5045600e-001  8.5167900e-001  8.5147900e-001
  1.9866667e+000  8.5379300e-001  8.5126500e-001  8.5318000e-001  8.5278700e-001  8.5208700e-001  8.5332700e-001  8.5313500e-001
  1.9933333e+000  8.5544200e-001  8.5293200e-001  8.5481300e-001  8.5445200e-001  8.5376100e-001  8.5496400e-001  8.5478100e-001
  2.0000000e+000  8.5710800e-001  8.5458300e-001  8.5646600e-001  8.5611000e-001  8.5543400e-001  8.5662500e-001  8.5643700e-001
