 -5.0000000e-001 -1.0699575e+001 -1.1342050e+001 -1.0285947e+001 -1.1411727e+001 -3.5698650e+000 -1.1571078e+001 -5.0680380e+000 -1.1344792e+001
 -4.9333333e-001 -1.0683344e+001 -1.1340054e+001 -1.0290463e+001 -1.1392497e+001 -3.5775180e+000 -1.1568928e+001 -5.0717950e+000 -1.1337949e+001
 -4.8666667e-001 -1.0691318e+001 -1.1344699e+001 -1.0283099e+001 -1.1432638e+001 -3.5823930e+000 -1.1572672e+001 -5.0743150e+000 -1.1340693e+001
 -4.8000000e-001 -1.0686520e+001 -1.1337053e+001 -1.0297041e+001 -1.1417123e+001 -3.5693290e+000 -1.1575756e+001 -5.0738250e+000 -1.1339480e+001
 -4.7333333e-001 -1.0691917e+001 -1.1331226e+001 -1.0281382e+001 -1.1405704e+001 -3.5694390e+000 -1.1569004e+001 -5.0633500e+000 -1.1348901e+001
 -4.6666667e-001 -1.0681692e+001 -1.1331125e+001 -1.0294572e+001 -1.1429641e+001 -3.5913280e+000 -1.1569623e+001 -5.0703470e+000 -1.1361578e+001
 -4.6000000e-001 -1.0688640e+001 -1.1333367e+001 -1.0296114e+001 -1.1434073e+001 -3.5839680e+000 -1.1578362e+001 -5.0766850e+000 -1.1345862e+001
 -4.5333333e-001 -1.0696584e+001 -1.1350401e+001 -1.0287446e+001 -1.1428717e+001 -3.5649230e+000 -1.1562608e+001 -5.0588300e+000 -1.1340126e+001
 -4.4666667e-001 -1.0693542e+001 -1.1350977e+001 -1.0291267e+001 -1.1430649e+001 -3.5741590e+000 -1.1582001e+001 -5.0548320e+000 -1.1340472e+001
 -4.4000000e-001 -1.0697453e+001 -1.1339143e+001 -1.0301213e+001 -1.1423727e+001 -3.5749280e+000 -1.1578547e+001 -5.0644250e+000 -1.1343855e+001
 -4.3333333e-001 -1.0708618e+001 -1.1347139e+001 -1.0289096e+001 -1.1432146e+001 -3.5871510e+000 -1.1586658e+001 -5.0587080e+000 -1.1337052e+001
 -4.2666667e-001 -1.0694434e+001 -1.1339586e+001 -1.0294146e+001 -1.1445720e+001 -3.5825410e+000 -1.1575410e+001 -5.0591400e+000 -1.1353738e+001
 -4.2000000e-001 -1.0694295e+001 -1.1349711e+001 -1.0309129e+001 -1.1422872e+001 -3.5770740e+000 -1.1575863e+001 -5.0514440e+000 -1.1352117e+001
 -4.1333333e-001 -1.0702193e+001 -1.1348000e+001 -1.0300527e+001 -1.1423519e+001 -3.5744730e+000 -1.1584177e+001 -5.0518470e+000 -1.1355099e+001
 -4.0666667e-001 -1.0712480e+001 -1.1370471e+001 -1.0309091e+001 -1.1433990e+001 -3.5679150e+000 -1.1584359e+001 -5.0513280e+000 -1.1342270e+001
 -4.0000000e-001 -1.0701293e+001 -1.1354206e+001 -1.0316133e+001 -1.1427688e+001 -3.5935630e+000 -1.1573684e+001 -5.0385650e+000 -1.1345671e+001
 -3.9333333e-001 -1.0723354e+001 -1.1365731e+001 -1.0319014e+001 -1.1418856e+001 -3.5950770e+000 -1.1574002e+001 -5.0308900e+000 -1.1338571e+001
 -3.8666667e-001 -1.0725926e+001 -1.1357983e+001 -1.0317360e+001 -1.1420639e+001 -3.6089790e+000 -1.1568580e+001 -5.0249980e+000 -1.1346975e+001
 -3.8000000e-001 -1.0724440e+001 -1.1367661e+001 -1.0302636e+001 -1.1429520e+001 -3.6205590e+000 -1.1578702e+001 -5.0150480e+000 -1.1339704e+001
 -3.7333333e-001 -1.0728610e+001 -1.1362013e+001 -1.0321509e+001 -1.1427586e+001 -3.6026680e+000 -1.1565078e+001 -5.0098890e+000 -1.1345848e+001
 -3.6666667e-001 -1.0727313e+001 -1.1369636e+001 -1.0307625e+001 -1.1428985e+001 -3.6045500e+000 -1.1579032e+001 -5.0256260e+000 -1.1352299e+001
 -3.6000000e-001 -1.0733726e+001 -1.1364330e+001 -1.0323301e+001 -1.1417860e+001 -3.6092750e+000 -1.1585121e+001 -5.0177980e+000 -1.1345805e+001
 -3.5333333e-001 -1.0722378e+001 -1.1375132e+001 -1.0321690e+001 -1.1422429e+001 -3.6084300e+000 -1.1572061e+001 -5.0147710e+000 -1.1354357e+001
 -3.4666667e-001 -1.0740631e+001 -1.1367471e+001 -1.0308850e+001 -1.1427023e+001 -3.6209770e+000 -1.1571848e+001 -5.0181920e+000 -1.1346601e+001
 -3.4000000e-001 -1.0729524e+001 -1.1365624e+001 -1.0308660e+001 -1.1420197e+001 -3.6177850e+000 -1.1564456e+001 -5.0242570e+000 -1.1334275e+001
 -3.3333333e-001 -1.0743312e+001 -1.1365610e+001 -1.0322160e+001 -1.1424559e+001 -3.6189780e+000 -1.1563689e+001 -5.0207470e+000 -1.1345301e+001
 -3.2666667e-001 -1.0735063e+001 -1.1350818e+001 -1.0311735e+001 -1.1429662e+001 -3.6243820e+000 -1.1553893e+001 -5.0333060e+000 -1.1336733e+001
 -3.2000000e-001 -1.0727160e+001 -1.1358896e+001 -1.0316305e+001 -1.1421021e+001 -3.6183760e+000 -1.1561324e+001 -5.0284280e+000 -1.1336545e+001
 -3.1333333e-001 -1.0722102e+001 -1.1349385e+001 -1.0322266e+001 -1.1418544e+001 -3.6101130e+000 -1.1567984e+001 -5.0135080e+000 -1.1343657e+001
 -3.0666667e-001 -1.0722489e+001 -1.1347475e+001 -1.0328020e+001 -1.1419079e+001 -3.6040120e+000 -1.1577231e+001 -5.0177680e+000 -1.1336198e+001
 -3.0000000e-001 -1.0725128e+001 -1.1347503e+001 -1.0321927e+001 -1.1419991e+001 -3.6096790e+000 -1.1583296e+001 -5.0207830e+000 -1.1340460e+001
 -2.9333333e-001 -1.0729027e+001 -1.1346444e+001 -1.0306904e+001 -1.1415384e+001 -3.5917370e+000 -1.1579797e+001 -5.0239070e+000 -1.1332026e+001
 -2.8666667e-001 -1.0735743e+001 -1.1327709e+001 -1.0319004e+001 -1.1415698e+001 -3.5865320e+000 -1.1592168e+001 -5.0239550e+000 -1.1342722e+001
 -2.8000000e-001 -1.0726108e+001 -1.1346687e+001 -1.0325653e+001 -1.1428780e+001 -3.5919220e+000 -1.1565231e+001 -5.0194550e+000 -1.1329435e+001
 -2.7333333e-001 -1.0718539e+001 -1.1338756e+001 -1.0329050e+001 -1.1431230e+001 -3.5780090e+000 -1.1580368e+001 -5.0059250e+000 -1.1346251e+001
 -2.6666667e-001 -1.0732249e+001 -1.1339791e+001 -1.0328333e+001 -1.1432745e+001 -3.5697610e+000 -1.1579338e+001 -5.0146720e+000 -1.1340027e+001
 -2.6000000e-001 -1.0737477e+001 -1.1345828e+001 -1.0321952e+001 -1.1422488e+001 -3.5734940e+000 -1.1582017e+001 -5.0257100e+000 -1.1331509e+001
 -2.5333333e-001 -1.0746447e+001 -1.1350386e+001 -1.0314725e+001 -1.1425678e+001 -3.5762730e+000 -1.1591527e+001 -5.0128670e+000 -1.1345201e+001
 -2.4666667e-001 -1.0758414e+001 -1.1348419e+001 -1.0315784e+001 -1.1431291e+001 -3.5793840e+000 -1.1587485e+001 -5.0129380e+000 -1.1339385e+001
 -2.4000000e-001 -1.0746638e+001 -1.1344108e+001 -1.0327296e+001 -1.1428388e+001 -3.5719180e+000 -1.1580054e+001 -4.9968180e+000 -1.1351575e+001
 -2.3333333e-001 -1.0737859e+001 -1.1344038e+001 -1.0325975e+001 -1.1424767e+001 -3.5745520e+000 -1.1589132e+001 -5.0211150e+000 -1.1343764e+001
 -2.2666667e-001 -1.0744456e+001 -1.1329188e+001 -1.0307830e+001 -1.1413413e+001 -3.5723930e+000 -1.1566959e+001 -5.0047670e+000 -1.1344652e+001
 -2.2000000e-001 -1.0767369e+001 -1.1325382e+001 -1.0331249e+001 -1.1416790e+001 -3.5702610e+000 -1.1563571e+001 -5.0052410e+000 -1.1336227e+001
 -2.1333333e-001 -1.0770356e+001 -1.1321270e+001 -1.0325636e+001 -1.1414167e+001 -3.5664450e+000 -1.1569037e+001 -5.0157220e+000 -1.1343187e+001
 -2.0666667e-001 -1.0752385e+001 -1.1330894e+001 -1.0343980e+001 -1.1423242e+001 -3.5730550e+000 -1.1572889e+001 -5.0008500e+000 -1.1348224e+001
 -2.0000000e-001 -1.0761614e+001 -1.1325592e+001 -1.0329012e+001 -1.1441300e+001 -3.5700980e+000 -1.1560722e+001 -5.0110450e+000 -1.1356155e+001
 -1.9333333e-001 -1.0773338e+001 -1.1319370e+001 -1.0326195e+001 -1.1416976e+001 -3.5704750e+000 -1.1582458e+001 -5.0107710e+000 -1.1335123e+001
 -1.8666667e-001 -1.0763812e+001 -1.1328347e+001 -1.0324917e+001 -1.1430033e+001 -3.5721610e+000 -1.1579475e+001 -5.0153220e+000 -1.1345473e+001
 -1.8000000e-001 -1.0784976e+001 -1.1307412e+001 -1.0330995e+001 -1.1427705e+001 -3.5736260e+000 -1.1579597e+001 -5.0274210e+000 -1.1346127e+001
 -1.7333333e-001 -1.0777384e+001 -1.1304555e+001 -1.0324119e+001 -1.1428436e+001 -3.5655840e+000 -1.1569687e+001 -5.0061360e+000 -1.1349263e+001
 -1.6666667e-001 -1.0790112e+001 -1.1305900e+001 -1.0314311e+001 -1.1428978e+001 -3.5647280e+000 -1.1575959e+001 -5.0348220e+000 -1.1335758e+001
 -1.6000000e-001 -1.0788815e+001 -1.1315964e+001 -1.0319767e+001 -1.1431993e+001 -3.5604340e+000 -1.1575676e+001 -5.0266550e+000 -1.1357634e+001
 -1.5333333e-001 -1.0801180e+001 -1.1304746e+001 -1.0304914e+001 -1.1422346e+001 -3.5678850e+000 -1.1583144e+001 -5.0268540e+000 -1.1345136e+001
 -1.4666667e-001 -1.0790000e+001 -1.1305741e+001 -1.0304962e+001 -1.1419150e+001 -3.5649130e+000 -1.1571743e+001 -5.0406990e+000 -1.1332048e+001
 -1.4000000e-001 -1.0797332e+001 -1.1308597e+001 -1.0304008e+001 -1.1433330e+001 -3.5699280e+000 -1.1574291e+001 -5.0318650e+000 -1.1346356e+001
 -1.3333333e-001 -1.0781469e+001 -1.1312938e+001 -1.0328020e+001 -1.1423490e+001 -3.5637270e+000 -1.1569170e+001 -5.0383430e+000 -1.1344536e+001
 -1.2666667e-001 -1.0792127e+001 -1.1305252e+001 -1.0307327e+001 -1.1438011e+001 -3.5724370e+000 -1.1582508e+001 -5.0469920e+000 -1.1347846e+001
 -1.2000000e-001 -1.0793888e+001 -1.1284729e+001 -1.0318354e+001 -1.1432181e+001 -3.5767630e+000 -1.1564779e+001 -5.0548090e+000 -1.1360454e+001
 -1.1333333e-001 -1.0808221e+001 -1.1291882e+001 -1.0310532e+001 -1.1422889e+001 -3.5662510e+000 -1.1566262e+001 -5.0595620e+000 -1.1357005e+001
 -1.0666667e-001 -1.0800100e+001 -1.1291260e+001 -1.0323363e+001 -1.1425025e+001 -3.5656020e+000 -1.1593149e+001 -5.0754230e+000 -1.1335512e+001
 -1.0000000e-001 -1.0814198e+001 -1.1290574e+001 -1.0320043e+001 -1.1425000e+001 -3.5763160e+000 -1.1592634e+001 -5.0620800e+000 -1.1332013e+001
 -9.3333333e-002 -1.0797132e+001 -1.1270166e+001 -1.0329862e+001 -1.1429960e+001 -3.5781570e+000 -1.1593244e+001 -5.0711450e+000 -1.1339416e+001
 -8.6666667e-002 -1.0795550e+001 -1.1268209e+001 -1.0321099e+001 -1.1430012e+001 -3.5659020e+000 -1.1595725e+001 -5.0566510e+000 -1.1340411e+001
 -8.0000000e-002 -1.0808937e+001 -1.1268585e+001 -1.0300365e+001 -1.1426449e+001 -3.5626540e+000 -1.1589482e+001 -5.0579670e+000 -1.1340037e+001
 -7.3333333e-002 -1.0817205e+001 -1.1270921e+001 -1.0310732e+001 -1.1424972e+001 -3.5652410e+000 -1.1591873e+001 -5.0780220e+000 -1.1339315e+001
 -6.6666667e-002 -1.0794691e+001 -1.1274989e+001 -1.0309682e+001 -1.1430473e+001 -3.5534480e+000 -1.1582183e+001 -5.0506240e+000 -1.1337922e+001
 -6.0000000e-002 -1.0810413e+001 -1.1264098e+001 -1.0319462e+001 -1.1423047e+001 -3.5608220e+000 -1.1587707e+001 -5.0561210e+000 -1.1348460e+001
 -5.3333333e-002 -1.0803294e+001 -1.1269013e+001 -1.0328722e+001 -1.1413160e+001 -3.5537210e+000 -1.1598545e+001 -5.0579740e+000 -1.1348090e+001
 -4.6666667e-002 -1.0812352e+001 -1.1275666e+001 -1.0320342e+001 -1.1424865e+001 -3.5521330e+000 -1.1594252e+001 -5.0565970e+000 -1.1350138e+001
 -4.0000000e-002 -1.0802207e+001 -1.1261373e+001 -1.0291355e+001 -1.1427956e+001 -3.5407750e+000 -1.1596772e+001 -5.0695460e+000 -1.1343512e+001
 -3.3333333e-002 -1.0816270e+001 -1.1273459e+001 -1.0310496e+001 -1.1438807e+001 -3.5454920e+000 -1.1596192e+001 -5.0626740e+000 -1.1326322e+001
 -2.6666667e-002 -1.0814081e+001 -1.1266292e+001 -1.0304313e+001 -1.1432261e+001 -3.5494310e+000 -1.1594897e+001 -5.0704970e+000 -1.1329995e+001
 -2.0000000e-002 -1.0806160e+001 -1.1280140e+001 -1.0305199e+001 -1.1433135e+001 -3.5561550e+000 -1.1598780e+001 -5.0770010e+000 -1.1335878e+001
 -1.3333333e-002 -1.0817610e+001 -1.1261703e+001 -1.0309864e+001 -1.1426881e+001 -3.5620960e+000 -1.1608530e+001 -5.0860220e+000 -1.1345850e+001
 -6.6666667e-003 -1.0849172e+001 -1.1270297e+001 -1.0343060e+001 -1.1433152e+001 -3.5792180e+000 -1.1598413e+001 -5.0978340e+000 -1.1364733e+001
  0.0000000e+000 -1.0852352e+001 -1.1273167e+001 -1.0352293e+001 -1.1452471e+001 -3.5928500e+000 -1.1634877e+001 -5.1118830e+000 -1.1369434e+001
  6.6666667e-003 -1.0869321e+001 -1.1295693e+001 -1.0372880e+001 -1.1463264e+001 -3.6168230e+000 -1.1648026e+001 -5.1469930e+000 -1.1395501e+001
  1.3333333e-002 -1.0898208e+001 -1.1333652e+001 -1.0388133e+001 -1.1507131e+001 -3.6477630e+000 -1.1672613e+001 -5.1762640e+000 -1.1414218e+001
  2.0000000e-002 -1.0934086e+001 -1.1344612e+001 -1.0409311e+001 -1.1516273e+001 -3.7011090e+000 -1.1691316e+001 -5.2307780e+000 -1.1441319e+001
  2.6666667e-002 -1.0960718e+001 -1.1350481e+001 -1.0393265e+001 -1.1536582e+001 -3.7470930e+000 -1.1680843e+001 -5.2771330e+000 -1.1450974e+001
  3.3333333e-002 -1.0972073e+001 -1.1350606e+001 -1.0396432e+001 -1.1544799e+001 -3.7880870e+000 -1.1684298e+001 -5.3250490e+000 -1.1459652e+001
  4.0000000e-002 -1.0965589e+001 -1.1343539e+001 -1.0376020e+001 -1.1546968e+001 -3.8069140e+000 -1.1674469e+001 -5.3413130e+000 -1.1455668e+001
  4.6666667e-002 -1.0960238e+001 -1.1325438e+001 -1.0334882e+001 -1.1544419e+001 -3.8344720e+000 -1.1640537e+001 -5.3885890e+000 -1.1446280e+001
  5.3333333e-002 -1.0926870e+001 -1.1281392e+001 -1.0308327e+001 -1.1521924e+001 -3.8604630e+000 -1.1617388e+001 -5.3909540e+000 -1.1405467e+001
  6.0000000e-002 -1.0899576e+001 -1.1249355e+001 -1.0310726e+001 -1.1500743e+001 -3.8798780e+000 -1.1604091e+001 -5.4141940e+000 -1.1394187e+001
  6.6666667e-002 -1.0888567e+001 -1.1241000e+001 -1.0288480e+001 -1.1485071e+001 -3.8743350e+000 -1.1590980e+001 -5.3986500e+000 -1.1402520e+001
  7.3333333e-002 -1.0875273e+001 -1.1236063e+001 -1.0291410e+001 -1.1500726e+001 -3.8819010e+000 -1.1609445e+001 -5.4167940e+000 -1.1407486e+001
  8.0000000e-002 -1.0882005e+001 -1.1238860e+001 -1.0301383e+001 -1.1487673e+001 -3.8847790e+000 -1.1619858e+001 -5.4224970e+000 -1.1421443e+001
  8.6666667e-002 -1.0905057e+001 -1.1241970e+001 -1.0318757e+001 -1.1510247e+001 -3.9414190e+000 -1.1632480e+001 -5.4572600e+000 -1.1427436e+001
  9.3333333e-002 -1.0901903e+001 -1.1270602e+001 -1.0326286e+001 -1.1542506e+001 -3.9823010e+000 -1.1653840e+001 -5.4930970e+000 -1.1448761e+001
  1.0000000e-001 -1.0914288e+001 -1.1263532e+001 -1.0316565e+001 -1.1543440e+001 -4.0482050e+000 -1.1656331e+001 -5.5439500e+000 -1.1457096e+001
  1.0666667e-001 -1.0921326e+001 -1.1264771e+001 -1.0303455e+001 -1.1551661e+001 -4.1014880e+000 -1.1638933e+001 -5.5724240e+000 -1.1460550e+001
  1.1333333e-001 -1.0921347e+001 -1.1227163e+001 -1.0277229e+001 -1.1540678e+001 -4.1238470e+000 -1.1600025e+001 -5.5922120e+000 -1.1424813e+001
  1.2000000e-001 -1.0912378e+001 -1.1191085e+001 -1.0261471e+001 -1.1536933e+001 -4.1677800e+000 -1.1587048e+001 -5.5902550e+000 -1.1397240e+001
  1.2666667e-001 -1.0885270e+001 -1.1146108e+001 -1.0241845e+001 -1.1521829e+001 -4.1707140e+000 -1.1568173e+001 -5.5720180e+000 -1.1397880e+001
  1.3333333e-001 -1.0854383e+001 -1.1125069e+001 -1.0198879e+001 -1.1508186e+001 -4.1894260e+000 -1.1553532e+001 -5.5548630e+000 -1.1383156e+001
  1.4000000e-001 -1.0760310e+001 -1.1086507e+001 -1.0131471e+001 -1.1544333e+001 -4.1958670e+000 -1.1533964e+001 -5.4974100e+000 -1.1373614e+001
  1.4666667e-001 -1.0677425e+001 -1.1020058e+001 -1.0034343e+001 -1.1548359e+001 -4.1884160e+000 -1.1509910e+001 -5.4211200e+000 -1.1327298e+001
  1.5333333e-001 -1.0544156e+001 -1.0941061e+001 -9.9080900e+000 -1.1545948e+001 -4.1507950e+000 -1.1468605e+001 -5.3093060e+000 -1.1263850e+001
  1.6000000e-001 -1.0375736e+001 -1.0859078e+001 -9.7664790e+000 -1.1464296e+001 -4.0736070e+000 -1.1396510e+001 -5.1775700e+000 -1.1186128e+001
  1.6666667e-001 -1.0193618e+001 -1.0724225e+001 -9.6003240e+000 -1.1340747e+001 -3.9474340e+000 -1.1304408e+001 -4.9722190e+000 -1.1053007e+001
  1.7333333e-001 -9.9780700e+000 -1.0577903e+001 -9.3686460e+000 -1.1153188e+001 -3.7917190e+000 -1.1161635e+001 -4.6984070e+000 -1.0886105e+001
  1.8000000e-001 -9.7233760e+000 -1.0416457e+001 -9.0980760e+000 -1.0909251e+001 -3.5488380e+000 -1.0993352e+001 -4.3772100e+000 -1.0681132e+001
  1.8666667e-001 -9.4136000e+000 -1.0233009e+001 -8.7746020e+000 -1.0656896e+001 -3.2140550e+000 -1.0825750e+001 -3.9592260e+000 -1.0449833e+001
  1.9333333e-001 -9.0311840e+000 -9.9879140e+000 -8.4084390e+000 -1.0376980e+001 -2.7909730e+000 -1.0608170e+001 -3.4202920e+000 -1.0158781e+001
  2.0000000e-001 -8.5856990e+000 -9.7427790e+000 -7.9960010e+000 -1.0061374e+001 -2.2864620e+000 -1.0375998e+001 -2.7910610e+000 -9.8392440e+000
  2.0666667e-001 -8.0669950e+000 -9.4313810e+000 -7.5353230e+000 -9.7123640e+000 -1.6799670e+000 -1.0076281e+001 -1.9458580e+000 -9.4319820e+000
  2.1333333e-001 -7.4112280e+000 -9.0915490e+000 -7.0559890e+000 -9.3414570e+000 -9.8270600e-001 -9.7114810e+000 -9.8253600e-001 -8.9789780e+000
  2.2000000e-001 -6.6248870e+000 -8.6758260e+000 -6.5344910e+000 -8.9126300e+000 -2.2933700e-001 -9.2801780e+000  6.9285000e-002 -8.4708710e+000
  2.2666667e-001 -5.7721270e+000 -8.2534500e+000 -5.9346930e+000 -8.4290160e+000  5.7077300e-001 -8.7302110e+000  1.1587400e+000 -7.8386510e+000
  2.3333333e-001 -4.8431550e+000 -7.7946320e+000 -5.2795710e+000 -7.8251110e+000  1.3475430e+000 -8.0577830e+000  2.2505020e+000 -7.1308260e+000
  2.4000000e-001 -3.8678690e+000 -7.2764420e+000 -4.5882860e+000 -7.1670170e+000  2.1116550e+000 -7.2660320e+000  3.3747530e+000 -6.3670250e+000
  2.4666667e-001 -2.8572590e+000 -6.7251730e+000 -3.8792260e+000 -6.4477810e+000  2.7908510e+000 -6.2964760e+000  4.4632660e+000 -5.5399520e+000
  2.5333333e-001 -1.8262440e+000 -6.1517100e+000 -3.1507070e+000 -5.7370790e+000  3.4727070e+000 -5.1196470e+000  5.5405650e+000 -4.6878430e+000
  2.6000000e-001 -7.6513200e-001 -5.5428750e+000 -2.4569950e+000 -5.0658760e+000  4.1580310e+000 -3.5520140e+000  6.6788900e+000 -3.8071600e+000
  2.6666667e-001  2.6039700e-001 -4.8895700e+000 -1.7739140e+000 -4.3679120e+000  4.7898140e+000 -1.5832070e+000  7.8853520e+000 -2.8548670e+000
  2.7333333e-001  1.2056500e+000 -4.2408260e+000 -1.0917870e+000 -3.7104280e+000  5.3959110e+000  6.2963200e-001  9.1729970e+000 -1.9415210e+000
  2.8000000e-001  2.0956730e+000 -3.5878210e+000 -4.0141300e-001 -3.0367210e+000  5.8511490e+000  2.9144200e+000  1.0342212e+001 -1.0553280e+000
  2.8666667e-001  2.8597340e+000 -2.9381700e+000  2.9459800e-001 -2.4641220e+000  6.1927610e+000  5.0747100e+000  1.1306817e+001 -2.5774100e-001
  2.9333333e-001  3.4745360e+000 -2.3158230e+000  9.0284800e-001 -1.9319220e+000  6.4359160e+000  7.1416200e+000  1.2132439e+001  4.4903600e-001
  3.0000000e-001  3.9573800e+000 -1.7695230e+000  1.4602530e+000 -1.4373700e+000  6.5477420e+000  9.1160790e+000  1.2931777e+001  9.9798200e-001
  3.0666667e-001  4.3048270e+000 -1.2848680e+000  1.9483260e+000 -9.9787800e-001  6.5696850e+000  1.1075021e+001  1.3813297e+001  1.4355600e+000
  3.1333333e-001  4.5419530e+000 -8.6390100e-001  2.3505020e+000 -6.4184700e-001  6.5548840e+000  1.3175456e+001  1.4756050e+001  1.7711140e+000
  3.2000000e-001  4.7529670e+000 -4.8492300e-001  2.6700740e+000 -3.6355400e-001  6.5054790e+000  1.5627032e+001  1.5708508e+001  2.0268120e+000
  3.2666667e-001  4.8907390e+000 -2.0737300e-001  2.9105980e+000 -1.1510200e-001  6.4457490e+000  1.8277100e+001  1.6782457e+001  2.2079410e+000
  3.3333333e-001  4.9774260e+000  4.9805000e-002  3.0775410e+000  9.6287000e-002  6.3930640e+000  2.0911301e+001  1.8002148e+001  2.3344210e+000
  3.4000000e-001  4.9854960e+000  2.4824400e-001  3.2152480e+000  3.4971300e-001  6.3460720e+000  2.3415922e+001  1.9199553e+001  2.4350460e+000
  3.4666667e-001  4.9426540e+000  3.6970800e-001  3.3138200e+000  6.6659700e-001  6.2484590e+000  2.5639206e+001  2.0248997e+001  2.4594960e+000
  3.5333333e-001  4.8891470e+000  4.4883600e-001  3.4131040e+000  1.0217060e+000  6.1433060e+000  2.7378843e+001  2.0993301e+001  2.4680430e+000
  3.6000000e-001  4.8283180e+000  4.5282500e-001  3.4804930e+000  1.3809020e+000  6.0400140e+000  2.8380123e+001  2.1363489e+001  2.4168270e+000
  3.6666667e-001  4.8106230e+000  4.0432600e-001  3.5457220e+000  1.7307610e+000  5.8934120e+000  2.8549801e+001  2.1349091e+001  2.3736900e+000
  3.7333333e-001  4.8141520e+000  3.4715000e-001  3.6215200e+000  2.0786170e+000  5.7272210e+000  2.7811266e+001  2.1017799e+001  2.3758700e+000
  3.8000000e-001  4.8356280e+000  2.6654800e-001  3.7487740e+000  2.4385240e+000  5.5472560e+000  2.6399893e+001  2.0409262e+001  2.3627040e+000
  3.8666667e-001  4.8379070e+000  1.8830200e-001  3.9449910e+000  2.8314620e+000  5.3721900e+000  2.4569445e+001  1.9481546e+001  2.3630890e+000
  3.9333333e-001  4.8683650e+000  1.0323600e-001  4.1481760e+000  3.2772610e+000  5.1825800e+000  2.2514141e+001  1.8434429e+001  2.3822280e+000
  4.0000000e-001  4.8994350e+000  4.5850000e-003  4.4134860e+000  3.8116510e+000  5.0144780e+000  2.0387861e+001  1.7258493e+001  2.3845450e+000
  4.0666667e-001  4.8792320e+000 -1.0779600e-001  4.6879720e+000  4.3836030e+000  4.8560600e+000  1.8255474e+001  1.6164892e+001  2.4052020e+000
  4.1333333e-001  4.8446770e+000 -2.0960400e-001  4.9679950e+000  5.0285420e+000  4.7567560e+000  1.6266838e+001  1.5483709e+001  2.4054650e+000
  4.2000000e-001  4.7862790e+000 -3.0172400e-001  5.2863500e+000  5.7441760e+000  4.6719160e+000  1.4861658e+001  1.4943599e+001  2.4408310e+000
  4.2666667e-001  4.7371270e+000 -3.3347500e-001  5.6370450e+000  6.5665890e+000  4.6316560e+000  1.5214178e+001  1.4779813e+001  2.4776740e+000
  4.3333333e-001  4.6889850e+000 -3.2317800e-001  6.0272510e+000  7.4917700e+000  4.6290580e+000  1.6188122e+001  1.5273147e+001  2.5586660e+000
  4.4000000e-001  4.6542230e+000 -3.0462600e-001  6.4364240e+000  8.5151070e+000  4.6129780e+000  1.7138166e+001  1.5686230e+001  2.6660140e+000
  4.4666667e-001  4.6103060e+000 -2.1926900e-001  6.8965380e+000  9.6318280e+000  4.6654820e+000  1.7101435e+001  1.5721949e+001  2.7838170e+000
  4.5333333e-001  4.5882220e+000 -1.0529700e-001  7.4098420e+000  1.0893192e+001  4.7742310e+000  1.6303238e+001  1.5602519e+001  2.9353970e+000
  4.6000000e-001  4.5849840e+000  7.1606000e-002  7.9837940e+000  1.2280130e+001  4.9666710e+000  1.5594233e+001  1.5597892e+001  3.1372180e+000
  4.6666667e-001  4.5867380e+000  2.5748900e-001  8.5839630e+000  1.3808647e+001  5.1615730e+000  1.5150805e+001  1.5366901e+001  3.3643170e+000
  4.7333333e-001  4.6130400e+000  5.0835000e-001  9.1846350e+000  1.5466558e+001  5.4041400e+000  1.4948924e+001  1.5363785e+001  3.6664420e+000
  4.8000000e-001  4.6826970e+000  7.7991400e-001  9.7955190e+000  1.7292675e+001  5.6349710e+000  1.4888761e+001  1.5304783e+001  3.9365390e+000
  4.8666667e-001  4.7481720e+000  1.0933170e+000  1.0408793e+001  1.9073803e+001  5.8998610e+000  1.4594366e+001  1.5337811e+001  4.2881700e+000
  4.9333333e-001  4.8392010e+000  1.3557610e+000  1.0952868e+001  2.0702862e+001  6.1120930e+000  1.4059307e+001  1.5136775e+001  4.6097980e+000
  5.0000000e-001  4.9468560e+000  1.6348790e+000  1.1460341e+001  2.2072443e+001  6.3324970e+000  1.3354363e+001  1.4922754e+001  4.9525260e+000
  5.0666667e-001  5.0426570e+000  1.8800060e+000  1.1922523e+001  2.3064892e+001  6.5074990e+000  1.2577801e+001  1.4681948e+001  5.2819580e+000
  5.1333333e-001  5.1589410e+000  2.1602930e+000  1.2302336e+001  2.3860397e+001  6.6571930e+000  1.1777796e+001  1.4449173e+001  5.6465060e+000
  5.2000000e-001  5.2546620e+000  2.3658380e+000  1.2583750e+001  2.4483303e+001  6.8080460e+000  1.1088542e+001  1.4363519e+001  5.9889120e+000
  5.2666667e-001  5.3790400e+000  2.5783860e+000  1.2823005e+001  2.4726561e+001  6.9404930e+000  1.0483615e+001  1.4408794e+001  6.2830710e+000
  5.3333333e-001  5.4753020e+000  2.7557270e+000  1.3035032e+001  2.4677700e+001  7.0288780e+000  1.0075035e+001  1.4590148e+001  6.5673430e+000
  5.4000000e-001  5.5718450e+000  2.8973800e+000  1.3224917e+001  2.4383463e+001  7.1144230e+000  9.6985560e+000  1.4818656e+001  6.8395360e+000
  5.4666667e-001  5.6812270e+000  3.0039550e+000  1.3349446e+001  2.4066923e+001  7.1771030e+000  9.2681460e+000  1.5057398e+001  7.1309600e+000
  5.5333333e-001  5.7829650e+000  3.0958280e+000  1.3477200e+001  2.3671297e+001  7.2419990e+000  8.7857360e+000  1.5194110e+001  7.3540390e+000
  5.6000000e-001  5.8925100e+000  3.2001710e+000  1.3569256e+001  2.3015583e+001  7.3145610e+000  8.2953350e+000  1.5339812e+001  7.5145610e+000
  5.6666667e-001  5.9927610e+000  3.3011860e+000  1.3649250e+001  2.2621380e+001  7.3703630e+000  7.8226480e+000  1.5419809e+001  7.7063910e+000
  5.7333333e-001  6.0821520e+000  3.3855370e+000  1.3728244e+001  2.2433739e+001  7.4137930e+000  7.3930140e+000  1.5489835e+001  7.8504730e+000
  5.8000000e-001  6.1521330e+000  3.4784830e+000  1.3795168e+001  2.2043411e+001  7.4554390e+000  7.0205450e+000  1.5548594e+001  7.9669050e+000
  5.8666667e-001  6.1623540e+000  3.6188780e+000  1.3822762e+001  2.1780384e+001  7.5128420e+000  6.6552410e+000  1.5615618e+001  8.0403670e+000
  5.9333333e-001  6.1881790e+000  3.7336940e+000  1.3868339e+001  2.1519438e+001  7.5664790e+000  6.3304560e+000  1.5674919e+001  8.1413660e+000
  6.0000000e-001  6.1886430e+000  3.9127040e+000  1.3902897e+001  2.1298712e+001  7.6144030e+000  6.0361890e+000  1.5725891e+001  8.1961160e+000
  6.0666667e-001  6.1993510e+000  4.0651450e+000  1.4001228e+001  2.1019896e+001  7.6658220e+000  5.7762130e+000  1.5758326e+001  8.2465760e+000
  6.1333333e-001  6.2219120e+000  4.2454940e+000  1.4055149e+001  2.0487432e+001  7.7465200e+000  5.5703230e+000  1.5822914e+001  8.3286270e+000
  6.2000000e-001  6.2320270e+000  4.4420910e+000  1.4088944e+001  1.9939911e+001  7.8774010e+000  5.4406760e+000  1.5833152e+001  8.4073250e+000
  6.2666667e-001  6.2530830e+000  4.6011300e+000  1.4165026e+001  1.9508804e+001  7.9542980e+000  5.3045900e+000  1.5818095e+001  8.4823820e+000
  6.3333333e-001  6.2891340e+000  4.8106320e+000  1.4227353e+001  1.9360250e+001  8.0644370e+000  5.1983220e+000  1.5773271e+001  8.5643690e+000
  6.4000000e-001  6.3420040e+000  4.9578110e+000  1.4288224e+001  1.9437355e+001  8.1619860e+000  5.1039920e+000  1.5705740e+001  8.6479300e+000
  6.4666667e-001  6.3568780e+000  5.0923190e+000  1.4332778e+001  1.9599142e+001  8.2676540e+000  4.9993540e+000  1.5647121e+001  8.7074130e+000
  6.5333333e-001  6.4063000e+000  5.2504990e+000  1.4387938e+001  1.9819965e+001  8.3442250e+000  4.9234200e+000  1.5591961e+001  8.7790920e+000
  6.6000000e-001  6.4396830e+000  5.3417550e+000  1.4446293e+001  2.0042025e+001  8.4251610e+000  4.8543190e+000  1.5491084e+001  8.8133020e+000
  6.6666667e-001  6.4895930e+000  5.4356630e+000  1.4515626e+001  2.0021103e+001  8.4725590e+000  4.8017860e+000  1.5334716e+001  8.8869050e+000
  6.7333333e-001  6.5125750e+000  5.5290120e+000  1.4593061e+001  1.9854355e+001  8.4905320e+000  4.7363460e+000  1.5210152e+001  8.9349120e+000
  6.8000000e-001  6.5588290e+000  5.6138980e+000  1.4634063e+001  1.9631403e+001  8.5167910e+000  4.6231000e+000  1.5102051e+001  9.0039770e+000
  6.8666667e-001  6.5909210e+000  5.7004060e+000  1.4720657e+001  1.9426315e+001  8.5128020e+000  4.4966580e+000  1.5001520e+001  9.0717010e+000
  6.9333333e-001  6.6214130e+000  5.7943280e+000  1.4777437e+001  1.9215544e+001  8.4937390e+000  4.3369630e+000  1.4945675e+001  9.1355880e+000
  7.0000000e-001  6.6309970e+000  5.8865060e+000  1.4829521e+001  1.8914675e+001  8.4671250e+000  4.1942000e+000  1.4935889e+001  9.2021310e+000
  7.0666667e-001  6.6597750e+000  5.9450160e+000  1.4879809e+001  1.8565168e+001  8.4421380e+000  4.0480030e+000  1.4872208e+001  9.2733350e+000
  7.1333333e-001  6.6797730e+000  5.9889380e+000  1.4929718e+001  1.8230394e+001  8.3843450e+000  3.9006920e+000  1.4875375e+001  9.3136880e+000
  7.2000000e-001  6.6842960e+000  6.0434820e+000  1.4990596e+001  1.7941832e+001  8.3845930e+000  3.7906730e+000  1.4861226e+001  9.3416530e+000
  7.2666667e-001  6.6562690e+000  6.0610840e+000  1.5055863e+001  1.7693140e+001  8.3276920e+000  3.6500520e+000  1.4802707e+001  9.3781530e+000
  7.3333333e-001  6.6262320e+000  6.0615340e+000  1.5099822e+001  1.7432133e+001  8.2728660e+000  3.5525570e+000  1.4783998e+001  9.4048980e+000
  7.4000000e-001  6.6085410e+000  6.0621820e+000  1.5142567e+001  1.7230690e+001  8.2122130e+000  3.4580080e+000  1.4741100e+001  9.4166430e+000
  7.4666667e-001  6.5655410e+000  6.0461010e+000  1.5168630e+001  1.7029579e+001  8.1613810e+000  3.3767210e+000  1.4631360e+001  9.4003730e+000
  7.5333333e-001  6.4905410e+000  6.0279280e+000  1.5222892e+001  1.6815113e+001  8.0939450e+000  3.3269550e+000  1.4555277e+001  9.3831530e+000
  7.6000000e-001  6.4528210e+000  5.9608070e+000  1.5283580e+001  1.6529730e+001  8.0163200e+000  3.2883600e+000  1.4462241e+001  9.3658240e+000
  7.6666667e-001  6.3942760e+000  5.8969330e+000  1.5333357e+001  1.6187628e+001  7.9315870e+000  3.2846510e+000  1.4362616e+001  9.3527540e+000
  7.7333333e-001  6.3089300e+000  5.8210670e+000  1.5370813e+001  1.5777075e+001  7.8696610e+000  3.3008200e+000  1.4262797e+001  9.3208470e+000
  7.8000000e-001  6.2145600e+000  5.7222940e+000  1.5438529e+001  1.5379266e+001  7.8079420e+000  3.3666960e+000  1.4146738e+001  9.2506190e+000
  7.8666667e-001  6.1130520e+000  5.5983530e+000  1.5479560e+001  1.5016775e+001  7.7119570e+000  3.4486020e+000  1.4018068e+001  9.1726610e+000
  7.9333333e-001  5.9747220e+000  5.4622460e+000  1.5536454e+001  1.4677045e+001  7.6153370e+000  3.5678300e+000  1.3897902e+001  9.1107380e+000
  8.0000000e-001  5.8486610e+000  5.3301240e+000  1.5601079e+001  1.4386558e+001  7.5434220e+000  3.6890610e+000  1.3741399e+001  9.0325140e+000
  8.0666667e-001  5.7013130e+000  5.1730010e+000  1.5676066e+001  1.4126410e+001  7.4711730e+000  3.8072920e+000  1.3565709e+001  8.9568260e+000
  8.1333333e-001  5.5898700e+000  5.0092010e+000  1.5757301e+001  1.3858286e+001  7.3916370e+000  3.9465210e+000  1.3402636e+001  8.8669360e+000
  8.2000000e-001  5.4643140e+000  4.8688170e+000  1.5842720e+001  1.3626045e+001  7.3395160e+000  4.0568910e+000  1.3216748e+001  8.7296730e+000
  8.2666667e-001  5.3571480e+000  4.7542850e+000  1.5908126e+001  1.3377547e+001  7.2772370e+000  4.1523420e+000  1.3026904e+001  8.6380500e+000
  8.3333333e-001  5.2850000e+000  4.6646950e+000  1.5998661e+001  1.3162519e+001  7.2547680e+000  4.2397410e+000  1.2873987e+001  8.5453620e+000
  8.4000000e-001  5.1902660e+000  4.5924210e+000  1.6083828e+001  1.2938889e+001  7.2206840e+000  4.2546460e+000  1.2682487e+001  8.4389680e+000
  8.4666667e-001  5.1321980e+000  4.5068420e+000  1.6163910e+001  1.2753273e+001  7.1584580e+000  4.2877820e+000  1.2464644e+001  8.3691060e+000
  8.5333333e-001  5.0931800e+000  4.4151040e+000  1.6215746e+001  1.2626721e+001  7.1194130e+000  4.2701170e+000  1.2256474e+001  8.2395000e+000
  8.6000000e-001  5.0587010e+000  4.3138800e+000  1.6270779e+001  1.2546734e+001  7.0859610e+000  4.2624810e+000  1.2015080e+001  8.1349820e+000
  8.6666667e-001  4.9845440e+000  4.2194620e+000  1.6317236e+001  1.2510435e+001  7.0540940e+000  4.2150340e+000  1.1796243e+001  8.0628350e+000
  8.7333333e-001  4.9305400e+000  4.0795020e+000  1.6359318e+001  1.2544384e+001  7.0170240e+000  4.1624140e+000  1.1526362e+001  7.9991170e+000
  8.8000000e-001  4.8640870e+000  3.9610960e+000  1.6400995e+001  1.2637106e+001  6.9630010e+000  4.0606370e+000  1.1250833e+001  7.9038040e+000
  8.8666667e-001  4.7535810e+000  3.8346030e+000  1.6440840e+001  1.2816052e+001  6.9034210e+000  3.9742000e+000  1.0998831e+001  7.8498780e+000
  8.9333333e-001  4.6320510e+000  3.6766380e+000  1.6466196e+001  1.2997396e+001  6.8310440e+000  3.8779480e+000  1.0753334e+001  7.7981020e+000
  9.0000000e-001  4.4839570e+000  3.5559380e+000  1.6506176e+001  1.3205252e+001  6.8115340e+000  3.7577120e+000  1.0544580e+001  7.7637990e+000
  9.0666667e-001  4.3313930e+000  3.4400920e+000  1.6563639e+001  1.3416377e+001  6.7615200e+000  3.6752980e+000  1.0313398e+001  7.7303300e+000
  9.1333333e-001  4.1736830e+000  3.3685500e+000  1.6609850e+001  1.3631946e+001  6.6888570e+000  3.5633200e+000  1.0102632e+001  7.6910980e+000
  9.2000000e-001  4.0688600e+000  3.2899680e+000  1.6682331e+001  1.3847220e+001  6.6281910e+000  3.4687000e+000  9.8880400e+000  7.6876830e+000
  9.2666667e-001  3.9567310e+000  3.2145080e+000  1.6762358e+001  1.4037738e+001  6.5532320e+000  3.4138580e+000  9.6662390e+000  7.6569990e+000
  9.3333333e-001  3.9217370e+000  3.1428460e+000  1.6838137e+001  1.4163265e+001  6.4954300e+000  3.3521040e+000  9.4616640e+000  7.6155760e+000
  9.4000000e-001  3.9399170e+000  3.0839640e+000  1.6936636e+001  1.4200423e+001  6.4155780e+000  3.3111010e+000  9.2507270e+000  7.5932660e+000
  9.4666667e-001  3.9839030e+000  3.0169600e+000  1.7046654e+001  1.4251110e+001  6.3124400e+000  3.2936830e+000  9.0551510e+000  7.5376020e+000
  9.5333333e-001  3.9991660e+000  2.9532110e+000  1.7167011e+001  1.4252191e+001  6.2159550e+000  3.2413860e+000  8.8678190e+000  7.5018690e+000
  9.6000000e-001  3.9885160e+000  2.8952090e+000  1.7328989e+001  1.4233099e+001  6.1111040e+000  3.2074660e+000  8.6452780e+000  7.4391270e+000
  9.6666667e-001  4.0143730e+000  2.8053880e+000  1.7424337e+001  1.4221457e+001  6.0034950e+000  3.1750680e+000  8.4346920e+000  7.3706270e+000
  9.7333333e-001  4.0155000e+000  2.7434450e+000  1.7534864e+001  1.4112156e+001  5.8927350e+000  3.1440380e+000  8.2526890e+000  7.3203880e+000
  9.8000000e-001  3.9879020e+000  2.6880340e+000  1.7633438e+001  1.4006364e+001  5.7514520e+000  3.0880310e+000  8.0458100e+000  7.2470030e+000
  9.8666667e-001  3.9900900e+000  2.6554500e+000  1.7730436e+001  1.3863372e+001  5.6105940e+000  3.0407990e+000  7.8567510e+000  7.1705780e+000
  9.9333333e-001  3.9638500e+000  2.6141950e+000  1.7847906e+001  1.3714936e+001  5.4829730e+000  3.0349610e+000  7.6745720e+000  7.1165450e+000
  1.0000000e+000  3.9456410e+000  2.5744250e+000  1.7933571e+001  1.3556506e+001  5.3549700e+000  2.9872150e+000  7.5042370e+000  7.0106540e+000
  1.0066667e+000  3.9255750e+000  2.4951150e+000  1.8054337e+001  1.3359015e+001  5.2259770e+000  2.9449970e+000  7.3142090e+000  6.9098230e+000
  1.0133333e+000  3.8867250e+000  2.4223610e+000  1.8161236e+001  1.3185430e+001  5.1033550e+000  2.9283570e+000  7.1450130e+000  6.8193390e+000
  1.0200000e+000  3.8434680e+000  2.3800400e+000  1.8284918e+001  1.2990939e+001  4.9996210e+000  2.8764670e+000  6.9702640e+000  6.7187810e+000
  1.0266667e+000  3.7765030e+000  2.3349130e+000  1.8414976e+001  1.2782000e+001  4.9004030e+000  2.8434610e+000  6.7753450e+000  6.6378910e+000
  1.0333333e+000  3.7238300e+000  2.2834450e+000  1.8577339e+001  1.2611127e+001  4.7890720e+000  2.7751960e+000  6.5951500e+000  6.5149180e+000
  1.0400000e+000  3.6750690e+000  2.2044110e+000  1.8769768e+001  1.2439108e+001  4.6977980e+000  2.7150360e+000  6.3580230e+000  6.4158740e+000
  1.0466667e+000  3.6388200e+000  2.0874300e+000  1.8960485e+001  1.2284870e+001  4.5647220e+000  2.6916110e+000  6.1978890e+000  6.3006440e+000
  1.0533333e+000  3.5855990e+000  2.0138980e+000  1.9217232e+001  1.2121722e+001  4.4231190e+000  2.6264600e+000  6.0287520e+000  6.1970720e+000
  1.0600000e+000  3.5286010e+000  1.9088110e+000  1.9487804e+001  1.1985366e+001  4.2763190e+000  2.5763070e+000  5.8474710e+000  6.0888850e+000
  1.0666667e+000  3.4643590e+000  1.8205580e+000  1.9800707e+001  1.1817630e+001  4.1506330e+000  2.5364850e+000  5.6422030e+000  5.9584380e+000
  1.0733333e+000  3.3869800e+000  1.7399260e+000  2.0141758e+001  1.1613431e+001  4.0826330e+000  2.4849530e+000  5.4626560e+000  5.8101610e+000
  1.0800000e+000  3.3081700e+000  1.6476480e+000  2.0532160e+001  1.1419600e+001  4.0161160e+000  2.4485880e+000  5.2866890e+000  5.6757900e+000
  1.0866667e+000  3.2425730e+000  1.5387230e+000  2.0962589e+001  1.1184742e+001  3.9285320e+000  2.4256060e+000  5.1228660e+000  5.5683790e+000
  1.0933333e+000  3.1544000e+000  1.4347520e+000  2.1429605e+001  1.0932376e+001  3.8702120e+000  2.4399350e+000  4.9666220e+000  5.4157390e+000
  1.1000000e+000  3.0651440e+000  1.3564430e+000  2.2041090e+001  1.0687616e+001  3.8330650e+000  2.4323810e+000  4.8129560e+000  5.2663340e+000
  1.1066667e+000  2.9850820e+000  1.2513420e+000  2.2864878e+001  1.0426397e+001  3.8075020e+000  2.4067390e+000  4.6936600e+000  5.1341200e+000
  1.1133333e+000  2.9213130e+000  1.1505590e+000  2.3892384e+001  1.0160564e+001  3.8244860e+000  2.4003070e+000  4.5846510e+000  4.9896750e+000
  1.1200000e+000  2.8569960e+000  1.0739720e+000  2.5064701e+001  9.8775140e+000  3.8796990e+000  2.3481350e+000  4.4794450e+000  4.8878420e+000
  1.1266667e+000  2.7771890e+000  1.0116550e+000  2.6340004e+001  9.6095120e+000  3.9506130e+000  2.3615190e+000  4.3927510e+000  4.7080930e+000
  1.1333333e+000  2.6818440e+000  9.2992200e-001  2.7592073e+001  9.2600310e+000  4.0579530e+000  2.3348130e+000  4.2902380e+000  4.5793330e+000
  1.1400000e+000  2.6114310e+000  8.8332400e-001  2.8688059e+001  8.8853490e+000  4.1571880e+000  2.3463010e+000  4.1996080e+000  4.4336470e+000
  1.1466667e+000  2.5463070e+000  8.0997000e-001  2.9513262e+001  8.5086550e+000  4.2400080e+000  2.3278750e+000  4.1234740e+000  4.2858240e+000
  1.1533333e+000  2.5192360e+000  7.3306400e-001  3.0007576e+001  8.1162960e+000  4.2774110e+000  2.3141470e+000  4.0308340e+000  4.1331190e+000
  1.1600000e+000  2.4519490e+000  6.2519300e-001  3.0115927e+001  7.7412390e+000  4.3264970e+000  2.3122400e+000  3.9242810e+000  3.9847930e+000
  1.1666667e+000  2.4057240e+000  4.9676800e-001  2.9804012e+001  7.3517120e+000  4.3379270e+000  2.2903980e+000  3.8477690e+000  3.8711630e+000
  1.1733333e+000  2.3607500e+000  4.0981500e-001  2.9156736e+001  6.9781300e+000  4.3304970e+000  2.2849480e+000  3.7530780e+000  3.7296870e+000
  1.1800000e+000  2.3027370e+000  2.9222700e-001  2.8164921e+001  6.5643350e+000  4.3225670e+000  2.2893300e+000  3.6450600e+000  3.6225190e+000
  1.1866667e+000  2.2503180e+000  1.8003400e-001  2.6890318e+001  6.1884140e+000  4.3025440e+000  2.2798050e+000  3.5339100e+000  3.5045970e+000
  1.1933333e+000  2.2025410e+000  6.5695000e-002  2.5332264e+001  5.8132370e+000  4.2695010e+000  2.2864860e+000  3.3970900e+000  3.3568010e+000
  1.2000000e+000  2.1532010e+000 -4.3206000e-002  2.3529610e+001  5.4546360e+000  4.2107590e+000  2.2902930e+000  3.2554500e+000  3.2280930e+000
  1.2066667e+000  2.1031920e+000 -1.6462500e-001  2.1500021e+001  5.1265160e+000  4.1414680e+000  2.2926880e+000  3.1232960e+000  3.0839800e+000
  1.2133333e+000  2.0742820e+000 -2.7945200e-001  1.9361826e+001  4.8057020e+000  4.0764480e+000  2.3016560e+000  2.9566160e+000  2.9580380e+000
  1.2200000e+000  2.0413040e+000 -3.7218000e-001  1.7322012e+001  4.5173050e+000  4.0131790e+000  2.2937490e+000  2.7948070e+000  2.7882470e+000
  1.2266667e+000  2.0018740e+000 -4.7351300e-001  1.6071621e+001  4.2360800e+000  3.9451620e+000  2.2818210e+000  2.6003450e+000  2.6455300e+000
  1.2333333e+000  1.9687280e+000 -5.5508300e-001  1.6440439e+001  3.9543860e+000  3.8797000e+000  2.2984390e+000  2.4485660e+000  2.5150800e+000
  1.2400000e+000  1.9071480e+000 -6.5962900e-001  1.6704575e+001  3.6508110e+000  3.8193150e+000  2.2812030e+000  2.2819160e+000  2.4438070e+000
  1.2466667e+000  1.8725240e+000 -7.4513400e-001  1.6054508e+001  3.3813830e+000  3.7513950e+000  2.2893010e+000  2.1418580e+000  2.3534330e+000
  1.2533333e+000  1.7862080e+000 -8.2555500e-001  1.4800265e+001  3.0641990e+000  3.7050940e+000  2.2743020e+000  1.9969840e+000  2.2300210e+000
  1.2600000e+000  1.7045520e+000 -9.0231400e-001  1.3600837e+001  2.7610940e+000  3.6511320e+000  2.2645930e+000  1.8699990e+000  2.1151850e+000
  1.2666667e+000  1.6036910e+000 -9.6247200e-001  1.2540725e+001  2.4868830e+000  3.6150860e+000  2.2058100e+000  1.7301400e+000  2.0119970e+000
  1.2733333e+000  1.5600310e+000 -1.0055200e+000  1.1596944e+001  2.2220360e+000  3.5392010e+000  2.2092240e+000  1.6199960e+000  1.9275010e+000
  1.2800000e+000  1.4758810e+000 -1.0819700e+000  1.0763417e+001  1.9451080e+000  3.5164770e+000  2.1960240e+000  1.5241970e+000  1.8217400e+000
  1.2866667e+000  1.4075550e+000 -1.1599430e+000  9.9471070e+000  1.6852020e+000  3.4473770e+000  2.1820330e+000  1.4230340e+000  1.7314160e+000
  1.2933333e+000  1.3270140e+000 -1.2254010e+000  9.1718960e+000  1.3949380e+000  3.3814800e+000  2.1325070e+000  1.3672290e+000  1.6125910e+000
  1.3000000e+000  1.2143020e+000 -1.2779870e+000  8.4714010e+000  1.1262020e+000  3.3446460e+000  2.1251560e+000  1.2510840e+000  1.4978530e+000
  1.3066667e+000  1.1105700e+000 -1.3491260e+000  7.8186380e+000  8.3661700e-001  3.3157660e+000  2.1125220e+000  1.1799630e+000  1.3656550e+000
  1.3133333e+000  1.0119370e+000 -1.4068050e+000  7.2270100e+000  5.7599400e-001  3.2575480e+000  2.0852260e+000  1.1047270e+000  1.2485300e+000
  1.3200000e+000  9.2938300e-001 -1.4825120e+000  6.8008160e+000  3.1811500e-001  3.1787880e+000  2.0561290e+000  1.0407880e+000  1.1481990e+000
  1.3266667e+000  8.4314600e-001 -1.5451210e+000  6.4764480e+000  1.0611600e-001  3.1350440e+000  2.0274190e+000  9.6882500e-001  1.0330760e+000
  1.3333333e+000  7.6628900e-001 -1.5870550e+000  6.1986060e+000 -9.2152000e-002  3.0605880e+000  2.0089460e+000  8.8786400e-001  9.2872000e-001
  1.3400000e+000  6.4454900e-001 -1.6687660e+000  5.8468120e+000 -2.7890900e-001  2.9704090e+000  1.9844080e+000  8.0248800e-001  8.6801900e-001
  1.3466667e+000  5.6744500e-001 -1.7230770e+000  5.4013160e+000 -4.6250800e-001  2.9094450e+000  1.9657380e+000  7.2662500e-001  8.2288400e-001
  1.3533333e+000  4.7992900e-001 -1.8004420e+000  4.9721880e+000 -6.3404300e-001  2.8093550e+000  1.9099200e+000  6.8007200e-001  7.7482600e-001
  1.3600000e+000  3.9465700e-001 -1.8713140e+000  4.5954310e+000 -7.9245700e-001  2.7554260e+000  1.8865270e+000  5.9502800e-001  7.4837400e-001
  1.3666667e+000  3.2611800e-001 -1.9406960e+000  4.2520770e+000 -9.9252700e-001  2.6974300e+000  1.8721820e+000  5.4252600e-001  6.9937000e-001
  1.3733333e+000  2.6198400e-001 -2.0172180e+000  3.9565200e+000 -1.1815880e+000  2.6303300e+000  1.8609000e+000  4.6091200e-001  6.4644800e-001
  1.3800000e+000  1.7069600e-001 -2.0659060e+000  3.7028440e+000 -1.3625470e+000  2.5594180e+000  1.8543520e+000  3.8874000e-001  6.5881000e-001
  1.3866667e+000  9.2482000e-002 -2.1430990e+000  3.4884340e+000 -1.5070790e+000  2.5014040e+000  1.8321160e+000  3.2401500e-001  6.2266800e-001
  1.3933333e+000  1.3949000e-002 -2.2249470e+000  3.3617870e+000 -1.6864370e+000  2.4679490e+000  1.7842190e+000  2.6154300e-001  6.2041800e-001
  1.4000000e+000 -6.4386000e-002 -2.2722120e+000  3.2651930e+000 -1.8739600e+000  2.4273150e+000  1.7898460e+000  2.1122300e-001  6.0583100e-001
  1.4066667e+000 -1.3921500e-001 -2.3019900e+000  3.1815750e+000 -2.0505780e+000  2.3951740e+000  1.7635450e+000  1.2705200e-001  5.8315400e-001
  1.4133333e+000 -2.0162600e-001 -2.3864360e+000  3.1475310e+000 -2.2216080e+000  2.3648020e+000  1.7632930e+000  5.3715000e-002  6.0160200e-001
  1.4200000e+000 -2.6325900e-001 -2.4492930e+000  3.1352480e+000 -2.3878980e+000  2.3247390e+000  1.7659240e+000  4.2168000e-002  6.0604600e-001
  1.4266667e+000 -3.3641000e-001 -2.5538270e+000  3.1706540e+000 -2.5654220e+000  2.2746230e+000  1.7754850e+000 -3.9026000e-002  6.2041400e-001
  1.4333333e+000 -3.9475900e-001 -2.5983330e+000  3.2378660e+000 -2.7283830e+000  2.2454140e+000  1.7572430e+000 -8.3906000e-002  5.9685200e-001
  1.4400000e+000 -4.7845500e-001 -2.6435500e+000  3.2771360e+000 -2.9130830e+000  2.2120070e+000  1.7533690e+000 -1.6944400e-001  5.6419100e-001
  1.4466667e+000 -5.0009100e-001 -2.6948290e+000  3.3218830e+000 -3.0531230e+000  2.1165570e+000  1.7688470e+000 -2.4250200e-001  5.3449000e-001
  1.4533333e+000 -5.9010100e-001 -2.7286600e+000  3.3175460e+000 -3.2215530e+000  2.0544710e+000  1.7611470e+000 -3.5287300e-001  4.8921500e-001
  1.4600000e+000 -6.4167600e-001 -2.7798510e+000  3.3022510e+000 -3.3670160e+000  2.0024490e+000  1.7643550e+000 -4.4309600e-001  4.2768400e-001
  1.4666667e+000 -6.8359800e-001 -2.7977410e+000  3.2332640e+000 -3.4970720e+000  1.9442740e+000  1.7557790e+000 -5.2274300e-001  3.5350100e-001
  1.4733333e+000 -7.4133800e-001 -2.8198400e+000  3.1178930e+000 -3.6380200e+000  1.8773390e+000  1.7282820e+000 -6.3348700e-001  3.0252400e-001
  1.4800000e+000 -7.6328500e-001 -2.8531160e+000  2.9472640e+000 -3.7561000e+000  1.8387620e+000  1.7193420e+000 -7.3399500e-001  2.1896400e-001
  1.4866667e+000 -7.9653900e-001 -2.8570250e+000  2.7699500e+000 -3.8524320e+000  1.7657640e+000  1.6948160e+000 -8.4381100e-001  1.2453000e-001
  1.4933333e+000 -8.4252600e-001 -2.8879300e+000  2.5363960e+000 -3.9510270e+000  1.7086810e+000  1.6611050e+000 -9.4827400e-001  3.8499000e-002
  1.5000000e+000 -8.9735500e-001 -2.9195300e+000  2.2963670e+000 -4.0577550e+000  1.6523070e+000  1.6363470e+000 -1.0359510e+000 -6.5011000e-002
  1.5066667e+000 -9.2362700e-001 -2.9459400e+000  2.0369140e+000 -4.1632940e+000  1.5999480e+000  1.6125530e+000 -1.1420790e+000 -1.7869100e-001
  1.5133333e+000 -9.4531500e-001 -2.9856800e+000  1.8351870e+000 -4.2740640e+000  1.5205070e+000  1.6063330e+000 -1.2579210e+000 -2.7212800e-001
  1.5200000e+000 -9.6036500e-001 -3.0302570e+000  1.6781180e+000 -4.3587610e+000  1.4521790e+000  1.5899220e+000 -1.3347050e+000 -3.7710700e-001
  1.5266667e+000 -9.7147800e-001 -3.0576390e+000  1.4731150e+000 -4.4530280e+000  1.3928120e+000  1.5552020e+000 -1.4229590e+000 -5.1290100e-001
  1.5333333e+000 -1.0029960e+000 -3.0882290e+000  1.2887750e+000 -4.5589180e+000  1.3055750e+000  1.5246970e+000 -1.5158720e+000 -6.2717500e-001
  1.5400000e+000 -1.0214330e+000 -3.1220310e+000  1.1064790e+000 -4.6492700e+000  1.2073450e+000  1.5073610e+000 -1.6290500e+000 -7.5030600e-001
  1.5466667e+000 -1.0295820e+000 -3.1401970e+000  9.4916700e-001 -4.7487350e+000  1.1432930e+000  1.4841650e+000 -1.6842020e+000 -8.9596600e-001
  1.5533333e+000 -1.0393120e+000 -3.1541050e+000  8.3029300e-001 -4.8388200e+000  1.0361990e+000  1.4607040e+000 -1.7442100e+000 -1.0210310e+000
  1.5600000e+000 -1.0373120e+000 -3.1765050e+000  7.4178000e-001 -4.9459120e+000  9.3701900e-001  1.4419960e+000 -1.8340540e+000 -1.1571690e+000
  1.5666667e+000 -1.0420430e+000 -3.2178810e+000  7.5204900e-001 -5.0350420e+000  8.5446700e-001  1.4032970e+000 -1.8867160e+000 -1.3096070e+000
  1.5733333e+000 -1.0319760e+000 -3.2201280e+000  7.7417600e-001 -5.1334070e+000  7.7426000e-001  1.4320650e+000 -1.9351340e+000 -1.4405210e+000
  1.5800000e+000 -1.0559920e+000 -3.2771730e+000  7.8201600e-001 -5.2287670e+000  6.6998400e-001  1.4099740e+000 -1.9911440e+000 -1.5463690e+000
  1.5866667e+000 -1.0713640e+000 -3.3076950e+000  7.4086800e-001 -5.3086900e+000  5.4080900e-001  1.4022980e+000 -2.0514420e+000 -1.6889530e+000
  1.5933333e+000 -1.0990700e+000 -3.3914170e+000  7.3893400e-001 -5.4046350e+000  4.6849800e-001  1.3846160e+000 -2.0953770e+000 -1.8230030e+000
  1.6000000e+000 -1.1091010e+000 -3.4338250e+000  7.3004100e-001 -5.5664870e+000  3.9049800e-001  1.3716020e+000 -2.1642870e+000 -1.9924020e+000
  1.6066667e+000 -1.1244080e+000 -3.4771070e+000  6.9466100e-001 -5.6647730e+000  2.9650800e-001  1.3687750e+000 -2.1957770e+000 -2.1576510e+000
  1.6133333e+000 -1.1461940e+000 -3.5291800e+000  6.1318700e-001 -5.7949350e+000  1.9268800e-001  1.3681670e+000 -2.2142930e+000 -2.2804900e+000
  1.6200000e+000 -1.1418240e+000 -3.5605040e+000  5.2839300e-001 -5.9168040e+000  1.5597900e-001  9.2684700e-001 -2.2477700e+000 -2.4366270e+000
  1.6266667e+000 -1.1635760e+000 -3.6160260e+000  4.3651200e-001 -6.0107310e+000  8.6870000e-002  6.3656500e-001 -2.2466840e+000 -2.5585340e+000
  1.6333333e+000 -1.1730100e+000 -3.6453270e+000  3.5443400e-001 -6.1228010e+000  3.7157000e-002  6.2611500e-001 -2.2685550e+000 -2.6835870e+000
  1.6400000e+000 -1.1918350e+000 -3.6767000e+000  2.6810000e-001 -6.2192800e+000 -2.0545000e-002  1.5995090e+000 -2.2757110e+000 -2.7803300e+000
  1.6466667e+000 -1.2069210e+000 -3.6981500e+000  1.3282500e-001 -6.3149470e+000 -9.0374000e-002  1.6183820e+000 -2.2840760e+000 -2.8765140e+000
  1.6533333e+000 -1.2377150e+000 -3.7320650e+000 -2.6463000e-002 -6.3926370e+000 -1.3265700e-001  1.6518030e+000 -2.3106120e+000 -2.9736660e+000
  1.6600000e+000 -1.2532220e+000 -3.7760620e+000 -1.6908200e-001 -6.4801020e+000 -1.9574300e-001  1.7298430e+000 -2.3466970e+000 -3.0168780e+000
  1.6666667e+000 -1.2897490e+000 -3.8045560e+000 -2.0113800e-001 -6.5802730e+000 -2.2276100e-001  1.7722000e+000 -2.3620050e+000 -3.0481340e+000
  1.6733333e+000 -1.3085450e+000 -3.8434210e+000 -1.2792700e-001 -6.6854240e+000 -2.4197600e-001  1.8684720e+000 -2.3547160e+000 -3.1163990e+000
  1.6800000e+000 -1.3335800e+000 -3.9052510e+000 -3.9191000e-002 -6.8011770e+000 -2.6662800e-001  1.0479440e+000 -2.3525350e+000 -3.1776690e+000
  1.6866667e+000 -1.3717990e+000 -3.9447720e+000  1.5296000e-002 -6.8861880e+000 -2.9199600e-001  1.0863600e+000 -2.3823340e+000 -3.2122690e+000
  1.6933333e+000 -1.4229750e+000 -3.9827900e+000  3.9079000e-002 -7.0069790e+000 -3.4294700e-001  9.9858300e-001 -2.4302440e+000 -3.2646880e+000
  1.7000000e+000 -1.4594340e+000 -4.0460950e+000  5.8648000e-002 -7.1158840e+000 -3.6917400e-001  1.6618390e+000 -2.4545900e+000 -3.2940740e+000
  1.7066667e+000 -1.4769300e+000 -4.1056640e+000  2.4362000e-002 -7.1672800e+000 -3.8972200e-001  1.5206050e+000 -2.4759400e+000 -3.3288560e+000
  1.7133333e+000 -1.5202690e+000 -4.1303390e+000  9.6020000e-003 -7.2755870e+000 -4.3400600e-001  1.4360940e+000 -2.4578460e+000 -3.3909540e+000
  1.7200000e+000 -1.5572870e+000 -4.1867910e+000 -2.3226000e-002 -7.3550850e+000 -4.6733000e-001  1.3709170e+000 -2.4717900e+000 -3.4492970e+000
  1.7266667e+000 -1.5940620e+000 -4.2526970e+000 -1.2775000e-002 -7.3942940e+000 -5.2229400e-001  1.2952580e+000 -2.5089830e+000 -3.4715710e+000
  1.7333333e+000 -1.6344440e+000 -4.3063570e+000 -7.0405000e-002 -7.4953160e+000 -5.4175800e-001  1.2439480e+000 -2.5361660e+000 -3.4924290e+000
  1.7400000e+000 -1.6668750e+000 -4.3762940e+000 -9.3029000e-002 -7.5702510e+000 -5.6963400e-001  1.1743080e+000 -2.5219100e+000 -3.5829860e+000
  1.7466667e+000 -1.7191370e+000 -4.4232060e+000 -9.3006000e-002 -7.6387350e+000 -6.0672100e-001  1.1721060e+000 -2.5673910e+000 -3.6561150e+000
  1.7533333e+000 -1.7304110e+000 -4.4877780e+000 -5.6711000e-002 -7.6888730e+000 -6.4752400e-001  1.0157450e+000 -2.6180190e+000 -3.7073900e+000
  1.7600000e+000 -1.7433750e+000 -4.5227540e+000 -3.0289000e-002 -7.7676640e+000 -6.9461400e-001  9.6142600e-001 -2.6563890e+000 -3.7478580e+000
  1.7666667e+000 -1.7809810e+000 -4.5659250e+000  2.2974000e-002 -7.8048210e+000 -7.0357000e-001  9.1118200e-001 -2.6904710e+000 -3.8163620e+000
  1.7733333e+000 -1.8193890e+000 -4.6252740e+000  6.9064000e-002 -7.8400680e+000 -7.2927400e-001  3.7390600e-001 -2.6844750e+000 -3.8465140e+000
  1.7800000e+000 -1.8707400e+000 -4.6787960e+000  6.7843000e-002 -7.8943370e+000 -7.4451800e-001  3.5925100e-001 -2.6978580e+000 -3.9259760e+000
  1.7866667e+000 -1.8728240e+000 -4.7350090e+000  8.6470000e-002 -7.9597580e+000 -7.9939600e-001  3.0061000e-001 -2.7407510e+000 -3.9828550e+000
  1.7933333e+000 -1.9220940e+000 -4.7738670e+000  7.9744000e-002 -7.9870380e+000 -8.3010000e-001  2.3859100e-001 -2.8250640e+000 -4.0607910e+000
  1.8000000e+000 -1.9457930e+000 -4.7964490e+000  4.8358000e-002 -8.0226770e+000 -9.0716400e-001  2.1733100e-001 -2.8614100e+000 -4.1280500e+000
  1.8066667e+000 -1.9839010e+000 -4.8830810e+000 -2.9632000e-002 -8.0690270e+000 -9.2616200e-001  1.8767600e-001 -2.8992300e+000 -4.1668470e+000
  1.8133333e+000 -2.0461160e+000 -4.9634290e+000 -1.1536600e-001 -8.1132360e+000 -9.7192800e-001  1.5232200e-001 -2.9374740e+000 -4.2275960e+000
  1.8200000e+000 -2.0613630e+000 -4.9954910e+000 -1.9935800e-001 -8.1072050e+000 -9.9959500e-001  9.4159000e-002 -2.9969030e+000 -4.2748710e+000
  1.8266667e+000 -2.0564570e+000 -5.0604630e+000 -2.8816300e-001 -8.1514850e+000 -1.0368000e+000  7.7190000e-002 -3.0044650e+000 -4.3435210e+000
  1.8333333e+000 -2.0966580e+000 -5.1058180e+000 -3.7368300e-001 -8.1831970e+000 -1.0653300e+000  8.9789500e-001 -3.0317160e+000 -4.3886470e+000
  1.8400000e+000 -2.1001550e+000 -5.1582940e+000 -4.7833500e-001 -8.2019620e+000 -1.1220660e+000  9.8447200e-001 -3.0871850e+000 -4.4334030e+000
  1.8466667e+000 -2.0897300e+000 -5.2067710e+000 -6.0574800e-001 -8.2564250e+000 -1.1492320e+000  1.9005060e+000 -3.1111350e+000 -4.4569340e+000
  1.8533333e+000 -2.1422590e+000 -5.2298740e+000 -7.0955600e-001 -8.2632400e+000 -1.1877930e+000  1.5530740e+000 -3.1584640e+000 -4.4879760e+000
  1.8600000e+000 -2.1558860e+000 -5.2658850e+000 -8.0040300e-001 -8.2868870e+000 -1.2083760e+000  1.8933360e+000 -3.1812320e+000 -4.5309490e+000
  1.8666667e+000 -2.1980420e+000 -5.3057570e+000 -8.8856800e-001 -8.3362160e+000 -1.2439400e+000  1.9111400e+000 -3.2063370e+000 -4.5374430e+000
  1.8733333e+000 -2.2056440e+000 -5.3439270e+000 -9.7783000e-001 -8.3650340e+000 -1.2751380e+000  1.9519620e+000 -3.2335950e+000 -4.5663720e+000
  1.8800000e+000 -2.2138560e+000 -5.3918110e+000 -1.0531510e+000 -8.3864080e+000 -1.3013410e+000  1.9954510e+000 -3.2421860e+000 -4.5971370e+000
  1.8866667e+000 -2.2894340e+000 -5.4261850e+000 -1.1265700e+000 -8.4303490e+000 -1.3295280e+000  2.0501640e+000 -3.2928480e+000 -4.5815020e+000
  1.8933333e+000 -2.3216340e+000 -5.4874530e+000 -2.3387780e+000 -8.4353900e+000 -1.3625660e+000  2.0494350e+000 -3.3111490e+000 -4.6434490e+000
  1.9000000e+000 -2.3558530e+000 -5.5140750e+000 -2.5064480e+000 -8.4865190e+000 -1.3526780e+000  2.0664630e+000 -3.2906800e+000 -4.6806140e+000
  1.9066667e+000 -2.3627900e+000 -5.5869570e+000 -2.6696630e+000 -8.5004630e+000 -1.3925590e+000  2.0756080e+000 -3.3221260e+000 -4.7601270e+000
  1.9133333e+000 -2.3904240e+000 -5.5978260e+000 -2.9023260e+000 -8.4897720e+000 -1.4512080e+000  2.1124300e+000 -3.3350270e+000 -4.7862260e+000
  1.9200000e+000 -2.4207700e+000 -5.6185840e+000 -3.0823980e+000 -8.5644220e+000 -1.4105590e+000  2.1260150e+000 -3.3291750e+000 -4.8608320e+000
  1.9266667e+000 -2.4799450e+000 -5.6499250e+000 -3.2336180e+000 -8.5908530e+000 -1.4594840e+000  2.1544320e+000 -3.3122130e+000 -4.8888510e+000
  1.9333333e+000 -2.5288150e+000 -5.7222790e+000 -3.3900380e+000 -8.6405500e+000 -1.4905460e+000  2.1959100e+000 -3.3170240e+000 -4.9565150e+000
  1.9400000e+000 -2.5528980e+000 -5.7447880e+000 -2.4397410e+000 -8.6705620e+000 -1.5027220e+000  2.2206180e+000 -3.3327220e+000 -5.0093580e+000
  1.9466667e+000 -2.5386750e+000 -5.7594010e+000 -2.2744810e+000 -8.6540240e+000 -1.5289960e+000  2.2201040e+000 -3.3562560e+000 -5.0655130e+000
  1.9533333e+000 -2.5843370e+000 -5.7985420e+000 -2.4023350e+000 -8.7150230e+000 -1.5513220e+000  2.2317600e+000 -3.3668710e+000 -5.1220790e+000
  1.9600000e+000 -2.5960960e+000 -5.8245040e+000 -2.4902540e+000 -8.7369750e+000 -1.5660650e+000  2.2618370e+000 -3.3656470e+000 -5.1862610e+000
  1.9666667e+000 -2.6080610e+000 -5.8257990e+000 -2.5965270e+000 -8.7331140e+000 -1.5818570e+000  2.2716570e+000 -3.3622040e+000 -5.2699970e+000
  1.9733333e+000 -2.6111580e+000 -5.8492570e+000 -2.6937910e+000 -8.7653860e+000 -1.6128650e+000  2.3147580e+000 -3.3524510e+000 -5.3364340e+000
  1.9800000e+000 -2.6416780e+000 -5.8446270e+000 -2.7970510e+000 -9.0389380e+000 -1.6315080e+000  2.3213590e+000 -3.3874880e+000 -5.4237470e+000
  1.9866667e+000 -2.6372030e+000 -5.8895750e+000 -2.8676900e+000 -9.0256880e+000 -1.6583030e+000  2.3734140e+000 -3.3676650e+000 -5.4882220e+000
  1.9933333e+000 -2.6367550e+000 -5.8945330e+000 -2.9139750e+000 -8.9923900e+000 -1.6507170e+000  2.4111400e+000 -3.3514440e+000 -5.5221590e+000
  2.0000000e+000 -2.6444690e+000 -5.8784260e+000 -2.9829650e+000 -8.9946480e+000 -1.7068520e+000  2.4610540e+000 -3.3633410e+000 -5.5742960e+000
