 -5.0000000e-001  2.3347225e+001  2.7311598e+001  2.4753094e+001  2.1874342e+001  2.0553917e+001
 -4.9333333e-001  2.3332962e+001  2.7309896e+001  2.4734659e+001  2.1827919e+001  2.0549440e+001
 -4.8666667e-001  2.3328859e+001  2.7329010e+001  2.4704977e+001  2.1765173e+001  2.0541908e+001
 -4.8000000e-001  2.3324104e+001  2.7317234e+001  2.4684998e+001  2.1753475e+001  2.0529211e+001
 -4.7333333e-001  2.3310036e+001  2.7325745e+001  2.4691662e+001  2.1791115e+001  2.0521950e+001
 -4.6666667e-001  2.3314550e+001  2.7336500e+001  2.4675802e+001  2.1728312e+001  2.0513742e+001
 -4.6000000e-001  2.3345703e+001  2.7348541e+001  2.4618280e+001  2.1707233e+001  2.0509022e+001
 -4.5333333e-001  2.3336224e+001  2.7380020e+001  2.4620848e+001  2.1633427e+001  2.0503664e+001
 -4.4666667e-001  2.3326834e+001  2.7389788e+001  2.4629467e+001  2.1585833e+001  2.0492382e+001
 -4.4000000e-001  2.3312542e+001  2.7412270e+001  2.4606596e+001  2.1604761e+001  2.0507181e+001
 -4.3333333e-001  2.3318113e+001  2.7407616e+001  2.4622967e+001  2.1604225e+001  2.0505066e+001
 -4.2666667e-001  2.3308220e+001  2.7413086e+001  2.4625481e+001  2.1585932e+001  2.0495808e+001
 -4.2000000e-001  2.3307615e+001  2.7438465e+001  2.4599306e+001  2.1540480e+001  2.0484133e+001
 -4.1333333e-001  2.3295332e+001  2.7433979e+001  2.4627279e+001  2.1592670e+001  2.0487085e+001
 -4.0666667e-001  2.3288872e+001  2.7430485e+001  2.4647209e+001  2.1599701e+001  2.0488903e+001
 -4.0000000e-001  2.3293102e+001  2.7429836e+001  2.4656904e+001  2.1614550e+001  2.0490927e+001
 -3.9333333e-001  2.3280354e+001  2.7449741e+001  2.4646576e+001  2.1585335e+001  2.0495998e+001
 -3.8666667e-001  2.3282419e+001  2.7428551e+001  2.4645491e+001  2.1568110e+001  2.0492332e+001
 -3.8000000e-001  2.3283291e+001  2.7410992e+001  2.4664145e+001  2.1580435e+001  2.0492458e+001
 -3.7333333e-001  2.3266005e+001  2.7425114e+001  2.4692789e+001  2.1572172e+001  2.0489111e+001
 -3.6666667e-001  2.3255596e+001  2.7418781e+001  2.4685690e+001  2.1614491e+001  2.0493168e+001
 -3.6000000e-001  2.3269911e+001  2.7423933e+001  2.4652981e+001  2.1561802e+001  2.0476332e+001
 -3.5333333e-001  2.3287706e+001  2.7423073e+001  2.4657986e+001  2.1543938e+001  2.0482616e+001
 -3.4666667e-001  2.3283190e+001  2.7437340e+001  2.4683292e+001  2.1546637e+001  2.0501745e+001
 -3.4000000e-001  2.3273317e+001  2.7440346e+001  2.4681738e+001  2.1550861e+001  2.0486055e+001
 -3.3333333e-001  2.3275164e+001  2.7444220e+001  2.4746754e+001  2.1513090e+001  2.0462498e+001
 -3.2666667e-001  2.3245344e+001  2.7448465e+001  2.4734970e+001  2.1515228e+001  2.0460957e+001
 -3.2000000e-001  2.3265984e+001  2.7461172e+001  2.4752460e+001  2.1527277e+001  2.0435747e+001
 -3.1333333e-001  2.3294970e+001  2.7468596e+001  2.4753208e+001  2.1540350e+001  2.0426764e+001
 -3.0666667e-001  2.3286882e+001  2.7481956e+001  2.4741165e+001  2.1511316e+001  2.0425728e+001
 -3.0000000e-001  2.3294233e+001  2.7484394e+001  2.4805914e+001  2.1558823e+001  2.0422297e+001
 -2.9333333e-001  2.3294760e+001  2.7486141e+001  2.4822321e+001  2.1575905e+001  2.0434299e+001
 -2.8666667e-001  2.3278645e+001  2.7492359e+001  2.4801281e+001  2.1542801e+001  2.0435163e+001
 -2.8000000e-001  2.3307314e+001  2.7496243e+001  2.4824858e+001  2.1531071e+001  2.0446091e+001
 -2.7333333e-001  2.3314230e+001  2.7460007e+001  2.4797318e+001  2.1536606e+001  2.0450342e+001
 -2.6666667e-001  2.3298788e+001  2.7465727e+001  2.4814657e+001  2.1537161e+001  2.0454645e+001
 -2.6000000e-001  2.3273666e+001  2.7466635e+001  2.4843885e+001  2.1549349e+001  2.0457661e+001
 -2.5333333e-001  2.3278378e+001  2.7456842e+001  2.4855301e+001  2.1521372e+001  2.0491173e+001
 -2.4666667e-001  2.3310946e+001  2.7449093e+001  2.4866161e+001  2.1534397e+001  2.0514204e+001
 -2.4000000e-001  2.3309551e+001  2.7429886e+001  2.4828388e+001  2.1547604e+001  2.0538261e+001
 -2.3333333e-001  2.3313677e+001  2.7430885e+001  2.4887653e+001  2.1565573e+001  2.0536169e+001
 -2.2666667e-001  2.3316149e+001  2.7404123e+001  2.4865589e+001  2.1473269e+001  2.0562157e+001
 -2.2000000e-001  2.3297958e+001  2.7413340e+001  2.4891785e+001  2.1535488e+001  2.0571974e+001
 -2.1333333e-001  2.3294462e+001  2.7420059e+001  2.4890989e+001  2.1551338e+001  2.0593416e+001
 -2.0666667e-001  2.3293156e+001  2.7398523e+001  2.4899734e+001  2.1508091e+001  2.0614616e+001
 -2.0000000e-001  2.3289711e+001  2.7364233e+001  2.4905216e+001  2.1507753e+001  2.0638918e+001
 -1.9333333e-001  2.3287495e+001  2.7329733e+001  2.4901518e+001  2.1522707e+001  2.0654831e+001
 -1.8666667e-001  2.3275503e+001  2.7312153e+001  2.4890882e+001  2.1502745e+001  2.0668337e+001
 -1.8000000e-001  2.3268690e+001  2.7321903e+001  2.4910334e+001  2.1537380e+001  2.0678701e+001
 -1.7333333e-001  2.3277855e+001  2.7323248e+001  2.4887426e+001  2.1534698e+001  2.0691528e+001
 -1.6666667e-001  2.3279011e+001  2.7319891e+001  2.4917631e+001  2.1521231e+001  2.0713537e+001
 -1.6000000e-001  2.3260773e+001  2.7299364e+001  2.4903574e+001  2.1519812e+001  2.0749352e+001
 -1.5333333e-001  2.3231819e+001  2.7277618e+001  2.4899927e+001  2.1536364e+001  2.0763472e+001
 -1.4666667e-001  2.3241419e+001  2.7285740e+001  2.4882805e+001  2.1513208e+001  2.0782751e+001
 -1.4000000e-001  2.3225033e+001  2.7287073e+001  2.4906120e+001  2.1471664e+001  2.0783592e+001
 -1.3333333e-001  2.3194342e+001  2.7292675e+001  2.4861300e+001  2.1497122e+001  2.0807903e+001
 -1.2666667e-001  2.3174107e+001  2.7290415e+001  2.4874062e+001  2.1483406e+001  2.0825500e+001
 -1.2000000e-001  2.3189640e+001  2.7308720e+001  2.4864031e+001  2.1464952e+001  2.0833994e+001
 -1.1333333e-001  2.3166096e+001  2.7309649e+001  2.4845625e+001  2.1437769e+001  2.0830490e+001
 -1.0666667e-001  2.3142612e+001  2.7305904e+001  2.4856441e+001  2.1485319e+001  2.0859579e+001
 -1.0000000e-001  2.3149702e+001  2.7315723e+001  2.4860893e+001  2.1461475e+001  2.0855316e+001
 -9.3333333e-002  2.3128166e+001  2.7328426e+001  2.4877352e+001  2.1428242e+001  2.0825029e+001
 -8.6666667e-002  2.3133966e+001  2.7344652e+001  2.4836149e+001  2.1387939e+001  2.0817732e+001
 -8.0000000e-002  2.3158207e+001  2.7333771e+001  2.4838137e+001  2.1411789e+001  2.0829191e+001
 -7.3333333e-002  2.3166634e+001  2.7338509e+001  2.4821537e+001  2.1417864e+001  2.0807199e+001
 -6.6666667e-002  2.3171259e+001  2.7337120e+001  2.4882801e+001  2.1386341e+001  2.0805613e+001
 -6.0000000e-002  2.3189329e+001  2.7365044e+001  2.4862221e+001  2.1360233e+001  2.0808693e+001
 -5.3333333e-002  2.3210295e+001  2.7381790e+001  2.4822212e+001  2.1331478e+001  2.0793259e+001
 -4.6666667e-002  2.3230377e+001  2.7394527e+001  2.4821814e+001  2.1334604e+001  2.0798483e+001
 -4.0000000e-002  2.3247606e+001  2.7398888e+001  2.4825899e+001  2.1300238e+001  2.0806955e+001
 -3.3333333e-002  2.3241356e+001  2.7419172e+001  2.4829477e+001  2.1316038e+001  2.0793356e+001
 -2.6666667e-002  2.3254391e+001  2.7439995e+001  2.4830120e+001  2.1312311e+001  2.0784132e+001
 -2.0000000e-002  2.3298487e+001  2.7447201e+001  2.4833918e+001  2.1339760e+001  2.0766035e+001
 -1.3333333e-002  2.3297861e+001  2.7445454e+001  2.4826864e+001  2.1292486e+001  2.0744135e+001
 -6.6666667e-003  2.3288301e+001  2.7462730e+001  2.4826138e+001  2.1262493e+001  2.0737862e+001
  0.0000000e+000  2.3298698e+001  2.7468758e+001  2.4806490e+001  2.1351570e+001  2.0065907e+001
  6.6666667e-003  2.3307844e+001  2.7488806e+001  2.4767860e+001  2.1359690e+001  2.0072065e+001
  1.3333333e-002  2.3295515e+001  2.7493036e+001  2.4799520e+001  2.1317781e+001  2.0713844e+001
  2.0000000e-002  2.3311108e+001  2.7487257e+001  2.4819956e+001  2.1310364e+001  2.0721060e+001
  2.6666667e-002  2.3321663e+001  2.7471455e+001  2.4776537e+001  2.1317488e+001  2.0725763e+001
  3.3333333e-002  2.3324389e+001  2.7478041e+001  2.4775393e+001  2.1280230e+001  2.0705725e+001
  4.0000000e-002  2.3330114e+001  2.7485952e+001  2.4742674e+001  2.1286373e+001  2.0694363e+001
  4.6666667e-002  2.3333471e+001  2.7501003e+001  2.4759340e+001  2.1279810e+001  2.0671932e+001
  5.3333333e-002  2.3342661e+001  2.7499523e+001  2.4766417e+001  2.1289581e+001  2.0655966e+001
  6.0000000e-002  2.3332296e+001  2.7503180e+001  2.4767120e+001  2.1276913e+001  2.0674650e+001
  6.6666667e-002  2.3316332e+001  2.7502665e+001  2.4767178e+001  2.1214634e+001  2.0659204e+001
  7.3333333e-002  2.3309431e+001  2.7492666e+001  2.4715387e+001  2.1208317e+001  2.0642895e+001
  8.0000000e-002  2.3299530e+001  2.7484343e+001  2.4706675e+001  2.1201595e+001  2.0636545e+001
  8.6666667e-002  2.3288788e+001  2.7493320e+001  2.4673819e+001  2.1183605e+001  2.0623663e+001
  9.3333333e-002  2.3264273e+001  2.7492119e+001  2.4647627e+001  2.1177004e+001  2.0616316e+001
  1.0000000e-001  2.3249037e+001  2.7490921e+001  2.4630676e+001  2.1195356e+001  2.0601196e+001
  1.0666667e-001  2.3234818e+001  2.7486446e+001  2.4586271e+001  2.1118587e+001  2.0623148e+001
  1.1333333e-001  2.3216356e+001  2.7479103e+001  2.4581656e+001  2.1104393e+001  2.0630791e+001
  1.2000000e-001  2.3213316e+001  2.7485220e+001  2.4600204e+001  2.1058037e+001  2.0635241e+001
  1.2666667e-001  2.3211685e+001  2.7479067e+001  2.4653475e+001  2.1056084e+001  2.0629387e+001
  1.3333333e-001  2.3200602e+001  2.7448673e+001  2.4666267e+001  2.1086773e+001  2.0639458e+001
  1.4000000e-001  2.3152336e+001  2.7413389e+001  2.4646656e+001  2.1114008e+001  2.0658997e+001
  1.4666667e-001  2.3133776e+001  2.7392523e+001  2.4701160e+001  2.1161898e+001  2.0648453e+001
  1.5333333e-001  2.3097404e+001  2.7370815e+001  2.4699902e+001  2.1191481e+001  2.0636251e+001
  1.6000000e-001  2.3039169e+001  2.7353573e+001  2.3981705e+001  2.1247192e+001  2.0586971e+001
  1.6666667e-001  2.3000193e+001  2.7312767e+001  2.3966042e+001  2.1300043e+001  2.0580530e+001
  1.7333333e-001  2.2967510e+001  2.7278498e+001  2.3959909e+001  2.1341274e+001  2.0550795e+001
  1.8000000e-001  2.2904470e+001  2.7256805e+001  2.3968306e+001  2.1371550e+001  2.0490011e+001
  1.8666667e-001  2.2849894e+001  2.7235603e+001  2.3978344e+001  2.1350052e+001  2.0451939e+001
  1.9333333e-001  2.2787649e+001  2.7242954e+001  2.3976288e+001  2.1403227e+001  2.0412451e+001
  2.0000000e-001  2.2707018e+001  2.7265375e+001  2.3938808e+001  2.1407566e+001  2.0387363e+001
  2.0666667e-001  2.2646801e+001  2.7311405e+001  2.3908630e+001  2.1432209e+001  2.0337101e+001
  2.1333333e-001  2.2295963e+001  2.7362970e+001  2.3912502e+001  2.1468235e+001  2.0268404e+001
  2.2000000e-001  2.2159908e+001  2.7394718e+001  2.3949076e+001  2.1523222e+001  2.0214916e+001
  2.2666667e-001  2.2016426e+001  2.7416111e+001  2.3945734e+001  2.1473810e+001  2.0159105e+001
  2.3333333e-001  2.1901035e+001  2.7437738e+001  2.3901712e+001  2.1520294e+001  2.0119204e+001
  2.4000000e-001  2.1814449e+001  2.7427767e+001  2.3885603e+001  2.1587915e+001  2.0090294e+001
  2.4666667e-001  2.1707806e+001  2.7402161e+001  2.3879652e+001  2.1602684e+001  2.0028172e+001
  2.5333333e-001  2.1592325e+001  2.7373447e+001  2.3900928e+001  2.1642111e+001  1.9976954e+001
  2.6000000e-001  2.1470440e+001  2.7346479e+001  2.3849247e+001  2.1655075e+001  1.9967417e+001
  2.6666667e-001  2.1309305e+001  2.7318068e+001  2.3736795e+001  2.1677311e+001  1.9972055e+001
  2.7333333e-001  2.1159861e+001  2.7301876e+001  2.3676159e+001  2.2525963e+001  1.9995388e+001
  2.8000000e-001  2.1002861e+001  2.7297308e+001  2.3658484e+001  2.1821615e+001  2.0039309e+001
  2.8666667e-001  2.0851707e+001  2.7293459e+001  2.3629930e+001  2.1908924e+001  2.0146584e+001
  2.9333333e-001  2.0751221e+001  2.7311777e+001  2.3601929e+001  2.2675383e+001  2.0258850e+001
  3.0000000e-001  2.0691406e+001  2.7343803e+001  2.3592600e+001  2.2748299e+001  2.0390514e+001
  3.0666667e-001  2.0631226e+001  2.7414085e+001  2.3595745e+001  2.2825377e+001  2.0547192e+001
  3.1333333e-001  2.0600401e+001  2.7482822e+001  2.3684172e+001  2.2920769e+001  2.0753534e+001
  3.2000000e-001  2.0586859e+001  2.7594051e+001  2.3768900e+001  2.3044716e+001  2.0985140e+001
  3.2666667e-001  2.0577446e+001  2.7762848e+001  2.3907318e+001  2.2478985e+001  2.1244106e+001
  3.3333333e-001  2.0562521e+001  2.7892769e+001  2.4034586e+001  2.2585327e+001  2.1535633e+001
  3.4000000e-001  2.0591503e+001  2.8066828e+001  2.4247770e+001  2.3392103e+001  2.1831478e+001
  3.4666667e-001  2.0624838e+001  2.8253897e+001  2.4496531e+001  2.3529573e+001  2.2139767e+001
  3.5333333e-001  2.0623163e+001  2.8440102e+001  2.4753969e+001  2.3676929e+001  2.2505287e+001
  3.6000000e-001  2.0624445e+001  2.8683346e+001  2.5031649e+001  2.3825306e+001  2.2915243e+001
  3.6666667e-001  2.0618521e+001  2.8884991e+001  2.5971109e+001  2.3972961e+001  2.3394709e+001
  3.7333333e-001  2.0577179e+001  2.9107439e+001  2.6261307e+001  2.4155142e+001  2.3918678e+001
  3.8000000e-001  2.0504896e+001  2.9358841e+001  2.6591200e+001  2.4337713e+001  2.4503700e+001
  3.8666667e-001  2.0366095e+001  2.9617708e+001  2.6220804e+001  2.4508158e+001  2.5165857e+001
  3.9333333e-001  2.0235218e+001  2.9853249e+001  2.6450363e+001  2.4680096e+001  2.5850529e+001
  4.0000000e-001  2.0131554e+001  3.0080837e+001  2.6657957e+001  2.4867037e+001  2.6571211e+001
  4.0666667e-001  2.0065811e+001  3.0275261e+001  2.6858711e+001  2.5045605e+001  2.7335077e+001
  4.1333333e-001  1.9969481e+001  3.0473139e+001  2.7020775e+001  2.5270958e+001  2.8124365e+001
  4.2000000e-001  1.9852232e+001  3.0661802e+001  2.7141068e+001  2.5497799e+001  2.8902420e+001
  4.2666667e-001  1.9817545e+001  3.0835897e+001  2.7275017e+001  2.5762165e+001  2.9700262e+001
  4.3333333e-001  1.9822226e+001  3.1027958e+001  2.7392967e+001  2.6032707e+001  3.0464815e+001
  4.4000000e-001  1.9800526e+001  3.1233189e+001  2.7515783e+001  2.6295156e+001  3.1235426e+001
  4.4666667e-001  1.9857979e+001  3.1414845e+001  2.7711359e+001  2.6609230e+001  3.2016087e+001
  4.5333333e-001  1.9951990e+001  3.1556742e+001  2.7928192e+001  2.6908625e+001  3.2773983e+001
  4.6000000e-001  2.0105173e+001  3.1734428e+001  2.8178665e+001  2.7266886e+001  3.3565182e+001
  4.6666667e-001  2.0230076e+001  3.1935249e+001  2.8408300e+001  2.7679853e+001  3.4387768e+001
  4.7333333e-001  2.0366739e+001  3.2102531e+001  2.8680132e+001  2.8088154e+001  3.5217876e+001
  4.8000000e-001  2.0511112e+001  3.2256969e+001  2.8964725e+001  2.8552235e+001  3.5822964e+001
  4.8666667e-001  2.0675562e+001  3.2447723e+001  2.9308229e+001  2.9041233e+001  3.6703846e+001
  4.9333333e-001  2.0873997e+001  3.2621037e+001  2.9560270e+001  2.9546753e+001  3.7597023e+001
  5.0000000e-001  2.1138075e+001  3.2822456e+001  2.9787052e+001  3.0089716e+001  3.8470257e+001
  5.0666667e-001  2.1527117e+001  3.3019794e+001  3.0103701e+001  3.0652031e+001  3.9374142e+001
  5.1333333e-001  2.2088190e+001  3.3243366e+001  3.0404577e+001  3.1241955e+001  4.0210762e+001
  5.2000000e-001  2.2817793e+001  3.3469086e+001  3.0647196e+001  3.1806471e+001  4.1012737e+001
  5.2666667e-001  2.3680094e+001  3.3681801e+001  3.0984928e+001  3.2368046e+001  4.1771172e+001
  5.3333333e-001  2.4669960e+001  3.3907772e+001  3.1285921e+001  3.2964794e+001  4.2493015e+001
  5.4000000e-001  2.5757359e+001  3.4154678e+001  3.1510036e+001  3.3558224e+001  4.3202541e+001
  5.4666667e-001  2.6806870e+001  3.4377991e+001  3.1824707e+001  3.4112747e+001  4.3874187e+001
  5.5333333e-001  2.7671547e+001  3.4613152e+001  3.2176094e+001  3.4652271e+001  4.4535858e+001
  5.6000000e-001  2.8486763e+001  3.4848511e+001  3.2508915e+001  3.5201477e+001  4.5184612e+001
  5.6666667e-001  2.9141037e+001  3.5053478e+001  3.2818886e+001  3.5699272e+001  4.5860283e+001
  5.7333333e-001  2.9556231e+001  3.5271584e+001  3.3170414e+001  3.6193039e+001  4.6502052e+001
  5.8000000e-001  2.9749016e+001  3.5492199e+001  3.3553192e+001  3.6659470e+001  4.7166203e+001
  5.8666667e-001  2.9878708e+001  3.5724159e+001  3.3917263e+001  3.7100788e+001  4.7818344e+001
  5.9333333e-001  2.9886808e+001  3.5921936e+001  3.4224537e+001  3.7532738e+001  4.8417690e+001
  6.0000000e-001  2.9633408e+001  3.6109409e+001  3.4490479e+001  3.7950703e+001  4.9011917e+001
  6.0666667e-001  2.9068552e+001  3.6285183e+001  3.4834610e+001  3.8375183e+001  4.9643024e+001
  6.1333333e-001  2.8354370e+001  3.6433338e+001  3.5154442e+001  3.8787048e+001  5.0202915e+001
  6.2000000e-001  2.8096258e+001  3.6626114e+001  3.5498291e+001  3.9200516e+001  5.0691399e+001
  6.2666667e-001  2.7929287e+001  3.6799911e+001  3.6633865e+001  3.9603691e+001  5.1180191e+001
  6.3333333e-001  2.7905540e+001  3.6953323e+001  3.6908100e+001  3.9972397e+001  5.1676609e+001
  6.4000000e-001  2.7857452e+001  3.7117500e+001  3.7196819e+001  4.0339874e+001  5.2129719e+001
  6.4666667e-001  2.7774874e+001  3.7301559e+001  3.7495750e+001  4.0690254e+001  5.2500233e+001
  6.5333333e-001  2.7727516e+001  3.6779877e+001  3.7791538e+001  4.1068630e+001  5.2863033e+001
  6.6000000e-001  2.7801569e+001  3.6896915e+001  3.8089115e+001  4.1433762e+001  5.3207535e+001
  6.6666667e-001  2.7859274e+001  3.7014381e+001  3.8392693e+001  4.1791737e+001  5.3514229e+001
  6.7333333e-001  2.7673258e+001  3.7062820e+001  3.8708412e+001  4.2117607e+001  5.3791763e+001
  6.8000000e-001  2.7431986e+001  3.7147938e+001  3.9036110e+001  4.2456715e+001  5.4057892e+001
  6.8666667e-001  2.7216055e+001  3.7265545e+001  3.9331173e+001  4.2764805e+001  5.4294842e+001
  6.9333333e-001  2.7319801e+001  3.7383717e+001  3.9658401e+001  4.3039650e+001  5.4553741e+001
  7.0000000e-001  2.7638023e+001  3.7384430e+001  3.9985466e+001  4.3284138e+001  5.4767803e+001
  7.0666667e-001  2.8087637e+001  3.7376648e+001  4.0311680e+001  4.3541428e+001  5.4986946e+001
  7.1333333e-001  2.8686611e+001  3.7413055e+001  4.0665749e+001  4.3777592e+001  5.5223190e+001
  7.2000000e-001  2.9274853e+001  3.7350807e+001  4.1020363e+001  4.3952469e+001  5.5461090e+001
  7.2666667e-001  2.9656939e+001  3.7385326e+001  4.1352974e+001  4.4104755e+001  5.5717216e+001
  7.3333333e-001  2.9855621e+001  3.7394073e+001  4.1698082e+001  4.4268082e+001  5.5982571e+001
  7.4000000e-001  3.0003092e+001  3.7935253e+001  4.2063286e+001  4.4393143e+001  5.6214062e+001
  7.4666667e-001  3.0268642e+001  3.7999664e+001  4.2420391e+001  4.4507896e+001  5.6430458e+001
  7.5333333e-001  3.0588924e+001  3.7984715e+001  4.2745663e+001  4.4614697e+001  5.6669399e+001
  7.6000000e-001  3.0847689e+001  3.7983212e+001  4.3075535e+001  4.4702732e+001  5.6914070e+001
  7.6666667e-001  3.0968765e+001  3.8030476e+001  4.3412312e+001  4.4779636e+001  5.7144588e+001
  7.7333333e-001  3.1024591e+001  3.8085316e+001  4.3699009e+001  4.4813515e+001  5.7345074e+001
  7.8000000e-001  3.0951939e+001  3.8187325e+001  4.3956772e+001  4.4872887e+001  5.7560196e+001
  7.8666667e-001  3.0788839e+001  3.8227024e+001  4.4221054e+001  4.4906033e+001  5.7775238e+001
  7.9333333e-001  3.0566275e+001  3.8292797e+001  4.4509388e+001  4.4917828e+001  5.7962830e+001
  8.0000000e-001  3.0287607e+001  3.8188370e+001  4.4764774e+001  4.4934109e+001  5.8136570e+001
  8.0666667e-001  2.9963963e+001  3.8175377e+001  4.4983944e+001  4.4943787e+001  5.8312366e+001
  8.1333333e-001  2.9596220e+001  3.8224201e+001  4.5177711e+001  4.4940472e+001  5.8509682e+001
  8.2000000e-001  2.9217377e+001  3.8279667e+001  4.5363831e+001  4.4886650e+001  5.8730148e+001
  8.2666667e-001  2.8843294e+001  3.8342106e+001  4.5540806e+001  4.4849548e+001  5.8938152e+001
  8.3333333e-001  2.8435028e+001  3.8385807e+001  4.5722893e+001  4.4823196e+001  5.9132050e+001
  8.4000000e-001  2.8020975e+001  3.8401394e+001  4.5913498e+001  4.4781960e+001  5.9329483e+001
  8.4666667e-001  2.7658766e+001  3.8414474e+001  4.6126804e+001  4.4091412e+001  5.9508411e+001
  8.5333333e-001  2.7341209e+001  3.8418964e+001  4.6339134e+001  4.4019226e+001  5.9681061e+001
  8.6000000e-001  2.7034103e+001  3.8435833e+001  4.6553574e+001  4.3973682e+001  5.9848133e+001
  8.6666667e-001  2.6710585e+001  3.8404179e+001  4.6050343e+001  4.3832825e+001  5.9998180e+001
  8.7333333e-001  2.6384804e+001  3.8413391e+001  4.6153080e+001  4.3714069e+001  6.0145958e+001
  8.8000000e-001  2.6106972e+001  3.8367050e+001  4.6292316e+001  4.3640438e+001  6.0268127e+001
  8.8666667e-001  2.5836561e+001  3.8278015e+001  4.6486622e+001  4.3533813e+001  6.0385300e+001
  8.9333333e-001  2.5587238e+001  3.8224491e+001  4.6644741e+001  4.3380375e+001  6.0476826e+001
  9.0000000e-001  2.5356009e+001  3.8115788e+001  4.6752663e+001  4.3276894e+001  6.0581100e+001
  9.0666667e-001  2.5110662e+001  3.8008820e+001  4.6828140e+001  4.3156857e+001  6.0687187e+001
  9.1333333e-001  2.4879614e+001  3.7901821e+001  4.6955585e+001  4.2982662e+001  6.0758930e+001
  9.2000000e-001  2.4670235e+001  3.7766296e+001  4.7078808e+001  4.2826866e+001  6.0878605e+001
  9.2666667e-001  2.4491241e+001  3.7624180e+001  4.7265270e+001  4.2652172e+001  6.0991249e+001
  9.3333333e-001  2.4291233e+001  3.7501419e+001  4.7423714e+001  4.2540646e+001  6.1049686e+001
  9.4000000e-001  2.4076036e+001  3.7333050e+001  4.7567276e+001  4.2376785e+001  6.1138500e+001
  9.4666667e-001  2.3871723e+001  3.7195019e+001  4.7739986e+001  4.2200985e+001  6.1247536e+001
  9.5333333e-001  2.3700127e+001  3.7065491e+001  4.7930882e+001  4.1992584e+001  6.1311352e+001
  9.6000000e-001  2.3519552e+001  3.6913345e+001  4.8121147e+001  4.1759327e+001  6.1401810e+001
  9.6666667e-001  2.3383459e+001  3.6739021e+001  4.8314739e+001  4.1545727e+001  6.1522247e+001
  9.7333333e-001  2.3250940e+001  3.6584450e+001  4.8393368e+001  4.1347778e+001  6.1603432e+001
  9.8000000e-001  2.3075418e+001  3.6437771e+001  4.8530052e+001  4.1168446e+001  6.1701530e+001
  9.8666667e-001  2.2900311e+001  3.6294991e+001  4.8678604e+001  4.0973625e+001  6.1783752e+001
  9.9333333e-001  2.2751030e+001  3.6120052e+001  4.8789028e+001  4.0725121e+001  6.1872185e+001
  1.0000000e+000  2.2606443e+001  3.5953751e+001  4.8887604e+001  4.0543602e+001  6.1960896e+001
  1.0066667e+000  2.2505577e+001  3.5794991e+001  4.8998596e+001  4.0372608e+001  6.2060329e+001
  1.0133333e+000  2.2523102e+001  3.5623688e+001  4.9110725e+001  4.0144573e+001  6.2174091e+001
  1.0200000e+000  2.2618982e+001  3.5487148e+001  4.9154484e+001  3.9874840e+001  6.2306366e+001
  1.0266667e+000  2.2690657e+001  3.5326942e+001  4.9188931e+001  3.9736797e+001  6.2428108e+001
  1.0333333e+000  2.2732920e+001  3.5128124e+001  4.9190006e+001  3.9548485e+001  6.2535778e+001
  1.0400000e+000  2.2867243e+001  3.4950405e+001  4.9200500e+001  3.9340752e+001  6.2632038e+001
  1.0466667e+000  2.2980391e+001  3.4797516e+001  4.9188412e+001  3.9181026e+001  6.2731026e+001
  1.0533333e+000  2.2823423e+001  3.4611237e+001  4.9124226e+001  3.8994324e+001  6.2808304e+001
  1.0600000e+000  2.2445511e+001  3.4443859e+001  4.9070923e+001  3.8837490e+001  6.2891651e+001
  1.0666667e+000  2.2061356e+001  3.4282875e+001  4.9006451e+001  3.8639114e+001  6.2989384e+001
  1.0733333e+000  2.1671740e+001  3.4119526e+001  4.8927586e+001  3.8452984e+001  6.3087883e+001
  1.0800000e+000  2.1288406e+001  3.3967487e+001  4.8887280e+001  3.8265659e+001  6.3204823e+001
  1.0866667e+000  2.1021402e+001  3.3787975e+001  4.8840141e+001  3.8089981e+001  6.3311478e+001
  1.0933333e+000  2.0824837e+001  3.3619518e+001  4.8788300e+001  3.7944561e+001  6.3440517e+001
  1.1000000e+000  2.1120214e+001  3.3443798e+001  4.8722569e+001  3.7738529e+001  6.3570442e+001
  1.1066667e+000  2.0941355e+001  3.3263313e+001  4.8676304e+001  3.7499962e+001  6.3684963e+001
  1.1133333e+000  2.0712849e+001  3.3121960e+001  4.8574261e+001  3.7307468e+001  6.3824062e+001
  1.1200000e+000  2.0473629e+001  3.2968754e+001  4.8492081e+001  3.7128876e+001  6.3939075e+001
  1.1266667e+000  1.9728155e+001  3.2783707e+001  4.8510609e+001  3.6893490e+001  6.4020592e+001
  1.1333333e+000  1.9512363e+001  3.2601170e+001  4.8513535e+001  3.6735855e+001  6.4092720e+001
  1.1400000e+000  1.9351246e+001  3.2455627e+001  4.8480621e+001  3.6541019e+001  6.4157753e+001
  1.1466667e+000  1.9241013e+001  3.2309711e+001  4.8466953e+001  3.6327400e+001  6.4256744e+001
  1.1533333e+000  1.9114052e+001  3.2147022e+001  4.8433762e+001  3.6169083e+001  6.4356216e+001
  1.1600000e+000  1.9017920e+001  3.1965485e+001  4.8828579e+001  3.5944763e+001  6.4428688e+001
  1.1666667e+000  1.8874195e+001  3.1825611e+001  4.8839832e+001  3.5707836e+001  6.4532089e+001
  1.1733333e+000  1.9384773e+001  3.1730337e+001  4.8877464e+001  3.5521702e+001  6.4649582e+001
  1.1800000e+000  1.9316568e+001  3.1602221e+001  4.8823120e+001  3.5319206e+001  6.4748283e+001
  1.1866667e+000  1.8700893e+001  3.1456156e+001  4.8814323e+001  3.5110653e+001  6.4874687e+001
  1.1933333e+000  1.9213858e+001  3.1308922e+001  4.8841763e+001  3.4881805e+001  6.4985870e+001
  1.2000000e+000  1.9178312e+001  3.1147999e+001  4.8802170e+001  3.4723469e+001  6.5082535e+001
  1.2066667e+000  1.9190382e+001  3.1038174e+001  4.8741268e+001  3.4481094e+001  6.5180748e+001
  1.2133333e+000  1.9142967e+001  3.0905670e+001  4.8719418e+001  3.4309555e+001  6.5288544e+001
  1.2200000e+000  1.9125046e+001  3.0762253e+001  4.8745777e+001  3.4121025e+001  6.5385132e+001
  1.2266667e+000  1.9075283e+001  3.0600088e+001  4.8724007e+001  3.3980408e+001  6.5486557e+001
  1.2333333e+000  1.9095381e+001  3.0476185e+001  4.8712921e+001  3.3763523e+001  6.5586113e+001
  1.2400000e+000  1.9138826e+001  3.0311092e+001  4.8684124e+001  3.3577301e+001  6.5718712e+001
  1.2466667e+000  1.9146933e+001  3.0104650e+001  4.8711044e+001  3.3444492e+001  6.5866249e+001
  1.2533333e+000  1.8631479e+001  2.9952419e+001  4.8686893e+001  3.3302437e+001  6.6022552e+001
  1.2600000e+000  1.8651613e+001  2.9798525e+001  4.8610497e+001  3.3117207e+001  6.6186295e+001
  1.2666667e+000  1.9156605e+001  2.9619518e+001  4.8514545e+001  3.2885151e+001  6.6365715e+001
  1.2733333e+000  1.9184816e+001  2.9395546e+001  4.8425236e+001  3.2727409e+001  6.6535004e+001
  1.2800000e+000  1.8724926e+001  2.9184784e+001  4.8354874e+001  3.2552578e+001  6.6683495e+001
  1.2866667e+000  1.8754416e+001  2.8997875e+001  4.8251534e+001  3.2389114e+001  6.6824890e+001
  1.2933333e+000  1.8770695e+001  2.8802010e+001  4.8196964e+001  3.2215908e+001  6.6953453e+001
  1.3000000e+000  1.9287798e+001  2.8622412e+001  4.8132900e+001  3.2048256e+001  6.7091133e+001
  1.3066667e+000  1.9342426e+001  2.8437241e+001  4.8071362e+001  3.1869379e+001  6.7233261e+001
  1.3133333e+000  1.9373762e+001  2.8250320e+001  4.8085411e+001  3.1739616e+001  6.7399422e+001
  1.3200000e+000  1.8766253e+001  2.8037180e+001  4.8074169e+001  3.1570238e+001  6.7604187e+001
  1.3266667e+000  1.8777996e+001  2.7888094e+001  4.8050392e+001  3.1348288e+001  6.7820992e+001
  1.3333333e+000  1.8828409e+001  2.7729427e+001  4.8032925e+001  3.1177774e+001  6.8064888e+001
  1.3400000e+000  1.9461855e+001  2.7551891e+001  4.8018322e+001  3.0986471e+001  6.8357422e+001
  1.3466667e+000  1.9512697e+001  2.7403507e+001  4.7957157e+001  3.0824764e+001  6.8684364e+001
  1.3533333e+000  1.9566977e+001  2.7279537e+001  4.7717983e+001  3.0651947e+001  6.8979179e+001
  1.3600000e+000  1.9622368e+001  2.7182920e+001  4.7692783e+001  3.0538870e+001  6.9280739e+001
  1.3666667e+000  1.9110891e+001  2.7042711e+001  4.7893909e+001  3.0369026e+001  6.9620697e+001
  1.3733333e+000  1.9218119e+001  2.6911768e+001  4.7831253e+001  3.0165224e+001  6.9960030e+001
  1.3800000e+000  1.9301962e+001  2.6817677e+001  4.7557178e+001  2.9960175e+001  7.0263557e+001
  1.3866667e+000  1.9409370e+001  2.6752810e+001  4.7479900e+001  2.9774660e+001  7.0495544e+001
  1.3933333e+000  1.9526936e+001  2.6659159e+001  4.7397614e+001  2.9639217e+001  7.0644218e+001
  1.4000000e+000  1.9629524e+001  2.6566999e+001  4.7363815e+001  2.9451298e+001  7.0708298e+001
  1.4066667e+000  1.9737038e+001  2.6486032e+001  4.7307903e+001  2.9300920e+001  7.0657150e+001
  1.4133333e+000  1.9842743e+001  2.6448366e+001  4.7229481e+001  2.9135555e+001  7.0524765e+001
  1.4200000e+000  1.9946091e+001  2.6391874e+001  4.7121742e+001  2.8947203e+001  7.0311882e+001
  1.4266667e+000  2.0030264e+001  2.6338150e+001  4.7038853e+001  2.8811264e+001  7.0063026e+001
  1.4333333e+000  2.0131372e+001  2.6285610e+001  4.6993774e+001  2.8663223e+001  6.9803642e+001
  1.4400000e+000  2.0262411e+001  2.6255457e+001  4.6943920e+001  2.8514124e+001  6.9478485e+001
  1.4466667e+000  2.0363653e+001  2.6187807e+001  4.6883274e+001  2.8362078e+001  6.9113411e+001
  1.4533333e+000  2.0488859e+001  2.6170033e+001  4.6789619e+001  2.8149456e+001  6.8686913e+001
  1.4600000e+000  2.0647276e+001  2.6171835e+001  4.6708958e+001  2.7943853e+001  6.8201782e+001
  1.4666667e+000  2.0811827e+001  2.6126747e+001  4.6623306e+001  2.7839119e+001  6.7696053e+001
  1.4733333e+000  2.1565102e+001  2.6114788e+001  4.6488834e+001  2.7619858e+001  6.7145897e+001
  1.4800000e+000  2.1731562e+001  2.6133020e+001  4.6349453e+001  2.7436407e+001  6.6588356e+001
  1.4866667e+000  2.1890018e+001  2.6138416e+001  4.6252682e+001  2.7305313e+001  6.5990234e+001
  1.4933333e+000  2.2022974e+001  2.6119474e+001  4.6121391e+001  2.7074301e+001  6.5347878e+001
  1.5000000e+000  2.1686781e+001  2.6088064e+001  4.5927212e+001  2.6863726e+001  6.4683151e+001
  1.5066667e+000  2.1868395e+001  2.6079571e+001  4.5722645e+001  2.6639008e+001  6.4002403e+001
  1.5133333e+000  2.2013487e+001  2.6131798e+001  4.5514893e+001  2.6419447e+001  6.3277222e+001
  1.5200000e+000  2.2136465e+001  2.6108923e+001  4.5355156e+001  2.6214697e+001  6.2498528e+001
  1.5266667e+000  2.2257240e+001  2.6116104e+001  4.5125134e+001  2.6060114e+001  6.1634502e+001
  1.5333333e+000  2.2396980e+001  2.6152702e+001  4.4900658e+001  2.5812420e+001  6.0771473e+001
  1.5400000e+000  2.3090729e+001  2.6177305e+001  4.4689148e+001  2.5535248e+001  5.9888836e+001
  1.5466667e+000  2.3259104e+001  2.6216240e+001  4.4453503e+001  2.5395149e+001  5.9019585e+001
  1.5533333e+000  2.2886965e+001  2.6247009e+001  4.4175064e+001  2.5167982e+001  5.8569576e+001
  1.5600000e+000  2.2997328e+001  2.6279625e+001  4.3941013e+001  2.4932161e+001  5.8949848e+001
  1.5666667e+000  2.3458204e+001  2.6319761e+001  4.3697594e+001  2.4950462e+001  5.9388203e+001
  1.5733333e+000  2.3650368e+001  2.6363386e+001  4.3400219e+001  2.4741201e+001  5.8779755e+001
  1.5800000e+000  2.3014355e+001  2.6414530e+001  4.3080902e+001  2.4547066e+001  5.7514133e+001
  1.5866667e+000  2.3105904e+001  2.6465149e+001  4.2751522e+001  2.4377758e+001  5.6368698e+001
  1.5933333e+000  2.3197695e+001  2.6538187e+001  4.2433201e+001  2.4782959e+001  5.5385056e+001
  1.6000000e+000  2.3277718e+001  2.6616655e+001  4.2093857e+001  2.4583981e+001  5.4301956e+001
  1.6066667e+000  2.3339781e+001  2.6655975e+001  4.1721340e+001  2.4119005e+001  5.3214901e+001
  1.6133333e+000  2.3199648e+001  2.6746353e+001  4.1341511e+001  2.3959429e+001  5.2210651e+001
  1.6200000e+000  2.4234386e+001  2.6847956e+001  4.0928928e+001  2.4042892e+001  5.1248951e+001
  1.6266667e+000  2.4379196e+001  2.6946594e+001  4.0495316e+001  2.3938873e+001  5.0193661e+001
  1.6333333e+000  2.4543253e+001  2.7019320e+001  4.0053986e+001  2.3770798e+001  4.9100006e+001
  1.6400000e+000  2.4663193e+001  2.7119766e+001  3.9639072e+001  2.3591181e+001  4.8065395e+001
  1.6466667e+000  2.4702368e+001  2.7212084e+001  3.9257565e+001  2.3494553e+001  4.7151867e+001
  1.6533333e+000  2.4764509e+001  2.7306849e+001  3.8774994e+001  2.3358845e+001  4.6330883e+001
  1.6600000e+000  2.4870047e+001  2.7403828e+001  3.8248352e+001  2.3192444e+001  4.5530846e+001
  1.6666667e+000  2.4905666e+001  2.7512016e+001  3.7810341e+001  2.3045267e+001  4.4795830e+001
  1.6733333e+000  2.4929304e+001  2.7592033e+001  3.7390961e+001  2.2880138e+001  4.4166935e+001
  1.6800000e+000  2.4993378e+001  2.7657040e+001  3.6909573e+001  2.2710159e+001  4.3600372e+001
  1.6866667e+000  2.4521996e+001  2.7777815e+001  3.6404808e+001  2.2627129e+001  4.3084515e+001
  1.6933333e+000  2.4588432e+001  2.7898350e+001  3.5861881e+001  2.2553761e+001  4.2595661e+001
  1.7000000e+000  2.4631668e+001  2.8038540e+001  3.5330223e+001  2.2412161e+001  4.2110069e+001
  1.7066667e+000  2.4640682e+001  2.8162357e+001  3.4817616e+001  2.2255587e+001  4.1875626e+001
  1.7133333e+000  2.4676922e+001  2.8274309e+001  3.4200356e+001  2.2152248e+001  4.1752293e+001
  1.7200000e+000  2.4741869e+001  2.8418776e+001  3.3590214e+001  2.2010839e+001  4.1643940e+001
  1.7266667e+000  2.4816643e+001  2.8521097e+001  3.3280224e+001  2.1919184e+001  4.1705677e+001
  1.7333333e+000  2.4888071e+001  2.8615805e+001  3.2619637e+001  2.1798861e+001  4.1863792e+001
  1.7400000e+000  2.5465195e+001  2.8718733e+001  3.1722090e+001  2.1724024e+001  4.2081665e+001
  1.7466667e+000  2.5561848e+001  2.8831736e+001  3.1098013e+001  2.1641417e+001  4.2690247e+001
  1.7533333e+000  2.5167755e+001  2.8937237e+001  3.0786060e+001  2.1549839e+001  4.3351994e+001
  1.7600000e+000  2.5249144e+001  2.9008726e+001  3.0167122e+001  2.1431883e+001  4.4054939e+001
  1.7666667e+000  2.5355131e+001  2.9105963e+001  2.9508575e+001  2.1291281e+001  4.4943707e+001
  1.7733333e+000  2.5491590e+001  2.9214581e+001  2.8465136e+001  2.1191437e+001  4.6011486e+001
  1.7800000e+000  2.5631348e+001  2.9318157e+001  2.7680428e+001  2.1102121e+001  4.6608212e+001
  1.7866667e+000  2.5772520e+001  2.9399918e+001  2.7316936e+001  2.1113277e+001  4.7833740e+001
  1.7933333e+000  2.5903036e+001  2.9531572e+001  2.6562635e+001  2.1028997e+001  4.9089790e+001
  1.8000000e+000  2.6040764e+001  2.9623545e+001  2.5762594e+001  2.0970304e+001  5.0339508e+001
  1.8066667e+000  2.6199022e+001  2.9696959e+001  2.4590780e+001  2.0840895e+001  5.1867474e+001
  1.8133333e+000  2.6333424e+001  2.9788204e+001  2.3693535e+001  2.0666796e+001  5.3098213e+001
  1.8200000e+000  2.6433544e+001  2.9859838e+001  2.2948505e+001  2.0572947e+001             NaN
  1.8266667e+000  2.6561460e+001  2.9972700e+001  2.2939020e+001  2.0496044e+001             NaN
  1.8333333e+000  2.6692947e+001  3.0072651e+001  2.2259665e+001  2.0367550e+001             NaN
  1.8400000e+000  2.6854988e+001  3.0159189e+001  2.0905392e+001  2.0314693e+001             NaN
  1.8466667e+000  2.7023840e+001  3.0263302e+001  2.0147760e+001  2.0216934e+001             NaN
  1.8533333e+000  2.7182604e+001  3.0323032e+001  2.0177425e+001  2.0140751e+001             NaN
  1.8600000e+000  2.7331430e+001  3.0414740e+001  1.9857735e+001  2.0060148e+001             NaN
  1.8666667e+000  2.7511671e+001  3.0516233e+001  1.8394457e+001  1.9983793e+001             NaN
  1.8733333e+000  2.7679510e+001  3.0606966e+001  1.7396132e+001  1.9850941e+001             NaN
  1.8800000e+000  2.7807812e+001  3.0727512e+001  1.7496132e+001  1.9764444e+001             NaN
  1.8866667e+000  2.7950766e+001  3.0806841e+001  1.6487270e+001  1.9751694e+001             NaN
  1.8933333e+000  2.8110163e+001  3.0913523e+001  1.5898879e+001  1.9280413e+001             NaN
  1.9000000e+000  2.8233873e+001  3.1024164e+001  1.6022840e+001  1.9077450e+001             NaN
  1.9066667e+000  2.8352568e+001  3.1127140e+001  1.4750414e+001  1.8930691e+001             NaN
  1.9133333e+000  2.8494459e+001  3.1181541e+001  1.4334083e+001  1.8859760e+001             NaN
  1.9200000e+000  2.8657719e+001  3.1282444e+001  1.3813193e+001  1.8792952e+001             NaN
  1.9266667e+000  2.8823278e+001  3.1382797e+001  1.4292708e+001  1.8640203e+001             NaN
  1.9333333e+000  2.8928177e+001  3.1452469e+001  1.3274743e+001  1.8487247e+001             NaN
  1.9400000e+000  2.9012636e+001  3.1562731e+001  1.3054966e+001  1.8403465e+001             NaN
  1.9466667e+000  2.9126642e+001  3.1654583e+001  1.2949589e+001  1.8336897e+001             NaN
  1.9533333e+000  2.9200012e+001  3.1765411e+001  1.2904041e+001  1.8222916e+001             NaN
  1.9600000e+000  2.9255644e+001  3.1857037e+001  1.2884130e+001  1.8090679e+001             NaN
  1.9666667e+000  2.9336462e+001  3.1954699e+001  1.2921138e+001  1.7982294e+001             NaN
  1.9733333e+000  2.9438263e+001  3.2015381e+001  1.3059153e+001  1.7897680e+001             NaN
  1.9800000e+000  2.9533779e+001  3.2105530e+001  1.3259831e+001  1.7812189e+001             NaN
  1.9866667e+000  2.9604195e+001  3.2189152e+001  1.3445904e+001  1.7667183e+001             NaN
  1.9933333e+000  2.9625061e+001  3.2227665e+001  1.3631237e+001  1.7557026e+001             NaN
  2.0000000e+000  2.9635792e+001  3.2293106e+001  1.3868987e+001  1.7493176e+001             NaN
