 -5.0000000e-001  1.9673488e+002  1.9654968e+002  1.9647018e+002  1.9762685e+002  1.9728764e+002  1.9724927e+002  1.9879530e+002
 -4.9333333e-001  1.9674089e+002  1.9660106e+002  1.9649423e+002  1.9764256e+002  1.9723642e+002  1.9720338e+002  1.9876601e+002
 -4.8666667e-001  1.9674361e+002  1.9659532e+002  1.9650345e+002  1.9765321e+002  1.9725554e+002  1.9726021e+002  1.9877957e+002
 -4.8000000e-001  1.9674818e+002  1.9657268e+002  1.9648143e+002  1.9763225e+002  1.9726991e+002  1.9727632e+002  1.9878822e+002
 -4.7333333e-001  1.9672835e+002  1.9657338e+002  1.9650537e+002  1.9761067e+002  1.9728627e+002  1.9723471e+002  1.9875546e+002
 -4.6666667e-001  1.9670140e+002  1.9659119e+002  1.9649739e+002  1.9762822e+002  1.9729254e+002  1.9721704e+002  1.9874370e+002
 -4.6000000e-001  1.9672801e+002  1.9660005e+002  1.9649168e+002  1.9765157e+002  1.9722316e+002  1.9721269e+002  1.9876062e+002
 -4.5333333e-001  1.9677307e+002  1.9658208e+002  1.9648898e+002  1.9763503e+002  1.9724648e+002  1.9723616e+002  1.9876868e+002
 -4.4666667e-001  1.9675056e+002  1.9656535e+002  1.9649175e+002  1.9764162e+002  1.9725201e+002  1.9726042e+002  1.9878786e+002
 -4.4000000e-001  1.9674367e+002  1.9655626e+002  1.9647449e+002  1.9765456e+002  1.9724916e+002  1.9725688e+002  1.9883157e+002
 -4.3333333e-001  1.9676773e+002  1.9657994e+002  1.9646687e+002  1.9764548e+002  1.9725990e+002  1.9726578e+002  1.9884853e+002
 -4.2666667e-001  1.9677116e+002  1.9662454e+002  1.9648952e+002  1.9765454e+002  1.9724918e+002  1.9727861e+002  1.9884538e+002
 -4.2000000e-001  1.9675763e+002  1.9662984e+002  1.9649400e+002  1.9766901e+002  1.9724728e+002  1.9726035e+002  1.9882336e+002
 -4.1333333e-001  1.9675705e+002  1.9658019e+002  1.9651070e+002  1.9767819e+002  1.9723245e+002  1.9723692e+002  1.9879887e+002
 -4.0666667e-001  1.9673236e+002  1.9655652e+002  1.9649823e+002  1.9767982e+002  1.9726721e+002  1.9725577e+002  1.9879807e+002
 -4.0000000e-001  1.9674342e+002  1.9654781e+002  1.9649219e+002  1.9766913e+002  1.9728336e+002  1.9724356e+002  1.9880817e+002
 -3.9333333e-001  1.9673570e+002  1.9656567e+002  1.9649442e+002  1.9764537e+002  1.9723700e+002  1.9725034e+002  1.9879392e+002
 -3.8666667e-001  1.9673579e+002  1.9657773e+002  1.9649428e+002  1.9761534e+002  1.9723709e+002  1.9726218e+002  1.9881119e+002
 -3.8000000e-001  1.9679102e+002  1.9657491e+002  1.9648857e+002  1.9760024e+002  1.9726621e+002  1.9724541e+002  1.9883112e+002
 -3.7333333e-001  1.9676498e+002  1.9657611e+002  1.9650136e+002  1.9761920e+002  1.9722398e+002  1.9725269e+002  1.9883426e+002
 -3.6666667e-001  1.9670195e+002  1.9658350e+002  1.9649677e+002  1.9764850e+002  1.9719014e+002  1.9727281e+002  1.9883640e+002
 -3.6000000e-001  1.9672629e+002  1.9658482e+002  1.9653540e+002  1.9766248e+002  1.9722496e+002  1.9726814e+002  1.9885211e+002
 -3.5333333e-001  1.9674434e+002  1.9659966e+002  1.9652229e+002  1.9765517e+002  1.9721669e+002  1.9726590e+002  1.9883031e+002
 -3.4666667e-001  1.9673477e+002  1.9659862e+002  1.9651082e+002  1.9762575e+002  1.9721198e+002  1.9728389e+002  1.9882449e+002
 -3.4000000e-001  1.9672559e+002  1.9657896e+002  1.9651325e+002  1.9763167e+002  1.9723244e+002  1.9730354e+002  1.9882918e+002
 -3.3333333e-001  1.9675317e+002  1.9659679e+002  1.9652382e+002  1.9762978e+002  1.9724292e+002  1.9733162e+002  1.9880988e+002
 -3.2666667e-001  1.9676178e+002  1.9661438e+002  1.9655460e+002  1.9762820e+002  1.9726437e+002  1.9730437e+002  1.9881624e+002
 -3.2000000e-001  1.9674532e+002  1.9660568e+002  1.9654964e+002  1.9764739e+002  1.9727145e+002  1.9728032e+002  1.9884445e+002
 -3.1333333e-001  1.9674063e+002  1.9659055e+002  1.9651985e+002  1.9765607e+002  1.9724742e+002  1.9728180e+002  1.9883739e+002
 -3.0666667e-001  1.9673460e+002  1.9658492e+002  1.9651860e+002  1.9763956e+002  1.9728180e+002  1.9730280e+002  1.9883714e+002
 -3.0000000e-001  1.9672746e+002  1.9660527e+002  1.9651036e+002  1.9764302e+002  1.9725787e+002  1.9732034e+002  1.9880843e+002
 -2.9333333e-001  1.9674239e+002  1.9661610e+002  1.9648984e+002  1.9765221e+002  1.9724022e+002  1.9733188e+002  1.9881688e+002
 -2.8666667e-001  1.9672314e+002  1.9662407e+002  1.9648503e+002  1.9765556e+002  1.9726529e+002  1.9731911e+002  1.9883534e+002
 -2.8000000e-001  1.9673700e+002  1.9657785e+002  1.9650439e+002  1.9764063e+002  1.9724257e+002  1.9732323e+002  1.9881097e+002
 -2.7333333e-001  1.9676874e+002  1.9660996e+002  1.9650732e+002  1.9764836e+002  1.9723622e+002  1.9729450e+002  1.9885938e+002
 -2.6666667e-001  1.9673766e+002  1.9661556e+002  1.9650681e+002  1.9768057e+002  1.9723515e+002  1.9728825e+002  1.9885011e+002
 -2.6000000e-001  1.9668701e+002  1.9657781e+002  1.9649764e+002  1.9768900e+002  1.9721332e+002  1.9729739e+002  1.9882207e+002
 -2.5333333e-001  1.9669727e+002  1.9658046e+002  1.9648329e+002  1.9766978e+002  1.9723396e+002  1.9731886e+002  1.9882459e+002
 -2.4666667e-001  1.9676267e+002  1.9656026e+002  1.9647643e+002  1.9766255e+002  1.9724307e+002  1.9732105e+002  1.9881563e+002
 -2.4000000e-001  1.9676987e+002  1.9657268e+002  1.9646481e+002  1.9762419e+002  1.9725224e+002  1.9733739e+002  1.9882550e+002
 -2.3333333e-001  1.9671376e+002  1.9658929e+002  1.9645152e+002  1.9761644e+002  1.9724216e+002  1.9732895e+002  1.9882118e+002
 -2.2666667e-001  1.9668184e+002  1.9657976e+002  1.9647790e+002  1.9764551e+002  1.9723344e+002  1.9730985e+002  1.9880367e+002
 -2.2000000e-001  1.9671861e+002  1.9658936e+002  1.9651047e+002  1.9765640e+002  1.9724704e+002  1.9732781e+002  1.9881564e+002
 -2.1333333e-001  1.9674026e+002  1.9658978e+002  1.9650481e+002  1.9764894e+002  1.9727348e+002  1.9735356e+002  1.9881984e+002
 -2.0666667e-001  1.9673373e+002  1.9657484e+002  1.9649074e+002  1.9764693e+002  1.9729909e+002  1.9729362e+002  1.9880411e+002
 -2.0000000e-001  1.9670438e+002  1.9659679e+002  1.9648569e+002  1.9764523e+002  1.9728664e+002  1.9727690e+002  1.9880924e+002
 -1.9333333e-001  1.9668866e+002  1.9656700e+002  1.9645052e+002  1.9764598e+002  1.9728050e+002  1.9732555e+002  1.9883324e+002
 -1.8666667e-001  1.9672058e+002  1.9652562e+002  1.9648535e+002  1.9764003e+002  1.9728915e+002  1.9731732e+002  1.9881603e+002
 -1.8000000e-001  1.9673752e+002  1.9654128e+002  1.9648517e+002  1.9766089e+002  1.9729941e+002  1.9727693e+002  1.9882689e+002
 -1.7333333e-001  1.9679028e+002  1.9658267e+002  1.9648834e+002  1.9764897e+002  1.9727425e+002  1.9724355e+002  1.9885992e+002
 -1.6666667e-001  1.9677922e+002  1.9656113e+002  1.9647386e+002  1.9761087e+002  1.9728590e+002  1.9731261e+002  1.9884692e+002
 -1.6000000e-001  1.9670874e+002  1.9654999e+002  1.9648828e+002  1.9762413e+002  1.9728574e+002  1.9733861e+002  1.9885408e+002
 -1.5333333e-001  1.9670895e+002  1.9655727e+002  1.9648863e+002  1.9760690e+002  1.9727866e+002  1.9730060e+002  1.9885367e+002
 -1.4666667e-001  1.9676712e+002  1.9656235e+002  1.9650465e+002  1.9762543e+002  1.9729156e+002  1.9727945e+002  1.9886610e+002
 -1.4000000e-001  1.9673854e+002  1.9655597e+002  1.9650705e+002  1.9763829e+002  1.9729205e+002  1.9728192e+002  1.9888017e+002
 -1.3333333e-001  1.9672194e+002  1.9656361e+002  1.9651308e+002  1.9761499e+002  1.9729513e+002  1.9732265e+002  1.9887410e+002
 -1.2666667e-001  1.9673675e+002  1.9654399e+002  1.9653206e+002  1.9760664e+002  1.9729245e+002  1.9730238e+002  1.9886487e+002
 -1.2000000e-001  1.9671898e+002  1.9654544e+002  1.9653026e+002  1.9761752e+002  1.9728406e+002  1.9729562e+002  1.9884540e+002
 -1.1333333e-001  1.9672940e+002  1.9653957e+002  1.9649419e+002  1.9763068e+002  1.9730463e+002  1.9730933e+002  1.9883415e+002
 -1.0666667e-001  1.9675740e+002  1.9652980e+002  1.9648384e+002  1.9762331e+002  1.9729849e+002  1.9731148e+002  1.9885268e+002
 -1.0000000e-001  1.9675794e+002  1.9653905e+002  1.9649387e+002  1.9763962e+002  1.9728992e+002  1.9730158e+002  1.9882919e+002
 -9.3333333e-002  1.9679582e+002  1.9655838e+002  1.9649834e+002  1.9763258e+002  1.9730824e+002  1.9729042e+002  1.9883389e+002
 -8.6666667e-002  1.9681523e+002  1.9658035e+002  1.9651314e+002  1.9765825e+002  1.9731722e+002  1.9726649e+002  1.9883525e+002
 -8.0000000e-002  1.9679011e+002  1.9657243e+002  1.9648668e+002  1.9765163e+002  1.9729889e+002  1.9726738e+002  1.9885265e+002
 -7.3333333e-002  1.9673814e+002  1.9658672e+002  1.9650015e+002  1.9763585e+002  1.9728810e+002  1.9726482e+002  1.9885590e+002
 -6.6666667e-002  1.9671370e+002  1.9658168e+002  1.9649123e+002  1.9765448e+002  1.9727844e+002  1.9727541e+002  1.9886188e+002
 -6.0000000e-002  1.9673824e+002  1.9655045e+002  1.9647760e+002  1.9763924e+002  1.9727972e+002  1.9732158e+002  1.9884650e+002
 -5.3333333e-002  1.9676576e+002  1.9653259e+002  1.9651442e+002  1.9760501e+002  1.9729671e+002  1.9730762e+002  1.9884106e+002
 -4.6666667e-002  1.9676041e+002  1.9658595e+002  1.9650528e+002  1.9760406e+002  1.9729935e+002  1.9730534e+002  1.9887201e+002
 -4.0000000e-002  1.9673979e+002  1.9663510e+002  1.9649313e+002  1.9763919e+002  1.9722849e+002  1.9735402e+002  1.9884080e+002
 -3.3333333e-002  1.9679018e+002  1.9660004e+002  1.9651799e+002  1.9765820e+002  1.9721761e+002  1.9734940e+002  1.9882548e+002
 -2.6666667e-002  1.9678966e+002  1.9657726e+002  1.9654460e+002  1.9761162e+002  1.9726701e+002  1.9731653e+002  1.9885503e+002
 -2.0000000e-002  1.9677124e+002  1.9655208e+002  1.9652766e+002  1.9765031e+002  1.9725487e+002  1.9730278e+002  1.9888408e+002
 -1.3333333e-002  1.9679434e+002  1.9654985e+002  1.9653743e+002  1.9766923e+002  1.9720787e+002  1.9732700e+002  1.9890431e+002
 -6.6666667e-003  1.9681973e+002  1.9660185e+002  1.9654413e+002  1.9764772e+002  1.9722482e+002  1.9734380e+002  1.9889743e+002
  0.0000000e+000  1.9678069e+002  1.9659392e+002  1.9652443e+002  1.9762666e+002  1.9726531e+002  1.9730782e+002  1.9890495e+002
  6.6666667e-003  1.9681470e+002  1.9659439e+002  1.9655933e+002  1.9761501e+002  1.9729327e+002  1.9731883e+002  1.9891563e+002
  1.3333333e-002  1.9681244e+002  1.9659433e+002  1.9652508e+002  1.9763872e+002  1.9726971e+002  1.9732103e+002  1.9890826e+002
  2.0000000e-002  1.9677533e+002  1.9655606e+002  1.9655336e+002  1.9762790e+002  1.9725180e+002  1.9730580e+002  1.9889752e+002
  2.6666667e-002  1.9678732e+002  1.9658485e+002  1.9656744e+002  1.9765683e+002  1.9727693e+002  1.9727048e+002  1.9888400e+002
  3.3333333e-002  1.9680598e+002  1.9658403e+002  1.9656087e+002  1.9765320e+002  1.9730058e+002  1.9730010e+002  1.9883556e+002
  4.0000000e-002  1.9678268e+002  1.9661478e+002  1.9658131e+002  1.9761702e+002  1.9727150e+002  1.9734627e+002  1.9883298e+002
  4.6666667e-002  1.9679117e+002  1.9664639e+002  1.9658411e+002  1.9766829e+002  1.9726411e+002  1.9733275e+002  1.9889410e+002
  5.3333333e-002  1.9678897e+002  1.9663507e+002  1.9656892e+002  1.9765996e+002  1.9729309e+002  1.9732904e+002  1.9894173e+002
  6.0000000e-002  1.9680495e+002  1.9662872e+002  1.9655270e+002  1.9766957e+002  1.9729767e+002  1.9733341e+002  1.9898459e+002
  6.6666667e-002  1.9680637e+002  1.9663196e+002  1.9657497e+002  1.9768527e+002  1.9731992e+002  1.9735875e+002  1.9899046e+002
  7.3333333e-002  1.9675717e+002  1.9664867e+002  1.9656668e+002  1.9770166e+002  1.9731082e+002  1.9736171e+002  1.9897481e+002
  8.0000000e-002  1.9676823e+002  1.9669955e+002  1.9655002e+002  1.9769553e+002  1.9731570e+002  1.9734325e+002  1.9891974e+002
  8.6666667e-002  1.9677138e+002  1.9673241e+002  1.9658771e+002  1.9768947e+002  1.9730058e+002  1.9733481e+002  1.9891109e+002
  9.3333333e-002  1.9678940e+002  1.9668829e+002  1.9662120e+002  1.9771576e+002  1.9724474e+002  1.9733475e+002  1.9894580e+002
  1.0000000e-001  1.9681238e+002  1.9666362e+002  1.9663605e+002  1.9771750e+002  1.9722099e+002  1.9737321e+002  1.9893404e+002
  1.0666667e-001  1.9681592e+002  1.9665488e+002  1.9665656e+002  1.9766167e+002  1.9725598e+002  1.9740616e+002  1.9892726e+002
  1.1333333e-001  1.9684358e+002  1.9669362e+002  1.9664786e+002  1.9759422e+002  1.9725081e+002  1.9740302e+002  1.9893195e+002
  1.2000000e-001  1.9685082e+002  1.9668187e+002  1.9662756e+002  1.9753801e+002  1.9723245e+002  1.9741562e+002  1.9893713e+002
  1.2666667e-001  1.9679224e+002  1.9665781e+002  1.9665910e+002  1.9757397e+002  1.9723579e+002  1.9744611e+002  1.9893700e+002
  1.3333333e-001  1.9675853e+002  1.9670116e+002  1.9669336e+002  1.9772203e+002  1.9723816e+002  1.9741843e+002  1.9887663e+002
  1.4000000e-001  1.9669840e+002  1.9673671e+002  1.9666081e+002  1.9792419e+002  1.9728767e+002  1.9738673e+002  1.9883508e+002
  1.4666667e-001  1.9668043e+002  1.9678758e+002  1.9665179e+002  1.9820465e+002  1.9731940e+002  1.9741836e+002  1.9884464e+002
  1.5333333e-001  1.9663919e+002  1.9685080e+002  1.9661751e+002  1.9856978e+002  1.9724861e+002  1.9742400e+002  1.9884113e+002
  1.6000000e-001  1.9650188e+002  1.9697264e+002  1.9658694e+002  1.9904358e+002  1.9714371e+002  1.9746976e+002  1.9884732e+002
  1.6666667e-001  1.9643813e+002  1.9708232e+002  1.9665826e+002  1.9951953e+002  1.9702269e+002  1.9776296e+002  1.9887433e+002
  1.7333333e-001  1.9638060e+002  1.9723949e+002  1.9677223e+002  1.9999718e+002  1.9690950e+002  1.9821086e+002  1.9895960e+002
  1.8000000e-001  1.9621310e+002  1.9745917e+002  1.9690778e+002  2.0054172e+002  1.9684743e+002  1.9869618e+002  1.9899023e+002
  1.8666667e-001  1.9609590e+002  1.9775845e+002  1.9711607e+002  2.0102756e+002  1.9676829e+002  1.9934860e+002  1.9908789e+002
  1.9333333e-001  1.9614632e+002  1.9812840e+002  1.9755653e+002  2.0139212e+002  1.9674091e+002  2.0013585e+002  1.9939204e+002
  2.0000000e-001  1.9622960e+002  1.9855815e+002  1.9811397e+002  2.0158409e+002  1.9674573e+002  2.0093192e+002  1.9976811e+002
  2.0666667e-001  1.9636562e+002  1.9899663e+002  1.9880025e+002  2.0168893e+002  1.9685274e+002  2.0166875e+002  2.0023750e+002
  2.1333333e-001  1.9644893e+002  1.9947539e+002  1.9960106e+002  2.0171733e+002  1.9708279e+002  2.0231715e+002  2.0076224e+002
  2.2000000e-001  1.9649422e+002  1.9999333e+002  2.0049402e+002  2.0132307e+002  1.9740439e+002  2.0272151e+002  2.0130646e+002
  2.2666667e-001  1.9657941e+002  2.0031416e+002  2.0136357e+002  2.0107844e+002  1.9773148e+002  2.0263413e+002  2.0178563e+002
  2.3333333e-001  1.9656819e+002  2.0050565e+002  2.0195033e+002  2.0070639e+002  1.9801015e+002  2.0259683e+002  2.0204260e+002
  2.4000000e-001  1.9646887e+002  2.0061083e+002  2.0270555e+002  2.0073747e+002  1.9820444e+002  2.0243903e+002  2.0256647e+002
  2.4666667e-001  1.9630006e+002  2.0053113e+002  2.0233969e+002  2.0018721e+002  1.9826610e+002  2.0219981e+002  2.0219592e+002
  2.5333333e-001  1.9658444e+002  1.9990245e+002  2.0235756e+002  1.9950078e+002  1.9828635e+002  2.0189096e+002  2.0164368e+002
  2.6000000e-001  1.9588379e+002  1.9963463e+002  2.0222504e+002  1.9866872e+002  1.9767166e+002  2.0146252e+002  2.0134865e+002
  2.6666667e-001  1.9543146e+002  1.9968454e+002  2.0163094e+002  1.9773837e+002  1.9776854e+002  2.0117078e+002  2.0097482e+002
  2.7333333e-001  1.9502997e+002  1.9916696e+002  2.0148453e+002  1.9666374e+002  1.9676990e+002  2.0053867e+002  2.0054225e+002
  2.8000000e-001  1.9444098e+002  1.9853941e+002  2.0165569e+002  1.9546204e+002  1.9616480e+002  1.9984129e+002  2.0038863e+002
  2.8666667e-001  1.9357399e+002  1.9778316e+002  2.0136659e+002  1.9415375e+002  1.9536769e+002  1.9910593e+002  1.9966705e+002
  2.9333333e-001  1.9203938e+002  1.9686139e+002  2.0094919e+002  1.9271365e+002  1.9449123e+002  1.9830220e+002  1.9881610e+002
  3.0000000e-001  1.9062532e+002  1.9582289e+002  2.0039249e+002  1.9113754e+002  1.9398810e+002  1.9740305e+002  1.9773653e+002
  3.0666667e-001  1.8935159e+002  1.9471166e+002  1.9964801e+002  1.8941469e+002  1.9275563e+002  1.9637785e+002  1.9651720e+002
  3.1333333e-001  1.8725591e+002  1.9347584e+002  1.9876855e+002  1.8756249e+002  1.9144444e+002  1.9532571e+002  1.9514131e+002
  3.2000000e-001  1.8487883e+002  1.9213669e+002  1.9772005e+002  1.8567586e+002  1.9004053e+002  1.9402606e+002  1.9357497e+002
  3.2666667e-001  1.8249110e+002  1.9064493e+002  1.9646716e+002  1.8376965e+002  1.8847864e+002  1.9259114e+002  1.9178316e+002
  3.3333333e-001  1.8018767e+002  1.8901027e+002  1.9509277e+002  1.8184604e+002  1.8680685e+002  1.9101503e+002  1.8983670e+002
  3.4000000e-001  1.7797141e+002  1.8726030e+002  1.9356751e+002  1.7990419e+002  1.8506090e+002  1.8923961e+002  1.8777563e+002
  3.4666667e-001  1.7578912e+002  1.8544626e+002  1.9188290e+002  1.7801131e+002  1.8323074e+002  1.8738565e+002  1.8559546e+002
  3.5333333e-001  1.7364774e+002  1.8364394e+002  1.9007101e+002  1.7622917e+002  1.8136282e+002  1.8547047e+002  1.8339275e+002
  3.6000000e-001  1.7153714e+002  1.8184680e+002  1.8818494e+002  1.7446379e+002  1.7950006e+002  1.8345097e+002  1.8118567e+002
  3.6666667e-001  1.6952704e+002  1.7950121e+002  1.8629546e+002  1.7272632e+002  1.7763504e+002  1.8141660e+002  1.7905801e+002
  3.7333333e-001  1.6754619e+002  1.7782980e+002  1.8442595e+002  1.7107600e+002  1.7578444e+002  1.7940887e+002  1.7696767e+002
  3.8000000e-001  1.6564778e+002  1.7597293e+002  1.8251952e+002  1.6947748e+002  1.7393114e+002  1.7743974e+002  1.7496747e+002
  3.8666667e-001  1.6388651e+002  1.7416216e+002  1.8059389e+002  1.6785371e+002  1.7214139e+002  1.7548181e+002  1.7312332e+002
  3.9333333e-001  1.6229781e+002  1.7237485e+002  1.7877193e+002  1.6633295e+002  1.7037987e+002  1.7356531e+002  1.7134137e+002
  4.0000000e-001  1.6039156e+002  1.7065230e+002  1.7702716e+002  1.6491586e+002  1.6865157e+002  1.7118829e+002  1.6971874e+002
  4.0666667e-001  1.5910661e+002  1.6896864e+002  1.7528542e+002  1.6354578e+002  1.6704246e+002  1.6933774e+002  1.6820744e+002
  4.1333333e-001  1.5799811e+002  1.6738098e+002  1.7359883e+002  1.6225745e+002  1.6553665e+002  1.6749594e+002  1.6679977e+002
  4.2000000e-001  1.5710634e+002  1.6586983e+002  1.7198169e+002  1.6106442e+002  1.6415091e+002  1.6626215e+002  1.6545889e+002
  4.2666667e-001  1.5613992e+002  1.6442421e+002  1.7037689e+002  1.5998483e+002  1.6288106e+002  1.6463441e+002  1.6414073e+002
  4.3333333e-001  1.5527670e+002  1.6311554e+002  1.6888029e+002  1.5912923e+002  1.6166727e+002  1.6312781e+002  1.6295132e+002
  4.4000000e-001  1.5436383e+002  1.6184076e+002  1.6747812e+002  1.5849515e+002  1.6062698e+002  1.6174703e+002  1.6184610e+002
  4.4666667e-001  1.5352644e+002  1.6062172e+002  1.6606877e+002  1.5785217e+002  1.5969858e+002  1.5996828e+002  1.6070804e+002
  4.5333333e-001  1.5270050e+002  1.5957062e+002  1.6474649e+002  1.5659345e+002  1.5893100e+002  1.5888374e+002  1.5963431e+002
  4.6000000e-001  1.5189928e+002  1.5852844e+002  1.6354330e+002  1.5621989e+002  1.5830235e+002  1.5845802e+002  1.5865681e+002
  4.6666667e-001  1.5114633e+002  1.5759770e+002  1.6243953e+002  1.5592731e+002  1.5771957e+002  1.5756311e+002  1.5768311e+002
  4.7333333e-001  1.5043526e+002  1.5672267e+002  1.6140443e+002  1.5565375e+002  1.5727878e+002  1.5632724e+002  1.5678124e+002
  4.8000000e-001  1.4977043e+002  1.5606326e+002  1.6040936e+002  1.5545944e+002  1.5694017e+002  1.5588687e+002  1.5594133e+002
  4.8666667e-001  1.4916454e+002  1.5563638e+002  1.5948859e+002  1.5528984e+002  1.5663322e+002  1.5534561e+002  1.5516319e+002
  4.9333333e-001  1.4876888e+002  1.5525023e+002  1.5869395e+002  1.5517627e+002  1.5645369e+002  1.5498337e+002  1.5446422e+002
  5.0000000e-001  1.4838840e+002  1.5493927e+002  1.5795381e+002  1.5503653e+002  1.5633652e+002  1.5470546e+002  1.5383431e+002
  5.0666667e-001  1.4789365e+002  1.5480869e+002  1.5734351e+002  1.5490617e+002  1.5625078e+002  1.5440376e+002  1.5318488e+002
  5.1333333e-001  1.4749701e+002  1.5467084e+002  1.5610873e+002  1.5471910e+002  1.5566223e+002  1.5415044e+002  1.5248782e+002
  5.2000000e-001  1.4714082e+002  1.5445955e+002  1.5558504e+002  1.5447368e+002  1.5573462e+002  1.5387813e+002  1.5143674e+002
  5.2666667e-001  1.4667665e+002  1.5432680e+002  1.5560779e+002  1.5419952e+002  1.5542339e+002  1.5361610e+002  1.5115782e+002
  5.3333333e-001  1.4619688e+002  1.5429024e+002  1.5526535e+002  1.5384049e+002  1.5540926e+002  1.5327661e+002  1.5081598e+002
  5.4000000e-001  1.4579103e+002  1.5425205e+002  1.5494629e+002  1.5342470e+002  1.5531180e+002  1.5287035e+002  1.5094659e+002
  5.4666667e-001  1.4543773e+002  1.5414525e+002  1.5469054e+002  1.5298750e+002  1.5535461e+002  1.5250865e+002  1.5066287e+002
  5.5333333e-001  1.4513034e+002  1.5398039e+002  1.5458784e+002  1.5255417e+002  1.5497401e+002  1.5216504e+002  1.5039839e+002
  5.6000000e-001  1.4490254e+002  1.5381532e+002  1.5453473e+002  1.5212189e+002  1.5484007e+002  1.5189291e+002  1.5018338e+002
  5.6666667e-001  1.4470404e+002  1.5364839e+002  1.5444325e+002  1.5230397e+002  1.5460022e+002  1.5158897e+002  1.4997452e+002
  5.7333333e-001  1.4444910e+002  1.5345618e+002  1.5431033e+002  1.5182086e+002  1.5405928e+002  1.5128825e+002  1.4974091e+002
  5.8000000e-001  1.4419244e+002  1.5324255e+002  1.5415901e+002  1.5150423e+002  1.5386793e+002  1.5101829e+002  1.4948503e+002
  5.8666667e-001  1.4398747e+002  1.5306635e+002  1.5397328e+002  1.5102870e+002  1.5422118e+002  1.5081723e+002  1.4921953e+002
  5.9333333e-001  1.4373467e+002  1.5291771e+002  1.5371243e+002  1.5081470e+002  1.5389499e+002  1.5062732e+002  1.4898807e+002
  6.0000000e-001  1.4343491e+002  1.5276524e+002  1.5348306e+002  1.5012390e+002  1.5361319e+002  1.5045529e+002  1.4879939e+002
  6.0666667e-001  1.4317810e+002  1.5262778e+002  1.5315643e+002  1.4994643e+002  1.5334161e+002  1.5030953e+002  1.4863634e+002
  6.1333333e-001  1.4278833e+002  1.5254706e+002  1.5275838e+002  1.5037607e+002  1.5308493e+002  1.5014385e+002  1.4850915e+002
  6.2000000e-001  1.4260010e+002  1.5240741e+002  1.5220236e+002  1.5033420e+002  1.5279712e+002  1.4999228e+002  1.4842699e+002
  6.2666667e-001  1.4245735e+002  1.5236107e+002  1.5260864e+002  1.5033913e+002  1.5251543e+002  1.4990488e+002  1.4833098e+002
  6.3333333e-001  1.4226112e+002  1.5236769e+002  1.5213142e+002  1.5034692e+002  1.5228827e+002  1.4982420e+002  1.4824854e+002
  6.4000000e-001  1.4209265e+002  1.5234517e+002  1.5183464e+002  1.5033629e+002  1.5206163e+002  1.4973706e+002  1.4821327e+002
  6.4666667e-001  1.4202212e+002  1.5236739e+002  1.5170589e+002  1.5037070e+002  1.5189209e+002  1.4965941e+002  1.4815431e+002
  6.5333333e-001  1.4207268e+002  1.5240039e+002  1.5144173e+002  1.5044955e+002  1.5175996e+002  1.4959424e+002  1.4811848e+002
  6.6000000e-001  1.4204160e+002  1.5246651e+002  1.5106447e+002  1.5048375e+002  1.5167699e+002  1.4959255e+002  1.4812427e+002
  6.6666667e-001  1.4202417e+002  1.5244359e+002  1.5092358e+002  1.5052058e+002  1.5161623e+002  1.4965981e+002  1.4811113e+002
  6.7333333e-001  1.4200832e+002  1.5236981e+002  1.5082796e+002  1.5056244e+002  1.5156819e+002  1.4966365e+002  1.4810286e+002
  6.8000000e-001  1.4203061e+002  1.5235033e+002  1.5075323e+002  1.5017497e+002  1.5157152e+002  1.4963097e+002  1.4812843e+002
  6.8666667e-001  1.4201144e+002  1.5235336e+002  1.5070738e+002  1.5023637e+002  1.5157123e+002  1.4961114e+002  1.4814922e+002
  6.9333333e-001  1.4192864e+002  1.5233781e+002  1.5065179e+002  1.5057106e+002  1.5164002e+002  1.4965242e+002  1.4816097e+002
  7.0000000e-001  1.4178735e+002  1.5228919e+002  1.5059569e+002  1.5001257e+002  1.5172903e+002  1.4973901e+002  1.4816252e+002
  7.0666667e-001  1.4159788e+002  1.5226343e+002  1.5060458e+002  1.5001566e+002  1.5181020e+002  1.4975006e+002  1.4814491e+002
  7.1333333e-001  1.4141051e+002  1.5223776e+002  1.5059023e+002  1.5020138e+002  1.5186105e+002  1.4969066e+002  1.4817647e+002
  7.2000000e-001  1.4120107e+002  1.5217903e+002  1.5058788e+002  1.5056337e+002  1.5190605e+002  1.4964327e+002  1.4817719e+002
  7.2666667e-001  1.4096817e+002  1.5205119e+002  1.5061411e+002  1.4970808e+002  1.5200461e+002  1.4959685e+002  1.4815529e+002
  7.3333333e-001  1.4072307e+002  1.5192006e+002  1.5062447e+002  1.4942905e+002  1.5208502e+002  1.4951703e+002  1.4817113e+002
  7.4000000e-001  1.4052853e+002  1.5173444e+002  1.5063522e+002  1.4897996e+002  1.5207033e+002  1.4944511e+002  1.4816943e+002
  7.4666667e-001  1.4020955e+002  1.5160561e+002  1.5060156e+002  1.4878355e+002  1.5204755e+002  1.4937476e+002  1.4811737e+002
  7.5333333e-001  1.3987175e+002  1.5143826e+002  1.5057783e+002  1.4871919e+002  1.5200378e+002  1.4931479e+002  1.4807471e+002
  7.6000000e-001  1.3961932e+002  1.5126495e+002  1.5057835e+002  1.4869020e+002  1.5187517e+002  1.4921611e+002  1.4807384e+002
  7.6666667e-001  1.3923828e+002  1.5115123e+002  1.5050189e+002  1.4848404e+002  1.5179715e+002  1.4914622e+002  1.4803177e+002
  7.7333333e-001  1.3878473e+002  1.5103035e+002  1.5039696e+002  1.4829318e+002  1.5174275e+002  1.4909071e+002  1.4798459e+002
  7.8000000e-001  1.3838843e+002  1.5089607e+002  1.5032494e+002  1.4822063e+002  1.5163966e+002  1.4899956e+002  1.4793691e+002
  7.8666667e-001  1.3805110e+002  1.5069072e+002  1.5025722e+002  1.4817148e+002  1.5151375e+002  1.4889697e+002  1.4786311e+002
  7.9333333e-001  1.3774141e+002  1.5039189e+002  1.5017516e+002  1.4794708e+002  1.5138965e+002  1.4885161e+002  1.4779092e+002
  8.0000000e-001  1.3746770e+002  1.5014360e+002  1.5008940e+002  1.4842813e+002  1.5126952e+002  1.4882648e+002  1.4775169e+002
  8.0666667e-001  1.3712787e+002  1.4989510e+002  1.4997434e+002  1.4833809e+002  1.5111995e+002  1.4882227e+002  1.4768573e+002
  8.1333333e-001  1.3678358e+002  1.4972572e+002  1.4985220e+002  1.4834711e+002  1.5096544e+002  1.4878487e+002  1.4762294e+002
  8.2000000e-001  1.3653330e+002  1.4955011e+002  1.4975482e+002  1.4835457e+002  1.5082289e+002  1.4876323e+002  1.4755275e+002
  8.2666667e-001  1.3632297e+002  1.4934520e+002  1.4969469e+002  1.4839142e+002  1.5069283e+002  1.4883423e+002  1.4749202e+002
  8.3333333e-001  1.3606346e+002  1.4918039e+002  1.4960422e+002  1.4796039e+002  1.5057774e+002  1.4890747e+002  1.4745091e+002
  8.4000000e-001  1.3577948e+002  1.4898789e+002  1.4948764e+002  1.4810292e+002  1.5046764e+002  1.4894838e+002  1.4741803e+002
  8.4666667e-001  1.3555821e+002  1.4884665e+002  1.4934592e+002  1.4809097e+002  1.5037253e+002  1.4894373e+002  1.4736366e+002
  8.5333333e-001  1.3541293e+002  1.4871582e+002  1.4923096e+002  1.4805598e+002  1.5030873e+002  1.4893231e+002  1.4728912e+002
  8.6000000e-001  1.3525505e+002  1.4860147e+002  1.4911557e+002  1.4808302e+002  1.5026695e+002  1.4897549e+002  1.4723808e+002
  8.6666667e-001  1.3508836e+002  1.4854652e+002  1.4907533e+002  1.4824803e+002  1.5020783e+002  1.4902754e+002  1.4726248e+002
  8.7333333e-001  1.3489490e+002  1.4850708e+002  1.4907745e+002  1.4837451e+002  1.5016985e+002  1.4906520e+002  1.4728420e+002
  8.8000000e-001  1.3474841e+002  1.4844263e+002  1.4905832e+002  1.4849713e+002  1.5017682e+002  1.4906799e+002  1.4727673e+002
  8.8666667e-001  1.3464256e+002  1.4840439e+002  1.4905489e+002  1.4866486e+002  1.5023312e+002  1.4905043e+002  1.4726663e+002
  8.9333333e-001  1.3451967e+002  1.4839607e+002  1.4905084e+002  1.4883414e+002  1.5030847e+002  1.4903877e+002  1.4725665e+002
  9.0000000e-001  1.3434062e+002  1.4837125e+002  1.4900307e+002  1.4895972e+002  1.5036415e+002  1.4906079e+002  1.4727078e+002
  9.0666667e-001  1.3417964e+002  1.4835077e+002  1.4894756e+002  1.4905609e+002  1.5040758e+002  1.4907640e+002  1.4728685e+002
  9.1333333e-001  1.3406632e+002  1.4831071e+002  1.4895439e+002  1.4920274e+002  1.5043109e+002  1.4905566e+002  1.4725972e+002
  9.2000000e-001  1.3390506e+002  1.4826080e+002  1.4903636e+002  1.4940176e+002  1.5046944e+002  1.4897494e+002  1.4723521e+002
  9.2666667e-001  1.3374258e+002  1.4818018e+002  1.4911426e+002  1.4948732e+002  1.5054604e+002  1.4891528e+002  1.4724072e+002
  9.3333333e-001  1.3361974e+002  1.4810623e+002  1.4913178e+002  1.4939531e+002  1.5062053e+002  1.4895703e+002  1.4726863e+002
  9.4000000e-001  1.3346008e+002  1.4805688e+002  1.4908696e+002  1.4931384e+002  1.5066042e+002  1.4893869e+002  1.4728278e+002
  9.4666667e-001  1.3326563e+002  1.4797147e+002  1.4903210e+002  1.4924097e+002  1.5066246e+002  1.4884793e+002  1.4727721e+002
  9.5333333e-001  1.3314458e+002  1.4787705e+002  1.4907146e+002  1.4922629e+002  1.5064357e+002  1.4883562e+002  1.4725056e+002
  9.6000000e-001  1.3307796e+002  1.4773561e+002  1.4914357e+002  1.4923842e+002  1.5063924e+002  1.4880873e+002  1.4722856e+002
  9.6666667e-001  1.3297284e+002  1.4755315e+002  1.4917189e+002  1.4917616e+002  1.5066936e+002  1.4875423e+002  1.4720390e+002
  9.7333333e-001  1.3290124e+002  1.4741795e+002  1.4916530e+002  1.4915590e+002  1.5066364e+002  1.4875633e+002  1.4719437e+002
  9.8000000e-001  1.3282605e+002  1.4732909e+002  1.4914694e+002  1.4915820e+002  1.5062874e+002  1.4869931e+002  1.4720013e+002
  9.8666667e-001  1.3269527e+002  1.4723250e+002  1.4913466e+002  1.4914009e+002  1.5057045e+002  1.4867575e+002  1.4720549e+002
  9.9333333e-001  1.3260969e+002  1.4715648e+002  1.4911061e+002  1.4913051e+002  1.5052931e+002  1.4864746e+002  1.4719498e+002
  1.0000000e+000  1.3256384e+002  1.4706287e+002  1.4912631e+002  1.4916266e+002  1.5047675e+002  1.4865237e+002  1.4719150e+002
  1.0066667e+000  1.3250598e+002  1.4695560e+002  1.4917514e+002  1.4918915e+002  1.5040399e+002  1.4862750e+002  1.4717877e+002
  1.0133333e+000  1.3246425e+002  1.4687489e+002  1.4922447e+002  1.4916225e+002  1.5033601e+002  1.4858273e+002  1.4715889e+002
  1.0200000e+000  1.3241798e+002  1.4680646e+002  1.4925401e+002  1.4915732e+002  1.5028175e+002  1.4855252e+002  1.4715093e+002
  1.0266667e+000  1.3237077e+002  1.4677068e+002  1.4924545e+002  1.4915213e+002  1.5024460e+002  1.4844399e+002  1.4716177e+002
  1.0333333e+000  1.3226909e+002  1.4666699e+002  1.4919797e+002  1.4916487e+002  1.5020778e+002  1.4837833e+002  1.4717923e+002
  1.0400000e+000  1.3219417e+002  1.4658693e+002  1.4919681e+002  1.4920233e+002  1.5015302e+002  1.4827597e+002  1.4717407e+002
  1.0466667e+000  1.3215062e+002  1.4655838e+002  1.4926102e+002  1.4922345e+002  1.5010352e+002  1.4818318e+002  1.4717458e+002
  1.0533333e+000  1.3212662e+002  1.4652055e+002  1.4932449e+002  1.4924989e+002  1.5007967e+002  1.4815599e+002  1.4717386e+002
  1.0600000e+000  1.3206297e+002  1.4645401e+002  1.4936183e+002  1.4930131e+002  1.5005725e+002  1.4803407e+002  1.4714275e+002
  1.0666667e+000  1.3197345e+002  1.4635776e+002  1.4936159e+002  1.4933162e+002  1.5001119e+002  1.4798290e+002  1.4714822e+002
  1.0733333e+000  1.3190355e+002  1.4635732e+002  1.4933701e+002  1.4930115e+002  1.5000070e+002  1.4791905e+002  1.4719856e+002
  1.0800000e+000  1.3184164e+002  1.4633809e+002  1.4936722e+002  1.4930533e+002  1.4995729e+002  1.4777876e+002  1.4723198e+002
  1.0866667e+000  1.3178735e+002  1.4629045e+002  1.4942311e+002  1.4934212e+002  1.4989093e+002  1.4770157e+002  1.4723483e+002
  1.0933333e+000  1.3174843e+002  1.4624707e+002  1.4945155e+002  1.4935405e+002  1.4987416e+002  1.4772205e+002  1.4720236e+002
  1.1000000e+000  1.3172009e+002  1.4623349e+002  1.4947937e+002  1.4936903e+002  1.4984286e+002  1.4768703e+002  1.4717310e+002
  1.1066667e+000  1.3169835e+002  1.4616885e+002  1.4951065e+002  1.4940411e+002  1.4982181e+002  1.4767219e+002  1.4716423e+002
  1.1133333e+000  1.3168817e+002  1.4616380e+002  1.4952181e+002  1.4941101e+002  1.4981457e+002  1.4773334e+002  1.4715866e+002
  1.1200000e+000  1.3168462e+002  1.4618010e+002  1.4953645e+002  1.4942305e+002  1.4981271e+002  1.4770348e+002  1.4716179e+002
  1.1266667e+000  1.3168816e+002  1.4614749e+002  1.4953194e+002  1.4944862e+002  1.4977617e+002  1.4770512e+002  1.4718141e+002
  1.1333333e+000  1.3167879e+002  1.4609814e+002  1.4953882e+002  1.4943936e+002  1.4973918e+002  1.4774748e+002  1.4714533e+002
  1.1400000e+000  1.3167737e+002  1.4606033e+002  1.4957597e+002  1.4948007e+002  1.4968433e+002  1.4772339e+002  1.4707892e+002
  1.1466667e+000  1.3171440e+002  1.4606157e+002  1.4964404e+002  1.4953784e+002  1.4959267e+002  1.4770503e+002  1.4705516e+002
  1.1533333e+000  1.3174382e+002  1.4600490e+002  1.4965971e+002  1.4955086e+002  1.4952060e+002  1.4769746e+002  1.4709090e+002
  1.1600000e+000  1.3175053e+002  1.4594295e+002  1.4959795e+002  1.4958647e+002  1.4944424e+002  1.4768828e+002  1.4707068e+002
  1.1666667e+000  1.3172752e+002  1.4590051e+002  1.4956676e+002  1.4962314e+002  1.4940123e+002  1.4766507e+002  1.4701184e+002
  1.1733333e+000  1.3170844e+002  1.4590407e+002  1.4955418e+002  1.4964329e+002  1.4936064e+002  1.4765279e+002  1.4696518e+002
  1.1800000e+000  1.3175484e+002  1.4585968e+002  1.4957233e+002  1.4967564e+002  1.4925954e+002  1.4763014e+002  1.4697887e+002
  1.1866667e+000  1.3177199e+002  1.4578688e+002  1.4960945e+002  1.4972643e+002  1.4912010e+002  1.4761838e+002  1.4701628e+002
  1.1933333e+000  1.3171736e+002  1.4573384e+002  1.4960673e+002  1.4976451e+002  1.4902281e+002  1.4762614e+002  1.4700562e+002
  1.2000000e+000  1.3174104e+002  1.4568427e+002  1.4959195e+002  1.4979407e+002  1.4895322e+002  1.4764439e+002  1.4697022e+002
  1.2066667e+000  1.3184341e+002  1.4563835e+002  1.4955324e+002  1.4981853e+002  1.4890797e+002  1.4762936e+002  1.4696941e+002
  1.2133333e+000  1.3188640e+002  1.4560792e+002  1.4952017e+002  1.4985944e+002  1.4885225e+002  1.4759921e+002  1.4701820e+002
  1.2200000e+000  1.3191757e+002  1.4555849e+002  1.4950139e+002  1.4987891e+002  1.4876762e+002  1.4761093e+002  1.4700798e+002
  1.2266667e+000  1.3190714e+002  1.4550368e+002  1.4952963e+002  1.4986479e+002  1.4870024e+002  1.4768602e+002  1.4697119e+002
  1.2333333e+000  1.3190244e+002  1.4548322e+002  1.4955670e+002  1.4990697e+002  1.4863425e+002  1.4776044e+002  1.4700673e+002
  1.2400000e+000  1.3190492e+002  1.4544897e+002  1.4954280e+002  1.4999739e+002  1.4855327e+002  1.4777777e+002  1.4703023e+002
  1.2466667e+000  1.3192844e+002  1.4541244e+002  1.4952977e+002  1.5007620e+002  1.4846745e+002  1.4788992e+002  1.4702257e+002
  1.2533333e+000  1.3192139e+002  1.4539589e+002  1.4896429e+002  1.5008614e+002  1.4840408e+002  1.4805432e+002  1.4702678e+002
  1.2600000e+000  1.3188574e+002  1.4538463e+002  1.4902113e+002  1.5003151e+002  1.4835695e+002  1.4817955e+002  1.4702858e+002
  1.2666667e+000  1.3193152e+002  1.4535379e+002  1.4985877e+002  1.5002507e+002  1.4828383e+002  1.4826762e+002  1.4702840e+002
  1.2733333e+000  1.3195877e+002  1.4532278e+002  1.4987315e+002  1.5005711e+002  1.4824435e+002  1.4832599e+002  1.4705611e+002
  1.2800000e+000  1.3192297e+002  1.4532253e+002  1.4965451e+002  1.5012007e+002  1.4824509e+002  1.4844196e+002  1.4709906e+002
  1.2866667e+000  1.3189177e+002  1.4533835e+002  1.4910577e+002  1.5018880e+002  1.4824475e+002  1.4854060e+002  1.4717068e+002
  1.2933333e+000  1.3186997e+002  1.4529518e+002  1.4921317e+002  1.5022617e+002  1.4817096e+002  1.4866234e+002  1.4721611e+002
  1.3000000e+000  1.3184644e+002  1.4527052e+002  1.4986557e+002  1.5020561e+002  1.4807948e+002  1.4881168e+002  1.4721434e+002
  1.3066667e+000  1.3183810e+002  1.4527890e+002  1.4982689e+002  1.5018562e+002  1.4799367e+002  1.4886490e+002  1.4723601e+002
  1.3133333e+000  1.3180310e+002  1.4524277e+002  1.4931877e+002  1.5020152e+002  1.4792192e+002  1.4892487e+002  1.4730543e+002
  1.3200000e+000  1.3178621e+002  1.4520075e+002  1.4940140e+002  1.5021092e+002  1.4786204e+002  1.4899646e+002  1.4732010e+002
  1.3266667e+000  1.3180077e+002  1.4526375e+002  1.5019873e+002  1.5024434e+002  1.4781001e+002  1.4905411e+002  1.4731895e+002
  1.3333333e+000  1.3180547e+002  1.4527954e+002  1.5024922e+002  1.5025531e+002  1.4778874e+002  1.4910387e+002  1.4737445e+002
  1.3400000e+000  1.3176729e+002  1.4520627e+002  1.5014296e+002  1.5020691e+002  1.4774908e+002  1.4907433e+002  1.4742705e+002
  1.3466667e+000  1.3173807e+002  1.4520290e+002  1.4966452e+002  1.5024664e+002  1.4771428e+002  1.4904627e+002  1.4735458e+002
  1.3533333e+000  1.3172105e+002  1.4526163e+002  1.4985506e+002  1.5030115e+002  1.4765163e+002  1.4906384e+002  1.4718793e+002
  1.3600000e+000  1.3172978e+002  1.4525894e+002  1.5055568e+002  1.5026067e+002  1.4758104e+002  1.4914673e+002  1.4700580e+002
  1.3666667e+000  1.3175485e+002  1.4524130e+002  1.5041359e+002  1.5027002e+002  1.4751466e+002  1.4913767e+002  1.4677121e+002
  1.3733333e+000  1.3171245e+002  1.4526163e+002  1.4992931e+002  1.5031917e+002  1.4748723e+002  1.4909387e+002  1.4663260e+002
  1.3800000e+000  1.3166003e+002  1.4530066e+002  1.5016536e+002  1.5031580e+002  1.4747932e+002  1.4908269e+002  1.4663452e+002
  1.3866667e+000  1.3161545e+002  1.4538997e+002  1.5078033e+002  1.5033406e+002  1.4746732e+002  1.4908247e+002  1.4665733e+002
  1.3933333e+000  1.3153874e+002  1.4542358e+002  1.5064726e+002  1.5034543e+002  1.4745863e+002  1.4910527e+002  1.4668062e+002
  1.4000000e+000  1.3147400e+002  1.4548512e+002  1.5073029e+002  1.5029665e+002  1.4742261e+002  1.4915135e+002  1.4669684e+002
  1.4066667e+000  1.3141220e+002  1.4554472e+002  1.5022162e+002  1.5029399e+002  1.4740198e+002  1.4913788e+002  1.4670912e+002
  1.4133333e+000  1.3132071e+002  1.4558565e+002  1.5027483e+002  1.5033475e+002  1.4740515e+002  1.4912016e+002  1.4673651e+002
  1.4200000e+000  1.3125967e+002  1.4563774e+002  1.5097902e+002  1.5036610e+002  1.4741898e+002  1.4911324e+002  1.4670950e+002
  1.4266667e+000  1.3117307e+002  1.4563477e+002  1.5106584e+002  1.5038919e+002  1.4746846e+002  1.4913776e+002  1.4669090e+002
  1.4333333e+000  1.3115523e+002  1.4557873e+002  1.5066190e+002  1.5040857e+002  1.4747371e+002  1.4918198e+002  1.4673148e+002
  1.4400000e+000  1.3113522e+002  1.4550794e+002  1.5072172e+002  1.5043008e+002  1.4745700e+002  1.4919534e+002  1.4680000e+002
  1.4466667e+000  1.3104457e+002  1.4538710e+002  1.5137004e+002  1.5046220e+002  1.4747406e+002  1.4919502e+002  1.4703334e+002
  1.4533333e+000  1.3097531e+002  1.4525787e+002  1.5147746e+002  1.5050330e+002  1.4748727e+002  1.4923973e+002  1.4738753e+002
  1.4600000e+000  1.3091098e+002  1.4514075e+002  1.5152777e+002  1.5055449e+002  1.4750552e+002  1.4924390e+002  1.4766841e+002
  1.4666667e+000  1.3084662e+002  1.4514388e+002  1.5096921e+002  1.5056453e+002  1.4754002e+002  1.4922073e+002  1.4779930e+002
  1.4733333e+000  1.3084641e+002  1.4519168e+002  1.5089166e+002  1.5054454e+002  1.4758308e+002  1.4924869e+002  1.4785744e+002
  1.4800000e+000  1.3082410e+002  1.4525774e+002  1.5143529e+002  1.5054854e+002  1.4762637e+002  1.4927351e+002  1.4791060e+002
  1.4866667e+000  1.3074722e+002  1.4532269e+002  1.5148216e+002  1.5054178e+002  1.4724049e+002  1.4929704e+002  1.4791296e+002
  1.4933333e+000  1.3067226e+002  1.4536246e+002  1.5142996e+002  1.5057594e+002  1.4725499e+002  1.4925098e+002  1.4798798e+002
  1.5000000e+000  1.3059448e+002  1.4539362e+002  1.5122582e+002  1.5061562e+002  1.4764026e+002  1.4924791e+002  1.4802364e+002
  1.5066667e+000  1.3055743e+002  1.4546170e+002  1.5120872e+002  1.5061838e+002  1.4750653e+002  1.4926044e+002  1.4804923e+002
  1.5133333e+000  1.3049014e+002  1.4554572e+002  1.5089340e+002  1.5063474e+002  1.4733972e+002  1.4925525e+002  1.4817882e+002
  1.5200000e+000  1.3040123e+002  1.4560297e+002  1.5097903e+002  1.5055504e+002  1.4719515e+002  1.4925487e+002  1.4823912e+002
  1.5266667e+000  1.3038895e+002  1.4569183e+002  1.5143225e+002  1.5054794e+002  1.4706650e+002  1.4928017e+002  1.4828224e+002
  1.5333333e+000  1.3035954e+002  1.4578242e+002  1.5144730e+002  1.5059178e+002  1.4693553e+002  1.4927353e+002  1.4838162e+002
  1.5400000e+000  1.3029918e+002  1.4588062e+002  1.5096498e+002  1.5061740e+002  1.4683194e+002  1.4930170e+002  1.4842160e+002
  1.5466667e+000  1.3027281e+002  1.4598163e+002  1.5104268e+002  1.5064430e+002  1.4676417e+002  1.4930733e+002  1.4852559e+002
  1.5533333e+000  1.3023195e+002  1.4604051e+002  1.5164388e+002  1.5063356e+002  1.4629707e+002  1.4929939e+002  1.4860893e+002
  1.5600000e+000  1.3022746e+002  1.4603441e+002  1.5179164e+002  1.5060750e+002  1.4644092e+002  1.4929027e+002  1.4870987e+002
  1.5666667e+000  1.3019321e+002  1.4603876e+002  1.5133766e+002  1.5062027e+002  1.4644524e+002  1.4927982e+002  1.4887477e+002
  1.5733333e+000  1.3016002e+002  1.4610504e+002  1.5124020e+002  1.5064552e+002  1.4683710e+002  1.4927789e+002  1.4904573e+002
  1.5800000e+000  1.3010814e+002  1.4628368e+002  1.5177246e+002  1.5066122e+002  1.4685628e+002  1.4929001e+002  1.4922350e+002
  1.5866667e+000  1.3008391e+002  1.4657939e+002  1.5193135e+002  1.5064854e+002  1.4686978e+002  1.4925633e+002  1.4943311e+002
  1.5933333e+000  1.3008516e+002  1.4685455e+002  1.5143179e+002  1.5068646e+002  1.4688480e+002  1.4924867e+002  1.4967262e+002
  1.6000000e+000  1.3006383e+002  1.4708621e+002  1.5128023e+002  1.5070891e+002  1.4643523e+002  1.4928920e+002  1.4992772e+002
  1.6066667e+000  1.3004143e+002  1.4729623e+002  1.5187927e+002  1.5071292e+002  1.4655574e+002  1.4930379e+002  1.5019963e+002
  1.6133333e+000  1.3002196e+002  1.4744636e+002  1.5206067e+002  1.5067738e+002  1.4664159e+002  1.4932077e+002  1.5050516e+002
  1.6200000e+000  1.2997107e+002  1.4750145e+002  1.5170107e+002  1.5068384e+002  1.4700395e+002  1.4932086e+002  1.5081107e+002
  1.6266667e+000  1.2991745e+002  1.4755641e+002  1.5176587e+002  1.5072237e+002  1.4701874e+002  1.4929204e+002  1.5113902e+002
  1.6333333e+000  1.2988590e+002  1.4756131e+002  1.5257371e+002  1.5076187e+002  1.4655252e+002  1.4929770e+002  1.5149356e+002
  1.6400000e+000  1.2985364e+002  1.4759767e+002  1.5292296e+002  1.5081506e+002  1.4661366e+002  1.4934880e+002  1.5190898e+002
  1.6466667e+000  1.2979526e+002  1.4766568e+002  1.5259882e+002  1.5082358e+002  1.4678249e+002  1.4933597e+002  1.5233345e+002
  1.6533333e+000  1.2971141e+002  1.4773949e+002  1.5248071e+002  1.5080917e+002  1.4731166e+002  1.4933659e+002  1.5277176e+002
  1.6600000e+000  1.2966756e+002  1.4779878e+002  1.5298979e+002  1.5082487e+002  1.4711272e+002  1.4932065e+002  1.5322337e+002
  1.6666667e+000  1.2964388e+002  1.4786093e+002  1.5308568e+002  1.5081697e+002  1.4672360e+002  1.4933302e+002  1.5370479e+002
  1.6733333e+000  1.2958426e+002  1.4791093e+002  1.5259737e+002  1.5082645e+002  1.4676782e+002  1.4940070e+002  1.5424059e+002
  1.6800000e+000  1.2952907e+002  1.4796437e+002  1.5243745e+002  1.5086475e+002  1.4742046e+002  1.4940639e+002  1.5473003e+002
  1.6866667e+000  1.2945499e+002  1.4809641e+002  1.5302599e+002  1.5088255e+002  1.4749750e+002  1.4939676e+002  1.5527719e+002
  1.6933333e+000  1.2940027e+002  1.4818533e+002  1.5317195e+002  1.5089659e+002  1.4705554e+002  1.4941043e+002  1.5584712e+002
  1.7000000e+000  1.2936574e+002  1.4821945e+002  1.5264288e+002  1.5091061e+002  1.4716447e+002  1.4940450e+002  1.5641225e+002
  1.7066667e+000  1.2933879e+002  1.4826588e+002  1.5250423e+002  1.5094931e+002  1.4736255e+002  1.4943689e+002  1.5700595e+002
  1.7133333e+000  1.2929599e+002  1.4832904e+002  1.5251231e+002  1.5099718e+002  1.4812967e+002  1.4950276e+002  1.5758075e+002
  1.7200000e+000  1.2927882e+002  1.4842191e+002  1.5322633e+002  1.5099251e+002  1.4781192e+002  1.4950709e+002  1.5815137e+002
  1.7266667e+000  1.2926361e+002  1.4845961e+002  1.5320550e+002  1.5100122e+002  1.4795361e+002  1.4945610e+002  1.5876009e+002
  1.7333333e+000  1.2922122e+002  1.4851987e+002  1.5264021e+002  1.5104445e+002  1.4790671e+002  1.4945396e+002  1.5936844e+002
  1.7400000e+000  1.2920543e+002  1.4857202e+002  1.5247443e+002  1.5107455e+002  1.4838832e+002  1.4948564e+002  1.5998230e+002
  1.7466667e+000  1.2924002e+002  1.4861685e+002  1.5324649e+002  1.5115228e+002  1.4856476e+002  1.4949908e+002  1.6066133e+002
  1.7533333e+000  1.2924930e+002  1.4869395e+002  1.5325430e+002  1.5122360e+002  1.4816580e+002  1.4956020e+002  1.6132693e+002
  1.7600000e+000  1.2924107e+002  1.4872670e+002  1.5276852e+002  1.5119676e+002  1.4800800e+002  1.4956751e+002  1.6199886e+002
  1.7666667e+000  1.2929280e+002  1.4881830e+002  1.5265022e+002  1.5120834e+002  1.4807632e+002  1.4955881e+002  1.6268819e+002
  1.7733333e+000  1.2930499e+002  1.4891635e+002  1.5339712e+002  1.5124974e+002  1.4864890e+002  1.4957440e+002  1.6339917e+002
  1.7800000e+000  1.2933124e+002  1.4896333e+002  1.5288954e+002  1.5126439e+002  1.4820842e+002  1.4962073e+002  1.6408717e+002
  1.7866667e+000  1.2937994e+002  1.4899438e+002  1.5290008e+002  1.5127371e+002  1.4806790e+002  1.4963637e+002  1.6481570e+002
  1.7933333e+000  1.2934613e+002  1.4904976e+002  1.5275534e+002  1.5131902e+002  1.4811173e+002  1.4963818e+002  1.6557716e+002
  1.8000000e+000  1.2932369e+002  1.4913178e+002  1.5350192e+002  1.5138217e+002  1.4873439e+002  1.4966518e+002  1.6633069e+002
  1.8066667e+000  1.2935304e+002  1.4918059e+002  1.5294572e+002  1.5142499e+002  1.4872572e+002  1.4967055e+002  1.6711665e+002
  1.8133333e+000  1.2940805e+002  1.4923689e+002  1.5304854e+002  1.5143247e+002  1.4822147e+002  1.4966168e+002  1.6792631e+002
  1.8200000e+000  1.2942258e+002  1.4928873e+002  1.5295042e+002  1.5143738e+002  1.4828043e+002  1.4967570e+002  1.6871075e+002
  1.8266667e+000  1.2942892e+002  1.4934862e+002  1.5318086e+002  1.5144547e+002  1.4845059e+002  1.4967952e+002  1.6960645e+002
  1.8333333e+000  1.2946175e+002  1.4942661e+002  1.5324603e+002  1.5146529e+002  1.4883827e+002  1.4972382e+002  1.7042131e+002
  1.8400000e+000  1.2949361e+002  1.4946997e+002  1.5340068e+002  1.5148772e+002  1.4829239e+002  1.4970261e+002  1.7125302e+002
  1.8466667e+000  1.2956889e+002  1.4951660e+002  1.5344980e+002  1.5154875e+002  1.4837706e+002  1.4969556e+002  1.7211165e+002
  1.8533333e+000  1.2967061e+002  1.4954808e+002  1.5335017e+002  1.5158667e+002  1.4853560e+002  1.4973195e+002  1.7295947e+002
  1.8600000e+000  1.2973770e+002  1.4961818e+002  1.5340390e+002  1.5158521e+002  1.4893562e+002  1.4971989e+002  1.7379538e+002
  1.8666667e+000  1.2980986e+002  1.4966478e+002  1.5323172e+002  1.5161014e+002  1.4846394e+002  1.4971507e+002  1.7462889e+002
  1.8733333e+000  1.2990830e+002  1.4975319e+002  1.5344594e+002  1.5161951e+002  1.4850787e+002  1.4973135e+002  1.7546849e+002
  1.8800000e+000  1.2996666e+002  1.4980751e+002  1.5352013e+002  1.5164592e+002  1.4908826e+002  1.4973587e+002  1.7632414e+002
  1.8866667e+000  1.2995519e+002  1.4985075e+002  1.5369191e+002  1.5164914e+002  1.4906429e+002  1.4977887e+002  1.7715404e+002
  1.8933333e+000  1.2993317e+002  1.4996509e+002  1.5355438e+002  1.5163847e+002  1.4854864e+002  1.4978212e+002  1.7799724e+002
  1.9000000e+000  1.2995979e+002  1.5006081e+002  1.5359264e+002  1.5168047e+002  1.4859409e+002  1.4976245e+002  1.7883432e+002
  1.9066667e+000  1.2995105e+002  1.5014230e+002  1.5362102e+002  1.5173984e+002  1.4928700e+002  1.4975327e+002  1.7960625e+002
  1.9133333e+000  1.2995473e+002  1.5019383e+002  1.5357663e+002  1.5179672e+002  1.4891246e+002  1.4977769e+002  1.8037921e+002
  1.9200000e+000  1.2998817e+002  1.5022516e+002  1.5376473e+002  1.5185196e+002  1.4867464e+002  1.4986534e+002  1.8112294e+002
  1.9266667e+000  1.3006744e+002  1.5031030e+002  1.5412350e+002  1.5179202e+002  1.4866374e+002  1.4989996e+002  1.8183742e+002
  1.9333333e+000  1.3021539e+002  1.5033180e+002  1.5357671e+002  1.5177759e+002  1.4876798e+002  1.4990994e+002  1.8253748e+002
  1.9400000e+000  1.3034384e+002  1.5037056e+002  1.5378285e+002  1.5184404e+002  1.4920862e+002  1.4989209e+002  1.8322427e+002
  1.9466667e+000  1.3044864e+002  1.5049161e+002  1.5367033e+002  1.5189914e+002  1.4864442e+002  1.4994476e+002  1.8387404e+002
  1.9533333e+000  1.3059369e+002  1.5053398e+002  1.5385533e+002  1.5190222e+002  1.4869249e+002  1.5001187e+002  1.8451294e+002
  1.9600000e+000  1.3072231e+002  1.5058050e+002  1.5390733e+002  1.5189185e+002  1.4888037e+002  1.5001576e+002  1.8514122e+002
  1.9666667e+000  1.3084865e+002  1.5061760e+002  1.5380272e+002  1.5194241e+002  1.4930150e+002  1.5005666e+002  1.8573496e+002
  1.9733333e+000  1.3099274e+002  1.5065065e+002  1.5393655e+002  1.5197748e+002  1.4885690e+002  1.5009837e+002  1.8633232e+002
  1.9800000e+000  1.3110019e+002  1.5068585e+002  1.5393269e+002  1.5199864e+002  1.4876648e+002  1.5009938e+002  1.8693881e+002
  1.9866667e+000  1.3124680e+002  1.5071906e+002  1.5380618e+002  1.5197913e+002  1.4889648e+002  1.5012782e+002  1.8752562e+002
  1.9933333e+000  1.3135828e+002  1.5077518e+002  1.5401411e+002  1.5195860e+002  1.4886934e+002  1.5019257e+002  1.8808766e+002
  2.0000000e+000  1.3141818e+002  1.5080388e+002  1.5402942e+002  1.5197659e+002  1.4928781e+002  1.5021779e+002  1.8863542e+002
