 -5.0000000e-001  1.3531116e+002  1.3252840e+002  1.3487303e+002  1.3115982e+002  1.3251829e+002
 -4.9333333e-001  1.3531233e+002  1.3253706e+002  1.3486626e+002  1.3117339e+002  1.3249147e+002
 -4.8666667e-001  1.3532404e+002  1.3254523e+002  1.3488097e+002  1.3117798e+002  1.3248415e+002
 -4.8000000e-001  1.3528619e+002  1.3256398e+002  1.3489304e+002  1.3117003e+002  1.3249686e+002
 -4.7333333e-001  1.3528830e+002  1.3257954e+002  1.3490440e+002  1.3115775e+002  1.3247443e+002
 -4.6666667e-001  1.3530179e+002  1.3254602e+002  1.3490122e+002  1.3117122e+002  1.3245386e+002
 -4.6000000e-001  1.3529996e+002  1.3253102e+002  1.3486424e+002  1.3115585e+002  1.3245717e+002
 -4.5333333e-001  1.3530458e+002  1.3256494e+002  1.3487061e+002  1.3114027e+002  1.3246469e+002
 -4.4666667e-001  1.3529175e+002  1.3255173e+002  1.3487013e+002  1.3114049e+002  1.3245056e+002
 -4.4000000e-001  1.3528597e+002  1.3257097e+002  1.3485565e+002  1.3115105e+002  1.3244382e+002
 -4.3333333e-001  1.3529723e+002  1.3257018e+002  1.3485303e+002  1.3114618e+002  1.3245550e+002
 -4.2666667e-001  1.3528984e+002  1.3255595e+002  1.3484923e+002  1.3114250e+002  1.3243579e+002
 -4.2000000e-001  1.3527432e+002  1.3253934e+002  1.3485669e+002  1.3115887e+002  1.3241695e+002
 -4.1333333e-001  1.3527998e+002  1.3254085e+002  1.3484451e+002  1.3113260e+002  1.3244286e+002
 -4.0666667e-001  1.3526813e+002  1.3255429e+002  1.3483493e+002  1.3112169e+002  1.3243320e+002
 -4.0000000e-001  1.3526825e+002  1.3254471e+002  1.3483467e+002  1.3111806e+002  1.3242570e+002
 -3.9333333e-001  1.3525503e+002  1.3254774e+002  1.3483916e+002  1.3111458e+002  1.3241093e+002
 -3.8666667e-001  1.3524239e+002  1.3254944e+002  1.3482510e+002  1.3112074e+002  1.3242213e+002
 -3.8000000e-001  1.3523483e+002  1.3254352e+002  1.3479913e+002  1.3109599e+002  1.3243387e+002
 -3.7333333e-001  1.3522310e+002  1.3256609e+002  1.3480965e+002  1.3108896e+002  1.3243652e+002
 -3.6666667e-001  1.3522015e+002  1.3256340e+002  1.3479968e+002  1.3111240e+002  1.3239952e+002
 -3.6000000e-001  1.3523167e+002  1.3256482e+002  1.3478786e+002  1.3110027e+002  1.3241817e+002
 -3.5333333e-001  1.3526350e+002  1.3253970e+002  1.3476871e+002  1.3109204e+002  1.3244115e+002
 -3.4666667e-001  1.3523291e+002  1.3253104e+002  1.3474149e+002  1.3108229e+002  1.3242581e+002
 -3.4000000e-001  1.3522612e+002  1.3253134e+002  1.3471855e+002  1.3108662e+002  1.3242398e+002
 -3.3333333e-001  1.3523651e+002  1.3252553e+002  1.3471358e+002  1.3107849e+002  1.3244338e+002
 -3.2666667e-001  1.3523154e+002  1.3253691e+002  1.3468381e+002  1.3108962e+002  1.3243942e+002
 -3.2000000e-001  1.3523903e+002  1.3255402e+002  1.3467815e+002  1.3110261e+002  1.3241180e+002
 -3.1333333e-001  1.3523105e+002  1.3253365e+002  1.3465080e+002  1.3108141e+002  1.3241296e+002
 -3.0666667e-001  1.3521841e+002  1.3250212e+002  1.3464813e+002  1.3105020e+002  1.3241299e+002
 -3.0000000e-001  1.3521251e+002  1.3252408e+002  1.3463518e+002  1.3103198e+002  1.3241057e+002
 -2.9333333e-001  1.3522427e+002  1.3253470e+002  1.3459085e+002  1.3103819e+002  1.3243651e+002
 -2.8666667e-001  1.3523292e+002  1.3249466e+002  1.3458609e+002  1.3105337e+002  1.3241539e+002
 -2.8000000e-001  1.3523476e+002  1.3249387e+002  1.3458168e+002  1.3106328e+002  1.3240147e+002
 -2.7333333e-001  1.3522667e+002  1.3249680e+002  1.3455151e+002  1.3105765e+002  1.3242013e+002
 -2.6666667e-001  1.3521033e+002  1.3247531e+002  1.3450295e+002  1.3104369e+002  1.3242171e+002
 -2.6000000e-001  1.3521968e+002  1.3250841e+002  1.3451073e+002  1.3104257e+002  1.3240686e+002
 -2.5333333e-001  1.3521918e+002  1.3250600e+002  1.3454019e+002  1.3103726e+002  1.3242500e+002
 -2.4666667e-001  1.3524202e+002  1.3251387e+002  1.3451862e+002  1.3104846e+002  1.3241316e+002
 -2.4000000e-001  1.3524719e+002  1.3249347e+002  1.3447493e+002  1.3101822e+002  1.3241020e+002
 -2.3333333e-001  1.3523524e+002  1.3247432e+002  1.3448494e+002  1.3100397e+002  1.3241313e+002
 -2.2666667e-001  1.3522870e+002  1.3248796e+002  1.3451984e+002  1.3101836e+002  1.3241853e+002
 -2.2000000e-001  1.3523320e+002  1.3249017e+002  1.3448926e+002  1.3101537e+002  1.3242784e+002
 -2.1333333e-001  1.3524126e+002  1.3248515e+002  1.3444911e+002  1.3100594e+002  1.3241858e+002
 -2.0666667e-001  1.3524106e+002  1.3248158e+002  1.3445619e+002  1.3103204e+002  1.3241788e+002
 -2.0000000e-001  1.3523666e+002  1.3248572e+002  1.3445811e+002  1.3098277e+002  1.3242287e+002
 -1.9333333e-001  1.3523271e+002  1.3248122e+002  1.3443597e+002  1.3096652e+002  1.3244882e+002
 -1.8666667e-001  1.3524603e+002  1.3247748e+002  1.3442969e+002  1.3097969e+002  1.3243175e+002
 -1.8000000e-001  1.3522360e+002  1.3246268e+002  1.3443053e+002  1.3096988e+002  1.3241693e+002
 -1.7333333e-001  1.3521114e+002  1.3246576e+002  1.3438896e+002  1.3096619e+002  1.3242236e+002
 -1.6666667e-001  1.3524063e+002  1.3245915e+002  1.3440596e+002  1.3099483e+002  1.3241377e+002
 -1.6000000e-001  1.3524773e+002  1.3247327e+002  1.3440700e+002  1.3101086e+002  1.3243866e+002
 -1.5333333e-001  1.3520923e+002  1.3245393e+002  1.3440756e+002  1.3095883e+002  1.3243874e+002
 -1.4666667e-001  1.3518106e+002  1.3244316e+002  1.3440099e+002  1.3094197e+002  1.3242311e+002
 -1.4000000e-001  1.3521823e+002  1.3242543e+002  1.3440443e+002  1.3094930e+002  1.3240735e+002
 -1.3333333e-001  1.3519754e+002  1.3240714e+002  1.3440626e+002  1.3092899e+002  1.3242549e+002
 -1.2666667e-001  1.3519579e+002  1.3242957e+002  1.3439642e+002  1.3091089e+002  1.3243983e+002
 -1.2000000e-001  1.3519301e+002  1.3241542e+002  1.3441591e+002  1.3089911e+002  1.3243247e+002
 -1.1333333e-001  1.3518085e+002  1.3239589e+002  1.3440549e+002  1.3087918e+002  1.3243051e+002
 -1.0666667e-001  1.3518779e+002  1.3240420e+002  1.3441480e+002  1.3087132e+002  1.3241304e+002
 -1.0000000e-001  1.3518842e+002  1.3239450e+002  1.3444508e+002  1.3087054e+002  1.3243095e+002
 -9.3333333e-002  1.3518687e+002  1.3238149e+002  1.3441768e+002  1.3087573e+002  1.3243279e+002
 -8.6666667e-002  1.3517957e+002  1.3235626e+002  1.3442596e+002  1.3084596e+002  1.3243793e+002
 -8.0000000e-002  1.3518111e+002  1.3235698e+002  1.3442447e+002  1.3085098e+002  1.3244481e+002
 -7.3333333e-002  1.3517647e+002  1.3236842e+002  1.3442505e+002  1.3086182e+002  1.3244266e+002
 -6.6666667e-002  1.3517029e+002  1.3237082e+002  1.3446794e+002  1.3084477e+002  1.3243425e+002
 -6.0000000e-002  1.3515015e+002  1.3234865e+002  1.3445056e+002  1.3080014e+002  1.3245023e+002
 -5.3333333e-002  1.3513806e+002  1.3232446e+002  1.3443623e+002  1.3079719e+002  1.3245084e+002
 -4.6666667e-002  1.3513315e+002  1.3232744e+002  1.3444594e+002  1.3083240e+002  1.3247080e+002
 -4.0000000e-002  1.3514847e+002  1.3233240e+002  1.3445618e+002  1.3084500e+002  1.3248373e+002
 -3.3333333e-002  1.3514482e+002  1.3236371e+002  1.3444855e+002  1.3083730e+002  1.3248674e+002
 -2.6666667e-002  1.3514131e+002  1.3234059e+002  1.3446948e+002  1.3086455e+002  1.3248953e+002
 -2.0000000e-002  1.3514122e+002  1.3233572e+002  1.3446532e+002  1.3086449e+002  1.3250624e+002
 -1.3333333e-002  1.3513174e+002  1.3230281e+002  1.3445912e+002  1.3086873e+002  1.3250313e+002
 -6.6666667e-003  1.3514334e+002  1.3227234e+002  1.3446014e+002  1.3085103e+002  1.3249826e+002
  0.0000000e+000  1.3513796e+002  1.3227054e+002  1.3447720e+002  1.3085735e+002  1.3249670e+002
  6.6666667e-003  1.3511145e+002  1.3228583e+002  1.3447403e+002  1.3084833e+002  1.3248027e+002
  1.3333333e-002  1.3511681e+002  1.3229952e+002  1.3447150e+002  1.3082846e+002  1.3250400e+002
  2.0000000e-002  1.3510854e+002  1.3226601e+002  1.3449425e+002  1.3085303e+002  1.3250816e+002
  2.6666667e-002  1.3508849e+002  1.3222853e+002  1.3450345e+002  1.3080325e+002  1.3248103e+002
  3.3333333e-002  1.3507654e+002  1.3220375e+002  1.3447719e+002  1.3076388e+002  1.3245914e+002
  4.0000000e-002  1.3504114e+002  1.3219212e+002  1.3444478e+002  1.3077191e+002  1.3244618e+002
  4.6666667e-002  1.3504256e+002  1.3218749e+002  1.3444353e+002  1.3072936e+002  1.3244589e+002
  5.3333333e-002  1.3503833e+002  1.3214279e+002  1.3445410e+002  1.3069135e+002  1.3243951e+002
  6.0000000e-002  1.3502316e+002  1.3210982e+002  1.3443642e+002  1.3066383e+002  1.3239180e+002
  6.6666667e-002  1.3499965e+002  1.3210121e+002  1.3442955e+002  1.3064531e+002  1.3237244e+002
  7.3333333e-002  1.3498505e+002  1.3208446e+002  1.3442603e+002  1.3058505e+002  1.3235457e+002
  8.0000000e-002  1.3498425e+002  1.3205808e+002  1.3442331e+002  1.3049942e+002  1.3231490e+002
  8.6666667e-002  1.3494589e+002  1.3201756e+002  1.3442278e+002  1.3045587e+002  1.3227785e+002
  9.3333333e-002  1.3494665e+002  1.3196535e+002  1.3436762e+002  1.3039712e+002  1.3223993e+002
  1.0000000e-001  1.3494792e+002  1.3191127e+002  1.3433176e+002  1.3033458e+002  1.3221941e+002
  1.0666667e-001  1.3494348e+002  1.3186897e+002  1.3431992e+002  1.3026521e+002  1.3218422e+002
  1.1333333e-001  1.3492876e+002  1.3180072e+002  1.3428478e+002  1.3019917e+002  1.3217278e+002
  1.2000000e-001  1.3489764e+002  1.3172858e+002  1.3426143e+002  1.3012709e+002  1.3214133e+002
  1.2666667e-001  1.3487544e+002  1.3167316e+002  1.3418906e+002  1.3005583e+002  1.3208559e+002
  1.3333333e-001  1.3486722e+002  1.3162434e+002  1.3413413e+002  1.2996806e+002  1.3203378e+002
  1.4000000e-001  1.3485141e+002  1.3157562e+002  1.3409935e+002  1.2991652e+002  1.3200484e+002
  1.4666667e-001  1.3482642e+002  1.3151642e+002  1.3406787e+002  1.2982330e+002  1.3195017e+002
  1.5333333e-001  1.3479436e+002  1.3145177e+002  1.3403032e+002  1.2971870e+002  1.3189429e+002
  1.6000000e-001  1.3474474e+002  1.3138303e+002  1.3397314e+002  1.2963297e+002  1.3182954e+002
  1.6666667e-001  1.3471133e+002  1.3132880e+002  1.3393105e+002  1.2955566e+002  1.3178929e+002
  1.7333333e-001  1.3470261e+002  1.3128047e+002  1.3386005e+002  1.2952707e+002  1.3176979e+002
  1.8000000e-001  1.3471204e+002  1.3122537e+002  1.3386299e+002  1.2948839e+002  1.3173422e+002
  1.8666667e-001  1.3472470e+002  1.3117274e+002  1.3383635e+002  1.2943536e+002  1.3169748e+002
  1.9333333e-001  1.3473900e+002  1.3112688e+002  1.3382852e+002  1.2937724e+002  1.3166319e+002
  2.0000000e-001  1.3473259e+002  1.3110431e+002  1.3382089e+002  1.2933540e+002  1.3164032e+002
  2.0666667e-001  1.3474773e+002  1.3107263e+002  1.3381766e+002  1.2930360e+002  1.3159274e+002
  2.1333333e-001  1.3474797e+002  1.3103680e+002  1.3380130e+002  1.2926256e+002  1.3155061e+002
  2.2000000e-001  1.3470960e+002  1.3098996e+002  1.3378618e+002  1.2917488e+002  1.3146260e+002
  2.2666667e-001  1.3471062e+002  1.3090602e+002  1.3376108e+002  1.2912625e+002  1.3138702e+002
  2.3333333e-001  1.3471874e+002  1.3084407e+002  1.3377089e+002  1.2907666e+002  1.3132776e+002
  2.4000000e-001  1.3469714e+002  1.3080678e+002  1.3378744e+002  1.2901909e+002  1.3123254e+002
  2.4666667e-001  1.3468968e+002  1.3071953e+002  1.3376492e+002  1.2896019e+002  1.3116746e+002
  2.5333333e-001  1.3468831e+002  1.3060739e+002  1.3375055e+002  1.2889659e+002  1.3107202e+002
  2.6000000e-001  1.3461357e+002  1.3050099e+002  1.3372855e+002  1.2877267e+002  1.3098869e+002
  2.6666667e-001  1.3455389e+002  1.3039922e+002  1.3370456e+002  1.2869615e+002  1.3091632e+002
  2.7333333e-001  1.3451831e+002  1.3029309e+002  1.3368593e+002  1.2860857e+002  1.3084990e+002
  2.8000000e-001  1.3444493e+002  1.3016219e+002  1.3370401e+002  1.2854246e+002  1.3081090e+002
  2.8666667e-001  1.3436420e+002  1.3004305e+002  1.3364137e+002  1.2843178e+002  1.3077239e+002
  2.9333333e-001  1.3429330e+002  1.2996269e+002  1.3356390e+002  1.2831479e+002  1.3075461e+002
  3.0000000e-001  1.3420308e+002  1.2988568e+002  1.3351155e+002  1.2819995e+002  1.3075678e+002
  3.0666667e-001  1.3414702e+002  1.2983490e+002  1.3344815e+002  1.2807907e+002  1.3074622e+002
  3.1333333e-001  1.3409613e+002  1.2977014e+002  1.3334404e+002  1.2796122e+002  1.3074646e+002
  3.2000000e-001  1.3400714e+002  1.2974722e+002  1.3323743e+002  1.2787582e+002  1.3074754e+002
  3.2666667e-001  1.3395090e+002  1.2973201e+002  1.3318106e+002  1.2779042e+002  1.3074147e+002
  3.3333333e-001  1.3388045e+002  1.2971480e+002  1.3310829e+002  1.2769811e+002  1.3076849e+002
  3.4000000e-001  1.3388881e+002  1.2973828e+002  1.3298001e+002  1.2764901e+002  1.3069841e+002
  3.4666667e-001  1.3390898e+002  1.2980331e+002  1.3291808e+002  1.2758019e+002  1.3062970e+002
  3.5333333e-001  1.3395470e+002  1.2991750e+002  1.3284447e+002  1.2749783e+002  1.3063209e+002
  3.6000000e-001  1.3400055e+002  1.2999310e+002  1.3277748e+002  1.2747598e+002  1.3063184e+002
  3.6666667e-001  1.3404271e+002  1.3007683e+002  1.3274484e+002  1.2746341e+002  1.3071742e+002
  3.7333333e-001  1.3412250e+002  1.3021642e+002  1.3271962e+002  1.2746214e+002  1.3079695e+002
  3.8000000e-001  1.3417311e+002  1.3037074e+002  1.3268851e+002  1.2748367e+002  1.3089706e+002
  3.8666667e-001  1.3424638e+002  1.3051668e+002  1.3266357e+002  1.2753091e+002  1.3099477e+002
  3.9333333e-001  1.3428885e+002  1.3065030e+002  1.3261589e+002  1.2752991e+002  1.3108768e+002
  4.0000000e-001  1.3434706e+002  1.3078932e+002  1.3260922e+002  1.2756253e+002  1.3122151e+002
  4.0666667e-001  1.3444507e+002  1.3092062e+002  1.3264555e+002  1.2761045e+002  1.3139856e+002
  4.1333333e-001  1.3455241e+002  1.3105965e+002  1.3267598e+002  1.2766029e+002  1.3156975e+002
  4.2000000e-001  1.3463524e+002  1.3120273e+002  1.3268985e+002  1.2775093e+002  1.3175790e+002
  4.2666667e-001  1.3474060e+002  1.3134259e+002  1.3272627e+002  1.2786868e+002  1.3192995e+002
  4.3333333e-001  1.3489189e+002  1.3147029e+002  1.3280186e+002  1.2794823e+002  1.3212582e+002
  4.4000000e-001  1.3501361e+002  1.3164400e+002  1.3291542e+002  1.2804718e+002  1.3233891e+002
  4.4666667e-001  1.3519173e+002  1.3183568e+002  1.3303621e+002  1.2822446e+002  1.3252409e+002
  4.5333333e-001  1.3535837e+002  1.3204423e+002  1.3317247e+002  1.2837337e+002  1.3271256e+002
  4.6000000e-001  1.3548776e+002  1.3223261e+002  1.3330309e+002  1.2848221e+002  1.3290251e+002
  4.6666667e-001  1.3563295e+002  1.3243422e+002  1.3350421e+002  1.2857878e+002  1.3311165e+002
  4.7333333e-001  1.3584998e+002  1.3261974e+002  1.3369121e+002  1.2871965e+002  1.3328064e+002
  4.8000000e-001  1.3606786e+002  1.3287930e+002  1.3384792e+002  1.2887711e+002  1.3342888e+002
  4.8666667e-001  1.3623160e+002  1.3315318e+002  1.3400081e+002  1.2900612e+002  1.3361510e+002
  4.9333333e-001  1.3643616e+002  1.3337061e+002  1.3420883e+002  1.2913124e+002  1.3376332e+002
  5.0000000e-001  1.3663785e+002  1.3359218e+002  1.3446187e+002  1.2926639e+002  1.3388681e+002
  5.0666667e-001  1.3683998e+002  1.3385356e+002  1.3467261e+002  1.2943620e+002  1.3404355e+002
  5.1333333e-001  1.3704807e+002  1.3414035e+002  1.3486169e+002  1.2959106e+002  1.3420962e+002
  5.2000000e-001  1.3722519e+002  1.3441142e+002  1.3507750e+002  1.2976411e+002  1.3432182e+002
  5.2666667e-001  1.3741866e+002  1.3465973e+002  1.3529689e+002  1.2996295e+002  1.3446742e+002
  5.3333333e-001  1.3759161e+002  1.3493864e+002  1.3548921e+002  1.3015511e+002  1.3459938e+002
  5.4000000e-001  1.3776634e+002  1.3520956e+002  1.3570529e+002  1.3037517e+002  1.3472177e+002
  5.4666667e-001  1.3797278e+002  1.3545702e+002  1.3590544e+002  1.3060423e+002  1.3486610e+002
  5.5333333e-001  1.3816228e+002  1.3571365e+002  1.3605701e+002  1.3085722e+002  1.3499976e+002
  5.6000000e-001  1.3831619e+002  1.3595052e+002  1.3619933e+002  1.3107370e+002  1.3513280e+002
  5.6666667e-001  1.3850105e+002  1.3623390e+002  1.3635739e+002  1.3125330e+002  1.3523561e+002
  5.7333333e-001  1.3865570e+002  1.3647658e+002  1.3647249e+002  1.3143147e+002  1.3537044e+002
  5.8000000e-001  1.3884134e+002  1.3671373e+002  1.3662766e+002  1.3162712e+002  1.3549402e+002
  5.8666667e-001  1.3904353e+002  1.3689992e+002  1.3676302e+002  1.3177647e+002  1.3565576e+002
  5.9333333e-001  1.3925073e+002  1.3712791e+002  1.3688866e+002  1.3191693e+002  1.3575056e+002
  6.0000000e-001  1.3940845e+002  1.3734248e+002  1.3702905e+002  1.3204388e+002  1.3586226e+002
  6.0666667e-001  1.3957130e+002  1.3755266e+002  1.3712949e+002  1.3215555e+002  1.3596724e+002
  6.1333333e-001  1.3972264e+002  1.3775562e+002  1.3724052e+002  1.3226289e+002  1.3607318e+002
  6.2000000e-001  1.3985922e+002  1.3793571e+002  1.3733040e+002  1.3239055e+002  1.3615265e+002
  6.2666667e-001  1.4005493e+002  1.3809505e+002  1.3743779e+002  1.3252200e+002  1.3624049e+002
  6.3333333e-001  1.4022171e+002  1.3826822e+002  1.3757016e+002  1.3262175e+002  1.3633195e+002
  6.4000000e-001  1.4034889e+002  1.3844171e+002  1.3769162e+002  1.3273892e+002  1.3641251e+002
  6.4666667e-001  1.4049765e+002  1.3860478e+002  1.3780737e+002  1.3286656e+002  1.3649257e+002
  6.5333333e-001  1.4069597e+002  1.3874068e+002  1.3785519e+002  1.3295017e+002  1.3654080e+002
  6.6000000e-001  1.4091534e+002  1.3888759e+002  1.3793228e+002  1.3304128e+002  1.3659180e+002
  6.6666667e-001  1.4108836e+002  1.3901758e+002  1.3808189e+002  1.3313235e+002  1.3667944e+002
  6.7333333e-001  1.4130795e+002  1.3916118e+002  1.3815527e+002  1.3326445e+002  1.3673663e+002
  6.8000000e-001  1.4150745e+002  1.3928427e+002  1.3818567e+002  1.3336693e+002  1.3675886e+002
  6.8666667e-001  1.4175987e+002  1.3936916e+002  1.3822897e+002  1.3348585e+002  1.3682809e+002
  6.9333333e-001  1.4198082e+002  1.3944719e+002  1.3831393e+002  1.3363397e+002  1.3687640e+002
  7.0000000e-001  1.4219127e+002  1.3955289e+002  1.3839191e+002  1.3375476e+002  1.3692708e+002
  7.0666667e-001  1.4238275e+002  1.3968477e+002  1.3844691e+002  1.3391098e+002  1.3701921e+002
  7.1333333e-001  1.4254823e+002  1.3974092e+002  1.3850156e+002  1.3406746e+002  1.3711311e+002
  7.2000000e-001  1.4270464e+002  1.3982301e+002  1.3857390e+002  1.3420783e+002  1.3715781e+002
  7.2666667e-001  1.4292310e+002  1.3987080e+002  1.3861743e+002  1.3438394e+002  1.3722075e+002
  7.3333333e-001  1.4312448e+002  1.3991988e+002  1.3869095e+002  1.3452731e+002  1.3731197e+002
  7.4000000e-001  1.4330504e+002  1.3997553e+002  1.3877824e+002  1.3466426e+002  1.3740712e+002
  7.4666667e-001  1.4352286e+002  1.4005299e+002  1.3885347e+002  1.3481143e+002  1.3748169e+002
  7.5333333e-001  1.4371172e+002  1.4014749e+002  1.3891093e+002  1.3502043e+002  1.3755615e+002
  7.6000000e-001  1.4389015e+002  1.4018970e+002  1.3896504e+002  1.3520552e+002  1.3765549e+002
  7.6666667e-001  1.4406694e+002  1.4025056e+002  1.3896262e+002  1.3538113e+002  1.3774291e+002
  7.7333333e-001  1.4427171e+002  1.4035556e+002  1.3902129e+002  1.3554858e+002  1.3781251e+002
  7.8000000e-001  1.4449564e+002  1.4042265e+002  1.3911653e+002  1.3572795e+002  1.3787178e+002
  7.8666667e-001  1.4465816e+002  1.4050929e+002  1.3913498e+002  1.3593512e+002  1.3794345e+002
  7.9333333e-001  1.4482484e+002  1.4055710e+002  1.3918004e+002  1.3611174e+002  1.3802162e+002
  8.0000000e-001  1.4498497e+002  1.4063951e+002  1.3923372e+002  1.3626553e+002  1.3804683e+002
  8.0666667e-001  1.4511415e+002  1.4074028e+002  1.3926979e+002  1.3642442e+002  1.3810586e+002
  8.1333333e-001  1.4523506e+002  1.4082486e+002  1.3934221e+002  1.3660042e+002  1.3815921e+002
  8.2000000e-001  1.4530176e+002  1.4091596e+002  1.3938512e+002  1.3675343e+002  1.3819710e+002
  8.2666667e-001  1.4537743e+002  1.4100679e+002  1.3942953e+002  1.3690707e+002  1.3823387e+002
  8.3333333e-001  1.4553442e+002  1.4108797e+002  1.3941501e+002  1.3705139e+002  1.3827470e+002
  8.4000000e-001  1.4564870e+002  1.4117650e+002  1.3943567e+002  1.3722929e+002  1.3828763e+002
  8.4666667e-001  1.4572415e+002  1.4124182e+002  1.3943770e+002  1.3736484e+002  1.3830420e+002
  8.5333333e-001  1.4577615e+002  1.4129862e+002  1.3949667e+002  1.3749529e+002  1.3834154e+002
  8.6000000e-001  1.4582492e+002  1.4135606e+002  1.3953081e+002  1.3759319e+002  1.3837236e+002
  8.6666667e-001  1.4588629e+002  1.4140616e+002  1.3953584e+002  1.3767931e+002  1.3837973e+002
  8.7333333e-001  1.4593475e+002  1.4144911e+002  1.3952853e+002  1.3776292e+002  1.3839655e+002
  8.8000000e-001  1.4600769e+002  1.4147856e+002  1.3957665e+002  1.3784520e+002  1.3839700e+002
  8.8666667e-001  1.4605798e+002  1.4151074e+002  1.3958218e+002  1.3790263e+002  1.3840038e+002
  8.9333333e-001  1.4613489e+002  1.4155565e+002  1.3958987e+002  1.3799625e+002  1.3845721e+002
  9.0000000e-001  1.4618149e+002  1.4155237e+002  1.3959296e+002  1.3807655e+002  1.3848280e+002
  9.0666667e-001  1.4619716e+002  1.4157979e+002  1.3961505e+002  1.3818268e+002  1.3850699e+002
  9.1333333e-001  1.4622678e+002  1.4158595e+002  1.3965166e+002  1.3829199e+002  1.3853691e+002
  9.2000000e-001  1.4627530e+002  1.4154198e+002  1.3963875e+002  1.3837471e+002  1.3856552e+002
  9.2666667e-001  1.4629874e+002  1.4150807e+002  1.3964368e+002  1.3843185e+002  1.3860207e+002
  9.3333333e-001  1.4629416e+002  1.4153239e+002  1.3965710e+002  1.3851361e+002  1.3861072e+002
  9.4000000e-001  1.4631656e+002  1.4153095e+002  1.3966599e+002  1.3858736e+002  1.3861891e+002
  9.4666667e-001  1.4635773e+002  1.4155515e+002  1.3965503e+002  1.3863840e+002  1.3865221e+002
  9.5333333e-001  1.4637814e+002  1.4158813e+002  1.3963805e+002  1.3868218e+002  1.3871031e+002
  9.6000000e-001  1.4636511e+002  1.4156793e+002  1.3963652e+002  1.3877860e+002  1.3871536e+002
  9.6666667e-001  1.4634679e+002  1.4152177e+002  1.3966696e+002  1.3882750e+002  1.3871057e+002
  9.7333333e-001  1.4629759e+002  1.4154425e+002  1.3967313e+002  1.3885733e+002  1.3875613e+002
  9.8000000e-001  1.4626417e+002  1.4162389e+002  1.3966263e+002  1.3890500e+002  1.3876761e+002
  9.8666667e-001  1.4624554e+002  1.4164629e+002  1.3968828e+002  1.3896101e+002  1.3876863e+002
  9.9333333e-001  1.4624461e+002  1.4164594e+002  1.3968974e+002  1.3901407e+002  1.3874558e+002
  1.0000000e+000  1.4623596e+002  1.4164516e+002  1.3969365e+002  1.3904001e+002  1.3874382e+002
  1.0066667e+000  1.4621808e+002  1.4163734e+002  1.3971567e+002  1.3908568e+002  1.3875598e+002
  1.0133333e+000  1.4616032e+002  1.4163643e+002  1.3971463e+002  1.3910098e+002  1.3874179e+002
  1.0200000e+000  1.4612621e+002  1.4166608e+002  1.3968727e+002  1.3913592e+002  1.3874120e+002
  1.0266667e+000  1.4608025e+002  1.4166118e+002  1.3969151e+002  1.3920630e+002  1.3872614e+002
  1.0333333e+000  1.4601788e+002  1.4166040e+002  1.3969774e+002  1.3922600e+002  1.3870711e+002
  1.0400000e+000  1.4597829e+002  1.4165346e+002  1.3971057e+002  1.3925214e+002  1.3869658e+002
  1.0466667e+000  1.4592631e+002  1.4160513e+002  1.3970055e+002  1.3930409e+002  1.3870290e+002
  1.0533333e+000  1.4588634e+002  1.4159290e+002  1.3970891e+002  1.3934708e+002  1.3866768e+002
  1.0600000e+000  1.4583308e+002  1.4160184e+002  1.3972584e+002  1.3938907e+002  1.3863118e+002
  1.0666667e+000  1.4578445e+002  1.4156468e+002  1.3968811e+002  1.3942845e+002  1.3862154e+002
  1.0733333e+000  1.4576599e+002  1.4153487e+002  1.3964316e+002  1.3947376e+002  1.3861185e+002
  1.0800000e+000  1.4571899e+002  1.4154509e+002  1.3961087e+002  1.3954096e+002  1.3860027e+002
  1.0866667e+000  1.4567116e+002  1.4153209e+002  1.3962468e+002  1.3958910e+002  1.3859154e+002
  1.0933333e+000  1.4561641e+002  1.4150378e+002  1.3962265e+002  1.3959947e+002  1.3854614e+002
  1.1000000e+000  1.4553934e+002  1.4149051e+002  1.3958189e+002  1.3963594e+002  1.3852074e+002
  1.1066667e+000  1.4547241e+002  1.4149542e+002  1.3953900e+002  1.3971390e+002  1.3851393e+002
  1.1133333e+000  1.4541675e+002  1.4146307e+002  1.3952612e+002  1.3975426e+002  1.3850775e+002
  1.1200000e+000  1.4535712e+002  1.4139903e+002  1.3950018e+002  1.3977837e+002  1.3847669e+002
  1.1266667e+000  1.4532854e+002  1.4136998e+002  1.3944540e+002  1.3980467e+002  1.3843065e+002
  1.1333333e+000  1.4523732e+002  1.4134195e+002  1.3940410e+002  1.3978503e+002  1.3841776e+002
  1.1400000e+000  1.4517171e+002  1.4132733e+002  1.3936282e+002  1.3982732e+002  1.3842641e+002
  1.1466667e+000  1.4513194e+002  1.4128928e+002  1.3935152e+002  1.3986760e+002  1.3839514e+002
  1.1533333e+000  1.4506670e+002  1.4126674e+002  1.3934082e+002  1.3989888e+002  1.3836272e+002
  1.1600000e+000  1.4497571e+002  1.4124010e+002  1.3933586e+002  1.3993141e+002  1.3833768e+002
  1.1666667e+000  1.4489493e+002  1.4118881e+002  1.3932590e+002  1.3992337e+002  1.3831753e+002
  1.1733333e+000  1.4481430e+002  1.4115662e+002  1.3929099e+002  1.3996623e+002  1.3827513e+002
  1.1800000e+000  1.4474078e+002  1.4109824e+002  1.3929002e+002  1.4000778e+002  1.3822705e+002
  1.1866667e+000  1.4468211e+002  1.4104590e+002  1.3925407e+002  1.4000819e+002  1.3821547e+002
  1.1933333e+000  1.4460869e+002  1.4102576e+002  1.3923280e+002  1.4001474e+002  1.3818543e+002
  1.2000000e+000  1.4454417e+002  1.4098483e+002  1.3920068e+002  1.4001712e+002  1.3816057e+002
  1.2066667e+000  1.4443750e+002  1.4092761e+002  1.3917319e+002  1.4001466e+002  1.3813272e+002
  1.2133333e+000  1.4438551e+002  1.4091786e+002  1.3915930e+002  1.4005719e+002  1.3810254e+002
  1.2200000e+000  1.4432169e+002  1.4091238e+002  1.3915509e+002  1.4007193e+002  1.3808943e+002
  1.2266667e+000  1.4421181e+002  1.4087321e+002  1.3912862e+002  1.4011633e+002  1.3804501e+002
  1.2333333e+000  1.4412672e+002  1.4083861e+002  1.3906589e+002  1.4018890e+002  1.3801215e+002
  1.2400000e+000  1.4407327e+002  1.4080455e+002  1.3902342e+002  1.4020940e+002  1.3798320e+002
  1.2466667e+000  1.4404572e+002  1.4075261e+002  1.3898274e+002  1.4024333e+002  1.3794418e+002
  1.2533333e+000  1.4396606e+002  1.4072250e+002  1.3894537e+002  1.4029239e+002  1.3790517e+002
  1.2600000e+000  1.4389276e+002  1.4065146e+002  1.3888902e+002  1.4031096e+002  1.3790996e+002
  1.2666667e+000  1.4383232e+002  1.4059721e+002  1.3884033e+002  1.4038173e+002  1.3790742e+002
  1.2733333e+000  1.4373859e+002  1.4056639e+002  1.3882317e+002  1.4042390e+002  1.3788599e+002
  1.2800000e+000  1.4368825e+002  1.4051265e+002  1.3878362e+002  1.4050110e+002  1.3788098e+002
  1.2866667e+000  1.4363959e+002  1.4044949e+002  1.3872975e+002  1.4053371e+002  1.3789143e+002
  1.2933333e+000  1.4355449e+002  1.4041154e+002  1.3865880e+002  1.4056783e+002  1.3787195e+002
  1.3000000e+000  1.4348502e+002  1.4035989e+002  1.3861180e+002  1.4061702e+002  1.3786990e+002
  1.3066667e+000  1.4337451e+002  1.4029994e+002  1.3859570e+002  1.4068137e+002  1.3785516e+002
  1.3133333e+000  1.4329684e+002  1.4023325e+002  1.3858041e+002  1.4074414e+002  1.3781903e+002
  1.3200000e+000  1.4323691e+002  1.4016322e+002  1.3852432e+002  1.4079257e+002  1.3776781e+002
  1.3266667e+000  1.4317218e+002  1.4012900e+002  1.3851312e+002  1.4083453e+002  1.3774530e+002
  1.3333333e+000  1.4310745e+002  1.4005690e+002  1.3849400e+002  1.4086752e+002  1.3772194e+002
  1.3400000e+000  1.4303247e+002  1.3997112e+002  1.3842131e+002  1.4095554e+002  1.3767128e+002
  1.3466667e+000  1.4294476e+002  1.3990826e+002  1.3837993e+002  1.4098476e+002  1.3763826e+002
  1.3533333e+000  1.4288829e+002  1.3984804e+002  1.3834821e+002  1.4104605e+002  1.3760577e+002
  1.3600000e+000  1.4284702e+002  1.3978033e+002  1.3833429e+002  1.4111671e+002  1.3753406e+002
  1.3666667e+000  1.4279585e+002  1.3971747e+002  1.3830325e+002  1.4117567e+002  1.3750618e+002
  1.3733333e+000  1.4272246e+002  1.3963898e+002  1.3826753e+002  1.4122217e+002  1.3745531e+002
  1.3800000e+000  1.4268451e+002  1.3958464e+002  1.3821902e+002  1.4128014e+002  1.3737721e+002
  1.3866667e+000  1.4265613e+002  1.3953920e+002  1.3816672e+002  1.4135344e+002  1.3732741e+002
  1.3933333e+000  1.4258054e+002  1.3948041e+002  1.3812383e+002  1.4142105e+002  1.3729904e+002
  1.4000000e+000  1.4252733e+002  1.3938089e+002  1.3809337e+002  1.4147453e+002  1.3726381e+002
  1.4066667e+000  1.4247308e+002  1.3931831e+002  1.3802889e+002  1.4155203e+002  1.3721318e+002
  1.4133333e+000  1.4240382e+002  1.3925679e+002  1.3799863e+002  1.4161192e+002  1.3716959e+002
  1.4200000e+000  1.4234734e+002  1.3919659e+002  1.3796341e+002  1.4167050e+002  1.3709671e+002
  1.4266667e+000  1.4231392e+002  1.3911919e+002  1.3793367e+002  1.4174762e+002  1.3707146e+002
  1.4333333e+000  1.4223352e+002  1.3905685e+002  1.3789905e+002  1.4182869e+002  1.3702805e+002
  1.4400000e+000  1.4213500e+002  1.3896770e+002  1.3785648e+002  1.4190613e+002  1.3697246e+002
  1.4466667e+000  1.4208844e+002  1.3891269e+002  1.3780263e+002  1.4199864e+002  1.3690013e+002
  1.4533333e+000  1.4208124e+002  1.3881143e+002  1.3777774e+002  1.4208810e+002  1.3683585e+002
  1.4600000e+000  1.4202681e+002  1.3873840e+002  1.3772261e+002  1.4215086e+002  1.3678310e+002
  1.4666667e+000  1.4196848e+002  1.3865927e+002  1.3765462e+002  1.4223248e+002  1.3673921e+002
  1.4733333e+000  1.4192979e+002  1.3859590e+002  1.3761964e+002  1.4234108e+002  1.3668492e+002
  1.4800000e+000  1.4189545e+002  1.3850951e+002  1.3760007e+002  1.4241974e+002  1.3662271e+002
  1.4866667e+000  1.4187857e+002  1.3844972e+002  1.3756696e+002  1.4248006e+002  1.3654646e+002
  1.4933333e+000  1.4182921e+002  1.3837061e+002  1.3751500e+002  1.4255588e+002  1.3650012e+002
  1.5000000e+000  1.4179276e+002  1.3829373e+002  1.3745605e+002  1.4261690e+002  1.3646666e+002
  1.5066667e+000  1.4173239e+002  1.3820587e+002  1.3742474e+002  1.4267708e+002  1.3641574e+002
  1.5133333e+000  1.4169762e+002  1.3813710e+002  1.3739041e+002  1.4276102e+002  1.3636713e+002
  1.5200000e+000  1.4169612e+002  1.3807034e+002  1.3732239e+002  1.4283710e+002  1.3630582e+002
  1.5266667e+000  1.4164342e+002  1.3798831e+002  1.3726990e+002  1.4288425e+002  1.3623881e+002
  1.5333333e+000  1.4158820e+002  1.3791544e+002  1.3724539e+002  1.4290982e+002  1.3618453e+002
  1.5400000e+000  1.4154352e+002  1.3781569e+002  1.3720077e+002  1.4295276e+002  1.3616827e+002
  1.5466667e+000  1.4153365e+002  1.3776531e+002  1.3716742e+002  1.4299400e+002  1.3611664e+002
  1.5533333e+000  1.4149498e+002  1.3769217e+002  1.3713753e+002  1.4302527e+002  1.3605844e+002
  1.5600000e+000  1.4143282e+002  1.3760173e+002  1.3709978e+002  1.4306807e+002  1.3599374e+002
  1.5666667e+000  1.4137402e+002  1.3751941e+002  1.3700897e+002  1.4310750e+002  1.3591154e+002
  1.5733333e+000  1.4133937e+002  1.3740994e+002  1.3694739e+002  1.4315414e+002  1.3585756e+002
  1.5800000e+000  1.4128879e+002  1.3734804e+002  1.3689027e+002  1.4320570e+002  1.3582750e+002
  1.5866667e+000  1.4127757e+002  1.3727382e+002  1.3683331e+002  1.4326294e+002  1.3577477e+002
  1.5933333e+000  1.4122949e+002  1.3717903e+002  1.3679625e+002  1.4334396e+002  1.3571732e+002
  1.6000000e+000  1.4116458e+002  1.3709253e+002  1.3674442e+002  1.4342827e+002  1.3566289e+002
  1.6066667e+000  1.4109496e+002  1.3700389e+002  1.3669775e+002  1.4348022e+002  1.3563086e+002
  1.6133333e+000  1.4108138e+002  1.3693198e+002  1.3664201e+002  1.4348424e+002  1.3562288e+002
  1.6200000e+000  1.4103217e+002  1.3682510e+002  1.3657788e+002  1.4356308e+002  1.3564757e+002
  1.6266667e+000  1.4097902e+002  1.3673366e+002  1.3650363e+002  1.4365834e+002  1.3569959e+002
  1.6333333e+000  1.4092276e+002  1.3666554e+002  1.3647266e+002  1.4371823e+002  1.3575026e+002
  1.6400000e+000  1.4090732e+002  1.3656404e+002  1.3642984e+002  1.4375501e+002  1.3580595e+002
  1.6466667e+000  1.4086514e+002  1.3644457e+002  1.3637009e+002  1.4381551e+002  1.3585854e+002
  1.6533333e+000  1.4081000e+002  1.3635814e+002  1.3632687e+002  1.4381871e+002  1.3588979e+002
  1.6600000e+000  1.4075819e+002  1.3628290e+002  1.3627354e+002  1.4388187e+002  1.3596104e+002
  1.6666667e+000  1.4070872e+002  1.3619551e+002  1.3621181e+002  1.4394290e+002  1.3599589e+002
  1.6733333e+000  1.4064359e+002  1.3610910e+002  1.3616127e+002  1.4397026e+002  1.3604593e+002
  1.6800000e+000  1.4059256e+002  1.3602284e+002  1.3611279e+002  1.4399570e+002  1.3608997e+002
  1.6866667e+000  1.4052730e+002  1.3593416e+002  1.3606130e+002  1.4405971e+002  1.3614529e+002
  1.6933333e+000  1.4047057e+002  1.3582466e+002  1.3600317e+002  1.4411150e+002  1.3615418e+002
  1.7000000e+000  1.4042651e+002  1.3570235e+002  1.3591174e+002  1.4412344e+002  1.3612108e+002
  1.7066667e+000  1.4037660e+002  1.3560056e+002  1.3582532e+002  1.4415746e+002  1.3608057e+002
  1.7133333e+000  1.4035712e+002  1.3549950e+002  1.3575839e+002  1.4419612e+002  1.3604009e+002
  1.7200000e+000  1.4031326e+002  1.3539908e+002  1.3568866e+002  1.4420955e+002  1.3600029e+002
  1.7266667e+000  1.4026981e+002  1.3527478e+002  1.3560570e+002  1.4425226e+002  1.3596054e+002
  1.7333333e+000  1.4025079e+002  1.3515546e+002  1.3556987e+002  1.4430043e+002  1.3592226e+002
  1.7400000e+000  1.4024002e+002  1.3505110e+002  1.3561763e+002  1.4430228e+002  1.3589040e+002
  1.7466667e+000  1.4019634e+002  1.3497554e+002  1.3571379e+002  1.4431308e+002  1.3583557e+002
  1.7533333e+000  1.4012077e+002  1.3485669e+002  1.3583807e+002  1.4433109e+002  1.3577344e+002
  1.7600000e+000  1.4008781e+002  1.3472981e+002  1.3598373e+002  1.4439003e+002  1.3569955e+002
  1.7666667e+000  1.4005429e+002  1.3461826e+002  1.3610146e+002  1.4444141e+002  1.3564209e+002
  1.7733333e+000  1.3999896e+002  1.3451492e+002  1.3621916e+002  1.4443768e+002  1.3557829e+002
  1.7800000e+000  1.3999020e+002  1.3439877e+002  1.3630882e+002  1.4445137e+002  1.3554542e+002
  1.7866667e+000  1.3992700e+002  1.3425943e+002  1.3631801e+002  1.4446161e+002  1.3550894e+002
  1.7933333e+000  1.3987924e+002  1.3412431e+002  1.3626727e+002  1.4450262e+002  1.3543100e+002
  1.8000000e+000  1.3987045e+002  1.3405844e+002  1.3622192e+002  1.4451926e+002  1.3537506e+002
  1.8066667e+000  1.3984808e+002  1.3408739e+002  1.3614491e+002  1.4458733e+002  1.3531976e+002
  1.8133333e+000  1.3985361e+002  1.3419086e+002  1.3609921e+002  1.4460419e+002  1.3526411e+002
  1.8200000e+000  1.3988199e+002  1.3429372e+002  1.3606979e+002  1.4462853e+002  1.3520319e+002
  1.8266667e+000  1.3988782e+002  1.3437697e+002  1.3605791e+002  1.4469162e+002  1.3514162e+002
  1.8333333e+000  1.3985059e+002  1.3440214e+002  1.3602885e+002  1.4474083e+002  1.3508591e+002
  1.8400000e+000  1.3976994e+002  1.3439597e+002  1.3599959e+002  1.4480916e+002  1.3505380e+002
  1.8466667e+000  1.3969954e+002  1.3435344e+002  1.3597438e+002  1.4482539e+002  1.3500719e+002
  1.8533333e+000  1.3961856e+002  1.3428990e+002  1.3595879e+002  1.4484015e+002  1.3497415e+002
  1.8600000e+000  1.3953232e+002  1.3424411e+002  1.3597090e+002  1.4487137e+002  1.3494957e+002
  1.8666667e+000  1.3945007e+002  1.3421436e+002  1.3597060e+002  1.4493169e+002  1.3494244e+002
  1.8733333e+000  1.3939322e+002  1.3415163e+002  1.3598177e+002  1.4499133e+002  1.3489961e+002
  1.8800000e+000  1.3935071e+002  1.3408530e+002  1.3600707e+002  1.4505287e+002  1.3482016e+002
  1.8866667e+000  1.3926468e+002  1.3401489e+002  1.3600342e+002  1.4512521e+002  1.3474278e+002
  1.8933333e+000  1.3918349e+002  1.3396393e+002  1.3595917e+002  1.4515181e+002  1.3463321e+002
  1.9000000e+000  1.3908234e+002  1.3390569e+002  1.3584865e+002  1.4517703e+002  1.3452586e+002
  1.9066667e+000  1.3900769e+002  1.3383466e+002  1.3572707e+002  1.4523024e+002  1.3438152e+002
  1.9133333e+000  1.3893182e+002  1.3365274e+002  1.3560568e+002  1.4526794e+002  1.3427594e+002
  1.9200000e+000  1.3894432e+002  1.3337428e+002  1.3545583e+002  1.4530718e+002  1.3418062e+002
  1.9266667e+000  1.3905881e+002  1.3310165e+002  1.3531958e+002  1.4535190e+002  1.3407782e+002
  1.9333333e+000  1.3919887e+002  1.3285622e+002  1.3520699e+002  1.4541742e+002  1.3395581e+002
  1.9400000e+000  1.3936644e+002  1.3266110e+002  1.3511385e+002  1.4542894e+002  1.3386459e+002
  1.9466667e+000  1.3945120e+002  1.3260008e+002  1.3507338e+002  1.4546484e+002  1.3381529e+002
  1.9533333e+000  1.3941573e+002  1.3257475e+002  1.3509375e+002  1.4549718e+002  1.3382114e+002
  1.9600000e+000  1.3936177e+002  1.3252623e+002  1.3512683e+002  1.4554323e+002  1.3385852e+002
  1.9666667e+000  1.3929912e+002  1.3247487e+002  1.3511380e+002  1.4558037e+002  1.3384154e+002
  1.9733333e+000  1.3924844e+002  1.3242510e+002  1.3512329e+002  1.4564194e+002  1.3381822e+002
  1.9800000e+000  1.3921065e+002  1.3237659e+002  1.3513350e+002  1.4569147e+002  1.3383548e+002
  1.9866667e+000  1.3917551e+002  1.3232727e+002  1.3515561e+002  1.4577956e+002  1.3383989e+002
  1.9933333e+000  1.3914543e+002  1.3225719e+002  1.3516084e+002  1.4584407e+002  1.3380913e+002
  2.0000000e+000  1.3910382e+002  1.3219943e+002  1.3513677e+002  1.4589357e+002  1.3377278e+002
