 -5.0000000e-001 -6.3958092e+001 -6.5213921e+001 -6.2279976e+001 -6.2045349e+001 -6.2705650e+001
 -4.9333333e-001 -6.3931473e+001 -6.5229912e+001 -6.2222961e+001 -6.2050201e+001 -6.2669506e+001
 -4.8666667e-001 -6.3956348e+001 -6.5243141e+001 -6.2181614e+001 -6.2090881e+001 -6.2683060e+001
 -4.8000000e-001 -6.3956841e+001 -6.5241226e+001 -6.2231239e+001 -6.2087894e+001 -6.2687134e+001
 -4.7333333e-001 -6.3993683e+001 -6.5278084e+001 -6.2240189e+001 -6.2051758e+001 -6.2666965e+001
 -4.6666667e-001 -6.3983490e+001 -6.5263077e+001 -6.2263760e+001 -6.2008926e+001 -6.2626640e+001
 -4.6000000e-001 -6.3942081e+001 -6.5240173e+001 -6.2296143e+001 -6.2038425e+001 -6.2705681e+001
 -4.5333333e-001 -6.3961224e+001 -6.5235245e+001 -6.2290276e+001 -6.2025257e+001 -6.2675926e+001
 -4.4666667e-001 -6.3955719e+001 -6.5197731e+001 -6.2267899e+001 -6.2132122e+001 -6.2647125e+001
 -4.4000000e-001 -6.3942894e+001 -6.5238937e+001 -6.2254818e+001 -6.2118343e+001 -6.2655716e+001
 -4.3333333e-001 -6.3946602e+001 -6.5294159e+001 -6.2293968e+001 -6.2131371e+001 -6.2668652e+001
 -4.2666667e-001 -6.3972092e+001 -6.5204910e+001 -6.2272999e+001 -6.2127865e+001 -6.2663044e+001
 -4.2000000e-001 -6.3929043e+001 -6.5238037e+001 -6.2326077e+001 -6.2085518e+001 -6.2636341e+001
 -4.1333333e-001 -6.3998402e+001 -6.5208427e+001 -6.2341137e+001 -6.2098148e+001 -6.2620499e+001
 -4.0666667e-001 -6.3977879e+001 -6.5254784e+001 -6.2262829e+001 -6.2174934e+001 -6.2611198e+001
 -4.0000000e-001 -6.3963596e+001 -6.5245247e+001 -6.2316093e+001 -6.2101707e+001 -6.2652000e+001
 -3.9333333e-001 -6.3961159e+001 -6.5250351e+001 -6.2276264e+001 -6.2112232e+001 -6.2620712e+001
 -3.8666667e-001 -6.3972569e+001 -6.5281898e+001 -6.2308933e+001 -6.2059639e+001 -6.2674561e+001
 -3.8000000e-001 -6.3989700e+001 -6.5279846e+001 -6.2270603e+001 -6.2081005e+001 -6.2640446e+001
 -3.7333333e-001 -6.3968296e+001 -6.5255714e+001 -6.2275208e+001 -6.2023479e+001 -6.2616177e+001
 -3.6666667e-001 -6.3974754e+001 -6.5225037e+001 -6.2312008e+001 -6.2051994e+001 -6.2632957e+001
 -3.6000000e-001 -6.3980385e+001 -6.5215347e+001 -6.2330750e+001 -6.2041855e+001 -6.2562500e+001
 -3.5333333e-001 -6.3974918e+001 -6.5231583e+001 -6.2341869e+001 -6.2081890e+001 -6.2569157e+001
 -3.4666667e-001 -6.3951405e+001 -6.5221016e+001 -6.2348133e+001 -6.2122818e+001 -6.2659912e+001
 -3.4000000e-001 -6.3960728e+001 -6.5262337e+001 -6.2350788e+001 -6.2113106e+001 -6.2604572e+001
 -3.3333333e-001 -6.3949074e+001 -6.5273911e+001 -6.2319603e+001 -6.2113972e+001 -6.2581676e+001
 -3.2666667e-001 -6.3942177e+001 -6.5232437e+001 -6.2332718e+001 -6.2117943e+001 -6.2564781e+001
 -3.2000000e-001 -6.3953316e+001 -6.5246544e+001 -6.2366737e+001 -6.2130161e+001 -6.2607250e+001
 -3.1333333e-001 -6.3965816e+001 -6.5192970e+001 -6.2393135e+001 -6.2113052e+001 -6.2584110e+001
 -3.0666667e-001 -6.3936184e+001 -6.5253563e+001 -6.2328304e+001 -6.2073483e+001 -6.2552971e+001
 -3.0000000e-001 -6.3908024e+001 -6.5247566e+001 -6.2290150e+001 -6.2139915e+001 -6.2541672e+001
 -2.9333333e-001 -6.3951294e+001 -6.5256737e+001 -6.2352955e+001 -6.2143433e+001 -6.2540451e+001
 -2.8666667e-001 -6.3927826e+001 -6.5254921e+001 -6.2365242e+001 -6.2142597e+001 -6.2554111e+001
 -2.8000000e-001 -6.3896168e+001 -6.5235191e+001 -6.2337048e+001 -6.2132504e+001 -6.2583679e+001
 -2.7333333e-001 -6.3946136e+001 -6.5228477e+001 -6.2357647e+001 -6.2127579e+001 -6.2599155e+001
 -2.6666667e-001 -6.3994892e+001 -6.5262276e+001 -6.2387665e+001 -6.2137100e+001 -6.2567715e+001
 -2.6000000e-001 -6.3938004e+001 -6.5251770e+001 -6.2389355e+001 -6.2136997e+001 -6.2564232e+001
 -2.5333333e-001 -6.3988014e+001 -6.5245705e+001 -6.2402248e+001 -6.2135857e+001 -6.2565006e+001
 -2.4666667e-001 -6.3933105e+001 -6.5234787e+001 -6.2407269e+001 -6.2124798e+001 -6.2544281e+001
 -2.4000000e-001 -6.3933086e+001 -6.5212555e+001 -6.2409439e+001 -6.2143581e+001 -6.2556686e+001
 -2.3333333e-001 -6.3953697e+001 -6.5253815e+001 -6.2369682e+001 -6.2109795e+001 -6.2558529e+001
 -2.2666667e-001 -6.3948936e+001 -6.5287590e+001 -6.2422752e+001 -6.2079803e+001 -6.2546719e+001
 -2.2000000e-001 -6.3954510e+001 -6.5282692e+001 -6.2433769e+001 -6.2103012e+001 -6.2541241e+001
 -2.1333333e-001 -6.3899227e+001 -6.5241020e+001 -6.2353004e+001 -6.2148903e+001 -6.2483280e+001
 -2.0666667e-001 -6.3871578e+001 -6.5217560e+001 -6.2371254e+001 -6.2168221e+001 -6.2519714e+001
 -2.0000000e-001 -6.3935818e+001 -6.5235825e+001 -6.2368076e+001 -6.2110619e+001 -6.2540989e+001
 -1.9333333e-001 -6.3937912e+001 -6.5257584e+001 -6.2392250e+001 -6.2147133e+001 -6.2576370e+001
 -1.8666667e-001 -6.3925018e+001 -6.5268806e+001 -6.2362476e+001 -6.2154320e+001 -6.2593590e+001
 -1.8000000e-001 -6.3877651e+001 -6.5230553e+001 -6.2400608e+001 -6.2102425e+001 -6.2580421e+001
 -1.7333333e-001 -6.3902309e+001 -6.5254501e+001 -6.2351322e+001 -6.2144936e+001 -6.2584606e+001
 -1.6666667e-001 -6.3887672e+001 -6.5242081e+001 -6.2400303e+001 -6.2126102e+001 -6.2533928e+001
 -1.6000000e-001 -6.3893021e+001 -6.5262543e+001 -6.2390507e+001 -6.2081905e+001 -6.2549316e+001
 -1.5333333e-001 -6.3939674e+001 -6.5280777e+001 -6.2357361e+001 -6.2120132e+001 -6.2522808e+001
 -1.4666667e-001 -6.3993736e+001 -6.5260330e+001 -6.2384468e+001 -6.2059036e+001 -6.2577286e+001
 -1.4000000e-001 -6.3918583e+001 -6.5258438e+001 -6.2406696e+001 -6.2129177e+001 -6.2617352e+001
 -1.3333333e-001 -6.3908115e+001 -6.5287903e+001 -6.2391197e+001 -6.2147747e+001 -6.2597477e+001
 -1.2666667e-001 -6.3906086e+001 -6.5280075e+001 -6.2359997e+001 -6.2126221e+001 -6.2565723e+001
 -1.2000000e-001 -6.3931664e+001 -6.5272743e+001 -6.2336658e+001 -6.2171341e+001 -6.2541576e+001
 -1.1333333e-001 -6.3948105e+001 -6.5248009e+001 -6.2371361e+001 -6.2123741e+001 -6.2511833e+001
 -1.0666667e-001 -6.3922817e+001 -6.5242180e+001 -6.2390800e+001 -6.2119965e+001 -6.2561317e+001
 -1.0000000e-001 -6.3905083e+001 -6.5252510e+001 -6.2338993e+001 -6.2147675e+001 -6.2571644e+001
 -9.3333333e-002 -6.3856182e+001 -6.5285103e+001 -6.2337402e+001 -6.2218407e+001 -6.2538017e+001
 -8.6666667e-002 -6.3894978e+001 -6.5291931e+001 -6.2387836e+001 -6.2158321e+001 -6.2560375e+001
 -8.0000000e-002 -6.3881462e+001 -6.5249443e+001 -6.2365639e+001 -6.2154320e+001 -6.2542675e+001
 -7.3333333e-002 -6.3898422e+001 -6.5268814e+001 -6.2343987e+001 -6.2105232e+001 -6.2505474e+001
 -6.6666667e-002 -6.3892479e+001 -6.5300957e+001 -6.2337135e+001 -6.2170815e+001 -6.2563454e+001
 -6.0000000e-002 -6.3906517e+001 -6.5252762e+001 -6.2435253e+001 -6.2154495e+001 -6.2531715e+001
 -5.3333333e-002 -6.3863213e+001 -6.5202522e+001 -6.2340126e+001 -6.2167843e+001 -6.2569561e+001
 -4.6666667e-002 -6.3916550e+001 -6.5214790e+001 -6.2349499e+001 -6.2101425e+001 -6.2565422e+001
 -4.0000000e-002 -6.3825809e+001 -6.5232422e+001 -6.2355679e+001 -6.2165520e+001 -6.2532227e+001
 -3.3333333e-002 -6.3891754e+001 -6.5218658e+001 -6.2406628e+001 -6.2147572e+001 -6.2535641e+001
 -2.6666667e-002 -6.3916492e+001 -6.5203102e+001 -6.2337082e+001 -6.2132252e+001 -6.2536385e+001
 -2.0000000e-002 -6.3891052e+001 -6.5228516e+001 -6.2333344e+001 -6.2160133e+001 -6.2520657e+001
 -1.3333333e-002 -6.3872849e+001 -6.5232849e+001 -6.2348667e+001 -6.2163429e+001 -6.2536190e+001
 -6.6666667e-003 -6.3856567e+001 -6.5257401e+001 -6.2356232e+001 -6.2170082e+001 -6.2579765e+001
  0.0000000e+000 -6.3864399e+001 -6.5227310e+001 -6.2379688e+001 -6.2171551e+001 -6.2490383e+001
  6.6666667e-003 -6.3788277e+001 -6.5151070e+001 -6.2310688e+001 -6.2097137e+001 -6.2461117e+001
  1.3333333e-002 -6.3791843e+001 -6.5127937e+001 -6.2257187e+001 -6.2089905e+001 -6.2436264e+001
  2.0000000e-002 -6.3721909e+001 -6.5103294e+001 -6.2230694e+001 -6.2060535e+001 -6.2446625e+001
  2.6666667e-002 -6.3636688e+001 -6.5053490e+001 -6.2147224e+001 -6.1996063e+001 -6.2405499e+001
  3.3333333e-002 -6.3633518e+001 -6.5063026e+001 -6.2159763e+001 -6.1944523e+001 -6.2373192e+001
  4.0000000e-002 -6.3560936e+001 -6.5032509e+001 -6.2128010e+001 -6.1882431e+001 -6.2340099e+001
  4.6666667e-002 -6.3524105e+001 -6.5006874e+001 -6.2088860e+001 -6.1855835e+001 -6.2265903e+001
  5.3333333e-002 -6.3514263e+001 -6.5019089e+001 -6.2067413e+001 -6.1797401e+001 -6.2238865e+001
  6.0000000e-002 -6.3465107e+001 -6.4815361e+001 -6.2065395e+001 -6.1825787e+001 -6.2200565e+001
  6.6666667e-002 -6.3470505e+001 -6.4781326e+001 -6.2027737e+001 -6.1847092e+001 -6.2170296e+001
  7.3333333e-002 -6.3399536e+001 -6.4736183e+001 -6.1939392e+001 -6.1837658e+001 -6.2119766e+001
  8.0000000e-002 -6.3407734e+001 -6.4709381e+001 -6.1965137e+001 -6.1778351e+001 -6.2093578e+001
  8.6666667e-002 -6.3305836e+001 -6.4649506e+001 -6.1900433e+001 -6.1739883e+001 -6.2103073e+001
  9.3333333e-002 -6.3195595e+001 -6.4606483e+001 -6.1823063e+001 -6.1683781e+001 -6.2028423e+001
  1.0000000e-001 -6.3120628e+001 -6.4505508e+001 -6.1771233e+001 -6.1675339e+001 -6.2018665e+001
  1.0666667e-001 -6.3022449e+001 -6.4486572e+001 -6.1748299e+001 -6.1597446e+001 -6.2000755e+001
  1.1333333e-001 -6.2961735e+001 -6.4425560e+001 -6.1692566e+001 -6.1488480e+001 -6.1935478e+001
  1.2000000e-001 -6.2928936e+001 -6.4376968e+001 -6.1604202e+001 -6.1400875e+001 -6.1893692e+001
  1.2666667e-001 -6.2876877e+001 -6.4280258e+001 -6.1557915e+001 -6.1354504e+001 -6.1823662e+001
  1.3333333e-001 -6.2827789e+001 -6.4216209e+001 -6.1502987e+001 -6.1321495e+001 -6.1749527e+001
  1.4000000e-001 -6.2847462e+001 -6.4212006e+001 -6.1398518e+001 -6.1214958e+001 -6.1695377e+001
  1.4666667e-001 -6.2864010e+001 -6.4204170e+001 -6.1339546e+001 -6.1171333e+001 -6.1646912e+001
  1.5333333e-001 -6.2956463e+001 -6.4193565e+001 -6.1268246e+001 -6.1175430e+001 -6.1629978e+001
  1.6000000e-001 -6.2993530e+001 -6.4229980e+001 -6.1257980e+001 -6.1179623e+001 -6.1651440e+001
  1.6666667e-001 -6.3144962e+001 -6.4258377e+001 -6.1219383e+001 -6.1158825e+001 -6.1695911e+001
  1.7333333e-001 -6.3432999e+001 -6.4348541e+001 -6.1304379e+001 -6.1185272e+001 -6.1736168e+001
  1.8000000e-001 -6.3631634e+001 -6.4437798e+001 -6.1357864e+001 -6.1244537e+001 -6.1852062e+001
  1.8666667e-001 -6.3974182e+001 -6.4716873e+001 -6.1500507e+001 -6.1258484e+001 -6.2020004e+001
  1.9333333e-001 -6.4321266e+001 -6.4899788e+001 -6.1668324e+001 -6.1329498e+001 -6.2203743e+001
  2.0000000e-001 -6.4707001e+001 -6.5171021e+001 -6.1810329e+001 -6.1526993e+001 -6.2481316e+001
  2.0666667e-001 -6.5144470e+001 -6.5535316e+001 -6.2070629e+001 -6.1716866e+001 -6.2801392e+001
  2.1333333e-001 -6.5581757e+001 -6.5958832e+001 -6.2481861e+001 -6.1992702e+001 -6.3209576e+001
  2.2000000e-001 -6.5976906e+001 -6.6412102e+001 -6.2943676e+001 -6.2312801e+001 -6.3693836e+001
  2.2666667e-001 -6.6342064e+001 -6.6823959e+001 -6.3376137e+001 -6.2673851e+001 -6.4166435e+001
  2.3333333e-001 -6.6634201e+001 -6.7241852e+001 -6.3907082e+001 -6.3124615e+001 -6.4611946e+001
  2.4000000e-001 -6.6976334e+001 -6.7596970e+001 -6.4507706e+001 -6.3501846e+001 -6.5237122e+001
  2.4666667e-001 -6.7169563e+001 -6.8024673e+001 -6.5114693e+001 -6.3881340e+001 -6.5646538e+001
  2.5333333e-001 -6.7424477e+001 -6.8404015e+001 -6.5685684e+001 -6.4336281e+001 -6.6103035e+001
  2.6000000e-001 -6.7702690e+001 -6.8730804e+001 -6.6275871e+001 -6.4767242e+001 -6.6664787e+001
  2.6666667e-001 -6.8015709e+001 -6.9143715e+001 -6.6752563e+001 -6.5231453e+001 -6.7069511e+001
  2.7333333e-001 -6.8297844e+001 -6.9524414e+001 -6.7257950e+001 -6.5625313e+001 -6.7503181e+001
  2.8000000e-001 -6.8615807e+001 -6.9920769e+001 -6.7815361e+001 -6.6096634e+001 -6.8060051e+001
  2.8666667e-001 -6.8880913e+001 -7.0333511e+001 -6.8198250e+001 -6.6608109e+001 -6.8560852e+001
  2.9333333e-001 -6.9234161e+001 -7.0689667e+001 -6.8625076e+001 -6.7067749e+001 -6.8994598e+001
  3.0000000e-001 -6.9518860e+001 -7.1093819e+001 -6.8953125e+001 -6.7589874e+001 -6.9497986e+001
  3.0666667e-001 -6.9808006e+001 -7.1492157e+001 -6.9291740e+001 -6.8039406e+001 -6.9967590e+001
  3.1333333e-001 -7.0141541e+001 -7.1981636e+001 -6.9677292e+001 -6.8488464e+001 -7.0412689e+001
  3.2000000e-001 -7.0508446e+001 -7.2409317e+001 -7.0054810e+001 -6.8984108e+001 -7.0861526e+001
  3.2666667e-001 -7.0891281e+001 -7.2719139e+001 -7.0396141e+001 -6.9478722e+001 -7.1168709e+001
  3.3333333e-001 -7.1243027e+001 -7.3153954e+001 -7.0816505e+001 -6.9923874e+001 -7.1555168e+001
  3.4000000e-001 -7.1632553e+001 -7.3506523e+001 -7.1280312e+001 -7.0258926e+001 -7.1921211e+001
  3.4666667e-001 -7.2051262e+001 -7.3715996e+001 -7.1703140e+001 -7.0764771e+001 -7.2333633e+001
  3.5333333e-001 -7.2350082e+001 -7.4076721e+001 -7.2039238e+001 -7.1109085e+001 -7.2653450e+001
  3.6000000e-001 -7.2652092e+001 -7.4301315e+001 -7.2410065e+001 -7.1415657e+001 -7.2933823e+001
  3.6666667e-001 -7.2893593e+001 -7.4531822e+001 -7.2685730e+001 -7.1819550e+001 -7.3258408e+001
  3.7333333e-001 -7.3223412e+001 -7.4687927e+001 -7.2985138e+001 -7.2103226e+001 -7.3657837e+001
  3.8000000e-001 -7.3567642e+001 -7.5032242e+001 -7.3260620e+001 -7.2455139e+001 -7.3864822e+001
  3.8666667e-001 -7.3896088e+001 -7.5221626e+001 -7.3560089e+001 -7.2874260e+001 -7.4104858e+001
  3.9333333e-001 -7.4116631e+001 -7.5378082e+001 -7.3883430e+001 -7.3229019e+001 -7.4429932e+001
  4.0000000e-001 -7.4373222e+001 -7.5643173e+001 -7.4180420e+001 -7.3479248e+001 -7.4692673e+001
  4.0666667e-001 -7.4686523e+001 -7.5811310e+001 -7.4438751e+001 -7.3766525e+001 -7.4967834e+001
  4.1333333e-001 -7.4896095e+001 -7.5933640e+001 -7.4608696e+001 -7.4128700e+001 -7.5171005e+001
  4.2000000e-001 -7.5145279e+001 -7.6116997e+001 -7.4876305e+001 -7.4397102e+001 -7.5432022e+001
  4.2666667e-001 -7.5439751e+001 -7.6362236e+001 -7.5097610e+001 -7.4643593e+001 -7.5661613e+001
  4.3333333e-001 -7.5681786e+001 -7.6492950e+001 -7.5289154e+001 -7.4846321e+001 -7.5859612e+001
  4.4000000e-001 -7.5911064e+001 -7.6617401e+001 -7.5524422e+001 -7.5110306e+001 -7.5997063e+001
  4.4666667e-001 -7.6085861e+001 -7.6782272e+001 -7.5716118e+001 -7.5254417e+001 -7.6157188e+001
  4.5333333e-001 -7.6290443e+001 -7.6943596e+001 -7.5920532e+001 -7.5428101e+001 -7.6343086e+001
  4.6000000e-001 -7.6466820e+001 -7.7072601e+001 -7.6047089e+001 -7.5646286e+001 -7.6463913e+001
  4.6666667e-001 -7.6695610e+001 -7.7053650e+001 -7.6155350e+001 -7.5862251e+001 -7.6615410e+001
  4.7333333e-001 -7.6877022e+001 -7.7148209e+001 -7.6343620e+001 -7.5973457e+001 -7.6695549e+001
  4.8000000e-001 -7.7054024e+001 -7.7273529e+001 -7.6543243e+001 -7.6114677e+001 -7.6836487e+001
  4.8666667e-001 -7.7219154e+001 -7.7421822e+001 -7.6755264e+001 -7.6321304e+001 -7.7023109e+001
  4.9333333e-001 -7.7490761e+001 -7.7587669e+001 -7.7379219e+001 -7.6445244e+001 -7.7129433e+001
  5.0000000e-001 -7.7652054e+001 -7.7691002e+001 -7.7528259e+001 -7.6622185e+001 -7.7162659e+001
  5.0666667e-001 -7.7769386e+001 -7.7738190e+001 -7.7710625e+001 -7.6737831e+001 -7.7193474e+001
  5.1333333e-001 -7.7855377e+001 -7.7720963e+001 -7.7927086e+001 -7.6908173e+001 -7.7211609e+001
  5.2000000e-001 -7.7953201e+001 -7.7660393e+001 -7.8044205e+001 -7.7042107e+001 -7.7260727e+001
  5.2666667e-001 -7.8013687e+001 -7.7708183e+001 -7.8687042e+001 -7.7190392e+001 -7.7281395e+001
  5.3333333e-001 -7.8073074e+001 -7.7808952e+001 -7.8776100e+001 -7.7293419e+001 -7.7244873e+001
  5.4000000e-001 -7.8181770e+001 -7.7825989e+001 -7.8924080e+001 -7.7360748e+001 -7.7208031e+001
  5.4666667e-001 -7.8288406e+001 -7.7881073e+001 -7.9035095e+001 -7.7437737e+001 -7.7139114e+001
  5.5333333e-001 -7.8311028e+001 -7.7886330e+001 -7.9037628e+001 -7.7493011e+001 -7.7072052e+001
  5.6000000e-001 -7.8343941e+001 -7.7746750e+001 -7.9060440e+001 -7.7543198e+001 -7.7005600e+001
  5.6666667e-001 -7.8377205e+001 -7.7679955e+001 -7.9186974e+001 -7.7695374e+001 -7.6919296e+001
  5.7333333e-001 -7.8402267e+001 -7.7596649e+001 -7.9275620e+001 -7.7762589e+001 -7.6885681e+001
  5.8000000e-001 -7.8443947e+001 -7.7472336e+001 -7.9352013e+001 -7.7844444e+001 -7.6807762e+001
  5.8666667e-001 -7.8446831e+001 -7.7362854e+001 -7.9371696e+001 -7.7841431e+001 -7.6803337e+001
  5.9333333e-001 -7.8412598e+001 -7.7237892e+001 -7.9365860e+001 -7.7888824e+001 -7.6761147e+001
  6.0000000e-001 -7.8362976e+001 -7.7162468e+001 -7.9407394e+001 -7.7984428e+001 -7.6651184e+001
  6.0666667e-001 -7.8379677e+001 -7.7089844e+001 -7.9447792e+001 -7.8004654e+001 -7.6611794e+001
  6.1333333e-001 -7.8429665e+001 -7.7426888e+001 -7.9549362e+001 -7.8033348e+001 -7.6520294e+001
  6.2000000e-001 -7.8432747e+001 -7.7323090e+001 -7.9576515e+001 -7.8022362e+001 -7.6469986e+001
  6.2666667e-001 -7.8484383e+001 -7.7221481e+001 -7.9561493e+001 -7.8061417e+001 -7.6468086e+001
  6.3333333e-001 -7.8498672e+001 -7.7645142e+001 -7.9658417e+001 -7.8085922e+001 -7.6412621e+001
  6.4000000e-001 -7.8491707e+001 -7.7467819e+001 -7.9652328e+001 -7.8125008e+001 -7.6388100e+001
  6.4666667e-001 -7.8544426e+001 -7.7434891e+001 -7.9600204e+001 -7.8185966e+001 -7.6375214e+001
  6.5333333e-001 -7.8579506e+001 -7.7382942e+001 -7.9589180e+001 -7.8124664e+001 -7.6318466e+001
  6.6000000e-001 -7.8705368e+001 -7.7253395e+001 -7.9576607e+001 -7.8145058e+001 -7.6273491e+001
  6.6666667e-001 -7.8773232e+001 -7.7119133e+001 -7.9603653e+001 -7.8171066e+001 -7.6321060e+001
  6.7333333e-001 -7.8727310e+001 -7.7111832e+001 -7.9555107e+001 -7.8082626e+001 -7.6276596e+001
  6.8000000e-001 -7.8804947e+001 -7.7019936e+001 -7.9652214e+001 -7.8037483e+001 -7.6219131e+001
  6.8666667e-001 -7.8815125e+001 -7.6882729e+001 -7.9673241e+001 -7.8044533e+001 -7.6233009e+001
  6.9333333e-001 -7.8805023e+001 -7.6815086e+001 -7.9590164e+001 -7.8070168e+001 -7.6228584e+001
  7.0000000e-001 -7.8847214e+001 -7.6689964e+001 -7.9530823e+001 -7.7986397e+001 -7.6233322e+001
  7.0666667e-001 -7.8873230e+001 -7.6538322e+001 -7.9534409e+001 -7.7987907e+001 -7.6193649e+001
  7.1333333e-001 -7.9352402e+001 -7.6476471e+001 -7.9584419e+001 -7.7955200e+001 -7.6196754e+001
  7.2000000e-001 -7.9336937e+001 -7.6338234e+001 -7.9564476e+001 -7.7950455e+001 -7.6218117e+001
  7.2666667e-001 -7.9901314e+001 -7.6212807e+001 -7.9520538e+001 -7.7900444e+001 -7.6178116e+001
  7.3333333e-001 -7.9876221e+001 -7.5930000e+001 -7.9502022e+001 -7.7861748e+001 -7.6176605e+001
  7.4000000e-001 -7.9917023e+001 -7.5802063e+001 -7.9477577e+001 -7.7833534e+001 -7.6125618e+001
  7.4666667e-001 -7.9939545e+001 -7.5698296e+001 -7.9468063e+001 -7.7876083e+001 -7.6186424e+001
  7.5333333e-001 -7.9888649e+001 -7.5570091e+001 -7.9451332e+001 -7.7908417e+001 -7.6157974e+001
  7.6000000e-001 -7.9896469e+001 -7.5555412e+001 -7.9394569e+001 -7.7866425e+001 -7.6140099e+001
  7.6666667e-001 -7.9838402e+001 -7.5501305e+001 -7.9354843e+001 -7.7833748e+001 -7.6089554e+001
  7.7333333e-001 -7.9789894e+001 -7.5564438e+001 -7.9368858e+001 -7.7840881e+001 -7.6024399e+001
  7.8000000e-001 -7.9737373e+001 -7.5409462e+001 -7.9417244e+001 -7.7760048e+001 -7.6034950e+001
  7.8666667e-001 -7.9844933e+001 -7.5278076e+001 -7.9367882e+001 -7.7731453e+001 -7.5968544e+001
  7.9333333e-001 -7.9897453e+001 -7.5087303e+001 -7.9295090e+001 -7.7618423e+001 -7.5925957e+001
  8.0000000e-001 -7.9937706e+001 -7.4904984e+001 -7.9263939e+001 -7.7540115e+001 -7.5916115e+001
  8.0666667e-001 -7.9951164e+001 -7.4701775e+001 -7.9248146e+001 -7.7583160e+001 -7.5846169e+001
  8.1333333e-001 -7.9878220e+001 -7.4523727e+001 -7.9274460e+001 -7.7590981e+001 -7.5807465e+001
  8.2000000e-001 -7.9883919e+001 -7.4422203e+001 -7.9249550e+001 -7.7567635e+001 -7.5723686e+001
  8.2666667e-001 -7.9890938e+001 -7.4291214e+001 -7.9129547e+001 -7.7557121e+001 -7.6161118e+001
  8.3333333e-001 -7.9891953e+001 -7.4178391e+001 -7.9063583e+001 -7.7531174e+001 -7.6162361e+001
  8.4000000e-001 -7.9844017e+001 -7.4038406e+001 -7.9079819e+001 -7.7443817e+001 -7.6093536e+001
  8.4666667e-001 -7.9830612e+001 -7.3896561e+001 -7.9105537e+001 -7.7422028e+001 -7.6049400e+001
  8.5333333e-001 -7.9917183e+001 -7.3781273e+001 -7.9054634e+001 -7.7368896e+001 -7.5994904e+001
  8.6000000e-001 -7.9884972e+001 -7.3625580e+001 -7.9053535e+001 -7.7323067e+001 -7.5966049e+001
  8.6666667e-001 -7.9827843e+001 -7.3435074e+001 -7.9037361e+001 -7.7301140e+001 -7.5897980e+001
  8.7333333e-001 -7.9829079e+001 -7.3283310e+001 -7.9002892e+001 -7.7152870e+001 -7.6464302e+001
  8.8000000e-001 -7.9866241e+001 -7.3054428e+001 -7.9023033e+001 -7.7129997e+001 -7.6459930e+001
  8.8666667e-001 -7.9908287e+001 -7.2860085e+001 -7.9021851e+001 -7.7090874e+001 -7.6350006e+001
  8.9333333e-001 -7.9887688e+001 -7.2634483e+001 -7.9005814e+001 -7.7091202e+001 -7.6318466e+001
  9.0000000e-001 -7.9848999e+001 -7.2448654e+001 -7.8997292e+001 -7.7113373e+001 -7.6361519e+001
  9.0666667e-001 -7.9757118e+001 -7.2327103e+001 -7.8954681e+001 -7.7096954e+001 -7.6323517e+001
  9.1333333e-001 -7.9715027e+001 -7.2191597e+001 -7.9006134e+001 -7.7042892e+001 -7.6213196e+001
  9.2000000e-001 -7.9706612e+001 -7.2126122e+001 -7.8927605e+001 -7.7014175e+001 -7.6221466e+001
  9.2666667e-001 -7.9750610e+001 -7.2030678e+001 -7.8875549e+001 -7.6974930e+001 -7.6163162e+001
  9.3333333e-001 -7.9694984e+001 -7.1913795e+001 -7.8909775e+001 -7.6888565e+001 -7.6046799e+001
  9.4000000e-001 -7.9651436e+001 -7.1905289e+001 -7.8819054e+001 -7.6860222e+001 -7.5942719e+001
  9.4666667e-001 -7.9650253e+001 -7.1889931e+001 -7.8848671e+001 -7.6828499e+001 -7.5896774e+001
  9.5333333e-001 -7.9698608e+001 -7.1774460e+001 -7.8797104e+001 -7.6706245e+001 -7.5794632e+001
  9.6000000e-001 -7.9654282e+001 -7.1745956e+001 -7.8805214e+001 -7.6626686e+001 -7.5747452e+001
  9.6666667e-001 -7.9666557e+001 -7.1747032e+001 -7.8790314e+001 -7.6526222e+001 -7.5680405e+001
  9.7333333e-001 -7.9648109e+001 -7.1718422e+001 -7.8809311e+001 -7.6356155e+001 -7.5538147e+001
  9.8000000e-001 -7.9604164e+001 -7.1699570e+001 -7.8782387e+001 -7.6225784e+001 -7.5423798e+001
  9.8666667e-001 -7.9535553e+001 -7.1674164e+001 -7.8761749e+001 -7.6070145e+001 -7.5364265e+001
  9.9333333e-001 -7.9491104e+001 -7.1595711e+001 -7.8759285e+001 -7.5804527e+001 -7.5237556e+001
  1.0000000e+000 -7.9401917e+001 -7.1528702e+001 -7.8640137e+001 -7.5600403e+001 -7.5108337e+001
  1.0066667e+000 -7.9350670e+001 -7.1418648e+001 -7.8686699e+001 -7.5388481e+001 -7.4978363e+001
  1.0133333e+000 -7.9272461e+001 -7.1414474e+001 -7.8704346e+001 -7.5286041e+001 -7.4846649e+001
  1.0200000e+000 -7.9219025e+001 -7.1279076e+001 -7.8646088e+001 -7.4955795e+001 -7.4679947e+001
  1.0266667e+000 -7.9172112e+001 -7.1302002e+001 -7.8603302e+001 -7.4688782e+001 -7.4521805e+001
  1.0333333e+000 -7.9094864e+001 -7.1232285e+001 -7.8534698e+001 -7.4393532e+001 -7.4310135e+001
  1.0400000e+000 -7.8969719e+001 -7.1028778e+001 -7.8510635e+001 -7.4074150e+001 -7.4057182e+001
  1.0466667e+000 -7.8717026e+001 -7.1000381e+001 -7.8530472e+001 -7.3675392e+001 -7.3850143e+001
  1.0533333e+000 -7.8597641e+001 -7.0942474e+001 -7.8375526e+001 -7.3215591e+001 -7.3558372e+001
  1.0600000e+000 -7.8638680e+001 -7.0806252e+001 -7.8418503e+001 -7.2756905e+001 -7.3229973e+001
  1.0666667e+000 -7.8409859e+001 -7.0660347e+001 -7.8408218e+001 -7.2250435e+001 -7.2885941e+001
  1.0733333e+000 -7.8300545e+001 -7.0550255e+001 -7.8334381e+001 -7.1919098e+001 -7.2512154e+001
  1.0800000e+000 -7.8118217e+001 -7.0412483e+001 -7.8201660e+001 -7.1593605e+001 -7.2250839e+001
  1.0866667e+000 -7.7874680e+001 -7.0282860e+001 -7.8127182e+001 -7.1170563e+001 -7.2000664e+001
  1.0933333e+000 -7.7582161e+001 -7.0194260e+001 -7.7958786e+001 -7.0864365e+001 -7.1713455e+001
  1.1000000e+000 -7.7126320e+001 -7.0070709e+001 -7.7845001e+001 -7.0596748e+001 -7.1399483e+001
  1.1066667e+000 -7.6661407e+001 -6.9962570e+001 -7.7767113e+001 -7.0316788e+001 -7.1105606e+001
  1.1133333e+000 -7.6161171e+001 -6.9664185e+001 -7.7639076e+001 -7.0218491e+001 -7.0867233e+001
  1.1200000e+000 -7.5915436e+001 -6.9518616e+001 -7.7511757e+001 -7.0184433e+001 -7.0528374e+001
  1.1266667e+000 -7.5545036e+001 -6.9404640e+001 -7.7365021e+001 -7.0120720e+001 -7.0316879e+001
  1.1333333e+000 -7.5103294e+001 -6.9339249e+001 -7.7242134e+001 -6.9804848e+001 -7.0082489e+001
  1.1400000e+000 -7.4747627e+001 -6.9151367e+001 -7.7077515e+001 -6.9667229e+001 -6.9927216e+001
  1.1466667e+000 -7.4380531e+001 -6.8873093e+001 -7.6929825e+001 -6.9539505e+001 -6.9781776e+001
  1.1533333e+000 -7.4061485e+001 -6.8771461e+001 -7.6769127e+001 -6.9378792e+001 -6.9667999e+001
  1.1600000e+000 -7.3855499e+001 -6.8785553e+001 -7.6537704e+001 -6.9233459e+001 -6.9561943e+001
  1.1666667e+000 -7.3484138e+001 -6.8682785e+001 -7.6313538e+001 -6.9143303e+001 -6.9500702e+001
  1.1733333e+000 -7.3051582e+001 -6.8469391e+001 -7.6092239e+001 -6.9067574e+001 -6.9390648e+001
  1.1800000e+000 -7.2774223e+001 -6.8324005e+001 -7.5951622e+001 -6.8900726e+001 -6.9345497e+001
  1.1866667e+000 -7.2595001e+001 -6.8215591e+001 -7.5851295e+001 -6.8771606e+001 -6.9284088e+001
  1.1933333e+000 -7.2397453e+001 -6.8147583e+001 -7.5747276e+001 -6.8576881e+001 -6.9247711e+001
  1.2000000e+000 -7.2306961e+001 -6.8053543e+001 -7.5570259e+001 -6.8475891e+001 -6.9146553e+001
  1.2066667e+000 -7.2125877e+001 -6.7955574e+001 -7.5456726e+001 -6.8338631e+001 -6.9086830e+001
  1.2133333e+000 -7.2043083e+001 -6.7711731e+001 -7.5271347e+001 -6.8160881e+001 -6.9092796e+001
  1.2200000e+000 -7.1943336e+001 -6.7523399e+001 -7.5070976e+001 -6.8015442e+001 -6.9074745e+001
  1.2266667e+000 -7.1799721e+001 -6.7441299e+001 -7.4940178e+001 -6.7914192e+001 -6.8946846e+001
  1.2333333e+000 -7.1701782e+001 -6.7424156e+001 -7.4635559e+001 -6.7828575e+001 -6.8847977e+001
  1.2400000e+000 -7.1611252e+001 -6.7132179e+001 -7.4561943e+001 -6.7708153e+001 -6.8837242e+001
  1.2466667e+000 -7.1407631e+001 -6.7131233e+001 -7.4378433e+001 -6.7497887e+001 -6.8777168e+001
  1.2533333e+000 -7.1385399e+001 -6.7130615e+001 -7.4031563e+001 -6.7460289e+001 -6.8681534e+001
  1.2600000e+000 -7.1256607e+001 -6.6961685e+001 -7.3797081e+001 -6.7349030e+001 -6.8669380e+001
  1.2666667e+000 -7.1159355e+001 -6.6763229e+001 -7.3531342e+001 -6.7250435e+001 -6.8647026e+001
  1.2733333e+000 -7.1022270e+001 -6.6637367e+001 -7.3254738e+001 -6.7103394e+001 -6.8548141e+001
  1.2800000e+000 -7.0851639e+001 -6.6549644e+001 -7.2776253e+001 -6.7005348e+001 -6.8525223e+001
  1.2866667e+000 -7.0761360e+001 -6.6412598e+001 -7.2449463e+001 -6.6949120e+001 -6.8488091e+001
  1.2933333e+000 -7.0640175e+001 -6.6084091e+001 -7.2202515e+001 -6.6877388e+001 -6.8428909e+001
  1.3000000e+000 -7.0476852e+001 -6.5919441e+001 -7.2003044e+001 -6.6748970e+001 -6.8403763e+001
  1.3066667e+000 -7.0341171e+001 -6.5710236e+001 -7.1833038e+001 -6.6646149e+001 -6.8352318e+001
  1.3133333e+000 -7.0177490e+001 -6.5456337e+001 -7.1649384e+001 -6.6577164e+001 -6.8268456e+001
  1.3200000e+000 -7.0091545e+001 -6.5245354e+001 -7.1500610e+001 -6.6514900e+001 -6.8176842e+001
  1.3266667e+000 -7.0000656e+001 -6.5094627e+001 -7.1481430e+001 -6.6483284e+001 -6.8149506e+001
  1.3333333e+000 -6.9869484e+001 -6.4953186e+001 -7.1357491e+001 -6.6402779e+001 -6.8059990e+001
  1.3400000e+000 -6.9807983e+001 -6.4698906e+001 -7.1156151e+001 -6.6328728e+001 -6.8071442e+001
  1.3466667e+000 -6.9726707e+001 -6.4414169e+001 -7.0978012e+001 -6.6311707e+001 -6.7963821e+001
  1.3533333e+000 -6.9639038e+001 -6.4117256e+001 -7.0718201e+001 -6.6316521e+001 -6.7869263e+001
  1.3600000e+000 -6.9522110e+001 -6.3743370e+001 -7.0573151e+001 -6.6249573e+001 -6.7916336e+001
  1.3666667e+000 -6.9438301e+001 -6.3263050e+001 -7.0387016e+001 -6.6174606e+001 -6.7863121e+001
  1.3733333e+000 -6.9354210e+001 -6.2708904e+001 -7.0300026e+001 -6.6148003e+001 -6.7755005e+001
  1.3800000e+000 -6.9318855e+001 -6.1980640e+001 -7.0146660e+001 -6.6122856e+001 -6.7782547e+001
  1.3866667e+000 -6.9253853e+001 -6.1173546e+001 -6.9978752e+001 -6.5981209e+001 -6.7681000e+001
  1.3933333e+000 -6.9232201e+001 -6.0241512e+001 -6.9856239e+001 -6.5894897e+001 -6.7621506e+001
  1.4000000e+000 -6.9142471e+001 -5.9302982e+001 -6.9683105e+001 -6.5839745e+001 -6.7561935e+001
  1.4066667e+000 -6.9039345e+001 -5.8310020e+001 -6.9544510e+001 -6.5693848e+001 -6.7502350e+001
  1.4133333e+000 -6.9039993e+001 -5.7288368e+001 -6.9396645e+001 -6.5707726e+001 -6.7401176e+001
  1.4200000e+000 -6.8931679e+001 -5.6189449e+001 -6.9317955e+001 -6.5650055e+001 -6.7398262e+001
  1.4266667e+000 -6.8892616e+001 -5.5085136e+001 -6.9184387e+001 -6.5495262e+001 -6.7343590e+001
  1.4333333e+000 -6.8842918e+001 -5.4003326e+001 -6.8999901e+001 -6.5412682e+001 -6.7336761e+001
  1.4400000e+000 -6.8732063e+001 -5.2863251e+001 -6.8888496e+001 -6.5414429e+001 -6.7256966e+001
  1.4466667e+000 -6.8717560e+001 -5.1685932e+001 -6.8706085e+001 -6.5372284e+001 -6.7188492e+001
  1.4533333e+000 -6.8603096e+001 -5.0575771e+001 -6.8562187e+001 -6.5198128e+001 -6.7147392e+001
  1.4600000e+000 -6.8457657e+001 -4.9434669e+001 -6.8400002e+001 -6.5130699e+001 -6.7071846e+001
  1.4666667e+000 -6.8389999e+001 -4.8428612e+001 -6.8230949e+001 -6.5093216e+001 -6.6991203e+001
  1.4733333e+000 -6.8236893e+001 -4.7397694e+001 -6.8130180e+001 -6.5098045e+001 -6.6954033e+001
  1.4800000e+000 -6.8117867e+001 -4.6426991e+001 -6.7936836e+001 -6.5038589e+001 -6.6915192e+001
  1.4866667e+000 -6.8011314e+001 -4.5624657e+001 -6.7767166e+001 -6.4881134e+001 -6.6886101e+001
  1.4933333e+000 -6.7936943e+001 -4.4981258e+001 -6.7614456e+001 -6.4873901e+001 -6.6747215e+001
  1.5000000e+000 -6.7856461e+001 -4.4212158e+001 -6.7401001e+001 -6.4826195e+001 -6.6694885e+001
  1.5066667e+000 -6.7759323e+001 -4.3552601e+001 -6.7260002e+001 -6.4760239e+001 -6.6712730e+001
  1.5133333e+000 -6.7571152e+001 -4.3032795e+001 -6.7084038e+001 -6.4723259e+001 -6.6647926e+001
  1.5200000e+000 -6.7495323e+001 -4.2603184e+001 -6.6893112e+001 -6.4658760e+001 -6.6540688e+001
  1.5266667e+000 -6.7363960e+001 -4.2183002e+001 -6.6716965e+001 -6.4681641e+001 -6.6543587e+001
  1.5333333e+000 -6.7189110e+001 -4.1849628e+001 -6.6555008e+001 -6.4606720e+001 -6.6498596e+001
  1.5400000e+000 -6.7072227e+001 -4.1599880e+001 -6.6430695e+001 -6.4552231e+001 -6.6448425e+001
  1.5466667e+000 -6.6951889e+001 -4.1478886e+001 -6.6298393e+001 -6.4492073e+001 -6.6424332e+001
  1.5533333e+000 -6.6856369e+001 -4.1441612e+001 -6.6095047e+001 -6.4401520e+001 -6.6353371e+001
  1.5600000e+000 -6.6745300e+001 -4.1486473e+001 -6.6011330e+001 -6.4438705e+001 -6.6268661e+001
  1.5666667e+000 -6.6676048e+001 -4.1623577e+001 -6.5898781e+001 -6.4481552e+001 -6.6253220e+001
  1.5733333e+000 -6.6562119e+001 -4.1777916e+001 -6.5674011e+001 -6.4347206e+001 -6.6254478e+001
  1.5800000e+000 -6.6356125e+001 -4.2027481e+001 -6.5483582e+001 -6.4304237e+001 -6.6247826e+001
  1.5866667e+000 -6.6217171e+001 -4.2186047e+001 -6.5367981e+001 -6.4264397e+001 -6.6157654e+001
  1.5933333e+000 -6.6153732e+001 -4.2381496e+001 -6.5137680e+001 -6.4217758e+001 -6.6119095e+001
  1.6000000e+000 -6.6032326e+001 -4.2683746e+001 -6.5073425e+001 -6.4159340e+001 -6.6121300e+001
  1.6066667e+000 -6.5952202e+001 -4.2979889e+001 -6.4846382e+001 -6.4170654e+001 -6.6088509e+001
  1.6133333e+000 -6.5842003e+001 -4.3307640e+001 -6.4698837e+001 -6.4154823e+001 -6.6004356e+001
  1.6200000e+000 -6.5673553e+001 -4.3696918e+001 -6.4569481e+001 -6.4063721e+001 -6.6020607e+001
  1.6266667e+000 -6.5547729e+001 -4.3985203e+001 -6.4430885e+001 -6.4074692e+001 -6.5972023e+001
  1.6333333e+000 -6.5357872e+001 -4.4253597e+001 -6.4304482e+001 -6.4159325e+001 -6.5877960e+001
  1.6400000e+000 -6.5273705e+001 -4.4564659e+001 -6.4173279e+001 -6.4030991e+001 -6.5798164e+001
  1.6466667e+000 -6.5081451e+001 -4.4937202e+001 -6.3961609e+001 -6.4011879e+001 -6.5760094e+001
  1.6533333e+000 -6.4944733e+001 -4.5279949e+001 -6.3839989e+001 -6.4023453e+001 -6.5724518e+001
  1.6600000e+000 -6.4794746e+001 -4.5680748e+001 -6.3791023e+001 -6.4060112e+001 -6.5664177e+001
  1.6666667e+000 -6.4665733e+001 -4.6006847e+001 -6.3673737e+001 -6.4023735e+001 -6.5641563e+001
  1.6733333e+000 -6.4573792e+001 -4.6410461e+001 -6.3435909e+001 -6.4059891e+001 -6.5635315e+001
  1.6800000e+000 -6.4366112e+001 -4.6903778e+001 -6.3386307e+001 -6.4041061e+001 -6.5634239e+001
  1.6866667e+000 -6.4211174e+001 -4.7453465e+001 -6.3325676e+001 -6.3984947e+001 -6.5585457e+001
  1.6933333e+000 -6.4141815e+001 -4.8008427e+001 -6.3180473e+001 -6.4023537e+001 -6.5509415e+001
  1.7000000e+000 -6.4167671e+001 -4.8773048e+001 -6.3028324e+001 -6.4319893e+001 -6.5401024e+001
  1.7066667e+000 -6.3812382e+001 -4.9558750e+001 -6.2883060e+001 -6.4217148e+001 -6.5295967e+001
  1.7133333e+000 -6.3696930e+001 -5.0431469e+001 -6.2794540e+001 -6.3887054e+001 -6.5265495e+001
  1.7200000e+000 -6.3642536e+001 -5.1426086e+001 -6.2774151e+001 -6.3916603e+001 -6.5255219e+001
  1.7266667e+000 -6.3588688e+001 -5.2452274e+001 -6.2533211e+001 -6.3846519e+001 -6.5133179e+001
  1.7333333e+000 -6.3574406e+001 -5.3748013e+001 -6.2415108e+001 -6.3889824e+001 -6.5014717e+001
  1.7400000e+000 -6.3522694e+001 -5.5181889e+001 -6.2321251e+001 -6.3887562e+001 -6.5067642e+001
  1.7466667e+000 -6.3470646e+001 -5.6748863e+001 -6.2197090e+001 -6.3843884e+001 -6.5078613e+001
  1.7533333e+000 -6.3329132e+001 -5.8296886e+001 -6.2134354e+001 -6.3824951e+001 -6.4908012e+001
  1.7600000e+000 -6.3313320e+001 -6.0124218e+001 -6.2137867e+001 -6.3829834e+001 -6.4822174e+001
  1.7666667e+000 -6.3285400e+001 -6.1771412e+001 -6.2016281e+001 -6.3806740e+001 -6.4784309e+001
  1.7733333e+000 -6.3193340e+001 -6.3526470e+001 -6.1960846e+001 -6.3997314e+001 -6.4678360e+001
  1.7800000e+000 -6.3144424e+001 -6.5152718e+001 -6.1933849e+001 -6.4045090e+001 -6.4559967e+001
  1.7866667e+000 -6.3069981e+001 -6.6636726e+001 -6.1898407e+001 -6.4021370e+001 -6.4516327e+001
  1.7933333e+000 -6.3060837e+001 -6.8106865e+001 -6.1806084e+001 -6.3991673e+001 -6.4477684e+001
  1.8000000e+000 -6.2999905e+001 -6.9315384e+001 -6.1724678e+001 -6.3994373e+001 -6.4424339e+001
  1.8066667e+000 -6.2956642e+001 -7.0462547e+001 -6.1707508e+001 -6.3947113e+001 -6.4318642e+001
  1.8133333e+000 -6.2944805e+001 -7.1539604e+001 -6.1666420e+001 -6.3912170e+001 -6.4202682e+001
  1.8200000e+000 -6.2931793e+001 -7.2538094e+001 -6.1655941e+001 -6.3848526e+001 -6.4131783e+001
  1.8266667e+000 -6.2958561e+001 -7.3359718e+001 -6.1572304e+001 -6.3582821e+001 -6.4068665e+001
  1.8333333e+000 -6.2889576e+001 -7.4013359e+001 -6.1498444e+001 -6.3566399e+001 -6.3994938e+001
  1.8400000e+000 -6.2852398e+001 -7.4705795e+001 -6.1498848e+001 -6.3539398e+001 -6.3914856e+001
  1.8466667e+000 -6.2795689e+001 -7.5183777e+001 -6.1450768e+001 -6.3503666e+001 -6.3908543e+001
  1.8533333e+000 -6.2775558e+001 -7.5441475e+001 -6.1432251e+001 -6.3489021e+001 -6.3828938e+001
  1.8600000e+000 -6.2655060e+001 -7.5645569e+001 -6.1364033e+001 -6.3465252e+001 -6.3787724e+001
  1.8666667e+000 -6.2669186e+001 -7.5784164e+001 -6.1314323e+001 -6.3460190e+001 -6.3721016e+001
  1.8733333e+000 -6.2604942e+001 -7.5805214e+001 -6.1330269e+001 -6.3432178e+001 -6.3570545e+001
  1.8800000e+000 -6.2590160e+001 -7.5832993e+001 -6.1302704e+001 -6.3457348e+001 -6.3461174e+001
  1.8866667e+000 -6.2564369e+001 -7.5764557e+001 -6.1314522e+001 -6.3410458e+001 -6.3436707e+001
  1.8933333e+000 -6.2500198e+001 -7.5713829e+001 -6.1247948e+001 -6.3400200e+001 -6.3442043e+001
  1.9000000e+000 -6.2478958e+001 -7.5567810e+001 -6.1231827e+001 -6.3376827e+001 -6.3402893e+001
  1.9066667e+000 -6.2422192e+001 -7.5361145e+001 -6.1186237e+001 -6.3431313e+001 -6.3305027e+001
  1.9133333e+000 -6.2386826e+001 -7.6050545e+001 -6.1219452e+001 -6.3404926e+001 -6.3277809e+001
  1.9200000e+000 -6.2341747e+001 -7.5906616e+001 -6.1272411e+001 -6.3376015e+001 -6.3241104e+001
  1.9266667e+000 -6.2353474e+001 -7.5719383e+001 -6.1131874e+001 -6.3295391e+001 -6.3094898e+001
  1.9333333e+000 -6.2263474e+001 -7.5305092e+001 -6.1134563e+001 -6.3346298e+001 -6.3052647e+001
  1.9400000e+000 -6.2180382e+001 -7.5003273e+001 -6.1141838e+001 -6.3596207e+001 -6.3037552e+001
  1.9466667e+000 -6.2156643e+001 -7.4646111e+001 -6.1124054e+001 -6.3591290e+001 -6.2973927e+001
  1.9533333e+000 -6.2067848e+001 -7.4324471e+001 -6.1135509e+001 -6.3551373e+001 -6.2965485e+001
  1.9600000e+000 -6.2075813e+001 -7.3986244e+001 -6.1065212e+001 -6.3549248e+001 -6.2917942e+001
  1.9666667e+000 -6.2004650e+001 -7.3590096e+001 -6.1088734e+001 -6.3526497e+001 -6.2832249e+001
  1.9733333e+000 -6.1971111e+001 -7.3170860e+001 -6.1040028e+001 -6.3512207e+001 -6.2812408e+001
  1.9800000e+000 -6.1926151e+001 -7.2826294e+001 -6.1033695e+001 -6.3446495e+001 -6.2778271e+001
  1.9866667e+000 -6.1887688e+001 -7.2517860e+001 -6.1015434e+001 -6.3458447e+001 -6.2794521e+001
  1.9933333e+000 -6.1858482e+001 -7.2133400e+001 -6.0966179e+001 -6.3448372e+001 -6.2748558e+001
  2.0000000e+000 -6.1834927e+001 -7.1768059e+001 -6.0997559e+001 -6.3462437e+001 -6.2725624e+001
