 -5.0000000e-001  1.3598427e+002  1.3137195e+002  1.3263280e+002  1.2971758e+002  1.3216742e+002
 -4.9333333e-001  1.3598323e+002  1.3137311e+002  1.3263638e+002  1.2971191e+002  1.3216705e+002
 -4.8666667e-001  1.3596689e+002  1.3134959e+002  1.3262515e+002  1.2973552e+002  1.3216568e+002
 -4.8000000e-001  1.3599123e+002  1.3134431e+002  1.3263780e+002  1.2975735e+002  1.3216185e+002
 -4.7333333e-001  1.3601437e+002  1.3135176e+002  1.3265445e+002  1.2975023e+002  1.3216855e+002
 -4.6666667e-001  1.3601575e+002  1.3131509e+002  1.3264278e+002  1.2976453e+002  1.3216208e+002
 -4.6000000e-001  1.3600786e+002  1.3129770e+002  1.3264163e+002  1.2976033e+002  1.3216274e+002
 -4.5333333e-001  1.3599622e+002  1.3126971e+002  1.3265173e+002  1.2976504e+002  1.3216596e+002
 -4.4666667e-001  1.3601193e+002  1.3125867e+002  1.3264354e+002  1.2978622e+002  1.3215880e+002
 -4.4000000e-001  1.3600801e+002  1.3124995e+002  1.3264745e+002  1.2980467e+002  1.3214916e+002
 -4.3333333e-001  1.3600755e+002  1.3121471e+002  1.3263246e+002  1.2982373e+002  1.3215631e+002
 -4.2666667e-001  1.3600351e+002  1.3120033e+002  1.3264092e+002  1.2980440e+002  1.3214380e+002
 -4.2000000e-001  1.3600145e+002  1.3117551e+002  1.3265358e+002  1.2981729e+002  1.3213663e+002
 -4.1333333e-001  1.3602257e+002  1.3115512e+002  1.3265981e+002  1.2981114e+002  1.3214069e+002
 -4.0666667e-001  1.3600827e+002  1.3112964e+002  1.3263541e+002  1.2978857e+002  1.3214525e+002
 -4.0000000e-001  1.3603688e+002  1.3114061e+002  1.3262282e+002  1.2979399e+002  1.3214890e+002
 -3.9333333e-001  1.3604384e+002  1.3113007e+002  1.3261614e+002  1.2977708e+002  1.3214444e+002
 -3.8666667e-001  1.3603882e+002  1.3115511e+002  1.3259196e+002  1.2978828e+002  1.3218303e+002
 -3.8000000e-001  1.3604167e+002  1.3118561e+002  1.3259190e+002  1.2978679e+002  1.3218352e+002
 -3.7333333e-001  1.3603842e+002  1.3118054e+002  1.3257762e+002  1.2976941e+002  1.3215392e+002
 -3.6666667e-001  1.3603628e+002  1.3121317e+002  1.3255512e+002  1.2975320e+002  1.3218503e+002
 -3.6000000e-001  1.3602795e+002  1.3124425e+002  1.3254488e+002  1.2976781e+002  1.3219464e+002
 -3.5333333e-001  1.3602979e+002  1.3123576e+002  1.3254097e+002  1.2981180e+002  1.3220416e+002
 -3.4666667e-001  1.3604350e+002  1.3122815e+002  1.3252272e+002  1.2983324e+002  1.3221748e+002
 -3.4000000e-001  1.3603952e+002  1.3125111e+002  1.3251921e+002  1.2981906e+002  1.3223331e+002
 -3.3333333e-001  1.3605780e+002  1.3126364e+002  1.3251128e+002  1.2983049e+002  1.3224489e+002
 -3.2666667e-001  1.3608578e+002  1.3126663e+002  1.3249223e+002  1.2984164e+002  1.3223999e+002
 -3.2000000e-001  1.3606888e+002  1.3128862e+002  1.3245314e+002  1.2983807e+002  1.3226170e+002
 -3.1333333e-001  1.3604581e+002  1.3130002e+002  1.3246231e+002  1.2984049e+002  1.3228282e+002
 -3.0666667e-001  1.3604350e+002  1.3128223e+002  1.3247322e+002  1.2984711e+002  1.3228665e+002
 -3.0000000e-001  1.3603908e+002  1.3128819e+002  1.3243059e+002  1.2983752e+002  1.3228009e+002
 -2.9333333e-001  1.3605337e+002  1.3126425e+002  1.3240063e+002  1.2981226e+002  1.3228268e+002
 -2.8666667e-001  1.3606026e+002  1.3127328e+002  1.3240248e+002  1.2981609e+002  1.3230467e+002
 -2.8000000e-001  1.3604474e+002  1.3128041e+002  1.3239998e+002  1.2981609e+002  1.3231078e+002
 -2.7333333e-001  1.3606009e+002  1.3130365e+002  1.3238147e+002  1.2978531e+002  1.3232521e+002
 -2.6666667e-001  1.3605667e+002  1.3131409e+002  1.3237633e+002  1.2981432e+002  1.3235547e+002
 -2.6000000e-001  1.3607303e+002  1.3129054e+002  1.3235675e+002  1.2980110e+002  1.3235738e+002
 -2.5333333e-001  1.3608086e+002  1.3129033e+002  1.3234355e+002  1.2980045e+002  1.3238026e+002
 -2.4666667e-001  1.3606397e+002  1.3129217e+002  1.3233867e+002  1.2979246e+002  1.3238446e+002
 -2.4000000e-001  1.3606442e+002  1.3130473e+002  1.3233170e+002  1.2977786e+002  1.3239169e+002
 -2.3333333e-001  1.3605539e+002  1.3131833e+002  1.3231984e+002  1.2976753e+002  1.3241061e+002
 -2.2666667e-001  1.3607596e+002  1.3132394e+002  1.3232716e+002  1.2976889e+002  1.3241046e+002
 -2.2000000e-001  1.3608357e+002  1.3132671e+002  1.3233466e+002  1.2978064e+002  1.3242236e+002
 -2.1333333e-001  1.3605618e+002  1.3132468e+002  1.3231834e+002  1.2978114e+002  1.3242119e+002
 -2.0666667e-001  1.3606418e+002  1.3134511e+002  1.3231496e+002  1.2978337e+002  1.3242374e+002
 -2.0000000e-001  1.3608784e+002  1.3136636e+002  1.3228636e+002  1.2977379e+002  1.3243957e+002
 -1.9333333e-001  1.3608406e+002  1.3139583e+002  1.3229419e+002  1.2974481e+002  1.3243005e+002
 -1.8666667e-001  1.3609665e+002  1.3141322e+002  1.3229637e+002  1.2974677e+002  1.3244020e+002
 -1.8000000e-001  1.3609627e+002  1.3140495e+002  1.3230258e+002  1.2970897e+002  1.3245934e+002
 -1.7333333e-001  1.3606595e+002  1.3140706e+002  1.3229303e+002  1.2968242e+002  1.3243353e+002
 -1.6666667e-001  1.3608017e+002  1.3142772e+002  1.3227795e+002  1.2970410e+002  1.3243402e+002
 -1.6000000e-001  1.3612741e+002  1.3143265e+002  1.3226833e+002  1.2970085e+002  1.3243149e+002
 -1.5333333e-001  1.3614560e+002  1.3144850e+002  1.3228391e+002  1.2967717e+002  1.3244379e+002
 -1.4666667e-001  1.3613265e+002  1.3145468e+002  1.3227797e+002  1.2964804e+002  1.3245096e+002
 -1.4000000e-001  1.3614397e+002  1.3144804e+002  1.3225049e+002  1.2964085e+002  1.3247191e+002
 -1.3333333e-001  1.3618233e+002  1.3146652e+002  1.3224280e+002  1.2964818e+002  1.3245811e+002
 -1.2666667e-001  1.3620854e+002  1.3147847e+002  1.3225833e+002  1.2963509e+002  1.3246251e+002
 -1.2000000e-001  1.3620166e+002  1.3147842e+002  1.3225618e+002  1.2964874e+002  1.3245723e+002
 -1.1333333e-001  1.3621725e+002  1.3145088e+002  1.3225748e+002  1.2965210e+002  1.3246864e+002
 -1.0666667e-001  1.3625432e+002  1.3147319e+002  1.3224381e+002  1.2964381e+002  1.3246462e+002
 -1.0000000e-001  1.3624257e+002  1.3147401e+002  1.3222551e+002  1.2964336e+002  1.3245395e+002
 -9.3333333e-002  1.3625418e+002  1.3148340e+002  1.3220692e+002  1.2962450e+002  1.3249368e+002
 -8.6666667e-002  1.3626421e+002  1.3147194e+002  1.3220905e+002  1.2965288e+002  1.3249490e+002
 -8.0000000e-002  1.3625116e+002  1.3148206e+002  1.3220018e+002  1.2964653e+002  1.3247185e+002
 -7.3333333e-002  1.3626053e+002  1.3148494e+002  1.3223462e+002  1.2960580e+002  1.3248496e+002
 -6.6666667e-002  1.3626254e+002  1.3147198e+002  1.3220548e+002  1.2961192e+002  1.3248704e+002
 -6.0000000e-002  1.3624248e+002  1.3148296e+002  1.3216509e+002  1.2965334e+002  1.3250226e+002
 -5.3333333e-002  1.3623730e+002  1.3148291e+002  1.3219379e+002  1.2964517e+002  1.3248483e+002
 -4.6666667e-002  1.3624435e+002  1.3147774e+002  1.3219817e+002  1.2960024e+002  1.3246977e+002
 -4.0000000e-002  1.3624777e+002  1.3150159e+002  1.3219528e+002  1.2962857e+002  1.3246266e+002
 -3.3333333e-002  1.3625206e+002  1.3150615e+002  1.3220790e+002  1.2964906e+002  1.3248544e+002
 -2.6666667e-002  1.3622980e+002  1.3148714e+002  1.3218582e+002  1.2962302e+002  1.3248086e+002
 -2.0000000e-002  1.3621017e+002  1.3150501e+002  1.3220500e+002  1.2960614e+002  1.3248131e+002
 -1.3333333e-002  1.3623372e+002  1.3153139e+002  1.3222522e+002  1.2961343e+002  1.3249138e+002
 -6.6666667e-003  1.3626906e+002  1.3151503e+002  1.3221542e+002  1.2960605e+002  1.3249150e+002
  0.0000000e+000  1.3627647e+002  1.3151590e+002  1.3219998e+002  1.2957167e+002  1.3247864e+002
  6.6666667e-003  1.3627986e+002  1.3152330e+002  1.3221909e+002  1.2957899e+002  1.3249739e+002
  1.3333333e-002  1.3629657e+002  1.3153931e+002  1.3223221e+002  1.2957643e+002  1.3250795e+002
  2.0000000e-002  1.3630208e+002  1.3154935e+002  1.3224178e+002  1.2959148e+002  1.3249422e+002
  2.6666667e-002  1.3630553e+002  1.3157857e+002  1.3223375e+002  1.2961435e+002  1.3251076e+002
  3.3333333e-002  1.3628066e+002  1.3159567e+002  1.3226756e+002  1.2961162e+002  1.3250597e+002
  4.0000000e-002  1.3628297e+002  1.3162563e+002  1.3226679e+002  1.2961540e+002  1.3250665e+002
  4.6666667e-002  1.3628932e+002  1.3163904e+002  1.3227892e+002  1.2962164e+002  1.3256258e+002
  5.3333333e-002  1.3626880e+002  1.3166415e+002  1.3232864e+002  1.2963988e+002  1.3257645e+002
  6.0000000e-002  1.3628374e+002  1.3170201e+002  1.3237338e+002  1.2966179e+002  1.3258856e+002
  6.6666667e-002  1.3628621e+002  1.3173491e+002  1.3237253e+002  1.2971930e+002  1.3262241e+002
  7.3333333e-002  1.3632008e+002  1.3176140e+002  1.3240326e+002  1.2974345e+002  1.3264337e+002
  8.0000000e-002  1.3634352e+002  1.3181693e+002  1.3243492e+002  1.2976596e+002  1.3268864e+002
  8.6666667e-002  1.3637717e+002  1.3185960e+002  1.3249318e+002  1.2979976e+002  1.3269191e+002
  9.3333333e-002  1.3642828e+002  1.3187399e+002  1.3252660e+002  1.2984807e+002  1.3272809e+002
  1.0000000e-001  1.3643268e+002  1.3191980e+002  1.3254355e+002  1.2986450e+002  1.3278860e+002
  1.0666667e-001  1.3647757e+002  1.3196381e+002  1.3261453e+002  1.2992934e+002  1.3282031e+002
  1.1333333e-001  1.3653856e+002  1.3203915e+002  1.3268266e+002  1.3000557e+002  1.3286308e+002
  1.2000000e-001  1.3661359e+002  1.3211339e+002  1.3271910e+002  1.3003806e+002  1.3292117e+002
  1.2666667e-001  1.3664427e+002  1.3218245e+002  1.3279384e+002  1.3008926e+002  1.3297327e+002
  1.3333333e-001  1.3670905e+002  1.3225931e+002  1.3285837e+002  1.3017293e+002  1.3303952e+002
  1.4000000e-001  1.3682298e+002  1.3234921e+002  1.3293924e+002  1.3023704e+002  1.3313081e+002
  1.4666667e-001  1.3688138e+002  1.3247133e+002  1.3303387e+002  1.3033414e+002  1.3322446e+002
  1.5333333e-001  1.3699959e+002  1.3258128e+002  1.3313216e+002  1.3040497e+002  1.3335777e+002
  1.6000000e-001  1.3711900e+002  1.3270703e+002  1.3323799e+002  1.3048366e+002  1.3354024e+002
  1.6666667e-001  1.3721352e+002  1.3283012e+002  1.3333667e+002  1.3056644e+002  1.3369927e+002
  1.7333333e-001  1.3732471e+002  1.3295390e+002  1.3346130e+002  1.3065218e+002  1.3391074e+002
  1.8000000e-001  1.3744493e+002  1.3310037e+002  1.3358592e+002  1.3076800e+002  1.3410967e+002
  1.8666667e-001  1.3757251e+002  1.3323767e+002  1.3371803e+002  1.3086058e+002  1.3429469e+002
  1.9333333e-001  1.3769617e+002  1.3335730e+002  1.3384026e+002  1.3097584e+002  1.3449904e+002
  2.0000000e-001  1.3783783e+002  1.3349571e+002  1.3401044e+002  1.3109973e+002  1.3468785e+002
  2.0666667e-001  1.3795512e+002  1.3360036e+002  1.3421492e+002  1.3120650e+002  1.3489302e+002
  2.1333333e-001  1.3806682e+002  1.3370577e+002  1.3439262e+002  1.3134200e+002  1.3510458e+002
  2.2000000e-001  1.3822678e+002  1.3381783e+002  1.3455747e+002  1.3143909e+002  1.3528928e+002
  2.2666667e-001  1.3835065e+002  1.3394818e+002  1.3473375e+002  1.3157880e+002  1.3548929e+002
  2.3333333e-001  1.3843591e+002  1.3408359e+002  1.3486589e+002  1.3173640e+002  1.3564371e+002
  2.4000000e-001  1.3845940e+002  1.3421030e+002  1.3497893e+002  1.3190271e+002  1.3578720e+002
  2.4666667e-001  1.3843269e+002  1.3436809e+002  1.3502512e+002  1.3204515e+002  1.3590527e+002
  2.5333333e-001  1.3835120e+002  1.3451634e+002  1.3505531e+002  1.3223451e+002  1.3600995e+002
  2.6000000e-001  1.3824989e+002  1.3461510e+002  1.3509370e+002  1.3243323e+002  1.3607736e+002
  2.6666667e-001  1.3817236e+002  1.3476683e+002  1.3514365e+002  1.3263060e+002  1.3612132e+002
  2.7333333e-001  1.3807468e+002  1.3488394e+002  1.3519463e+002  1.3281593e+002  1.3613025e+002
  2.8000000e-001  1.3797888e+002  1.3493982e+002  1.3524931e+002  1.3301724e+002  1.3611466e+002
  2.8666667e-001  1.3793451e+002  1.3498477e+002  1.3531030e+002  1.3321605e+002  1.3609282e+002
  2.9333333e-001  1.3786436e+002  1.3504074e+002  1.3540631e+002  1.3338893e+002  1.3604663e+002
  3.0000000e-001  1.3778682e+002  1.3506990e+002  1.3549550e+002  1.3353890e+002  1.3600462e+002
  3.0666667e-001  1.3771675e+002  1.3509421e+002  1.3558673e+002  1.3369188e+002  1.3597499e+002
  3.1333333e-001  1.3762228e+002  1.3513672e+002  1.3569423e+002  1.3383929e+002  1.3594783e+002
  3.2000000e-001  1.3750735e+002  1.3515154e+002  1.3576872e+002  1.3393910e+002  1.3589856e+002
  3.2666667e-001  1.3738005e+002  1.3513397e+002  1.3586681e+002  1.3402683e+002  1.3587027e+002
  3.3333333e-001  1.3726401e+002  1.3514365e+002  1.3593172e+002  1.3414258e+002  1.3580356e+002
  3.4000000e-001  1.3710576e+002  1.3509598e+002  1.3592928e+002  1.3423048e+002  1.3579990e+002
  3.4666667e-001  1.3691873e+002  1.3505281e+002  1.3588945e+002  1.3433032e+002  1.3578511e+002
  3.5333333e-001  1.3673943e+002  1.3500882e+002  1.3585251e+002  1.3443567e+002  1.3578517e+002
  3.6000000e-001  1.3657616e+002  1.3490195e+002  1.3575044e+002  1.3455394e+002  1.3575351e+002
  3.6666667e-001  1.3639272e+002  1.3478874e+002  1.3562941e+002  1.3467577e+002  1.3564978e+002
  3.7333333e-001  1.3623447e+002  1.3466422e+002  1.3553546e+002  1.3479482e+002  1.3550638e+002
  3.8000000e-001  1.3612976e+002  1.3448112e+002  1.3542386e+002  1.3491878e+002  1.3537254e+002
  3.8666667e-001  1.3608388e+002  1.3432509e+002  1.3528871e+002  1.3502875e+002  1.3521111e+002
  3.9333333e-001  1.3604442e+002  1.3415570e+002  1.3517912e+002  1.3518681e+002  1.3506636e+002
  4.0000000e-001  1.3595030e+002  1.3400797e+002  1.3505580e+002  1.3528703e+002  1.3490796e+002
  4.0666667e-001  1.3584547e+002  1.3389429e+002  1.3494856e+002  1.3540631e+002  1.3469615e+002
  4.1333333e-001  1.3569646e+002  1.3375301e+002  1.3485673e+002  1.3549197e+002  1.3448459e+002
  4.2000000e-001  1.3553850e+002  1.3360651e+002  1.3477614e+002  1.3556165e+002  1.3425056e+002
  4.2666667e-001  1.3538275e+002  1.3347790e+002  1.3469299e+002  1.3557622e+002  1.3402006e+002
  4.3333333e-001  1.3523151e+002  1.3336989e+002  1.3461368e+002  1.3561319e+002  1.3381416e+002
  4.4000000e-001  1.3510031e+002  1.3326123e+002  1.3457809e+002  1.3566524e+002  1.3355255e+002
  4.4666667e-001  1.3497108e+002  1.3313947e+002  1.3450229e+002  1.3565343e+002  1.3323393e+002
  4.5333333e-001  1.3479724e+002  1.3301714e+002  1.3441486e+002  1.3564401e+002  1.3293333e+002
  4.6000000e-001  1.3461339e+002  1.3283446e+002  1.3434601e+002  1.3553465e+002  1.3253070e+002
  4.6666667e-001  1.3444163e+002  1.3262795e+002  1.3425630e+002  1.3537396e+002  1.3206758e+002
  4.7333333e-001  1.3429912e+002  1.3246057e+002  1.3414818e+002  1.3517430e+002  1.3163358e+002
  4.8000000e-001  1.3416731e+002  1.3229941e+002  1.3405026e+002  1.3493124e+002  1.3119188e+002
  4.8666667e-001  1.3405316e+002  1.3211142e+002  1.3387715e+002  1.3467084e+002  1.3073775e+002
  4.9333333e-001  1.3402483e+002  1.3188318e+002  1.3373605e+002  1.3439684e+002  1.3026141e+002
  5.0000000e-001  1.3413590e+002  1.3167835e+002  1.3362802e+002  1.3408801e+002  1.2979912e+002
  5.0666667e-001  1.3433284e+002  1.3150226e+002  1.3345996e+002  1.3374971e+002  1.2931757e+002
  5.1333333e-001  1.3451709e+002  1.3127342e+002  1.3331677e+002  1.3340274e+002  1.2882501e+002
  5.2000000e-001  1.3457132e+002  1.3106258e+002  1.3319760e+002  1.3307112e+002  1.2830191e+002
  5.2666667e-001  1.3436221e+002  1.3082175e+002  1.3304320e+002  1.3272115e+002  1.2776145e+002
  5.3333333e-001  1.3376527e+002  1.3051813e+002  1.3284262e+002  1.3232690e+002  1.2721934e+002
  5.4000000e-001  1.3283586e+002  1.3020233e+002  1.3267506e+002  1.3191861e+002  1.2668491e+002
  5.4666667e-001  1.3178191e+002  1.2988422e+002  1.3244371e+002  1.3151524e+002  1.2618233e+002
  5.5333333e-001  1.3079814e+002  1.2957768e+002  1.3221974e+002  1.3109139e+002  1.2567599e+002
  5.6000000e-001  1.3006273e+002  1.2925511e+002  1.3195552e+002  1.3063037e+002  1.2516987e+002
  5.6666667e-001  1.2952969e+002  1.2892102e+002  1.3163034e+002  1.3025235e+002  1.2470416e+002
  5.7333333e-001  1.2920638e+002  1.2859123e+002  1.3132013e+002  1.2985162e+002  1.2419393e+002
  5.8000000e-001  1.2899869e+002  1.2822516e+002  1.3098366e+002  1.2943097e+002  1.2368182e+002
  5.8666667e-001  1.2877019e+002  1.2785534e+002  1.3062120e+002  1.2906114e+002  1.2318288e+002
  5.9333333e-001  1.2862370e+002  1.2748029e+002  1.3029666e+002  1.2872972e+002  1.2265897e+002
  6.0000000e-001  1.2867137e+002  1.2713837e+002  1.3004497e+002  1.2840955e+002  1.2211608e+002
  6.0666667e-001  1.2903070e+002  1.2681162e+002  1.2976585e+002  1.2805969e+002  1.2153465e+002
  6.1333333e-001  1.2948444e+002  1.2651464e+002  1.2945874e+002  1.2772018e+002  1.2093890e+002
  6.2000000e-001  1.2980174e+002  1.2615605e+002  1.2913977e+002  1.2736910e+002  1.2039491e+002
  6.2666667e-001  1.3031146e+002  1.2579736e+002  1.2886348e+002  1.2701765e+002  1.1983973e+002
  6.3333333e-001  1.3074883e+002  1.2551974e+002  1.2858850e+002  1.2671031e+002  1.1927282e+002
  6.4000000e-001  1.3107159e+002  1.2523168e+002  1.2831799e+002  1.2636559e+002  1.1870008e+002
  6.4666667e-001  1.3125070e+002  1.2492867e+002  1.2801772e+002  1.2601708e+002  1.1817578e+002
  6.5333333e-001  1.3116025e+002  1.2464508e+002  1.2775454e+002  1.2565159e+002  1.1769501e+002
  6.6000000e-001  1.3081799e+002  1.2438347e+002  1.2746087e+002  1.2533751e+002  1.1718620e+002
  6.6666667e-001  1.3053819e+002  1.2412716e+002  1.2712877e+002  1.2496173e+002  1.1673952e+002
  6.7333333e-001  1.3046510e+002  1.2387907e+002  1.2679565e+002  1.2459924e+002  1.1630732e+002
  6.8000000e-001  1.3043553e+002  1.2368697e+002  1.2646378e+002  1.2422974e+002  1.1592394e+002
  6.8666667e-001  1.3028908e+002  1.2345763e+002  1.2617490e+002  1.2386166e+002  1.1557195e+002
  6.9333333e-001  1.2999928e+002  1.2325813e+002  1.2577522e+002  1.2348493e+002  1.1523888e+002
  7.0000000e-001  1.2970714e+002  1.2310235e+002  1.2542754e+002  1.2315888e+002  1.1496629e+002
  7.0666667e-001  1.2935442e+002  1.2292282e+002  1.2516161e+002  1.2284312e+002  1.1465158e+002
  7.1333333e-001  1.2883870e+002  1.2279788e+002  1.2477914e+002  1.2253281e+002  1.1439731e+002
  7.2000000e-001  1.2830719e+002  1.2274179e+002  1.2442075e+002  1.2223973e+002  1.1418453e+002
  7.2666667e-001  1.2791237e+002  1.2267420e+002  1.2411453e+002  1.2196735e+002  1.1394096e+002
  7.3333333e-001  1.2764163e+002  1.2256844e+002  1.2379490e+002  1.2172763e+002  1.1371743e+002
  7.4000000e-001  1.2736989e+002  1.2248752e+002  1.2348795e+002  1.2152769e+002  1.1353507e+002
  7.4666667e-001  1.2688989e+002  1.2245149e+002  1.2315830e+002  1.2131002e+002  1.1335390e+002
  7.5333333e-001  1.2652098e+002  1.2237179e+002  1.2283916e+002  1.2109255e+002  1.1315464e+002
  7.6000000e-001  1.2613927e+002  1.2233294e+002  1.2252892e+002  1.2087020e+002  1.1292435e+002
  7.6666667e-001  1.2583070e+002  1.2228140e+002  1.2220905e+002  1.2068640e+002  1.1273879e+002
  7.7333333e-001  1.2555604e+002  1.2217236e+002  1.2190116e+002  1.2050264e+002  1.1258607e+002
  7.8000000e-001  1.2523854e+002  1.2205002e+002  1.2166690e+002  1.2031966e+002  1.1240347e+002
  7.8666667e-001  1.2529391e+002  1.2195034e+002  1.2144074e+002  1.2018435e+002  1.1219725e+002
  7.9333333e-001  1.2528898e+002  1.2184393e+002  1.2117699e+002  1.2004993e+002  1.1200298e+002
  8.0000000e-001  1.2523779e+002  1.2169051e+002  1.2091840e+002  1.1987193e+002  1.1182947e+002
  8.0666667e-001  1.2532154e+002  1.2157035e+002  1.2075109e+002  1.1971574e+002  1.1163342e+002
  8.1333333e-001  1.2542445e+002  1.2145284e+002  1.2061334e+002  1.1958688e+002  1.1143887e+002
  8.2000000e-001  1.2557014e+002  1.2128102e+002  1.2047790e+002  1.1950659e+002  1.1127756e+002
  8.2666667e-001  1.2567237e+002  1.2116171e+002  1.2033743e+002  1.1943690e+002  1.1106823e+002
  8.3333333e-001  1.2568272e+002  1.2104429e+002  1.2013587e+002  1.1932704e+002  1.1089198e+002
  8.4000000e-001  1.2583901e+002  1.2089174e+002  1.1997833e+002  1.1916842e+002  1.1072406e+002
  8.4666667e-001  1.2604720e+002  1.2079612e+002  1.1986567e+002  1.1904433e+002  1.1056521e+002
  8.5333333e-001  1.2632103e+002  1.2067371e+002  1.1976090e+002  1.1895143e+002  1.1040450e+002
  8.6000000e-001  1.2638297e+002  1.2058217e+002  1.1967416e+002  1.1885312e+002  1.1004314e+002
  8.6666667e-001  1.2643171e+002  1.2047781e+002  1.1956747e+002  1.1878462e+002  1.1011668e+002
  8.7333333e-001  1.2650260e+002  1.2034886e+002  1.1944929e+002  1.1871306e+002  1.1005021e+002
  8.8000000e-001  1.2655062e+002  1.2028814e+002  1.1941848e+002  1.1862069e+002  1.1000417e+002
  8.8666667e-001  1.2656281e+002  1.2026415e+002  1.1931291e+002  1.1851505e+002  1.0983426e+002
  8.9333333e-001  1.2657013e+002  1.2018855e+002  1.1914874e+002  1.1842638e+002  1.0977560e+002
  9.0000000e-001  1.2653529e+002  1.2011493e+002  1.1904319e+002  1.1836124e+002  1.0971125e+002
  9.0666667e-001  1.2651737e+002  1.2010223e+002  1.1891178e+002  1.1826705e+002  1.0960021e+002
  9.1333333e-001  1.2648760e+002  1.2012497e+002  1.1875066e+002  1.1819271e+002  1.0957683e+002
  9.2000000e-001  1.2642881e+002  1.2010489e+002  1.1856105e+002  1.1816402e+002  1.0955131e+002
  9.2666667e-001  1.2638258e+002  1.2011163e+002  1.1838254e+002  1.1812238e+002  1.0937309e+002
  9.3333333e-001  1.2633772e+002  1.2013062e+002  1.1820260e+002  1.1807168e+002  1.0929296e+002
  9.4000000e-001  1.2631853e+002  1.2016949e+002  1.1797395e+002  1.1802264e+002  1.0927778e+002
  9.4666667e-001  1.2635696e+002  1.2018381e+002  1.1772596e+002  1.1796689e+002  1.0917235e+002
  9.5333333e-001  1.2633715e+002  1.2017355e+002  1.1749398e+002  1.1797263e+002  1.0907644e+002
  9.6000000e-001  1.2629733e+002  1.2015232e+002  1.1726420e+002  1.1799334e+002  1.0901586e+002
  9.6666667e-001  1.2627963e+002  1.2015780e+002  1.1699294e+002  1.1795600e+002  1.0894351e+002
  9.7333333e-001  1.2620160e+002  1.2017991e+002  1.1674795e+002  1.1792331e+002  1.0900814e+002
  9.8000000e-001  1.2612985e+002  1.2017719e+002  1.1646508e+002  1.1786132e+002  1.0889811e+002
  9.8666667e-001  1.2612469e+002  1.2018870e+002  1.1620609e+002  1.1785526e+002  1.0882919e+002
  9.9333333e-001  1.2612171e+002  1.2022707e+002  1.1600123e+002  1.1786990e+002  1.0878436e+002
  1.0000000e+000  1.2609807e+002  1.2024614e+002  1.1579266e+002  1.1783868e+002  1.0862056e+002
  1.0066667e+000  1.2602811e+002  1.2025712e+002  1.1562684e+002  1.1778077e+002  1.0856049e+002
  1.0133333e+000  1.2585785e+002  1.2031690e+002  1.1547778e+002  1.1778067e+002  1.0855824e+002
  1.0200000e+000  1.2560777e+002  1.2038676e+002  1.1534488e+002  1.1778126e+002  1.0854386e+002
  1.0266667e+000  1.2539491e+002  1.2044781e+002  1.1521118e+002  1.1772703e+002  1.0848420e+002
  1.0333333e+000  1.2515839e+002  1.2055687e+002  1.1512004e+002  1.1768393e+002  1.0847543e+002
  1.0400000e+000  1.2484821e+002  1.2068001e+002  1.1503948e+002  1.1767979e+002  1.0842673e+002
  1.0466667e+000  1.2447385e+002  1.2077975e+002  1.1496498e+002  1.1764764e+002  1.0830059e+002
  1.0533333e+000  1.2442259e+002  1.2093727e+002  1.1487676e+002  1.1761761e+002  1.0832550e+002
  1.0600000e+000  1.2463123e+002  1.2108703e+002  1.1486297e+002  1.1757819e+002  1.0826122e+002
  1.0666667e+000  1.2486144e+002  1.2122044e+002  1.1487006e+002  1.1758740e+002  1.0812270e+002
  1.0733333e+000  1.2513065e+002  1.2133454e+002  1.1485167e+002  1.1756119e+002  1.0803619e+002
  1.0800000e+000  1.2539322e+002  1.2145881e+002  1.1482086e+002  1.1752405e+002  1.0790785e+002
  1.0866667e+000  1.2553475e+002  1.2160110e+002  1.1481200e+002  1.1754513e+002  1.0788658e+002
  1.0933333e+000  1.2561409e+002  1.2172198e+002  1.1485071e+002  1.1752175e+002  1.0780688e+002
  1.1000000e+000  1.2571838e+002  1.2187066e+002  1.1483011e+002  1.1751118e+002  1.0762443e+002
  1.1066667e+000  1.2579105e+002  1.2203901e+002  1.1478629e+002  1.1751733e+002  1.0758405e+002
  1.1133333e+000  1.2593395e+002  1.2220413e+002  1.1481084e+002  1.1750148e+002  1.0754600e+002
  1.1200000e+000  1.2611955e+002  1.2235912e+002  1.1481823e+002  1.1753140e+002  1.0746280e+002
  1.1266667e+000  1.2623172e+002  1.2256371e+002  1.1482732e+002  1.1756229e+002  1.0743488e+002
  1.1333333e+000  1.2635215e+002  1.2273357e+002  1.1478734e+002  1.1753507e+002  1.0737654e+002
  1.1400000e+000  1.2645290e+002  1.2287131e+002  1.1476084e+002  1.1754774e+002  1.0737810e+002
  1.1466667e+000  1.2655614e+002  1.2304892e+002  1.1472696e+002  1.1756943e+002  1.0727265e+002
  1.1533333e+000  1.2673922e+002  1.2320832e+002  1.1467921e+002  1.1754050e+002  1.0711668e+002
  1.1600000e+000  1.2691225e+002  1.2337487e+002  1.1466534e+002  1.1757560e+002  1.0707882e+002
  1.1666667e+000  1.2702943e+002  1.2354808e+002  1.1464475e+002  1.1764359e+002  1.0709771e+002
  1.1733333e+000  1.2712614e+002  1.2370657e+002  1.1461047e+002  1.1766938e+002  1.0701712e+002
  1.1800000e+000  1.2716802e+002  1.2387880e+002  1.1461619e+002  1.1764844e+002  1.0694793e+002
  1.1866667e+000  1.2720289e+002  1.2403351e+002  1.1456271e+002  1.1762180e+002  1.0694191e+002
  1.1933333e+000  1.2726873e+002  1.2424249e+002  1.1450390e+002  1.1764475e+002  1.0685413e+002
  1.2000000e+000  1.2732038e+002  1.2443109e+002  1.1444362e+002  1.1761266e+002  1.0669836e+002
  1.2066667e+000  1.2739130e+002  1.2459324e+002  1.1443666e+002  1.1764027e+002  1.0667848e+002
  1.2133333e+000  1.2739717e+002  1.2476945e+002  1.1446706e+002  1.1768797e+002  1.0657716e+002
  1.2200000e+000  1.2743819e+002  1.2498621e+002  1.1446281e+002  1.1767199e+002  1.0656451e+002
  1.2266667e+000  1.2749087e+002  1.2519876e+002  1.1451038e+002  1.1764870e+002  1.0652929e+002
  1.2333333e+000  1.2751154e+002  1.2538342e+002  1.1455557e+002  1.1764598e+002  1.0645973e+002
  1.2400000e+000  1.2753468e+002  1.2558683e+002  1.1456833e+002  1.1764381e+002  1.0639130e+002
  1.2466667e+000  1.2759575e+002  1.2580265e+002  1.1459857e+002  1.1764541e+002  1.0631107e+002
  1.2533333e+000  1.2764958e+002  1.2604439e+002  1.1462302e+002  1.1763539e+002  1.0640524e+002
  1.2600000e+000  1.2769222e+002  1.2623010e+002  1.1465944e+002  1.1764889e+002  1.0646643e+002
  1.2666667e+000  1.2771049e+002  1.2642879e+002  1.1466253e+002  1.1760468e+002  1.0651656e+002
  1.2733333e+000  1.2773607e+002  1.2666576e+002  1.1471793e+002  1.1758392e+002  1.0656435e+002
  1.2800000e+000  1.2777989e+002  1.2693108e+002  1.1476797e+002  1.1765897e+002  1.0656335e+002
  1.2866667e+000  1.2782515e+002  1.2717844e+002  1.1480479e+002  1.1762257e+002  1.0663294e+002
  1.2933333e+000  1.2788557e+002  1.2741302e+002  1.1487075e+002  1.1758505e+002  1.0669912e+002
  1.3000000e+000  1.2794311e+002  1.2768635e+002  1.1490593e+002  1.1759750e+002  1.0668323e+002
  1.3066667e+000  1.2802803e+002  1.2798588e+002  1.1491793e+002  1.1761851e+002  1.0666804e+002
  1.3133333e+000  1.2817862e+002  1.2825755e+002  1.1485964e+002  1.1760410e+002  1.0673714e+002
  1.3200000e+000  1.2829883e+002  1.2856435e+002  1.1486835e+002  1.1758940e+002  1.0678704e+002
  1.3266667e+000  1.2839325e+002  1.2876852e+002  1.1487936e+002  1.1760226e+002  1.0661422e+002
  1.3333333e+000  1.2848908e+002  1.2901209e+002  1.1490475e+002  1.1759889e+002  1.0649308e+002
  1.3400000e+000  1.2859407e+002  1.2924818e+002  1.1486605e+002  1.1763664e+002  1.0641727e+002
  1.3466667e+000  1.2867362e+002  1.2947856e+002  1.1486829e+002  1.1766990e+002  1.0616058e+002
  1.3533333e+000  1.2875272e+002  1.2972519e+002  1.1489679e+002  1.1769237e+002  1.0610426e+002
  1.3600000e+000  1.2884480e+002  1.2994891e+002  1.1492543e+002  1.1767539e+002  1.0606928e+002
  1.3666667e+000  1.2893677e+002  1.3021443e+002  1.1492923e+002  1.1767776e+002  1.0572716e+002
  1.3733333e+000  1.2902359e+002  1.3046187e+002  1.1497069e+002  1.1770371e+002  1.0541628e+002
  1.3800000e+000  1.2915172e+002  1.3070898e+002  1.1497103e+002  1.1775431e+002  1.0525620e+002
  1.3866667e+000  1.2925694e+002  1.3098546e+002  1.1497103e+002  1.1771152e+002  1.0504527e+002
  1.3933333e+000  1.2936963e+002  1.3118102e+002  1.1496913e+002  1.1767664e+002  1.0485200e+002
  1.4000000e+000  1.2952422e+002  1.3133505e+002  1.1496301e+002  1.1773522e+002  1.0473793e+002
  1.4066667e+000  1.2960024e+002  1.3151788e+002  1.1489456e+002  1.1773026e+002  1.0477477e+002
  1.4133333e+000  1.2968102e+002  1.3170630e+002  1.1489242e+002  1.1777535e+002  1.0464272e+002
  1.4200000e+000  1.2982024e+002  1.3188054e+002  1.1489086e+002  1.1782285e+002  1.0468381e+002
  1.4266667e+000  1.2993543e+002  1.3209189e+002  1.1485981e+002  1.1786650e+002  1.0474571e+002
  1.4333333e+000  1.3002683e+002  1.3227869e+002  1.1477370e+002  1.1783287e+002  1.0477741e+002
  1.4400000e+000  1.3014269e+002  1.3247165e+002  1.1465602e+002  1.1783892e+002  1.0485484e+002
  1.4466667e+000  1.3029742e+002  1.3269045e+002  1.1457140e+002  1.1784167e+002  1.0510932e+002
  1.4533333e+000  1.3041042e+002  1.3287166e+002  1.1454379e+002  1.1792674e+002  1.0513917e+002
  1.4600000e+000  1.3051479e+002  1.3305721e+002  1.1449161e+002  1.1801707e+002  1.0512734e+002
  1.4666667e+000  1.3061902e+002  1.3326199e+002  1.1444532e+002  1.1806751e+002  1.0501289e+002
  1.4733333e+000  1.3071252e+002  1.3345071e+002  1.1443218e+002  1.1807095e+002  1.0535262e+002
  1.4800000e+000  1.3077982e+002  1.3361748e+002  1.1447424e+002  1.1806220e+002             NaN
  1.4866667e+000  1.3087457e+002  1.3372643e+002  1.1451765e+002  1.1812214e+002             NaN
  1.4933333e+000  1.3097311e+002  1.3388188e+002  1.1455687e+002  1.1815891e+002             NaN
  1.5000000e+000  1.3109039e+002  1.3406325e+002  1.1465067e+002  1.1820496e+002             NaN
  1.5066667e+000  1.3122182e+002  1.3422170e+002  1.1474365e+002  1.1825283e+002             NaN
  1.5133333e+000  1.3137599e+002  1.3441151e+002  1.1485582e+002  1.1833352e+002  1.0416690e+002
  1.5200000e+000  1.3151474e+002  1.3461580e+002  1.1490253e+002  1.1840720e+002  1.0372446e+002
  1.5266667e+000  1.3165018e+002  1.3478798e+002  1.1500324e+002  1.1843926e+002  1.0355140e+002
  1.5333333e+000  1.3179179e+002  1.3496890e+002  1.1506694e+002  1.1846596e+002  1.0331210e+002
  1.5400000e+000  1.3186317e+002  1.3512512e+002  1.1511844e+002  1.1853895e+002  1.0317678e+002
  1.5466667e+000  1.3194922e+002  1.3523320e+002  1.1520712e+002  1.1857967e+002  1.0291838e+002
  1.5533333e+000  1.3203911e+002  1.3534949e+002  1.1530263e+002  1.1864013e+002  1.0188190e+002
  1.5600000e+000  1.3213982e+002  1.3549985e+002  1.1538387e+002  1.1873870e+002  1.0003486e+002
  1.5666667e+000  1.3227563e+002  1.3563478e+002  1.1553321e+002  1.1879030e+002  9.8494354e+001
  1.5733333e+000  1.3242549e+002  1.3574196e+002  1.1567931e+002  1.1886305e+002  9.8268265e+001
  1.5800000e+000  1.3255943e+002  1.3585857e+002  1.1585470e+002  1.1895027e+002  9.9002022e+001
  1.5866667e+000  1.3268488e+002  1.3599390e+002  1.1600332e+002  1.1902943e+002  9.9826088e+001
  1.5933333e+000  1.3280241e+002  1.3618543e+002  1.1613599e+002  1.1910011e+002  1.0039351e+002
  1.6000000e+000  1.3291986e+002  1.3634743e+002  1.1633520e+002  1.1921255e+002  1.0080407e+002
  1.6066667e+000  1.3299158e+002  1.3643292e+002  1.1654058e+002  1.1927159e+002  1.0108200e+002
  1.6133333e+000  1.3306908e+002  1.3654369e+002  1.1681801e+002  1.1929278e+002  1.0119466e+002
  1.6200000e+000  1.3321222e+002  1.3666493e+002  1.1714574e+002  1.1936090e+002  1.0134561e+002
  1.6266667e+000  1.3336421e+002  1.3677113e+002  1.1738245e+002  1.1944473e+002  1.0169093e+002
  1.6333333e+000  1.3343181e+002  1.3690685e+002  1.1764600e+002  1.1958444e+002  1.0217599e+002
  1.6400000e+000  1.3351778e+002  1.3702357e+002  1.1784520e+002  1.1973480e+002  1.0269619e+002
  1.6466667e+000  1.3364136e+002  1.3712470e+002  1.1800452e+002  1.1983642e+002  1.0321903e+002
  1.6533333e+000  1.3371420e+002  1.3724536e+002  1.1826858e+002  1.1998183e+002  1.0366643e+002
  1.6600000e+000  1.3382704e+002  1.3736497e+002  1.1854936e+002  1.2006120e+002  1.0414042e+002
  1.6666667e+000  1.3398215e+002  1.3746050e+002  1.1876796e+002  1.2017016e+002  1.0478342e+002
  1.6733333e+000  1.3408910e+002  1.3756117e+002  1.1898018e+002  1.2029894e+002  1.0564552e+002
  1.6800000e+000  1.3420550e+002  1.3765628e+002  1.1921906e+002  1.2043745e+002  1.0669190e+002
  1.6866667e+000  1.3433684e+002  1.3773949e+002  1.1944744e+002  1.2053462e+002  1.0778326e+002
  1.6933333e+000  1.3442395e+002  1.3783078e+002  1.1974870e+002  1.2065620e+002  1.0884775e+002
  1.7000000e+000  1.3456718e+002  1.3787058e+002  1.2004415e+002  1.2076337e+002  1.0985500e+002
  1.7066667e+000  1.3472691e+002  1.3798927e+002  1.2029648e+002  1.2086037e+002  1.1064150e+002
  1.7133333e+000  1.3486359e+002  1.3808438e+002  1.2064806e+002  1.2097418e+002  1.1119983e+002
  1.7200000e+000  1.3497049e+002  1.3811291e+002  1.2096872e+002  1.2104934e+002  1.1160680e+002
  1.7266667e+000  1.3508533e+002  1.3818651e+002  1.2135588e+002  1.2111633e+002  1.1194325e+002
  1.7333333e+000  1.3520734e+002  1.3831075e+002  1.2172916e+002  1.2118223e+002  1.1237370e+002
  1.7400000e+000  1.3534438e+002  1.3838550e+002  1.2213390e+002  1.2128799e+002  1.1290295e+002
  1.7466667e+000  1.3542726e+002  1.3846857e+002  1.2256026e+002  1.2137645e+002  1.1354939e+002
  1.7533333e+000  1.3556369e+002  1.3856168e+002  1.2295742e+002  1.2149323e+002  1.1422380e+002
  1.7600000e+000  1.3571452e+002  1.3863382e+002  1.2337797e+002  1.2161491e+002  1.1488625e+002
  1.7666667e+000  1.3578812e+002  1.3871779e+002  1.2374715e+002  1.2169896e+002  1.1551486e+002
  1.7733333e+000  1.3586807e+002  1.3878464e+002  1.2422113e+002  1.2180372e+002  1.1605611e+002
  1.7800000e+000  1.3594992e+002  1.3886400e+002  1.2475013e+002  1.2192513e+002  1.1649416e+002
  1.7866667e+000  1.3603275e+002  1.3891515e+002  1.2530417e+002  1.2201923e+002  1.1688644e+002
  1.7933333e+000  1.3613240e+002  1.3893889e+002  1.2585706e+002  1.2211213e+002  1.1727327e+002
  1.8000000e+000  1.3621103e+002  1.3899074e+002  1.2637612e+002  1.2224291e+002  1.1767075e+002
  1.8066667e+000  1.3630841e+002  1.3906244e+002  1.2688710e+002  1.2239190e+002  1.1818091e+002
  1.8133333e+000  1.3641902e+002  1.3911015e+002  1.2736343e+002  1.2253388e+002  1.1877919e+002
  1.8200000e+000  1.3654303e+002  1.3912347e+002  1.2784290e+002  1.2265288e+002  1.1948029e+002
  1.8266667e+000  1.3662276e+002  1.3911235e+002  1.2828110e+002  1.2276589e+002  1.2028400e+002
  1.8333333e+000  1.3668530e+002  1.3915536e+002  1.2877910e+002  1.2286372e+002  1.2111516e+002
  1.8400000e+000  1.3670865e+002  1.3921234e+002  1.2931520e+002  1.2300798e+002  1.2197188e+002
  1.8466667e+000  1.3676120e+002  1.3924937e+002  1.2984984e+002  1.2312916e+002  1.2293198e+002
  1.8533333e+000  1.3678085e+002  1.3927449e+002  1.3032103e+002  1.2324098e+002  1.2391407e+002
  1.8600000e+000  1.3684874e+002  1.3931595e+002  1.3083774e+002  1.2337190e+002  1.2481174e+002
  1.8666667e+000  1.3687152e+002  1.3933406e+002  1.3136888e+002  1.2350168e+002  1.2565007e+002
  1.8733333e+000  1.3690706e+002  1.3937360e+002  1.3191156e+002  1.2362218e+002  1.2652458e+002
  1.8800000e+000  1.3696286e+002  1.3938800e+002  1.3251460e+002  1.2373974e+002  1.2761450e+002
  1.8866667e+000  1.3699593e+002  1.3947401e+002  1.3303146e+002  1.2384600e+002  1.2906673e+002
  1.8933333e+000  1.3702303e+002  1.3948192e+002  1.3349709e+002  1.2400602e+002  1.3088997e+002
  1.9000000e+000  1.3702046e+002  1.3950034e+002  1.3393141e+002  1.2417494e+002  1.3276230e+002
  1.9066667e+000  1.3709608e+002  1.3951004e+002  1.3435329e+002  1.2434197e+002  1.3445328e+002
  1.9133333e+000  1.3714948e+002  1.3955344e+002  1.3482019e+002  1.2445703e+002  1.3576244e+002
  1.9200000e+000  1.3713651e+002  1.3960280e+002  1.3518545e+002  1.2463467e+002  1.3662537e+002
  1.9266667e+000  1.3711638e+002  1.3958910e+002  1.3552536e+002  1.2478551e+002  1.3726027e+002
  1.9333333e+000  1.3717297e+002  1.3966357e+002  1.3581493e+002  1.2492541e+002  1.3790901e+002
  1.9400000e+000  1.3718947e+002  1.3968666e+002  1.3607809e+002  1.2506891e+002  1.3875877e+002
  1.9466667e+000  1.3715930e+002  1.3966277e+002  1.3632390e+002  1.2523624e+002  1.3991954e+002
  1.9533333e+000  1.3715193e+002  1.3968188e+002  1.3657896e+002  1.2542088e+002  1.4129631e+002
  1.9600000e+000  1.3713426e+002  1.3969960e+002  1.3676018e+002  1.2554623e+002  1.4268866e+002
  1.9666667e+000  1.3711977e+002  1.3972963e+002  1.3695451e+002  1.2570087e+002  1.4393733e+002
  1.9733333e+000  1.3708694e+002  1.3978500e+002  1.3713574e+002  1.2584707e+002  1.4486334e+002
  1.9800000e+000  1.3706117e+002  1.3976166e+002  1.3729128e+002  1.2600594e+002  1.4534624e+002
  1.9866667e+000  1.3703032e+002  1.3980045e+002  1.3748706e+002  1.2619158e+002  1.4539676e+002
  1.9933333e+000  1.3709924e+002  1.3977017e+002  1.3767716e+002  1.2634853e+002  1.4517476e+002
  2.0000000e+000  1.3715050e+002  1.3976785e+002  1.3787479e+002  1.2651791e+002  1.4472124e+002
