 -5.0000000e-001  1.9706357e+002  1.9893355e+002  1.9855953e+002  1.9950768e+002  1.9849124e+002
 -4.9333333e-001  1.9707178e+002  1.9894585e+002  1.9855997e+002  1.9949226e+002  1.9846361e+002
 -4.8666667e-001  1.9711371e+002  1.9896143e+002  1.9850977e+002  1.9949396e+002  1.9847524e+002
 -4.8000000e-001  1.9708868e+002  1.9892433e+002  1.9852052e+002  1.9947745e+002  1.9844927e+002
 -4.7333333e-001  1.9710832e+002  1.9895075e+002  1.9851137e+002  1.9944740e+002  1.9847868e+002
 -4.6666667e-001  1.9712627e+002  1.9892860e+002  1.9853200e+002  1.9948146e+002  1.9850049e+002
 -4.6000000e-001  1.9710849e+002  1.9894606e+002  1.9852953e+002  1.9948291e+002  1.9846082e+002
 -4.5333333e-001  1.9711999e+002  1.9894781e+002  1.9853606e+002  1.9948982e+002  1.9839612e+002
 -4.4666667e-001  1.9707167e+002  1.9896443e+002  1.9857021e+002  1.9949829e+002  1.9842554e+002
 -4.4000000e-001  1.9708305e+002  1.9899863e+002  1.9854738e+002  1.9951608e+002  1.9842767e+002
 -4.3333333e-001  1.9710368e+002  1.9901314e+002  1.9856921e+002  1.9953648e+002  1.9842223e+002
 -4.2666667e-001  1.9711287e+002  1.9897957e+002  1.9854234e+002  1.9952328e+002  1.9843987e+002
 -4.2000000e-001  1.9710797e+002  1.9895721e+002  1.9854262e+002  1.9951610e+002  1.9843524e+002
 -4.1333333e-001  1.9707072e+002  1.9895741e+002  1.9854881e+002  1.9952364e+002  1.9842911e+002
 -4.0666667e-001  1.9705809e+002  1.9896464e+002  1.9854346e+002  1.9955267e+002  1.9841583e+002
 -4.0000000e-001  1.9711383e+002  1.9898708e+002  1.9853389e+002  1.9957605e+002  1.9840163e+002
 -3.9333333e-001  1.9713361e+002  1.9895569e+002  1.9854460e+002  1.9956036e+002  1.9838487e+002
 -3.8666667e-001  1.9713820e+002  1.9895599e+002  1.9855846e+002  1.9956322e+002  1.9840604e+002
 -3.8000000e-001  1.9714918e+002  1.9898868e+002  1.9855067e+002  1.9957089e+002  1.9843568e+002
 -3.7333333e-001  1.9714597e+002  1.9897691e+002  1.9854596e+002  1.9959454e+002  1.9836833e+002
 -3.6666667e-001  1.9719223e+002  1.9895966e+002  1.9856456e+002  1.9960588e+002  1.9831839e+002
 -3.6000000e-001  1.9722421e+002  1.9898881e+002  1.9859795e+002  1.9958524e+002  1.9835550e+002
 -3.5333333e-001  1.9716545e+002  1.9899736e+002  1.9861350e+002  1.9956375e+002  1.9835985e+002
 -3.4666667e-001  1.9716975e+002  1.9900058e+002  1.9860124e+002  1.9953532e+002  1.9836008e+002
 -3.4000000e-001  1.9719467e+002  1.9898488e+002  1.9858147e+002  1.9952545e+002  1.9836302e+002
 -3.3333333e-001  1.9720471e+002  1.9896803e+002  1.9858417e+002  1.9958046e+002  1.9834547e+002
 -3.2666667e-001  1.9717673e+002  1.9893544e+002  1.9856622e+002  1.9960472e+002  1.9835948e+002
 -3.2000000e-001  1.9718707e+002  1.9896025e+002  1.9854308e+002  1.9959486e+002  1.9837939e+002
 -3.1333333e-001  1.9722234e+002  1.9897553e+002  1.9855216e+002  1.9957667e+002  1.9835673e+002
 -3.0666667e-001  1.9718185e+002  1.9895233e+002  1.9856747e+002  1.9955547e+002  1.9833438e+002
 -3.0000000e-001  1.9720006e+002  1.9891008e+002  1.9853029e+002  1.9956468e+002  1.9833882e+002
 -2.9333333e-001  1.9721786e+002  1.9890874e+002  1.9854799e+002  1.9953554e+002  1.9837895e+002
 -2.8666667e-001  1.9723491e+002  1.9890791e+002  1.9856316e+002  1.9956325e+002  1.9840666e+002
 -2.8000000e-001  1.9723714e+002  1.9886127e+002  1.9853433e+002  1.9960651e+002  1.9839494e+002
 -2.7333333e-001  1.9723789e+002  1.9888713e+002  1.9853088e+002  1.9958614e+002  1.9838767e+002
 -2.6666667e-001  1.9724742e+002  1.9888203e+002  1.9853011e+002  1.9955626e+002  1.9838725e+002
 -2.6000000e-001  1.9724516e+002  1.9886058e+002  1.9856519e+002  1.9960834e+002  1.9838530e+002
 -2.5333333e-001  1.9724577e+002  1.9886501e+002  1.9858641e+002  1.9961726e+002  1.9842616e+002
 -2.4666667e-001  1.9721635e+002  1.9887215e+002  1.9854639e+002  1.9961177e+002  1.9842992e+002
 -2.4000000e-001  1.9717853e+002  1.9886816e+002  1.9859145e+002  1.9963640e+002  1.9843069e+002
 -2.3333333e-001  1.9717253e+002  1.9887131e+002  1.9858745e+002  1.9963791e+002  1.9843860e+002
 -2.2666667e-001  1.9719580e+002  1.9881889e+002  1.9857619e+002  1.9963455e+002  1.9838356e+002
 -2.2000000e-001  1.9726465e+002  1.9878172e+002  1.9859508e+002  1.9966173e+002  1.9839182e+002
 -2.1333333e-001  1.9729658e+002  1.9882530e+002  1.9860761e+002  1.9963916e+002  1.9837802e+002
 -2.0666667e-001  1.9727814e+002  1.9881227e+002  1.9859193e+002  1.9961681e+002  1.9840936e+002
 -2.0000000e-001  1.9728812e+002  1.9879756e+002  1.9856842e+002  1.9960828e+002  1.9842801e+002
 -1.9333333e-001  1.9730829e+002  1.9879642e+002  1.9856722e+002  1.9961334e+002  1.9839592e+002
 -1.8666667e-001  1.9724342e+002  1.9879837e+002  1.9858815e+002  1.9963800e+002  1.9838565e+002
 -1.8000000e-001  1.9724196e+002  1.9880879e+002  1.9859068e+002  1.9964078e+002  1.9839876e+002
 -1.7333333e-001  1.9729555e+002  1.9881867e+002  1.9861230e+002  1.9965825e+002  1.9839139e+002
 -1.6666667e-001  1.9726102e+002  1.9879132e+002  1.9861610e+002  1.9962622e+002  1.9839980e+002
 -1.6000000e-001  1.9723938e+002  1.9880089e+002  1.9863898e+002  1.9960796e+002  1.9838672e+002
 -1.5333333e-001  1.9727469e+002  1.9878648e+002  1.9860400e+002  1.9960140e+002  1.9836816e+002
 -1.4666667e-001  1.9725848e+002  1.9878952e+002  1.9853600e+002  1.9960635e+002  1.9837817e+002
 -1.4000000e-001  1.9728059e+002  1.9881499e+002  1.9858900e+002  1.9965820e+002  1.9838620e+002
 -1.3333333e-001  1.9729336e+002  1.9885228e+002  1.9862532e+002  1.9961044e+002  1.9841943e+002
 -1.2666667e-001  1.9727734e+002  1.9884698e+002  1.9862561e+002  1.9960031e+002  1.9843108e+002
 -1.2000000e-001  1.9725859e+002  1.9880104e+002  1.9861949e+002  1.9963940e+002  1.9840260e+002
 -1.1333333e-001  1.9724471e+002  1.9878485e+002  1.9864745e+002  1.9963980e+002  1.9839964e+002
 -1.0666667e-001  1.9729149e+002  1.9879869e+002  1.9866875e+002  1.9960489e+002  1.9840178e+002
 -1.0000000e-001  1.9729321e+002  1.9878543e+002  1.9868066e+002  1.9963104e+002  1.9843463e+002
 -9.3333333e-002  1.9728273e+002  1.9879820e+002  1.9865869e+002  1.9965985e+002  1.9844847e+002
 -8.6666667e-002  1.9723157e+002  1.9881186e+002  1.9864209e+002  1.9965549e+002  1.9840109e+002
 -8.0000000e-002  1.9724391e+002  1.9879370e+002  1.9869788e+002  1.9961823e+002  1.9842172e+002
 -7.3333333e-002  1.9726300e+002  1.9880141e+002  1.9869867e+002  1.9961255e+002  1.9848192e+002
 -6.6666667e-002  1.9724146e+002  1.9883673e+002  1.9867505e+002  1.9961853e+002  1.9848697e+002
 -6.0000000e-002  1.9723604e+002  1.9882165e+002  1.9865370e+002  1.9964461e+002  1.9845845e+002
 -5.3333333e-002  1.9725890e+002  1.9878772e+002  1.9863188e+002  1.9963019e+002  1.9844600e+002
 -4.6666667e-002  1.9728207e+002  1.9879059e+002  1.9866585e+002  1.9959050e+002  1.9843517e+002
 -4.0000000e-002  1.9726245e+002  1.9882163e+002  1.9867735e+002  1.9960878e+002  1.9846684e+002
 -3.3333333e-002  1.9728732e+002  1.9887364e+002  1.9866374e+002  1.9962817e+002  1.9849472e+002
 -2.6666667e-002  1.9727112e+002  1.9886272e+002  1.9865509e+002  1.9961534e+002  1.9846938e+002
 -2.0000000e-002  1.9725839e+002  1.9879947e+002  1.9866007e+002  1.9958931e+002  1.9846222e+002
 -1.3333333e-002  1.9724941e+002  1.9879964e+002  1.9871463e+002  1.9961675e+002  1.9847731e+002
 -6.6666667e-003  1.9723824e+002  1.9888202e+002  1.9870226e+002  1.9962294e+002  1.9847176e+002
  0.0000000e+000  1.9723320e+002  1.9888034e+002  1.9869142e+002  1.9961032e+002  1.9849020e+002
  6.6666667e-003  1.9726868e+002  1.9885870e+002  1.9870224e+002  1.9962712e+002  1.9850917e+002
  1.3333333e-002  1.9727162e+002  1.9887497e+002  1.9872435e+002  1.9957684e+002  1.9850716e+002
  2.0000000e-002  1.9727478e+002  1.9884464e+002  1.9870128e+002  1.9954919e+002  1.9848764e+002
  2.6666667e-002  1.9725670e+002  1.9888057e+002  1.9869598e+002  1.9959567e+002  1.9851181e+002
  3.3333333e-002  1.9723730e+002  1.9889230e+002  1.9867580e+002  1.9961568e+002  1.9854327e+002
  4.0000000e-002  1.9722296e+002  1.9886835e+002  1.9861348e+002  1.9954272e+002  1.9853537e+002
  4.6666667e-002  1.9722568e+002  1.9888506e+002  1.9862874e+002  1.9949431e+002  1.9854733e+002
  5.3333333e-002  1.9728014e+002  1.9888158e+002  1.9864597e+002  1.9949085e+002  1.9852223e+002
  6.0000000e-002  1.9724098e+002  1.9886253e+002  1.9866605e+002  1.9943002e+002  1.9847122e+002
  6.6666667e-002  1.9720340e+002  1.9885527e+002  1.9863493e+002  1.9939066e+002  1.9848683e+002
  7.3333333e-002  1.9723238e+002  1.9885834e+002  1.9862297e+002  1.9940340e+002  1.9851836e+002
  8.0000000e-002  1.9720577e+002  1.9887500e+002  1.9866209e+002  1.9936862e+002  1.9846062e+002
  8.6666667e-002  1.9718813e+002  1.9885454e+002  1.9862280e+002  1.9935381e+002  1.9846277e+002
  9.3333333e-002  1.9720239e+002  1.9883568e+002  1.9861291e+002  1.9937718e+002  1.9845351e+002
  1.0000000e-001  1.9717711e+002  1.9887364e+002  1.9861252e+002  1.9936412e+002  1.9847469e+002
  1.0666667e-001  1.9714636e+002  1.9888448e+002  1.9856094e+002  1.9933829e+002  1.9853448e+002
  1.1333333e-001  1.9715122e+002  1.9887863e+002  1.9852649e+002  1.9939275e+002  1.9854056e+002
  1.2000000e-001  1.9712805e+002  1.9887029e+002  1.9854897e+002  1.9938661e+002  1.9850346e+002
  1.2666667e-001  1.9707646e+002  1.9887346e+002  1.9853760e+002  1.9933768e+002  1.9847649e+002
  1.3333333e-001  1.9705711e+002  1.9887425e+002  1.9851227e+002  1.9935945e+002  1.9844417e+002
  1.4000000e-001  1.9702654e+002  1.9886867e+002  1.9848303e+002  1.9934309e+002  1.9836882e+002
  1.4666667e-001  1.9695825e+002  1.9886118e+002  1.9844803e+002  1.9931400e+002  1.9828983e+002
  1.5333333e-001  1.9689584e+002  1.9882446e+002  1.9837132e+002  1.9926296e+002  1.9817497e+002
  1.6000000e-001  1.9684189e+002  1.9879561e+002  1.9834250e+002  1.9923241e+002  1.9806076e+002
  1.6666667e-001  1.9676175e+002  1.9873128e+002  1.9829042e+002  1.9923546e+002  1.9799733e+002
  1.7333333e-001  1.9670900e+002  1.9864624e+002  1.9817789e+002  1.9916332e+002  1.9796449e+002
  1.8000000e-001  1.9659110e+002  1.9854901e+002  1.9807246e+002  1.9903310e+002  1.9788088e+002
  1.8666667e-001  1.9642452e+002  1.9846545e+002  1.9795775e+002  1.9896256e+002  1.9780385e+002
  1.9333333e-001  1.9631049e+002  1.9836786e+002  1.9780847e+002  1.9890503e+002  1.9773604e+002
  2.0000000e-001  1.9620393e+002  1.9826988e+002  1.9762599e+002  1.9885973e+002  1.9766278e+002
  2.0666667e-001  1.9610495e+002  1.9815628e+002  1.9741554e+002  1.9878674e+002  1.9758261e+002
  2.1333333e-001  1.9601413e+002  1.9804684e+002  1.9720596e+002  1.9869501e+002  1.9742781e+002
  2.2000000e-001  1.9594334e+002  1.9799144e+002  1.9703268e+002  1.9853047e+002  1.9719428e+002
  2.2666667e-001  1.9591943e+002  1.9794493e+002  1.9689967e+002  1.9837811e+002  1.9706207e+002
  2.3333333e-001  1.9588516e+002  1.9789818e+002  1.9673325e+002  1.9826360e+002  1.9689229e+002
  2.4000000e-001  1.9593521e+002  1.9782919e+002  1.9657912e+002  1.9812691e+002  1.9670442e+002
  2.4666667e-001  1.9593428e+002  1.9770416e+002  1.9635014e+002  1.9805745e+002  1.9656950e+002
  2.5333333e-001  1.9582036e+002  1.9752020e+002  1.9603815e+002  1.9796970e+002  1.9640796e+002
  2.6000000e-001  1.9574565e+002  1.9732439e+002  1.9572696e+002  1.9784741e+002  1.9615143e+002
  2.6666667e-001  1.9568291e+002  1.9711429e+002  1.9531122e+002  1.9770004e+002  1.9586537e+002
  2.7333333e-001  1.9554398e+002  1.9687968e+002  1.9482169e+002  1.9759082e+002  1.9557318e+002
  2.8000000e-001  1.9531397e+002  1.9667868e+002  1.9428760e+002  1.9753529e+002  1.9523377e+002
  2.8666667e-001  1.9501485e+002  1.9638794e+002  1.9371864e+002  1.9741625e+002  1.9488823e+002
  2.9333333e-001  1.9474002e+002  1.9605794e+002  1.9315479e+002  1.9725755e+002  1.9457178e+002
  3.0000000e-001  1.9437193e+002  1.9570886e+002  1.9249033e+002  1.9711424e+002  1.9420906e+002
  3.0666667e-001  1.9397340e+002  1.9538057e+002  1.9178685e+002  1.9699997e+002  1.9378066e+002
  3.1333333e-001  1.9361650e+002  1.9507509e+002  1.9111586e+002  1.9682474e+002  1.9337820e+002
  3.2000000e-001  1.9324004e+002  1.9469565e+002  1.9046367e+002  1.9663518e+002  1.9290668e+002
  3.2666667e-001  1.9283462e+002  1.9432228e+002  1.8976187e+002  1.9641739e+002  1.9241365e+002
  3.3333333e-001  1.9251357e+002  1.9392686e+002  1.8903052e+002  1.9615070e+002  1.9190083e+002
  3.4000000e-001  1.9220975e+002  1.9355690e+002  1.8829800e+002  1.9587337e+002  1.9138857e+002
  3.4666667e-001  1.9198557e+002  1.9325046e+002  1.8749524e+002  1.9551646e+002  1.9082312e+002
  3.5333333e-001  1.9181357e+002  1.9287459e+002  1.8663565e+002  1.9507149e+002  1.9021606e+002
  3.6000000e-001  1.9165935e+002  1.9242541e+002  1.8583672e+002  1.9455670e+002  1.8964079e+002
  3.6666667e-001  1.9148967e+002  1.9194594e+002  1.8501495e+002  1.9394916e+002  1.8906426e+002
  3.7333333e-001  1.9124078e+002  1.9147890e+002  1.8414052e+002  1.9334760e+002  1.8854364e+002
  3.8000000e-001  1.9101541e+002  1.9103478e+002  1.8329925e+002  1.9272597e+002  1.8802002e+002
  3.8666667e-001  1.9084592e+002  1.9064300e+002  1.8246713e+002  1.9210123e+002  1.8744954e+002
  3.9333333e-001  1.9059520e+002  1.9023982e+002  1.8173029e+002  1.9146964e+002  1.8690273e+002
  4.0000000e-001  1.9025833e+002  1.8981220e+002  1.8104646e+002  1.9077673e+002  1.8635936e+002
  4.0666667e-001  1.8990727e+002  1.8940671e+002  1.8028824e+002  1.9015309e+002  1.8578120e+002
  4.1333333e-001  1.8953169e+002  1.8893205e+002  1.7953516e+002  1.8957315e+002  1.8525400e+002
  4.2000000e-001  1.8879417e+002  1.8839656e+002  1.7877574e+002  1.8892157e+002  1.8475952e+002
  4.2666667e-001  1.8826552e+002  1.8774262e+002  1.7791463e+002  1.8827240e+002  1.8417204e+002
  4.3333333e-001  1.8763324e+002  1.8715530e+002  1.7698636e+002  1.8764079e+002  1.8355550e+002
  4.4000000e-001  1.8752435e+002  1.8660783e+002  1.7609019e+002  1.8707072e+002  1.8299867e+002
  4.4666667e-001  1.8677644e+002  1.8597378e+002  1.7512166e+002  1.8642867e+002  1.8235718e+002
  4.5333333e-001  1.8599396e+002  1.8531610e+002  1.7398555e+002  1.8582124e+002  1.8168129e+002
  4.6000000e-001  1.8520879e+002  1.8469681e+002  1.7277373e+002  1.8521816e+002  1.8101572e+002
  4.6666667e-001  1.8437656e+002  1.8409790e+002  1.7151930e+002  1.8455270e+002  1.8033159e+002
  4.7333333e-001  1.8357315e+002  1.8350522e+002  1.7015501e+002  1.8392436e+002  1.7938568e+002
  4.8000000e-001  1.8279953e+002  1.8293257e+002  1.6878538e+002  1.8325121e+002  1.7900981e+002
  4.8666667e-001  1.8201868e+002  1.8238866e+002  1.6749464e+002  1.8258138e+002  1.7835089e+002
  4.9333333e-001  1.8120920e+002  1.8183990e+002  1.6614816e+002  1.8189813e+002  1.7763544e+002
  5.0000000e-001  1.8037486e+002  1.8131996e+002  1.6530241e+002  1.8116043e+002  1.7664734e+002
  5.0666667e-001  1.7951373e+002  1.8085318e+002  1.6390266e+002  1.8045578e+002  1.7628764e+002
  5.1333333e-001  1.7861932e+002  1.8038667e+002  1.6178716e+002  1.7973940e+002  1.7562822e+002
  5.2000000e-001  1.7769327e+002  1.7989104e+002  1.6051305e+002  1.7894141e+002  1.7496547e+002
  5.2666667e-001  1.7680814e+002  1.7933960e+002  1.5918979e+002  1.7811783e+002  1.7430541e+002
  5.3333333e-001  1.7591959e+002  1.7878030e+002  1.5786992e+002  1.7730133e+002  1.7366185e+002
  5.4000000e-001  1.7503677e+002  1.7825034e+002  1.5656465e+002  1.7649327e+002  1.7302055e+002
  5.4666667e-001  1.7410762e+002  1.7772307e+002  1.5539149e+002  1.7575584e+002  1.7216223e+002
  5.5333333e-001  1.7318373e+002  1.7718420e+002  1.5418419e+002  1.7500014e+002  1.7132570e+002
  5.6000000e-001  1.7221834e+002  1.7670776e+002  1.5351189e+002  1.7417790e+002  1.7140140e+002
  5.6666667e-001  1.7118083e+002  1.7628387e+002  1.5229991e+002  1.7340572e+002  1.7070953e+002
  5.7333333e-001  1.7014958e+002  1.7572382e+002  1.5115978e+002  1.7267708e+002  1.7001839e+002
  5.8000000e-001  1.6905821e+002  1.7608183e+002  1.5006590e+002  1.7198427e+002  1.6934952e+002
  5.8666667e-001  1.6792766e+002  1.7545017e+002  1.4896625e+002  1.7124539e+002  1.6870508e+002
  5.9333333e-001  1.6670784e+002  1.7434369e+002  1.4790920e+002  1.7051898e+002  1.6806130e+002
  6.0000000e-001  1.6560924e+002  1.7403183e+002  1.4693358e+002  1.6981648e+002  1.6741499e+002
  6.0666667e-001  1.6431744e+002  1.7442714e+002  1.4594934e+002  1.6881746e+002  1.6680656e+002
  6.1333333e-001  1.6290884e+002  1.7403684e+002  1.4494295e+002  1.6791888e+002  1.6626234e+002
  6.2000000e-001  1.6159227e+002  1.7370190e+002  1.4391698e+002  1.6745232e+002  1.6573285e+002
  6.2666667e-001  1.6024359e+002  1.7344550e+002  1.4287039e+002  1.6674335e+002  1.6524651e+002
  6.3333333e-001  1.5888229e+002  1.7318381e+002  1.4181427e+002  1.6582509e+002  1.6479601e+002
  6.4000000e-001  1.5756546e+002  1.7288519e+002  1.4070283e+002  1.6588602e+002  1.6431982e+002
  6.4666667e-001  1.5626327e+002  1.7254555e+002  1.3953050e+002  1.6522610e+002  1.6390031e+002
  6.5333333e-001  1.5495874e+002  1.7220017e+002  1.3827815e+002  1.6455760e+002  1.6350179e+002
  6.6000000e-001  1.5371266e+002  1.7184189e+002  1.3690292e+002  1.6400151e+002  1.6305125e+002
  6.6666667e-001  1.5254318e+002  1.7152211e+002  1.3541003e+002  1.6348381e+002  1.6270827e+002
  6.7333333e-001  1.5143265e+002  1.7124121e+002  1.3382736e+002  1.6289389e+002  1.6237073e+002
  6.8000000e-001  1.5038905e+002  1.7093695e+002  1.3208029e+002  1.6234526e+002  1.6198184e+002
  6.8666667e-001  1.4940887e+002  1.7044470e+002  1.3021346e+002  1.6185977e+002  1.6161948e+002
  6.9333333e-001  1.4843489e+002  1.7016380e+002  1.2825732e+002  1.6137140e+002  1.6128400e+002
  7.0000000e-001  1.4746167e+002  1.6995386e+002  1.2620780e+002  1.6089568e+002  1.6092964e+002
  7.0666667e-001  1.4652974e+002  1.6974431e+002  1.2414197e+002  1.6045515e+002  1.6059882e+002
  7.1333333e-001  1.4557890e+002  1.6954892e+002  1.2206842e+002  1.6002171e+002  1.6029814e+002
  7.2000000e-001  1.4448465e+002  1.6934828e+002  1.1998334e+002  1.5958293e+002  1.5998375e+002
  7.2666667e-001  1.4325507e+002  1.6915642e+002  1.1791535e+002  1.5918280e+002  1.5966464e+002
  7.3333333e-001  1.4191095e+002  1.6899908e+002  1.1584713e+002  1.5878848e+002  1.5935349e+002
  7.4000000e-001  1.4042690e+002  1.6883974e+002  1.1374838e+002  1.5836281e+002  1.5904668e+002
  7.4666667e-001  1.3879109e+002  1.6871021e+002  1.1155655e+002  1.5799004e+002  1.5876469e+002
  7.5333333e-001  1.3700433e+002  1.6861813e+002  1.0929540e+002  1.5762495e+002  1.5845145e+002
  7.6000000e-001  1.3509332e+002  1.6853330e+002  1.0694527e+002  1.5725165e+002  1.5817377e+002
  7.6666667e-001  1.3307202e+002  1.6846706e+002  1.0453200e+002  1.5685182e+002  1.5791135e+002
  7.7333333e-001  1.3100491e+002  1.6843073e+002  1.0203502e+002  1.5646670e+002  1.5767345e+002
  7.8000000e-001  1.2895254e+002  1.6840921e+002  9.9454384e+001  1.5610570e+002  1.5741919e+002
  7.8666667e-001  1.2691324e+002  1.6842462e+002  9.6835815e+001  1.5571547e+002  1.5718570e+002
  7.9333333e-001  1.2489590e+002  1.6846481e+002  9.4271774e+001  1.5538707e+002  1.5697733e+002
  8.0000000e-001  1.2292637e+002  1.6849098e+002  9.1792091e+001  1.5505560e+002  1.5677377e+002
  8.0666667e-001  1.2100987e+002  1.6853128e+002  8.9442574e+001  1.5475207e+002  1.5655847e+002
  8.1333333e-001  1.1914530e+002  1.6859225e+002  8.7228790e+001  1.5448216e+002  1.5637843e+002
  8.2000000e-001  1.1732131e+002  1.6864908e+002  8.5143242e+001  1.5419794e+002  1.5615948e+002
  8.2666667e-001  1.1552398e+002  1.6871692e+002  8.3220604e+001  1.5391043e+002  1.5596019e+002
  8.3333333e-001  1.1379325e+002  1.6880069e+002  8.1538406e+001  1.5363973e+002  1.5580081e+002
  8.4000000e-001  1.1210166e+002  1.6889000e+002  8.0052505e+001  1.5340224e+002  1.5562912e+002
  8.4666667e-001  1.1043122e+002  1.6899866e+002  7.8776474e+001  1.5315309e+002  1.5548587e+002
  8.5333333e-001  1.0875801e+002  1.6909451e+002  7.7672546e+001  1.5292421e+002  1.5533536e+002
  8.6000000e-001  1.0710765e+002  1.6922378e+002  7.6605644e+001  1.5269945e+002  1.5522318e+002
  8.6666667e-001  1.0540814e+002  1.6935678e+002  7.5616318e+001  1.5249808e+002  1.5512697e+002
  8.7333333e-001  1.0379977e+002  1.6950266e+002  7.4710495e+001  1.5233130e+002  1.5502521e+002
  8.8000000e-001  1.0224882e+002  1.6965469e+002  7.3843628e+001  1.5219032e+002  1.5493953e+002
  8.8666667e-001  1.0065624e+002  1.6983524e+002  7.3050316e+001  1.5209149e+002  1.5486591e+002
  8.9333333e-001  9.9165619e+001  1.7004039e+002  7.2374924e+001  1.5202202e+002  1.5480948e+002
  9.0000000e-001  9.7851631e+001  1.7024030e+002  7.1821861e+001  1.5195218e+002  1.5475723e+002
  9.0666667e-001  9.6704987e+001  1.7044643e+002  7.1424385e+001  1.5188898e+002  1.5473929e+002
  9.1333333e-001  9.5700699e+001  1.7068477e+002  7.1188744e+001  1.5187114e+002  1.5475629e+002
  9.2000000e-001  9.4888283e+001  1.7090669e+002  7.1065575e+001  1.5186447e+002  1.5477197e+002
  9.2666667e-001  9.4312386e+001  1.7114746e+002  7.1095711e+001  1.5183435e+002  1.5480835e+002
  9.3333333e-001  9.3772888e+001  1.7139331e+002  7.1283943e+001  1.5183655e+002  1.5484738e+002
  9.4000000e-001  9.3298004e+001  1.7162431e+002  7.1652466e+001  1.5179948e+002  1.5487984e+002
  9.4666667e-001  9.2930717e+001  1.7182553e+002  7.2138222e+001  1.5179925e+002  1.5493347e+002
  9.5333333e-001  9.2670349e+001  1.7202870e+002  7.2632751e+001  1.5180512e+002  1.5497630e+002
  9.6000000e-001  9.2534042e+001  1.7228616e+002  7.2551414e+001  1.5180377e+002  1.5502719e+002
  9.6666667e-001  9.2500381e+001  1.7254477e+002  7.3082756e+001  1.5179474e+002  1.5506989e+002
  9.7333333e-001  9.2485779e+001  1.7276337e+002  7.4386406e+001  1.5181596e+002  1.5513182e+002
  9.8000000e-001  9.2513184e+001  1.7304192e+002  7.4926506e+001  1.5188680e+002  1.5522441e+002
  9.8666667e-001  9.2677086e+001  1.7331570e+002  7.5582047e+001  1.5196252e+002  1.5532877e+002
  9.9333333e-001  9.2869148e+001  1.7360490e+002  7.6348343e+001  1.5204160e+002  1.5545786e+002
  1.0000000e+000  9.2105896e+001  1.7388905e+002  7.7057968e+001  1.5212495e+002  1.5559766e+002
  1.0066667e+000  9.3760155e+001  1.7415660e+002  7.7829971e+001  1.5225884e+002  1.5571382e+002
  1.0133333e+000  9.4313934e+001  1.7446033e+002  7.8682549e+001  1.5237369e+002  1.5589094e+002
  1.0200000e+000  9.5005623e+001  1.7475548e+002  7.9653336e+001  1.5251393e+002  1.5606813e+002
  1.0266667e+000  9.5936005e+001  1.7506943e+002  8.0843498e+001  1.5268951e+002  1.5626027e+002
  1.0333333e+000  9.6923653e+001  1.7537207e+002  8.2174034e+001  1.5289737e+002  1.5648859e+002
  1.0400000e+000  9.7991196e+001  1.7569586e+002  8.3569893e+001  1.5314613e+002  1.5672713e+002
  1.0466667e+000  9.9290726e+001  1.7609352e+002  8.5146835e+001  1.5339528e+002  1.5697592e+002
  1.0533333e+000  1.0053449e+002  1.7649054e+002  8.6781799e+001  1.5363527e+002  1.5726523e+002
  1.0600000e+000  1.0195230e+002  1.7689513e+002  8.8965240e+001  1.5390559e+002  1.5756833e+002
  1.0666667e+000  1.0341383e+002  1.7733310e+002  9.0925354e+001  1.5421889e+002  1.5785925e+002
  1.0733333e+000  1.0485343e+002  1.7778069e+002  9.2123474e+001  1.5453142e+002  1.5816121e+002
  1.0800000e+000  1.0648901e+002  1.7823936e+002  9.4566521e+001  1.5486320e+002  1.5850113e+002
  1.0866667e+000  1.0843575e+002  1.7871979e+002  9.7111252e+001  1.5520482e+002  1.5882086e+002
  1.0933333e+000  1.1010886e+002  1.7917905e+002  9.9742691e+001  1.5558173e+002  1.5910950e+002
  1.1000000e+000  1.1247571e+002  1.7965730e+002  1.0229050e+002  1.5596669e+002  1.5941252e+002
  1.1066667e+000  1.1540997e+002  1.8014671e+002  1.0491399e+002  1.5639130e+002  1.5973497e+002
  1.1133333e+000  1.1800922e+002  1.8061098e+002  1.0714394e+002  1.5683199e+002  1.6006293e+002
  1.1200000e+000  1.2106679e+002  1.8108762e+002  1.0994997e+002  1.5723851e+002  1.6039464e+002
  1.1266667e+000  1.2431928e+002  1.8154483e+002  1.1296354e+002  1.5769473e+002  1.6072255e+002
  1.1333333e+000  1.2812863e+002  1.8199524e+002  1.1618771e+002  1.5814180e+002  1.6105948e+002
  1.1400000e+000  1.3197095e+002  1.8243068e+002  1.1959003e+002  1.5861984e+002  1.6142050e+002
  1.1466667e+000  1.3555487e+002  1.8284319e+002  1.2331620e+002  1.5904796e+002  1.6180185e+002
  1.1533333e+000  1.3986762e+002  1.8326929e+002  1.2782882e+002  1.5947336e+002  1.6217960e+002
  1.1600000e+000  1.4450619e+002  1.8369247e+002  1.3207098e+002  1.5992033e+002  1.6254985e+002
  1.1666667e+000  1.4905190e+002  1.8406160e+002  1.3646687e+002  1.6030388e+002  1.6293083e+002
  1.1733333e+000  1.5358284e+002  1.8440849e+002  1.4093463e+002  1.6072209e+002  1.6332172e+002
  1.1800000e+000  1.5778285e+002  1.8472621e+002  1.4535233e+002  1.6115015e+002  1.6375258e+002
  1.1866667e+000  1.6167590e+002  1.8493427e+002  1.4938681e+002  1.6163113e+002  1.6418088e+002
  1.1933333e+000  1.6530159e+002  1.8510089e+002  1.5302975e+002  1.6210695e+002  1.6458690e+002
  1.2000000e+000  1.6739563e+002  1.8523006e+002  1.5646906e+002  1.6259930e+002  1.6498119e+002
  1.2066667e+000  1.7180672e+002  1.8533582e+002  1.5983403e+002  1.6314087e+002  1.6539561e+002
  1.2133333e+000  1.7480127e+002  1.8542825e+002  1.6295239e+002  1.6366037e+002  1.6580537e+002
  1.2200000e+000  1.7758577e+002  1.8552609e+002  1.6598628e+002  1.6420349e+002  1.6619734e+002
  1.2266667e+000  1.8032262e+002  1.8566011e+002  1.6897702e+002  1.6475143e+002  1.6663029e+002
  1.2333333e+000  1.8296082e+002  1.8578407e+002  1.7183299e+002  1.6535295e+002  1.6705835e+002
  1.2400000e+000  1.8549423e+002  1.8587369e+002  1.7458563e+002  1.6597377e+002  1.6747638e+002
  1.2466667e+000  1.8796086e+002  1.8591628e+002  1.7733093e+002  1.6657297e+002  1.6792377e+002
  1.2533333e+000  1.9031491e+002  1.8591283e+002  1.7996230e+002  1.6721848e+002  1.6838281e+002
  1.2600000e+000  1.9261633e+002  1.8584737e+002  1.8256088e+002  1.6787094e+002  1.6885680e+002
  1.2666667e+000  1.9484029e+002  1.8572900e+002  1.8510230e+002  1.6854932e+002  1.6933156e+002
  1.2733333e+000  1.9693185e+002  1.8557037e+002  1.8751520e+002  1.6924165e+002  1.6981697e+002
  1.2800000e+000  1.9887297e+002  1.8537087e+002  1.8982407e+002  1.6990086e+002  1.7030385e+002
  1.2866667e+000  2.0068710e+002  1.8513621e+002  1.9199913e+002  1.7056741e+002  1.7082869e+002
  1.2933333e+000  2.0243185e+002  1.8483791e+002  1.9400099e+002  1.7123543e+002  1.7136497e+002
  1.3000000e+000  2.0405029e+002  1.8453331e+002  1.9586911e+002  1.7189638e+002  1.7188510e+002
  1.3066667e+000  2.0559784e+002  1.8414865e+002  1.9755339e+002  1.7257483e+002  1.7239432e+002
  1.3133333e+000  2.0700133e+002  1.8372772e+002  1.9908829e+002  1.7326210e+002  1.7290886e+002
  1.3200000e+000  2.0824202e+002  1.8334981e+002  2.0041867e+002  1.7397908e+002  1.7346021e+002
  1.3266667e+000  2.0934666e+002  1.8286175e+002  2.0157661e+002  1.7465820e+002  1.7396634e+002
  1.3333333e+000  2.1027765e+002  1.8233937e+002  2.0257234e+002  1.7534889e+002  1.7452225e+002
  1.3400000e+000  2.1108647e+002  1.8186870e+002  2.0340434e+002  1.7600754e+002  1.7506853e+002
  1.3466667e+000  2.1175847e+002  1.8132230e+002  2.0409093e+002  1.7666985e+002  1.7557370e+002
  1.3533333e+000  2.1223532e+002  1.8075114e+002  2.0466013e+002  1.7737520e+002  1.7606519e+002
  1.3600000e+000  2.1261832e+002  1.8017696e+002  2.0510591e+002  1.7801237e+002  1.7658728e+002
  1.3666667e+000  2.1288953e+002  1.7961047e+002  2.0547932e+002  1.7864577e+002  1.7706906e+002
  1.3733333e+000  2.1299666e+002  1.7905783e+002  2.0581422e+002  1.7927548e+002  1.7756522e+002
  1.3800000e+000  2.1293791e+002  1.7847548e+002  2.0607933e+002  1.7990466e+002  1.7807060e+002
  1.3866667e+000  2.1276518e+002  1.7795198e+002  2.0631747e+002  1.8050413e+002  1.7856191e+002
  1.3933333e+000  2.1252890e+002  1.7752466e+002  2.0650114e+002  1.8105765e+002  1.7898984e+002
  1.4000000e+000  2.1226173e+002  1.7714627e+002  2.0661809e+002  1.8161525e+002  1.7942335e+002
  1.4066667e+000  2.1196474e+002  1.7678885e+002  2.0671828e+002  1.8217001e+002  1.7983804e+002
  1.4133333e+000  2.1159528e+002  1.7643756e+002  2.0678658e+002  1.8275517e+002  1.8022789e+002
  1.4200000e+000  2.1120558e+002  1.7615289e+002  2.0681778e+002  1.8334857e+002  1.8062906e+002
  1.4266667e+000  2.1077783e+002  1.7586636e+002  2.0681899e+002  1.8394202e+002  1.8103882e+002
  1.4333333e+000  2.1026671e+002  1.7551088e+002  2.0684757e+002  1.8455295e+002  1.8143970e+002
  1.4400000e+000  2.0976900e+002  1.7450328e+002  2.0688057e+002  1.8516382e+002  1.8181508e+002
  1.4466667e+000  2.0925873e+002  1.7391739e+002  2.0689004e+002  1.8578276e+002  1.8217928e+002
  1.4533333e+000  2.0876482e+002  1.7394786e+002  2.0689661e+002  1.8642154e+002  1.8257896e+002
  1.4600000e+000  2.0823741e+002  1.7275513e+002  2.0698334e+002  1.8707665e+002  1.8297162e+002
  1.4666667e+000  2.0771147e+002  1.7212775e+002  2.0704251e+002  1.8770039e+002  1.8339059e+002
  1.4733333e+000  2.0720850e+002  1.7144707e+002  2.0702448e+002  1.8831537e+002  1.8382571e+002
  1.4800000e+000  2.0672168e+002  1.7076752e+002  2.0702345e+002  1.8889247e+002  1.8424298e+002
  1.4866667e+000  2.0620366e+002  1.7009216e+002  2.0699789e+002  1.8951785e+002  1.8465161e+002
  1.4933333e+000  2.0564905e+002  1.6941687e+002  2.0697501e+002  1.9008440e+002  1.8506578e+002
  1.5000000e+000  2.0507115e+002  1.6870543e+002  2.0691139e+002  1.9059392e+002  1.8551975e+002
  1.5066667e+000  2.0449895e+002  1.6797369e+002  2.0682141e+002  1.9109442e+002  1.8596449e+002
  1.5133333e+000  2.0393408e+002  1.6726572e+002  2.0675374e+002  1.9158426e+002  1.8636168e+002
  1.5200000e+000  2.0336168e+002  1.6660136e+002  2.0665199e+002  1.9209796e+002  1.8676675e+002
  1.5266667e+000  2.0277747e+002  1.6598427e+002  2.0648309e+002  1.9256753e+002  1.8717850e+002
  1.5333333e+000  2.0227164e+002  1.6540703e+002  2.0631592e+002  1.9301274e+002  1.8756291e+002
  1.5400000e+000  2.0182620e+002  1.6492804e+002  2.0611545e+002  1.9344316e+002  1.8795396e+002
  1.5466667e+000  2.0134940e+002  1.6444669e+002  2.0589140e+002  1.9386963e+002  1.8832507e+002
  1.5533333e+000  2.0084274e+002  1.6404425e+002  2.0563590e+002  1.9431593e+002  1.8869159e+002
  1.5600000e+000  2.0039610e+002  1.6364403e+002  2.0531590e+002  1.9472112e+002  1.8903714e+002
  1.5666667e+000  2.0002248e+002  1.6323920e+002  2.0496490e+002  1.9509369e+002  1.8941248e+002
  1.5733333e+000  1.9968675e+002  1.6288979e+002  2.0462941e+002  1.9547037e+002  1.8980789e+002
  1.5800000e+000  1.9932590e+002  1.6253691e+002  2.0426004e+002  1.9585817e+002  1.9018643e+002
  1.5866667e+000  1.9897986e+002  1.6281851e+002  2.0384465e+002  1.9621028e+002  1.9050394e+002
  1.5933333e+000  1.9866556e+002  1.6250043e+002  2.0348392e+002  1.9653827e+002  1.9083971e+002
  1.6000000e+000  1.9831804e+002  1.6103770e+002  2.0311404e+002  1.9683524e+002  1.9118514e+002
  1.6066667e+000  1.9791614e+002  1.6121930e+002  2.0271996e+002  1.9712167e+002  1.9147304e+002
  1.6133333e+000  1.9750203e+002  1.6082416e+002  2.0236667e+002  1.9741954e+002  1.9174438e+002
  1.6200000e+000  1.9709441e+002  1.6057727e+002  2.0203487e+002  1.9770474e+002  1.9201343e+002
  1.6266667e+000  1.9694353e+002  1.6034444e+002  2.0171715e+002  1.9791873e+002  1.9227066e+002
  1.6333333e+000  1.9640384e+002  1.6006462e+002  2.0140375e+002  1.9814404e+002  1.9251332e+002
  1.6400000e+000  1.9586610e+002  1.5971050e+002  2.0106650e+002  1.9833925e+002  1.9273326e+002
  1.6466667e+000  1.9544077e+002  1.5946820e+002  2.0075409e+002  1.9852573e+002  1.9296997e+002
  1.6533333e+000  1.9504933e+002  1.5931116e+002  2.0049576e+002  1.9876028e+002  1.9317041e+002
  1.6600000e+000  1.9468942e+002  1.5921738e+002  2.0022627e+002  1.9896872e+002  1.9339409e+002
  1.6666667e+000  1.9435608e+002  1.5901388e+002  1.9995525e+002  1.9915379e+002  1.9365083e+002
  1.6733333e+000  1.9408440e+002  1.5880289e+002  1.9969273e+002  1.9936585e+002  1.9387877e+002
  1.6800000e+000  1.9379576e+002  1.5871623e+002  1.9948660e+002  1.9953677e+002  1.9411153e+002
  1.6866667e+000  1.9352525e+002  1.5868607e+002  1.9931044e+002  1.9971962e+002  1.9433322e+002
  1.6933333e+000  1.9335283e+002  1.5854329e+002  1.9908473e+002  1.9991434e+002  1.9454651e+002
  1.7000000e+000  1.9309094e+002  1.5831978e+002  1.9889137e+002  2.0006688e+002  1.9477658e+002
  1.7066667e+000  1.9286703e+002  1.5817871e+002  1.9871043e+002  2.0018339e+002  1.9499287e+002
  1.7133333e+000  1.9273048e+002  1.5826300e+002  1.9852538e+002  2.0031457e+002  1.9521072e+002
  1.7200000e+000  1.9253279e+002  1.5843665e+002  1.9851398e+002  2.0046248e+002  1.9538292e+002
  1.7266667e+000  1.9241873e+002  0.0000000e+000  1.9830846e+002  2.0058536e+002  1.9555928e+002
  1.7333333e+000  1.9231807e+002  0.0000000e+000  1.9794844e+002  2.0066058e+002  1.9574048e+002
  1.7400000e+000  1.9157425e+002  0.0000000e+000  1.9775253e+002  2.0070325e+002  1.9589716e+002
  1.7466667e+000  1.9143588e+002  0.0000000e+000  1.9767151e+002  2.0076132e+002  1.9607956e+002
  1.7533333e+000  1.9133205e+002  0.0000000e+000  1.9743517e+002  2.0083029e+002  1.9625374e+002
  1.7600000e+000  1.9113687e+002  0.0000000e+000  1.9723668e+002  2.0084488e+002  1.9642067e+002
  1.7666667e+000  1.9099171e+002  0.0000000e+000  1.9685084e+002  2.0082799e+002  1.9661009e+002
  1.7733333e+000  1.9082117e+002  0.0000000e+000  1.9674522e+002  2.0084488e+002  1.9678285e+002
  1.7800000e+000  1.9067119e+002  0.0000000e+000  1.9652101e+002  2.0086778e+002  1.9695970e+002
  1.7866667e+000  1.9062470e+002  0.0000000e+000  1.9631712e+002  2.0088606e+002  1.9714110e+002
  1.7933333e+000  1.9055559e+002  0.0000000e+000  1.9599414e+002  2.0086946e+002  1.9728764e+002
  1.8000000e+000  1.9038876e+002  0.0000000e+000  1.9601962e+002  2.0082579e+002  1.9747726e+002
  1.8066667e+000  1.9032768e+002  0.0000000e+000  1.9588594e+002  2.0076344e+002  1.9764478e+002
  1.8133333e+000  1.9026479e+002  0.0000000e+000  1.9577225e+002  2.0069116e+002  1.9777208e+002
  1.8200000e+000  1.9014270e+002  0.0000000e+000  1.9563272e+002  2.0063036e+002  1.9790598e+002
  1.8266667e+000  1.9004204e+002  0.0000000e+000  1.9549213e+002  2.0055907e+002  1.9798999e+002
  1.8333333e+000  1.8998221e+002  0.0000000e+000  1.9542329e+002  2.0048856e+002  1.9806241e+002
  1.8400000e+000  1.8986621e+002  0.0000000e+000  1.9535757e+002  2.0039479e+002  1.9816991e+002
  1.8466667e+000  1.8980246e+002  0.0000000e+000  1.9530972e+002  2.0025795e+002  1.9824449e+002
  1.8533333e+000  1.8980377e+002  0.0000000e+000  1.9527409e+002  2.0018878e+002  1.9830550e+002
  1.8600000e+000  1.8977249e+002  0.0000000e+000  1.9520961e+002  2.0012370e+002  1.9835969e+002
  1.8666667e+000  1.8962842e+002  0.0000000e+000  1.9516142e+002  2.0004646e+002  1.9840202e+002
  1.8733333e+000  1.8952081e+002  0.0000000e+000  1.9510175e+002  1.9994180e+002  1.9843175e+002
  1.8800000e+000  1.8952922e+002  0.0000000e+000  1.9510463e+002  1.9982960e+002  1.9842700e+002
  1.8866667e+000  1.8950655e+002  0.0000000e+000  1.9511505e+002  1.9972385e+002  1.9844083e+002
  1.8933333e+000  1.8947850e+002  0.0000000e+000  1.9505228e+002  1.9963370e+002  1.9841780e+002
  1.9000000e+000  1.8948463e+002  0.0000000e+000  1.9500291e+002  1.9952896e+002  1.9838207e+002
  1.9066667e+000  1.8947354e+002  0.0000000e+000  1.9496669e+002  1.9940973e+002  1.9836034e+002
  1.9133333e+000  1.8945923e+002  0.0000000e+000  1.9494144e+002  1.9932610e+002  1.9828165e+002
  1.9200000e+000  1.8941827e+002  0.0000000e+000  1.9491115e+002  1.9924535e+002  1.9819800e+002
  1.9266667e+000  1.8939386e+002  0.0000000e+000  1.9488268e+002  1.9912642e+002  1.9814882e+002
  1.9333333e+000  1.8932638e+002  0.0000000e+000  1.9484608e+002  1.9898244e+002  1.9809221e+002
  1.9400000e+000  1.8928075e+002  0.0000000e+000  1.9481519e+002  1.9884654e+002  1.9801082e+002
  1.9466667e+000  1.8933810e+002  0.0000000e+000  1.9416470e+002  1.9874846e+002  1.9789641e+002
  1.9533333e+000  1.8945189e+002  0.0000000e+000  1.9419392e+002  1.9867061e+002  1.9780879e+002
  1.9600000e+000  1.8946565e+002  0.0000000e+000  1.9467818e+002  1.9817204e+002  1.9771364e+002
  1.9666667e+000  1.8942514e+002  0.0000000e+000  1.9463170e+002  1.9845668e+002  1.9759843e+002
  1.9733333e+000  1.8951370e+002  0.0000000e+000  1.9461585e+002  1.9832781e+002  1.9750380e+002
  1.9800000e+000  1.8960417e+002  0.0000000e+000  1.9408562e+002  1.9819739e+002  1.9740634e+002
  1.9866667e+000  1.8963031e+002  0.0000000e+000  1.9405522e+002  1.9812172e+002  1.9731397e+002
  1.9933333e+000  1.8963640e+002  1.8053336e+002  1.9438347e+002  1.9801759e+002  1.9721634e+002
  2.0000000e+000  1.8970479e+002  0.0000000e+000  1.9433990e+002  1.9792290e+002  1.9706245e+002
