 -5.0000000e-001  1.3510022e+002  1.3448798e+002  1.3679146e+002  1.3492824e+002  1.3657134e+002  1.3499232e+002  1.3750478e+002  1.3487192e+002
 -4.9333333e-001  1.3511685e+002  1.3449936e+002  1.3679656e+002  1.3492810e+002  1.3659192e+002  1.3498625e+002  1.3750363e+002  1.3487018e+002
 -4.8666667e-001  1.3512141e+002  1.3449690e+002  1.3680392e+002  1.3489600e+002  1.3658582e+002  1.3498612e+002  1.3752809e+002  1.3488487e+002
 -4.8000000e-001  1.3510844e+002  1.3449399e+002  1.3679997e+002  1.3486853e+002  1.3661093e+002  1.3499190e+002  1.3753011e+002  1.3486870e+002
 -4.7333333e-001  1.3509010e+002  1.3449863e+002  1.3679452e+002  1.3489064e+002  1.3661810e+002  1.3497818e+002  1.3753894e+002  1.3484689e+002
 -4.6666667e-001  1.3508302e+002  1.3450961e+002  1.3680420e+002  1.3488722e+002  1.3659517e+002  1.3497301e+002  1.3754137e+002  1.3486325e+002
 -4.6000000e-001  1.3507683e+002  1.3451177e+002  1.3679099e+002  1.3489604e+002  1.3662441e+002  1.3498228e+002  1.3755981e+002  1.3484930e+002
 -4.5333333e-001  1.3506410e+002  1.3452182e+002  1.3678420e+002  1.3488413e+002  1.3664841e+002  1.3499092e+002  1.3754001e+002  1.3485068e+002
 -4.4666667e-001  1.3508035e+002  1.3451247e+002  1.3677061e+002  1.3487839e+002  1.3666336e+002  1.3500246e+002  1.3754524e+002  1.3484972e+002
 -4.4000000e-001  1.3507796e+002  1.3453639e+002  1.3677339e+002  1.3487668e+002  1.3665807e+002  1.3498036e+002  1.3754973e+002  1.3484680e+002
 -4.3333333e-001  1.3506926e+002  1.3453220e+002  1.3680820e+002  1.3485832e+002  1.3664355e+002  1.3496358e+002  1.3757613e+002  1.3484360e+002
 -4.2666667e-001  1.3508861e+002  1.3452454e+002  1.3682004e+002  1.3486966e+002  1.3663483e+002  1.3499487e+002  1.3759258e+002  1.3484610e+002
 -4.2000000e-001  1.3507785e+002  1.3451436e+002  1.3681480e+002  1.3485849e+002  1.3662312e+002  1.3503995e+002  1.3758788e+002  1.3485027e+002
 -4.1333333e-001  1.3504643e+002  1.3453069e+002  1.3681313e+002  1.3485086e+002  1.3663976e+002  1.3502214e+002  1.3757896e+002  1.3484920e+002
 -4.0666667e-001  1.3504283e+002  1.3452823e+002  1.3681459e+002  1.3484937e+002  1.3662563e+002  1.3499799e+002  1.3757460e+002  1.3484012e+002
 -4.0000000e-001  1.3505115e+002  1.3451651e+002  1.3679755e+002  1.3484522e+002  1.3662662e+002  1.3501334e+002  1.3758550e+002  1.3483365e+002
 -3.9333333e-001  1.3504366e+002  1.3450868e+002  1.3679198e+002  1.3482263e+002  1.3665779e+002  1.3500063e+002  1.3757922e+002  1.3482729e+002
 -3.8666667e-001  1.3504077e+002  1.3451807e+002  1.3678653e+002  1.3483104e+002  1.3667122e+002  1.3498743e+002  1.3757666e+002  1.3482802e+002
 -3.8000000e-001  1.3505154e+002  1.3453294e+002  1.3679982e+002  1.3482729e+002  1.3664232e+002  1.3501080e+002  1.3757524e+002  1.3481967e+002
 -3.7333333e-001  1.3503920e+002  1.3452411e+002  1.3681821e+002  1.3482873e+002  1.3664502e+002  1.3503001e+002  1.3758876e+002  1.3478569e+002
 -3.6666667e-001  1.3505389e+002  1.3452719e+002  1.3679533e+002  1.3482517e+002  1.3664946e+002  1.3501204e+002  1.3761255e+002  1.3476688e+002
 -3.6000000e-001  1.3503999e+002  1.3451355e+002  1.3680885e+002  1.3484578e+002  1.3662923e+002  1.3502342e+002  1.3761617e+002  1.3476325e+002
 -3.5333333e-001  1.3503934e+002  1.3452010e+002  1.3680324e+002  1.3483945e+002  1.3664740e+002  1.3503633e+002  1.3762291e+002  1.3477193e+002
 -3.4666667e-001  1.3506604e+002  1.3451016e+002  1.3677802e+002  1.3482893e+002  1.3664253e+002  1.3502751e+002  1.3762213e+002  1.3477124e+002
 -3.4000000e-001  1.3506632e+002  1.3448598e+002  1.3679588e+002  1.3482762e+002  1.3666135e+002  1.3500713e+002  1.3760675e+002  1.3474188e+002
 -3.3333333e-001  1.3506369e+002  1.3449812e+002  1.3678566e+002  1.3483727e+002  1.3666151e+002  1.3501443e+002  1.3759283e+002  1.3473338e+002
 -3.2666667e-001  1.3506366e+002  1.3451730e+002  1.3680966e+002  1.3484242e+002  1.3665448e+002  1.3501593e+002  1.3756610e+002  1.3470570e+002
 -3.2000000e-001  1.3507336e+002  1.3449721e+002  1.3682054e+002  1.3482344e+002  1.3666287e+002  1.3502466e+002  1.3759396e+002  1.3472339e+002
 -3.1333333e-001  1.3504633e+002  1.3448877e+002  1.3680568e+002  1.3483455e+002  1.3665922e+002  1.3502435e+002  1.3759084e+002  1.3470322e+002
 -3.0666667e-001  1.3504835e+002  1.3450058e+002  1.3679132e+002  1.3483810e+002  1.3663039e+002  1.3502762e+002  1.3758939e+002  1.3470189e+002
 -3.0000000e-001  1.3505795e+002  1.3449448e+002  1.3677657e+002  1.3483752e+002  1.3664658e+002  1.3500531e+002  1.3758964e+002  1.3468137e+002
 -2.9333333e-001  1.3506673e+002  1.3449957e+002  1.3676726e+002  1.3485616e+002  1.3665585e+002  1.3499162e+002  1.3761038e+002  1.3467302e+002
 -2.8666667e-001  1.3504964e+002  1.3448424e+002  1.3678493e+002  1.3486267e+002  1.3665918e+002  1.3498348e+002  1.3758015e+002  1.3468085e+002
 -2.8000000e-001  1.3504244e+002  1.3449342e+002  1.3679338e+002  1.3486328e+002  1.3665573e+002  1.3499680e+002  1.3758705e+002  1.3468341e+002
 -2.7333333e-001  1.3505147e+002  1.3449194e+002  1.3677789e+002  1.3483868e+002  1.3666823e+002  1.3499435e+002  1.3757327e+002  1.3467152e+002
 -2.6666667e-001  1.3503343e+002  1.3446545e+002  1.3677231e+002  1.3486729e+002  1.3666419e+002  1.3500066e+002  1.3756641e+002  1.3466968e+002
 -2.6000000e-001  1.3502834e+002  1.3446910e+002  1.3675508e+002  1.3486043e+002  1.3664922e+002  1.3501712e+002  1.3759189e+002  1.3466525e+002
 -2.5333333e-001  1.3504132e+002  1.3448242e+002  1.3677101e+002  1.3485663e+002  1.3665472e+002  1.3499870e+002  1.3758878e+002  1.3464835e+002
 -2.4666667e-001  1.3503607e+002  1.3448929e+002  1.3677347e+002  1.3485501e+002  1.3665149e+002  1.3499799e+002  1.3758783e+002  1.3465134e+002
 -2.4000000e-001  1.3506496e+002  1.3448080e+002  1.3677455e+002  1.3487633e+002  1.3663386e+002  1.3501639e+002  1.3760567e+002  1.3466184e+002
 -2.3333333e-001  1.3506081e+002  1.3449364e+002  1.3676494e+002  1.3488246e+002  1.3664414e+002  1.3500684e+002  1.3760155e+002  1.3463728e+002
 -2.2666667e-001  1.3506139e+002  1.3447943e+002  1.3675630e+002  1.3488754e+002  1.3664032e+002  1.3500290e+002  1.3758122e+002  1.3463535e+002
 -2.2000000e-001  1.3504123e+002  1.3446277e+002  1.3675330e+002  1.3488181e+002  1.3664571e+002  1.3506194e+002  1.3758664e+002  1.3463727e+002
 -2.1333333e-001  1.3504117e+002  1.3448392e+002  1.3674278e+002  1.3487851e+002  1.3664366e+002  1.3505788e+002  1.3758450e+002  1.3461940e+002
 -2.0666667e-001  1.3504155e+002  1.3446654e+002  1.3672160e+002  1.3487474e+002  1.3663684e+002  1.3504359e+002  1.3759253e+002  1.3460794e+002
 -2.0000000e-001  1.3505164e+002  1.3448718e+002  1.3675995e+002  1.3488394e+002  1.3662785e+002  1.3506982e+002  1.3761353e+002  1.3460356e+002
 -1.9333333e-001  1.3503662e+002  1.3448433e+002  1.3675501e+002  1.3486958e+002  1.3662689e+002  1.3506683e+002  1.3762572e+002  1.3461578e+002
 -1.8666667e-001  1.3502547e+002  1.3447354e+002  1.3673706e+002  1.3488855e+002  1.3663522e+002  1.3506076e+002  1.3761955e+002  1.3461391e+002
 -1.8000000e-001  1.3500775e+002  1.3449223e+002  1.3673526e+002  1.3490292e+002  1.3661350e+002  1.3507369e+002  1.3760136e+002  1.3460809e+002
 -1.7333333e-001  1.3499918e+002  1.3448900e+002  1.3673122e+002  1.3489890e+002  1.3660927e+002  1.3507457e+002  1.3760584e+002  1.3461165e+002
 -1.6666667e-001  1.3499800e+002  1.3448445e+002  1.3676532e+002  1.3488815e+002  1.3660664e+002  1.3507361e+002  1.3758363e+002  1.3461934e+002
 -1.6000000e-001  1.3500452e+002  1.3447234e+002  1.3673212e+002  1.3489293e+002  1.3659227e+002  1.3507942e+002  1.3761324e+002  1.3463040e+002
 -1.5333333e-001  1.3501723e+002  1.3448666e+002  1.3671883e+002  1.3488165e+002  1.3661171e+002  1.3506606e+002  1.3761359e+002  1.3463417e+002
 -1.4666667e-001  1.3499277e+002  1.3448486e+002  1.3671828e+002  1.3487547e+002  1.3661177e+002  1.3507054e+002  1.3761234e+002  1.3460316e+002
 -1.4000000e-001  1.3496501e+002  1.3446666e+002  1.3672240e+002  1.3490965e+002  1.3659181e+002  1.3507289e+002  1.3759059e+002  1.3457517e+002
 -1.3333333e-001  1.3497104e+002  1.3450221e+002  1.3671333e+002  1.3490889e+002  1.3658197e+002  1.3505383e+002  1.3756792e+002  1.3457295e+002
 -1.2666667e-001  1.3497284e+002  1.3449887e+002  1.3671040e+002  1.3490402e+002  1.3658301e+002  1.3504529e+002  1.3757852e+002  1.3457156e+002
 -1.2000000e-001  1.3500838e+002  1.3449991e+002  1.3672720e+002  1.3490399e+002  1.3659959e+002  1.3506209e+002  1.3758301e+002  1.3459883e+002
 -1.1333333e-001  1.3499565e+002  1.3447310e+002  1.3671173e+002  1.3492975e+002  1.3661516e+002  1.3505479e+002  1.3759633e+002  1.3459863e+002
 -1.0666667e-001  1.3498833e+002  1.3446281e+002  1.3670247e+002  1.3492603e+002  1.3660216e+002  1.3508725e+002  1.3761426e+002  1.3457742e+002
 -1.0000000e-001  1.3499312e+002  1.3448114e+002  1.3669369e+002  1.3491792e+002  1.3660673e+002  1.3507350e+002  1.3759546e+002  1.3457175e+002
 -9.3333333e-002  1.3498997e+002  1.3449985e+002  1.3670750e+002  1.3491664e+002  1.3660532e+002  1.3507529e+002  1.3757362e+002  1.3456804e+002
 -8.6666667e-002  1.3501488e+002  1.3449133e+002  1.3667436e+002  1.3493594e+002  1.3659540e+002  1.3505591e+002  1.3757352e+002  1.3457851e+002
 -8.0000000e-002  1.3499603e+002  1.3450745e+002  1.3665759e+002  1.3492406e+002  1.3659294e+002  1.3504729e+002  1.3754613e+002  1.3457558e+002
 -7.3333333e-002  1.3502110e+002  1.3450238e+002  1.3666193e+002  1.3493146e+002  1.3659181e+002  1.3508135e+002  1.3754921e+002  1.3455028e+002
 -6.6666667e-002  1.3503722e+002  1.3447742e+002  1.3667061e+002  1.3493680e+002  1.3657912e+002  1.3507846e+002  1.3754300e+002  1.3453958e+002
 -6.0000000e-002  1.3503538e+002  1.3447571e+002  1.3666068e+002  1.3497258e+002  1.3656003e+002  1.3508847e+002  1.3754587e+002  1.3455945e+002
 -5.3333333e-002  1.3504039e+002  1.3449892e+002  1.3665566e+002  1.3493976e+002  1.3655804e+002  1.3510103e+002  1.3756944e+002  1.3456029e+002
 -4.6666667e-002  1.3505081e+002  1.3448498e+002  1.3664439e+002  1.3494260e+002  1.3655930e+002  1.3509137e+002  1.3756422e+002  1.3453830e+002
 -4.0000000e-002  1.3505167e+002  1.3447014e+002  1.3665929e+002  1.3495012e+002  1.3655907e+002  1.3508102e+002  1.3756255e+002  1.3455853e+002
 -3.3333333e-002  1.3504781e+002  1.3447743e+002  1.3664015e+002  1.3494421e+002  1.3657547e+002  1.3506009e+002  1.3757529e+002  1.3456105e+002
 -2.6666667e-002  1.3503560e+002  1.3446547e+002  1.3662341e+002  1.3495229e+002  1.3659142e+002  1.3507608e+002  1.3756787e+002  1.3455499e+002
 -2.0000000e-002  1.3502029e+002  1.3445737e+002  1.3661144e+002  1.3494844e+002  1.3656641e+002  1.3508714e+002  1.3753754e+002  1.3457112e+002
 -1.3333333e-002  1.3500992e+002  1.3445801e+002  1.3661793e+002  1.3497035e+002  1.3656276e+002  1.3507964e+002  1.3754874e+002  1.3455887e+002
 -6.6666667e-003  1.3502869e+002  1.3447099e+002  1.3661586e+002  1.3495441e+002  1.3656374e+002  1.3508342e+002  1.3756697e+002  1.3453256e+002
  0.0000000e+000  1.3501874e+002  1.3448628e+002  1.3660161e+002  1.3496025e+002  1.3656462e+002  1.3507602e+002  1.3755785e+002  1.3454155e+002
  6.6666667e-003  1.3501866e+002  1.3447447e+002  1.3662665e+002  1.3498790e+002  1.3656310e+002  1.3506767e+002  1.3754135e+002  1.3454912e+002
  1.3333333e-002  1.3502278e+002  1.3448851e+002  1.3661977e+002  1.3499336e+002  1.3655934e+002  1.3507637e+002  1.3754814e+002  1.3451671e+002
  2.0000000e-002  1.3500974e+002  1.3446642e+002  1.3661383e+002  1.3499368e+002  1.3655815e+002  1.3508609e+002  1.3754985e+002  1.3451840e+002
  2.6666667e-002  1.3499300e+002  1.3448624e+002  1.3661263e+002  1.3499200e+002  1.3656323e+002  1.3510181e+002  1.3755051e+002  1.3454370e+002
  3.3333333e-002  1.3502151e+002  1.3449176e+002  1.3662004e+002  1.3499846e+002  1.3657838e+002  1.3512930e+002  1.3756905e+002  1.3457660e+002
  4.0000000e-002  1.3504834e+002  1.3450026e+002  1.3664487e+002  1.3503027e+002  1.3657153e+002  1.3515735e+002  1.3759157e+002  1.3458923e+002
  4.6666667e-002  1.3507059e+002  1.3453088e+002  1.3667381e+002  1.3505772e+002  1.3658804e+002  1.3518021e+002  1.3759117e+002  1.3459479e+002
  5.3333333e-002  1.3509073e+002  1.3457980e+002  1.3669275e+002  1.3509224e+002  1.3660226e+002  1.3520612e+002  1.3762422e+002  1.3463628e+002
  6.0000000e-002  1.3512053e+002  1.3462964e+002  1.3672447e+002  1.3512616e+002  1.3662694e+002  1.3525174e+002  1.3763709e+002  1.3466275e+002
  6.6666667e-002  1.3514073e+002  1.3463751e+002  1.3677846e+002  1.3514914e+002  1.3664426e+002  1.3528403e+002  1.3764218e+002  1.3469119e+002
  7.3333333e-002  1.3517497e+002  1.3467842e+002  1.3680589e+002  1.3520355e+002  1.3665338e+002  1.3533290e+002  1.3770245e+002  1.3471462e+002
  8.0000000e-002  1.3520271e+002  1.3472771e+002  1.3687978e+002  1.3523879e+002  1.3665407e+002  1.3539638e+002  1.3777519e+002  1.3476028e+002
  8.6666667e-002  1.3525781e+002  1.3474779e+002  1.3690724e+002  1.3528803e+002  1.3669670e+002  1.3546500e+002  1.3777902e+002  1.3478332e+002
  9.3333333e-002  1.3529324e+002  1.3476997e+002  1.3696979e+002  1.3534224e+002  1.3673819e+002  1.3556512e+002  1.3778534e+002  1.3481924e+002
  1.0000000e-001  1.3532922e+002  1.3477992e+002  1.3703465e+002  1.3538751e+002  1.3677716e+002  1.3567334e+002  1.3782018e+002  1.3488330e+002
  1.0666667e-001  1.3539761e+002  1.3484010e+002  1.3709953e+002  1.3544705e+002  1.3681014e+002  1.3577881e+002  1.3789771e+002  1.3491980e+002
  1.1333333e-001  1.3545061e+002  1.3491043e+002  1.3720348e+002  1.3544594e+002  1.3684834e+002  1.3581360e+002  1.3798080e+002  1.3499159e+002
  1.2000000e-001  1.3555002e+002  1.3501193e+002  1.3731963e+002  1.3548782e+002  1.3694563e+002  1.3584169e+002  1.3809792e+002  1.3507323e+002
  1.2666667e-001  1.3571735e+002  1.3514317e+002  1.3752075e+002  1.3554042e+002  1.3704305e+002  1.3588611e+002  1.3824689e+002  1.3515626e+002
  1.3333333e-001  1.3598068e+002  1.3535277e+002  1.3775020e+002  1.3557629e+002  1.3711482e+002  1.3595522e+002  1.3847215e+002  1.3527507e+002
  1.4000000e-001  1.3625252e+002  1.3559560e+002  1.3799037e+002  1.3568218e+002  1.3718623e+002  1.3605296e+002  1.3872124e+002  1.3540970e+002
  1.4666667e-001  1.3650978e+002  1.3579953e+002  1.3818495e+002  1.3585698e+002  1.3723261e+002  1.3624825e+002  1.3895766e+002  1.3562029e+002
  1.5333333e-001  1.3677997e+002  1.3599060e+002  1.3835095e+002  1.3606700e+002  1.3731020e+002  1.3647116e+002  1.3913681e+002  1.3588072e+002
  1.6000000e-001  1.3701498e+002  1.3618715e+002  1.3850824e+002  1.3631206e+002  1.3745712e+002  1.3670599e+002  1.3932692e+002  1.3615274e+002
  1.6666667e-001  1.3728163e+002  1.3639140e+002  1.3867183e+002  1.3660346e+002  1.3764006e+002  1.3697720e+002  1.3954352e+002  1.3643765e+002
  1.7333333e-001  1.3764531e+002  1.3658237e+002  1.3880237e+002  1.3686095e+002  1.3787834e+002  1.3727043e+002  1.3974379e+002  1.3671490e+002
  1.8000000e-001  1.3801755e+002  1.3682147e+002  1.3895769e+002  1.3713434e+002  1.3812579e+002  1.3762553e+002  1.3996130e+002  1.3700989e+002
  1.8666667e-001  1.3837842e+002  1.3708621e+002  1.3914107e+002  1.3742793e+002  1.3841025e+002  1.3802495e+002  1.4015201e+002  1.3735733e+002
  1.9333333e-001  1.3869537e+002  1.3730995e+002  1.3928458e+002  1.3772293e+002  1.3872800e+002  1.3834386e+002  1.4034012e+002  1.3770587e+002
  2.0000000e-001  1.3894797e+002  1.3756367e+002  1.3942246e+002  1.3789740e+002  1.3903088e+002  1.3867477e+002  1.4058315e+002  1.3802878e+002
  2.0666667e-001  1.3918713e+002  1.3781094e+002  1.3955046e+002  1.3791522e+002  1.3936762e+002  1.3903009e+002  1.4090729e+002  1.3832956e+002
  2.1333333e-001  1.3941527e+002  1.3803479e+002  1.3960707e+002  1.3786879e+002  1.3969063e+002  1.3933948e+002  1.4113850e+002  1.3862410e+002
  2.2000000e-001  1.3964252e+002  1.3829428e+002  1.3965021e+002  1.3783998e+002  1.4004742e+002  1.3967209e+002  1.4132213e+002  1.3892218e+002
  2.2666667e-001  1.3979646e+002  1.3848859e+002  1.3967795e+002  1.3784268e+002  1.4049881e+002  1.3996159e+002  1.4147708e+002  1.3921370e+002
  2.3333333e-001  1.3993265e+002  1.3864861e+002  1.3967618e+002  1.3781148e+002  1.4098282e+002  1.4025729e+002  1.4160580e+002  1.3945537e+002
  2.4000000e-001  1.4007542e+002  1.3877418e+002  1.3960324e+002  1.3777838e+002  1.4152431e+002  1.4051283e+002  1.4178165e+002  1.3964981e+002
  2.4666667e-001  1.4013953e+002  1.3892459e+002  1.3954974e+002  1.3772450e+002  1.4203658e+002  1.4073296e+002  1.4207567e+002  1.3985219e+002
  2.5333333e-001  1.4015242e+002  1.3902049e+002  1.3952016e+002  1.3766010e+002  1.4259468e+002  1.4088316e+002  1.4243616e+002  1.3999793e+002
  2.6000000e-001  1.4025681e+002  1.3910382e+002  1.3950508e+002  1.3761525e+002  1.4309863e+002  1.4098332e+002  1.4277838e+002  1.4018610e+002
  2.6666667e-001  1.4041422e+002  1.3920032e+002  1.3949498e+002  1.3756778e+002  1.4356502e+002  1.4109407e+002  1.4309407e+002  1.4040067e+002
  2.7333333e-001  1.4059679e+002  1.3937004e+002  1.3953337e+002  1.3750816e+002  1.4396533e+002  1.4120548e+002  1.4337894e+002  1.4069428e+002
  2.8000000e-001  1.4081470e+002  1.3950314e+002  1.3959950e+002  1.3749382e+002  1.4432486e+002  1.4129874e+002  1.4362242e+002  1.4103380e+002
  2.8666667e-001  1.4108592e+002  1.3964237e+002  1.3966982e+002  1.3758484e+002  1.4464905e+002  1.4139377e+002  1.4392592e+002  1.4141437e+002
  2.9333333e-001  1.4135800e+002  1.3981915e+002  1.3980186e+002  1.3773901e+002  1.4491180e+002  1.4147517e+002  1.4422720e+002  1.4183304e+002
  3.0000000e-001  1.4166075e+002  1.3999075e+002  1.3991269e+002  1.3788651e+002  1.4518697e+002  1.4158557e+002  1.4448434e+002  1.4224422e+002
  3.0666667e-001  1.4202647e+002  1.4021097e+002  1.4005975e+002  1.3805704e+002  1.4546014e+002  1.4172003e+002  1.4483382e+002  1.4269897e+002
  3.1333333e-001  1.4239566e+002  1.4044930e+002  1.4021490e+002  1.3822292e+002  1.4565543e+002  1.4190256e+002  1.4532089e+002  1.4320769e+002
  3.2000000e-001  1.4272241e+002  1.4068961e+002  1.4037769e+002  1.3839862e+002  1.4585402e+002  1.4207605e+002  1.4591782e+002  1.4377184e+002
  3.2666667e-001  1.4304598e+002  1.4096364e+002  1.4059932e+002  1.3866551e+002  1.4607394e+002  1.4223244e+002  1.4657883e+002  1.4439133e+002
  3.3333333e-001  1.4335948e+002  1.4126682e+002  1.4092053e+002  1.3903430e+002  1.4619434e+002  1.4238295e+002  1.4730745e+002  1.4506905e+002
  3.4000000e-001  1.4369925e+002  1.4153380e+002  1.4131638e+002  1.3949780e+002  1.4625842e+002  1.4257016e+002  1.4803906e+002  1.4571376e+002
  3.4666667e-001  1.4402716e+002  1.4166113e+002  1.4173804e+002  1.4013562e+002  1.4625803e+002  1.4283792e+002  1.4877698e+002  1.4638117e+002
  3.5333333e-001  1.4432631e+002  1.4172374e+002  1.4224081e+002  1.4086848e+002  1.4620048e+002  1.4316518e+002  1.4943028e+002  1.4697745e+002
  3.6000000e-001  1.4457831e+002  1.4168646e+002  1.4282246e+002  1.4164397e+002  1.4613419e+002  1.4348022e+002  1.5001344e+002  1.4748154e+002
  3.6666667e-001  1.4480763e+002  1.4160541e+002  1.4335901e+002  1.4240474e+002  1.4605360e+002  1.4380573e+002  1.5046156e+002  1.4784847e+002
  3.7333333e-001  1.4505135e+002  1.4148044e+002  1.4385638e+002  1.4314388e+002  1.4590807e+002  1.4409761e+002  1.5068735e+002  1.4814490e+002
  3.8000000e-001  1.4523074e+002  1.4132295e+002  1.4432210e+002  1.4376329e+002  1.4575159e+002  1.4434868e+002  1.5070633e+002  1.4825198e+002
  3.8666667e-001  1.4530075e+002  1.4112259e+002  1.4471930e+002  1.4429887e+002  1.4552702e+002  1.4468175e+002  1.5048291e+002  1.4817378e+002
  3.9333333e-001  1.4528732e+002  1.4089975e+002  1.4508171e+002  1.4465912e+002  1.4531654e+002  1.4517351e+002  1.5006735e+002  1.4798387e+002
  4.0000000e-001  1.4522761e+002  1.4071065e+002  1.4549153e+002  1.4491339e+002  1.4512465e+002  1.4578250e+002  1.4976387e+002  1.4769769e+002
  4.0666667e-001  1.4512338e+002  1.4061914e+002  1.4586870e+002  1.4508055e+002  1.4499312e+002  1.4623143e+002  1.4971265e+002  1.4738074e+002
  4.1333333e-001  1.4502867e+002  1.4063690e+002  1.4621704e+002  1.4521584e+002  1.4494807e+002  1.4638582e+002  1.4977328e+002  1.4713016e+002
  4.2000000e-001  1.4493614e+002  1.4075159e+002  1.4660107e+002  1.4532822e+002  1.4497789e+002  1.4634227e+002  1.4971445e+002  1.4697453e+002
  4.2666667e-001  1.4487988e+002  1.4092050e+002  1.4693668e+002  1.4550645e+002  1.4505258e+002  1.4632408e+002  1.4947408e+002  1.4690070e+002
  4.3333333e-001  1.4489082e+002  1.4112267e+002  1.4728386e+002  1.4581139e+002  1.4522818e+002  1.4632768e+002  1.4925600e+002  1.4685565e+002
  4.4000000e-001  1.4492844e+002  1.4130675e+002  1.4765312e+002  1.4625786e+002  1.4546344e+002  1.4635204e+002  1.4923171e+002  1.4686229e+002
  4.4666667e-001  1.4497228e+002  1.4145328e+002  1.4806184e+002  1.4677499e+002  1.4577220e+002  1.4634833e+002  1.4946886e+002  1.4687895e+002
  4.5333333e-001  1.4501506e+002  1.4157056e+002  1.4846910e+002  1.4723216e+002  1.4607797e+002  1.4617384e+002  1.4973833e+002  1.4692252e+002
  4.6000000e-001  1.4500307e+002  1.4170270e+002  1.4883672e+002  1.4765346e+002  1.4632813e+002  1.4576973e+002  1.4986534e+002  1.4695601e+002
  4.6666667e-001  1.4501065e+002  1.4186609e+002  1.4919336e+002  1.4801855e+002  1.4654094e+002  1.4526314e+002  1.4980664e+002  1.4703566e+002
  4.7333333e-001  1.4504285e+002  1.4211461e+002  1.4948529e+002  1.4829295e+002  1.4671448e+002  1.4480151e+002  1.4961073e+002  1.4718980e+002
  4.8000000e-001  1.4507605e+002  1.4238265e+002  1.4962915e+002  1.4853548e+002  1.4684491e+002  1.4431673e+002  1.4935228e+002  1.4737689e+002
  4.8666667e-001  1.4514708e+002  1.4259460e+002  1.4966133e+002  1.4880043e+002  1.4694818e+002  1.4382172e+002  1.4907507e+002  1.4756693e+002
  4.9333333e-001  1.4525758e+002  1.4277298e+002  1.4962892e+002  1.4906125e+002  1.4699670e+002  1.4336629e+002  1.4881001e+002  1.4771466e+002
  5.0000000e-001  1.4531329e+002  1.4285140e+002  1.4966995e+002  1.4935432e+002  1.4695813e+002  1.4301466e+002  1.4852267e+002  1.4780695e+002
  5.0666667e-001  1.4528174e+002  1.4290529e+002  1.4972620e+002  1.4960271e+002  1.4684470e+002  1.4271988e+002  1.4827182e+002  1.4795009e+002
  5.1333333e-001  1.4522237e+002  1.4294977e+002  1.4975323e+002  1.4973322e+002  1.4669997e+002  1.4238408e+002  1.4808063e+002  1.4810461e+002
  5.2000000e-001  1.4509876e+002  1.4288504e+002  1.4980315e+002  1.4974944e+002  1.4652728e+002  1.4206200e+002  1.4793153e+002  1.4822459e+002
  5.2666667e-001  1.4497983e+002  1.4278801e+002  1.4989673e+002  1.4964168e+002  1.4641173e+002  1.4170143e+002  1.4781563e+002  1.4832660e+002
  5.3333333e-001  1.4488425e+002  1.4266606e+002  1.4998262e+002  1.4953204e+002  1.4624251e+002  1.4139377e+002  1.4776598e+002  1.4842105e+002
  5.4000000e-001  1.4479433e+002  1.4253511e+002  1.5010323e+002  1.4933670e+002  1.4604587e+002  1.4120346e+002  1.4779007e+002  1.4847949e+002
  5.4666667e-001  1.4468051e+002  1.4238419e+002  1.5025443e+002  1.4912579e+002  1.4583971e+002  1.4114084e+002  1.4784590e+002  1.4848180e+002
  5.5333333e-001  1.4455530e+002  1.4223471e+002  1.5035347e+002  1.4881755e+002  1.4566219e+002  1.4127501e+002  1.4789323e+002  1.4845226e+002
  5.6000000e-001  1.4443825e+002  1.4208249e+002  1.5040997e+002  1.4840730e+002  1.4546527e+002  1.4151921e+002  1.4786705e+002  1.4843802e+002
  5.6666667e-001  1.4429810e+002  1.4195564e+002  1.5044975e+002  1.4800725e+002  1.4529038e+002  1.4175720e+002  1.4774509e+002  1.4835364e+002
  5.7333333e-001  1.4415750e+002  1.4183641e+002  1.5048302e+002  1.4760243e+002  1.4516484e+002  1.4193564e+002  1.4760803e+002  1.4823055e+002
  5.8000000e-001  1.4401863e+002  1.4173590e+002  1.5052127e+002  1.4725047e+002  1.4505701e+002  1.4207336e+002  1.4742598e+002  1.4808998e+002
  5.8666667e-001  1.4383874e+002  1.4166464e+002  1.5057010e+002  1.4692862e+002  1.4491342e+002  1.4211379e+002  1.4721239e+002  1.4790289e+002
  5.9333333e-001  1.4370639e+002  1.4157103e+002  1.5060509e+002  1.4662953e+002  1.4480835e+002  1.4203593e+002  1.4696797e+002  1.4775745e+002
  6.0000000e-001  1.4355888e+002  1.4148117e+002  1.5063161e+002  1.4633936e+002  1.4463361e+002  1.4184564e+002  1.4668887e+002  1.4760942e+002
  6.0666667e-001  1.4344444e+002  1.4136581e+002  1.5060301e+002  1.4605010e+002  1.4448534e+002  1.4157628e+002  1.4635750e+002  1.4749516e+002
  6.1333333e-001  1.4332945e+002  1.4123392e+002  1.5055486e+002  1.4583357e+002  1.4435555e+002  1.4118756e+002  1.4605252e+002  1.4743575e+002
  6.2000000e-001  1.4324408e+002  1.4108948e+002  1.5053845e+002  1.4563890e+002  1.4425992e+002  1.4067810e+002  1.4583469e+002  1.4732788e+002
  6.2666667e-001  1.4316492e+002  1.4097833e+002  1.5050063e+002  1.4542786e+002  1.4413579e+002  1.4007649e+002  1.4560515e+002  1.4723000e+002
  6.3333333e-001  1.4308638e+002  1.4093350e+002  1.5048521e+002  1.4515781e+002  1.4400913e+002  1.3952048e+002  1.4541672e+002  1.4715808e+002
  6.4000000e-001  1.4302782e+002  1.4084116e+002  1.5044789e+002  1.4482311e+002  1.4387558e+002  1.3909760e+002  1.4520720e+002  1.4706049e+002
  6.4666667e-001  1.4298079e+002  1.4073773e+002  1.5039218e+002  1.4442519e+002  1.4376091e+002  1.3879741e+002  1.4496077e+002  1.4697063e+002
  6.5333333e-001  1.4289807e+002  1.4062862e+002  1.5032465e+002  1.4398897e+002  1.4368767e+002  1.3858443e+002  1.4463895e+002  1.4684674e+002
  6.6000000e-001  1.4283690e+002  1.4053389e+002  1.5023988e+002  1.4355769e+002  1.4356438e+002  1.3840933e+002  1.4427908e+002  1.4672525e+002
  6.6666667e-001  1.4276071e+002  1.4049753e+002  1.5016325e+002  1.4312797e+002  1.4346156e+002  1.3825996e+002  1.4393883e+002  1.4662074e+002
  6.7333333e-001  1.4268256e+002  1.4041344e+002  1.5010510e+002  1.4271484e+002  1.4335889e+002  1.3811125e+002  1.4361466e+002  1.4649588e+002
  6.8000000e-001  1.4258896e+002  1.4036678e+002  1.5001442e+002  1.4231407e+002  1.4317508e+002  1.3801427e+002  1.4323503e+002  1.4632446e+002
  6.8666667e-001  1.4250954e+002  1.4032234e+002  1.4992540e+002  1.4180727e+002  1.4300310e+002  1.3795489e+002  1.4286586e+002  1.4611517e+002
  6.9333333e-001  1.4239763e+002  1.4026242e+002  1.4989157e+002  1.4122919e+002  1.4286142e+002  1.3793169e+002  1.4249481e+002  1.4593375e+002
  7.0000000e-001  1.4229153e+002  1.4023210e+002  1.4983304e+002  1.4055508e+002  1.4271547e+002  1.3800555e+002  1.4210011e+002  1.4574008e+002
  7.0666667e-001  1.4216289e+002  1.4016048e+002  1.4974825e+002  1.3983252e+002  1.4256445e+002  1.3812564e+002  1.4177548e+002  1.4557617e+002
  7.1333333e-001  1.4205252e+002  1.4013388e+002  1.4968018e+002  1.3907349e+002  1.4244135e+002  1.3825255e+002  1.4143726e+002  1.4543324e+002
  7.2000000e-001  1.4199045e+002  1.4014430e+002  1.4955406e+002  1.3832198e+002  1.4229797e+002  1.3842636e+002  1.4106963e+002  1.4526361e+002
  7.2666667e-001  1.4196655e+002  1.4009096e+002  1.4942914e+002  1.3761024e+002  1.4216623e+002  1.3860007e+002  1.4072965e+002  1.4507945e+002
  7.3333333e-001  1.4191937e+002  1.4004910e+002  1.4925052e+002  1.3699196e+002  1.4201221e+002  1.3869890e+002  1.4038397e+002  1.4493951e+002
  7.4000000e-001  1.4189594e+002  1.4003119e+002  1.4900597e+002  1.3645879e+002  1.4186073e+002  1.3878090e+002  1.4003482e+002  1.4480290e+002
  7.4666667e-001  1.4187741e+002  1.3998372e+002  1.4874744e+002  1.3591063e+002  1.4175659e+002  1.3887866e+002  1.3962590e+002  1.4466502e+002
  7.5333333e-001  1.4186635e+002  1.3995154e+002  1.4849054e+002  1.3537428e+002  1.4161192e+002  1.3885133e+002  1.3922707e+002  1.4449352e+002
  7.6000000e-001  1.4183344e+002  1.3983652e+002  1.4825499e+002  1.3487396e+002  1.4142830e+002  1.3877876e+002  1.3882813e+002  1.4431157e+002
  7.6666667e-001  1.4176169e+002  1.3970467e+002  1.4804443e+002  1.3434114e+002  1.4123433e+002  1.3874347e+002  1.3845328e+002  1.4419138e+002
  7.7333333e-001  1.4164195e+002  1.3957237e+002  1.4786368e+002  1.3379575e+002  1.4104401e+002  1.3872328e+002  1.3809267e+002  1.4405711e+002
  7.8000000e-001  1.4149861e+002  1.3943820e+002  1.4771458e+002  1.3321082e+002  1.4086076e+002  1.3853436e+002  1.3769072e+002  1.4389618e+002
  7.8666667e-001  1.4132695e+002  1.3929503e+002  1.4757074e+002  1.3257842e+002  1.4067809e+002  1.3825957e+002  1.3728896e+002  1.4373070e+002
  7.9333333e-001  1.4116721e+002  1.3915517e+002  1.4740195e+002  1.3199175e+002  1.4051215e+002  1.3806522e+002  1.3685266e+002  1.4357315e+002
  8.0000000e-001  1.4102362e+002  1.3900856e+002  1.4720636e+002  1.3136299e+002  1.4034349e+002  1.3785673e+002  1.3640869e+002  1.4343941e+002
  8.0666667e-001  1.4084734e+002  1.3888644e+002  1.4701190e+002  1.3063751e+002  1.4017821e+002  1.3770447e+002  1.3597401e+002  1.4325905e+002
  8.1333333e-001  1.4065712e+002  1.3873689e+002  1.4678448e+002  1.2989539e+002  1.3999910e+002  1.3756136e+002  1.3550559e+002  1.4305569e+002
  8.2000000e-001  1.4049240e+002  1.3853775e+002  1.4655963e+002  1.2915070e+002  1.3986443e+002  1.3741447e+002  1.3504338e+002  1.4282637e+002
  8.2666667e-001  1.4031773e+002  1.3838530e+002  1.4631249e+002  1.2845511e+002  1.3971433e+002  1.3728931e+002  1.3460101e+002  1.4268112e+002
  8.3333333e-001  1.4014049e+002  1.3830574e+002  1.4609363e+002  1.2778324e+002  1.3952646e+002  1.3728450e+002  1.3407724e+002  1.4249612e+002
  8.4000000e-001  1.3996848e+002  1.3819971e+002  1.4585223e+002  1.2708394e+002  1.3940413e+002  1.3733406e+002  1.3358539e+002  1.4233739e+002
  8.4666667e-001  1.3977637e+002  1.3810399e+002  1.4564404e+002  1.2643138e+002  1.3930608e+002  1.3732163e+002  1.3311215e+002  1.4217409e+002
  8.5333333e-001  1.3959468e+002  1.3799812e+002  1.4541324e+002  1.2582211e+002  1.3913324e+002  1.3730617e+002  1.3266539e+002  1.4200035e+002
  8.6000000e-001  1.3945851e+002  1.3788966e+002  1.4520514e+002  1.2522489e+002  1.3902048e+002  1.3732814e+002  1.3218973e+002  1.4184593e+002
  8.6666667e-001  1.3931663e+002  1.3778154e+002  1.4504561e+002  1.2471284e+002  1.3886327e+002  1.3730214e+002  1.3174355e+002  1.4167181e+002
  8.7333333e-001  1.3917253e+002  1.3767837e+002  1.4487016e+002  1.2417601e+002  1.3875728e+002  1.3725909e+002  1.3134305e+002  1.4149812e+002
  8.8000000e-001  1.3902420e+002  1.3758594e+002  1.4466853e+002  1.2365553e+002  1.3867412e+002  1.3723232e+002  1.3095305e+002  1.4136758e+002
  8.8666667e-001  1.3889101e+002  1.3753033e+002  1.4452860e+002  1.2319579e+002  1.3856972e+002  1.3721931e+002  1.3059755e+002  1.4124545e+002
  8.9333333e-001  1.3877834e+002  1.3740602e+002  1.4437019e+002  1.2274358e+002  1.3849223e+002  1.3721896e+002  1.3029617e+002  1.4110933e+002
  9.0000000e-001  1.3867471e+002  1.3730498e+002  1.4416093e+002  1.2228851e+002  1.3842250e+002  1.3727820e+002  1.2997511e+002  1.4091168e+002
  9.0666667e-001  1.3857433e+002  1.3724422e+002  1.4399176e+002  1.2184856e+002  1.3834381e+002  1.3728828e+002  1.2970476e+002  1.4069338e+002
  9.1333333e-001  1.3849417e+002  1.3715056e+002  1.4377861e+002  1.2134292e+002  1.3827887e+002  1.3731448e+002  1.2949046e+002  1.4049522e+002
  9.2000000e-001  1.3841403e+002  1.3702545e+002  1.4359061e+002  1.2080302e+002  1.3822304e+002  1.3734984e+002  1.2927753e+002  1.4036757e+002
  9.2666667e-001  1.3829051e+002  1.3698877e+002  1.4335175e+002  1.2028799e+002  1.3814325e+002  1.3734659e+002  1.2909491e+002  1.4025423e+002
  9.3333333e-001  1.3822954e+002  1.3686998e+002  1.4312289e+002  1.1969777e+002  1.3807079e+002  1.3732379e+002  1.2892953e+002  1.4012135e+002
  9.4000000e-001  1.3816982e+002  1.3674712e+002  1.4292307e+002  1.1937759e+002  1.3802391e+002  1.3732361e+002  1.2874374e+002  1.3998938e+002
  9.4666667e-001  1.3810895e+002  1.3669421e+002  1.4268486e+002  1.1904343e+002  1.3796915e+002  1.3733795e+002  1.2839693e+002  1.3988371e+002
  9.5333333e-001  1.3805272e+002  1.3661508e+002  1.4247417e+002  1.1898070e+002  1.3786163e+002  1.3730800e+002  1.2790169e+002  1.3974817e+002
  9.6000000e-001  1.3801228e+002  1.3651878e+002  1.4222049e+002  1.1870503e+002  1.3774898e+002  1.3728836e+002  1.2734172e+002  1.3965271e+002
  9.6666667e-001  1.3794020e+002  1.3642302e+002  1.4194702e+002  1.1850993e+002  1.3767052e+002  1.3726361e+002  1.2684967e+002  1.3957417e+002
  9.7333333e-001  1.3785007e+002  1.3635223e+002  1.4165302e+002  1.1843933e+002  1.3763077e+002  1.3727365e+002  1.2654659e+002  1.3948634e+002
  9.8000000e-001  1.3781552e+002  1.3628828e+002  1.4129846e+002  1.1818663e+002  1.3755818e+002  1.3728140e+002  1.2638212e+002  1.3937556e+002
  9.8666667e-001  1.3775043e+002  1.3623532e+002  1.4098177e+002  1.1802967e+002  1.3747705e+002  1.3726494e+002  1.2621403e+002  1.3925070e+002
  9.9333333e-001  1.3767835e+002  1.3617622e+002  1.4067386e+002  1.1786945e+002  1.3738339e+002  1.3726172e+002  1.2587901e+002  1.3918524e+002
  1.0000000e+000  1.3755330e+002  1.3606891e+002  1.4041640e+002  1.1779138e+002  1.3726718e+002  1.3729086e+002  1.2549485e+002  1.3911408e+002
  1.0066667e+000  1.3741650e+002  1.3599832e+002  1.4015242e+002  1.1763878e+002  1.3718039e+002  1.3733717e+002  1.2513069e+002  1.3906285e+002
  1.0133333e+000  1.3732620e+002  1.3590433e+002  1.3980631e+002  1.1741097e+002  1.3712827e+002  1.3739249e+002  1.2478151e+002  1.3904805e+002
  1.0200000e+000  1.3725945e+002  1.3579196e+002  1.3948760e+002  1.1714069e+002  1.3704210e+002  1.3742227e+002  1.2451212e+002  1.3898503e+002
  1.0266667e+000  1.3714037e+002  1.3567139e+002  1.3915378e+002  1.1697553e+002  1.3693443e+002  1.3744362e+002  1.2426930e+002  1.3893045e+002
  1.0333333e+000  1.3700581e+002  1.3554929e+002  1.3881081e+002  1.1684071e+002  1.3683852e+002  1.3747661e+002  1.2405843e+002  1.3886911e+002
  1.0400000e+000  1.3691690e+002  1.3542070e+002  1.3842659e+002  1.1668546e+002  1.3675503e+002  1.3749583e+002  1.2385151e+002  1.3883360e+002
  1.0466667e+000  1.3685634e+002  1.3529219e+002  1.3801994e+002  1.1647265e+002  1.3667683e+002  1.3747643e+002  1.2363284e+002  1.3879015e+002
  1.0533333e+000  1.3676538e+002  1.3515984e+002  1.3761873e+002  1.1624250e+002  1.3657298e+002  1.3751175e+002  1.2345324e+002  1.3873116e+002
  1.0600000e+000  1.3671858e+002  1.3502397e+002  1.3720479e+002  1.1603706e+002  1.3650697e+002  1.3753059e+002  1.2324488e+002  1.3866570e+002
  1.0666667e+000  1.3667357e+002  1.3491063e+002  1.3678104e+002  1.1579260e+002  1.3646193e+002  1.3754186e+002  1.2310797e+002  1.3859914e+002
  1.0733333e+000  1.3662363e+002  1.3476598e+002  1.3633334e+002  1.1500483e+002  1.3643329e+002  1.3751952e+002  1.2301204e+002  1.3849724e+002
  1.0800000e+000  1.3653249e+002  1.3463440e+002  1.3594066e+002  1.1301719e+002  1.3642896e+002  1.3748990e+002  1.2289520e+002  1.3842804e+002
  1.0866667e+000  1.3644054e+002  1.3449994e+002  1.3551775e+002  1.1069210e+002  1.3641475e+002  1.3745387e+002  1.2279342e+002  1.3831798e+002
  1.0933333e+000  1.3636113e+002  1.3439613e+002  1.3510696e+002  1.0974332e+002  1.3635434e+002  1.3745048e+002  1.2272589e+002  1.3820802e+002
  1.1000000e+000  1.3631549e+002  1.3433026e+002  1.3469135e+002  1.1018115e+002  1.3635982e+002  1.3744955e+002  1.2269836e+002  1.3815398e+002
  1.1066667e+000  1.3623840e+002  1.3424814e+002  1.3422975e+002  1.1045805e+002  1.3638471e+002  1.3745288e+002  1.2270297e+002  1.3809052e+002
  1.1133333e+000  1.3615681e+002  1.3412355e+002  1.3376465e+002  1.1009877e+002  1.3639838e+002  1.3742914e+002  1.2271827e+002  1.3796550e+002
  1.1200000e+000  1.3610651e+002  1.3404059e+002  1.3324799e+002  1.0989867e+002  1.3642578e+002  1.3742032e+002  1.2277927e+002  1.3789764e+002
  1.1266667e+000  1.3603185e+002  1.3395848e+002  1.3273703e+002  1.1025298e+002  1.3647131e+002  1.3744423e+002  1.2279994e+002  1.3780681e+002
  1.1333333e+000  1.3598379e+002  1.3388216e+002  1.3220415e+002  1.1082027e+002  1.3651421e+002  1.3749251e+002  1.2282703e+002  1.3772044e+002
  1.1400000e+000  1.3592986e+002  1.3385759e+002  1.3161586e+002  1.1107755e+002  1.3656480e+002  1.3753452e+002  1.2283526e+002  1.3767407e+002
  1.1466667e+000  1.3585800e+002  1.3379170e+002  1.3103725e+002  1.1090302e+002  1.3658105e+002  1.3756541e+002  1.2282951e+002  1.3759343e+002
  1.1533333e+000  1.3579658e+002  1.3377133e+002  1.3040083e+002  1.1046117e+002  1.3660677e+002  1.3755942e+002  1.2282194e+002  1.3756100e+002
  1.1600000e+000  1.3577982e+002  1.3373297e+002  1.2979802e+002  1.1002218e+002  1.3664845e+002  1.3752907e+002  1.2280848e+002  1.3751813e+002
  1.1666667e+000  1.3576627e+002  1.3367625e+002  1.2917149e+002  1.0973324e+002  1.3671227e+002  1.3754701e+002  1.2281556e+002  1.3747421e+002
  1.1733333e+000  1.3575067e+002  1.3362154e+002  1.2845165e+002  1.0964059e+002  1.3676163e+002  1.3762122e+002  1.2276786e+002  1.3746017e+002
  1.1800000e+000  1.3575252e+002  1.3358853e+002  1.2768789e+002  1.0957837e+002  1.3680748e+002  1.3768494e+002  1.2274586e+002  1.3745062e+002
  1.1866667e+000  1.3572252e+002  1.3354222e+002  1.2687196e+002  1.0950774e+002  1.3680631e+002  1.3772977e+002  1.2276702e+002  1.3737172e+002
  1.1933333e+000  1.3574300e+002  1.3349437e+002  1.2591303e+002  1.0936991e+002  1.3685574e+002  1.3774968e+002  1.2271835e+002  1.3730707e+002
  1.2000000e+000  1.3577597e+002  1.3347127e+002  1.2493636e+002  1.0928678e+002  1.3690656e+002  1.3772995e+002  1.2267338e+002  1.3727893e+002
  1.2066667e+000  1.3581663e+002  1.3346352e+002  1.2391585e+002  1.0921298e+002  1.3689134e+002  1.3775075e+002  1.2264717e+002  1.3723183e+002
  1.2133333e+000  1.3583023e+002  1.3339676e+002  1.2291987e+002  1.0908913e+002  1.3686783e+002  1.3778583e+002  1.2262919e+002  1.3720953e+002
  1.2200000e+000  1.3585017e+002  1.3332851e+002  1.2196724e+002  1.0904557e+002  1.3688225e+002  1.3780328e+002  1.2266098e+002  1.3713606e+002
  1.2266667e+000  1.3585879e+002  1.3330815e+002  1.2114336e+002  1.0895542e+002  1.3693867e+002  1.3783153e+002  1.2266217e+002  1.3705565e+002
  1.2333333e+000  1.3586568e+002  1.3328917e+002  1.2034428e+002  1.0878514e+002  1.3693069e+002  1.3782002e+002  1.2261403e+002  1.3701952e+002
  1.2400000e+000  1.3587047e+002  1.3323502e+002  1.1959276e+002  1.0860124e+002  1.3691530e+002  1.3782028e+002  1.2259459e+002  1.3699205e+002
  1.2466667e+000  1.3585655e+002  1.3318955e+002  1.1892454e+002  1.0843996e+002  1.3689828e+002  1.3783534e+002  1.2254655e+002  1.3697981e+002
  1.2533333e+000  1.3582945e+002  1.3316753e+002  1.1816795e+002  1.0828900e+002  1.3690324e+002  1.3786610e+002  1.2252431e+002  1.3694890e+002
  1.2600000e+000  1.3582570e+002  1.3317362e+002  1.1734753e+002  1.0816497e+002  1.3690550e+002  1.3787860e+002  1.2250506e+002  1.3695219e+002
  1.2666667e+000  1.3583794e+002  1.3315103e+002  1.1660693e+002  1.0813481e+002  1.3690984e+002  1.3788803e+002  1.2250241e+002  1.3695664e+002
  1.2733333e+000  1.3582134e+002  1.3311801e+002  1.1590461e+002  1.0805894e+002  1.3688242e+002  1.3790056e+002  1.2251714e+002  1.3697160e+002
  1.2800000e+000  1.3579080e+002  1.3308627e+002  1.1532209e+002  1.0800385e+002  1.3684546e+002  1.3789879e+002  1.2250376e+002  1.3698865e+002
  1.2866667e+000  1.3577216e+002  1.3304407e+002  1.1492778e+002  1.0803793e+002  1.3683400e+002  1.3788475e+002  1.2249432e+002  1.3699658e+002
  1.2933333e+000  1.3574385e+002  1.3299922e+002  1.1465501e+002  1.0801354e+002  1.3682315e+002  1.3788466e+002  1.2249136e+002  1.3699576e+002
  1.3000000e+000  1.3570335e+002  1.3298140e+002  1.1434695e+002  1.0790279e+002  1.3683090e+002  1.3787589e+002  1.2250912e+002  1.3699794e+002
  1.3066667e+000  1.3565880e+002  1.3298018e+002  1.1394106e+002  1.0776872e+002  1.3683728e+002  1.3786864e+002  1.2252932e+002  1.3698120e+002
  1.3133333e+000  1.3565132e+002  1.3292070e+002  1.1349934e+002  1.0762940e+002  1.3682422e+002  1.3788422e+002  1.2253545e+002  1.3700342e+002
  1.3200000e+000  1.3561388e+002  1.3290578e+002  1.1299857e+002  1.0756808e+002  1.3682057e+002  1.3787787e+002  1.2257069e+002  1.3702658e+002
  1.3266667e+000  1.3556500e+002  1.3288843e+002  1.1248138e+002  1.0750440e+002  1.3683492e+002  1.3784134e+002  1.2254765e+002  1.3699994e+002
  1.3333333e+000  1.3552443e+002  1.3288101e+002  1.1205640e+002  1.0739848e+002  1.3685036e+002  1.3780292e+002  1.2258541e+002  1.3702713e+002
  1.3400000e+000  1.3551645e+002  1.3285623e+002  1.1165513e+002  1.0732212e+002  1.3688953e+002  1.3776564e+002  1.2262609e+002  1.3703145e+002
  1.3466667e+000  1.3553395e+002  1.3280344e+002  1.1131341e+002  1.0726254e+002  1.3692865e+002  1.3778073e+002  1.2265103e+002  1.3701192e+002
  1.3533333e+000  1.3551476e+002  1.3282539e+002  1.1111778e+002  1.0722784e+002  1.3695548e+002  1.3780655e+002  1.2271755e+002  1.3704953e+002
  1.3600000e+000  1.3549941e+002  1.3285643e+002  1.1102563e+002  1.0720617e+002  1.3702997e+002  1.3778308e+002  1.2276045e+002  1.3702820e+002
  1.3666667e+000  1.3555170e+002  1.3290033e+002  1.1093139e+002  1.0716303e+002  1.3711116e+002  1.3774388e+002  1.2284896e+002  1.3701733e+002
  1.3733333e+000  1.3557764e+002  1.3286114e+002  1.1087353e+002  1.0716785e+002  1.3715053e+002  1.3768143e+002  1.2294249e+002  1.3706468e+002
  1.3800000e+000  1.3561142e+002  1.3287903e+002  1.1073115e+002  1.0722569e+002  1.3718837e+002  1.3764418e+002  1.2301968e+002  1.3712024e+002
  1.3866667e+000  1.3567442e+002  1.3291408e+002  1.1038497e+002  1.0724135e+002  1.3727576e+002  1.3767282e+002  1.2309199e+002  1.3708044e+002
  1.3933333e+000  1.3571765e+002  1.3292822e+002  1.1016201e+002  1.0727995e+002  1.3734616e+002  1.3767679e+002  1.2319794e+002  1.3704533e+002
  1.4000000e+000  1.3572238e+002  1.3294189e+002  1.0988364e+002  1.0725697e+002  1.3737268e+002  1.3765183e+002  1.2329141e+002  1.3706790e+002
  1.4066667e+000  1.3574806e+002  1.3294778e+002  1.0966918e+002  1.0725279e+002  1.3740280e+002  1.3764531e+002  1.2328736e+002  1.3709297e+002
  1.4133333e+000  1.3578516e+002  1.3298741e+002  1.0938209e+002  1.0721109e+002  1.3747978e+002  1.3759975e+002  1.2335841e+002  1.3706451e+002
  1.4200000e+000  1.3583659e+002  1.3298996e+002  1.0904742e+002  1.0722385e+002  1.3754984e+002  1.3760852e+002  1.2342327e+002  1.3704211e+002
  1.4266667e+000  1.3589210e+002  1.3302269e+002  1.0879196e+002  1.0726403e+002  1.3762254e+002  1.3764247e+002  1.2347127e+002  1.3703725e+002
  1.4333333e+000  1.3592593e+002  1.3304440e+002  1.0876826e+002  1.0724656e+002  1.3764757e+002  1.3762466e+002  1.2350284e+002  1.3703549e+002
  1.4400000e+000  1.3597397e+002  1.3307347e+002  1.0855937e+002  1.0713399e+002  1.3772412e+002  1.3759396e+002  1.2353657e+002  1.3703664e+002
  1.4466667e+000  1.3601802e+002  1.3308014e+002  1.0842056e+002  1.0703801e+002  1.3777792e+002  1.3759543e+002  1.2359230e+002  1.3701941e+002
  1.4533333e+000  1.3606728e+002  1.3309676e+002  1.0836409e+002  1.0700990e+002  1.3783234e+002  1.3760628e+002  1.2363773e+002  1.3697009e+002
  1.4600000e+000  1.3609541e+002  1.3312039e+002  1.0811571e+002  1.0701339e+002  1.3792581e+002  1.3760809e+002  1.2367512e+002  1.3697469e+002
  1.4666667e+000  1.3612135e+002  1.3316664e+002  1.0763616e+002  1.0692790e+002  1.3792925e+002  1.3764003e+002  1.2372657e+002  1.3701961e+002
  1.4733333e+000  1.3612602e+002  1.3320232e+002  1.0834980e+002  1.0690233e+002  1.3800882e+002  1.3766249e+002  1.2380382e+002  1.3700058e+002
  1.4800000e+000  1.3617706e+002  1.3323822e+002  1.0933601e+002  1.0692793e+002  1.3809348e+002  1.3764110e+002  1.2386926e+002  1.3698575e+002
  1.4866667e+000  1.3625359e+002  1.3325076e+002  1.0870734e+002  1.0694171e+002  1.3813528e+002  1.3764262e+002  1.2390799e+002  1.3701737e+002
  1.4933333e+000  1.3626697e+002  1.3327061e+002  1.0751595e+002  1.0692200e+002  1.3817218e+002  1.3764734e+002  1.2393519e+002  1.3708321e+002
  1.5000000e+000  1.3627982e+002  1.3330019e+002  1.0710445e+002  1.0690481e+002  1.3825191e+002  1.3769644e+002  1.2399226e+002  1.3709248e+002
  1.5066667e+000  1.3631566e+002  1.3333568e+002  1.0700000e+002  1.0690125e+002  1.3830515e+002  1.3770992e+002  1.2404456e+002  1.3715294e+002
  1.5133333e+000  1.3637877e+002  1.3337720e+002  1.0666589e+002  1.0691576e+002  1.3832854e+002  1.3772180e+002  1.2413455e+002  1.3716272e+002
  1.5200000e+000  1.3638982e+002  1.3342209e+002  1.0621544e+002  1.0693282e+002  1.3836148e+002  1.3772221e+002  1.2424335e+002  1.3723692e+002
  1.5266667e+000  1.3642493e+002  1.3347990e+002  1.0563400e+002  1.0692512e+002  1.3841116e+002  1.3775984e+002  1.2432183e+002  1.3726103e+002
  1.5333333e+000  1.3645169e+002  1.3347937e+002  1.0503585e+002  1.0689665e+002  1.3842351e+002  1.3780640e+002  1.2441644e+002  1.3727170e+002
  1.5400000e+000  1.3649089e+002  1.3352116e+002  1.0463743e+002  1.0686269e+002  1.3844037e+002  1.3783504e+002  1.2450015e+002  1.3732451e+002
  1.5466667e+000  1.3650391e+002  1.3357039e+002  1.0439362e+002  1.0688958e+002  1.3848607e+002  1.3785851e+002  1.2457700e+002  1.3733864e+002
  1.5533333e+000  1.3656741e+002  1.3363135e+002  1.0429151e+002  1.0693295e+002  1.3848052e+002  1.3787610e+002  1.2469015e+002  1.3735620e+002
  1.5600000e+000  1.3663220e+002  1.3366875e+002  1.0435363e+002  1.0696721e+002  1.3847760e+002  1.3789076e+002  1.2479090e+002  1.3739717e+002
  1.5666667e+000  1.3663437e+002  1.3370015e+002  1.0452505e+002  1.0691149e+002  1.3854210e+002  1.3790042e+002  1.2489381e+002  1.3745422e+002
  1.5733333e+000  1.3666710e+002  1.3370807e+002  1.0475480e+002  1.0694101e+002  1.3860110e+002  1.3791957e+002  1.2503967e+002  1.3750717e+002
  1.5800000e+000  1.3671468e+002  1.3376424e+002  1.0485879e+002  1.0698395e+002  1.3860156e+002  1.3794530e+002  1.2517116e+002  1.3754999e+002
  1.5866667e+000  1.3676216e+002  1.3384915e+002  1.0489172e+002  1.0700378e+002  1.3861046e+002  1.3792928e+002  1.2527051e+002  1.3759479e+002
  1.5933333e+000  1.3675311e+002  1.3390701e+002  1.0481480e+002  1.0701048e+002  1.3863161e+002  1.3792598e+002  1.2538001e+002  1.3761690e+002
  1.6000000e+000  1.3681238e+002  1.3393558e+002  1.0463247e+002  1.0708794e+002  1.3861969e+002  1.3793677e+002  1.2546872e+002  1.3765816e+002
  1.6066667e+000  1.3687795e+002  1.3401689e+002  1.0438071e+002  1.0717701e+002  1.3858472e+002  1.3793970e+002  1.2555975e+002  1.3766717e+002
  1.6133333e+000  1.3695174e+002  1.3409274e+002  1.0421578e+002  1.0720790e+002  1.3861916e+002  1.3796530e+002  1.2568969e+002  1.3772018e+002
  1.6200000e+000  1.3699242e+002  1.3411699e+002  1.0408112e+002  1.0722296e+002  1.3865308e+002  1.3800040e+002  1.2579231e+002  1.3774435e+002
  1.6266667e+000  1.3701361e+002  1.3411401e+002  1.0400593e+002  1.0726054e+002  1.3865495e+002  1.3799605e+002  1.2592925e+002  1.3782054e+002
  1.6333333e+000  1.3700882e+002  1.3420116e+002  1.0403349e+002  1.0729017e+002  1.3869035e+002  1.3801717e+002  1.2606748e+002  1.3788731e+002
  1.6400000e+000  1.3703806e+002  1.3423717e+002  1.0411629e+002  1.0734645e+002  1.3870509e+002  1.3799529e+002  1.2614461e+002  1.3792357e+002
  1.6466667e+000  1.3704825e+002  1.3427560e+002  1.0421774e+002  1.0740482e+002  1.3866026e+002  1.3799306e+002  1.2627166e+002  1.3797784e+002
  1.6533333e+000  1.3710931e+002  1.3429701e+002  1.0429093e+002  1.0740763e+002  1.3866113e+002  1.3802357e+002  1.2641979e+002  1.3806114e+002
  1.6600000e+000  1.3717577e+002  1.3435049e+002  1.0425633e+002  1.0745545e+002  1.3866617e+002  1.3806200e+002  1.2654003e+002  1.3811647e+002
  1.6666667e+000  1.3721362e+002  1.3443843e+002  1.0418218e+002  1.0749991e+002  1.3867923e+002  1.3806161e+002  1.2666746e+002  1.3820987e+002
  1.6733333e+000  1.3723288e+002  1.3447873e+002  1.0419801e+002  1.0752943e+002  1.3867123e+002  1.3800003e+002  1.2677491e+002  1.3832646e+002
  1.6800000e+000  1.3724036e+002  1.3452365e+002  1.0427730e+002  1.0756268e+002  1.3864729e+002  1.3800066e+002  1.2686317e+002  1.3838722e+002
  1.6866667e+000  1.3726184e+002  1.3457420e+002  1.0444362e+002  1.0758664e+002  1.3868201e+002  1.3802202e+002  1.2699185e+002  1.3845038e+002
  1.6933333e+000  1.3725253e+002  1.3462337e+002  1.0461643e+002  1.0763409e+002  1.3870128e+002  1.3805325e+002  1.2715128e+002  1.3851338e+002
  1.7000000e+000  1.3725226e+002  1.3467198e+002  1.0473010e+002  1.0773541e+002  1.3864606e+002  1.3801622e+002  1.2730321e+002  1.3853619e+002
  1.7066667e+000  1.3725938e+002  1.3472147e+002  1.0482642e+002  1.0780016e+002  1.3867423e+002  1.3802357e+002  1.2741855e+002  1.3854423e+002
  1.7133333e+000  1.3729305e+002  1.3478769e+002  1.0492492e+002  1.0787547e+002  1.3874675e+002  1.3803787e+002  1.2755019e+002  1.3859549e+002
  1.7200000e+000  1.3731133e+002  1.3482794e+002  1.0500144e+002  1.0792088e+002  1.3876779e+002  1.3803500e+002  1.2767711e+002  1.3864237e+002
  1.7266667e+000  1.3734306e+002  1.3486772e+002  1.0506663e+002  1.0799406e+002  1.3886320e+002  1.3800552e+002  1.2776320e+002  1.3867738e+002
  1.7333333e+000  1.3736891e+002  1.3489354e+002  1.0507658e+002  1.0805727e+002  1.3881625e+002  1.3795819e+002  1.2785001e+002  1.3874104e+002
  1.7400000e+000  1.3733279e+002  1.3491463e+002  1.0495069e+002  1.0813004e+002  1.3890978e+002  1.3795512e+002  1.2796947e+002  1.3879176e+002
  1.7466667e+000  1.3738371e+002  1.3499649e+002  1.0477819e+002  1.0822083e+002  1.3891097e+002  1.3799588e+002  1.2804860e+002  1.3879001e+002
  1.7533333e+000  1.3739246e+002  1.3501569e+002  1.0455456e+002  1.0831632e+002  1.3891303e+002  1.3798842e+002  1.2818933e+002  1.3879923e+002
  1.7600000e+000  1.3742926e+002  1.3503789e+002  1.0443839e+002  1.0843860e+002  1.3887143e+002  1.3796758e+002  1.2829423e+002  1.3884209e+002
  1.7666667e+000  1.3744450e+002  1.3505496e+002  1.0437625e+002  1.0858096e+002  1.3878931e+002  1.3795999e+002  1.2831848e+002  1.3885980e+002
  1.7733333e+000  1.3742810e+002  1.3510387e+002  1.0429926e+002  1.0868932e+002  1.3916235e+002  1.3794807e+002  1.2842241e+002  1.3886433e+002
  1.7800000e+000  1.3741815e+002  1.3516495e+002  1.0433688e+002  1.0873604e+002  1.3927632e+002  1.3793956e+002  1.2852212e+002  1.3889491e+002
  1.7866667e+000  1.3743131e+002  1.3517952e+002  1.0442250e+002  1.0881951e+002  1.3863657e+002  1.3789963e+002  1.2858804e+002  1.3888820e+002
  1.7933333e+000  1.3747360e+002  1.3521800e+002  1.0449704e+002  1.0894260e+002  1.3883777e+002  1.3785251e+002  1.2868227e+002  1.3887685e+002
  1.8000000e+000  1.3748825e+002  1.3525752e+002  1.0465107e+002  1.0906822e+002  1.3908757e+002  1.3780829e+002  1.2882881e+002  1.3888608e+002
  1.8066667e+000  1.3751378e+002  1.3527380e+002  1.0483578e+002  1.0909104e+002  1.3909999e+002  1.3784969e+002  1.2891884e+002  1.3894443e+002
  1.8133333e+000  1.3751585e+002  1.3527449e+002  1.0494395e+002  1.0913643e+002  1.3909728e+002  1.3788458e+002  1.2900267e+002  1.3899759e+002
  1.8200000e+000  1.3752577e+002  1.3531070e+002  1.0500844e+002  1.0929119e+002  1.3909523e+002  1.3787891e+002  1.2906972e+002  1.3901561e+002
  1.8266667e+000  1.3751929e+002  1.3534752e+002  1.0510722e+002  1.0942210e+002  1.3906142e+002  1.3784801e+002  1.2912654e+002  1.3902051e+002
  1.8333333e+000  1.3752748e+002  1.3535745e+002  1.0520491e+002  1.0957542e+002  1.3904930e+002  1.3782504e+002  1.2920726e+002  1.3900479e+002
  1.8400000e+000  1.3757376e+002  1.3540910e+002  1.0529824e+002  1.0971214e+002  1.3910200e+002  1.3785632e+002  1.2933594e+002  1.3901245e+002
  1.8466667e+000  1.3756126e+002  1.3544539e+002  1.0534890e+002  1.0979260e+002  1.3910475e+002  1.3786783e+002  1.2942035e+002  1.3903349e+002
  1.8533333e+000  1.3758818e+002  1.3549928e+002  1.0542681e+002  1.0987406e+002  1.3912401e+002  1.3785263e+002  1.2951492e+002  1.3907976e+002
  1.8600000e+000  1.3762352e+002  1.3549385e+002  1.0550510e+002  1.0998060e+002  1.3909744e+002  1.3779288e+002  1.2960869e+002  1.3907486e+002
  1.8666667e+000  1.3763588e+002  1.3548985e+002  1.0560753e+002  1.1008569e+002  1.3909160e+002  1.3780301e+002  1.2966885e+002  1.3908089e+002
  1.8733333e+000  1.3761600e+002  1.3548277e+002  1.0573490e+002  1.1020659e+002  1.3913809e+002  1.3782539e+002  1.2974033e+002  1.3905568e+002
  1.8800000e+000  1.3755963e+002  1.3548389e+002  1.0588703e+002  1.1029282e+002  1.3917874e+002  1.3782127e+002  1.2981895e+002  1.3902898e+002
  1.8866667e+000  1.3756247e+002  1.3554869e+002  1.0603168e+002  1.1045264e+002  1.3915408e+002  1.3785141e+002  1.2991191e+002  1.3906267e+002
  1.8933333e+000  1.3762828e+002  1.3558447e+002  1.0619058e+002  1.1055877e+002  1.3910976e+002  1.3788010e+002  1.3004535e+002  1.3908031e+002
  1.9000000e+000  1.3766820e+002  1.3559018e+002  1.0635152e+002  1.1070674e+002  1.3906281e+002  1.3781950e+002  1.3015050e+002  1.3908136e+002
  1.9066667e+000  1.3767094e+002  1.3555489e+002  1.0660637e+002  1.1081130e+002  1.3906601e+002  1.3782069e+002  1.3025238e+002  1.3907141e+002
  1.9133333e+000  1.3767931e+002  1.3555010e+002  1.0685246e+002  1.1088545e+002  1.3904552e+002  1.3787283e+002  1.3029875e+002  1.3903012e+002
  1.9200000e+000  1.3761342e+002  1.3560024e+002  1.0700888e+002  1.1102856e+002  1.3903105e+002  1.3788325e+002  1.3036412e+002  1.3902777e+002
  1.9266667e+000  1.3761223e+002  1.3564056e+002  1.0720673e+002  1.1116791e+002  1.3903468e+002  1.3785877e+002  1.3042397e+002  1.3904283e+002
  1.9333333e+000  1.3766843e+002  1.3568674e+002  1.0738818e+002  1.1132971e+002  1.3901825e+002  1.3786772e+002  1.3050893e+002  1.3904620e+002
  1.9400000e+000  1.3767651e+002  1.3572351e+002  1.0754033e+002  1.1146625e+002  1.3902203e+002  1.3790375e+002  1.3054193e+002  1.3904900e+002
  1.9466667e+000  1.3773247e+002  1.3576270e+002  1.0768676e+002  1.1160391e+002  1.3895355e+002  1.3794984e+002  1.3060860e+002  1.3906461e+002
  1.9533333e+000  1.3776737e+002  1.3578538e+002  1.0775903e+002  1.1173144e+002  1.3890588e+002  1.3798512e+002  1.3069884e+002  1.3903928e+002
  1.9600000e+000  1.3775439e+002  1.3582385e+002  1.0782526e+002  1.1190118e+002  1.3892909e+002  1.3795824e+002  1.3076621e+002  1.3904027e+002
  1.9666667e+000  1.3771725e+002  1.3584453e+002  1.0788942e+002  1.1202173e+002  1.3894751e+002  1.3797864e+002  1.3088304e+002  1.3909428e+002
  1.9733333e+000  1.3768236e+002  1.3581789e+002  1.0798972e+002  1.1216737e+002  1.3894524e+002  1.3799606e+002  1.3096809e+002  1.3905170e+002
  1.9800000e+000  1.3770534e+002  1.3583522e+002  1.0814168e+002  1.1232790e+002  1.3893596e+002  1.3800775e+002  1.3101570e+002  1.3898398e+002
  1.9866667e+000  1.3773831e+002  1.3581642e+002  1.0825742e+002  1.1249806e+002  1.3892921e+002  1.3802472e+002  1.3110335e+002  1.3897809e+002
  1.9933333e+000  1.3777788e+002  1.3583553e+002  1.0837242e+002  1.1266546e+002  1.3893922e+002  1.3806770e+002  1.3114272e+002  1.3896376e+002
  2.0000000e+000  1.3780785e+002  1.3588174e+002  1.0850323e+002  1.1282809e+002  1.3892627e+002  1.3796301e+002  1.3122849e+002  1.3894002e+002
