 -5.0000000e-001 -6.7128586e+001 -6.4004089e+001 -6.3384483e+001 -6.2576809e+001 -6.2274887e+001
 -4.9333333e-001 -6.7174423e+001 -6.4001778e+001 -6.3385002e+001 -6.2599770e+001 -6.2228722e+001
 -4.8666667e-001 -6.7148071e+001 -6.4029297e+001 -6.3317448e+001 -6.2589348e+001 -6.2268772e+001
 -4.8000000e-001 -6.7162750e+001 -6.4121834e+001 -6.3351578e+001 -6.2567150e+001 -6.2293266e+001
 -4.7333333e-001 -6.7123444e+001 -6.4133583e+001 -6.3381828e+001 -6.2588699e+001 -6.2271545e+001
 -4.6666667e-001 -6.7164841e+001 -6.4111763e+001 -6.3399429e+001 -6.2590023e+001 -6.2225536e+001
 -4.6000000e-001 -6.7189117e+001 -6.4152351e+001 -6.3439995e+001 -6.2579319e+001 -6.2254612e+001
 -4.5333333e-001 -6.7115105e+001 -6.4133095e+001 -6.3432964e+001 -6.2546207e+001 -6.2262905e+001
 -4.4666667e-001 -6.7097252e+001 -6.4148201e+001 -6.3389137e+001 -6.2553188e+001 -6.2263397e+001
 -4.4000000e-001 -6.7147011e+001 -6.4125381e+001 -6.3442078e+001 -6.2570641e+001 -6.2276417e+001
 -4.3333333e-001 -6.7123924e+001 -6.4145775e+001 -6.3453491e+001 -6.2528572e+001 -6.2254333e+001
 -4.2666667e-001 -6.7123352e+001 -6.4176079e+001 -6.3382324e+001 -6.2514835e+001 -6.2264683e+001
 -4.2000000e-001 -6.7163261e+001 -6.4222061e+001 -6.3437881e+001 -6.2519958e+001 -6.2299980e+001
 -4.1333333e-001 -6.7106277e+001 -6.4168159e+001 -6.3392830e+001 -6.2531845e+001 -6.2283752e+001
 -4.0666667e-001 -6.7112709e+001 -6.4185249e+001 -6.3442894e+001 -6.2517803e+001 -6.2254681e+001
 -4.0000000e-001 -6.7135117e+001 -6.4204323e+001 -6.3424965e+001 -6.2530861e+001 -6.2279087e+001
 -3.9333333e-001 -6.7123428e+001 -6.4197151e+001 -6.3500999e+001 -6.2499203e+001 -6.2265705e+001
 -3.8666667e-001 -6.7123650e+001 -6.4261696e+001 -6.3467052e+001 -6.2527775e+001 -6.2263363e+001
 -3.8000000e-001 -6.7092697e+001 -6.4239113e+001 -6.3502899e+001 -6.2514557e+001 -6.2227749e+001
 -3.7333333e-001 -6.7070686e+001 -6.4254585e+001 -6.3500153e+001 -6.2523403e+001 -6.2242252e+001
 -3.6666667e-001 -6.7071480e+001 -6.4277756e+001 -6.3483543e+001 -6.2448372e+001 -6.2287575e+001
 -3.6000000e-001 -6.7085716e+001 -6.4268639e+001 -6.3523621e+001 -6.2444908e+001 -6.2293278e+001
 -3.5333333e-001 -6.7087914e+001 -6.4274605e+001 -6.3550362e+001 -6.2454144e+001 -6.2259396e+001
 -3.4666667e-001 -6.7105904e+001 -6.4207077e+001 -6.3561230e+001 -6.2476910e+001 -6.2289631e+001
 -3.4000000e-001 -6.7094528e+001 -6.4226799e+001 -6.3516640e+001 -6.2459534e+001 -6.2273220e+001
 -3.3333333e-001 -6.7071915e+001 -6.4246613e+001 -6.3557880e+001 -6.2410732e+001 -6.2285118e+001
 -3.2666667e-001 -6.7111534e+001 -6.4076981e+001 -6.3511326e+001 -6.2480278e+001 -6.2258228e+001
 -3.2000000e-001 -6.7118469e+001 -6.4032547e+001 -6.3534126e+001 -6.2465870e+001 -6.2254547e+001
 -3.1333333e-001 -6.7120720e+001 -6.4039421e+001 -6.3585476e+001 -6.2472851e+001 -6.2231461e+001
 -3.0666667e-001 -6.7140694e+001 -6.3984257e+001 -6.3526844e+001 -6.2427444e+001 -6.2243652e+001
 -3.0000000e-001 -6.7144241e+001 -6.3979176e+001 -6.3538540e+001 -6.2462059e+001 -6.2241512e+001
 -2.9333333e-001 -6.7123634e+001 -6.4014496e+001 -6.3565281e+001 -6.2446918e+001 -6.2287495e+001
 -2.8666667e-001 -6.7124382e+001 -6.4011635e+001 -6.3619949e+001 -6.2462708e+001 -6.2282139e+001
 -2.8000000e-001 -6.7039055e+001 -6.4028366e+001 -6.3610870e+001 -6.2487011e+001 -6.2235497e+001
 -2.7333333e-001 -6.7067673e+001 -6.4054901e+001 -6.3562874e+001 -6.2500301e+001 -6.2247929e+001
 -2.6666667e-001 -6.7137634e+001 -6.4022148e+001 -6.3509468e+001 -6.2425602e+001 -6.2246887e+001
 -2.6000000e-001 -6.7055695e+001 -6.4003166e+001 -6.3573803e+001 -6.2455826e+001 -6.2267918e+001
 -2.5333333e-001 -6.7132263e+001 -6.4027771e+001 -6.3598446e+001 -6.2490208e+001 -6.2257175e+001
 -2.4666667e-001 -6.7078697e+001 -6.4023636e+001 -6.3600849e+001 -6.2493690e+001 -6.2268597e+001
 -2.4000000e-001 -6.7077370e+001 -6.3998703e+001 -6.3577805e+001 -6.2512447e+001 -6.2274708e+001
 -2.3333333e-001 -6.7147552e+001 -6.4046959e+001 -6.3633842e+001 -6.2467751e+001 -6.2254513e+001
 -2.2666667e-001 -6.7123894e+001 -6.4045723e+001 -6.3546535e+001 -6.2455265e+001 -6.2259415e+001
 -2.2000000e-001 -6.7126907e+001 -6.4075569e+001 -6.3594349e+001 -6.2467594e+001 -6.2260918e+001
 -2.1333333e-001 -6.7094398e+001 -6.4053223e+001 -6.3552399e+001 -6.2441570e+001 -6.2249943e+001
 -2.0666667e-001 -6.7097786e+001 -6.4053902e+001 -6.3565990e+001 -6.2375854e+001 -6.2255787e+001
 -2.0000000e-001 -6.7110382e+001 -6.4025986e+001 -6.3610043e+001 -6.2416592e+001 -6.2226391e+001
 -1.9333333e-001 -6.7106163e+001 -6.4059456e+001 -6.3548393e+001 -6.2476719e+001 -6.2254375e+001
 -1.8666667e-001 -6.7143227e+001 -6.4087875e+001 -6.3552383e+001 -6.2461433e+001 -6.2216274e+001
 -1.8000000e-001 -6.7150963e+001 -6.4075584e+001 -6.3556053e+001 -6.2423088e+001 -6.2290546e+001
 -1.7333333e-001 -6.7132721e+001 -6.4103348e+001 -6.3523930e+001 -6.2416393e+001 -6.2252018e+001
 -1.6666667e-001 -6.7086563e+001 -6.4068047e+001 -6.3536476e+001 -6.2422752e+001 -6.2231556e+001
 -1.6000000e-001 -6.7054092e+001 -6.4033157e+001 -6.3512688e+001 -6.2431896e+001 -6.2203838e+001
 -1.5333333e-001 -6.7076286e+001 -6.4091339e+001 -6.3510746e+001 -6.2396557e+001 -6.2222042e+001
 -1.4666667e-001 -6.7052162e+001 -6.4132156e+001 -6.3557575e+001 -6.2428101e+001 -6.2231789e+001
 -1.4000000e-001 -6.7074211e+001 -6.4069450e+001 -6.3576359e+001 -6.2471977e+001 -6.2239471e+001
 -1.3333333e-001 -6.7086006e+001 -6.4095726e+001 -6.3592144e+001 -6.2464787e+001 -6.2248821e+001
 -1.2666667e-001 -6.7006668e+001 -6.4075592e+001 -6.3623745e+001 -6.2469841e+001 -6.2208920e+001
 -1.2000000e-001 -6.7073875e+001 -6.4051414e+001 -6.3619759e+001 -6.2451508e+001 -6.2192501e+001
 -1.1333333e-001 -6.7089867e+001 -6.4084648e+001 -6.3652084e+001 -6.2408203e+001 -6.2194462e+001
 -1.0666667e-001 -6.7117172e+001 -6.4099350e+001 -6.3638676e+001 -6.2394073e+001 -6.2161240e+001
 -1.0000000e-001 -6.7107666e+001 -6.4360275e+001 -6.3642933e+001 -6.2479725e+001 -6.2202293e+001
 -9.3333333e-002 -6.7119301e+001 -6.4344978e+001 -6.3640385e+001 -6.2457573e+001 -6.2232342e+001
 -8.6666667e-002 -6.7075706e+001 -6.4307068e+001 -6.3653751e+001 -6.2456570e+001 -6.2244377e+001
 -8.0000000e-002 -6.7107178e+001 -6.4324936e+001 -6.3620945e+001 -6.2464951e+001 -6.2246910e+001
 -7.3333333e-002 -6.7074371e+001 -6.4347961e+001 -6.3642475e+001 -6.2418560e+001 -6.2207821e+001
 -6.6666667e-002 -6.7083527e+001 -6.4346848e+001 -6.3640636e+001 -6.2412434e+001 -6.2220428e+001
 -6.0000000e-002 -6.7090630e+001 -6.4341545e+001 -6.3688660e+001 -6.2480453e+001 -6.2246410e+001
 -5.3333333e-002 -6.7084129e+001 -6.4327934e+001 -6.3703773e+001 -6.2452354e+001 -6.2244995e+001
 -4.6666667e-002 -6.7100227e+001 -6.4275803e+001 -6.3674370e+001 -6.2396511e+001 -6.2205799e+001
 -4.0000000e-002 -6.7077469e+001 -6.4311111e+001 -6.3717594e+001 -6.2428505e+001 -6.2216331e+001
 -3.3333333e-002 -6.7089211e+001 -6.4348221e+001 -6.3682438e+001 -6.2408997e+001 -6.2237625e+001
 -2.6666667e-002 -6.7115852e+001 -6.4339401e+001 -6.3702961e+001 -6.2382633e+001 -6.2279831e+001
 -2.0000000e-002 -6.7080811e+001 -6.4320580e+001 -6.3622398e+001 -6.2416618e+001 -6.2250797e+001
 -1.3333333e-002 -6.7097229e+001 -6.4334625e+001 -6.3656490e+001 -6.2449875e+001 -6.2233181e+001
 -6.6666667e-003 -6.7094482e+001 -6.4259361e+001 -6.3683926e+001 -6.2463310e+001 -6.2202801e+001
  0.0000000e+000 -6.7090576e+001 -6.4310837e+001 -6.3664261e+001 -6.2475967e+001 -6.2254593e+001
  6.6666667e-003 -6.7095093e+001 -6.4345970e+001 -6.3701370e+001 -6.2512009e+001 -6.2222198e+001
  1.3333333e-002 -6.7141922e+001 -6.4404419e+001 -6.3726295e+001 -6.2502708e+001 -6.2294304e+001
  2.0000000e-002 -6.7221909e+001 -6.4360741e+001 -6.3728146e+001 -6.2547874e+001 -6.2356686e+001
  2.6666667e-002 -6.7297134e+001 -6.4349251e+001 -6.3808537e+001 -6.2579914e+001 -6.2339191e+001
  3.3333333e-002 -6.7355919e+001 -6.4400642e+001 -6.3877132e+001 -6.2573647e+001 -6.2381191e+001
  4.0000000e-002 -6.7303734e+001 -6.4495720e+001 -6.3942154e+001 -6.2693848e+001 -6.2468269e+001
  4.6666667e-002 -6.7385284e+001 -6.4520935e+001 -6.3915909e+001 -6.2653519e+001 -6.2493145e+001
  5.3333333e-002 -6.7354500e+001 -6.4432419e+001 -6.3948055e+001 -6.2647316e+001 -6.2501034e+001
  6.0000000e-002 -6.7375374e+001 -6.4510933e+001 -6.3986565e+001 -6.2685551e+001 -6.2503185e+001
  6.6666667e-002 -6.7422966e+001 -6.4499565e+001 -6.3924191e+001 -6.2723301e+001 -6.2559105e+001
  7.3333333e-002 -6.7429489e+001 -6.4498779e+001 -6.3911999e+001 -6.2726265e+001 -6.2630432e+001
  8.0000000e-002 -6.7449852e+001 -6.4540932e+001 -6.3941307e+001 -6.2768368e+001 -6.2604557e+001
  8.6666667e-002 -6.7573761e+001 -6.4575409e+001 -6.3989674e+001 -6.2798092e+001 -6.2650436e+001
  9.3333333e-002 -6.7647972e+001 -6.4607216e+001 -6.4049103e+001 -6.2789139e+001 -6.2703693e+001
  1.0000000e-001 -6.7657150e+001 -6.4667778e+001 -6.4094772e+001 -6.2854332e+001 -6.2712448e+001
  1.0666667e-001 -6.7726845e+001 -6.4739014e+001 -6.4135201e+001 -6.2878155e+001 -6.2787464e+001
  1.1333333e-001 -6.7736832e+001 -6.4807076e+001 -6.4175011e+001 -6.2929668e+001 -6.2854057e+001
  1.2000000e-001 -6.7778130e+001 -6.4825607e+001 -6.4192955e+001 -6.2886002e+001 -6.2862766e+001
  1.2666667e-001 -6.7790474e+001 -6.4847427e+001 -6.4229988e+001 -6.2933167e+001 -6.2895424e+001
  1.3333333e-001 -6.7829781e+001 -6.4921478e+001 -6.4244392e+001 -6.2881405e+001 -6.2949577e+001
  1.4000000e-001 -6.7875153e+001 -6.4974228e+001 -6.4249969e+001 -6.2927544e+001 -6.2994659e+001
  1.4666667e-001 -6.7892616e+001 -6.4982201e+001 -6.4265862e+001 -6.2960896e+001 -6.3032784e+001
  1.5333333e-001 -6.7894447e+001 -6.5103241e+001 -6.4249763e+001 -6.2964878e+001 -6.2969620e+001
  1.6000000e-001 -6.7896049e+001 -6.5134361e+001 -6.4308167e+001 -6.2985184e+001 -6.3023945e+001
  1.6666667e-001 -6.7931038e+001 -6.5255257e+001 -6.4360970e+001 -6.2903954e+001 -6.3113655e+001
  1.7333333e-001 -6.8000862e+001 -6.5314125e+001 -6.4359879e+001 -6.2895641e+001 -6.3139278e+001
  1.8000000e-001 -6.8066162e+001 -6.5400955e+001 -6.4440048e+001 -6.2941628e+001 -6.3196854e+001
  1.8666667e-001 -6.8092819e+001 -6.5432533e+001 -6.4443542e+001 -6.2966183e+001 -6.3206654e+001
  1.9333333e-001 -6.8172020e+001 -6.5514336e+001 -6.4421776e+001 -6.2917103e+001 -6.3245949e+001
  2.0000000e-001 -6.8221275e+001 -6.5594193e+001 -6.4377304e+001 -6.2998402e+001 -6.3264416e+001
  2.0666667e-001 -6.8184410e+001 -6.5608604e+001 -6.4345131e+001 -6.2943935e+001 -6.3284428e+001
  2.1333333e-001 -6.8191620e+001 -6.5662880e+001 -6.4323730e+001 -6.2836758e+001 -6.3284088e+001
  2.2000000e-001 -6.8180222e+001 -6.5669609e+001 -6.4255432e+001 -6.2784336e+001 -6.3274574e+001
  2.2666667e-001 -6.8248306e+001 -6.5676193e+001 -6.4138626e+001 -6.2770866e+001 -6.3257450e+001
  2.3333333e-001 -6.8246773e+001 -6.5681671e+001 -6.4111305e+001 -6.2716335e+001 -6.3282162e+001
  2.4000000e-001 -6.8171692e+001 -6.5685616e+001 -6.4089127e+001 -6.2582367e+001 -6.3243221e+001
  2.4666667e-001 -6.8271164e+001 -6.5663681e+001 -6.4007751e+001 -6.2502098e+001 -6.3230648e+001
  2.5333333e-001 -6.8306618e+001 -6.5704140e+001 -6.3906399e+001 -6.2483677e+001 -6.3215176e+001
  2.6000000e-001 -6.8382576e+001 -6.5592506e+001 -6.3803043e+001 -6.2589787e+001 -6.3102692e+001
  2.6666667e-001 -6.8452309e+001 -6.5573685e+001 -6.3730644e+001 -6.2476547e+001 -6.3095909e+001
  2.7333333e-001 -6.8499268e+001 -6.5526466e+001 -6.3649891e+001 -6.2298176e+001 -6.3092041e+001
  2.8000000e-001 -6.8473305e+001 -6.5457092e+001 -6.3703194e+001 -6.2214745e+001 -6.3113899e+001
  2.8666667e-001 -6.8478989e+001 -6.5369026e+001 -6.3655323e+001 -6.2023151e+001 -6.3106209e+001
  2.9333333e-001 -6.8514481e+001 -6.5403694e+001 -6.3600803e+001 -6.1882416e+001 -6.3026226e+001
  3.0000000e-001 -6.8662041e+001 -6.5273705e+001 -6.3395855e+001 -6.1729694e+001 -6.2853123e+001
  3.0666667e-001 -6.8642281e+001 -6.5278885e+001 -6.3221169e+001 -6.1578426e+001 -6.2649071e+001
  3.1333333e-001 -6.8764709e+001 -6.5212555e+001 -6.3045746e+001 -6.1304024e+001 -6.2508076e+001
  3.2000000e-001 -6.8738708e+001 -6.5081436e+001 -6.2954067e+001 -6.1108051e+001 -6.2344730e+001
  3.2666667e-001 -6.8782440e+001 -6.5149055e+001 -6.2740402e+001 -6.0909908e+001 -6.2115639e+001
  3.3333333e-001 -6.8827827e+001 -6.4966187e+001 -6.2563866e+001 -6.0621372e+001 -6.1937145e+001
  3.4000000e-001 -6.8749336e+001 -6.4852913e+001 -6.2447254e+001 -6.0533829e+001 -6.1718307e+001
  3.4666667e-001 -6.8744926e+001 -6.4809395e+001 -6.2341625e+001 -6.0353424e+001 -6.1489819e+001
  3.5333333e-001 -6.8742561e+001 -6.4707314e+001 -6.2146442e+001 -6.0178925e+001 -6.1273663e+001
  3.6000000e-001 -6.8789070e+001 -6.4538887e+001 -6.2119534e+001 -5.9958439e+001 -6.0976513e+001
  3.6666667e-001 -6.8797966e+001 -6.4470474e+001 -6.1984711e+001 -5.9779987e+001 -6.0666779e+001
  3.7333333e-001 -6.8761200e+001 -6.4292618e+001 -6.1853519e+001 -5.9579685e+001 -6.0337830e+001
  3.8000000e-001 -6.8733803e+001 -6.4013718e+001 -6.1773743e+001 -5.9362255e+001 -6.0044720e+001
  3.8666667e-001 -6.8652573e+001 -6.3866749e+001 -6.1673611e+001 -5.9162136e+001 -5.9646957e+001
  3.9333333e-001 -6.8537544e+001 -6.3639893e+001 -6.1621666e+001 -5.8997318e+001 -5.9369663e+001
  4.0000000e-001 -6.8367569e+001 -6.3488876e+001 -6.1523491e+001 -5.8817722e+001 -5.9086868e+001
  4.0666667e-001 -6.8238190e+001 -6.3265903e+001 -6.1371368e+001 -5.8624001e+001 -5.8703224e+001
  4.1333333e-001 -6.8166428e+001 -6.3006691e+001 -6.1287746e+001 -5.8483135e+001 -5.8421288e+001
  4.2000000e-001 -6.8015335e+001 -6.2788979e+001 -6.1228138e+001 -5.8363045e+001 -5.8069633e+001
  4.2666667e-001 -6.7867996e+001 -6.2617264e+001 -6.1197456e+001 -5.8243256e+001 -5.7795982e+001
  4.3333333e-001 -6.7663475e+001 -6.2507481e+001 -6.1073891e+001 -5.8086697e+001 -5.7463428e+001
  4.4000000e-001 -6.7516914e+001 -6.2324589e+001 -6.1006405e+001 -5.8025833e+001 -5.7193485e+001
  4.4666667e-001 -6.7355011e+001 -6.2126240e+001 -6.0899906e+001 -5.7881382e+001 -5.6917084e+001
  4.5333333e-001 -6.7195282e+001 -6.1947529e+001 -6.0757305e+001 -5.7717148e+001 -5.6615925e+001
  4.6000000e-001 -6.7006683e+001 -6.1814060e+001 -6.0680870e+001 -5.7555874e+001 -5.6359833e+001
  4.6666667e-001 -6.6870605e+001 -6.1639221e+001 -6.0492172e+001 -5.7367359e+001 -5.6158230e+001
  4.7333333e-001 -6.6720451e+001 -6.1515457e+001 -6.0253681e+001 -5.7309719e+001 -5.5939228e+001
  4.8000000e-001 -6.6527725e+001 -6.1392895e+001 -6.0100311e+001 -5.7261055e+001 -5.5685513e+001
  4.8666667e-001 -6.6295082e+001 -6.1289665e+001 -6.0021614e+001 -5.7181076e+001 -5.5458717e+001
  4.9333333e-001 -6.6055145e+001 -6.1188168e+001 -5.9851971e+001 -5.7070927e+001 -5.5212601e+001
  5.0000000e-001 -6.5861313e+001 -6.1047707e+001 -5.9767830e+001 -5.6987995e+001 -5.4968067e+001
  5.0666667e-001 -6.5607895e+001 -6.0991703e+001 -5.9589714e+001 -5.6848114e+001 -5.4787895e+001
  5.1333333e-001 -6.5424805e+001 -6.0887367e+001 -5.9402668e+001 -5.6717484e+001 -5.4578667e+001
  5.2000000e-001 -6.5241119e+001 -6.0843430e+001 -5.9128162e+001 -5.6647072e+001 -5.4380981e+001
  5.2666667e-001 -6.5012489e+001 -6.0724895e+001 -5.8974762e+001 -5.6605885e+001 -5.4231613e+001
  5.3333333e-001 -6.4728691e+001 -6.0665501e+001 -5.8803799e+001 -5.6509686e+001 -5.4052082e+001
  5.4000000e-001 -6.4475037e+001 -6.0680023e+001 -5.8621075e+001 -5.6362064e+001 -5.3808968e+001
  5.4666667e-001 -6.4186050e+001 -6.0617970e+001 -5.8446686e+001 -5.6284222e+001 -5.3711239e+001
  5.5333333e-001 -6.3908825e+001 -6.0564537e+001 -5.8341503e+001 -5.6158459e+001 -5.3608494e+001
  5.6000000e-001 -6.3504143e+001 -6.0509178e+001 -5.8172722e+001 -5.6127361e+001 -5.3463612e+001
  5.6666667e-001 -6.3207111e+001 -6.0424381e+001 -5.8017109e+001 -5.6086372e+001 -5.3312965e+001
  5.7333333e-001 -6.2949154e+001 -6.0368855e+001 -5.7935890e+001 -5.5977859e+001 -5.3217342e+001
  5.8000000e-001 -6.2665825e+001 -6.0278183e+001 -5.7870617e+001 -5.5866817e+001 -5.3085522e+001
  5.8666667e-001 -6.2323467e+001 -6.0205406e+001 -5.7784973e+001 -5.5819973e+001 -5.2951885e+001
  5.9333333e-001 -6.2024647e+001 -6.0222187e+001 -5.7733253e+001 -5.5784721e+001 -5.2824337e+001
  6.0000000e-001 -6.1805592e+001 -6.0184772e+001 -5.7673126e+001 -5.5791615e+001 -5.2660484e+001
  6.0666667e-001 -6.1521645e+001 -6.0117542e+001 -5.7640034e+001 -5.5753838e+001 -5.2564114e+001
  6.1333333e-001 -6.1174870e+001 -6.0016861e+001 -5.7613178e+001 -5.5729267e+001 -5.2396381e+001
  6.2000000e-001 -6.0891842e+001 -5.9943687e+001 -5.7550499e+001 -5.5747902e+001 -5.2312054e+001
  6.2666667e-001 -6.0586273e+001 -5.9741486e+001 -5.7533539e+001 -5.5799805e+001 -5.2165295e+001
  6.3333333e-001 -6.0294918e+001 -5.9599049e+001 -5.7554001e+001 -5.5840019e+001 -5.2101295e+001
  6.4000000e-001 -5.9987556e+001 -5.9426910e+001 -5.7593365e+001 -5.5907146e+001 -5.2042515e+001
  6.4666667e-001 -5.9605068e+001 -5.9317783e+001 -5.7658894e+001 -5.5976273e+001 -5.1956989e+001
  6.5333333e-001 -5.9177238e+001 -5.9153606e+001 -5.7688999e+001 -5.6064270e+001 -5.1790207e+001
  6.6000000e-001 -5.8876408e+001 -5.8986103e+001 -5.7777397e+001 -5.6133286e+001 -5.1703007e+001
  6.6666667e-001 -5.8460541e+001 -5.8819740e+001 -5.7891251e+001 -5.6226116e+001 -5.1659477e+001
  6.7333333e-001 -5.8129993e+001 -5.8666416e+001 -5.8033031e+001 -5.6192852e+001 -5.1590588e+001
  6.8000000e-001 -5.7752495e+001 -5.8518833e+001 -5.8165913e+001 -5.6287422e+001 -5.1541744e+001
  6.8666667e-001 -5.7425350e+001 -5.8306076e+001 -5.8345165e+001 -5.6417389e+001 -5.1525776e+001
  6.9333333e-001 -5.7047993e+001 -5.8132027e+001 -5.8434250e+001 -5.6468697e+001 -5.1461285e+001
  7.0000000e-001 -5.6609657e+001 -5.7973057e+001 -5.8523418e+001 -5.6606598e+001 -5.1498215e+001
  7.0666667e-001 -5.6224583e+001 -5.7760029e+001 -5.8660614e+001 -5.6746239e+001 -5.1542046e+001
  7.1333333e-001 -5.5931580e+001 -5.7453762e+001 -5.8781982e+001 -5.6870590e+001 -5.1611736e+001
  7.2000000e-001 -5.5601280e+001 -5.7180302e+001 -5.8959347e+001 -5.6996719e+001 -5.1709614e+001
  7.2666667e-001 -5.5321606e+001 -5.6932880e+001 -5.9157047e+001 -5.7062088e+001 -5.1825336e+001
  7.3333333e-001 -5.4902042e+001 -5.6657070e+001 -5.9203785e+001 -5.7209576e+001 -5.1863792e+001
  7.4000000e-001 -5.4549900e+001 -5.6412113e+001 -5.9393883e+001 -5.7374859e+001 -5.1995266e+001
  7.4666667e-001 -5.4085831e+001 -5.6177639e+001 -5.9510441e+001 -5.7492435e+001 -5.2014370e+001
  7.5333333e-001 -5.3763416e+001 -5.5911808e+001 -5.9645264e+001 -5.7622242e+001 -5.2008026e+001
  7.6000000e-001 -5.3313812e+001 -5.5761951e+001 -5.9748310e+001 -5.7780586e+001 -5.2129292e+001
  7.6666667e-001 -5.2950527e+001 -5.5484756e+001 -5.9886688e+001 -5.7871895e+001 -5.2147411e+001
  7.7333333e-001 -5.2565521e+001 -5.5267273e+001 -5.9977100e+001 -5.7934586e+001 -5.2137337e+001
  7.8000000e-001 -5.2135250e+001 -5.5096275e+001 -6.0082264e+001 -5.8058998e+001 -5.2233494e+001
  7.8666667e-001 -5.1794155e+001 -5.4906582e+001 -6.0211712e+001 -5.8143570e+001 -5.2220058e+001
  7.9333333e-001 -5.1349960e+001 -5.4731575e+001 -6.0280567e+001 -5.8216156e+001 -5.2239563e+001
  8.0000000e-001 -5.0970730e+001 -5.4587212e+001 -6.0343758e+001 -5.8269630e+001 -5.2344963e+001
  8.0666667e-001 -5.0534019e+001 -5.4551262e+001 -6.0399200e+001 -5.8287857e+001 -5.2359329e+001
  8.1333333e-001 -5.0085697e+001 -5.4455524e+001 -6.0355782e+001 -5.8218060e+001 -5.2472538e+001
  8.2000000e-001 -4.9587814e+001 -5.4378815e+001 -6.0406967e+001 -5.8248352e+001 -5.2560394e+001
  8.2666667e-001 -4.9216297e+001 -5.4301376e+001 -6.0396938e+001 -5.8184559e+001 -5.2633358e+001
  8.3333333e-001 -4.8804459e+001 -5.4209000e+001 -6.0341839e+001 -5.8161274e+001 -5.2804512e+001
  8.4000000e-001 -4.8374851e+001 -5.4248077e+001 -6.0322449e+001 -5.8126995e+001 -5.2925671e+001
  8.4666667e-001 -4.7966286e+001 -5.4300518e+001 -6.0311569e+001 -5.8195705e+001 -5.3104961e+001
  8.5333333e-001 -4.7506634e+001 -5.4319691e+001 -6.0288258e+001 -5.8197796e+001 -5.3351940e+001
  8.6000000e-001 -4.6995018e+001 -5.4329597e+001 -6.0270329e+001 -5.8299038e+001 -5.3506424e+001
  8.6666667e-001 -4.6492386e+001 -5.4418110e+001 -6.0233089e+001 -5.8287201e+001 -5.3605835e+001
  8.7333333e-001 -4.6088539e+001 -5.4468811e+001 -6.0209908e+001 -5.8368946e+001 -5.3728603e+001
  8.8000000e-001 -4.5676456e+001 -5.4569214e+001 -6.0173714e+001 -5.8375217e+001 -5.3860668e+001
  8.8666667e-001 -4.5250290e+001 -5.4802822e+001 -6.0133881e+001 -5.8320896e+001 -5.3930969e+001
  8.9333333e-001 -4.4868340e+001 -5.5002567e+001 -6.0210606e+001 -5.8276089e+001 -5.4017773e+001
  9.0000000e-001 -4.4480465e+001 -5.5297577e+001 -6.0071144e+001 -5.8210133e+001 -5.4093983e+001
  9.0666667e-001 -4.4018505e+001 -5.5544624e+001 -6.0041313e+001 -5.8220081e+001 -5.4235680e+001
  9.1333333e-001 -4.3632923e+001 -5.5907993e+001 -6.0056461e+001 -5.8214905e+001 -5.4345509e+001
  9.2000000e-001 -4.3331379e+001 -5.6056892e+001 -6.0068817e+001 -5.8215740e+001 -5.4445343e+001
  9.2666667e-001 -4.2999359e+001 -5.6327866e+001 -6.0027985e+001 -5.8135735e+001 -5.4598503e+001
  9.3333333e-001 -4.2648178e+001 -5.6708748e+001 -6.0005295e+001 -5.8065460e+001 -5.4797626e+001
  9.4000000e-001 -4.2264679e+001 -5.7038349e+001 -5.9963215e+001 -5.8101929e+001 -5.4951553e+001
  9.4666667e-001 -4.1939625e+001 -5.7336796e+001 -5.9944473e+001 -5.8077358e+001 -5.5130821e+001
  9.5333333e-001 -4.1616096e+001 -5.7724171e+001 -5.9892502e+001 -5.8056679e+001 -5.5353565e+001
  9.6000000e-001 -4.1347874e+001 -5.8082066e+001 -5.9877033e+001 -5.7898907e+001 -5.5547310e+001
  9.6666667e-001 -4.1066303e+001 -5.8526062e+001 -5.9805492e+001 -5.7924873e+001 -5.5655014e+001
  9.7333333e-001 -4.0756966e+001 -5.9084702e+001 -5.9742203e+001 -5.7913914e+001 -5.5835266e+001
  9.8000000e-001 -4.0562523e+001 -5.9377453e+001 -5.9706947e+001 -5.7909813e+001 -5.6003708e+001
  9.8666667e-001 -4.0358723e+001 -5.9890331e+001 -5.9706627e+001 -5.7879421e+001 -5.6109379e+001
  9.9333333e-001 -4.0067101e+001 -6.0498245e+001 -5.9636406e+001 -5.7955746e+001 -5.6197735e+001
  1.0000000e+000 -3.9784557e+001 -6.0871925e+001 -5.9642441e+001 -5.8048923e+001 -5.6300159e+001
  1.0066667e+000 -3.9525829e+001 -6.1130844e+001 -5.9612083e+001 -5.8165119e+001 -5.6351135e+001
  1.0133333e+000 -3.9348049e+001 -6.1129566e+001 -5.9651409e+001 -5.8241558e+001 -5.6346615e+001
  1.0200000e+000 -3.9088192e+001 -6.1179493e+001 -5.9634457e+001 -5.8328804e+001 -5.6354370e+001
  1.0266667e+000 -3.8935902e+001 -6.1238213e+001 -5.9649906e+001 -5.8493237e+001 -5.6388916e+001
  1.0333333e+000 -3.8765484e+001 -6.1240685e+001 -5.9690956e+001 -5.8673477e+001 -5.6363609e+001
  1.0400000e+000 -3.8608109e+001 -6.1329582e+001 -5.9769066e+001 -5.8804665e+001 -5.6320045e+001
  1.0466667e+000 -3.8571659e+001 -6.1378784e+001 -5.9847115e+001 -5.8950333e+001 -5.6341091e+001
  1.0533333e+000 -3.8556625e+001 -6.1472427e+001 -5.9888145e+001 -5.9200775e+001 -5.6464844e+001
  1.0600000e+000 -3.8654655e+001 -6.1544849e+001 -6.0054501e+001 -5.9446053e+001 -5.6551754e+001
  1.0666667e+000 -3.8820419e+001 -6.1599068e+001 -6.0144489e+001 -5.9672318e+001 -5.6615402e+001
  1.0733333e+000 -3.8857052e+001 -6.1661987e+001 -6.0275833e+001 -6.0062477e+001 -5.6733273e+001
  1.0800000e+000 -3.9168060e+001 -6.1834133e+001 -6.0436131e+001 -6.0439285e+001 -5.6820236e+001
  1.0866667e+000 -3.9702553e+001 -6.1807747e+001 -6.0596626e+001 -6.0791752e+001 -5.6914318e+001
  1.0933333e+000 -4.0189854e+001 -6.1893494e+001 -6.0807564e+001 -6.1168114e+001 -5.6997761e+001
  1.1000000e+000 -4.0740940e+001 -6.1854691e+001 -6.1021751e+001 -6.1508846e+001 -5.7090736e+001
  1.1066667e+000 -4.1289680e+001 -6.1935509e+001 -6.1275642e+001 -6.1907505e+001 -5.7264469e+001
  1.1133333e+000 -4.1816174e+001 -6.1929688e+001 -6.1600166e+001 -6.2355450e+001 -5.7426331e+001
  1.1200000e+000 -4.2378654e+001 -6.1965733e+001 -6.1951061e+001 -6.2848335e+001 -5.7607552e+001
  1.1266667e+000 -4.3062374e+001 -6.2010319e+001 -6.2253719e+001 -6.3372887e+001 -5.7768730e+001
  1.1333333e+000 -4.3896580e+001 -6.2038990e+001 -6.2589649e+001 -6.3909554e+001 -5.8066944e+001
  1.1400000e+000 -4.4855080e+001 -6.2034348e+001 -6.2998730e+001 -6.4457817e+001 -5.8378979e+001
  1.1466667e+000 -4.5827591e+001 -6.2074604e+001 -6.3491779e+001 -6.5028427e+001 -5.8671993e+001
  1.1533333e+000 -4.6886177e+001 -6.2032959e+001 -6.3969791e+001 -6.5596245e+001 -5.9022438e+001
  1.1600000e+000 -4.8079399e+001 -6.2047619e+001 -6.4445580e+001 -6.6089973e+001 -5.9420292e+001
  1.1666667e+000 -4.9375996e+001 -6.2086708e+001 -6.5000435e+001 -6.6553329e+001 -5.9867558e+001
  1.1733333e+000 -5.0965080e+001 -6.2084595e+001 -6.5513344e+001 -6.6946960e+001 -6.0233322e+001
  1.1800000e+000 -5.2663765e+001 -6.2179367e+001 -6.5972099e+001 -6.7411720e+001 -6.0635983e+001
  1.1866667e+000 -5.4506001e+001 -6.2233028e+001 -6.6502113e+001 -6.7761765e+001 -6.1147964e+001
  1.1933333e+000 -5.6427002e+001 -6.2275787e+001 -6.6967987e+001 -6.8075310e+001 -6.1810371e+001
  1.2000000e+000 -5.8296661e+001 -6.2326618e+001 -6.7341095e+001 -6.8442764e+001 -6.2445717e+001
  1.2066667e+000 -5.9295761e+001 -6.2409031e+001 -6.7654541e+001 -6.8697861e+001 -6.3071621e+001
  1.2133333e+000 -5.9958767e+001 -6.2531570e+001 -6.8047707e+001 -6.9014847e+001 -6.3697121e+001
  1.2200000e+000 -6.0763542e+001 -6.2654499e+001 -6.8407631e+001 -6.9290100e+001 -6.4375771e+001
  1.2266667e+000 -6.1706032e+001 -6.2782265e+001 -6.8719559e+001 -6.9534767e+001 -6.4950005e+001
  1.2333333e+000 -6.2701569e+001 -6.2877460e+001 -6.9006508e+001 -6.9771896e+001 -6.5446228e+001
  1.2400000e+000 -6.4012802e+001 -6.2975723e+001 -6.9289848e+001 -6.9989601e+001 -6.5846031e+001
  1.2466667e+000 -6.5621902e+001 -6.3135208e+001 -6.9485535e+001 -7.0218071e+001 -6.6258324e+001
  1.2533333e+000 -6.7023056e+001 -6.3258358e+001 -6.9719147e+001 -7.0468437e+001 -6.6570992e+001
  1.2600000e+000 -6.8074059e+001 -6.3371044e+001 -6.9916603e+001 -7.0687599e+001 -6.6876640e+001
  1.2666667e+000 -6.8698280e+001 -6.3500202e+001 -7.0055832e+001 -7.0945244e+001 -6.7104813e+001
  1.2733333e+000 -6.8954803e+001 -6.3573578e+001 -7.0150383e+001 -7.1109787e+001 -6.7237602e+001
  1.2800000e+000 -6.9012817e+001 -6.3676208e+001 -7.0209259e+001 -7.1328682e+001 -6.7415848e+001
  1.2866667e+000 -6.8952805e+001 -6.3778469e+001 -7.0273888e+001 -7.1483978e+001 -6.7529961e+001
  1.2933333e+000 -6.9076607e+001 -6.3825447e+001 -7.0244774e+001 -7.1686172e+001 -6.7583435e+001
  1.3000000e+000 -6.9261330e+001 -6.3837242e+001 -7.0207054e+001 -7.1843018e+001 -6.7648087e+001
  1.3066667e+000 -6.9508949e+001 -6.3861839e+001 -7.0047493e+001 -7.1896927e+001 -6.7613579e+001
  1.3133333e+000 -6.9836685e+001 -6.3928925e+001 -6.9841560e+001 -7.1986977e+001 -6.7609085e+001
  1.3200000e+000 -7.0147171e+001 -6.3957031e+001 -6.9651634e+001 -7.2111671e+001 -6.7555458e+001
  1.3266667e+000 -7.0528366e+001 -6.3992847e+001 -6.9489372e+001 -7.2176781e+001 -6.7457146e+001
  1.3333333e+000 -7.0806267e+001 -6.4036285e+001 -6.9420250e+001 -7.2221680e+001 -6.7438499e+001
  1.3400000e+000 -7.1101044e+001 -6.4033287e+001 -6.9328514e+001 -7.2333435e+001 -6.7288124e+001
  1.3466667e+000 -7.1359985e+001 -6.4049919e+001 -6.9184242e+001 -7.2465614e+001 -6.7192421e+001
  1.3533333e+000 -7.1574120e+001 -6.4071640e+001 -6.9052292e+001 -7.2471107e+001 -6.7099945e+001
  1.3600000e+000 -7.1597084e+001 -6.4046227e+001 -6.8902725e+001 -7.2533730e+001 -6.6965820e+001
  1.3666667e+000 -7.1711876e+001 -6.4081955e+001 -6.8819481e+001 -7.2654892e+001 -6.6886375e+001
  1.3733333e+000 -7.1753014e+001 -6.4105850e+001 -6.8723885e+001 -7.2713112e+001 -6.6837196e+001
  1.3800000e+000 -7.1703362e+001 -6.4040634e+001 -6.8583275e+001 -7.2798820e+001 -6.6748848e+001
  1.3866667e+000 -7.1553688e+001 -6.4078865e+001 -6.8506973e+001 -7.2875557e+001 -6.6694595e+001
  1.3933333e+000 -7.1345863e+001 -6.4048477e+001 -6.8381096e+001 -7.2927879e+001 -6.6584290e+001
  1.4000000e+000 -7.1116257e+001 -6.4018433e+001 -6.8235855e+001 -7.3002022e+001 -6.6470245e+001
  1.4066667e+000 -7.1022934e+001 -6.3998123e+001 -6.8133377e+001 -7.3086151e+001 -6.6341309e+001
  1.4133333e+000 -7.0916824e+001 -6.4011543e+001 -6.8010735e+001 -7.3127464e+001 -6.6220627e+001
  1.4200000e+000 -7.0897987e+001 -6.3988770e+001 -6.7874626e+001 -7.3145409e+001 -6.6055199e+001
  1.4266667e+000 -7.0915802e+001 -6.3972836e+001 -6.7786430e+001 -7.3195595e+001 -6.5904137e+001
  1.4333333e+000 -7.1016716e+001 -6.3944607e+001 -6.7700813e+001 -7.3241402e+001 -6.5840462e+001
  1.4400000e+000 -7.0989067e+001 -6.3956261e+001 -6.7655403e+001 -7.3264351e+001 -6.5725479e+001
  1.4466667e+000 -7.0982628e+001 -6.3982838e+001 -6.7544243e+001 -7.3309982e+001 -6.5602890e+001
  1.4533333e+000 -7.1020493e+001 -6.3956814e+001 -6.7481094e+001 -7.3370766e+001 -6.5507225e+001
  1.4600000e+000 -7.0962593e+001 -6.3986721e+001 -6.7404869e+001 -7.3405586e+001 -6.5410889e+001
  1.4666667e+000 -7.0959366e+001 -6.3999107e+001 -6.7388283e+001 -7.3428696e+001 -6.5358322e+001
  1.4733333e+000 -7.0983032e+001 -6.3966209e+001 -6.7350464e+001 -7.3485268e+001 -6.5287727e+001
  1.4800000e+000 -7.1011261e+001 -6.3977985e+001 -6.7288757e+001 -7.3468575e+001 -6.5205383e+001
  1.4866667e+000 -7.1052696e+001 -6.4025787e+001 -6.7257378e+001 -7.3529739e+001 -6.5153549e+001
  1.4933333e+000 -7.1095337e+001 -6.4099594e+001 -6.7231194e+001 -7.3596031e+001 -6.5122147e+001
  1.5000000e+000 -7.1163902e+001 -6.4123131e+001 -6.7196556e+001 -7.3643623e+001 -6.5051903e+001
  1.5066667e+000 -7.1196411e+001 -6.4188171e+001 -6.7226219e+001 -7.3696014e+001 -6.5030815e+001
  1.5133333e+000 -7.1236488e+001 -6.4272903e+001 -6.7138084e+001 -7.3736305e+001 -6.4998085e+001
  1.5200000e+000 -7.1318092e+001 -6.4272980e+001 -6.7097855e+001 -7.3782990e+001 -6.4973694e+001
  1.5266667e+000 -7.1341171e+001 -6.4306862e+001 -6.7024895e+001 -7.3796799e+001 -6.4958351e+001
  1.5333333e+000 -7.1408478e+001 -6.4355270e+001 -6.7042816e+001 -7.3827362e+001 -6.4929398e+001
  1.5400000e+000 -7.1438393e+001 -6.4425514e+001 -6.7030479e+001 -7.3831017e+001 -6.4940735e+001
  1.5466667e+000 -7.1415062e+001 -6.4388649e+001 -6.7017990e+001 -7.3778061e+001 -6.4903854e+001
  1.5533333e+000 -7.1481468e+001 -6.4435242e+001 -6.6970787e+001 -7.3763962e+001 -6.4834503e+001
  1.5600000e+000 -7.1492363e+001 -6.4447495e+001 -6.6938164e+001 -7.3702103e+001 -6.4832458e+001
  1.5666667e+000 -7.1477654e+001 -6.4495468e+001 -6.6915527e+001 -7.3591827e+001 -6.4797165e+001
  1.5733333e+000 -7.1569221e+001 -6.4517746e+001 -6.6921310e+001 -7.3494812e+001 -6.4774696e+001
  1.5800000e+000 -7.1627777e+001 -6.4513496e+001 -6.6919083e+001 -7.3368523e+001 -6.4749878e+001
  1.5866667e+000 -7.1572632e+001 -6.4503967e+001 -6.6870422e+001 -7.3248039e+001 -6.4718628e+001
  1.5933333e+000 -7.1585625e+001 -6.4509621e+001 -6.6855164e+001 -7.3173500e+001 -6.4713196e+001
  1.6000000e+000 -7.1580170e+001 -6.4594757e+001 -6.6864685e+001 -7.3044823e+001 -6.4697479e+001
  1.6066667e+000 -7.1584816e+001 -6.4607437e+001 -6.6831146e+001 -7.2994141e+001 -6.4711067e+001
  1.6133333e+000 -7.1527100e+001 -6.4723778e+001 -6.6824989e+001 -7.2929993e+001 -6.4692688e+001
  1.6200000e+000 -7.1500946e+001 -6.4670723e+001 -6.6843079e+001 -7.2795311e+001 -6.4655884e+001
  1.6266667e+000 -7.1462379e+001 -6.4716812e+001 -6.6869080e+001 -7.2701035e+001 -6.4662643e+001
  1.6333333e+000 -7.1476486e+001 -6.4644188e+001 -6.6836494e+001 -7.2607033e+001 -6.4671143e+001
  1.6400000e+000 -7.1422951e+001 -6.4704483e+001 -6.6821831e+001 -7.2447998e+001 -6.4697105e+001
  1.6466667e+000 -7.1403152e+001 -6.4787178e+001 -6.6830696e+001 -7.2266899e+001 -6.4683128e+001
  1.6533333e+000 -7.1353508e+001 -6.4762596e+001 -6.6833672e+001 -7.2141205e+001 -6.4718987e+001
  1.6600000e+000 -7.1326164e+001 -6.4750084e+001 -6.6807533e+001 -7.2053963e+001 -6.4761604e+001
  1.6666667e+000 -7.1279861e+001 -6.4738075e+001 -6.6759468e+001 -7.1934685e+001 -6.4714981e+001
  1.6733333e+000 -7.1249466e+001 -6.4713005e+001 -6.6790443e+001 -7.1790474e+001 -6.4675667e+001
  1.6800000e+000 -7.1222603e+001 -6.4725739e+001 -6.6785225e+001 -7.1719574e+001 -6.4714729e+001
  1.6866667e+000 -7.1113762e+001 -6.4747604e+001 -6.6762085e+001 -7.1484962e+001 -6.4734337e+001
  1.6933333e+000 -7.1088722e+001 -6.4765007e+001 -6.6719933e+001 -7.1385269e+001 -6.4767342e+001
  1.7000000e+000 -7.1040810e+001 -6.4763161e+001 -6.6720215e+001 -7.1248688e+001 -6.4780983e+001
  1.7066667e+000 -7.0958054e+001 -6.4767502e+001 -6.6739151e+001 -7.1078743e+001 -6.4773468e+001
  1.7133333e+000 -7.0835999e+001 -6.4733910e+001 -6.6670952e+001 -7.0900482e+001 -6.4839890e+001
  1.7200000e+000 -7.0804420e+001 -6.4804047e+001 -6.6770752e+001 -7.0836243e+001 -6.4858269e+001
  1.7266667e+000 -7.0762688e+001 -6.4778358e+001 -6.6687912e+001 -7.0695152e+001 -6.4910851e+001
  1.7333333e+000 -7.0603104e+001 -6.4754509e+001 -6.6684082e+001 -7.0510933e+001 -6.4902092e+001
  1.7400000e+000 -7.0589455e+001 -6.4769135e+001 -6.6601387e+001 -7.0432938e+001 -6.4861053e+001
  1.7466667e+000 -7.0521111e+001 -6.4769531e+001 -6.6612335e+001 -7.0319473e+001 -6.4866966e+001
  1.7533333e+000 -7.0464172e+001 -6.4774704e+001 -6.6620964e+001 -7.0058388e+001 -6.4904564e+001
  1.7600000e+000 -7.0388588e+001 -6.4800423e+001 -6.6613625e+001 -6.9760338e+001 -6.4965759e+001
  1.7666667e+000 -7.0311691e+001 -6.4804718e+001 -6.6697594e+001 -6.9525452e+001 -6.5018539e+001
  1.7733333e+000 -7.0271408e+001 -6.4850410e+001 -6.6660500e+001 -6.9410263e+001 -6.4988548e+001
  1.7800000e+000 -7.0153778e+001 -6.4781174e+001 -6.6661942e+001 -6.9292900e+001 -6.5015625e+001
  1.7866667e+000 -7.0053177e+001 -6.4789169e+001 -6.6671288e+001 -6.9179199e+001 -6.5083344e+001
  1.7933333e+000 -6.9989014e+001 -6.4754539e+001 -6.6669334e+001 -6.9084206e+001 -6.5115425e+001
  1.8000000e+000 -6.9883339e+001 -6.4788048e+001 -6.6625404e+001 -6.8964340e+001 -6.5135490e+001
  1.8066667e+000 -6.9810486e+001 -6.4812119e+001 -6.6590042e+001 -6.8904129e+001 -6.5162399e+001
  1.8133333e+000 -6.9770660e+001 -6.4796677e+001 -6.6566307e+001 -6.8854233e+001 -6.5217644e+001
  1.8200000e+000 -6.9748985e+001 -6.4797569e+001 -6.6596390e+001 -6.8706879e+001 -6.5252258e+001
  1.8266667e+000 -6.9672180e+001 -6.4786819e+001 -6.6611198e+001 -6.8582855e+001 -6.5264946e+001
  1.8333333e+000 -6.9569046e+001 -6.4781120e+001 -6.6595169e+001 -6.8376190e+001 -6.5215111e+001
  1.8400000e+000 -6.9488098e+001 -6.4745193e+001 -6.6585289e+001 -6.8272232e+001 -6.5280563e+001
  1.8466667e+000 -6.9412125e+001 -6.4776505e+001 -6.6600319e+001 -6.8191322e+001 -6.5342003e+001
  1.8533333e+000 -6.9380089e+001 -6.4813606e+001 -6.6605827e+001 -6.8058960e+001 -6.5327728e+001
  1.8600000e+000 -6.9346161e+001 -6.4791656e+001 -6.6636467e+001 -6.7913788e+001 -6.5341034e+001
  1.8666667e+000 -6.9267120e+001 -6.4792603e+001 -6.6593147e+001 -6.7813347e+001 -6.5342117e+001
  1.8733333e+000 -6.9140228e+001 -6.4832581e+001 -6.6564735e+001 -6.7737801e+001 -6.5333801e+001
  1.8800000e+000 -6.9172729e+001 -6.4890121e+001 -6.6542419e+001 -6.7661613e+001 -6.5359558e+001
  1.8866667e+000 -6.9051674e+001 -6.4794388e+001 -6.6515770e+001 -6.7611732e+001 -6.5369324e+001
  1.8933333e+000 -6.8959091e+001 -6.4795509e+001 -6.6539665e+001 -6.7522148e+001 -6.5447769e+001
  1.9000000e+000 -6.8897240e+001 -6.4801910e+001 -6.6489197e+001 -6.7383224e+001 -6.5409622e+001
  1.9066667e+000 -6.8855278e+001 -6.4847412e+001 -6.6451065e+001 -6.7365440e+001 -6.5440918e+001
  1.9133333e+000 -6.8809242e+001 -6.4836098e+001 -6.6469971e+001 -6.7312935e+001 -6.5428032e+001
  1.9200000e+000 -6.8752975e+001 -6.4840370e+001 -6.6411194e+001 -6.7205246e+001 -6.5422775e+001
  1.9266667e+000 -6.8702980e+001 -6.4801018e+001 -6.6391518e+001 -6.7188301e+001 -6.5441536e+001
  1.9333333e+000 -6.8633194e+001 -6.4778656e+001 -6.6370888e+001 -6.7092911e+001 -6.5424644e+001
  1.9400000e+000 -6.8567894e+001 -6.4822159e+001 -6.6332748e+001 -6.6982628e+001 -6.5433380e+001
  1.9466667e+000 -6.8584564e+001 -6.4832993e+001 -6.6297668e+001 -6.6977638e+001 -6.5483498e+001
  1.9533333e+000 -6.8516808e+001 -6.4854790e+001 -6.6255035e+001 -6.6960266e+001 -6.5434570e+001
  1.9600000e+000 -6.8415657e+001 -6.4851547e+001 -6.6191772e+001 -6.6864716e+001 -6.5479095e+001
  1.9666667e+000 -6.8326431e+001 -6.4910629e+001 -6.6220062e+001 -6.6770744e+001 -6.5487434e+001
  1.9733333e+000 -6.8337112e+001 -6.4947388e+001 -6.6199814e+001 -6.6734886e+001 -6.5480736e+001
  1.9800000e+000 -6.8277184e+001 -6.4958023e+001 -6.6156670e+001 -6.6663559e+001 -6.5463005e+001
  1.9866667e+000 -6.8208382e+001 -6.4958290e+001 -6.6157585e+001 -6.6600655e+001 -6.5481567e+001
  1.9933333e+000 -6.8133430e+001 -6.4976440e+001 -6.6165634e+001 -6.6517738e+001 -6.5475342e+001
  2.0000000e+000 -6.8082558e+001 -6.4991516e+001 -6.6168159e+001 -6.6460342e+001 -6.5447243e+001
